SampleNumber	Tile	NumberOfReadsRaw	NumberOfReadsPF
0	1101	128842	110800
1	1101	4551	4439
2	1101	5153	5016
3	1101	5346	5238
4	1101	4185	4056
5	1101	4463	4365
6	1101	3167	3073
7	1101	3972	3864
8	1101	1888	1683
9	1101	4844	4713
10	1101	5123	5008
11	1101	4475	4385
12	1101	4178	4081
13	1101	4086	3981
14	1101	4258	4144
15	1101	4315	4218
16	1101	3878	3784
17	1101	4733	4623
18	1101	6672	6518
19	1101	4089	3990
20	1101	6336	6213
21	1101	5737	5605
22	1101	5797	5651
23	1101	4303	4197
24	1101	3456	3375
25	1101	4908	4796
26	1101	4557	4467
27	1101	4480	4380
28	1101	5311	5169
29	1101	4777	4641
30	1101	6335	6181
31	1101	5482	5338
32	1101	4933	4784
33	1101	5308	5180
34	1101	6352	6206
35	1101	4937	4805
36	1101	5174	5033
37	1101	5969	5853
38	1101	4981	4839
39	1101	4540	4441
40	1101	3901	3757
41	1101	3425	3315
42	1101	4045	3937
43	1101	4251	4155
44	1101	4452	4345
45	1101	4662	4562
46	1101	4461	4327
47	1101	4223	4111
48	1101	3686	3571
49	1101	4265	4144
50	1101	5015	4820
51	1101	4457	4358
52	1101	5417	5284
53	1101	4371	4277
54	1101	4983	4862
55	1101	4632	4510
56	1101	3794	3674
57	1101	3316	3216
58	1101	3513	3403
59	1101	3264	3204
60	1101	2953	2850
61	1101	3727	3645
62	1101	3779	3689
63	1101	3437	3361
64	1101	3786	3676
65	1101	3737	3578
66	1101	4919	4800
67	1101	2287	2093
68	1101	4811	4679
69	1101	5050	4932
70	1101	3787	3662
71	1101	4336	4241
72	1101	3957	3828
73	1101	3376	3258
74	1101	4056	3971
75	1101	4320	4224
76	1101	3871	3780
77	1101	3973	3873
78	1101	4018	3928
79	1101	3734	3648
80	1101	2815	2730
81	1101	3684	3559
82	1101	3614	3514
83	1101	3935	3834
84	1101	2856	2726
85	1101	4536	4432
86	1101	4935	4810
87	1101	4822	4688
88	1101	3934	3801
89	1101	3893	3784
90	1101	3894	3788
91	1101	4113	4024
92	1101	3179	3085
93	1101	3348	3264
94	1101	2869	2783
95	1101	4002	3903
96	1101	905	856
0	1102	126160	108843
1	1102	4551	4447
2	1102	4818	4708
3	1102	5197	5082
4	1102	4150	4056
5	1102	4474	4366
6	1102	3038	2933
7	1102	3985	3881
8	1102	1960	1759
9	1102	4784	4684
10	1102	4968	4867
11	1102	4535	4445
12	1102	4055	3961
13	1102	4123	4051
14	1102	4413	4309
15	1102	4349	4256
16	1102	3874	3787
17	1102	4713	4619
18	1102	6605	6462
19	1102	4026	3946
20	1102	6604	6470
21	1102	5796	5683
22	1102	5805	5672
23	1102	4095	4008
24	1102	3465	3387
25	1102	4979	4883
26	1102	4725	4604
27	1102	4385	4299
28	1102	5232	5102
29	1102	4669	4561
30	1102	6321	6191
31	1102	5459	5310
32	1102	4968	4831
33	1102	5231	5101
34	1102	6470	6338
35	1102	4790	4664
36	1102	5261	5151
37	1102	6094	5978
38	1102	5095	4964
39	1102	4544	4442
40	1102	3944	3831
41	1102	3360	3254
42	1102	4083	3993
43	1102	4306	4218
44	1102	4277	4160
45	1102	4725	4622
46	1102	4221	4107
47	1102	4259	4174
48	1102	3731	3610
49	1102	4234	4113
50	1102	5275	5080
51	1102	4450	4359
52	1102	5500	5375
53	1102	4397	4309
54	1102	4997	4884
55	1102	4600	4488
56	1102	3761	3618
57	1102	3300	3206
58	1102	3547	3462
59	1102	3379	3304
60	1102	3084	2995
61	1102	3883	3804
62	1102	3763	3685
63	1102	3509	3428
64	1102	3647	3555
65	1102	3747	3622
66	1102	4841	4719
67	1102	2186	1997
68	1102	4990	4875
69	1102	5064	4959
70	1102	3792	3653
71	1102	4157	4070
72	1102	3951	3828
73	1102	3448	3332
74	1102	4116	4019
75	1102	4296	4218
76	1102	3880	3788
77	1102	4030	3939
78	1102	4133	4049
79	1102	3603	3541
80	1102	2658	2574
81	1102	3722	3617
82	1102	3608	3526
83	1102	3936	3849
84	1102	2910	2760
85	1102	4519	4431
86	1102	4764	4660
87	1102	4806	4691
88	1102	3910	3763
89	1102	3860	3745
90	1102	3831	3738
91	1102	4137	4024
92	1102	3117	3032
93	1102	3330	3254
94	1102	2789	2726
95	1102	3911	3819
96	1102	960	919
0	1103	124976	108139
1	1103	4598	4510
2	1103	4943	4843
3	1103	5221	5112
4	1103	4200	4105
5	1103	4539	4440
6	1103	3031	2943
7	1103	4024	3928
8	1103	1861	1649
9	1103	4810	4689
10	1103	5189	5063
11	1103	4527	4430
12	1103	4360	4263
13	1103	4098	4018
14	1103	4332	4229
15	1103	4382	4311
16	1103	3822	3714
17	1103	4727	4621
18	1103	6329	6201
19	1103	4066	3986
20	1103	6337	6180
21	1103	5783	5673
22	1103	5784	5626
23	1103	4191	4107
24	1103	3477	3373
25	1103	5002	4905
26	1103	4616	4524
27	1103	4589	4502
28	1103	5262	5110
29	1103	4605	4496
30	1103	6077	5920
31	1103	5398	5261
32	1103	4844	4707
33	1103	5287	5165
34	1103	6377	6224
35	1103	4960	4831
36	1103	5183	5064
37	1103	5991	5872
38	1103	4970	4837
39	1103	4690	4582
40	1103	3874	3771
41	1103	3435	3335
42	1103	3883	3801
43	1103	4327	4241
44	1103	4433	4325
45	1103	4915	4815
46	1103	4416	4305
47	1103	4270	4166
48	1103	3721	3611
49	1103	4269	4167
50	1103	5040	4875
51	1103	4389	4297
52	1103	5285	5150
53	1103	4528	4431
54	1103	5021	4903
55	1103	4548	4437
56	1103	3795	3668
57	1103	3242	3158
58	1103	3638	3536
59	1103	3312	3249
60	1103	2976	2900
61	1103	3822	3747
62	1103	3792	3705
63	1103	3478	3393
64	1103	3661	3567
65	1103	3726	3601
66	1103	4742	4626
67	1103	2151	1969
68	1103	4709	4581
69	1103	5025	4915
70	1103	3817	3683
71	1103	4310	4206
72	1103	3867	3757
73	1103	3543	3400
74	1103	4039	3962
75	1103	4259	4174
76	1103	4009	3923
77	1103	4019	3932
78	1103	4004	3916
79	1103	3695	3625
80	1103	2828	2744
81	1103	3639	3526
82	1103	3600	3516
83	1103	3920	3840
84	1103	2949	2799
85	1103	4512	4419
86	1103	4949	4842
87	1103	4825	4721
88	1103	4091	3947
89	1103	3720	3613
90	1103	3781	3688
91	1103	4157	4046
92	1103	3155	3063
93	1103	3355	3282
94	1103	2835	2774
95	1103	3842	3751
96	1103	962	925
0	1104	125736	108639
1	1104	4602	4492
2	1104	4938	4831
3	1104	5113	5006
4	1104	4126	4031
5	1104	4398	4318
6	1104	3098	3022
7	1104	3956	3856
8	1104	1960	1732
9	1104	4767	4654
10	1104	4897	4794
11	1104	4533	4434
12	1104	4149	4056
13	1104	4061	3975
14	1104	4310	4210
15	1104	4401	4292
16	1104	3808	3723
17	1104	4614	4519
18	1104	6316	6199
19	1104	4083	4002
20	1104	6222	6093
21	1104	5580	5467
22	1104	5611	5480
23	1104	4143	4057
24	1104	3385	3293
25	1104	4844	4733
26	1104	4681	4577
27	1104	4329	4232
28	1104	5179	5057
29	1104	4410	4303
30	1104	6084	5951
31	1104	5478	5353
32	1104	4834	4706
33	1104	5277	5155
34	1104	6460	6305
35	1104	4830	4715
36	1104	5167	5040
37	1104	6083	5974
38	1104	4956	4851
39	1104	4486	4386
40	1104	3958	3833
41	1104	3385	3286
42	1104	4023	3937
43	1104	4101	4027
44	1104	4372	4279
45	1104	4721	4627
46	1104	4290	4179
47	1104	4206	4104
48	1104	3613	3516
49	1104	4110	3988
50	1104	5101	4892
51	1104	4394	4303
52	1104	5287	5140
53	1104	4396	4308
54	1104	4826	4719
55	1104	4468	4358
56	1104	3789	3670
57	1104	3246	3159
58	1104	3426	3337
59	1104	3265	3193
60	1104	3026	2930
61	1104	3935	3866
62	1104	3713	3636
63	1104	3518	3438
64	1104	3677	3591
65	1104	3645	3515
66	1104	4831	4728
67	1104	2180	1990
68	1104	4669	4556
69	1104	4868	4781
70	1104	3681	3541
71	1104	4314	4212
72	1104	3930	3811
73	1104	3380	3244
74	1104	4103	4008
75	1104	4181	4102
76	1104	3887	3786
77	1104	4047	3963
78	1104	4061	3973
79	1104	3635	3558
80	1104	2729	2656
81	1104	3471	3379
82	1104	3498	3401
83	1104	3921	3842
84	1104	2823	2672
85	1104	4457	4361
86	1104	4842	4731
87	1104	4957	4855
88	1104	3948	3793
89	1104	3829	3737
90	1104	3672	3575
91	1104	3983	3892
92	1104	3092	3024
93	1104	3188	3101
94	1104	2748	2677
95	1104	3976	3880
96	1104	906	865
0	1105	126114	109172
1	1105	4499	4417
2	1105	4927	4792
3	1105	5097	4996
4	1105	4120	4015
5	1105	4469	4371
6	1105	3034	2945
7	1105	4008	3930
8	1105	1894	1698
9	1105	4627	4532
10	1105	5000	4896
11	1105	4377	4291
12	1105	4130	4047
13	1105	4176	4097
14	1105	4181	4086
15	1105	4209	4118
16	1105	3895	3784
17	1105	4558	4480
18	1105	6329	6184
19	1105	4042	3954
20	1105	6369	6249
21	1105	5621	5493
22	1105	5815	5686
23	1105	4229	4157
24	1105	3350	3277
25	1105	4746	4647
26	1105	4543	4447
27	1105	4373	4273
28	1105	5088	4984
29	1105	4249	4133
30	1105	6195	6061
31	1105	5409	5305
32	1105	4764	4648
33	1105	5272	5142
34	1105	6298	6171
35	1105	4864	4733
36	1105	5146	5047
37	1105	5950	5838
38	1105	4992	4861
39	1105	4452	4352
40	1105	3890	3750
41	1105	3397	3298
42	1105	4082	3994
43	1105	4250	4159
44	1105	4211	4117
45	1105	4677	4572
46	1105	4323	4209
47	1105	4163	4073
48	1105	3599	3491
49	1105	4259	4138
50	1105	5033	4850
51	1105	4513	4409
52	1105	5416	5283
53	1105	4165	4067
54	1105	4889	4756
55	1105	4465	4369
56	1105	3847	3710
57	1105	3277	3184
58	1105	3509	3427
59	1105	3327	3260
60	1105	3064	2982
61	1105	3656	3575
62	1105	3613	3535
63	1105	3422	3352
64	1105	3652	3574
65	1105	3600	3454
66	1105	4560	4468
67	1105	2211	2001
68	1105	4892	4755
69	1105	4908	4798
70	1105	3635	3501
71	1105	4284	4193
72	1105	3984	3869
73	1105	3331	3215
74	1105	4036	3935
75	1105	4209	4138
76	1105	3997	3899
77	1105	3999	3920
78	1105	3898	3811
79	1105	3613	3529
80	1105	2724	2650
81	1105	3645	3553
82	1105	3535	3428
83	1105	3856	3757
84	1105	2886	2755
85	1105	4501	4407
86	1105	4814	4696
87	1105	4846	4728
88	1105	4005	3862
89	1105	3900	3782
90	1105	3680	3579
91	1105	4080	3985
92	1105	3022	2931
93	1105	3087	3013
94	1105	2805	2727
95	1105	3806	3718
96	1105	927	891
0	1106	128037	110618
1	1106	4716	4615
2	1106	5084	4991
3	1106	5101	4998
4	1106	4199	4098
5	1106	4457	4377
6	1106	3234	3134
7	1106	4058	3949
8	1106	1905	1703
9	1106	4861	4750
10	1106	4903	4798
11	1106	4350	4243
12	1106	4427	4326
13	1106	4148	4064
14	1106	4268	4169
15	1106	4276	4188
16	1106	4012	3917
17	1106	4670	4572
18	1106	6477	6332
19	1106	4133	4057
20	1106	6473	6320
21	1106	5782	5679
22	1106	5824	5691
23	1106	4190	4096
24	1106	3527	3432
25	1106	4904	4796
26	1106	4717	4602
27	1106	4446	4359
28	1106	5120	4988
29	1106	4349	4224
30	1106	6275	6140
31	1106	5412	5283
32	1106	4816	4690
33	1106	5347	5229
34	1106	6391	6240
35	1106	4850	4748
36	1106	5152	5039
37	1106	6322	6194
38	1106	4978	4855
39	1106	4707	4592
40	1106	3897	3773
41	1106	3460	3366
42	1106	4068	3973
43	1106	4282	4187
44	1106	4376	4284
45	1106	4666	4578
46	1106	4403	4306
47	1106	4072	3986
48	1106	3644	3534
49	1106	4241	4137
50	1106	5206	5018
51	1106	4513	4421
52	1106	5368	5226
53	1106	4426	4340
54	1106	4890	4739
55	1106	4513	4398
56	1106	3938	3832
57	1106	3352	3265
58	1106	3595	3507
59	1106	3422	3351
60	1106	3051	2964
61	1106	3921	3838
62	1106	3760	3691
63	1106	3532	3445
64	1106	3783	3680
65	1106	3733	3614
66	1106	4834	4731
67	1106	2241	2067
68	1106	4812	4696
69	1106	5018	4921
70	1106	3718	3578
71	1106	4278	4194
72	1106	4065	3947
73	1106	3362	3239
74	1106	4050	3953
75	1106	4281	4191
76	1106	4044	3974
77	1106	3929	3846
78	1106	4139	4045
79	1106	3718	3632
80	1106	2830	2748
81	1106	3654	3545
82	1106	3610	3517
83	1106	3813	3727
84	1106	2886	2755
85	1106	4732	4644
86	1106	4743	4637
87	1106	4828	4708
88	1106	4172	4012
89	1106	3952	3857
90	1106	3936	3851
91	1106	4146	4047
92	1106	3049	2963
93	1106	3141	3066
94	1106	2834	2766
95	1106	3899	3808
96	1106	986	937
0	1107	128910	111492
1	1107	4602	4499
2	1107	5009	4896
3	1107	5330	5216
4	1107	4110	4030
5	1107	4572	4485
6	1107	3073	2982
7	1107	4089	4000
8	1107	1875	1671
9	1107	4839	4723
10	1107	5104	5008
11	1107	4547	4432
12	1107	4195	4095
13	1107	4212	4134
14	1107	4343	4255
15	1107	4353	4255
16	1107	3934	3844
17	1107	4694	4595
18	1107	6323	6184
19	1107	3997	3897
20	1107	6232	6113
21	1107	5718	5606
22	1107	5768	5623
23	1107	4279	4194
24	1107	3533	3436
25	1107	4981	4850
26	1107	4659	4549
27	1107	4443	4346
28	1107	5259	5146
29	1107	4050	3932
30	1107	6213	6078
31	1107	5488	5357
32	1107	4809	4662
33	1107	5172	5048
34	1107	6413	6250
35	1107	5025	4905
36	1107	5188	5036
37	1107	6034	5897
38	1107	4991	4874
39	1107	4630	4536
40	1107	3959	3838
41	1107	3407	3315
42	1107	3898	3820
43	1107	4211	4149
44	1107	4339	4222
45	1107	4826	4726
46	1107	4354	4243
47	1107	4138	4046
48	1107	3578	3462
49	1107	4307	4199
50	1107	5077	4884
51	1107	4536	4435
52	1107	5464	5323
53	1107	4253	4177
54	1107	4927	4793
55	1107	4535	4438
56	1107	3986	3861
57	1107	3257	3173
58	1107	3482	3384
59	1107	3377	3305
60	1107	2995	2913
61	1107	3979	3894
62	1107	3706	3619
63	1107	3426	3347
64	1107	3592	3490
65	1107	3702	3590
66	1107	4905	4811
67	1107	2156	1979
68	1107	4657	4545
69	1107	4955	4852
70	1107	3749	3604
71	1107	4198	4110
72	1107	3823	3681
73	1107	3474	3362
74	1107	3915	3836
75	1107	4291	4188
76	1107	4026	3950
77	1107	4201	4112
78	1107	3976	3890
79	1107	3631	3557
80	1107	2743	2660
81	1107	3718	3577
82	1107	3637	3539
83	1107	3919	3821
84	1107	2845	2723
85	1107	4698	4607
86	1107	4816	4715
87	1107	4795	4689
88	1107	4025	3870
89	1107	3820	3722
90	1107	3869	3788
91	1107	4327	4239
92	1107	3161	3073
93	1107	3326	3240
94	1107	2864	2775
95	1107	3894	3802
96	1107	914	869
0	1108	127976	110070
1	1108	4637	4519
2	1108	5091	4966
3	1108	5214	5120
4	1108	4156	4062
5	1108	4391	4303
6	1108	3037	2936
7	1108	3967	3866
8	1108	1939	1756
9	1108	4869	4752
10	1108	5015	4920
11	1108	4481	4395
12	1108	4074	3971
13	1108	4088	3988
14	1108	4221	4142
15	1108	4344	4246
16	1108	3880	3775
17	1108	4801	4714
18	1108	6465	6341
19	1108	3998	3918
20	1108	6250	6131
21	1108	5755	5639
22	1108	5594	5465
23	1108	4148	4074
24	1108	3378	3298
25	1108	4997	4873
26	1108	4671	4569
27	1108	4249	4151
28	1108	5178	5041
29	1108	4069	3935
30	1108	6254	6116
31	1108	5308	5189
32	1108	4849	4740
33	1108	5289	5165
34	1108	6464	6318
35	1108	4792	4665
36	1108	5176	5050
37	1108	6199	6085
38	1108	5072	4964
39	1108	4617	4522
40	1108	3974	3858
41	1108	3552	3456
42	1108	4058	3970
43	1108	4209	4133
44	1108	4319	4219
45	1108	4732	4633
46	1108	4215	4099
47	1108	4229	4127
48	1108	3604	3494
49	1108	4338	4228
50	1108	5164	4972
51	1108	4473	4386
52	1108	5281	5157
53	1108	4368	4267
54	1108	4970	4859
55	1108	4553	4462
56	1108	3816	3702
57	1108	3166	3084
58	1108	3587	3494
59	1108	3455	3378
60	1108	3095	2981
61	1108	3661	3589
62	1108	3753	3672
63	1108	3542	3478
64	1108	3716	3630
65	1108	3754	3637
66	1108	4879	4770
67	1108	2110	1917
68	1108	4786	4669
69	1108	4853	4753
70	1108	3787	3659
71	1108	4274	4199
72	1108	3916	3785
73	1108	3410	3299
74	1108	3987	3907
75	1108	4271	4211
76	1108	4000	3912
77	1108	4079	4004
78	1108	3976	3885
79	1108	3602	3526
80	1108	2674	2600
81	1108	3817	3711
82	1108	3820	3708
83	1108	3843	3766
84	1108	2871	2736
85	1108	4488	4399
86	1108	4748	4653
87	1108	4923	4820
88	1108	4049	3911
89	1108	3920	3833
90	1108	3898	3808
91	1108	4073	3981
92	1108	3246	3172
93	1108	3246	3177
94	1108	2763	2702
95	1108	3881	3796
96	1108	957	908
0	1109	130332	112178
1	1109	4651	4552
2	1109	5186	5066
3	1109	5264	5162
4	1109	4094	3991
5	1109	4553	4477
6	1109	3071	2999
7	1109	4039	3955
8	1109	1836	1674
9	1109	4818	4698
10	1109	5032	4938
11	1109	4542	4450
12	1109	4195	4112
13	1109	4108	4040
14	1109	4209	4128
15	1109	4320	4220
16	1109	3964	3867
17	1109	4574	4492
18	1109	6527	6411
19	1109	4127	4053
20	1109	6327	6193
21	1109	5721	5617
22	1109	5852	5715
23	1109	4342	4254
24	1109	3267	3196
25	1109	4956	4855
26	1109	4873	4768
27	1109	4363	4280
28	1109	5317	5192
29	1109	3753	3632
30	1109	6295	6154
31	1109	5521	5401
32	1109	4854	4733
33	1109	5394	5296
34	1109	6489	6349
35	1109	4962	4868
36	1109	5271	5171
37	1109	6118	5999
38	1109	4996	4895
39	1109	4474	4390
40	1109	3889	3768
41	1109	3459	3361
42	1109	4161	4074
43	1109	4303	4228
44	1109	4612	4515
45	1109	4823	4727
46	1109	4182	4078
47	1109	4237	4144
48	1109	3571	3477
49	1109	4236	4131
50	1109	5168	4975
51	1109	4631	4538
52	1109	5596	5474
53	1109	4678	4592
54	1109	4903	4813
55	1109	4648	4541
56	1109	3760	3657
57	1109	3399	3329
58	1109	3522	3433
59	1109	3456	3381
60	1109	3126	3043
61	1109	3889	3817
62	1109	3658	3585
63	1109	3585	3508
64	1109	3726	3595
65	1109	3825	3718
66	1109	4850	4746
67	1109	2288	2082
68	1109	4918	4789
69	1109	5017	4898
70	1109	3783	3662
71	1109	4392	4289
72	1109	4028	3906
73	1109	3551	3447
74	1109	4131	4047
75	1109	4381	4299
76	1109	4067	3978
77	1109	4086	4003
78	1109	4023	3935
79	1109	3687	3606
80	1109	2686	2606
81	1109	3630	3532
82	1109	3737	3659
83	1109	3899	3821
84	1109	2934	2804
85	1109	4729	4641
86	1109	4882	4791
87	1109	4834	4730
88	1109	4018	3883
89	1109	3663	3582
90	1109	3826	3724
91	1109	4187	4092
92	1109	3181	3111
93	1109	3399	3335
94	1109	2797	2737
95	1109	4101	4005
96	1109	978	941
0	1110	132361	113905
1	1110	4613	4517
2	1110	4989	4871
3	1110	5256	5135
4	1110	4148	4056
5	1110	4535	4421
6	1110	3093	3004
7	1110	4138	4033
8	1110	1797	1605
9	1110	4782	4668
10	1110	5106	4990
11	1110	4467	4371
12	1110	4262	4160
13	1110	4077	3982
14	1110	4451	4336
15	1110	4453	4348
16	1110	4056	3948
17	1110	4832	4725
18	1110	6645	6499
19	1110	4154	4061
20	1110	6498	6365
21	1110	5729	5585
22	1110	5812	5666
23	1110	4430	4326
24	1110	3423	3334
25	1110	5018	4899
26	1110	4707	4594
27	1110	4336	4223
28	1110	5259	5125
29	1110	3581	3435
30	1110	6285	6127
31	1110	5591	5465
32	1110	4810	4669
33	1110	5363	5243
34	1110	6627	6478
35	1110	5015	4871
36	1110	5330	5213
37	1110	6216	6082
38	1110	5145	5028
39	1110	4634	4537
40	1110	4061	3911
41	1110	3592	3491
42	1110	4166	4064
43	1110	4306	4226
44	1110	4447	4329
45	1110	4783	4688
46	1110	4256	4126
47	1110	4268	4170
48	1110	3658	3553
49	1110	4371	4254
50	1110	5223	5035
51	1110	4590	4485
52	1110	5464	5317
53	1110	4457	4363
54	1110	5110	4991
55	1110	4591	4498
56	1110	3930	3781
57	1110	3245	3159
58	1110	3489	3388
59	1110	3362	3287
60	1110	3183	3095
61	1110	3897	3812
62	1110	3881	3771
63	1110	3613	3528
64	1110	3772	3665
65	1110	3701	3568
66	1110	4887	4783
67	1110	2190	2053
68	1110	4884	4742
69	1110	4941	4817
70	1110	3822	3681
71	1110	4347	4242
72	1110	4010	3872
73	1110	3664	3525
74	1110	4030	3915
75	1110	4372	4295
76	1110	4127	4020
77	1110	4120	3999
78	1110	4214	4121
79	1110	3842	3761
80	1110	2632	2532
81	1110	3696	3584
82	1110	3681	3560
83	1110	3945	3841
84	1110	3060	2910
85	1110	4449	4344
86	1110	4907	4780
87	1110	4896	4786
88	1110	4177	4015
89	1110	4040	3925
90	1110	3840	3724
91	1110	4159	4061
92	1110	3257	3170
93	1110	3487	3403
94	1110	2879	2801
95	1110	3961	3851
96	1110	988	952
0	1111	131885	113223
1	1111	4797	4674
2	1111	5083	4944
3	1111	5397	5285
4	1111	4251	4128
5	1111	4643	4530
6	1111	2962	2867
7	1111	4059	3945
8	1111	1912	1723
9	1111	4853	4741
10	1111	5119	5003
11	1111	4686	4594
12	1111	4281	4173
13	1111	4161	4078
14	1111	4438	4314
15	1111	4351	4246
16	1111	3851	3737
17	1111	4680	4586
18	1111	6761	6603
19	1111	4007	3924
20	1111	6371	6202
21	1111	5684	5575
22	1111	5762	5619
23	1111	4347	4245
24	1111	3495	3385
25	1111	4964	4849
26	1111	4754	4624
27	1111	4307	4190
28	1111	5225	5086
29	1111	3383	3244
30	1111	6257	6083
31	1111	5676	5556
32	1111	4936	4805
33	1111	5576	5442
34	1111	6726	6561
35	1111	5036	4922
36	1111	5461	5329
37	1111	6444	6316
38	1111	5166	5024
39	1111	4691	4572
40	1111	4124	3974
41	1111	3483	3371
42	1111	4138	4050
43	1111	4333	4242
44	1111	4607	4482
45	1111	4802	4696
46	1111	4296	4182
47	1111	4211	4120
48	1111	3629	3510
49	1111	4368	4242
50	1111	5412	5156
51	1111	4645	4525
52	1111	5435	5291
53	1111	4713	4597
54	1111	4969	4841
55	1111	4731	4626
56	1111	3859	3732
57	1111	3335	3230
58	1111	3617	3520
59	1111	3456	3384
60	1111	3102	3009
61	1111	3888	3792
62	1111	3763	3679
63	1111	3602	3505
64	1111	3747	3649
65	1111	3774	3650
66	1111	5020	4905
67	1111	2247	2055
68	1111	4839	4714
69	1111	5184	5073
70	1111	3833	3669
71	1111	4444	4334
72	1111	3907	3778
73	1111	3520	3403
74	1111	4209	4097
75	1111	4344	4258
76	1111	4086	3988
77	1111	4150	4062
78	1111	4089	3991
79	1111	3769	3680
80	1111	2575	2490
81	1111	3684	3563
82	1111	3747	3664
83	1111	3981	3871
84	1111	2977	2831
85	1111	4566	4481
86	1111	4925	4792
87	1111	4878	4731
88	1111	4002	3831
89	1111	3874	3746
90	1111	3958	3845
91	1111	4170	4057
92	1111	3148	3066
93	1111	3366	3263
94	1111	2990	2896
95	1111	4115	3991
96	1111	913	864
0	1112	131753	113876
1	1112	4645	4553
2	1112	5267	5148
3	1112	5465	5351
4	1112	4192	4101
5	1112	4501	4429
6	1112	2970	2877
7	1112	4063	3958
8	1112	2003	1837
9	1112	5021	4917
10	1112	5024	4923
11	1112	4611	4515
12	1112	4367	4277
13	1112	4263	4183
14	1112	4253	4146
15	1112	4294	4217
16	1112	3928	3825
17	1112	4710	4621
18	1112	6632	6514
19	1112	3976	3908
20	1112	6529	6404
21	1112	5682	5580
22	1112	5818	5672
23	1112	4392	4319
24	1112	3497	3418
25	1112	5131	5034
26	1112	4796	4688
27	1112	4289	4163
28	1112	5343	5215
29	1112	2872	2719
30	1112	6251	6117
31	1112	5522	5387
32	1112	4892	4766
33	1112	5465	5354
34	1112	6662	6504
35	1112	4909	4809
36	1112	5229	5107
37	1112	6266	6166
38	1112	5144	5041
39	1112	4448	4361
40	1112	3935	3806
41	1112	3570	3468
42	1112	4237	4154
43	1112	4383	4302
44	1112	4365	4288
45	1112	4836	4743
46	1112	4256	4139
47	1112	4310	4220
48	1112	3587	3486
49	1112	4396	4285
50	1112	5218	5036
51	1112	4631	4545
52	1112	5604	5477
53	1112	4532	4445
54	1112	5085	4978
55	1112	4808	4711
56	1112	3825	3687
57	1112	3335	3250
58	1112	3523	3446
59	1112	3524	3449
60	1112	3295	3220
61	1112	3804	3724
62	1112	3865	3798
63	1112	3717	3643
64	1112	3695	3605
65	1112	3805	3691
66	1112	5083	4991
67	1112	2306	2148
68	1112	5019	4876
69	1112	4790	4672
70	1112	3847	3698
71	1112	4519	4441
72	1112	3982	3845
73	1112	3481	3352
74	1112	4034	3932
75	1112	4398	4323
76	1112	3952	3876
77	1112	4183	4091
78	1112	4017	3925
79	1112	3826	3738
80	1112	2541	2470
81	1112	3669	3540
82	1112	3759	3663
83	1112	3953	3878
84	1112	3045	2908
85	1112	4573	4489
86	1112	4803	4692
87	1112	4931	4823
88	1112	4106	3940
89	1112	4021	3924
90	1112	4045	3944
91	1112	4390	4271
92	1112	3232	3136
93	1112	3383	3312
94	1112	2927	2851
95	1112	4061	3971
96	1112	981	941
0	1113	133443	114201
1	1113	4731	4613
2	1113	5071	4938
3	1113	5303	5183
4	1113	4211	4097
5	1113	4609	4490
6	1113	3034	2928
7	1113	4166	4068
8	1113	1874	1701
9	1113	5119	4994
10	1113	5128	5006
11	1113	4704	4596
12	1113	4359	4263
13	1113	4049	3955
14	1113	4400	4293
15	1113	4507	4394
16	1113	3996	3874
17	1113	5007	4907
18	1113	6583	6448
19	1113	4115	4032
20	1113	6533	6400
21	1113	5944	5812
22	1113	6009	5861
23	1113	4526	4409
24	1113	3471	3363
25	1113	5112	4987
26	1113	4748	4637
27	1113	3953	3845
28	1113	5308	5155
29	1113	2376	2241
30	1113	6182	6025
31	1113	5620	5477
32	1113	4879	4716
33	1113	5633	5465
34	1113	6629	6468
35	1113	4922	4767
36	1113	5496	5370
37	1113	6290	6135
38	1113	5236	5083
39	1113	4713	4589
40	1113	4045	3911
41	1113	3413	3306
42	1113	4101	3999
43	1113	4301	4225
44	1113	4471	4364
45	1113	4799	4696
46	1113	4250	4137
47	1113	4303	4197
48	1113	3548	3421
49	1113	4331	4213
50	1113	5349	5128
51	1113	4609	4496
52	1113	5442	5289
53	1113	4555	4456
54	1113	4947	4778
55	1113	4770	4646
56	1113	3806	3679
57	1113	3366	3280
58	1113	3620	3506
59	1113	3496	3422
60	1113	3176	3107
61	1113	3758	3673
62	1113	3794	3681
63	1113	3677	3589
64	1113	3704	3596
65	1113	3849	3711
66	1113	5001	4863
67	1113	2236	2064
68	1113	4989	4849
69	1113	5097	4975
70	1113	3691	3536
71	1113	4369	4248
72	1113	3994	3862
73	1113	3503	3372
74	1113	3962	3858
75	1113	4451	4383
76	1113	4076	3976
77	1113	4192	4100
78	1113	4093	3977
79	1113	3813	3710
80	1113	2287	2197
81	1113	3854	3716
82	1113	3671	3558
83	1113	4028	3930
84	1113	2964	2844
85	1113	4650	4557
86	1113	4915	4796
87	1113	4907	4772
88	1113	4024	3864
89	1113	3985	3878
90	1113	3957	3823
91	1113	4296	4172
92	1113	3079	2991
93	1113	3484	3398
94	1113	2833	2753
95	1113	4089	3972
96	1113	957	911
0	1114	136463	116045
1	1114	4922	4779
2	1114	5145	5010
3	1114	5493	5367
4	1114	4147	4029
5	1114	4563	4426
6	1114	2944	2833
7	1114	4126	4023
8	1114	1898	1720
9	1114	5072	4948
10	1114	5459	5312
11	1114	4691	4584
12	1114	4532	4413
13	1114	4187	4095
14	1114	4347	4233
15	1114	4459	4351
16	1114	4120	4006
17	1114	4941	4827
18	1114	6865	6699
19	1114	4194	4090
20	1114	6629	6480
21	1114	5816	5662
22	1114	5882	5705
23	1114	4413	4303
24	1114	3471	3365
25	1114	5057	4913
26	1114	4916	4771
27	1114	4044	3907
28	1114	5459	5304
29	1114	1927	1783
30	1114	6367	6199
31	1114	5579	5446
32	1114	5016	4842
33	1114	5685	5538
34	1114	6636	6461
35	1114	4975	4838
36	1114	5440	5301
37	1114	6417	6263
38	1114	5249	5093
39	1114	4527	4407
40	1114	4025	3884
41	1114	3501	3385
42	1114	4247	4133
43	1114	4294	4194
44	1114	4529	4407
45	1114	4752	4624
46	1114	4162	4027
47	1114	4422	4302
48	1114	3634	3525
49	1114	4545	4418
50	1114	5513	5274
51	1114	4590	4478
52	1114	5714	5582
53	1114	4446	4321
54	1114	5042	4882
55	1114	4816	4670
56	1114	3864	3717
57	1114	3295	3209
58	1114	3538	3418
59	1114	3481	3392
60	1114	3163	3067
61	1114	4049	3929
62	1114	3923	3806
63	1114	3865	3764
64	1114	3843	3742
65	1114	3722	3603
66	1114	5028	4900
67	1114	2282	2104
68	1114	4748	4625
69	1114	5043	4929
70	1114	3751	3605
71	1114	4388	4288
72	1114	4082	3929
73	1114	3591	3448
74	1114	4009	3890
75	1114	4342	4244
76	1114	4183	4079
77	1114	4301	4210
78	1114	4071	3957
79	1114	3676	3580
80	1114	2174	2081
81	1114	3911	3781
82	1114	3802	3705
83	1114	4106	4007
84	1114	2966	2839
85	1114	4729	4622
86	1114	4959	4837
87	1114	4928	4779
88	1114	4241	4082
89	1114	4083	3961
90	1114	3933	3816
91	1114	4280	4167
92	1114	3335	3250
93	1114	3294	3208
94	1114	2853	2760
95	1114	4189	4054
96	1114	1003	960
0	1115	136411	116405
1	1115	4869	4750
2	1115	5325	5192
3	1115	5433	5315
4	1115	4262	4151
5	1115	4337	4219
6	1115	2788	2667
7	1115	4207	4104
8	1115	1875	1700
9	1115	5148	5056
10	1115	5238	5105
11	1115	4633	4536
12	1115	4244	4143
13	1115	4248	4170
14	1115	4334	4217
15	1115	4578	4492
16	1115	4089	3969
17	1115	4953	4856
18	1115	6810	6654
19	1115	4125	4024
20	1115	6403	6265
21	1115	5770	5645
22	1115	5904	5764
23	1115	4517	4428
24	1115	3597	3512
25	1115	5198	5084
26	1115	4725	4595
27	1115	3796	3683
28	1115	5442	5312
29	1115	1382	1260
30	1115	6172	6012
31	1115	5555	5430
32	1115	4897	4746
33	1115	5633	5504
34	1115	6617	6445
35	1115	5043	4921
36	1115	5431	5292
37	1115	6363	6240
38	1115	5241	5071
39	1115	4438	4322
40	1115	4011	3861
41	1115	3588	3499
42	1115	4229	4109
43	1115	4406	4327
44	1115	4406	4288
45	1115	4743	4633
46	1115	4136	4009
47	1115	4291	4202
48	1115	3650	3528
49	1115	4367	4251
50	1115	5446	5218
51	1115	4747	4644
52	1115	5618	5485
53	1115	4449	4357
54	1115	4946	4803
55	1115	4788	4679
56	1115	3899	3753
57	1115	3381	3284
58	1115	3594	3501
59	1115	3493	3404
60	1115	3097	3028
61	1115	3922	3842
62	1115	3775	3650
63	1115	3663	3578
64	1115	3868	3776
65	1115	3641	3492
66	1115	4944	4824
67	1115	2141	1985
68	1115	4870	4759
69	1115	4961	4853
70	1115	3741	3609
71	1115	4391	4306
72	1115	3941	3827
73	1115	3506	3396
74	1115	3867	3772
75	1115	4606	4511
76	1115	4144	4047
77	1115	4204	4122
78	1115	4077	3976
79	1115	3851	3740
80	1115	1909	1831
81	1115	3860	3741
82	1115	3770	3664
83	1115	4016	3921
84	1115	2943	2807
85	1115	4580	4491
86	1115	4716	4587
87	1115	4887	4750
88	1115	4123	3966
89	1115	3941	3852
90	1115	3972	3858
91	1115	4314	4215
92	1115	3196	3097
93	1115	3426	3348
94	1115	2826	2741
95	1115	4024	3925
96	1115	1013	961
0	1116	138551	119098
1	1116	5010	4873
2	1116	5280	5173
3	1116	5485	5367
4	1116	4410	4300
5	1116	4635	4534
6	1116	2539	2422
7	1116	4152	4026
8	1116	1890	1725
9	1116	5134	5022
10	1116	5153	5050
11	1116	4759	4673
12	1116	4512	4406
13	1116	4235	4160
14	1116	4320	4204
15	1116	4434	4326
16	1116	3978	3847
17	1116	4941	4846
18	1116	6705	6570
19	1116	4128	4051
20	1116	6535	6393
21	1116	5933	5823
22	1116	5737	5602
23	1116	4495	4389
24	1116	3593	3505
25	1116	5195	5084
26	1116	4760	4647
27	1116	3582	3465
28	1116	5426	5318
29	1116	945	873
30	1116	6024	5845
31	1116	5655	5541
32	1116	4921	4778
33	1116	5685	5559
34	1116	6603	6437
35	1116	5102	4987
36	1116	5530	5416
37	1116	6454	6328
38	1116	5203	5064
39	1116	4368	4257
40	1116	4036	3918
41	1116	3568	3470
42	1116	4162	4065
43	1116	4521	4429
44	1116	4563	4455
45	1116	4763	4678
46	1116	4155	4014
47	1116	4339	4231
48	1116	3669	3549
49	1116	4567	4402
50	1116	5393	5162
51	1116	4641	4534
52	1116	5597	5459
53	1116	4495	4388
54	1116	4616	4485
55	1116	4761	4617
56	1116	3987	3827
57	1116	3204	3131
58	1116	3619	3522
59	1116	3615	3534
60	1116	3098	3028
61	1116	3985	3898
62	1116	3687	3578
63	1116	3717	3633
64	1116	3750	3659
65	1116	3681	3574
66	1116	5048	4936
67	1116	2218	2073
68	1116	5034	4923
69	1116	4969	4860
70	1116	3678	3549
71	1116	4493	4389
72	1116	3998	3864
73	1116	3562	3436
74	1116	3803	3688
75	1116	4471	4402
76	1116	4215	4119
77	1116	4425	4336
78	1116	4008	3888
79	1116	3644	3555
80	1116	1854	1757
81	1116	3824	3706
82	1116	3776	3673
83	1116	4214	4115
84	1116	2854	2732
85	1116	4642	4536
86	1116	4596	4462
87	1116	4791	4674
88	1116	4085	3926
89	1116	4067	3970
90	1116	3956	3867
91	1116	4325	4239
92	1116	3368	3268
93	1116	3344	3265
94	1116	2810	2723
95	1116	4268	4169
96	1116	988	949
0	1117	140248	119914
1	1117	5026	4908
2	1117	5273	5122
3	1117	5482	5369
4	1117	4298	4175
5	1117	4356	4251
6	1117	2370	2256
7	1117	4197	4071
8	1117	1868	1721
9	1117	5259	5125
10	1117	5270	5136
11	1117	4735	4629
12	1117	4411	4302
13	1117	4116	4031
14	1117	4214	4088
15	1117	4602	4508
16	1117	3962	3863
17	1117	5078	4951
18	1117	6917	6771
19	1117	3992	3908
20	1117	6797	6660
21	1117	5906	5780
22	1117	5767	5599
23	1117	4503	4411
24	1117	3488	3408
25	1117	5319	5195
26	1117	4695	4576
27	1117	3588	3453
28	1117	5325	5198
29	1117	761	696
30	1117	6047	5880
31	1117	5467	5326
32	1117	4869	4714
33	1117	5787	5659
34	1117	6455	6274
35	1117	5000	4862
36	1117	5567	5412
37	1117	6307	6184
38	1117	5196	5042
39	1117	4208	4078
40	1117	3916	3780
41	1117	3631	3525
42	1117	4202	4100
43	1117	4481	4404
44	1117	4555	4440
45	1117	4761	4663
46	1117	3826	3712
47	1117	4283	4175
48	1117	3641	3541
49	1117	4450	4323
50	1117	5317	5103
51	1117	4769	4674
52	1117	5599	5440
53	1117	4308	4201
54	1117	4690	4541
55	1117	4963	4843
56	1117	3926	3781
57	1117	3317	3235
58	1117	3818	3728
59	1117	3588	3499
60	1117	3213	3133
61	1117	3836	3778
62	1117	3588	3466
63	1117	3795	3715
64	1117	3762	3643
65	1117	3601	3489
66	1117	4769	4666
67	1117	2222	2064
68	1117	4941	4818
69	1117	4916	4804
70	1117	3629	3477
71	1117	4528	4425
72	1117	4007	3886
73	1117	3532	3385
74	1117	3705	3582
75	1117	4356	4276
76	1117	4099	3992
77	1117	4148	4054
78	1117	3905	3800
79	1117	3674	3566
80	1117	1547	1459
81	1117	3863	3730
82	1117	3711	3590
83	1117	4060	3980
84	1117	2910	2782
85	1117	4757	4648
86	1117	4440	4312
87	1117	4656	4547
88	1117	4166	4021
89	1117	4149	4041
90	1117	3923	3807
91	1117	4397	4275
92	1117	3182	3097
93	1117	3312	3228
94	1117	2675	2594
95	1117	4204	4086
96	1117	953	889
0	1118	147137	125298
1	1118	4946	4821
2	1118	5390	5248
3	1118	5649	5530
4	1118	4340	4221
5	1118	4367	4242
6	1118	2428	2297
7	1118	4163	4049
8	1118	1853	1709
9	1118	5325	5199
10	1118	5314	5205
11	1118	4804	4699
12	1118	4488	4363
13	1118	4343	4261
14	1118	4286	4144
15	1118	4692	4585
16	1118	4051	3936
17	1118	5019	4923
18	1118	7048	6891
19	1118	4288	4212
20	1118	6691	6549
21	1118	5864	5744
22	1118	5776	5622
23	1118	4508	4395
24	1118	3470	3383
25	1118	5290	5148
26	1118	4852	4711
27	1118	3344	3195
28	1118	5213	5063
29	1118	667	604
30	1118	5956	5759
31	1118	5623	5495
32	1118	4730	4550
33	1118	5933	5778
34	1118	6514	6332
35	1118	4926	4764
36	1118	5629	5491
37	1118	6300	6157
38	1118	5365	5186
39	1118	4239	4099
40	1118	4148	3973
41	1118	3662	3555
42	1118	4366	4249
43	1118	4316	4225
44	1118	4482	4364
45	1118	4694	4585
46	1118	3653	3501
47	1118	4222	4105
48	1118	3530	3420
49	1118	4636	4506
50	1118	5504	5287
51	1118	4695	4595
52	1118	5662	5534
53	1118	4306	4185
54	1118	4648	4481
55	1118	4865	4756
56	1118	3838	3685
57	1118	3185	3095
58	1118	3639	3543
59	1118	3508	3443
60	1118	3308	3206
61	1118	3906	3828
62	1118	3718	3584
63	1118	3809	3720
64	1118	3905	3795
65	1118	3455	3315
66	1118	4977	4835
67	1118	2178	2042
68	1118	4950	4783
69	1118	4940	4822
70	1118	3576	3406
71	1118	4529	4429
72	1118	3929	3806
73	1118	3453	3314
74	1118	3631	3513
75	1118	4555	4471
76	1118	4183	4072
77	1118	4027	3932
78	1118	4025	3898
79	1118	3564	3458
80	1118	1359	1262
81	1118	4013	3890
82	1118	3812	3695
83	1118	4165	4074
84	1118	2942	2796
85	1118	4711	4607
86	1118	4559	4396
87	1118	4781	4635
88	1118	4167	4022
89	1118	4034	3904
90	1118	4072	3959
91	1118	4409	4306
92	1118	3244	3151
93	1118	3435	3326
94	1118	2680	2592
95	1118	4238	4133
96	1118	1024	976
0	1119	141544	121592
1	1119	5068	4956
2	1119	5188	5048
3	1119	5744	5648
4	1119	4410	4293
5	1119	4365	4264
6	1119	2150	2048
7	1119	4063	3959
8	1119	1842	1702
9	1119	5410	5287
10	1119	5460	5348
11	1119	5025	4931
12	1119	4625	4510
13	1119	4263	4184
14	1119	4119	3980
15	1119	4635	4530
16	1119	4164	4046
17	1119	5148	5034
18	1119	7220	7074
19	1119	4321	4239
20	1119	6962	6829
21	1119	6013	5907
22	1119	5865	5726
23	1119	4746	4644
24	1119	3650	3548
25	1119	5197	5102
26	1119	4877	4747
27	1119	3294	3137
28	1119	5481	5330
29	1119	603	538
30	1119	5851	5656
31	1119	5709	5556
32	1119	4826	4697
33	1119	6060	5934
34	1119	6528	6378
35	1119	5030	4870
36	1119	5650	5495
37	1119	6486	6360
38	1119	5153	4987
39	1119	4140	3989
40	1119	3982	3822
41	1119	3684	3580
42	1119	4216	4117
43	1119	4420	4341
44	1119	4394	4275
45	1119	4717	4602
46	1119	3661	3512
47	1119	4283	4145
48	1119	3601	3490
49	1119	4592	4452
50	1119	5483	5266
51	1119	4772	4650
52	1119	5896	5735
53	1119	4352	4261
54	1119	4487	4319
55	1119	4939	4821
56	1119	4005	3859
57	1119	3254	3166
58	1119	3737	3647
59	1119	3734	3671
60	1119	3247	3167
61	1119	4068	4005
62	1119	3699	3564
63	1119	3884	3805
64	1119	3900	3790
65	1119	3505	3374
66	1119	5016	4865
67	1119	2179	2030
68	1119	5027	4900
69	1119	4781	4675
70	1119	3625	3458
71	1119	4523	4412
72	1119	4064	3958
73	1119	3393	3276
74	1119	3561	3453
75	1119	4810	4737
76	1119	4316	4223
77	1119	4254	4154
78	1119	3865	3751
79	1119	3626	3531
80	1119	1157	1082
81	1119	3993	3889
82	1119	3761	3627
83	1119	4298	4186
84	1119	2921	2797
85	1119	4815	4716
86	1119	4517	4351
87	1119	4640	4510
88	1119	4044	3873
89	1119	4278	4169
90	1119	4133	4022
91	1119	4396	4295
92	1119	3374	3283
93	1119	3300	3217
94	1119	2648	2550
95	1119	4446	4345
96	1119	1035	983
0	2101	152190	128279
1	2101	5183	5043
2	2101	5677	5527
3	2101	5545	5407
4	2101	4764	4634
5	2101	5114	4947
6	2101	3400	3265
7	2101	4397	4266
8	2101	2070	1833
9	2101	5256	5126
10	2101	5511	5371
11	2101	4864	4722
12	2101	4719	4611
13	2101	4390	4259
14	2101	4727	4591
15	2101	4892	4756
16	2101	4332	4203
17	2101	5228	5096
18	2101	6908	6751
19	2101	4327	4211
20	2101	7349	7155
21	2101	6384	6189
22	2101	6262	6073
23	2101	4704	4569
24	2101	3756	3641
25	2101	5397	5279
26	2101	5015	4890
27	2101	4774	4659
28	2101	5739	5566
29	2101	5048	4897
30	2101	6922	6746
31	2101	6099	5915
32	2101	5353	5182
33	2101	6078	5937
34	2101	6917	6746
35	2101	5153	5013
36	2101	5818	5680
37	2101	6649	6486
38	2101	5395	5265
39	2101	5139	4994
40	2101	4315	4147
41	2101	3764	3652
42	2101	4462	4350
43	2101	4544	4415
44	2101	4847	4742
45	2101	5297	5176
46	2101	4755	4607
47	2101	4659	4545
48	2101	3949	3818
49	2101	4819	4656
50	2101	5635	5439
51	2101	4929	4801
52	2101	5981	5805
53	2101	4866	4757
54	2101	5510	5370
55	2101	4992	4857
56	2101	4228	4072
57	2101	3780	3671
58	2101	3837	3745
59	2101	3590	3504
60	2101	3381	3283
61	2101	4267	4146
62	2101	4158	4051
63	2101	4017	3901
64	2101	4327	4182
65	2101	4060	3925
66	2101	5054	4921
67	2101	2333	2129
68	2101	5399	5235
69	2101	5392	5233
70	2101	4090	3912
71	2101	4574	4457
72	2101	4274	4103
73	2101	3849	3675
74	2101	4376	4255
75	2101	4595	4469
76	2101	4511	4399
77	2101	4458	4330
78	2101	4406	4298
79	2101	4091	3983
80	2101	3054	2967
81	2101	3986	3881
82	2101	4074	3946
83	2101	4081	3966
84	2101	3132	2982
85	2101	5009	4871
86	2101	5282	5142
87	2101	5402	5207
88	2101	4325	4114
89	2101	4231	4114
90	2101	4203	4077
91	2101	4483	4332
92	2101	3413	3285
93	2101	3599	3485
94	2101	3044	2946
95	2101	4247	4098
96	2101	1039	984
0	2102	153794	128482
1	2102	5165	5053
2	2102	5621	5504
3	2102	5853	5707
4	2102	4739	4630
5	2102	5072	4936
6	2102	3499	3417
7	2102	4342	4235
8	2102	2082	1880
9	2102	5564	5437
10	2102	5674	5535
11	2102	4768	4654
12	2102	4694	4584
13	2102	4743	4618
14	2102	4884	4783
15	2102	5050	4932
16	2102	4224	4092
17	2102	5181	5060
18	2102	7359	7217
19	2102	4412	4307
20	2102	7517	7368
21	2102	6529	6372
22	2102	6341	6208
23	2102	4792	4657
24	2102	3823	3708
25	2102	5671	5561
26	2102	5176	5054
27	2102	4949	4817
28	2102	5894	5748
29	2102	5146	4990
30	2102	7017	6863
31	2102	6174	6022
32	2102	5504	5360
33	2102	5983	5854
34	2102	7172	7032
35	2102	5272	5131
36	2102	5925	5778
37	2102	7066	6903
38	2102	5782	5659
39	2102	5090	4969
40	2102	4408	4261
41	2102	3796	3700
42	2102	4597	4509
43	2102	4796	4704
44	2102	5075	4974
45	2102	5186	5062
46	2102	4801	4715
47	2102	4904	4771
48	2102	4159	4016
49	2102	4850	4729
50	2102	5810	5596
51	2102	4924	4822
52	2102	6359	6203
53	2102	5056	4930
54	2102	5498	5358
55	2102	5176	5061
56	2102	4448	4305
57	2102	3677	3570
58	2102	4126	4017
59	2102	3686	3599
60	2102	3575	3484
61	2102	4471	4362
62	2102	4226	4141
63	2102	3879	3806
64	2102	4136	4034
65	2102	4070	3934
66	2102	5244	5140
67	2102	2361	2210
68	2102	5406	5278
69	2102	5555	5437
70	2102	4110	3983
71	2102	4706	4594
72	2102	4359	4221
73	2102	3875	3756
74	2102	4434	4342
75	2102	4875	4787
76	2102	4345	4233
77	2102	4490	4350
78	2102	4589	4509
79	2102	3984	3875
80	2102	3053	2979
81	2102	4109	3998
82	2102	3855	3740
83	2102	4186	4087
84	2102	3266	3112
85	2102	4962	4845
86	2102	5314	5192
87	2102	5456	5315
88	2102	4409	4214
89	2102	4372	4236
90	2102	4479	4383
91	2102	4681	4570
92	2102	3520	3421
93	2102	3748	3656
94	2102	3046	2982
95	2102	4234	4118
96	2102	1017	973
0	2103	154592	129416
1	2103	5297	5175
2	2103	5748	5585
3	2103	5850	5711
4	2103	4688	4568
5	2103	5042	4893
6	2103	3401	3308
7	2103	4466	4339
8	2103	2085	1897
9	2103	5430	5300
10	2103	5647	5502
11	2103	4943	4831
12	2103	4755	4630
13	2103	4492	4386
14	2103	4790	4667
15	2103	4804	4698
16	2103	4361	4241
17	2103	5271	5158
18	2103	7228	7070
19	2103	4491	4377
20	2103	7235	7100
21	2103	6244	6081
22	2103	6288	6143
23	2103	4795	4653
24	2103	3763	3659
25	2103	5574	5442
26	2103	5138	5004
27	2103	4955	4854
28	2103	5923	5771
29	2103	5146	4989
30	2103	7033	6862
31	2103	6071	5936
32	2103	5388	5241
33	2103	6218	6079
34	2103	7051	6896
35	2103	5619	5476
36	2103	5958	5819
37	2103	7173	7018
38	2103	5591	5483
39	2103	5173	5032
40	2103	4207	4073
41	2103	3787	3681
42	2103	4716	4581
43	2103	4713	4589
44	2103	4960	4841
45	2103	5214	5103
46	2103	4783	4660
47	2103	4533	4422
48	2103	4067	3936
49	2103	4777	4638
50	2103	5777	5576
51	2103	4980	4856
52	2103	6288	6127
53	2103	5016	4896
54	2103	5558	5424
55	2103	5101	4980
56	2103	4222	4076
57	2103	3805	3715
58	2103	3918	3819
59	2103	3713	3638
60	2103	3429	3335
61	2103	4292	4192
62	2103	4193	4078
63	2103	3982	3892
64	2103	4269	4138
65	2103	4097	3962
66	2103	5449	5327
67	2103	2441	2266
68	2103	5261	5134
69	2103	5312	5174
70	2103	4174	4034
71	2103	4832	4687
72	2103	4325	4169
73	2103	3768	3631
74	2103	4431	4332
75	2103	4809	4716
76	2103	4628	4518
77	2103	4543	4397
78	2103	4496	4380
79	2103	4271	4166
80	2103	3082	2984
81	2103	4276	4153
82	2103	4031	3901
83	2103	4230	4111
84	2103	3279	3137
85	2103	4956	4819
86	2103	5382	5234
87	2103	5202	5064
88	2103	4373	4190
89	2103	4302	4162
90	2103	4227	4135
91	2103	4578	4460
92	2103	3601	3502
93	2103	3709	3631
94	2103	3101	3038
95	2103	4410	4271
96	2103	1041	970
0	2104	154496	129447
1	2104	5294	5136
2	2104	5748	5625
3	2104	5909	5770
4	2104	4893	4786
5	2104	4965	4823
6	2104	3362	3274
7	2104	4454	4348
8	2104	2122	1911
9	2104	5377	5262
10	2104	5550	5416
11	2104	4882	4773
12	2104	5100	4984
13	2104	4645	4551
14	2104	4681	4579
15	2104	4848	4746
16	2104	4418	4275
17	2104	5113	5004
18	2104	7276	7133
19	2104	4519	4410
20	2104	7279	7138
21	2104	6703	6541
22	2104	6191	6056
23	2104	4731	4613
24	2104	3794	3714
25	2104	5632	5519
26	2104	5152	5028
27	2104	4794	4703
28	2104	5873	5700
29	2104	4961	4809
30	2104	6895	6738
31	2104	6173	6024
32	2104	5475	5310
33	2104	6044	5908
34	2104	7203	7043
35	2104	5491	5352
36	2104	5975	5822
37	2104	6944	6796
38	2104	5596	5488
39	2104	5242	5106
40	2104	4477	4302
41	2104	3771	3688
42	2104	4562	4463
43	2104	4657	4567
44	2104	4904	4814
45	2104	5385	5260
46	2104	4680	4576
47	2104	4687	4585
48	2104	4079	3934
49	2104	4822	4689
50	2104	5863	5656
51	2104	4816	4707
52	2104	6122	5985
53	2104	4981	4882
54	2104	5555	5427
55	2104	5111	4991
56	2104	4346	4197
57	2104	3695	3618
58	2104	3902	3823
59	2104	3698	3612
60	2104	3465	3366
61	2104	4456	4365
62	2104	4098	3997
63	2104	3921	3811
64	2104	4107	3993
65	2104	4048	3913
66	2104	5327	5215
67	2104	2384	2191
68	2104	5465	5331
69	2104	5656	5539
70	2104	4303	4162
71	2104	4731	4606
72	2104	4389	4265
73	2104	3965	3834
74	2104	4518	4428
75	2104	4791	4695
76	2104	4643	4538
77	2104	4655	4546
78	2104	4444	4358
79	2104	4227	4137
80	2104	3212	3112
81	2104	4069	3964
82	2104	4104	3992
83	2104	4275	4169
84	2104	3319	3165
85	2104	5005	4892
86	2104	5394	5270
87	2104	5506	5368
88	2104	4427	4263
89	2104	4336	4207
90	2104	4288	4188
91	2104	4631	4489
92	2104	3713	3616
93	2104	3570	3480
94	2104	3154	3092
95	2104	4429	4320
96	2104	1102	1056
0	2105	156228	131306
1	2105	5217	5098
2	2105	5667	5550
3	2105	5786	5650
4	2105	4756	4649
5	2105	4954	4824
6	2105	3501	3381
7	2105	4549	4436
8	2105	2051	1858
9	2105	5212	5104
10	2105	5540	5424
11	2105	4834	4712
12	2105	4632	4516
13	2105	4576	4484
14	2105	4880	4760
15	2105	4640	4532
16	2105	4291	4175
17	2105	5156	5064
18	2105	7285	7121
19	2105	4421	4319
20	2105	7269	7134
21	2105	6411	6269
22	2105	6287	6119
23	2105	4767	4657
24	2105	3830	3721
25	2105	5409	5277
26	2105	5136	5006
27	2105	4928	4811
28	2105	5883	5735
29	2105	4980	4822
30	2105	7094	6927
31	2105	6123	5970
32	2105	5371	5231
33	2105	5996	5883
34	2105	7249	7084
35	2105	5374	5253
36	2105	5864	5699
37	2105	6852	6738
38	2105	5706	5594
39	2105	5132	5016
40	2105	4385	4245
41	2105	3812	3702
42	2105	4613	4495
43	2105	4732	4634
44	2105	4870	4768
45	2105	5381	5276
46	2105	4703	4588
47	2105	4739	4627
48	2105	4107	3967
49	2105	4672	4547
50	2105	5886	5710
51	2105	5043	4916
52	2105	6093	5958
53	2105	4828	4731
54	2105	5449	5319
55	2105	5039	4900
56	2105	4338	4196
57	2105	3626	3522
58	2105	3867	3772
59	2105	3707	3635
60	2105	3487	3400
61	2105	4325	4253
62	2105	4127	4043
63	2105	3963	3883
64	2105	4186	4070
65	2105	4098	3960
66	2105	5340	5207
67	2105	2400	2222
68	2105	5340	5208
69	2105	5521	5410
70	2105	4131	4002
71	2105	4845	4733
72	2105	4340	4183
73	2105	3794	3691
74	2105	4591	4483
75	2105	4882	4783
76	2105	4629	4530
77	2105	4670	4575
78	2105	4488	4395
79	2105	4319	4221
80	2105	3113	3008
81	2105	4088	3973
82	2105	4093	3943
83	2105	4108	4007
84	2105	3206	3077
85	2105	5192	5089
86	2105	5261	5148
87	2105	5515	5356
88	2105	4536	4360
89	2105	4343	4234
90	2105	4289	4169
91	2105	4592	4444
92	2105	3518	3438
93	2105	3770	3684
94	2105	3249	3170
95	2105	4342	4223
96	2105	1004	935
0	2106	158382	131956
1	2106	5126	5001
2	2106	5624	5484
3	2106	5932	5757
4	2106	4777	4651
5	2106	5282	5115
6	2106	3496	3393
7	2106	4601	4471
8	2106	2086	1873
9	2106	5396	5257
10	2106	5859	5712
11	2106	4983	4847
12	2106	4914	4753
13	2106	4646	4537
14	2106	4857	4729
15	2106	4808	4684
16	2106	4415	4263
17	2106	5194	5064
18	2106	7393	7207
19	2106	4566	4433
20	2106	7398	7217
21	2106	6453	6295
22	2106	6249	6090
23	2106	4738	4591
24	2106	3814	3698
25	2106	5634	5476
26	2106	5365	5215
27	2106	4979	4820
28	2106	5805	5641
29	2106	4903	4716
30	2106	6876	6688
31	2106	6143	5975
32	2106	5540	5382
33	2106	6106	5958
34	2106	7367	7158
35	2106	5402	5242
36	2106	6019	5822
37	2106	6955	6789
38	2106	5807	5669
39	2106	5224	5062
40	2106	4466	4308
41	2106	3854	3719
42	2106	4494	4377
43	2106	4798	4687
44	2106	5053	4915
45	2106	5333	5196
46	2106	4925	4807
47	2106	4572	4437
48	2106	3901	3740
49	2106	4867	4728
50	2106	5950	5734
51	2106	5242	5107
52	2106	6224	6056
53	2106	5028	4914
54	2106	5669	5533
55	2106	5288	5124
56	2106	4298	4154
57	2106	3865	3750
58	2106	3967	3860
59	2106	3834	3739
60	2106	3564	3453
61	2106	4421	4310
62	2106	4192	4094
63	2106	4008	3880
64	2106	4293	4156
65	2106	4135	4001
66	2106	5276	5153
67	2106	2428	2230
68	2106	5587	5458
69	2106	5569	5423
70	2106	4053	3909
71	2106	4936	4784
72	2106	4260	4105
73	2106	3907	3745
74	2106	4448	4336
75	2106	4864	4753
76	2106	4596	4489
77	2106	4732	4613
78	2106	4756	4639
79	2106	4426	4314
80	2106	3076	2982
81	2106	4118	3986
82	2106	4167	4018
83	2106	4302	4202
84	2106	3196	3059
85	2106	5221	5111
86	2106	5442	5298
87	2106	5397	5202
88	2106	4530	4342
89	2106	4423	4283
90	2106	4254	4140
91	2106	4670	4530
92	2106	3703	3560
93	2106	3859	3756
94	2106	3307	3210
95	2106	4477	4338
96	2106	1060	1005
0	2107	158397	133916
1	2107	5161	5036
2	2107	5537	5401
3	2107	5871	5751
4	2107	4573	4470
5	2107	5072	4962
6	2107	3519	3444
7	2107	4435	4337
8	2107	2021	1825
9	2107	5443	5316
10	2107	5759	5639
11	2107	4973	4858
12	2107	4832	4733
13	2107	4585	4499
14	2107	4773	4674
15	2107	5030	4914
16	2107	4386	4274
17	2107	5259	5141
18	2107	7236	7096
19	2107	4485	4387
20	2107	7054	6912
21	2107	6416	6291
22	2107	6288	6136
23	2107	4711	4622
24	2107	3828	3723
25	2107	5570	5444
26	2107	5260	5143
27	2107	4937	4825
28	2107	5990	5826
29	2107	4548	4425
30	2107	7088	6934
31	2107	6109	5977
32	2107	5407	5241
33	2107	5913	5773
34	2107	7201	7044
35	2107	5415	5284
36	2107	5937	5816
37	2107	6865	6756
38	2107	5690	5575
39	2107	5161	5045
40	2107	4309	4170
41	2107	3762	3668
42	2107	4508	4416
43	2107	4797	4674
44	2107	5006	4897
45	2107	5192	5080
46	2107	4799	4687
47	2107	4687	4570
48	2107	3914	3781
49	2107	4852	4734
50	2107	5714	5481
51	2107	4947	4845
52	2107	6201	6043
53	2107	4988	4913
54	2107	5643	5518
55	2107	5107	4973
56	2107	4295	4150
57	2107	3735	3634
58	2107	3878	3790
59	2107	3667	3589
60	2107	3505	3414
61	2107	4313	4241
62	2107	4361	4274
63	2107	3955	3874
64	2107	4139	4038
65	2107	4210	4077
66	2107	5535	5417
67	2107	2331	2160
68	2107	5387	5259
69	2107	5497	5398
70	2107	4109	3959
71	2107	4690	4602
72	2107	4228	4108
73	2107	3869	3732
74	2107	4556	4464
75	2107	4862	4789
76	2107	4551	4452
77	2107	4701	4606
78	2107	4526	4433
79	2107	4323	4225
80	2107	3031	2916
81	2107	4105	3988
82	2107	4107	3998
83	2107	4126	4022
84	2107	3329	3201
85	2107	5077	4975
86	2107	5381	5259
87	2107	5417	5286
88	2107	4513	4358
89	2107	4352	4243
90	2107	4481	4386
91	2107	4576	4466
92	2107	3718	3609
93	2107	3818	3715
94	2107	3112	3039
95	2107	4395	4270
96	2107	1055	1009
0	2108	157007	131894
1	2108	5026	4915
2	2108	5704	5580
3	2108	5843	5721
4	2108	4903	4788
5	2108	5073	4928
6	2108	3359	3275
7	2108	4416	4303
8	2108	2031	1851
9	2108	5531	5410
10	2108	5654	5514
11	2108	5074	4952
12	2108	4797	4684
13	2108	4589	4472
14	2108	4761	4643
15	2108	4826	4719
16	2108	4337	4217
17	2108	5307	5171
18	2108	7340	7179
19	2108	4453	4363
20	2108	7513	7369
21	2108	6428	6247
22	2108	6322	6175
23	2108	4752	4660
24	2108	3810	3700
25	2108	5612	5481
26	2108	5222	5099
27	2108	4743	4634
28	2108	6090	5928
29	2108	4471	4322
30	2108	7071	6930
31	2108	6074	5941
32	2108	5422	5281
33	2108	6017	5884
34	2108	7331	7164
35	2108	5355	5204
36	2108	6066	5937
37	2108	6864	6714
38	2108	5665	5549
39	2108	5303	5186
40	2108	4475	4319
41	2108	3825	3710
42	2108	4677	4587
43	2108	4751	4641
44	2108	5005	4890
45	2108	5256	5129
46	2108	4785	4677
47	2108	4827	4723
48	2108	4067	3937
49	2108	4954	4789
50	2108	6005	5795
51	2108	4949	4828
52	2108	6304	6177
53	2108	5005	4899
54	2108	5667	5539
55	2108	5223	5079
56	2108	4368	4228
57	2108	3662	3567
58	2108	4092	3992
59	2108	3688	3601
60	2108	3531	3442
61	2108	4265	4193
62	2108	4226	4141
63	2108	4033	3950
64	2108	4139	4026
65	2108	4220	4101
66	2108	5454	5333
67	2108	2505	2316
68	2108	5363	5229
69	2108	5467	5352
70	2108	4252	4130
71	2108	4744	4627
72	2108	4321	4181
73	2108	3930	3779
74	2108	4471	4382
75	2108	4761	4652
76	2108	4611	4527
77	2108	4676	4551
78	2108	4465	4358
79	2108	4185	4106
80	2108	2942	2856
81	2108	4131	4015
82	2108	4285	4179
83	2108	4350	4221
84	2108	3276	3145
85	2108	5145	5024
86	2108	5378	5244
87	2108	5371	5210
88	2108	4373	4216
89	2108	4329	4213
90	2108	4136	4032
91	2108	4582	4456
92	2108	3559	3467
93	2108	3776	3708
94	2108	3140	3059
95	2108	4334	4222
96	2108	1064	1010
0	2109	155787	132026
1	2109	5209	5093
2	2109	5436	5316
3	2109	5694	5568
4	2109	4753	4631
5	2109	5110	5002
6	2109	3398	3319
7	2109	4446	4337
8	2109	2014	1813
9	2109	5353	5250
10	2109	5720	5583
11	2109	4966	4840
12	2109	4770	4669
13	2109	4655	4546
14	2109	4823	4722
15	2109	4944	4834
16	2109	4419	4293
17	2109	5308	5207
18	2109	7261	7114
19	2109	4517	4419
20	2109	7258	7097
21	2109	6402	6251
22	2109	6539	6381
23	2109	4893	4783
24	2109	3860	3742
25	2109	5696	5576
26	2109	5031	4918
27	2109	4734	4622
28	2109	5999	5847
29	2109	4464	4325
30	2109	6899	6751
31	2109	6195	6042
32	2109	5327	5157
33	2109	5946	5812
34	2109	7252	7104
35	2109	5402	5243
36	2109	6042	5912
37	2109	6911	6785
38	2109	5643	5505
39	2109	5112	4973
40	2109	4351	4225
41	2109	3823	3728
42	2109	4539	4426
43	2109	4844	4744
44	2109	4913	4808
45	2109	5351	5248
46	2109	4692	4575
47	2109	4619	4514
48	2109	3996	3879
49	2109	4629	4509
50	2109	5808	5613
51	2109	5057	4962
52	2109	6040	5893
53	2109	4951	4853
54	2109	5770	5626
55	2109	5168	5045
56	2109	4289	4134
57	2109	3823	3733
58	2109	3915	3830
59	2109	3600	3535
60	2109	3551	3446
61	2109	4277	4190
62	2109	4221	4138
63	2109	3956	3859
64	2109	4065	3948
65	2109	4225	4106
66	2109	5252	5143
67	2109	2378	2210
68	2109	5388	5257
69	2109	5701	5565
70	2109	4034	3900
71	2109	4905	4799
72	2109	4262	4089
73	2109	3859	3739
74	2109	4591	4492
75	2109	4708	4605
76	2109	4624	4535
77	2109	4786	4679
78	2109	4662	4565
79	2109	4257	4161
80	2109	2815	2730
81	2109	4206	4076
82	2109	4045	3933
83	2109	4267	4156
84	2109	3230	3103
85	2109	5157	5032
86	2109	5312	5187
87	2109	5299	5170
88	2109	4398	4255
89	2109	4434	4304
90	2109	4278	4156
91	2109	4680	4564
92	2109	3636	3562
93	2109	3645	3567
94	2109	3103	3035
95	2109	4476	4364
96	2109	1153	1110
0	2110	155918	131354
1	2110	5122	4998
2	2110	5664	5551
3	2110	5828	5687
4	2110	4812	4685
5	2110	5226	5106
6	2110	3333	3220
7	2110	4522	4405
8	2110	2005	1817
9	2110	5523	5419
10	2110	5771	5640
11	2110	5097	4971
12	2110	4943	4821
13	2110	4666	4544
14	2110	4820	4692
15	2110	4877	4763
16	2110	4397	4281
17	2110	5250	5143
18	2110	7173	7010
19	2110	4299	4194
20	2110	7156	7007
21	2110	6489	6366
22	2110	6354	6197
23	2110	4947	4824
24	2110	3845	3726
25	2110	5520	5386
26	2110	5311	5175
27	2110	4788	4654
28	2110	6118	5982
29	2110	4050	3875
30	2110	7031	6868
31	2110	6221	6063
32	2110	5339	5184
33	2110	6368	6223
34	2110	7160	6994
35	2110	5601	5455
36	2110	6062	5920
37	2110	6982	6844
38	2110	5625	5493
39	2110	5237	5102
40	2110	4457	4307
41	2110	3893	3779
42	2110	4418	4314
43	2110	4695	4585
44	2110	4989	4876
45	2110	5177	5063
46	2110	4770	4649
47	2110	4649	4546
48	2110	3900	3773
49	2110	4952	4844
50	2110	5909	5706
51	2110	5006	4885
52	2110	6329	6187
53	2110	5190	5077
54	2110	5581	5458
55	2110	5318	5196
56	2110	4461	4318
57	2110	3835	3717
58	2110	4023	3898
59	2110	3778	3697
60	2110	3658	3565
61	2110	4454	4345
62	2110	4247	4144
63	2110	3970	3869
64	2110	4065	3937
65	2110	3991	3860
66	2110	5459	5319
67	2110	2284	2125
68	2110	5616	5465
69	2110	5582	5440
70	2110	4010	3860
71	2110	4963	4836
72	2110	4459	4300
73	2110	3908	3793
74	2110	4634	4539
75	2110	4802	4713
76	2110	4722	4614
77	2110	4574	4482
78	2110	4486	4390
79	2110	4193	4112
80	2110	2919	2817
81	2110	4239	4112
82	2110	4201	4078
83	2110	4298	4198
84	2110	3356	3225
85	2110	5143	5041
86	2110	5441	5317
87	2110	5465	5312
88	2110	4418	4277
89	2110	4324	4221
90	2110	4304	4196
91	2110	4652	4537
92	2110	3789	3700
93	2110	3737	3655
94	2110	3204	3135
95	2110	4501	4386
96	2110	1078	1029
0	2111	159679	132611
1	2111	5341	5206
2	2111	5730	5608
3	2111	6117	5962
4	2111	4809	4673
5	2111	5195	5059
6	2111	3403	3302
7	2111	4595	4460
8	2111	2135	1953
9	2111	5492	5363
10	2111	5786	5660
11	2111	5116	4991
12	2111	5019	4897
13	2111	4826	4695
14	2111	4874	4759
15	2111	4947	4821
16	2111	4394	4253
17	2111	5398	5280
18	2111	7428	7264
19	2111	4479	4364
20	2111	7459	7296
21	2111	6595	6425
22	2111	6677	6522
23	2111	4903	4778
24	2111	3838	3715
25	2111	5671	5524
26	2111	5321	5178
27	2111	4786	4654
28	2111	6055	5879
29	2111	3971	3781
30	2111	7234	7052
31	2111	6262	6140
32	2111	5622	5462
33	2111	6335	6205
34	2111	7398	7209
35	2111	5585	5443
36	2111	6323	6160
37	2111	7175	7019
38	2111	5728	5595
39	2111	5277	5130
40	2111	4460	4332
41	2111	3869	3758
42	2111	4643	4519
43	2111	4767	4653
44	2111	5153	5040
45	2111	5223	5122
46	2111	4722	4596
47	2111	4900	4773
48	2111	3951	3832
49	2111	5091	4923
50	2111	6048	5817
51	2111	5074	4941
52	2111	6387	6221
53	2111	5089	4987
54	2111	5691	5542
55	2111	5333	5209
56	2111	4350	4195
57	2111	3903	3790
58	2111	4126	4021
59	2111	3901	3816
60	2111	3563	3461
61	2111	4495	4397
62	2111	4273	4170
63	2111	4261	4170
64	2111	4336	4218
65	2111	4315	4187
66	2111	5447	5326
67	2111	2489	2304
68	2111	5458	5322
69	2111	5525	5406
70	2111	4266	4100
71	2111	4943	4821
72	2111	4236	4089
73	2111	3991	3840
74	2111	4718	4607
75	2111	5011	4904
76	2111	4716	4584
77	2111	4735	4616
78	2111	4798	4679
79	2111	4264	4160
80	2111	2909	2820
81	2111	4233	4097
82	2111	4196	4065
83	2111	4412	4294
84	2111	3333	3184
85	2111	5227	5128
86	2111	5353	5235
87	2111	5581	5412
88	2111	4493	4334
89	2111	4401	4245
90	2111	4460	4338
91	2111	4785	4636
92	2111	3650	3530
93	2111	3893	3794
94	2111	3318	3231
95	2111	4480	4356
96	2111	1044	984
0	2112	156297	130147
1	2112	5250	5123
2	2112	5762	5626
3	2112	6122	5950
4	2112	4710	4608
5	2112	5053	4921
6	2112	3394	3288
7	2112	4681	4541
8	2112	1988	1806
9	2112	5565	5444
10	2112	5803	5665
11	2112	5043	4921
12	2112	4992	4886
13	2112	4640	4530
14	2112	4786	4665
15	2112	4871	4761
16	2112	4367	4239
17	2112	5350	5230
18	2112	7258	7107
19	2112	4561	4453
20	2112	7380	7242
21	2112	6534	6361
22	2112	6423	6293
23	2112	4836	4713
24	2112	3747	3648
25	2112	5696	5556
26	2112	5312	5178
27	2112	4604	4464
28	2112	6043	5893
29	2112	3718	3530
30	2112	7154	6980
31	2112	6324	6174
32	2112	5507	5317
33	2112	6247	6124
34	2112	7511	7325
35	2112	5471	5336
36	2112	6104	5965
37	2112	7005	6835
38	2112	5657	5515
39	2112	5052	4935
40	2112	4500	4341
41	2112	4031	3917
42	2112	4579	4464
43	2112	4791	4675
44	2112	5025	4904
45	2112	5242	5118
46	2112	4649	4533
47	2112	4796	4653
48	2112	3994	3872
49	2112	5051	4891
50	2112	6054	5818
51	2112	5049	4935
52	2112	6363	6203
53	2112	5047	4940
54	2112	5585	5444
55	2112	5243	5108
56	2112	4291	4145
57	2112	3690	3559
58	2112	4026	3902
59	2112	3784	3700
60	2112	3632	3536
61	2112	4379	4287
62	2112	4355	4247
63	2112	4032	3922
64	2112	4075	3968
65	2112	4080	3937
66	2112	5371	5228
67	2112	2365	2192
68	2112	5491	5337
69	2112	5465	5326
70	2112	4377	4231
71	2112	4886	4761
72	2112	4330	4186
73	2112	3874	3749
74	2112	4559	4461
75	2112	4958	4836
76	2112	4632	4532
77	2112	4737	4649
78	2112	4601	4506
79	2112	4227	4115
80	2112	2632	2543
81	2112	4327	4210
82	2112	4114	4004
83	2112	4522	4394
84	2112	3360	3228
85	2112	5215	5072
86	2112	5488	5334
87	2112	5504	5352
88	2112	4560	4355
89	2112	4396	4275
90	2112	4199	4104
91	2112	4765	4633
92	2112	3697	3577
93	2112	3801	3707
94	2112	3196	3111
95	2112	4591	4460
96	2112	1070	1014
0	2113	158779	132520
1	2113	5239	5103
2	2113	5905	5774
3	2113	6101	5943
4	2113	4850	4724
5	2113	5151	5025
6	2113	3300	3204
7	2113	4538	4424
8	2113	1969	1826
9	2113	5514	5369
10	2113	5682	5546
11	2113	5094	4981
12	2113	4848	4738
13	2113	4778	4658
14	2113	4914	4794
15	2113	4791	4671
16	2113	4413	4264
17	2113	5311	5182
18	2113	7398	7208
19	2113	4464	4347
20	2113	7362	7214
21	2113	6562	6415
22	2113	6407	6257
23	2113	4805	4672
24	2113	3829	3696
25	2113	5734	5610
26	2113	5324	5176
27	2113	4571	4421
28	2113	6055	5873
29	2113	3294	3124
30	2113	7002	6828
31	2113	6348	6200
32	2113	5430	5249
33	2113	6224	6088
34	2113	7342	7169
35	2113	5420	5271
36	2113	6115	5982
37	2113	7139	6999
38	2113	5660	5531
39	2113	5167	5028
40	2113	4364	4216
41	2113	3909	3794
42	2113	4565	4454
43	2113	4631	4549
44	2113	4917	4799
45	2113	5321	5212
46	2113	4808	4669
47	2113	4775	4654
48	2113	3876	3762
49	2113	4969	4842
50	2113	5780	5569
51	2113	4989	4856
52	2113	6497	6340
53	2113	5093	4988
54	2113	5505	5364
55	2113	5397	5256
56	2113	4243	4081
57	2113	3746	3637
58	2113	3956	3871
59	2113	3730	3647
60	2113	3461	3367
61	2113	4546	4452
62	2113	4290	4179
63	2113	4056	3969
64	2113	4111	3993
65	2113	4095	3963
66	2113	5302	5165
67	2113	2365	2193
68	2113	5560	5393
69	2113	5527	5403
70	2113	4180	4019
71	2113	4989	4872
72	2113	4252	4089
73	2113	3776	3644
74	2113	4598	4466
75	2113	4896	4794
76	2113	4720	4629
77	2113	4838	4733
78	2113	4726	4616
79	2113	4111	4014
80	2113	2571	2468
81	2113	4226	4107
82	2113	4144	4000
83	2113	4118	3996
84	2113	3310	3156
85	2113	5268	5151
86	2113	5302	5169
87	2113	5692	5514
88	2113	4552	4373
89	2113	4401	4291
90	2113	4202	4070
91	2113	4649	4517
92	2113	3499	3396
93	2113	3826	3719
94	2113	3099	3020
95	2113	4463	4358
96	2113	1082	1034
0	2114	154795	129608
1	2114	5090	4983
2	2114	5801	5648
3	2114	5993	5859
4	2114	4649	4529
5	2114	5051	4924
6	2114	3155	3040
7	2114	4355	4222
8	2114	2006	1849
9	2114	5606	5481
10	2114	5734	5603
11	2114	5006	4884
12	2114	4808	4681
13	2114	4765	4656
14	2114	4754	4626
15	2114	5001	4888
16	2114	4347	4229
17	2114	5337	5224
18	2114	7299	7114
19	2114	4426	4300
20	2114	7301	7141
21	2114	6417	6264
22	2114	6314	6165
23	2114	4841	4728
24	2114	3693	3602
25	2114	5782	5642
26	2114	5033	4882
27	2114	4390	4234
28	2114	5806	5657
29	2114	2638	2499
30	2114	6859	6711
31	2114	6247	6090
32	2114	5264	5134
33	2114	6213	6067
34	2114	7176	7017
35	2114	5433	5299
36	2114	5946	5820
37	2114	6948	6806
38	2114	5737	5594
39	2114	5005	4861
40	2114	4329	4187
41	2114	3865	3754
42	2114	4453	4351
43	2114	4830	4740
44	2114	5007	4883
45	2114	5312	5200
46	2114	4636	4513
47	2114	4926	4797
48	2114	3885	3748
49	2114	4940	4799
50	2114	5938	5763
51	2114	5117	4983
52	2114	6194	6049
53	2114	5109	4987
54	2114	5342	5192
55	2114	5142	5020
56	2114	4227	4119
57	2114	3616	3534
58	2114	3946	3848
59	2114	3682	3590
60	2114	3593	3491
61	2114	4436	4340
62	2114	4203	4108
63	2114	4056	3962
64	2114	4335	4208
65	2114	3961	3840
66	2114	5440	5311
67	2114	2186	2052
68	2114	5435	5312
69	2114	5393	5282
70	2114	3976	3845
71	2114	4910	4795
72	2114	4221	4091
73	2114	3941	3813
74	2114	4304	4181
75	2114	4841	4745
76	2114	4578	4480
77	2114	4765	4655
78	2114	4499	4394
79	2114	4209	4106
80	2114	2437	2327
81	2114	4202	4086
82	2114	4151	4050
83	2114	4269	4153
84	2114	3141	3025
85	2114	5084	4972
86	2114	5182	5055
87	2114	5386	5217
88	2114	4424	4249
89	2114	4259	4135
90	2114	4248	4131
91	2114	4557	4435
92	2114	3585	3483
93	2114	3719	3610
94	2114	3040	2962
95	2114	4566	4429
96	2114	958	904
0	2115	154039	129427
1	2115	5289	5137
2	2115	5753	5595
3	2115	5948	5777
4	2115	4705	4573
5	2115	4978	4848
6	2115	2969	2882
7	2115	4369	4250
8	2115	1882	1709
9	2115	5676	5522
10	2115	5813	5660
11	2115	5086	4954
12	2115	4991	4866
13	2115	4677	4558
14	2115	4791	4666
15	2115	4886	4748
16	2115	4421	4289
17	2115	5302	5187
18	2115	7256	7069
19	2115	4710	4583
20	2115	7442	7284
21	2115	6467	6288
22	2115	6426	6235
23	2115	4785	4636
24	2115	3784	3675
25	2115	5492	5345
26	2115	5178	5026
27	2115	4264	4120
28	2115	6041	5868
29	2115	2133	2003
30	2115	6693	6513
31	2115	6367	6197
32	2115	5113	4976
33	2115	6195	6059
34	2115	7305	7087
35	2115	5393	5241
36	2115	5970	5809
37	2115	6964	6802
38	2115	5903	5746
39	2115	4959	4797
40	2115	4320	4166
41	2115	3916	3794
42	2115	4392	4268
43	2115	4773	4654
44	2115	5113	4982
45	2115	5261	5112
46	2115	4416	4280
47	2115	4648	4521
48	2115	3839	3702
49	2115	5034	4871
50	2115	5795	5552
51	2115	4989	4864
52	2115	6164	5998
53	2115	4976	4869
54	2115	5231	5072
55	2115	5274	5115
56	2115	4209	4070
57	2115	3582	3462
58	2115	3962	3858
59	2115	3899	3813
60	2115	3465	3363
61	2115	4334	4241
62	2115	4107	4010
63	2115	3993	3897
64	2115	4103	3972
65	2115	3876	3733
66	2115	5268	5128
67	2115	2355	2214
68	2115	5452	5289
69	2115	5562	5444
70	2115	3853	3710
71	2115	4963	4808
72	2115	4149	4002
73	2115	3688	3533
74	2115	4208	4090
75	2115	4876	4773
76	2115	4494	4387
77	2115	4626	4514
78	2115	4323	4229
79	2115	4180	4072
80	2115	2325	2218
81	2115	4206	4050
82	2115	4114	3988
83	2115	4371	4251
84	2115	3148	3026
85	2115	4981	4837
86	2115	5001	4855
87	2115	5348	5173
88	2115	4325	4136
89	2115	4387	4258
90	2115	4551	4417
91	2115	4688	4542
92	2115	3753	3642
93	2115	3766	3648
94	2115	2989	2905
95	2115	4501	4354
96	2115	1026	969
0	2116	155279	131451
1	2116	5270	5163
2	2116	5790	5664
3	2116	5938	5813
4	2116	4720	4608
5	2116	4995	4869
6	2116	2911	2823
7	2116	4412	4298
8	2116	1912	1743
9	2116	5593	5487
10	2116	5846	5701
11	2116	5328	5207
12	2116	5005	4886
13	2116	4889	4774
14	2116	4674	4550
15	2116	4975	4868
16	2116	4377	4254
17	2116	5442	5334
18	2116	7502	7346
19	2116	4471	4376
20	2116	7436	7286
21	2116	6660	6516
22	2116	6411	6273
23	2116	4906	4768
24	2116	3651	3559
25	2116	5685	5555
26	2116	5325	5172
27	2116	4167	4019
28	2116	6118	5972
29	2116	1802	1674
30	2116	6891	6727
31	2116	6413	6251
32	2116	5345	5201
33	2116	6459	6317
34	2116	7164	6989
35	2116	5294	5146
36	2116	6208	6060
37	2116	7108	6976
38	2116	5849	5712
39	2116	4822	4711
40	2116	4333	4184
41	2116	3829	3708
42	2116	4556	4450
43	2116	4794	4710
44	2116	4965	4849
45	2116	5310	5192
46	2116	4356	4220
47	2116	4767	4641
48	2116	3899	3791
49	2116	4725	4609
50	2116	5982	5764
51	2116	5297	5205
52	2116	6203	6032
53	2116	4903	4775
54	2116	5398	5253
55	2116	5271	5136
56	2116	4182	4040
57	2116	3643	3541
58	2116	3972	3881
59	2116	3914	3832
60	2116	3608	3501
61	2116	4376	4281
62	2116	4187	4073
63	2116	4194	4098
64	2116	4138	4017
65	2116	4019	3902
66	2116	5282	5173
67	2116	2426	2285
68	2116	5466	5321
69	2116	5526	5401
70	2116	4104	3969
71	2116	4954	4834
72	2116	4181	4055
73	2116	3807	3678
74	2116	4336	4241
75	2116	4972	4868
76	2116	4746	4615
77	2116	4855	4741
78	2116	4501	4388
79	2116	4169	4064
80	2116	2154	2058
81	2116	4337	4226
82	2116	4257	4138
83	2116	4504	4388
84	2116	3355	3223
85	2116	5248	5130
86	2116	5315	5161
87	2116	5312	5143
88	2116	4440	4268
89	2116	4553	4447
90	2116	4302	4185
91	2116	4783	4653
92	2116	3658	3555
93	2116	3853	3759
94	2116	3057	2975
95	2116	4646	4512
96	2116	1066	1010
0	2117	155992	130771
1	2117	5384	5242
2	2117	5758	5638
3	2117	5948	5817
4	2117	4761	4626
5	2117	5028	4898
6	2117	2743	2643
7	2117	4484	4378
8	2117	1944	1773
9	2117	5713	5594
10	2117	5882	5736
11	2117	5054	4916
12	2117	5100	4979
13	2117	4786	4660
14	2117	4709	4577
15	2117	5057	4943
16	2117	4400	4283
17	2117	5511	5380
18	2117	7387	7257
19	2117	4588	4482
20	2117	7428	7292
21	2117	6722	6571
22	2117	6413	6268
23	2117	4971	4854
24	2117	3690	3574
25	2117	5418	5323
26	2117	5361	5232
27	2117	4074	3922
28	2117	5924	5771
29	2117	1367	1263
30	2117	6885	6727
31	2117	6186	6040
32	2117	5324	5158
33	2117	6380	6255
34	2117	7167	6985
35	2117	5570	5417
36	2117	6037	5886
37	2117	6963	6829
38	2117	5686	5535
39	2117	4851	4715
40	2117	4161	3996
41	2117	3788	3677
42	2117	4431	4324
43	2117	4741	4632
44	2117	5035	4920
45	2117	5232	5080
46	2117	4210	4055
47	2117	4753	4631
48	2117	3841	3725
49	2117	4962	4832
50	2117	6041	5836
51	2117	5179	5066
52	2117	6193	6060
53	2117	4948	4825
54	2117	5220	5068
55	2117	5202	5089
56	2117	4299	4163
57	2117	3614	3522
58	2117	3871	3771
59	2117	3873	3773
60	2117	3667	3584
61	2117	4489	4390
62	2117	3934	3824
63	2117	4271	4170
64	2117	4045	3924
65	2117	3819	3691
66	2117	5187	5049
67	2117	2400	2268
68	2117	5546	5403
69	2117	5458	5326
70	2117	3889	3732
71	2117	4803	4690
72	2117	4328	4194
73	2117	3741	3611
74	2117	4065	3951
75	2117	4935	4830
76	2117	4639	4534
77	2117	4763	4648
78	2117	4497	4381
79	2117	3960	3841
80	2117	1901	1795
81	2117	4280	4160
82	2117	4029	3923
83	2117	4346	4223
84	2117	3169	3049
85	2117	5092	4969
86	2117	5058	4907
87	2117	5130	4989
88	2117	4420	4242
89	2117	4455	4324
90	2117	4494	4387
91	2117	4715	4589
92	2117	3613	3516
93	2117	3788	3681
94	2117	3089	2993
95	2117	4577	4459
96	2117	1009	959
0	2118	159103	132757
1	2118	5305	5171
2	2118	5649	5510
3	2118	6211	6061
4	2118	4860	4740
5	2118	5043	4881
6	2118	2719	2592
7	2118	4631	4497
8	2118	1940	1788
9	2118	5752	5616
10	2118	5919	5743
11	2118	5246	5088
12	2118	5069	4927
13	2118	4714	4589
14	2118	4650	4507
15	2118	5273	5141
16	2118	4275	4139
17	2118	5258	5161
18	2118	7497	7325
19	2118	4552	4432
20	2118	7609	7441
21	2118	6525	6342
22	2118	6352	6181
23	2118	5007	4888
24	2118	3635	3525
25	2118	5782	5647
26	2118	5139	4990
27	2118	3765	3575
28	2118	6055	5893
29	2118	1208	1103
30	2118	6387	6203
31	2118	6175	5988
32	2118	5235	5078
33	2118	6407	6252
34	2118	7071	6889
35	2118	5365	5201
36	2118	6154	6004
37	2118	7082	6938
38	2118	5664	5502
39	2118	4492	4333
40	2118	4114	3969
41	2118	3756	3656
42	2118	4551	4451
43	2118	4763	4644
44	2118	4862	4735
45	2118	5153	5010
46	2118	4002	3868
47	2118	4636	4521
48	2118	3830	3700
49	2118	4895	4760
50	2118	5988	5762
51	2118	5243	5083
52	2118	6263	6090
53	2118	4741	4597
54	2118	5104	4942
55	2118	5064	4928
56	2118	4194	4030
57	2118	3672	3554
58	2118	4033	3924
59	2118	3961	3874
60	2118	3592	3500
61	2118	4434	4333
62	2118	3989	3864
63	2118	4108	4003
64	2118	3988	3840
65	2118	3757	3620
66	2118	5198	5067
67	2118	2403	2257
68	2118	5353	5205
69	2118	5432	5311
70	2118	3857	3686
71	2118	4886	4740
72	2118	4183	4018
73	2118	3901	3782
74	2118	3893	3768
75	2118	4979	4860
76	2118	4680	4572
77	2118	4748	4601
78	2118	4242	4107
79	2118	3922	3816
80	2118	1710	1610
81	2118	4187	4082
82	2118	4149	4010
83	2118	4535	4415
84	2118	3220	3068
85	2118	5239	5122
86	2118	4897	4762
87	2118	5026	4849
88	2118	4448	4236
89	2118	4419	4299
90	2118	4427	4308
91	2118	4643	4514
92	2118	3654	3542
93	2118	3821	3712
94	2118	2980	2895
95	2118	4568	4438
96	2118	1046	995
0	2119	156989	130306
1	2119	5396	5247
2	2119	5778	5600
3	2119	6178	5999
4	2119	4755	4636
5	2119	5020	4857
6	2119	2525	2408
7	2119	4555	4405
8	2119	1906	1751
9	2119	5667	5535
10	2119	5798	5655
11	2119	5214	5070
12	2119	5022	4893
13	2119	4919	4790
14	2119	4573	4432
15	2119	5052	4921
16	2119	4330	4181
17	2119	5680	5530
18	2119	7626	7464
19	2119	4576	4468
20	2119	7621	7451
21	2119	6694	6500
22	2119	6361	6178
23	2119	4908	4775
24	2119	3631	3515
25	2119	5817	5683
26	2119	5266	5115
27	2119	3797	3635
28	2119	5947	5762
29	2119	1070	968
30	2119	6420	6216
31	2119	6159	5979
32	2119	5039	4881
33	2119	6486	6320
34	2119	7108	6912
35	2119	5596	5405
36	2119	6462	6299
37	2119	7159	6990
38	2119	5600	5438
39	2119	4655	4483
40	2119	4114	3932
41	2119	3941	3806
42	2119	4691	4568
43	2119	4921	4810
44	2119	4870	4754
45	2119	5197	5049
46	2119	4161	3985
47	2119	4836	4699
48	2119	3745	3608
49	2119	5013	4862
50	2119	6218	5971
51	2119	5293	5136
52	2119	6350	6151
53	2119	4875	4746
54	2119	5006	4851
55	2119	5343	5203
56	2119	4260	4105
57	2119	3436	3307
58	2119	3921	3809
59	2119	4050	3953
60	2119	3614	3516
61	2119	4640	4531
62	2119	3840	3726
63	2119	4250	4131
64	2119	4027	3906
65	2119	3813	3667
66	2119	5235	5088
67	2119	2406	2260
68	2119	5501	5320
69	2119	5302	5135
70	2119	3800	3652
71	2119	4944	4813
72	2119	4083	3912
73	2119	3856	3711
74	2119	3920	3796
75	2119	4911	4796
76	2119	4661	4555
77	2119	4703	4559
78	2119	4302	4158
79	2119	3951	3810
80	2119	1527	1437
81	2119	4291	4174
82	2119	3977	3850
83	2119	4491	4349
84	2119	3199	3047
85	2119	5345	5212
86	2119	4914	4736
87	2119	5135	4979
88	2119	4255	4066
89	2119	4471	4376
90	2119	4395	4291
91	2119	4999	4842
92	2119	3797	3691
93	2119	3720	3609
94	2119	2811	2728
95	2119	4526	4387
96	2119	943	899
