SampleNumber	Tile	NumberOfReadsRaw	NumberOfReadsPF
0	1101	87312	60593
1	1101	4626	4406
2	1101	2634	2513
3	1101	4412	4206
4	1101	6780	6423
5	1101	4735	4523
6	1101	3930	3707
7	1101	6397	6068
8	1101	2723	2581
9	1101	6472	6166
10	1101	6189	5902
11	1101	3478	3326
12	1101	5246	4962
13	1101	4911	4675
14	1101	6372	6033
15	1101	5678	5400
16	1101	5295	5055
17	1101	7790	7437
18	1101	5612	5350
19	1101	5602	5394
20	1101	5860	5579
21	1101	5071	4845
22	1101	5229	4978
23	1101	4443	4210
24	1101	4977	4761
25	1101	4974	4757
26	1101	5170	4933
27	1101	5156	4926
28	1101	7375	7028
29	1101	6235	5894
30	1101	6187	5894
31	1101	4911	4685
32	1101	5253	5027
33	1101	5403	5168
34	1101	5514	5300
35	1101	5716	5466
36	1101	6309	6034
37	1101	5895	5662
38	1101	4596	4368
39	1101	5621	5367
40	1101	5465	4899
41	1101	5469	5217
42	1101	4214	4043
43	1101	4118	3958
44	1101	75	67
45	1101	6137	5849
46	1101	5082	4857
47	1101	5040	4805
48	1101	4797	4615
49	1101	5019	4737
50	1101	4109	3896
51	1101	5399	5149
52	1101	4938	4698
53	1101	5382	5109
54	1101	4067	3836
55	1101	5646	5348
56	1101	4918	4706
57	1101	4889	4649
58	1101	4389	4143
59	1101	11969	11433
60	1101	5468	5188
61	1101	4590	4379
62	1101	4561	4320
63	1101	5124	4874
64	1101	4272	4075
65	1101	4910	4677
66	1101	4837	4617
67	1101	4521	4335
68	1101	6286	5980
69	1101	5371	5108
70	1101	6430	6096
71	1101	5643	5341
72	1101	5106	4877
73	1101	4412	4197
74	1101	6081	5804
75	1101	5219	5001
76	1101	2091	1972
77	1101	6453	6173
78	1101	7942	7586
79	1101	5989	5705
80	1101	3836	3652
81	1101	5129	4893
82	1101	7329	6989
83	1101	5906	5670
84	1101	4978	4742
85	1101	6136	5852
86	1101	5819	5547
87	1101	5900	5597
88	1101	5228	4948
89	1101	4848	4620
90	1101	5546	5284
91	1101	4737	4534
92	1101	5474	5199
93	1101	5499	5230
94	1101	5292	5023
95	1101	6612	6297
96	1101	4817	4571
97	1101	8487	8078
98	1101	6166	5837
99	1101	6543	6219
100	1101	6249	6000
101	1101	5487	5253
102	1101	4888	4652
103	1101	5571	5330
104	1101	4337	4137
105	1101	4696	4506
106	1101	6677	6328
107	1101	6178	5883
108	1101	9992	9567
109	1101	147	90
110	1101	9407	8931
111	1101	6859	6583
112	1101	4681	4487
113	1101	6472	6173
114	1101	6800	6441
115	1101	5909	5627
116	1101	5099	4889
117	1101	7282	6942
118	1101	5712	5398
119	1101	3658	3525
120	1101	4017	3814
121	1101	5321	5074
122	1101	3964	3782
123	1101	4779	4582
124	1101	4364	4192
125	1101	7251	6578
126	1101	5065	4807
127	1101	72	53
128	1101	386	306
129	1101	39	33
130	1101	8	5
131	1101	91	61
132	1101	123	80
133	1101	9	8
134	1101	28	22
0	1102	88027	59381
1	1102	4698	4477
2	1102	2673	2521
3	1102	4061	3881
4	1102	6373	6025
5	1102	4432	4228
6	1102	3947	3717
7	1102	6438	6116
8	1102	2759	2600
9	1102	6593	6225
10	1102	6080	5759
11	1102	3561	3392
12	1102	5465	5173
13	1102	4762	4559
14	1102	6248	5917
15	1102	5760	5494
16	1102	5062	4818
17	1102	7483	7145
18	1102	5587	5312
19	1102	5823	5610
20	1102	5706	5427
21	1102	5040	4839
22	1102	5166	4898
23	1102	4420	4217
24	1102	4743	4541
25	1102	4754	4512
26	1102	5300	5026
27	1102	5222	4973
28	1102	7429	7068
29	1102	6296	5944
30	1102	6349	6017
31	1102	5075	4860
32	1102	5468	5224
33	1102	5301	5080
34	1102	5205	4986
35	1102	5407	5179
36	1102	6376	6072
37	1102	5770	5521
38	1102	4516	4291
39	1102	5656	5413
40	1102	5445	4791
41	1102	5409	5152
42	1102	4199	3989
43	1102	4071	3900
44	1102	49	39
45	1102	5917	5674
46	1102	4888	4648
47	1102	5138	4901
48	1102	4488	4283
49	1102	5020	4747
50	1102	4044	3827
51	1102	5159	4914
52	1102	4878	4606
53	1102	5291	5036
54	1102	4149	3930
55	1102	5554	5289
56	1102	4682	4481
57	1102	4867	4607
58	1102	4274	4035
59	1102	12179	11613
60	1102	5184	4932
61	1102	4486	4288
62	1102	4445	4213
63	1102	4928	4696
64	1102	4013	3831
65	1102	5081	4853
66	1102	4831	4570
67	1102	4560	4347
68	1102	6180	5887
69	1102	5275	4989
70	1102	6566	6222
71	1102	5345	5097
72	1102	4952	4734
73	1102	4246	4036
74	1102	6010	5706
75	1102	5140	4895
76	1102	2189	2058
77	1102	6366	6066
78	1102	8153	7717
79	1102	6129	5829
80	1102	3931	3737
81	1102	5079	4822
82	1102	7133	6761
83	1102	6110	5842
84	1102	4929	4678
85	1102	6202	5917
86	1102	6051	5709
87	1102	5821	5526
88	1102	5102	4818
89	1102	4705	4497
90	1102	5449	5134
91	1102	4462	4258
92	1102	5425	5150
93	1102	5414	5174
94	1102	5264	4987
95	1102	6515	6208
96	1102	4878	4631
97	1102	8593	8148
98	1102	6270	5923
99	1102	6819	6472
100	1102	6266	5976
101	1102	5439	5196
102	1102	4750	4476
103	1102	5546	5286
104	1102	4114	3938
105	1102	4660	4466
106	1102	6705	6328
107	1102	6428	6059
108	1102	9477	9058
109	1102	132	72
110	1102	9535	9067
111	1102	6680	6356
112	1102	4890	4652
113	1102	6391	6080
114	1102	6784	6470
115	1102	5645	5358
116	1102	5093	4868
117	1102	7036	6706
118	1102	5729	5400
119	1102	3359	3198
120	1102	4043	3849
121	1102	5196	4966
122	1102	3743	3570
123	1102	4476	4262
124	1102	4347	4177
125	1102	6888	6142
126	1102	5190	4926
127	1102	69	61
128	1102	392	299
129	1102	39	36
130	1102	17	17
131	1102	102	69
132	1102	133	79
133	1102	13	11
134	1102	32	27
0	1103	86383	59939
1	1103	4612	4391
2	1103	2677	2532
3	1103	4295	4112
4	1103	6573	6234
5	1103	4395	4199
6	1103	3711	3508
7	1103	6544	6218
8	1103	2778	2639
9	1103	6504	6227
10	1103	5975	5689
11	1103	3480	3333
12	1103	5395	5121
13	1103	4777	4574
14	1103	6184	5883
15	1103	5773	5527
16	1103	4977	4770
17	1103	7714	7374
18	1103	5696	5458
19	1103	5709	5463
20	1103	5522	5267
21	1103	5031	4829
22	1103	5062	4831
23	1103	4427	4238
24	1103	4832	4626
25	1103	4822	4599
26	1103	5244	5006
27	1103	4941	4710
28	1103	7030	6686
29	1103	6196	5883
30	1103	6183	5879
31	1103	4884	4639
32	1103	5466	5215
33	1103	5425	5199
34	1103	5324	5098
35	1103	5703	5457
36	1103	6309	6038
37	1103	5962	5718
38	1103	4392	4189
39	1103	5703	5438
40	1103	5356	4699
41	1103	5409	5176
42	1103	4082	3885
43	1103	4081	3912
44	1103	59	46
45	1103	6096	5867
46	1103	4963	4714
47	1103	5111	4887
48	1103	4491	4301
49	1103	4814	4582
50	1103	4099	3876
51	1103	5574	5344
52	1103	4736	4493
53	1103	5414	5135
54	1103	3924	3728
55	1103	5579	5326
56	1103	4777	4560
57	1103	4816	4583
58	1103	4158	3960
59	1103	12013	11501
60	1103	5348	5097
61	1103	4390	4187
62	1103	4358	4144
63	1103	4852	4635
64	1103	4085	3917
65	1103	4777	4558
66	1103	4816	4568
67	1103	4377	4205
68	1103	6148	5855
69	1103	5019	4767
70	1103	6496	6179
71	1103	5609	5387
72	1103	5200	4989
73	1103	4328	4149
74	1103	5977	5723
75	1103	5102	4891
76	1103	2115	2012
77	1103	6274	5996
78	1103	8178	7756
79	1103	6024	5719
80	1103	3815	3621
81	1103	5192	4935
82	1103	7081	6736
83	1103	6090	5822
84	1103	4949	4720
85	1103	5999	5747
86	1103	5881	5547
87	1103	5832	5584
88	1103	5025	4734
89	1103	4735	4507
90	1103	5301	5068
91	1103	4403	4193
92	1103	5353	5104
93	1103	5290	5034
94	1103	5081	4821
95	1103	6469	6154
96	1103	4771	4551
97	1103	8513	8126
98	1103	5935	5616
99	1103	6672	6366
100	1103	6233	5953
101	1103	5300	5079
102	1103	4766	4517
103	1103	5215	4987
104	1103	4236	4045
105	1103	4626	4456
106	1103	6242	5919
107	1103	6458	6154
108	1103	9554	9146
109	1103	155	92
110	1103	9546	9081
111	1103	6532	6261
112	1103	4844	4639
113	1103	6288	6004
114	1103	6676	6332
115	1103	5848	5572
116	1103	4996	4747
117	1103	6873	6587
118	1103	5690	5370
119	1103	3374	3241
120	1103	3851	3664
121	1103	5189	4967
122	1103	3765	3580
123	1103	4538	4353
124	1103	4629	4468
125	1103	6794	6118
126	1103	5004	4796
127	1103	70	57
128	1103	439	344
129	1103	43	34
130	1103	5	5
131	1103	104	62
132	1103	116	71
133	1103	11	7
134	1103	31	24
0	1104	87965	61009
1	1104	4646	4419
2	1104	2625	2466
3	1104	4059	3863
4	1104	6369	6047
5	1104	4401	4183
6	1104	3759	3564
7	1104	6524	6164
8	1104	2693	2552
9	1104	6548	6189
10	1104	6147	5822
11	1104	3637	3468
12	1104	5312	5026
13	1104	4706	4471
14	1104	6330	6034
15	1104	5716	5444
16	1104	5099	4865
17	1104	7446	7102
18	1104	5460	5184
19	1104	5584	5345
20	1104	5406	5192
21	1104	5066	4850
22	1104	5272	5012
23	1104	4344	4140
24	1104	4873	4673
25	1104	4677	4458
26	1104	5167	4868
27	1104	5118	4861
28	1104	7242	6885
29	1104	5745	5365
30	1104	5993	5702
31	1104	4933	4662
32	1104	5379	5125
33	1104	5409	5159
34	1104	5365	5100
35	1104	5612	5366
36	1104	6239	5959
37	1104	5671	5429
38	1104	4562	4330
39	1104	5692	5409
40	1104	5232	4693
41	1104	5387	5135
42	1104	4131	3926
43	1104	4223	4055
44	1104	66	51
45	1104	6163	5856
46	1104	4923	4691
47	1104	5162	4884
48	1104	4621	4435
49	1104	5062	4818
50	1104	4160	3956
51	1104	5499	5272
52	1104	4741	4483
53	1104	5370	5085
54	1104	4052	3820
55	1104	5609	5304
56	1104	4844	4585
57	1104	4669	4419
58	1104	4343	4102
59	1104	12235	11656
60	1104	5284	5033
61	1104	4552	4355
62	1104	4379	4160
63	1104	5027	4778
64	1104	3872	3681
65	1104	4894	4615
66	1104	4781	4512
67	1104	4471	4263
68	1104	6011	5694
69	1104	5186	4950
70	1104	6516	6171
71	1104	5501	5234
72	1104	5204	4927
73	1104	4501	4274
74	1104	6157	5838
75	1104	5407	5140
76	1104	2119	2014
77	1104	6587	6288
78	1104	7768	7381
79	1104	6018	5750
80	1104	3791	3602
81	1104	4932	4686
82	1104	7033	6700
83	1104	5912	5622
84	1104	4813	4568
85	1104	6319	6012
86	1104	5787	5458
87	1104	5812	5505
88	1104	5090	4833
89	1104	4737	4532
90	1104	5637	5350
91	1104	4485	4300
92	1104	5354	5106
93	1104	5338	5093
94	1104	5243	4983
95	1104	6287	6006
96	1104	4827	4595
97	1104	8455	8074
98	1104	6113	5807
99	1104	6671	6349
100	1104	6248	5942
101	1104	5239	4962
102	1104	4863	4602
103	1104	5247	5030
104	1104	4296	4071
105	1104	4655	4482
106	1104	6500	6158
107	1104	6289	5948
108	1104	9433	9002
109	1104	151	100
110	1104	9666	9169
111	1104	6598	6330
112	1104	4755	4514
113	1104	6359	6053
114	1104	6708	6329
115	1104	5760	5488
116	1104	4989	4771
117	1104	7163	6857
118	1104	5738	5383
119	1104	3434	3285
120	1104	3868	3675
121	1104	5040	4826
122	1104	3675	3492
123	1104	4426	4231
124	1104	4498	4314
125	1104	6789	6091
126	1104	5234	5010
127	1104	75	64
128	1104	429	333
129	1104	34	31
130	1104	14	8
131	1104	94	60
132	1104	117	61
133	1104	8	7
134	1104	28	26
0	1105	88568	61476
1	1105	4543	4306
2	1105	2693	2524
3	1105	4219	4034
4	1105	6412	6096
5	1105	4285	4088
6	1105	3702	3501
7	1105	6222	5909
8	1105	2881	2737
9	1105	6568	6283
10	1105	5997	5725
11	1105	3504	3352
12	1105	5281	5025
13	1105	4703	4489
14	1105	6257	5968
15	1105	5803	5539
16	1105	5049	4818
17	1105	7565	7228
18	1105	5336	5092
19	1105	5622	5404
20	1105	5620	5372
21	1105	5132	4884
22	1105	5096	4858
23	1105	4430	4226
24	1105	4821	4621
25	1105	4836	4582
26	1105	5098	4855
27	1105	5474	5212
28	1105	7232	6877
29	1105	5859	5541
30	1105	6306	5990
31	1105	5134	4874
32	1105	5468	5195
33	1105	5332	5108
34	1105	5156	4949
35	1105	5731	5500
36	1105	6481	6172
37	1105	5894	5645
38	1105	4558	4342
39	1105	5583	5292
40	1105	5399	4785
41	1105	5445	5181
42	1105	3940	3764
43	1105	4268	4092
44	1105	61	49
45	1105	6322	6027
46	1105	5144	4902
47	1105	4980	4744
48	1105	4623	4425
49	1105	4867	4647
50	1105	4139	3913
51	1105	5435	5205
52	1105	4808	4565
53	1105	5482	5237
54	1105	4098	3860
55	1105	5768	5473
56	1105	4916	4707
57	1105	4796	4540
58	1105	4169	3928
59	1105	11912	11390
60	1105	5212	4947
61	1105	4710	4495
62	1105	4329	4136
63	1105	4638	4405
64	1105	4050	3840
65	1105	4855	4609
66	1105	4680	4456
67	1105	4292	4107
68	1105	6273	5974
69	1105	5223	4980
70	1105	6487	6149
71	1105	5333	5077
72	1105	5016	4822
73	1105	4596	4383
74	1105	5787	5473
75	1105	5104	4898
76	1105	2150	2060
77	1105	6382	6122
78	1105	7902	7519
79	1105	5856	5597
80	1105	3881	3692
81	1105	5079	4849
82	1105	7128	6775
83	1105	5753	5514
84	1105	5033	4766
85	1105	6272	5997
86	1105	5872	5540
87	1105	5957	5648
88	1105	4975	4681
89	1105	4724	4497
90	1105	5471	5182
91	1105	4589	4385
92	1105	5424	5146
93	1105	5444	5202
94	1105	5356	5096
95	1105	6498	6192
96	1105	4844	4596
97	1105	8401	7991
98	1105	6009	5701
99	1105	6532	6192
100	1105	6120	5823
101	1105	5447	5217
102	1105	4985	4751
103	1105	5289	5070
104	1105	4176	3994
105	1105	4668	4488
106	1105	6532	6178
107	1105	6202	5898
108	1105	9643	9197
109	1105	135	84
110	1105	9402	8946
111	1105	6635	6371
112	1105	4764	4538
113	1105	6411	6089
114	1105	6810	6454
115	1105	5770	5479
116	1105	5036	4755
117	1105	6879	6585
118	1105	5551	5234
119	1105	3702	3570
120	1105	3991	3837
121	1105	5262	5037
122	1105	3919	3750
123	1105	4385	4166
124	1105	4439	4277
125	1105	6821	6127
126	1105	4872	4621
127	1105	69	58
128	1105	401	315
129	1105	46	37
130	1105	12	9
131	1105	110	77
132	1105	138	77
133	1105	16	15
134	1105	33	30
0	1106	88827	61403
1	1106	4648	4409
2	1106	2500	2352
3	1106	4201	4024
4	1106	6313	5984
5	1106	4479	4261
6	1106	3721	3526
7	1106	6514	6183
8	1106	2670	2535
9	1106	6520	6219
10	1106	6046	5719
11	1106	3519	3362
12	1106	5512	5209
13	1106	4716	4513
14	1106	6278	5971
15	1106	5730	5486
16	1106	5112	4894
17	1106	7431	7087
18	1106	5346	5109
19	1106	5637	5426
20	1106	5661	5400
21	1106	5025	4785
22	1106	5107	4853
23	1106	4388	4179
24	1106	4688	4515
25	1106	4884	4656
26	1106	5256	4992
27	1106	5216	4951
28	1106	6982	6629
29	1106	5732	5405
30	1106	6083	5772
31	1106	5140	4902
32	1106	5400	5131
33	1106	5188	4957
34	1106	5394	5153
35	1106	5442	5200
36	1106	6134	5879
37	1106	5860	5578
38	1106	4516	4307
39	1106	5697	5405
40	1106	5260	4679
41	1106	5161	4937
42	1106	4118	3900
43	1106	4015	3835
44	1106	68	59
45	1106	5936	5672
46	1106	4998	4717
47	1106	5130	4878
48	1106	4680	4483
49	1106	4805	4556
50	1106	3992	3758
51	1106	5477	5205
52	1106	4811	4587
53	1106	5466	5222
54	1106	4133	3884
55	1106	5559	5285
56	1106	4766	4525
57	1106	4793	4571
58	1106	4215	3982
59	1106	11843	11307
60	1106	5294	5042
61	1106	4664	4450
62	1106	4447	4226
63	1106	5046	4799
64	1106	4170	3972
65	1106	4954	4716
66	1106	4857	4603
67	1106	4654	4425
68	1106	6367	6054
69	1106	5149	4928
70	1106	6515	6173
71	1106	5617	5312
72	1106	5074	4855
73	1106	4420	4215
74	1106	6026	5703
75	1106	5246	5003
76	1106	2094	1991
77	1106	6329	6015
78	1106	8049	7639
79	1106	6097	5806
80	1106	3880	3687
81	1106	4892	4650
82	1106	7226	6877
83	1106	6016	5761
84	1106	4929	4684
85	1106	6352	6081
86	1106	6089	5752
87	1106	5755	5490
88	1106	5125	4872
89	1106	4750	4507
90	1106	5502	5237
91	1106	4478	4279
92	1106	5355	5078
93	1106	5220	4937
94	1106	5239	4957
95	1106	6289	5967
96	1106	4716	4498
97	1106	8457	8065
98	1106	6071	5755
99	1106	6602	6256
100	1106	6217	5934
101	1106	5490	5236
102	1106	4962	4713
103	1106	5489	5224
104	1106	3993	3770
105	1106	4596	4397
106	1106	6360	6006
107	1106	6418	6050
108	1106	9573	9125
109	1106	209	119
110	1106	9650	9173
111	1106	6620	6338
112	1106	4659	4444
113	1106	6286	5973
114	1106	6590	6267
115	1106	5814	5544
116	1106	5192	4942
117	1106	7068	6752
118	1106	5889	5523
119	1106	3399	3266
120	1106	3950	3729
121	1106	5146	4911
122	1106	3901	3703
123	1106	4589	4373
124	1106	4269	4095
125	1106	7108	6375
126	1106	5045	4812
127	1106	80	65
128	1106	401	308
129	1106	43	40
130	1106	7	6
131	1106	70	48
132	1106	139	88
133	1106	8	7
134	1106	37	26
0	1107	89005	62118
1	1107	4638	4417
2	1107	2654	2512
3	1107	4068	3864
4	1107	6461	6131
5	1107	4596	4348
6	1107	3746	3557
7	1107	6230	5937
8	1107	2799	2659
9	1107	6468	6143
10	1107	6190	5862
11	1107	3689	3522
12	1107	5234	4951
13	1107	4599	4400
14	1107	6366	6038
15	1107	5655	5405
16	1107	4856	4637
17	1107	7429	7120
18	1107	5650	5404
19	1107	5449	5207
20	1107	5492	5253
21	1107	4834	4625
22	1107	5290	5065
23	1107	4352	4152
24	1107	4914	4691
25	1107	4764	4520
26	1107	5234	4964
27	1107	5259	5001
28	1107	7373	7033
29	1107	5626	5302
30	1107	5986	5669
31	1107	5012	4790
32	1107	5169	4946
33	1107	5358	5132
34	1107	5311	5079
35	1107	5600	5359
36	1107	6084	5796
37	1107	5977	5696
38	1107	4461	4273
39	1107	5647	5384
40	1107	5380	4755
41	1107	5240	5019
42	1107	4121	3930
43	1107	3960	3790
44	1107	48	34
45	1107	6066	5791
46	1107	5130	4873
47	1107	4927	4678
48	1107	4585	4381
49	1107	4919	4656
50	1107	4007	3816
51	1107	5468	5222
52	1107	4589	4363
53	1107	5500	5222
54	1107	4100	3877
55	1107	5568	5295
56	1107	4842	4634
57	1107	4834	4586
58	1107	4106	3884
59	1107	12158	11618
60	1107	5350	5090
61	1107	4675	4486
62	1107	4509	4279
63	1107	4870	4653
64	1107	3944	3770
65	1107	4878	4610
66	1107	4671	4415
67	1107	4551	4330
68	1107	6104	5811
69	1107	5121	4875
70	1107	6497	6178
71	1107	5623	5345
72	1107	4930	4694
73	1107	4398	4174
74	1107	5893	5608
75	1107	5129	4875
76	1107	2014	1898
77	1107	6334	6041
78	1107	8053	7646
79	1107	5955	5676
80	1107	3911	3712
81	1107	4997	4774
82	1107	7338	6976
83	1107	5886	5629
84	1107	4993	4723
85	1107	6146	5884
86	1107	5789	5496
87	1107	5813	5519
88	1107	5158	4883
89	1107	4563	4345
90	1107	5533	5266
91	1107	4534	4320
92	1107	5497	5223
93	1107	5339	5099
94	1107	5364	5094
95	1107	6325	5991
96	1107	4929	4704
97	1107	8234	7826
98	1107	6093	5762
99	1107	6639	6277
100	1107	6169	5868
101	1107	5306	5043
102	1107	4928	4702
103	1107	5573	5313
104	1107	4267	4039
105	1107	4395	4212
106	1107	6480	6127
107	1107	6347	6002
108	1107	9730	9317
109	1107	150	85
110	1107	9478	8982
111	1107	6563	6287
112	1107	4655	4457
113	1107	6287	5983
114	1107	6856	6490
115	1107	5690	5399
116	1107	5015	4767
117	1107	7103	6769
118	1107	5484	5159
119	1107	3401	3266
120	1107	3825	3638
121	1107	5177	4939
122	1107	3757	3569
123	1107	4655	4437
124	1107	4356	4172
125	1107	6826	6127
126	1107	5036	4806
127	1107	61	50
128	1107	401	307
129	1107	37	34
130	1107	12	12
131	1107	100	61
132	1107	134	68
133	1107	17	14
134	1107	31	27
0	1108	89978	63355
1	1108	4580	4386
2	1108	2646	2520
3	1108	4258	4080
4	1108	6449	6147
5	1108	4409	4193
6	1108	3650	3451
7	1108	6413	6099
8	1108	2640	2496
9	1108	6374	6059
10	1108	5873	5598
11	1108	3594	3438
12	1108	5219	4966
13	1108	4848	4637
14	1108	6379	6088
15	1108	5802	5524
16	1108	4945	4729
17	1108	7585	7265
18	1108	5329	5083
19	1108	5490	5297
20	1108	5542	5283
21	1108	4915	4707
22	1108	5067	4810
23	1108	4302	4124
24	1108	4808	4578
25	1108	4915	4680
26	1108	5351	5094
27	1108	5015	4770
28	1108	7215	6896
29	1108	5443	5092
30	1108	6229	5894
31	1108	5176	4946
32	1108	5325	5081
33	1108	5441	5196
34	1108	5148	4925
35	1108	5671	5434
36	1108	6263	6003
37	1108	6175	5931
38	1108	4468	4253
39	1108	5701	5432
40	1108	5335	4706
41	1108	5372	5093
42	1108	4094	3897
43	1108	4115	3940
44	1108	90	79
45	1108	6029	5751
46	1108	5129	4893
47	1108	4984	4779
48	1108	4571	4378
49	1108	4886	4633
50	1108	4050	3845
51	1108	5368	5110
52	1108	4673	4441
53	1108	5482	5232
54	1108	4091	3879
55	1108	5605	5332
56	1108	4798	4559
57	1108	5053	4839
58	1108	4128	3892
59	1108	12090	11562
60	1108	5378	5112
61	1108	4674	4472
62	1108	4453	4233
63	1108	4897	4682
64	1108	4088	3902
65	1108	4908	4652
66	1108	4792	4537
67	1108	4437	4248
68	1108	6158	5855
69	1108	5004	4790
70	1108	6506	6172
71	1108	5558	5311
72	1108	4964	4734
73	1108	4426	4202
74	1108	6034	5745
75	1108	5196	4963
76	1108	2262	2149
77	1108	6382	6100
78	1108	7944	7540
79	1108	6003	5710
80	1108	3741	3538
81	1108	5133	4890
82	1108	7206	6824
83	1108	5768	5536
84	1108	5020	4765
85	1108	6369	6074
86	1108	6037	5723
87	1108	6101	5802
88	1108	4894	4640
89	1108	4741	4535
90	1108	5428	5145
91	1108	4479	4280
92	1108	5243	4994
93	1108	5153	4892
94	1108	5412	5108
95	1108	6197	5911
96	1108	4833	4609
97	1108	8560	8133
98	1108	6246	5909
99	1108	6513	6200
100	1108	6042	5791
101	1108	5138	4906
102	1108	4895	4653
103	1108	5212	4973
104	1108	4221	4027
105	1108	4571	4385
106	1108	6399	6074
107	1108	6370	6023
108	1108	9691	9270
109	1108	166	92
110	1108	9587	9087
111	1108	6453	6193
112	1108	4763	4540
113	1108	6332	6068
114	1108	6628	6285
115	1108	5749	5497
116	1108	5007	4758
117	1108	7008	6720
118	1108	5635	5322
119	1108	3392	3238
120	1108	3876	3708
121	1108	5162	4951
122	1108	3913	3738
123	1108	4437	4253
124	1108	4409	4254
125	1108	7130	6434
126	1108	5042	4815
127	1108	65	54
128	1108	390	306
129	1108	31	30
130	1108	21	17
131	1108	131	88
132	1108	136	85
133	1108	11	8
134	1108	27	19
0	1109	91260	63143
1	1109	4606	4379
2	1109	2679	2534
3	1109	4273	4070
4	1109	6379	6015
5	1109	4474	4269
6	1109	3503	3311
7	1109	6462	6123
8	1109	2726	2563
9	1109	6622	6281
10	1109	6093	5770
11	1109	3703	3517
12	1109	5206	4944
13	1109	4628	4407
14	1109	6372	6065
15	1109	5793	5479
16	1109	4954	4735
17	1109	7495	7179
18	1109	5231	4995
19	1109	5620	5398
20	1109	5484	5202
21	1109	5130	4906
22	1109	5108	4857
23	1109	4467	4252
24	1109	4851	4648
25	1109	4983	4742
26	1109	5323	5051
27	1109	5006	4738
28	1109	7210	6839
29	1109	5535	5110
30	1109	6197	5867
31	1109	4924	4680
32	1109	5271	5018
33	1109	5624	5358
34	1109	5403	5107
35	1109	5639	5360
36	1109	6374	6092
37	1109	5965	5695
38	1109	4559	4331
39	1109	5514	5245
40	1109	5331	4757
41	1109	5174	4952
42	1109	4109	3895
43	1109	4113	3941
44	1109	73	59
45	1109	6177	5897
46	1109	5003	4741
47	1109	4902	4667
48	1109	4395	4218
49	1109	5148	4878
50	1109	4165	3949
51	1109	5346	5109
52	1109	4818	4554
53	1109	5389	5123
54	1109	4110	3879
55	1109	5659	5371
56	1109	4835	4579
57	1109	4929	4658
58	1109	4152	3935
59	1109	12319	11733
60	1109	5264	5019
61	1109	4669	4427
62	1109	4680	4431
63	1109	4972	4734
64	1109	3829	3655
65	1109	4813	4543
66	1109	4635	4414
67	1109	4674	4472
68	1109	5976	5690
69	1109	5146	4874
70	1109	6562	6234
71	1109	5517	5215
72	1109	4910	4667
73	1109	4452	4232
74	1109	5994	5695
75	1109	5144	4914
76	1109	1952	1839
77	1109	6443	6141
78	1109	7973	7563
79	1109	5837	5556
80	1109	3700	3497
81	1109	5288	5042
82	1109	7117	6797
83	1109	5938	5688
84	1109	4829	4579
85	1109	6324	6054
86	1109	5882	5575
87	1109	5808	5510
88	1109	5071	4773
89	1109	4747	4506
90	1109	5467	5205
91	1109	4462	4233
92	1109	5224	4944
93	1109	5472	5192
94	1109	5300	5035
95	1109	6328	6052
96	1109	4745	4519
97	1109	8582	8221
98	1109	6027	5690
99	1109	6520	6207
100	1109	6185	5895
101	1109	5399	5146
102	1109	4733	4459
103	1109	5677	5421
104	1109	4009	3839
105	1109	4614	4394
106	1109	6578	6191
107	1109	6355	5974
108	1109	9164	8757
109	1109	165	97
110	1109	9390	8941
111	1109	6662	6378
112	1109	4789	4589
113	1109	6269	5971
114	1109	6584	6249
115	1109	5884	5591
116	1109	5047	4796
117	1109	7192	6874
118	1109	5564	5212
119	1109	3522	3362
120	1109	4021	3813
121	1109	5188	4983
122	1109	3912	3713
123	1109	4645	4433
124	1109	4440	4231
125	1109	6945	6250
126	1109	5016	4807
127	1109	86	67
128	1109	415	316
129	1109	47	40
130	1109	7	4
131	1109	110	62
132	1109	116	69
133	1109	11	9
134	1109	31	25
0	1110	91937	62799
1	1110	4639	4394
2	1110	2679	2509
3	1110	4292	4099
4	1110	6393	6037
5	1110	4460	4239
6	1110	3655	3432
7	1110	6353	6010
8	1110	2706	2572
9	1110	6612	6287
10	1110	6368	6019
11	1110	3610	3457
12	1110	5303	5019
13	1110	4887	4658
14	1110	6480	6128
15	1110	5718	5439
16	1110	5028	4743
17	1110	7476	7111
18	1110	5386	5093
19	1110	5433	5181
20	1110	5622	5366
21	1110	5096	4863
22	1110	5198	4932
23	1110	4505	4268
24	1110	4860	4632
25	1110	4910	4658
26	1110	5328	5003
27	1110	5162	4917
28	1110	7516	7115
29	1110	5317	4929
30	1110	6318	5975
31	1110	5048	4799
32	1110	5373	5129
33	1110	5527	5292
34	1110	5494	5218
35	1110	5863	5605
36	1110	6461	6158
37	1110	5843	5573
38	1110	4548	4309
39	1110	5722	5428
40	1110	5203	4641
41	1110	5504	5221
42	1110	4066	3837
43	1110	4303	4099
44	1110	45	39
45	1110	6118	5830
46	1110	4994	4738
47	1110	4985	4760
48	1110	4681	4472
49	1110	4917	4656
50	1110	4119	3886
51	1110	5361	5109
52	1110	4881	4613
53	1110	5795	5510
54	1110	4256	4007
55	1110	5690	5414
56	1110	4981	4690
57	1110	4886	4602
58	1110	4401	4142
59	1110	12124	11566
60	1110	5353	5066
61	1110	4568	4340
62	1110	4352	4114
63	1110	5148	4873
64	1110	3987	3786
65	1110	4850	4583
66	1110	4853	4561
67	1110	4512	4315
68	1110	6334	6021
69	1110	5151	4905
70	1110	6657	6278
71	1110	5535	5273
72	1110	5138	4886
73	1110	4430	4217
74	1110	6147	5841
75	1110	5342	5120
76	1110	1935	1833
77	1110	6327	5999
78	1110	8117	7649
79	1110	5999	5671
80	1110	3836	3631
81	1110	5192	4925
82	1110	7251	6891
83	1110	6105	5804
84	1110	4938	4684
85	1110	6215	5925
86	1110	5888	5544
87	1110	5580	5270
88	1110	5024	4768
89	1110	4814	4566
90	1110	5446	5162
91	1110	4456	4267
92	1110	5257	4969
93	1110	5354	5100
94	1110	5460	5125
95	1110	6276	5957
96	1110	5013	4747
97	1110	8503	8110
98	1110	6048	5725
99	1110	6572	6236
100	1110	5965	5701
101	1110	5250	4996
102	1110	4900	4633
103	1110	5378	5101
104	1110	4252	4037
105	1110	4686	4465
106	1110	6668	6317
107	1110	6219	5868
108	1110	9692	9219
109	1110	143	84
110	1110	9503	8994
111	1110	6631	6337
112	1110	4627	4401
113	1110	6352	6057
114	1110	6803	6446
115	1110	5939	5648
116	1110	4731	4484
117	1110	7316	6953
118	1110	5642	5275
119	1110	3599	3452
120	1110	3892	3684
121	1110	5315	5089
122	1110	3871	3674
123	1110	4659	4433
124	1110	4393	4188
125	1110	6897	6165
126	1110	4933	4676
127	1110	71	59
128	1110	452	369
129	1110	53	42
130	1110	3	2
131	1110	92	57
132	1110	137	81
133	1110	12	12
134	1110	28	20
0	1111	91029	63091
1	1111	4499	4274
2	1111	2714	2571
3	1111	4291	4087
4	1111	6640	6277
5	1111	4617	4379
6	1111	3621	3387
7	1111	6340	5993
8	1111	2770	2635
9	1111	6553	6214
10	1111	6260	5955
11	1111	3460	3283
12	1111	5388	5114
13	1111	4853	4623
14	1111	6466	6107
15	1111	5694	5406
16	1111	5019	4786
17	1111	7692	7343
18	1111	5403	5139
19	1111	5682	5417
20	1111	5601	5319
21	1111	5020	4784
22	1111	5075	4800
23	1111	4602	4379
24	1111	4791	4598
25	1111	4807	4567
26	1111	5288	4992
27	1111	4889	4627
28	1111	7260	6945
29	1111	5138	4717
30	1111	6414	6052
31	1111	4928	4686
32	1111	5243	5003
33	1111	5548	5298
34	1111	5125	4890
35	1111	5682	5392
36	1111	6371	6095
37	1111	5897	5624
38	1111	4464	4222
39	1111	5614	5359
40	1111	5304	4730
41	1111	5423	5179
42	1111	4169	3938
43	1111	4072	3887
44	1111	72	61
45	1111	6231	5930
46	1111	4981	4748
47	1111	5153	4914
48	1111	4648	4436
49	1111	4951	4712
50	1111	4008	3804
51	1111	5473	5209
52	1111	4834	4563
53	1111	5371	5091
54	1111	4106	3879
55	1111	5551	5287
56	1111	4825	4608
57	1111	4897	4660
58	1111	4330	4113
59	1111	12247	11677
60	1111	5178	4917
61	1111	4596	4383
62	1111	4447	4184
63	1111	4881	4647
64	1111	4100	3915
65	1111	4930	4706
66	1111	4895	4656
67	1111	4484	4283
68	1111	6300	5993
69	1111	5436	5204
70	1111	6274	5921
71	1111	5485	5199
72	1111	4862	4633
73	1111	4631	4398
74	1111	6074	5756
75	1111	5292	5060
76	1111	2035	1921
77	1111	6488	6190
78	1111	8092	7674
79	1111	5954	5648
80	1111	3483	3291
81	1111	5312	5062
82	1111	7419	7047
83	1111	6046	5749
84	1111	4968	4725
85	1111	6341	6033
86	1111	6076	5743
87	1111	5945	5663
88	1111	5101	4838
89	1111	4828	4571
90	1111	5607	5335
91	1111	4451	4253
92	1111	4986	4713
93	1111	5528	5266
94	1111	5451	5172
95	1111	6342	6067
96	1111	4850	4642
97	1111	8233	7863
98	1111	6183	5850
99	1111	6601	6287
100	1111	5955	5698
101	1111	5520	5269
102	1111	4949	4713
103	1111	5395	5143
104	1111	4228	4034
105	1111	4563	4375
106	1111	6575	6242
107	1111	6192	5871
108	1111	9524	9089
109	1111	143	93
110	1111	9395	8936
111	1111	6530	6252
112	1111	4703	4482
113	1111	6459	6173
114	1111	6831	6463
115	1111	5755	5495
116	1111	4768	4488
117	1111	7371	6982
118	1111	5659	5334
119	1111	3564	3415
120	1111	3948	3744
121	1111	5331	5109
122	1111	3868	3677
123	1111	4517	4313
124	1111	4338	4119
125	1111	7106	6378
126	1111	4934	4700
127	1111	64	50
128	1111	394	311
129	1111	45	41
130	1111	7	6
131	1111	105	70
132	1111	123	65
133	1111	13	9
134	1111	45	35
0	1112	91924	63323
1	1112	4731	4511
2	1112	2723	2565
3	1112	4251	4056
4	1112	6688	6342
5	1112	4451	4221
6	1112	3540	3316
7	1112	6184	5883
8	1112	2675	2524
9	1112	6753	6422
10	1112	6418	6072
11	1112	3573	3418
12	1112	5473	5198
13	1112	4980	4787
14	1112	6242	5930
15	1112	5751	5493
16	1112	4911	4704
17	1112	7497	7175
18	1112	5508	5244
19	1112	5664	5416
20	1112	5591	5327
21	1112	5045	4812
22	1112	5313	5089
23	1112	4390	4186
24	1112	4771	4577
25	1112	4965	4741
26	1112	5203	4931
27	1112	4969	4689
28	1112	7466	7094
29	1112	4896	4509
30	1112	5936	5659
31	1112	5052	4808
32	1112	5356	5111
33	1112	5551	5297
34	1112	5100	4875
35	1112	5499	5272
36	1112	6743	6450
37	1112	5978	5754
38	1112	4389	4175
39	1112	5595	5323
40	1112	5288	4722
41	1112	5389	5147
42	1112	4177	3970
43	1112	4045	3872
44	1112	76	66
45	1112	6023	5792
46	1112	5230	4963
47	1112	4977	4742
48	1112	4562	4365
49	1112	4837	4589
50	1112	4125	3912
51	1112	5652	5411
52	1112	4680	4414
53	1112	5411	5121
54	1112	4089	3839
55	1112	5711	5421
56	1112	4667	4428
57	1112	4804	4582
58	1112	4243	4025
59	1112	11802	11258
60	1112	5398	5117
61	1112	4657	4437
62	1112	4423	4190
63	1112	5169	4948
64	1112	4074	3878
65	1112	4880	4620
66	1112	4771	4552
67	1112	4451	4258
68	1112	6246	5911
69	1112	5102	4893
70	1112	6500	6164
71	1112	5614	5327
72	1112	4872	4653
73	1112	4481	4272
74	1112	5928	5614
75	1112	5242	5006
76	1112	2202	2092
77	1112	6279	5966
78	1112	8189	7760
79	1112	5830	5568
80	1112	3537	3336
81	1112	5201	4940
82	1112	7236	6847
83	1112	5973	5718
84	1112	4871	4627
85	1112	6225	5968
86	1112	5911	5550
87	1112	5878	5603
88	1112	4830	4574
89	1112	4827	4620
90	1112	5601	5331
91	1112	4495	4308
92	1112	5231	4972
93	1112	5416	5164
94	1112	5201	4938
95	1112	6579	6261
96	1112	4928	4706
97	1112	8361	7966
98	1112	6200	5868
99	1112	6463	6144
100	1112	6024	5760
101	1112	5448	5205
102	1112	5077	4824
103	1112	5304	5060
104	1112	4107	3883
105	1112	4458	4254
106	1112	6394	6044
107	1112	6261	5937
108	1112	9546	9126
109	1112	139	79
110	1112	9709	9272
111	1112	6769	6503
112	1112	4792	4586
113	1112	6289	5999
114	1112	6725	6396
115	1112	5833	5537
116	1112	4651	4366
117	1112	7232	6913
118	1112	5667	5324
119	1112	3536	3406
120	1112	3782	3572
121	1112	5187	4970
122	1112	3789	3603
123	1112	4600	4387
124	1112	4393	4209
125	1112	7022	6305
126	1112	5082	4847
127	1112	68	58
128	1112	435	332
129	1112	38	31
130	1112	9	6
131	1112	92	66
132	1112	121	67
133	1112	14	13
134	1112	38	33
0	1113	91316	62584
1	1113	4458	4241
2	1113	2622	2472
3	1113	4255	4068
4	1113	6586	6266
5	1113	4327	4121
6	1113	3634	3411
7	1113	6475	6146
8	1113	2668	2512
9	1113	6538	6218
10	1113	6203	5876
11	1113	3674	3477
12	1113	5359	5124
13	1113	4677	4484
14	1113	6183	5877
15	1113	5955	5691
16	1113	4966	4735
17	1113	7578	7257
18	1113	5444	5196
19	1113	5598	5367
20	1113	5795	5546
21	1113	5241	5026
22	1113	5142	4894
23	1113	4476	4290
24	1113	4700	4528
25	1113	4806	4571
26	1113	5379	5124
27	1113	4915	4647
28	1113	7339	7039
29	1113	4644	4285
30	1113	6118	5779
31	1113	5121	4854
32	1113	5443	5204
33	1113	5553	5286
34	1113	5140	4870
35	1113	5798	5561
36	1113	6324	6024
37	1113	5867	5629
38	1113	4581	4367
39	1113	5439	5169
40	1113	5075	4502
41	1113	5439	5181
42	1113	4198	3993
43	1113	4183	4003
44	1113	53	40
45	1113	6058	5780
46	1113	4889	4586
47	1113	5078	4822
48	1113	4642	4426
49	1113	5116	4860
50	1113	4144	3905
51	1113	5479	5252
52	1113	4821	4540
53	1113	5448	5176
54	1113	4053	3818
55	1113	5785	5523
56	1113	4471	4250
57	1113	4782	4519
58	1113	4393	4175
59	1113	12614	12083
60	1113	5414	5137
61	1113	4647	4458
62	1113	4537	4265
63	1113	5191	4951
64	1113	3933	3744
65	1113	4843	4605
66	1113	4805	4550
67	1113	4505	4317
68	1113	6072	5785
69	1113	5164	4918
70	1113	6403	6055
71	1113	5481	5233
72	1113	5143	4923
73	1113	4491	4298
74	1113	5996	5664
75	1113	5254	5002
76	1113	2071	1976
77	1113	6382	6078
78	1113	8022	7585
79	1113	5777	5496
80	1113	3361	3158
81	1113	4949	4691
82	1113	7270	6911
83	1113	5955	5699
84	1113	4934	4688
85	1113	6378	6127
86	1113	6044	5712
87	1113	5781	5507
88	1113	4997	4705
89	1113	4813	4586
90	1113	5363	5105
91	1113	4578	4389
92	1113	5133	4854
93	1113	5371	5103
94	1113	5322	5025
95	1113	6501	6152
96	1113	4704	4471
97	1113	8598	8195
98	1113	6250	5908
99	1113	6722	6371
100	1113	6254	5955
101	1113	5457	5217
102	1113	4958	4700
103	1113	5630	5394
104	1113	4097	3902
105	1113	4590	4412
106	1113	6551	6207
107	1113	6354	6077
108	1113	9493	9070
109	1113	162	95
110	1113	9747	9268
111	1113	6677	6397
112	1113	4658	4436
113	1113	6462	6166
114	1113	6842	6471
115	1113	5927	5663
116	1113	4610	4303
117	1113	7402	7034
118	1113	5792	5456
119	1113	3579	3455
120	1113	3724	3516
121	1113	5249	5040
122	1113	3917	3724
123	1113	4608	4401
124	1113	4442	4229
125	1113	6980	6281
126	1113	4954	4717
127	1113	59	48
128	1113	450	346
129	1113	43	38
130	1113	5	5
131	1113	96	61
132	1113	113	61
133	1113	10	8
134	1113	31	30
0	1114	96650	66539
1	1114	4663	4419
2	1114	2653	2514
3	1114	4481	4275
4	1114	6792	6457
5	1114	4373	4139
6	1114	3482	3264
7	1114	6438	6127
8	1114	2796	2650
9	1114	6617	6294
10	1114	5935	5639
11	1114	3690	3522
12	1114	5452	5167
13	1114	4804	4575
14	1114	6647	6297
15	1114	5775	5475
16	1114	4938	4700
17	1114	7751	7412
18	1114	5464	5193
19	1114	5822	5613
20	1114	5621	5366
21	1114	5105	4884
22	1114	5013	4762
23	1114	4344	4160
24	1114	4649	4459
25	1114	4931	4716
26	1114	5233	4987
27	1114	4836	4538
28	1114	7293	6940
29	1114	4340	3924
30	1114	6102	5755
31	1114	5001	4759
32	1114	5110	4852
33	1114	5501	5239
34	1114	5349	5101
35	1114	5620	5363
36	1114	6594	6271
37	1114	5960	5715
38	1114	4651	4438
39	1114	5531	5255
40	1114	5211	4670
41	1114	5528	5275
42	1114	4138	3905
43	1114	4188	3996
44	1114	71	66
45	1114	6091	5819
46	1114	4989	4704
47	1114	5288	5019
48	1114	4471	4295
49	1114	4841	4593
50	1114	4225	3999
51	1114	5429	5192
52	1114	4825	4573
53	1114	5378	5098
54	1114	3978	3755
55	1114	5470	5175
56	1114	4765	4512
57	1114	4795	4562
58	1114	4272	4062
59	1114	12510	11945
60	1114	5381	5134
61	1114	4803	4599
62	1114	4481	4248
63	1114	4956	4731
64	1114	4003	3814
65	1114	4832	4589
66	1114	4755	4495
67	1114	4651	4457
68	1114	6295	5990
69	1114	5178	4965
70	1114	6474	6143
71	1114	5658	5348
72	1114	4872	4661
73	1114	4602	4379
74	1114	6085	5740
75	1114	5355	5120
76	1114	2062	1934
77	1114	6419	6133
78	1114	7969	7521
79	1114	5868	5571
80	1114	3348	3098
81	1114	5200	4943
82	1114	7369	6982
83	1114	6245	5996
84	1114	4880	4644
85	1114	6282	5993
86	1114	5876	5533
87	1114	5899	5575
88	1114	5099	4839
89	1114	4679	4450
90	1114	5639	5334
91	1114	4590	4408
92	1114	5211	4952
93	1114	5371	5130
94	1114	5471	5144
95	1114	6542	6244
96	1114	4650	4400
97	1114	8505	8064
98	1114	6186	5863
99	1114	6907	6524
100	1114	6344	6033
101	1114	5633	5366
102	1114	5113	4849
103	1114	5513	5262
104	1114	4322	4089
105	1114	4566	4378
106	1114	6410	6096
107	1114	6415	6078
108	1114	9449	9016
109	1114	154	107
110	1114	9437	8955
111	1114	6811	6482
112	1114	4625	4413
113	1114	6581	6293
114	1114	6870	6459
115	1114	5849	5549
116	1114	4368	4069
117	1114	7223	6892
118	1114	5715	5343
119	1114	3466	3308
120	1114	3769	3578
121	1114	5255	5018
122	1114	4009	3811
123	1114	4581	4360
124	1114	4208	4034
125	1114	7138	6451
126	1114	5249	4988
127	1114	68	60
128	1114	383	306
129	1114	45	36
130	1114	8	7
131	1114	98	66
132	1114	123	73
133	1114	7	7
134	1114	35	26
0	1115	91314	62949
1	1115	4731	4494
2	1115	2681	2550
3	1115	4264	4048
4	1115	6542	6217
5	1115	4569	4322
6	1115	3616	3354
7	1115	6344	6028
8	1115	2671	2545
9	1115	6803	6483
10	1115	6337	5991
11	1115	3734	3552
12	1115	5341	5091
13	1115	4763	4578
14	1115	6509	6143
15	1115	5894	5579
16	1115	4930	4711
17	1115	7824	7505
18	1115	5660	5412
19	1115	5614	5381
20	1115	5859	5599
21	1115	5051	4816
22	1115	5112	4838
23	1115	4536	4317
24	1115	4830	4628
25	1115	4909	4653
26	1115	5322	5041
27	1115	4758	4453
28	1115	7528	7151
29	1115	3876	3446
30	1115	5967	5638
31	1115	5078	4792
32	1115	5187	4964
33	1115	5612	5365
34	1115	5307	5043
35	1115	5514	5240
36	1115	6424	6129
37	1115	5995	5731
38	1115	4509	4296
39	1115	5554	5228
40	1115	5063	4527
41	1115	5287	5029
42	1115	4238	4018
43	1115	4247	4034
44	1115	53	46
45	1115	6129	5842
46	1115	4895	4562
47	1115	5077	4830
48	1115	4511	4313
49	1115	4942	4692
50	1115	4193	3942
51	1115	5558	5283
52	1115	4862	4634
53	1115	5385	5080
54	1115	3991	3778
55	1115	5897	5605
56	1115	4687	4431
57	1115	4794	4557
58	1115	4324	4092
59	1115	12727	12224
60	1115	5482	5205
61	1115	4724	4511
62	1115	4590	4348
63	1115	5133	4885
64	1115	4051	3838
65	1115	4925	4630
66	1115	4919	4684
67	1115	4606	4415
68	1115	6157	5821
69	1115	5277	5025
70	1115	6478	6127
71	1115	5467	5205
72	1115	4991	4744
73	1115	4412	4176
74	1115	5823	5496
75	1115	5329	5113
76	1115	2045	1932
77	1115	6443	6139
78	1115	7671	7259
79	1115	6150	5800
80	1115	3100	2885
81	1115	5206	4960
82	1115	7326	6945
83	1115	6333	6044
84	1115	4951	4700
85	1115	6585	6272
86	1115	5778	5433
87	1115	5873	5549
88	1115	5219	4910
89	1115	4906	4645
90	1115	5511	5218
91	1115	4609	4400
92	1115	5413	5118
93	1115	5365	5103
94	1115	5340	5036
95	1115	6554	6204
96	1115	4689	4474
97	1115	8644	8228
98	1115	6168	5824
99	1115	6913	6527
100	1115	6046	5767
101	1115	5621	5378
102	1115	5117	4866
103	1115	5336	5076
104	1115	4204	3964
105	1115	4647	4431
106	1115	6576	6221
107	1115	6368	6083
108	1115	9723	9311
109	1115	159	103
110	1115	9721	9301
111	1115	6809	6525
112	1115	4722	4508
113	1115	6451	6133
114	1115	6631	6284
115	1115	5944	5667
116	1115	4276	3938
117	1115	7434	7089
118	1115	5922	5568
119	1115	3393	3244
120	1115	3860	3639
121	1115	5250	5034
122	1115	4002	3820
123	1115	4690	4483
124	1115	4361	4192
125	1115	7363	6690
126	1115	5234	4975
127	1115	108	90
128	1115	391	311
129	1115	44	40
130	1115	10	10
131	1115	123	82
132	1115	125	80
133	1115	21	17
134	1115	33	31
0	1116	92252	63028
1	1116	4746	4503
2	1116	2736	2560
3	1116	4387	4174
4	1116	6766	6386
5	1116	4294	4075
6	1116	3439	3148
7	1116	6651	6317
8	1116	2708	2562
9	1116	7044	6736
10	1116	6244	5928
11	1116	3870	3696
12	1116	5655	5356
13	1116	5012	4800
14	1116	6270	5910
15	1116	5763	5500
16	1116	4977	4778
17	1116	7836	7526
18	1116	5498	5266
19	1116	5670	5431
20	1116	5859	5599
21	1116	5233	5016
22	1116	5146	4863
23	1116	4526	4303
24	1116	4830	4619
25	1116	4906	4671
26	1116	5327	5038
27	1116	4583	4272
28	1116	7368	7018
29	1116	3493	3080
30	1116	6150	5787
31	1116	5033	4799
32	1116	5195	4931
33	1116	5520	5273
34	1116	5347	5080
35	1116	5726	5466
36	1116	6540	6237
37	1116	6031	5766
38	1116	4702	4446
39	1116	5509	5223
40	1116	5204	4638
41	1116	5418	5170
42	1116	4187	3949
43	1116	4268	4084
44	1116	60	50
45	1116	6142	5850
46	1116	4823	4523
47	1116	4968	4701
48	1116	4598	4407
49	1116	5265	4973
50	1116	4283	4039
51	1116	5594	5329
52	1116	4770	4523
53	1116	5510	5219
54	1116	3965	3723
55	1116	5900	5609
56	1116	4688	4477
57	1116	4970	4683
58	1116	4300	4036
59	1116	12899	12360
60	1116	5499	5189
61	1116	4950	4740
62	1116	4463	4185
63	1116	5315	5059
64	1116	4170	3973
65	1116	4890	4614
66	1116	4814	4552
67	1116	4654	4439
68	1116	6227	5923
69	1116	5227	4974
70	1116	6410	6037
71	1116	5666	5380
72	1116	4990	4790
73	1116	4573	4356
74	1116	6047	5677
75	1116	5260	5049
76	1116	2159	2054
77	1116	6699	6378
78	1116	7940	7498
79	1116	5876	5568
80	1116	2972	2763
81	1116	5307	5047
82	1116	7529	7114
83	1116	6296	6025
84	1116	5053	4793
85	1116	6567	6256
86	1116	5644	5310
87	1116	5765	5455
88	1116	5001	4734
89	1116	4855	4629
90	1116	5685	5387
91	1116	4578	4370
92	1116	5469	5207
93	1116	5258	4969
94	1116	5162	4862
95	1116	6610	6295
96	1116	4714	4499
97	1116	8712	8316
98	1116	6420	6064
99	1116	6845	6493
100	1116	6151	5863
101	1116	5694	5440
102	1116	5063	4789
103	1116	5650	5377
104	1116	4215	4017
105	1116	4640	4451
106	1116	6908	6555
107	1116	6765	6425
108	1116	9984	9576
109	1116	153	101
110	1116	9696	9244
111	1116	6890	6612
112	1116	4719	4530
113	1116	6517	6207
114	1116	6714	6297
115	1116	6097	5792
116	1116	3942	3648
117	1116	7643	7271
118	1116	5896	5550
119	1116	3669	3488
120	1116	3656	3408
121	1116	5461	5213
122	1116	3970	3767
123	1116	4795	4587
124	1116	4343	4152
125	1116	7413	6719
126	1116	5276	5020
127	1116	75	68
128	1116	387	322
129	1116	45	41
130	1116	7	7
131	1116	114	71
132	1116	126	80
133	1116	12	10
134	1116	38	32
0	1117	92398	62984
1	1117	4956	4709
2	1117	2794	2608
3	1117	4425	4235
4	1117	6761	6374
5	1117	4306	4049
6	1117	3261	2989
7	1117	6506	6132
8	1117	2738	2593
9	1117	6959	6625
10	1117	6473	6170
11	1117	3867	3710
12	1117	5490	5208
13	1117	5101	4866
14	1117	6397	6012
15	1117	5942	5671
16	1117	4912	4696
17	1117	7847	7496
18	1117	5823	5556
19	1117	5840	5594
20	1117	5825	5586
21	1117	5291	5064
22	1117	5091	4820
23	1117	4397	4228
24	1117	4807	4638
25	1117	4899	4663
26	1117	5412	5112
27	1117	4593	4285
28	1117	7228	6896
29	1117	3425	2970
30	1117	6235	5842
31	1117	5062	4829
32	1117	5250	4996
33	1117	5673	5410
34	1117	5364	5083
35	1117	5737	5497
36	1117	6706	6402
37	1117	6244	5951
38	1117	4477	4217
39	1117	5472	5188
40	1117	5161	4632
41	1117	5480	5215
42	1117	4282	4047
43	1117	4221	4058
44	1117	64	47
45	1117	6103	5821
46	1117	4596	4280
47	1117	5036	4753
48	1117	4589	4386
49	1117	5157	4886
50	1117	4148	3904
51	1117	5655	5382
52	1117	4964	4682
53	1117	5438	5118
54	1117	3844	3564
55	1117	5763	5444
56	1117	4519	4307
57	1117	5057	4812
58	1117	4302	4059
59	1117	12985	12370
60	1117	5518	5232
61	1117	4975	4766
62	1117	4430	4134
63	1117	5369	5110
64	1117	4133	3925
65	1117	4710	4404
66	1117	4725	4455
67	1117	4504	4301
68	1117	6512	6188
69	1117	5278	5025
70	1117	6436	6048
71	1117	5772	5459
72	1117	5083	4825
73	1117	4430	4191
74	1117	5782	5380
75	1117	5522	5278
76	1117	1974	1865
77	1117	6516	6238
78	1117	7913	7472
79	1117	5869	5531
80	1117	2918	2639
81	1117	5429	5162
82	1117	7314	6930
83	1117	6284	6007
84	1117	4920	4667
85	1117	6398	6084
86	1117	5707	5308
87	1117	5873	5539
88	1117	5049	4746
89	1117	4969	4737
90	1117	5581	5290
91	1117	4674	4467
92	1117	5434	5153
93	1117	5518	5222
94	1117	5214	4933
95	1117	6767	6438
96	1117	4771	4538
97	1117	8728	8287
98	1117	6263	5880
99	1117	6747	6384
100	1117	6224	5916
101	1117	5664	5408
102	1117	5160	4896
103	1117	5635	5334
104	1117	4317	4075
105	1117	4715	4534
106	1117	6994	6616
107	1117	6329	6000
108	1117	9762	9313
109	1117	157	118
110	1117	9808	9336
111	1117	6841	6554
112	1117	4988	4762
113	1117	6306	5999
114	1117	6579	6175
115	1117	5844	5568
116	1117	3724	3367
117	1117	7603	7249
118	1117	5768	5398
119	1117	3692	3525
120	1117	3752	3529
121	1117	5451	5203
122	1117	4090	3898
123	1117	4927	4727
124	1117	4481	4272
125	1117	7616	6894
126	1117	5147	4908
127	1117	92	77
128	1117	411	347
129	1117	53	47
130	1117	15	11
131	1117	96	56
132	1117	120	62
133	1117	17	14
134	1117	32	26
0	1118	95388	66840
1	1118	4565	4335
2	1118	2741	2573
3	1118	4354	4148
4	1118	6955	6533
5	1118	4601	4360
6	1118	3348	3064
7	1118	6565	6188
8	1118	2664	2537
9	1118	6800	6497
10	1118	6613	6294
11	1118	3952	3792
12	1118	5596	5321
13	1118	5043	4815
14	1118	6158	5779
15	1118	5946	5674
16	1118	5122	4868
17	1118	8018	7675
18	1118	5645	5389
19	1118	5863	5644
20	1118	5795	5554
21	1118	5121	4905
22	1118	5300	5039
23	1118	4501	4319
24	1118	4512	4343
25	1118	4950	4747
26	1118	5419	5140
27	1118	4343	4065
28	1118	7378	7006
29	1118	3287	2834
30	1118	5997	5658
31	1118	5018	4779
32	1118	5136	4878
33	1118	5777	5526
34	1118	5285	5008
35	1118	5627	5363
36	1118	6553	6286
37	1118	6221	5934
38	1118	4565	4336
39	1118	5441	5139
40	1118	5079	4564
41	1118	5206	4946
42	1118	4168	3955
43	1118	4236	4055
44	1118	58	46
45	1118	6077	5783
46	1118	4561	4248
47	1118	5093	4838
48	1118	4554	4369
49	1118	5308	5042
50	1118	4354	4098
51	1118	5590	5356
52	1118	4862	4616
53	1118	5554	5241
54	1118	3745	3497
55	1118	5951	5664
56	1118	4698	4471
57	1118	4748	4477
58	1118	4273	4046
59	1118	12913	12400
60	1118	5339	5052
61	1118	5051	4830
62	1118	4406	4127
63	1118	5293	5051
64	1118	3961	3791
65	1118	4611	4329
66	1118	4817	4568
67	1118	4625	4432
68	1118	6466	6145
69	1118	5129	4887
70	1118	6327	5937
71	1118	5685	5412
72	1118	4712	4489
73	1118	4529	4294
74	1118	5759	5405
75	1118	5460	5218
76	1118	2139	2030
77	1118	6540	6220
78	1118	7649	7210
79	1118	5829	5540
80	1118	2799	2542
81	1118	5356	5082
82	1118	7396	7002
83	1118	6423	6157
84	1118	4847	4584
85	1118	6574	6261
86	1118	5633	5221
87	1118	5787	5456
88	1118	4879	4590
89	1118	4964	4758
90	1118	5530	5244
91	1118	4851	4655
92	1118	5365	5117
93	1118	5511	5227
94	1118	5359	5051
95	1118	6563	6202
96	1118	4852	4633
97	1118	8736	8337
98	1118	6214	5849
99	1118	6747	6408
100	1118	6139	5827
101	1118	5522	5265
102	1118	5093	4824
103	1118	5425	5126
104	1118	4249	4043
105	1118	4572	4386
106	1118	6975	6605
107	1118	6795	6459
108	1118	9593	9201
109	1118	173	125
110	1118	10017	9537
111	1118	6797	6532
112	1118	5020	4815
113	1118	6401	6100
114	1118	6447	6058
115	1118	6177	5897
116	1118	3641	3302
117	1118	7590	7271
118	1118	5627	5257
119	1118	3572	3399
120	1118	3554	3309
121	1118	5400	5189
122	1118	3995	3817
123	1118	4804	4600
124	1118	4307	4137
125	1118	7291	6637
126	1118	5303	5052
127	1118	69	60
128	1118	458	373
129	1118	52	45
130	1118	9	7
131	1118	136	86
132	1118	128	74
133	1118	14	10
134	1118	34	29
0	1119	91993	64892
1	1119	4604	4374
2	1119	2685	2521
3	1119	4579	4364
4	1119	6735	6388
5	1119	4389	4155
6	1119	3201	2938
7	1119	6299	5947
8	1119	2638	2486
9	1119	6971	6635
10	1119	6575	6279
11	1119	3754	3596
12	1119	5439	5161
13	1119	5130	4937
14	1119	6241	5855
15	1119	5960	5693
16	1119	4900	4683
17	1119	7927	7600
18	1119	5737	5482
19	1119	6043	5793
20	1119	5717	5476
21	1119	5183	4983
22	1119	5081	4822
23	1119	4536	4311
24	1119	4638	4455
25	1119	5061	4870
26	1119	5195	4927
27	1119	4361	4036
28	1119	7621	7272
29	1119	3008	2549
30	1119	5742	5393
31	1119	5007	4753
32	1119	4808	4571
33	1119	6004	5747
34	1119	5158	4864
35	1119	5693	5384
36	1119	6725	6417
37	1119	6195	5940
38	1119	4545	4291
39	1119	5293	4960
40	1119	5049	4542
41	1119	5502	5227
42	1119	4109	3886
43	1119	4215	4035
44	1119	44	34
45	1119	6061	5759
46	1119	4541	4198
47	1119	5012	4772
48	1119	4316	4141
49	1119	5298	5027
50	1119	4170	3927
51	1119	5669	5399
52	1119	4771	4497
53	1119	5367	5071
54	1119	3750	3466
55	1119	5892	5597
56	1119	4582	4357
57	1119	4687	4421
58	1119	4395	4134
59	1119	13223	12707
60	1119	5400	5120
61	1119	5047	4837
62	1119	4378	4121
63	1119	5320	5106
64	1119	4005	3814
65	1119	4438	4151
66	1119	4790	4523
67	1119	4669	4451
68	1119	6271	5945
69	1119	4909	4658
70	1119	6326	5919
71	1119	5742	5464
72	1119	4676	4463
73	1119	4510	4292
74	1119	5477	5107
75	1119	5659	5423
76	1119	2169	2046
77	1119	6683	6377
78	1119	7904	7403
79	1119	5721	5382
80	1119	2548	2283
81	1119	5295	5027
82	1119	7358	6951
83	1119	6588	6283
84	1119	5018	4730
85	1119	6451	6151
86	1119	5558	5155
87	1119	5526	5222
88	1119	4937	4658
89	1119	4720	4494
90	1119	5903	5608
91	1119	4759	4562
92	1119	5341	5078
93	1119	5260	4990
94	1119	5153	4836
95	1119	6797	6444
96	1119	4803	4576
97	1119	8583	8112
98	1119	6363	5957
99	1119	6888	6546
100	1119	5834	5556
101	1119	5857	5619
102	1119	5092	4825
103	1119	5483	5166
104	1119	4173	3984
105	1119	4736	4537
106	1119	6745	6318
107	1119	6605	6292
108	1119	9265	8881
109	1119	129	97
110	1119	10092	9612
111	1119	6805	6523
112	1119	4877	4634
113	1119	6595	6275
114	1119	6597	6191
115	1119	6215	5916
116	1119	3499	3125
117	1119	7680	7372
118	1119	5762	5365
119	1119	3586	3419
120	1119	3459	3220
121	1119	5392	5156
122	1119	3896	3704
123	1119	4846	4654
124	1119	4431	4223
125	1119	7444	6784
126	1119	5380	5110
127	1119	72	66
128	1119	413	347
129	1119	64	60
130	1119	6	5
131	1119	106	68
132	1119	112	73
133	1119	7	4
134	1119	36	28
0	2101	96319	64598
1	2101	4899	4635
2	2101	2774	2591
3	2101	4401	4131
4	2101	6664	6249
5	2101	4603	4341
6	2101	3800	3552
7	2101	6626	6228
8	2101	2745	2567
9	2101	6812	6429
10	2101	6383	6003
11	2101	3747	3534
12	2101	5520	5168
13	2101	4948	4642
14	2101	6577	6181
15	2101	6035	5701
16	2101	5096	4830
17	2101	8078	7666
18	2101	5762	5423
19	2101	5792	5492
20	2101	5633	5312
21	2101	5257	4969
22	2101	5454	5140
23	2101	4790	4489
24	2101	5117	4856
25	2101	5006	4719
26	2101	5528	5192
27	2101	5556	5230
28	2101	7516	7089
29	2101	6150	5707
30	2101	6433	6058
31	2101	5478	5153
32	2101	5695	5373
33	2101	5835	5544
34	2101	5385	5092
35	2101	5765	5452
36	2101	6661	6292
37	2101	6173	5826
38	2101	4547	4320
39	2101	5883	5577
40	2101	5464	4760
41	2101	5677	5345
42	2101	4307	4039
43	2101	4261	4030
44	2101	76	56
45	2101	6386	6004
46	2101	5123	4819
47	2101	5184	4882
48	2101	4759	4509
49	2101	5054	4722
50	2101	4436	4153
51	2101	5544	5252
52	2101	4992	4683
53	2101	5672	5275
54	2101	4246	3971
55	2101	6013	5635
56	2101	5006	4696
57	2101	5013	4718
58	2101	4427	4143
59	2101	12679	12015
60	2101	5422	5078
61	2101	4907	4636
62	2101	4656	4353
63	2101	5410	5095
64	2101	4370	4123
65	2101	5261	4960
66	2101	5088	4798
67	2101	4526	4273
68	2101	6435	6066
69	2101	5357	5052
70	2101	6894	6444
71	2101	5889	5561
72	2101	5403	5089
73	2101	4599	4363
74	2101	6452	6063
75	2101	5369	5100
76	2101	2060	1950
77	2101	6564	6196
78	2101	8232	7743
79	2101	5999	5652
80	2101	3959	3729
81	2101	5363	5060
82	2101	7433	6992
83	2101	6262	5902
84	2101	5000	4723
85	2101	6272	5924
86	2101	6205	5821
87	2101	6078	5725
88	2101	5279	4942
89	2101	5191	4910
90	2101	5789	5461
91	2101	4760	4503
92	2101	5399	5079
93	2101	5589	5245
94	2101	5552	5237
95	2101	6594	6214
96	2101	5006	4692
97	2101	8936	8439
98	2101	6482	6075
99	2101	7040	6646
100	2101	6302	5931
101	2101	5676	5362
102	2101	5214	4877
103	2101	5622	5326
104	2101	4233	3959
105	2101	5005	4741
106	2101	7042	6589
107	2101	6548	6175
108	2101	9947	9434
109	2101	176	108
110	2101	9938	9320
111	2101	6783	6447
112	2101	5036	4789
113	2101	6708	6340
114	2101	7018	6587
115	2101	5866	5534
116	2101	5213	4919
117	2101	7336	6943
118	2101	5948	5519
119	2101	3718	3518
120	2101	4176	3948
121	2101	5358	5088
122	2101	4026	3815
123	2101	4560	4333
124	2101	4522	4275
125	2101	7199	6393
126	2101	5351	5039
127	2101	83	69
128	2101	400	311
129	2101	30	27
130	2101	3	3
131	2101	96	67
132	2101	105	60
133	2101	14	10
134	2101	37	33
0	2102	97701	66728
1	2102	4780	4510
2	2102	2679	2490
3	2102	4544	4271
4	2102	6801	6396
5	2102	4603	4335
6	2102	3890	3650
7	2102	6697	6305
8	2102	2836	2697
9	2102	6890	6499
10	2102	6564	6166
11	2102	3793	3573
12	2102	5545	5196
13	2102	4966	4697
14	2102	6583	6184
15	2102	5896	5562
16	2102	5314	5030
17	2102	8091	7652
18	2102	5711	5427
19	2102	5861	5549
20	2102	5565	5247
21	2102	5262	4983
22	2102	5182	4894
23	2102	4589	4328
24	2102	4913	4667
25	2102	4807	4539
26	2102	5106	4789
27	2102	5294	4938
28	2102	7300	6887
29	2102	6094	5721
30	2102	6290	5922
31	2102	5205	4891
32	2102	5412	5128
33	2102	5626	5313
34	2102	5436	5161
35	2102	5724	5397
36	2102	6613	6253
37	2102	6150	5809
38	2102	4650	4374
39	2102	5859	5534
40	2102	5563	4853
41	2102	5565	5261
42	2102	4074	3839
43	2102	4405	4146
44	2102	69	56
45	2102	6139	5817
46	2102	5120	4823
47	2102	5112	4804
48	2102	4882	4614
49	2102	5138	4864
50	2102	4211	3945
51	2102	5593	5264
52	2102	4937	4633
53	2102	5706	5360
54	2102	4267	4017
55	2102	5898	5578
56	2102	5091	4803
57	2102	5154	4845
58	2102	4343	4065
59	2102	12667	11957
60	2102	5411	5093
61	2102	4742	4496
62	2102	4545	4253
63	2102	5109	4779
64	2102	4078	3838
65	2102	5055	4763
66	2102	4939	4675
67	2102	4691	4443
68	2102	6319	5953
69	2102	5369	5070
70	2102	6847	6448
71	2102	5663	5341
72	2102	5331	5047
73	2102	4584	4331
74	2102	6279	5891
75	2102	5246	4990
76	2102	2213	2081
77	2102	6741	6374
78	2102	8292	7829
79	2102	6098	5759
80	2102	3834	3623
81	2102	5342	5046
82	2102	7582	7130
83	2102	6428	6114
84	2102	5090	4803
85	2102	6408	6055
86	2102	6112	5721
87	2102	5994	5632
88	2102	5384	5070
89	2102	4883	4609
90	2102	5691	5334
91	2102	4763	4508
92	2102	5505	5182
93	2102	5363	5071
94	2102	5500	5164
95	2102	6781	6384
96	2102	5015	4742
97	2102	8875	8355
98	2102	6397	6008
99	2102	6918	6537
100	2102	6241	5917
101	2102	5658	5379
102	2102	5269	4950
103	2102	5718	5404
104	2102	4383	4129
105	2102	4869	4608
106	2102	6997	6538
107	2102	6540	6127
108	2102	9577	9042
109	2102	133	87
110	2102	9963	9339
111	2102	6803	6438
112	2102	4943	4687
113	2102	6721	6331
114	2102	7049	6614
115	2102	5945	5579
116	2102	5332	5007
117	2102	7511	7075
118	2102	5726	5323
119	2102	3763	3547
120	2102	4186	3940
121	2102	5449	5167
122	2102	3968	3763
123	2102	4779	4513
124	2102	4565	4314
125	2102	7018	6238
126	2102	5128	4829
127	2102	77	61
128	2102	398	318
129	2102	33	30
130	2102	5	5
131	2102	98	60
132	2102	124	60
133	2102	6	6
134	2102	21	14
0	2103	98864	67381
1	2103	4759	4477
2	2103	2687	2516
3	2103	4358	4093
4	2103	6620	6213
5	2103	4577	4286
6	2103	3831	3571
7	2103	6413	5978
8	2103	2900	2716
9	2103	6664	6282
10	2103	6555	6155
11	2103	3658	3470
12	2103	5496	5210
13	2103	4972	4676
14	2103	6357	5980
15	2103	6006	5656
16	2103	5099	4825
17	2103	7940	7504
18	2103	5683	5349
19	2103	5842	5518
20	2103	5734	5428
21	2103	5236	4949
22	2103	5270	4948
23	2103	4512	4268
24	2103	4814	4583
25	2103	4958	4639
26	2103	5371	5037
27	2103	5524	5179
28	2103	7639	7203
29	2103	6146	5713
30	2103	6207	5867
31	2103	5088	4781
32	2103	5439	5159
33	2103	5551	5262
34	2103	5455	5112
35	2103	5964	5640
36	2103	6766	6415
37	2103	5979	5641
38	2103	4868	4596
39	2103	6064	5692
40	2103	5471	4790
41	2103	5602	5291
42	2103	4334	4086
43	2103	4278	4037
44	2103	50	45
45	2103	6415	6069
46	2103	5297	4976
47	2103	5266	4959
48	2103	4805	4536
49	2103	5091	4773
50	2103	4196	3932
51	2103	5560	5224
52	2103	4960	4637
53	2103	5515	5190
54	2103	4118	3837
55	2103	5741	5420
56	2103	5090	4784
57	2103	4994	4688
58	2103	4301	4056
59	2103	12860	12124
60	2103	5363	5035
61	2103	4756	4511
62	2103	4644	4371
63	2103	5134	4830
64	2103	3995	3770
65	2103	5144	4814
66	2103	5096	4782
67	2103	4717	4429
68	2103	6304	5927
69	2103	5266	4989
70	2103	6657	6234
71	2103	5611	5262
72	2103	5082	4785
73	2103	4590	4315
74	2103	6186	5795
75	2103	5283	4954
76	2103	2191	2052
77	2103	6573	6233
78	2103	8176	7736
79	2103	6146	5748
80	2103	3870	3643
81	2103	5255	4938
82	2103	7615	7144
83	2103	6083	5733
84	2103	4840	4529
85	2103	6736	6366
86	2103	6319	5892
87	2103	5947	5607
88	2103	5158	4852
89	2103	4895	4640
90	2103	5727	5413
91	2103	4692	4407
92	2103	5597	5290
93	2103	5558	5226
94	2103	5538	5191
95	2103	6626	6279
96	2103	5061	4779
97	2103	8877	8377
98	2103	6442	6064
99	2103	6813	6421
100	2103	6385	6018
101	2103	5448	5161
102	2103	5031	4709
103	2103	5684	5355
104	2103	4479	4230
105	2103	4812	4548
106	2103	6725	6312
107	2103	6526	6135
108	2103	9826	9266
109	2103	188	114
110	2103	9555	8978
111	2103	7078	6712
112	2103	4788	4528
113	2103	6623	6246
114	2103	7033	6582
115	2103	5864	5496
116	2103	5251	4939
117	2103	7511	7073
118	2103	5823	5427
119	2103	3663	3459
120	2103	4056	3798
121	2103	5424	5143
122	2103	3868	3644
123	2103	4861	4622
124	2103	4394	4155
125	2103	7024	6271
126	2103	5433	5110
127	2103	82	68
128	2103	436	321
129	2103	35	30
130	2103	6	5
131	2103	99	58
132	2103	128	75
133	2103	12	10
134	2103	44	42
0	2104	97174	67269
1	2104	4793	4513
2	2104	2754	2566
3	2104	4359	4099
4	2104	6594	6157
5	2104	4542	4289
6	2104	3836	3588
7	2104	6451	6101
8	2104	2753	2570
9	2104	6954	6574
10	2104	6442	6087
11	2104	3818	3613
12	2104	5467	5177
13	2104	4777	4531
14	2104	6591	6190
15	2104	5970	5645
16	2104	5094	4807
17	2104	7935	7531
18	2104	5517	5220
19	2104	5752	5487
20	2104	5783	5449
21	2104	5093	4810
22	2104	5105	4811
23	2104	4447	4198
24	2104	4856	4625
25	2104	4826	4577
26	2104	5516	5163
27	2104	5386	5068
28	2104	7337	6926
29	2104	6132	5723
30	2104	6338	5965
31	2104	5211	4944
32	2104	5508	5227
33	2104	5859	5594
34	2104	5359	5081
35	2104	5769	5453
36	2104	6598	6257
37	2104	6274	5932
38	2104	4724	4473
39	2104	5816	5511
40	2104	5489	4867
41	2104	5525	5239
42	2104	4103	3867
43	2104	4283	4056
44	2104	58	48
45	2104	6289	5938
46	2104	5357	5053
47	2104	5177	4884
48	2104	4841	4570
49	2104	4986	4740
50	2104	4364	4064
51	2104	5361	5049
52	2104	4827	4504
53	2104	5561	5253
54	2104	4032	3780
55	2104	5825	5456
56	2104	5003	4704
57	2104	5080	4797
58	2104	4335	4100
59	2104	12596	11938
60	2104	5424	5134
61	2104	4811	4569
62	2104	4486	4223
63	2104	4969	4725
64	2104	4111	3884
65	2104	4968	4709
66	2104	4790	4517
67	2104	4540	4291
68	2104	6313	5957
69	2104	5208	4888
70	2104	6823	6456
71	2104	5627	5314
72	2104	5319	5020
73	2104	4566	4321
74	2104	6373	5990
75	2104	5369	5085
76	2104	2183	2068
77	2104	6593	6275
78	2104	7746	7281
79	2104	6175	5859
80	2104	3907	3700
81	2104	5320	5015
82	2104	7545	7148
83	2104	6132	5791
84	2104	4939	4658
85	2104	6480	6117
86	2104	6092	5743
87	2104	5957	5614
88	2104	5358	5002
89	2104	4707	4432
90	2104	5718	5362
91	2104	4674	4379
92	2104	5515	5200
93	2104	5572	5292
94	2104	5594	5243
95	2104	6495	6132
96	2104	5069	4781
97	2104	8909	8389
98	2104	6441	6063
99	2104	6687	6286
100	2104	6358	6011
101	2104	5413	5116
102	2104	4984	4703
103	2104	5506	5193
104	2104	4302	4048
105	2104	4815	4572
106	2104	7084	6715
107	2104	6685	6290
108	2104	9813	9270
109	2104	159	84
110	2104	9809	9244
111	2104	6938	6557
112	2104	4659	4427
113	2104	6655	6288
114	2104	7019	6639
115	2104	5913	5622
116	2104	5057	4758
117	2104	7508	7110
118	2104	5929	5531
119	2104	3745	3553
120	2104	4182	3946
121	2104	5356	5095
122	2104	3986	3762
123	2104	4680	4434
124	2104	4422	4183
125	2104	6925	6140
126	2104	5471	5201
127	2104	74	54
128	2104	382	282
129	2104	48	45
130	2104	8	5
131	2104	99	67
132	2104	118	60
133	2104	5	5
134	2104	19	16
0	2105	99176	67521
1	2105	4915	4630
2	2105	2856	2682
3	2105	4389	4138
4	2105	6780	6370
5	2105	4469	4200
6	2105	3960	3709
7	2105	6510	6141
8	2105	2871	2708
9	2105	6898	6535
10	2105	6533	6168
11	2105	3766	3566
12	2105	5505	5201
13	2105	4989	4719
14	2105	6531	6138
15	2105	5939	5625
16	2105	5472	5184
17	2105	7815	7411
18	2105	5652	5322
19	2105	5785	5476
20	2105	5532	5211
21	2105	5209	4939
22	2105	5266	4964
23	2105	4659	4438
24	2105	4870	4653
25	2105	4974	4750
26	2105	5149	4851
27	2105	5240	4958
28	2105	7640	7192
29	2105	5957	5553
30	2105	6372	6002
31	2105	5036	4728
32	2105	5462	5180
33	2105	5651	5369
34	2105	5242	4956
35	2105	5768	5478
36	2105	6542	6199
37	2105	6201	5885
38	2105	4693	4464
39	2105	5842	5525
40	2105	5460	4824
41	2105	5531	5234
42	2105	4246	4012
43	2105	4215	4030
44	2105	80	67
45	2105	6359	6015
46	2105	5114	4798
47	2105	5167	4900
48	2105	4893	4641
49	2105	5006	4718
50	2105	4259	3991
51	2105	5480	5165
52	2105	5023	4710
53	2105	5683	5348
54	2105	4167	3911
55	2105	5939	5600
56	2105	5019	4743
57	2105	5016	4721
58	2105	4564	4267
59	2105	12687	12025
60	2105	5610	5262
61	2105	4894	4643
62	2105	4415	4150
63	2105	5069	4775
64	2105	4128	3891
65	2105	5119	4808
66	2105	4904	4621
67	2105	4789	4530
68	2105	6266	5869
69	2105	5330	5022
70	2105	6766	6365
71	2105	5718	5384
72	2105	5139	4869
73	2105	4548	4309
74	2105	6253	5863
75	2105	5439	5151
76	2105	2223	2098
77	2105	6546	6211
78	2105	8135	7684
79	2105	5977	5636
80	2105	3817	3593
81	2105	5275	4986
82	2105	7502	7060
83	2105	6199	5872
84	2105	4869	4568
85	2105	6421	6088
86	2105	6199	5818
87	2105	5827	5478
88	2105	5181	4853
89	2105	4934	4662
90	2105	5461	5144
91	2105	4813	4561
92	2105	5362	5066
93	2105	5606	5311
94	2105	5376	5067
95	2105	6773	6401
96	2105	4945	4675
97	2105	8789	8307
98	2105	6298	5890
99	2105	6686	6321
100	2105	6143	5797
101	2105	5302	4997
102	2105	4883	4586
103	2105	5645	5329
104	2105	4404	4152
105	2105	4666	4430
106	2105	6994	6567
107	2105	6457	6093
108	2105	9636	9147
109	2105	174	111
110	2105	9905	9304
111	2105	6580	6240
112	2105	4870	4576
113	2105	6374	6029
114	2105	6767	6332
115	2105	6165	5857
116	2105	5081	4798
117	2105	7351	6982
118	2105	6065	5670
119	2105	3716	3520
120	2105	4182	3950
121	2105	5238	4995
122	2105	4051	3804
123	2105	4714	4480
124	2105	4440	4224
125	2105	7252	6498
126	2105	5198	4902
127	2105	93	77
128	2105	451	333
129	2105	40	32
130	2105	5	3
131	2105	96	61
132	2105	106	66
133	2105	9	8
134	2105	23	18
0	2106	100228	67866
1	2106	4787	4518
2	2106	2825	2648
3	2106	4374	4109
4	2106	6957	6556
5	2106	4517	4274
6	2106	3954	3720
7	2106	6393	5990
8	2106	2804	2599
9	2106	6694	6331
10	2106	6435	6074
11	2106	3778	3567
12	2106	5507	5159
13	2106	4958	4691
14	2106	6599	6214
15	2106	6014	5669
16	2106	5423	5119
17	2106	7682	7260
18	2106	5692	5374
19	2106	5933	5634
20	2106	5612	5303
21	2106	4987	4725
22	2106	5043	4765
23	2106	4608	4354
24	2106	4849	4603
25	2106	4991	4731
26	2106	5323	5004
27	2106	5586	5257
28	2106	7513	7079
29	2106	5994	5555
30	2106	6318	5927
31	2106	5263	4975
32	2106	5464	5173
33	2106	5484	5196
34	2106	5397	5098
35	2106	5874	5552
36	2106	6589	6243
37	2106	6164	5807
38	2106	4679	4413
39	2106	6027	5729
40	2106	5474	4853
41	2106	5554	5247
42	2106	4350	4092
43	2106	4197	3978
44	2106	60	46
45	2106	6314	5985
46	2106	5009	4686
47	2106	5128	4825
48	2106	4619	4405
49	2106	5068	4776
50	2106	4363	4086
51	2106	5581	5244
52	2106	4718	4404
53	2106	5457	5134
54	2106	4156	3877
55	2106	5749	5410
56	2106	5001	4739
57	2106	4977	4703
58	2106	4398	4089
59	2106	12706	11976
60	2106	5286	4982
61	2106	4819	4566
62	2106	4725	4411
63	2106	5132	4825
64	2106	4222	3995
65	2106	5046	4756
66	2106	4924	4652
67	2106	4502	4237
68	2106	6317	5934
69	2106	5370	5096
70	2106	6826	6399
71	2106	5797	5432
72	2106	5229	4939
73	2106	4564	4290
74	2106	6236	5895
75	2106	5276	4980
76	2106	2097	1963
77	2106	6715	6337
78	2106	8054	7564
79	2106	6326	5979
80	2106	4036	3787
81	2106	5247	4919
82	2106	7610	7155
83	2106	6439	6090
84	2106	5093	4757
85	2106	6403	6036
86	2106	6141	5780
87	2106	5978	5640
88	2106	5264	4949
89	2106	4874	4607
90	2106	5872	5489
91	2106	4566	4280
92	2106	5467	5168
93	2106	5439	5142
94	2106	5403	5083
95	2106	6564	6187
96	2106	5027	4759
97	2106	8948	8439
98	2106	6195	5808
99	2106	6780	6385
100	2106	6235	5870
101	2106	5426	5130
102	2106	5154	4826
103	2106	5538	5237
104	2106	4432	4174
105	2106	4729	4473
106	2106	6720	6337
107	2106	6547	6141
108	2106	9675	9204
109	2106	174	105
110	2106	10004	9422
111	2106	6878	6507
112	2106	4819	4559
113	2106	6395	6034
114	2106	6961	6540
115	2106	5967	5597
116	2106	5253	4951
117	2106	7321	6914
118	2106	5901	5474
119	2106	3507	3316
120	2106	3989	3756
121	2106	5443	5150
122	2106	3927	3688
123	2106	4755	4529
124	2106	4660	4419
125	2106	7153	6383
126	2106	5103	4802
127	2106	90	73
128	2106	410	308
129	2106	36	32
130	2106	12	7
131	2106	92	62
132	2106	100	64
133	2106	10	8
134	2106	47	41
0	2107	102566	71596
1	2107	4745	4472
2	2107	2738	2554
3	2107	4405	4157
4	2107	6827	6430
5	2107	4558	4272
6	2107	3803	3566
7	2107	6671	6298
8	2107	2787	2626
9	2107	6900	6507
10	2107	6443	6100
11	2107	3762	3571
12	2107	5643	5313
13	2107	4793	4568
14	2107	6520	6124
15	2107	5759	5459
16	2107	5082	4821
17	2107	7862	7496
18	2107	5789	5488
19	2107	5747	5462
20	2107	5708	5370
21	2107	5142	4844
22	2107	5295	5015
23	2107	4523	4285
24	2107	4936	4691
25	2107	5093	4820
26	2107	5366	5052
27	2107	5478	5134
28	2107	7331	6928
29	2107	5723	5299
30	2107	6471	6116
31	2107	5302	4969
32	2107	5511	5187
33	2107	5469	5184
34	2107	5429	5109
35	2107	5841	5510
36	2107	6632	6297
37	2107	6097	5773
38	2107	4648	4371
39	2107	5796	5457
40	2107	5618	5011
41	2107	5570	5282
42	2107	4427	4178
43	2107	4263	4032
44	2107	71	61
45	2107	6364	6037
46	2107	5434	5125
47	2107	5230	4944
48	2107	4841	4586
49	2107	5128	4835
50	2107	4127	3841
51	2107	5684	5394
52	2107	4836	4526
53	2107	5739	5380
54	2107	4115	3856
55	2107	6045	5676
56	2107	4967	4699
57	2107	5062	4758
58	2107	4310	3997
59	2107	12599	11912
60	2107	5523	5189
61	2107	4628	4383
62	2107	4727	4432
63	2107	5302	4984
64	2107	4243	3993
65	2107	5093	4795
66	2107	5065	4726
67	2107	4595	4340
68	2107	6238	5871
69	2107	5340	5057
70	2107	6780	6360
71	2107	5740	5382
72	2107	5075	4786
73	2107	4717	4477
74	2107	6438	6056
75	2107	5322	5033
76	2107	2209	2073
77	2107	6498	6134
78	2107	8182	7668
79	2107	6057	5682
80	2107	4041	3773
81	2107	5245	4925
82	2107	7411	6957
83	2107	6351	6024
84	2107	5055	4733
85	2107	6454	6087
86	2107	6185	5819
87	2107	6055	5685
88	2107	5141	4830
89	2107	5011	4703
90	2107	5648	5302
91	2107	4570	4319
92	2107	5382	5034
93	2107	5451	5130
94	2107	5353	5012
95	2107	6708	6321
96	2107	4944	4650
97	2107	8751	8276
98	2107	6240	5871
99	2107	6837	6449
100	2107	6242	5887
101	2107	5508	5216
102	2107	5120	4821
103	2107	5585	5265
104	2107	4425	4170
105	2107	4859	4607
106	2107	6861	6451
107	2107	6708	6300
108	2107	9783	9233
109	2107	132	81
110	2107	9887	9317
111	2107	6856	6472
112	2107	4872	4599
113	2107	6661	6314
114	2107	7108	6670
115	2107	6106	5788
116	2107	5200	4899
117	2107	7398	7003
118	2107	5740	5338
119	2107	3744	3537
120	2107	4157	3939
121	2107	5520	5205
122	2107	4213	3964
123	2107	4849	4610
124	2107	4479	4241
125	2107	7372	6610
126	2107	5293	4992
127	2107	84	65
128	2107	380	296
129	2107	41	34
130	2107	12	6
131	2107	110	65
132	2107	149	76
133	2107	7	7
134	2107	23	21
0	2108	102276	69877
1	2108	4753	4473
2	2108	2683	2497
3	2108	4355	4111
4	2108	6856	6444
5	2108	4485	4241
6	2108	3889	3656
7	2108	6656	6296
8	2108	2702	2525
9	2108	6838	6460
10	2108	6237	5850
11	2108	3744	3528
12	2108	5607	5302
13	2108	4764	4493
14	2108	6660	6304
15	2108	6062	5693
16	2108	5269	4980
17	2108	7928	7507
18	2108	5915	5545
19	2108	5780	5451
20	2108	5783	5435
21	2108	5189	4903
22	2108	5310	4984
23	2108	4546	4289
24	2108	5035	4771
25	2108	5130	4799
26	2108	5357	5033
27	2108	5311	5002
28	2108	7530	7079
29	2108	5601	5144
30	2108	6300	5940
31	2108	5095	4810
32	2108	5432	5139
33	2108	5711	5359
34	2108	5450	5156
35	2108	5766	5454
36	2108	6499	6150
37	2108	6056	5730
38	2108	4540	4295
39	2108	5740	5434
40	2108	5374	4721
41	2108	5645	5341
42	2108	4230	3987
43	2108	4319	4059
44	2108	69	58
45	2108	6173	5802
46	2108	5201	4894
47	2108	5073	4799
48	2108	4722	4481
49	2108	5039	4765
50	2108	4285	3989
51	2108	5664	5379
52	2108	4807	4496
53	2108	5682	5356
54	2108	4040	3755
55	2108	5915	5589
56	2108	5153	4865
57	2108	5154	4841
58	2108	4406	4129
59	2108	12530	11824
60	2108	5317	4993
61	2108	4944	4632
62	2108	4506	4214
63	2108	5157	4853
64	2108	4066	3830
65	2108	5033	4725
66	2108	4990	4650
67	2108	4718	4444
68	2108	6471	6083
69	2108	5294	4972
70	2108	6530	6130
71	2108	5673	5316
72	2108	5151	4852
73	2108	4564	4321
74	2108	6432	6038
75	2108	5057	4791
76	2108	2093	1968
77	2108	6623	6240
78	2108	8305	7862
79	2108	6191	5820
80	2108	3791	3570
81	2108	5381	5111
82	2108	7615	7136
83	2108	6224	5890
84	2108	5109	4802
85	2108	6670	6306
86	2108	6108	5759
87	2108	5968	5589
88	2108	5291	4957
89	2108	4912	4678
90	2108	5756	5410
91	2108	4626	4338
92	2108	5553	5176
93	2108	5457	5111
94	2108	5557	5237
95	2108	6782	6391
96	2108	5006	4726
97	2108	8910	8384
98	2108	6469	6064
99	2108	6877	6437
100	2108	6430	6040
101	2108	5626	5319
102	2108	5351	5037
103	2108	5705	5386
104	2108	4343	4080
105	2108	4731	4484
106	2108	6939	6513
107	2108	6529	6130
108	2108	10048	9501
109	2108	162	104
110	2108	9971	9382
111	2108	6917	6546
112	2108	4806	4514
113	2108	6662	6268
114	2108	7118	6692
115	2108	6147	5793
116	2108	5126	4789
117	2108	7314	6927
118	2108	5807	5437
119	2108	3742	3556
120	2108	4255	3994
121	2108	5499	5231
122	2108	4055	3816
123	2108	4720	4476
124	2108	4555	4292
125	2108	7025	6277
126	2108	5107	4819
127	2108	91	71
128	2108	419	311
129	2108	45	42
130	2108	7	5
131	2108	86	51
132	2108	127	74
133	2108	7	6
134	2108	24	23
0	2109	102333	70338
1	2109	4820	4536
2	2109	2680	2492
3	2109	4330	4095
4	2109	6655	6245
5	2109	4518	4227
6	2109	3843	3568
7	2109	6580	6120
8	2109	2608	2434
9	2109	6994	6592
10	2109	6474	6099
11	2109	3668	3455
12	2109	5636	5296
13	2109	4891	4605
14	2109	6431	6041
15	2109	5931	5579
16	2109	5111	4836
17	2109	7786	7387
18	2109	5731	5433
19	2109	5819	5489
20	2109	5846	5554
21	2109	4887	4619
22	2109	5160	4843
23	2109	4479	4227
24	2109	4827	4550
25	2109	5115	4832
26	2109	5438	5064
27	2109	5302	4972
28	2109	7496	7027
29	2109	5722	5266
30	2109	6368	6008
31	2109	5110	4806
32	2109	5442	5085
33	2109	5539	5230
34	2109	5392	5092
35	2109	5784	5462
36	2109	6732	6362
37	2109	6254	5927
38	2109	4829	4537
39	2109	6049	5709
40	2109	5253	4654
41	2109	5618	5299
42	2109	4095	3854
43	2109	4307	4068
44	2109	75	64
45	2109	6120	5767
46	2109	5305	4984
47	2109	4934	4628
48	2109	4739	4475
49	2109	5293	4985
50	2109	4234	3913
51	2109	5651	5305
52	2109	4952	4631
53	2109	5769	5449
54	2109	4114	3835
55	2109	5732	5408
56	2109	5078	4782
57	2109	5005	4678
58	2109	4470	4183
59	2109	12635	11916
60	2109	5529	5192
61	2109	4839	4539
62	2109	4532	4235
63	2109	5096	4807
64	2109	4185	3949
65	2109	5085	4739
66	2109	4955	4668
67	2109	4303	4062
68	2109	6328	5934
69	2109	5366	5048
70	2109	6742	6335
71	2109	5678	5347
72	2109	5340	5051
73	2109	4469	4215
74	2109	6412	6009
75	2109	5275	5001
76	2109	2197	2030
77	2109	6461	6067
78	2109	8342	7824
79	2109	6295	5895
80	2109	3701	3480
81	2109	5428	5122
82	2109	7645	7151
83	2109	6225	5849
84	2109	5070	4728
85	2109	6608	6219
86	2109	6347	5933
87	2109	5960	5575
88	2109	5194	4873
89	2109	5053	4765
90	2109	5718	5405
91	2109	4602	4347
92	2109	5593	5249
93	2109	5636	5299
94	2109	5473	5091
95	2109	6482	6076
96	2109	4990	4685
97	2109	8795	8294
98	2109	6486	6051
99	2109	6791	6422
100	2109	6299	5909
101	2109	5686	5372
102	2109	5205	4869
103	2109	5615	5302
104	2109	4162	3922
105	2109	4765	4521
106	2109	6840	6416
107	2109	6667	6275
108	2109	10094	9536
109	2109	183	101
110	2109	9980	9354
111	2109	6717	6349
112	2109	4897	4631
113	2109	6348	5985
114	2109	7080	6670
115	2109	5966	5598
116	2109	5147	4790
117	2109	7490	7084
118	2109	5888	5456
119	2109	3630	3447
120	2109	3873	3648
121	2109	5475	5164
122	2109	4070	3858
123	2109	4627	4364
124	2109	4383	4143
125	2109	7182	6411
126	2109	5409	5091
127	2109	65	55
128	2109	422	315
129	2109	43	40
130	2109	11	9
131	2109	95	60
132	2109	112	69
133	2109	10	7
134	2109	39	33
0	2110	99922	68526
1	2110	4826	4525
2	2110	2798	2633
3	2110	4455	4206
4	2110	6834	6402
5	2110	4666	4380
6	2110	3949	3683
7	2110	6559	6185
8	2110	2790	2597
9	2110	6950	6567
10	2110	6560	6163
11	2110	3902	3685
12	2110	5465	5134
13	2110	4946	4686
14	2110	6889	6476
15	2110	5873	5559
16	2110	5161	4877
17	2110	7864	7458
18	2110	5824	5513
19	2110	6017	5699
20	2110	5568	5261
21	2110	5293	5012
22	2110	5429	5114
23	2110	4460	4205
24	2110	4928	4674
25	2110	5039	4766
26	2110	5470	5153
27	2110	5451	5102
28	2110	7541	7109
29	2110	5413	4960
30	2110	6570	6178
31	2110	5364	5069
32	2110	5583	5282
33	2110	5696	5419
34	2110	5578	5296
35	2110	5794	5484
36	2110	6938	6577
37	2110	6008	5688
38	2110	4600	4312
39	2110	5863	5523
40	2110	5428	4753
41	2110	5626	5296
42	2110	4342	4072
43	2110	4420	4219
44	2110	64	56
45	2110	6428	6069
46	2110	4958	4670
47	2110	5037	4737
48	2110	4700	4462
49	2110	4986	4691
50	2110	4387	4116
51	2110	5615	5285
52	2110	4913	4586
53	2110	5628	5304
54	2110	4175	3912
55	2110	6097	5783
56	2110	4962	4697
57	2110	5016	4734
58	2110	4609	4301
59	2110	12761	12077
60	2110	5465	5174
61	2110	4935	4653
62	2110	4481	4196
63	2110	5152	4866
64	2110	4173	3914
65	2110	5022	4755
66	2110	4922	4643
67	2110	4681	4432
68	2110	6385	6012
69	2110	5410	5102
70	2110	6802	6398
71	2110	5655	5318
72	2110	5013	4708
73	2110	4510	4263
74	2110	6419	6017
75	2110	5312	5020
76	2110	2117	1976
77	2110	6649	6272
78	2110	8057	7578
79	2110	6258	5888
80	2110	3835	3600
81	2110	5402	5108
82	2110	7752	7293
83	2110	6327	6009
84	2110	5256	4934
85	2110	6696	6333
86	2110	6281	5891
87	2110	5955	5593
88	2110	5167	4861
89	2110	4954	4681
90	2110	5768	5418
91	2110	4615	4338
92	2110	5491	5141
93	2110	5440	5113
94	2110	5259	4939
95	2110	6693	6324
96	2110	5068	4786
97	2110	8794	8289
98	2110	6313	5917
99	2110	6941	6534
100	2110	6223	5851
101	2110	5723	5410
102	2110	4990	4700
103	2110	5856	5541
104	2110	4454	4198
105	2110	4833	4585
106	2110	6866	6432
107	2110	6546	6147
108	2110	9797	9244
109	2110	145	85
110	2110	9800	9251
111	2110	6857	6494
112	2110	4961	4714
113	2110	6685	6338
114	2110	7168	6755
115	2110	6042	5676
116	2110	5075	4735
117	2110	7509	7138
118	2110	6012	5578
119	2110	3721	3533
120	2110	4128	3876
121	2110	5382	5111
122	2110	4069	3821
123	2110	4713	4479
124	2110	4539	4278
125	2110	7139	6379
126	2110	5232	4931
127	2110	75	60
128	2110	409	319
129	2110	45	41
130	2110	10	6
131	2110	92	54
132	2110	124	61
133	2110	5	5
134	2110	23	18
0	2111	100639	69348
1	2111	4931	4648
2	2111	2930	2731
3	2111	4229	3983
4	2111	6693	6270
5	2111	4473	4206
6	2111	3991	3712
7	2111	6587	6195
8	2111	2857	2672
9	2111	6926	6504
10	2111	6420	6025
11	2111	3761	3535
12	2111	5600	5262
13	2111	5012	4745
14	2111	6604	6237
15	2111	5895	5534
16	2111	5188	4911
17	2111	7880	7467
18	2111	5830	5518
19	2111	5702	5395
20	2111	5837	5547
21	2111	5036	4774
22	2111	5187	4857
23	2111	4620	4349
24	2111	4808	4566
25	2111	5099	4847
26	2111	5317	5004
27	2111	5154	4797
28	2111	7488	7030
29	2111	5212	4745
30	2111	6494	6123
31	2111	5310	5017
32	2111	5389	5093
33	2111	5562	5279
34	2111	5363	5041
35	2111	5761	5441
36	2111	6648	6297
37	2111	6161	5804
38	2111	4725	4455
39	2111	5909	5539
40	2111	5523	4896
41	2111	5571	5281
42	2111	4318	4055
43	2111	4541	4306
44	2111	56	45
45	2111	6154	5820
46	2111	5214	4871
47	2111	5229	4910
48	2111	4750	4490
49	2111	5165	4863
50	2111	4257	3965
51	2111	5725	5380
52	2111	4884	4569
53	2111	5700	5370
54	2111	4114	3847
55	2111	5975	5624
56	2111	4837	4548
57	2111	4998	4713
58	2111	4656	4388
59	2111	12800	12129
60	2111	5506	5176
61	2111	4966	4682
62	2111	4592	4313
63	2111	5242	4934
64	2111	4122	3881
65	2111	5128	4834
66	2111	4973	4666
67	2111	4618	4353
68	2111	6379	6005
69	2111	5268	4983
70	2111	6830	6441
71	2111	5776	5429
72	2111	5097	4823
73	2111	4790	4520
74	2111	6331	5954
75	2111	5432	5173
76	2111	1987	1880
77	2111	6732	6399
78	2111	8557	8065
79	2111	6250	5856
80	2111	3704	3451
81	2111	5253	5000
82	2111	7430	6973
83	2111	6215	5867
84	2111	5235	4912
85	2111	6620	6228
86	2111	5905	5555
87	2111	6105	5756
88	2111	5120	4814
89	2111	4944	4655
90	2111	5615	5280
91	2111	4422	4184
92	2111	5424	5091
93	2111	5514	5189
94	2111	5390	5037
95	2111	6690	6331
96	2111	4820	4526
97	2111	8808	8297
98	2111	6357	5962
99	2111	6842	6428
100	2111	6304	5935
101	2111	5684	5380
102	2111	5178	4837
103	2111	5673	5353
104	2111	4315	4066
105	2111	4777	4495
106	2111	7032	6590
107	2111	6480	6055
108	2111	9581	9063
109	2111	179	100
110	2111	9925	9330
111	2111	6802	6452
112	2111	4902	4605
113	2111	6385	6046
114	2111	7034	6596
115	2111	5968	5601
116	2111	4953	4595
117	2111	7440	7057
118	2111	5882	5510
119	2111	3559	3371
120	2111	4077	3837
121	2111	5498	5242
122	2111	4080	3813
123	2111	4753	4506
124	2111	4333	4095
125	2111	7311	6581
126	2111	5286	5007
127	2111	80	70
128	2111	372	284
129	2111	47	43
130	2111	12	8
131	2111	82	57
132	2111	120	62
133	2111	10	9
134	2111	33	27
0	2112	99569	68940
1	2112	4702	4446
2	2112	2792	2644
3	2112	4527	4276
4	2112	6803	6380
5	2112	4544	4300
6	2112	3550	3276
7	2112	6618	6236
8	2112	2783	2602
9	2112	7070	6662
10	2112	6575	6195
11	2112	4037	3834
12	2112	5549	5250
13	2112	4990	4732
14	2112	6671	6310
15	2112	5982	5636
16	2112	5187	4921
17	2112	7840	7422
18	2112	5560	5258
19	2112	5844	5541
20	2112	5530	5229
21	2112	5099	4823
22	2112	5110	4824
23	2112	4608	4390
24	2112	4941	4701
25	2112	4892	4621
26	2112	5410	5086
27	2112	5122	4778
28	2112	7348	6919
29	2112	5262	4787
30	2112	6339	5946
31	2112	4990	4712
32	2112	5365	5079
33	2112	5660	5333
34	2112	5503	5206
35	2112	6010	5688
36	2112	6657	6299
37	2112	6046	5724
38	2112	4772	4500
39	2112	5906	5560
40	2112	5438	4852
41	2112	5506	5225
42	2112	4241	4015
43	2112	4276	4061
44	2112	67	59
45	2112	6228	5914
46	2112	5038	4716
47	2112	5101	4836
48	2112	4702	4450
49	2112	5103	4819
50	2112	4341	4071
51	2112	5380	5105
52	2112	4648	4372
53	2112	5622	5306
54	2112	4065	3807
55	2112	5775	5441
56	2112	5043	4741
57	2112	4962	4682
58	2112	4439	4155
59	2112	12845	12124
60	2112	5413	5082
61	2112	4899	4652
62	2112	4547	4253
63	2112	5152	4832
64	2112	4160	3917
65	2112	4923	4668
66	2112	4956	4660
67	2112	4798	4559
68	2112	6310	5921
69	2112	5241	4961
70	2112	6916	6518
71	2112	5959	5624
72	2112	5066	4813
73	2112	4573	4371
74	2112	6459	6085
75	2112	5335	5055
76	2112	2200	2088
77	2112	6707	6354
78	2112	8241	7754
79	2112	6139	5766
80	2112	3682	3432
81	2112	5216	4929
82	2112	7888	7421
83	2112	6429	6105
84	2112	5205	4927
85	2112	6459	6109
86	2112	6374	5975
87	2112	5964	5621
88	2112	5068	4734
89	2112	4944	4679
90	2112	5858	5544
91	2112	4703	4450
92	2112	5398	5091
93	2112	5609	5295
94	2112	5536	5221
95	2112	6641	6271
96	2112	4891	4610
97	2112	8636	8149
98	2112	6469	6065
99	2112	6900	6529
100	2112	6398	6064
101	2112	5760	5453
102	2112	5302	4991
103	2112	5859	5545
104	2112	4133	3910
105	2112	4617	4389
106	2112	6962	6555
107	2112	6556	6171
108	2112	9874	9339
109	2112	156	90
110	2112	10026	9441
111	2112	6824	6491
112	2112	4976	4725
113	2112	6796	6411
114	2112	6927	6489
115	2112	5908	5587
116	2112	4764	4435
117	2112	7507	7095
118	2112	5968	5594
119	2112	3821	3614
120	2112	4061	3787
121	2112	5435	5181
122	2112	4041	3827
123	2112	4827	4603
124	2112	4497	4294
125	2112	7133	6408
126	2112	5443	5135
127	2112	67	57
128	2112	404	303
129	2112	37	32
130	2112	9	9
131	2112	116	81
132	2112	93	50
133	2112	11	11
134	2112	19	15
0	2113	99827	68606
1	2113	4907	4641
2	2113	2774	2583
3	2113	4449	4207
4	2113	6647	6230
5	2113	4804	4498
6	2113	3701	3457
7	2113	6674	6289
8	2113	2687	2501
9	2113	6646	6276
10	2113	6378	6015
11	2113	3901	3655
12	2113	5736	5398
13	2113	4961	4724
14	2113	6608	6214
15	2113	5906	5563
16	2113	4994	4750
17	2113	7894	7481
18	2113	5868	5555
19	2113	5681	5405
20	2113	5849	5521
21	2113	5358	5049
22	2113	5227	4940
23	2113	4432	4206
24	2113	4799	4549
25	2113	5084	4792
26	2113	5431	5125
27	2113	4963	4637
28	2113	7735	7319
29	2113	5023	4483
30	2113	6420	6077
31	2113	5253	4982
32	2113	5183	4882
33	2113	5687	5359
34	2113	5364	5053
35	2113	5894	5595
36	2113	6551	6204
37	2113	6069	5784
38	2113	4713	4418
39	2113	6028	5669
40	2113	5468	4880
41	2113	5650	5340
42	2113	4224	3976
43	2113	4434	4177
44	2113	68	61
45	2113	6573	6180
46	2113	5086	4727
47	2113	5340	5039
48	2113	4561	4331
49	2113	4989	4702
50	2113	4312	4024
51	2113	5592	5276
52	2113	4883	4587
53	2113	5745	5374
54	2113	4204	3935
55	2113	5787	5415
56	2113	4825	4558
57	2113	5180	4861
58	2113	4608	4319
59	2113	12826	12140
60	2113	5603	5291
61	2113	4957	4705
62	2113	4716	4431
63	2113	5275	4974
64	2113	4077	3844
65	2113	4927	4618
66	2113	4921	4593
67	2113	4752	4518
68	2113	6370	6021
69	2113	5346	5031
70	2113	6754	6345
71	2113	5768	5434
72	2113	5093	4797
73	2113	4759	4472
74	2113	6048	5721
75	2113	5600	5273
76	2113	2170	2039
77	2113	6500	6168
78	2113	8087	7613
79	2113	6337	5981
80	2113	3617	3377
81	2113	5345	5023
82	2113	7324	6896
83	2113	6436	6082
84	2113	5099	4797
85	2113	6561	6177
86	2113	6000	5599
87	2113	6069	5696
88	2113	5381	5030
89	2113	4895	4596
90	2113	5488	5160
91	2113	4699	4454
92	2113	5369	5056
93	2113	5484	5151
94	2113	5359	5033
95	2113	6656	6253
96	2113	4890	4609
97	2113	8759	8281
98	2113	6290	5892
99	2113	6884	6458
100	2113	6339	5960
101	2113	5604	5311
102	2113	5100	4774
103	2113	5749	5414
104	2113	4334	4080
105	2113	4529	4281
106	2113	6841	6425
107	2113	6654	6267
108	2113	9356	8842
109	2113	137	94
110	2113	10021	9418
111	2113	6941	6601
112	2113	4919	4656
113	2113	6595	6244
114	2113	6959	6550
115	2113	5934	5592
116	2113	4688	4356
117	2113	7572	7150
118	2113	5990	5567
119	2113	3826	3629
120	2113	4068	3831
121	2113	5368	5131
122	2113	4122	3894
123	2113	4845	4617
124	2113	4503	4261
125	2113	7212	6507
126	2113	5347	5063
127	2113	71	54
128	2113	385	294
129	2113	43	37
130	2113	8	5
131	2113	97	66
132	2113	131	74
133	2113	8	8
134	2113	34	32
0	2114	100168	69011
1	2114	4630	4364
2	2114	2956	2782
3	2114	4485	4243
4	2114	6728	6374
5	2114	4506	4248
6	2114	3752	3486
7	2114	6656	6245
8	2114	2770	2587
9	2114	6852	6503
10	2114	6819	6405
11	2114	3860	3669
12	2114	5508	5198
13	2114	4978	4715
14	2114	6553	6142
15	2114	5945	5619
16	2114	5072	4827
17	2114	7867	7468
18	2114	5640	5355
19	2114	5899	5639
20	2114	5748	5419
21	2114	5233	4948
22	2114	5325	5017
23	2114	4443	4218
24	2114	4847	4613
25	2114	5083	4788
26	2114	5339	4999
27	2114	5095	4704
28	2114	7363	6956
29	2114	4568	4027
30	2114	6347	5956
31	2114	5132	4832
32	2114	5292	5021
33	2114	5783	5480
34	2114	5468	5158
35	2114	6089	5779
36	2114	6758	6392
37	2114	6186	5858
38	2114	4683	4403
39	2114	5768	5415
40	2114	5265	4702
41	2114	5525	5200
42	2114	4221	3940
43	2114	4239	4017
44	2114	66	56
45	2114	6094	5761
46	2114	5010	4662
47	2114	5138	4867
48	2114	4363	4121
49	2114	5266	4948
50	2114	4322	4054
51	2114	5737	5395
52	2114	4947	4639
53	2114	5621	5250
54	2114	4181	3907
55	2114	5914	5549
56	2114	4782	4444
57	2114	5122	4811
58	2114	4595	4283
59	2114	13082	12392
60	2114	5683	5330
61	2114	4968	4692
62	2114	4706	4396
63	2114	5067	4802
64	2114	4081	3846
65	2114	5115	4812
66	2114	4891	4592
67	2114	4680	4429
68	2114	6167	5797
69	2114	5225	4953
70	2114	6667	6262
71	2114	5605	5280
72	2114	4997	4724
73	2114	4485	4249
74	2114	6370	5933
75	2114	5415	5143
76	2114	2151	2025
77	2114	6571	6208
78	2114	8162	7642
79	2114	6184	5842
80	2114	3424	3150
81	2114	5538	5188
82	2114	7854	7383
83	2114	6322	5959
84	2114	5110	4804
85	2114	6515	6144
86	2114	6088	5688
87	2114	5928	5560
88	2114	5079	4749
89	2114	4932	4647
90	2114	5697	5354
91	2114	4636	4377
92	2114	5655	5323
93	2114	5628	5285
94	2114	5536	5161
95	2114	6669	6269
96	2114	4988	4686
97	2114	8858	8336
98	2114	6614	6209
99	2114	6895	6509
100	2114	6150	5769
101	2114	5760	5443
102	2114	5105	4794
103	2114	5796	5446
104	2114	4428	4174
105	2114	4788	4541
106	2114	7262	6815
107	2114	6552	6179
108	2114	9697	9187
109	2114	144	92
110	2114	9929	9320
111	2114	6996	6631
112	2114	4851	4588
113	2114	6707	6310
114	2114	7345	6879
115	2114	6107	5779
116	2114	4474	4107
117	2114	7407	7033
118	2114	5976	5551
119	2114	3638	3450
120	2114	3922	3705
121	2114	5471	5200
122	2114	4140	3895
123	2114	4820	4566
124	2114	4475	4257
125	2114	7267	6487
126	2114	5431	5124
127	2114	82	63
128	2114	406	336
129	2114	40	36
130	2114	5	3
131	2114	103	74
132	2114	103	68
133	2114	14	10
134	2114	28	27
0	2115	99830	68862
1	2115	4869	4578
2	2115	2824	2667
3	2115	4435	4231
4	2115	6962	6522
5	2115	4721	4445
6	2115	3553	3266
7	2115	6762	6364
8	2115	2876	2695
9	2115	6874	6516
10	2115	6609	6224
11	2115	3887	3701
12	2115	5653	5348
13	2115	5005	4748
14	2115	6687	6302
15	2115	6073	5730
16	2115	5052	4783
17	2115	8200	7773
18	2115	5960	5628
19	2115	5974	5697
20	2115	5702	5393
21	2115	5032	4787
22	2115	5180	4876
23	2115	4410	4157
24	2115	4579	4337
25	2115	5074	4809
26	2115	5569	5255
27	2115	4985	4637
28	2115	7584	7100
29	2115	4318	3765
30	2115	6290	5929
31	2115	5380	5085
32	2115	5195	4908
33	2115	5669	5386
34	2115	5632	5329
35	2115	6000	5679
36	2115	6734	6377
37	2115	6333	6007
38	2115	4773	4500
39	2115	5781	5430
40	2115	5231	4632
41	2115	5289	4992
42	2115	4266	4031
43	2115	4347	4156
44	2115	71	54
45	2115	6027	5706
46	2115	4817	4483
47	2115	5393	5080
48	2115	4513	4293
49	2115	5161	4876
50	2115	4424	4152
51	2115	5843	5520
52	2115	4961	4610
53	2115	5659	5308
54	2115	4300	3980
55	2115	6055	5722
56	2115	4738	4486
57	2115	4977	4678
58	2115	4532	4266
59	2115	13103	12448
60	2115	5563	5239
61	2115	4813	4539
62	2115	4455	4166
63	2115	5475	5196
64	2115	4062	3833
65	2115	5013	4695
66	2115	5036	4714
67	2115	4776	4525
68	2115	6461	6087
69	2115	5405	5103
70	2115	6659	6241
71	2115	5697	5370
72	2115	5056	4798
73	2115	4585	4326
74	2115	6207	5815
75	2115	5500	5240
76	2115	2139	2021
77	2115	6762	6378
78	2115	8163	7663
79	2115	5940	5573
80	2115	3244	2995
81	2115	5364	5084
82	2115	7519	7106
83	2115	6563	6191
84	2115	5076	4754
85	2115	6776	6453
86	2115	6011	5652
87	2115	6034	5683
88	2115	5244	4920
89	2115	4951	4676
90	2115	5825	5472
91	2115	4671	4433
92	2115	5631	5300
93	2115	5554	5223
94	2115	5544	5206
95	2115	6863	6489
96	2115	4977	4683
97	2115	8750	8236
98	2115	6310	5932
99	2115	7075	6705
100	2115	6085	5777
101	2115	5759	5470
102	2115	5351	5062
103	2115	5736	5412
104	2115	4468	4213
105	2115	4808	4550
106	2115	7074	6664
107	2115	6590	6196
108	2115	9966	9406
109	2115	182	121
110	2115	9971	9413
111	2115	7145	6804
112	2115	4806	4558
113	2115	6962	6584
114	2115	6921	6524
115	2115	6015	5692
116	2115	4447	4026
117	2115	7614	7237
118	2115	5869	5441
119	2115	3779	3592
120	2115	3716	3463
121	2115	5473	5197
122	2115	4190	3959
123	2115	4979	4707
124	2115	4410	4181
125	2115	7523	6764
126	2115	5390	5091
127	2115	96	81
128	2115	396	312
129	2115	35	30
130	2115	6	5
131	2115	101	63
132	2115	112	60
133	2115	10	9
134	2115	34	27
0	2116	99952	69020
1	2116	5044	4760
2	2116	2825	2658
3	2116	4589	4380
4	2116	6732	6361
5	2116	4648	4355
6	2116	3517	3235
7	2116	6827	6473
8	2116	2674	2506
9	2116	7219	6866
10	2116	6593	6215
11	2116	3997	3799
12	2116	5567	5274
13	2116	4951	4736
14	2116	6655	6250
15	2116	6191	5844
16	2116	5015	4746
17	2116	7905	7512
18	2116	5704	5402
19	2116	5802	5532
20	2116	6009	5680
21	2116	5195	4956
22	2116	5482	5177
23	2116	4396	4190
24	2116	4741	4502
25	2116	4993	4728
26	2116	5518	5199
27	2116	4922	4545
28	2116	7636	7278
29	2116	4033	3439
30	2116	6334	5958
31	2116	5213	4944
32	2116	5398	5139
33	2116	5717	5458
34	2116	5725	5425
35	2116	5895	5544
36	2116	6816	6442
37	2116	6029	5681
38	2116	4686	4428
39	2116	5665	5305
40	2116	5211	4689
41	2116	5470	5176
42	2116	4360	4108
43	2116	4327	4112
44	2116	54	39
45	2116	6165	5801
46	2116	5050	4694
47	2116	5165	4892
48	2116	4618	4340
49	2116	5309	4999
50	2116	4419	4136
51	2116	5631	5333
52	2116	4951	4664
53	2116	5621	5291
54	2116	4175	3894
55	2116	6016	5688
56	2116	4827	4545
57	2116	5066	4791
58	2116	4363	4094
59	2116	13092	12447
60	2116	5605	5294
61	2116	4953	4678
62	2116	4548	4244
63	2116	5316	5020
64	2116	4024	3805
65	2116	4961	4630
66	2116	4803	4499
67	2116	4717	4451
68	2116	6442	6086
69	2116	5331	5021
70	2116	6556	6153
71	2116	5860	5535
72	2116	4989	4724
73	2116	4718	4447
74	2116	6201	5821
75	2116	5732	5455
76	2116	2112	1997
77	2116	6986	6589
78	2116	8310	7798
79	2116	6145	5765
80	2116	3203	2919
81	2116	5454	5148
82	2116	7665	7186
83	2116	6450	6095
84	2116	5354	5019
85	2116	6690	6322
86	2116	6052	5658
87	2116	6008	5627
88	2116	4934	4658
89	2116	4957	4687
90	2116	5621	5293
91	2116	4936	4681
92	2116	5689	5377
93	2116	5784	5449
94	2116	5528	5179
95	2116	6928	6554
96	2116	4939	4695
97	2116	8894	8405
98	2116	6714	6331
99	2116	7013	6637
100	2116	6238	5902
101	2116	5653	5376
102	2116	5315	5000
103	2116	5950	5616
104	2116	4461	4194
105	2116	4630	4399
106	2116	6940	6534
107	2116	6628	6236
108	2116	9880	9418
109	2116	168	112
110	2116	9995	9416
111	2116	7052	6739
112	2116	4923	4670
113	2116	6571	6234
114	2116	7128	6691
115	2116	6178	5821
116	2116	4248	3856
117	2116	7491	7119
118	2116	5860	5428
119	2116	3749	3525
120	2116	3932	3672
121	2116	5383	5128
122	2116	4261	4034
123	2116	4883	4628
124	2116	4334	4105
125	2116	7400	6649
126	2116	5410	5113
127	2116	97	80
128	2116	412	343
129	2116	46	42
130	2116	9	7
131	2116	94	68
132	2116	108	66
133	2116	12	10
134	2116	46	37
0	2117	101168	70395
1	2117	4931	4677
2	2117	2840	2658
3	2117	4644	4365
4	2117	6928	6502
5	2117	4541	4261
6	2117	3691	3385
7	2117	6729	6337
8	2117	2585	2394
9	2117	7069	6686
10	2117	6638	6249
11	2117	3896	3668
12	2117	5793	5451
13	2117	4993	4719
14	2117	6616	6194
15	2117	5859	5540
16	2117	5161	4897
17	2117	7916	7559
18	2117	5865	5571
19	2117	5897	5641
20	2117	5791	5455
21	2117	5187	4927
22	2117	5367	5041
23	2117	4568	4329
24	2117	4574	4351
25	2117	5269	4962
26	2117	5784	5418
27	2117	4796	4401
28	2117	7610	7169
29	2117	3768	3130
30	2117	6301	5901
31	2117	5317	5003
32	2117	5221	4919
33	2117	5804	5505
34	2117	5401	5084
35	2117	5876	5540
36	2117	6531	6168
37	2117	6279	5926
38	2117	4723	4408
39	2117	5743	5375
40	2117	5133	4603
41	2117	5435	5126
42	2117	4478	4210
43	2117	4258	4041
44	2117	63	55
45	2117	6309	5944
46	2117	4946	4526
47	2117	5273	4943
48	2117	4481	4231
49	2117	5257	4964
50	2117	4443	4162
51	2117	5902	5585
52	2117	4796	4519
53	2117	5399	5041
54	2117	4043	3759
55	2117	6014	5683
56	2117	4862	4593
57	2117	4932	4616
58	2117	4417	4101
59	2117	13400	12742
60	2117	5565	5237
61	2117	4816	4585
62	2117	4561	4256
63	2117	5245	4966
64	2117	4069	3828
65	2117	4907	4558
66	2117	5043	4740
67	2117	4660	4429
68	2117	6237	5858
69	2117	5178	4870
70	2117	6540	6068
71	2117	5778	5423
72	2117	4722	4453
73	2117	4753	4467
74	2117	6012	5612
75	2117	5726	5434
76	2117	2145	2021
77	2117	6645	6259
78	2117	8341	7756
79	2117	5979	5602
80	2117	2977	2675
81	2117	5495	5184
82	2117	7732	7278
83	2117	6533	6205
84	2117	5251	4925
85	2117	6771	6410
86	2117	6083	5621
87	2117	6032	5621
88	2117	5119	4798
89	2117	5035	4753
90	2117	5939	5605
91	2117	4827	4554
92	2117	5670	5350
93	2117	5394	5084
94	2117	5369	4994
95	2117	6831	6452
96	2117	4928	4628
97	2117	9039	8551
98	2117	6604	6167
99	2117	7127	6719
100	2117	6030	5706
101	2117	6152	5847
102	2117	5232	4929
103	2117	5689	5337
104	2117	4289	4022
105	2117	4649	4404
106	2117	7024	6592
107	2117	6898	6485
108	2117	9587	9065
109	2117	144	92
110	2117	10029	9485
111	2117	7051	6678
112	2117	4879	4625
113	2117	6680	6286
114	2117	6966	6455
115	2117	6245	5911
116	2117	3955	3545
117	2117	7768	7383
118	2117	6060	5623
119	2117	3780	3574
120	2117	3792	3542
121	2117	5356	5083
122	2117	4158	3925
123	2117	4920	4653
124	2117	4322	4104
125	2117	7548	6738
126	2117	5420	5100
127	2117	75	70
128	2117	398	327
129	2117	44	40
130	2117	10	9
131	2117	111	67
132	2117	93	66
133	2117	11	9
134	2117	37	31
0	2118	101063	69374
1	2118	4755	4481
2	2118	2829	2642
3	2118	4632	4369
4	2118	6623	6177
5	2118	4527	4194
6	2118	3306	2986
7	2118	6751	6338
8	2118	2801	2627
9	2118	7146	6753
10	2118	6667	6286
11	2118	3965	3758
12	2118	5718	5398
13	2118	5129	4864
14	2118	6322	5914
15	2118	6091	5778
16	2118	5192	4954
17	2118	8148	7742
18	2118	5859	5551
19	2118	5955	5674
20	2118	5760	5459
21	2118	5350	5115
22	2118	5110	4779
23	2118	4611	4389
24	2118	4710	4479
25	2118	5121	4869
26	2118	5461	5128
27	2118	4778	4361
28	2118	7626	7192
29	2118	3698	3070
30	2118	6128	5726
31	2118	5197	4883
32	2118	5141	4857
33	2118	5873	5576
34	2118	5405	5036
35	2118	5935	5602
36	2118	6857	6498
37	2118	6298	5975
38	2118	4794	4509
39	2118	5744	5394
40	2118	5102	4618
41	2118	5579	5281
42	2118	4195	3948
43	2118	4421	4191
44	2118	60	47
45	2118	6131	5756
46	2118	4713	4335
47	2118	4860	4590
48	2118	4412	4169
49	2118	5161	4873
50	2118	4375	4082
51	2118	5797	5505
52	2118	4922	4639
53	2118	5657	5278
54	2118	4084	3777
55	2118	5919	5552
56	2118	4853	4598
57	2118	4958	4638
58	2118	4632	4338
59	2118	13441	12741
60	2118	5863	5521
61	2118	5103	4834
62	2118	4613	4318
63	2118	5456	5153
64	2118	3891	3658
65	2118	4865	4505
66	2118	4801	4505
67	2118	4644	4392
68	2118	6277	5885
69	2118	5246	4943
70	2118	6306	5873
71	2118	5824	5474
72	2118	4694	4443
73	2118	4423	4123
74	2118	5840	5396
75	2118	5661	5391
76	2118	2139	2028
77	2118	6615	6241
78	2118	8045	7481
79	2118	6075	5686
80	2118	2899	2591
81	2118	5458	5151
82	2118	7627	7136
83	2118	6484	6159
84	2118	5160	4802
85	2118	6768	6414
86	2118	5888	5442
87	2118	5739	5311
88	2118	5008	4670
89	2118	5006	4734
90	2118	5889	5513
91	2118	4798	4565
92	2118	5403	5082
93	2118	5630	5303
94	2118	5361	4951
95	2118	6773	6371
96	2118	4755	4500
97	2118	8878	8346
98	2118	6694	6276
99	2118	7206	6765
100	2118	6162	5771
101	2118	5885	5596
102	2118	5113	4773
103	2118	5832	5451
104	2118	4384	4117
105	2118	4662	4426
106	2118	7142	6668
107	2118	6810	6424
108	2118	9541	9049
109	2118	146	92
110	2118	10112	9504
111	2118	6968	6609
112	2118	4921	4657
113	2118	6609	6234
114	2118	6717	6243
115	2118	6353	5976
116	2118	3678	3275
117	2118	7632	7237
118	2118	6017	5627
119	2118	3835	3626
120	2118	3803	3545
121	2118	5339	5071
122	2118	4069	3812
123	2118	4985	4708
124	2118	4411	4174
125	2118	7531	6763
126	2118	5560	5236
127	2118	74	58
128	2118	397	338
129	2118	46	39
130	2118	9	6
131	2118	82	59
132	2118	72	43
133	2118	12	11
134	2118	43	34
0	2119	103382	70624
1	2119	4887	4603
2	2119	2718	2539
3	2119	4726	4441
4	2119	6699	6238
5	2119	4532	4203
6	2119	3348	2999
7	2119	6697	6237
8	2119	2492	2317
9	2119	7077	6662
10	2119	6866	6442
11	2119	4155	3945
12	2119	5696	5321
13	2119	4977	4705
14	2119	6371	5875
15	2119	6299	5934
16	2119	4923	4649
17	2119	8002	7596
18	2119	5995	5632
19	2119	6000	5695
20	2119	5770	5430
21	2119	5174	4928
22	2119	5056	4717
23	2119	4669	4422
24	2119	4572	4360
25	2119	5390	5088
26	2119	5476	5119
27	2119	4538	4099
28	2119	7575	7110
29	2119	3491	2786
30	2119	6117	5640
31	2119	5255	4918
32	2119	5168	4851
33	2119	6097	5746
34	2119	5544	5146
35	2119	6168	5781
36	2119	6736	6360
37	2119	6125	5763
38	2119	4609	4271
39	2119	5719	5305
40	2119	5209	4671
41	2119	5431	5088
42	2119	4271	3960
43	2119	4367	4085
44	2119	55	43
45	2119	6105	5711
46	2119	4628	4213
47	2119	5100	4756
48	2119	4409	4164
49	2119	5272	4919
50	2119	4523	4216
51	2119	5844	5453
52	2119	4958	4574
53	2119	5588	5212
54	2119	3920	3561
55	2119	6213	5797
56	2119	4793	4487
57	2119	4955	4594
58	2119	4651	4333
59	2119	13842	13078
60	2119	5814	5449
61	2119	5098	4820
62	2119	4548	4214
63	2119	5388	5075
64	2119	4087	3836
65	2119	4801	4445
66	2119	4943	4600
67	2119	4792	4523
68	2119	6336	5900
69	2119	5195	4856
70	2119	6419	5919
71	2119	5788	5426
72	2119	4573	4291
73	2119	4589	4288
74	2119	5943	5414
75	2119	5721	5408
76	2119	2317	2144
77	2119	6762	6372
78	2119	8047	7419
79	2119	5798	5359
80	2119	2728	2373
81	2119	5565	5222
82	2119	7678	7086
83	2119	6714	6324
84	2119	5123	4755
85	2119	6621	6214
86	2119	5788	5274
87	2119	5934	5497
88	2119	4795	4454
89	2119	5124	4804
90	2119	5884	5482
91	2119	4766	4489
92	2119	5545	5181
93	2119	5517	5174
94	2119	5346	4970
95	2119	6907	6483
96	2119	4753	4460
97	2119	9063	8508
98	2119	6759	6282
99	2119	7320	6866
100	2119	6073	5699
101	2119	5882	5574
102	2119	5426	5062
103	2119	5747	5375
104	2119	4262	3952
105	2119	4712	4423
106	2119	7075	6560
107	2119	6819	6367
108	2119	9324	8765
109	2119	150	114
110	2119	10042	9370
111	2119	7088	6686
112	2119	4862	4589
113	2119	6482	6078
114	2119	6968	6389
115	2119	6027	5645
116	2119	3623	3138
117	2119	8034	7578
118	2119	5970	5534
119	2119	3715	3498
120	2119	3743	3423
121	2119	5726	5395
122	2119	4410	4123
123	2119	5025	4727
124	2119	4273	4038
125	2119	7694	6916
126	2119	5467	5148
127	2119	76	65
128	2119	381	313
129	2119	42	35
130	2119	6	6
131	2119	83	48
132	2119	117	76
133	2119	10	8
134	2119	35	25
