SampleNumber	Tile	NumberOfReadsRaw	NumberOfReadsPF
0	1101	181650	159637
1	1101	1067	1051
2	1101	1059	1039
3	1101	600	589
4	1101	1642	1622
5	1101	1106	1093
6	1101	608	599
7	1101	763	749
8	1101	1115	1100
9	1101	2174	2139
10	1101	3647	3593
11	1101	1750	1724
12	1101	2258	2219
13	1101	2407	2374
14	1101	2664	2623
15	1101	893	877
16	1101	3916	3851
17	1101	1471	1440
18	1101	736	722
19	1101	4073	4004
20	1101	4096	4015
21	1101	2964	2918
22	1101	5312	5212
23	1101	5421	5331
24	1101	5900	5800
25	1101	9392	9221
26	1101	6443	6345
27	1101	4851	4788
28	1101	5196	5101
29	1101	2139	2101
30	1101	4573	4499
31	1101	2361	2322
32	1101	5168	5090
33	1101	2120	2083
34	1101	2177	2144
35	1101	2937	2886
36	1101	2157	2115
37	1101	1864	1832
38	1101	4363	4287
39	1101	7404	7302
40	1101	5099	5004
41	1101	7732	7609
42	1101	6918	6799
43	1101	11964	11772
44	1101	26	25
45	1101	4393	4329
46	1101	2564	2511
47	1101	75	74
48	1101	740	730
49	1101	7145	7010
50	1101	2717	2666
51	1101	2413	2374
52	1101	49	47
53	1101	2847	2800
54	1101	2972	2935
55	1101	7817	7688
56	1101	8784	8660
57	1101	5393	5302
58	1101	998	977
59	1101	163	160
60	1101	241	238
61	1101	1219	1200
62	1101	344	338
63	1101	966	944
64	1101	6014	5922
65	1101	13294	13070
66	1101	14061	13840
67	1101	8641	8506
68	1101	6409	6316
69	1101	15128	14923
70	1101	8970	8811
71	1101	302	298
72	1101	1013	990
73	1101	1677	1656
74	1101	9619	9470
75	1101	1641	1627
76	1101	6081	5990
77	1101	8022	7904
78	1101	7713	7577
79	1101	5301	5226
80	1101	10127	9978
81	1101	8592	8452
82	1101	3994	3924
83	1101	5606	5507
84	1101	2439	2393
85	1101	1254	1233
86	1101	848	828
87	1101	856	840
88	1101	9897	9701
89	1101	12453	12246
90	1101	13396	13176
91	1101	10583	10410
92	1101	7576	7458
93	1101	13785	13575
94	1101	12041	11826
95	1101	13291	13087
96	1101	18975	18684
97	1101	4912	4819
98	1101	2762	2712
99	1101	988	974
100	1101	369	364
101	1101	2135	2105
102	1101	232	227
103	1101	209	205
104	1101	1038	1016
105	1101	741	727
106	1101	7637	7534
107	1101	7055	6929
108	1101	6154	6059
109	1101	19	18
110	1101	5069	4984
111	1101	7045	6920
112	1101	9562	9396
113	1101	8228	8087
114	1101	10694	10527
115	1101	280	275
116	1101	1493	1473
117	1101	5864	5757
118	1101	1354	1334
119	1101	3180	3141
120	1101	3790	3691
121	1101	6402	6302
122	1101	2445	2400
123	1101	1129	1106
124	1101	442	428
125	1101	1274	1257
126	1101	3652	3584
127	1101	17	17
128	1101	3211	3155
129	1101	34	33
130	1101	500	492
131	1101	169	169
132	1101	62	60
133	1101	92	88
134	1101	34	34
0	1102	180005	158063
1	1102	1042	1019
2	1102	1048	1030
3	1102	705	694
4	1102	1650	1626
5	1102	1077	1066
6	1102	536	521
7	1102	759	754
8	1102	1054	1036
9	1102	2028	1992
10	1102	3697	3645
11	1102	1736	1709
12	1102	2231	2197
13	1102	2581	2542
14	1102	2675	2636
15	1102	855	845
16	1102	3865	3811
17	1102	1392	1372
18	1102	637	626
19	1102	4027	3957
20	1102	4337	4250
21	1102	3084	3037
22	1102	5216	5117
23	1102	5429	5359
24	1102	5898	5808
25	1102	9353	9203
26	1102	6282	6170
27	1102	4963	4892
28	1102	5167	5090
29	1102	2156	2118
30	1102	4693	4634
31	1102	2337	2309
32	1102	5097	5034
33	1102	2026	1985
34	1102	2254	2220
35	1102	2996	2943
36	1102	2097	2057
37	1102	1932	1908
38	1102	4273	4208
39	1102	7435	7318
40	1102	5384	5308
41	1102	7678	7572
42	1102	6730	6624
43	1102	11885	11694
44	1102	26	24
45	1102	4494	4421
46	1102	2644	2602
47	1102	91	90
48	1102	745	729
49	1102	7007	6886
50	1102	2678	2621
51	1102	2354	2314
52	1102	45	44
53	1102	2945	2895
54	1102	2968	2929
55	1102	7651	7535
56	1102	8637	8518
57	1102	5346	5257
58	1102	1036	1023
59	1102	165	164
60	1102	229	226
61	1102	1249	1235
62	1102	327	325
63	1102	1043	1036
64	1102	5997	5903
65	1102	13322	13122
66	1102	14278	14028
67	1102	8740	8600
68	1102	6448	6341
69	1102	15459	15227
70	1102	9070	8941
71	1102	337	333
72	1102	947	933
73	1102	1537	1504
74	1102	9778	9619
75	1102	1699	1676
76	1102	5897	5797
77	1102	7957	7837
78	1102	7633	7503
79	1102	5477	5405
80	1102	9924	9770
81	1102	8530	8391
82	1102	3960	3898
83	1102	5755	5663
84	1102	2485	2455
85	1102	1181	1166
86	1102	791	775
87	1102	779	769
88	1102	9793	9649
89	1102	12293	12109
90	1102	12937	12726
91	1102	10677	10519
92	1102	7499	7391
93	1102	13993	13799
94	1102	12104	11910
95	1102	12990	12831
96	1102	18561	18302
97	1102	5163	5068
98	1102	2861	2814
99	1102	1005	990
100	1102	422	418
101	1102	2044	2016
102	1102	231	223
103	1102	207	203
104	1102	1102	1078
105	1102	789	771
106	1102	7786	7670
107	1102	6868	6761
108	1102	5940	5855
109	1102	23	23
110	1102	5186	5122
111	1102	7013	6907
112	1102	10035	9835
113	1102	8036	7910
114	1102	10515	10365
115	1102	272	268
116	1102	1608	1577
117	1102	5825	5741
118	1102	1294	1273
119	1102	3170	3128
120	1102	3834	3754
121	1102	6316	6203
122	1102	2531	2493
123	1102	1114	1094
124	1102	411	401
125	1102	1234	1212
126	1102	3590	3527
127	1102	27	27
128	1102	3290	3235
129	1102	50	49
130	1102	489	481
131	1102	192	189
132	1102	74	72
133	1102	85	82
134	1102	38	36
0	1103	181954	159058
1	1103	1060	1045
2	1103	977	955
3	1103	642	633
4	1103	1659	1629
5	1103	1150	1128
6	1103	553	544
7	1103	750	730
8	1103	1094	1076
9	1103	2067	2039
10	1103	3627	3567
11	1103	1619	1590
12	1103	2198	2168
13	1103	2425	2390
14	1103	2498	2463
15	1103	951	941
16	1103	3872	3820
17	1103	1469	1444
18	1103	690	673
19	1103	4225	4162
20	1103	4219	4141
21	1103	3025	2981
22	1103	5208	5134
23	1103	5409	5322
24	1103	5795	5696
25	1103	9269	9141
26	1103	6205	6089
27	1103	5012	4932
28	1103	5319	5234
29	1103	2152	2124
30	1103	4562	4478
31	1103	2336	2296
32	1103	5163	5083
33	1103	2037	2002
34	1103	2185	2140
35	1103	2798	2748
36	1103	2181	2146
37	1103	1800	1774
38	1103	4209	4147
39	1103	7343	7244
40	1103	5218	5126
41	1103	7556	7435
42	1103	6653	6547
43	1103	12198	12001
44	1103	22	22
45	1103	4462	4413
46	1103	2762	2721
47	1103	94	91
48	1103	822	810
49	1103	6965	6846
50	1103	2750	2693
51	1103	2306	2284
52	1103	31	30
53	1103	2858	2814
54	1103	2922	2885
55	1103	7635	7525
56	1103	8679	8532
57	1103	5337	5249
58	1103	1062	1038
59	1103	150	148
60	1103	272	269
61	1103	1214	1199
62	1103	381	378
63	1103	987	979
64	1103	5950	5853
65	1103	13419	13235
66	1103	14111	13898
67	1103	8552	8417
68	1103	6537	6426
69	1103	15311	15091
70	1103	8797	8654
71	1103	326	323
72	1103	986	964
73	1103	1665	1637
74	1103	9456	9322
75	1103	1724	1688
76	1103	5904	5802
77	1103	7956	7849
78	1103	7547	7443
79	1103	5285	5214
80	1103	9992	9850
81	1103	8361	8223
82	1103	3985	3926
83	1103	5752	5637
84	1103	2388	2350
85	1103	1277	1261
86	1103	826	809
87	1103	770	757
88	1103	9606	9448
89	1103	12353	12171
90	1103	13108	12898
91	1103	10663	10512
92	1103	7699	7575
93	1103	13970	13761
94	1103	12028	11841
95	1103	13045	12850
96	1103	18506	18207
97	1103	5147	5076
98	1103	2885	2834
99	1103	1002	982
100	1103	454	447
101	1103	2080	2047
102	1103	253	249
103	1103	189	186
104	1103	1071	1051
105	1103	780	771
106	1103	7728	7629
107	1103	6811	6716
108	1103	6063	5975
109	1103	17	17
110	1103	5134	5065
111	1103	6881	6803
112	1103	9651	9469
113	1103	8171	8059
114	1103	10294	10135
115	1103	272	266
116	1103	1457	1439
117	1103	5748	5652
118	1103	1182	1169
119	1103	3184	3133
120	1103	3844	3771
121	1103	6276	6191
122	1103	2386	2340
123	1103	969	951
124	1103	410	405
125	1103	1182	1157
126	1103	3511	3455
127	1103	26	25
128	1103	3303	3239
129	1103	32	31
130	1103	527	518
131	1103	172	170
132	1103	49	48
133	1103	81	79
134	1103	29	29
0	1104	184774	161799
1	1104	1034	1015
2	1104	1073	1052
3	1104	612	603
4	1104	1591	1567
5	1104	1134	1117
6	1104	556	551
7	1104	743	730
8	1104	1110	1090
9	1104	2116	2081
10	1104	3561	3500
11	1104	1691	1659
12	1104	2149	2116
13	1104	2347	2317
14	1104	2524	2477
15	1104	912	901
16	1104	3724	3655
17	1104	1418	1395
18	1104	674	659
19	1104	4147	4083
20	1104	4182	4099
21	1104	3003	2954
22	1104	5164	5077
23	1104	5434	5354
24	1104	5763	5668
25	1104	9232	9096
26	1104	6349	6254
27	1104	5173	5094
28	1104	5126	5035
29	1104	2273	2239
30	1104	4505	4430
31	1104	2251	2208
32	1104	5017	4921
33	1104	2102	2058
34	1104	2260	2219
35	1104	2945	2890
36	1104	2146	2102
37	1104	1950	1921
38	1104	4151	4081
39	1104	7349	7260
40	1104	5245	5155
41	1104	7421	7294
42	1104	6676	6549
43	1104	12205	11971
44	1104	45	44
45	1104	4574	4500
46	1104	2571	2523
47	1104	98	98
48	1104	784	768
49	1104	6907	6780
50	1104	2687	2631
51	1104	2387	2336
52	1104	49	46
53	1104	2818	2781
54	1104	2898	2848
55	1104	7505	7387
56	1104	8664	8493
57	1104	5246	5171
58	1104	1001	977
59	1104	125	123
60	1104	214	207
61	1104	1170	1155
62	1104	348	345
63	1104	946	931
64	1104	5967	5860
65	1104	13091	12868
66	1104	13964	13721
67	1104	8477	8332
68	1104	6523	6388
69	1104	15129	14894
70	1104	8939	8788
71	1104	289	282
72	1104	941	929
73	1104	1550	1532
74	1104	9585	9406
75	1104	1668	1644
76	1104	6053	5910
77	1104	7923	7803
78	1104	7403	7272
79	1104	5348	5258
80	1104	9945	9781
81	1104	8574	8404
82	1104	3969	3911
83	1104	5795	5703
84	1104	2347	2303
85	1104	1300	1284
86	1104	776	768
87	1104	801	783
88	1104	9571	9380
89	1104	12345	12136
90	1104	12503	12272
91	1104	10515	10331
92	1104	7583	7442
93	1104	13887	13643
94	1104	12175	11969
95	1104	13029	12806
96	1104	18052	17745
97	1104	4997	4882
98	1104	2862	2799
99	1104	1006	985
100	1104	393	385
101	1104	2046	2018
102	1104	241	239
103	1104	213	210
104	1104	994	968
105	1104	750	738
106	1104	7777	7667
107	1104	6897	6802
108	1104	5885	5794
109	1104	15	15
110	1104	5198	5107
111	1104	6871	6749
112	1104	9650	9466
113	1104	7982	7876
114	1104	10519	10330
115	1104	284	279
116	1104	1363	1338
117	1104	5635	5539
118	1104	1226	1211
119	1104	3119	3067
120	1104	3627	3549
121	1104	6248	6137
122	1104	2497	2459
123	1104	1024	1003
124	1104	425	416
125	1104	1224	1200
126	1104	3642	3589
127	1104	18	15
128	1104	3094	3029
129	1104	41	40
130	1104	536	526
131	1104	192	188
132	1104	58	57
133	1104	73	73
134	1104	37	35
0	1105	181945	159214
1	1105	1085	1053
2	1105	953	936
3	1105	602	592
4	1105	1575	1556
5	1105	1082	1063
6	1105	587	577
7	1105	794	782
8	1105	1173	1147
9	1105	2120	2085
10	1105	3598	3546
11	1105	1738	1710
12	1105	2105	2075
13	1105	2477	2445
14	1105	2562	2532
15	1105	925	908
16	1105	3805	3758
17	1105	1432	1411
18	1105	688	676
19	1105	4027	3964
20	1105	4207	4122
21	1105	2942	2879
22	1105	5261	5176
23	1105	5191	5115
24	1105	5929	5834
25	1105	9173	9021
26	1105	6351	6236
27	1105	5194	5103
28	1105	5324	5237
29	1105	2301	2271
30	1105	4633	4571
31	1105	2284	2258
32	1105	5189	5092
33	1105	2099	2068
34	1105	2145	2108
35	1105	2804	2757
36	1105	2111	2085
37	1105	1866	1830
38	1105	4296	4227
39	1105	7452	7335
40	1105	5219	5156
41	1105	7640	7498
42	1105	6800	6695
43	1105	11934	11746
44	1105	30	30
45	1105	4517	4429
46	1105	2616	2585
47	1105	105	102
48	1105	772	751
49	1105	7033	6911
50	1105	2749	2690
51	1105	2437	2393
52	1105	39	38
53	1105	3005	2963
54	1105	2993	2940
55	1105	7740	7631
56	1105	8597	8480
57	1105	5362	5243
58	1105	1098	1084
59	1105	146	143
60	1105	234	232
61	1105	1264	1239
62	1105	381	377
63	1105	995	980
64	1105	5875	5784
65	1105	13307	13104
66	1105	14133	13895
67	1105	8944	8785
68	1105	6559	6451
69	1105	15486	15233
70	1105	9087	8929
71	1105	350	346
72	1105	1043	1015
73	1105	1540	1513
74	1105	9740	9606
75	1105	1738	1705
76	1105	5920	5826
77	1105	7954	7838
78	1105	7706	7583
79	1105	5222	5141
80	1105	9813	9675
81	1105	8680	8548
82	1105	3883	3814
83	1105	5867	5776
84	1105	2423	2384
85	1105	1202	1191
86	1105	792	780
87	1105	778	770
88	1105	9408	9258
89	1105	12522	12315
90	1105	12939	12765
91	1105	10842	10668
92	1105	7748	7630
93	1105	13791	13590
94	1105	11882	11730
95	1105	12936	12752
96	1105	18368	18105
97	1105	5102	5010
98	1105	2817	2770
99	1105	973	952
100	1105	399	394
101	1105	2107	2073
102	1105	222	220
103	1105	202	199
104	1105	1047	1031
105	1105	799	786
106	1105	7846	7696
107	1105	6799	6686
108	1105	6116	6021
109	1105	19	17
110	1105	5009	4920
111	1105	6909	6805
112	1105	9933	9762
113	1105	8303	8185
114	1105	10579	10436
115	1105	256	250
116	1105	1461	1435
117	1105	5840	5731
118	1105	1300	1280
119	1105	3284	3238
120	1105	3826	3761
121	1105	6373	6271
122	1105	2503	2459
123	1105	1092	1075
124	1105	415	409
125	1105	1318	1299
126	1105	3593	3543
127	1105	26	24
128	1105	3323	3244
129	1105	45	45
130	1105	494	486
131	1105	165	160
132	1105	79	79
133	1105	79	76
134	1105	39	39
0	1106	184534	161219
1	1106	1027	1015
2	1106	1026	1004
3	1106	624	609
4	1106	1639	1613
5	1106	1262	1246
6	1106	630	622
7	1106	822	808
8	1106	1102	1088
9	1106	2203	2168
10	1106	3590	3523
11	1106	1754	1726
12	1106	2102	2064
13	1106	2471	2429
14	1106	2542	2503
15	1106	892	879
16	1106	3782	3726
17	1106	1459	1431
18	1106	690	677
19	1106	3972	3907
20	1106	4171	4092
21	1106	3006	2956
22	1106	5145	5042
23	1106	5524	5424
24	1106	5800	5688
25	1106	9320	9174
26	1106	6291	6184
27	1106	5151	5060
28	1106	5258	5161
29	1106	2270	2226
30	1106	4642	4535
31	1106	2308	2274
32	1106	5010	4909
33	1106	2056	2018
34	1106	2296	2248
35	1106	2982	2929
36	1106	2088	2043
37	1106	1910	1873
38	1106	4151	4070
39	1106	7232	7103
40	1106	5130	5018
41	1106	7586	7440
42	1106	6769	6626
43	1106	12103	11883
44	1106	36	33
45	1106	4660	4560
46	1106	2685	2631
47	1106	90	90
48	1106	779	764
49	1106	7009	6869
50	1106	2716	2665
51	1106	2286	2241
52	1106	41	40
53	1106	2878	2836
54	1106	2912	2860
55	1106	7634	7516
56	1106	8878	8713
57	1106	5328	5250
58	1106	979	957
59	1106	151	150
60	1106	237	233
61	1106	1287	1266
62	1106	376	361
63	1106	1009	997
64	1106	5966	5867
65	1106	13214	12980
66	1106	13868	13636
67	1106	8484	8336
68	1106	6470	6344
69	1106	15898	15656
70	1106	9027	8866
71	1106	342	335
72	1106	922	907
73	1106	1617	1593
74	1106	9612	9439
75	1106	1795	1769
76	1106	5987	5879
77	1106	7854	7737
78	1106	7616	7484
79	1106	5494	5395
80	1106	10100	9930
81	1106	8368	8211
82	1106	3971	3893
83	1106	5900	5800
84	1106	2365	2331
85	1106	1262	1242
86	1106	800	794
87	1106	791	776
88	1106	9533	9355
89	1106	12389	12159
90	1106	13334	13103
91	1106	10561	10364
92	1106	7502	7368
93	1106	13971	13777
94	1106	12075	11859
95	1106	12993	12782
96	1106	18602	18309
97	1106	5160	5078
98	1106	2762	2715
99	1106	974	953
100	1106	422	418
101	1106	2059	2027
102	1106	246	242
103	1106	183	177
104	1106	996	974
105	1106	755	743
106	1106	7616	7472
107	1106	6826	6703
108	1106	5939	5825
109	1106	19	19
110	1106	5036	4939
111	1106	6602	6503
112	1106	9707	9520
113	1106	8053	7893
114	1106	10450	10290
115	1106	256	251
116	1106	1522	1502
117	1106	5834	5727
118	1106	1340	1322
119	1106	3094	3050
120	1106	3867	3783
121	1106	6328	6210
122	1106	2499	2456
123	1106	1019	996
124	1106	430	423
125	1106	1198	1170
126	1106	3606	3546
127	1106	17	17
128	1106	3326	3249
129	1106	38	36
130	1106	512	498
131	1106	174	171
132	1106	68	67
133	1106	69	68
134	1106	40	37
0	1107	184504	160224
1	1107	1059	1037
2	1107	985	968
3	1107	627	613
4	1107	1686	1660
5	1107	1099	1078
6	1107	565	558
7	1107	754	740
8	1107	1027	1005
9	1107	2136	2100
10	1107	3620	3566
11	1107	1774	1746
12	1107	2269	2232
13	1107	2437	2392
14	1107	2629	2594
15	1107	813	799
16	1107	3778	3711
17	1107	1471	1451
18	1107	703	688
19	1107	4087	4018
20	1107	4132	4061
21	1107	3053	2997
22	1107	5106	5034
23	1107	5450	5375
24	1107	5893	5773
25	1107	9224	9083
26	1107	6238	6140
27	1107	4940	4855
28	1107	5121	5016
29	1107	2230	2211
30	1107	4603	4531
31	1107	2350	2311
32	1107	5076	4992
33	1107	1964	1931
34	1107	2217	2187
35	1107	2951	2911
36	1107	2114	2076
37	1107	1875	1848
38	1107	4252	4184
39	1107	7290	7170
40	1107	5208	5111
41	1107	7696	7589
42	1107	6623	6515
43	1107	11828	11632
44	1107	27	27
45	1107	4597	4511
46	1107	2600	2566
47	1107	92	89
48	1107	699	691
49	1107	6827	6711
50	1107	2829	2799
51	1107	2383	2342
52	1107	49	48
53	1107	2994	2955
54	1107	2926	2879
55	1107	7543	7434
56	1107	8665	8521
57	1107	5309	5231
58	1107	1033	1014
59	1107	151	148
60	1107	200	193
61	1107	1292	1269
62	1107	342	332
63	1107	984	975
64	1107	5984	5897
65	1107	13406	13208
66	1107	14110	13880
67	1107	8734	8552
68	1107	6417	6307
69	1107	15782	15535
70	1107	8890	8752
71	1107	331	324
72	1107	968	952
73	1107	1581	1557
74	1107	9803	9638
75	1107	1741	1707
76	1107	6006	5882
77	1107	7773	7652
78	1107	7461	7345
79	1107	5348	5275
80	1107	9935	9764
81	1107	8375	8247
82	1107	3837	3776
83	1107	5765	5681
84	1107	2416	2385
85	1107	1288	1267
86	1107	830	815
87	1107	788	775
88	1107	9686	9531
89	1107	12265	12065
90	1107	13228	12980
91	1107	10556	10375
92	1107	7551	7423
93	1107	13923	13719
94	1107	12102	11915
95	1107	12786	12617
96	1107	18423	18118
97	1107	4976	4879
98	1107	2722	2667
99	1107	955	938
100	1107	424	419
101	1107	1958	1921
102	1107	223	217
103	1107	200	193
104	1107	1019	997
105	1107	844	832
106	1107	7646	7524
107	1107	6950	6842
108	1107	6057	5980
109	1107	16	16
110	1107	4919	4851
111	1107	6911	6804
112	1107	9891	9712
113	1107	8298	8155
114	1107	10450	10284
115	1107	295	289
116	1107	1424	1404
117	1107	5721	5616
118	1107	1249	1234
119	1107	3126	3072
120	1107	3697	3620
121	1107	6425	6331
122	1107	2440	2409
123	1107	1116	1103
124	1107	433	422
125	1107	1283	1264
126	1107	3604	3551
127	1107	23	23
128	1107	3312	3245
129	1107	49	48
130	1107	487	476
131	1107	166	165
132	1107	57	56
133	1107	86	85
134	1107	33	33
0	1108	186820	162877
1	1108	1163	1135
2	1108	1014	990
3	1108	647	632
4	1108	1589	1567
5	1108	1102	1081
6	1108	531	518
7	1108	785	770
8	1108	1150	1127
9	1108	2108	2067
10	1108	3682	3600
11	1108	1715	1686
12	1108	2222	2185
13	1108	2455	2409
14	1108	2543	2502
15	1108	867	859
16	1108	3864	3766
17	1108	1559	1530
18	1108	709	699
19	1108	4062	3986
20	1108	4140	4059
21	1108	3029	2955
22	1108	5432	5318
23	1108	5492	5379
24	1108	5795	5697
25	1108	9530	9363
26	1108	6295	6169
27	1108	4923	4825
28	1108	5195	5098
29	1108	2322	2275
30	1108	4629	4549
31	1108	2365	2314
32	1108	5126	5005
33	1108	2135	2097
34	1108	2374	2324
35	1108	3012	2951
36	1108	2143	2098
37	1108	1921	1880
38	1108	4262	4170
39	1108	7240	7095
40	1108	5320	5223
41	1108	7650	7494
42	1108	6760	6611
43	1108	11911	11690
44	1108	27	26
45	1108	4499	4407
46	1108	2662	2601
47	1108	97	95
48	1108	785	765
49	1108	6971	6848
50	1108	2697	2640
51	1108	2458	2406
52	1108	46	44
53	1108	2839	2797
54	1108	2995	2932
55	1108	7655	7522
56	1108	8437	8303
57	1108	5265	5168
58	1108	1030	1006
59	1108	146	144
60	1108	216	213
61	1108	1289	1267
62	1108	329	319
63	1108	1025	1004
64	1108	5976	5867
65	1108	13131	12888
66	1108	13978	13722
67	1108	8557	8386
68	1108	6546	6420
69	1108	15851	15558
70	1108	8918	8738
71	1108	310	302
72	1108	1003	991
73	1108	1594	1570
74	1108	9845	9652
75	1108	1696	1668
76	1108	5995	5882
77	1108	8127	7955
78	1108	7508	7375
79	1108	5375	5290
80	1108	9908	9726
81	1108	8571	8414
82	1108	3887	3820
83	1108	5784	5681
84	1108	2435	2383
85	1108	1227	1208
86	1108	806	793
87	1108	771	761
88	1108	9596	9422
89	1108	12202	11970
90	1108	13176	12900
91	1108	10629	10424
92	1108	7461	7332
93	1108	13983	13736
94	1108	12097	11897
95	1108	12897	12684
96	1108	18724	18398
97	1108	5131	5038
98	1108	2754	2697
99	1108	995	968
100	1108	467	462
101	1108	2140	2101
102	1108	232	225
103	1108	201	191
104	1108	1060	1040
105	1108	805	791
106	1108	7692	7548
107	1108	7047	6895
108	1108	6040	5922
109	1108	31	31
110	1108	5122	5026
111	1108	6945	6834
112	1108	9705	9518
113	1108	8187	8047
114	1108	10384	10205
115	1108	282	278
116	1108	1494	1465
117	1108	5829	5709
118	1108	1333	1306
119	1108	3177	3112
120	1108	3549	3477
121	1108	6331	6208
122	1108	2410	2352
123	1108	1041	1026
124	1108	421	409
125	1108	1210	1192
126	1108	3540	3460
127	1108	24	24
128	1108	3341	3272
129	1108	50	50
130	1108	549	529
131	1108	161	160
132	1108	59	57
133	1108	97	94
134	1108	38	36
0	1109	183016	160717
1	1109	1072	1056
2	1109	1103	1080
3	1109	616	603
4	1109	1677	1658
5	1109	1165	1147
6	1109	584	576
7	1109	794	787
8	1109	1112	1097
9	1109	2086	2060
10	1109	3671	3614
11	1109	1747	1721
12	1109	2166	2138
13	1109	2416	2379
14	1109	2583	2555
15	1109	905	891
16	1109	3795	3740
17	1109	1533	1509
18	1109	712	701
19	1109	4187	4127
20	1109	4029	3961
21	1109	3109	3062
22	1109	5273	5178
23	1109	5415	5329
24	1109	5844	5747
25	1109	9367	9220
26	1109	6240	6137
27	1109	5155	5071
28	1109	5332	5255
29	1109	2308	2280
30	1109	4707	4626
31	1109	2357	2316
32	1109	5133	5042
33	1109	2097	2065
34	1109	2261	2224
35	1109	2832	2790
36	1109	2061	2028
37	1109	1782	1757
38	1109	4283	4217
39	1109	7558	7434
40	1109	5213	5134
41	1109	7376	7251
42	1109	6660	6561
43	1109	12001	11813
44	1109	33	31
45	1109	4746	4669
46	1109	2677	2629
47	1109	94	91
48	1109	773	757
49	1109	6971	6869
50	1109	2810	2761
51	1109	2417	2370
52	1109	44	43
53	1109	2932	2889
54	1109	2958	2915
55	1109	7717	7618
56	1109	8629	8488
57	1109	5228	5124
58	1109	1021	1002
59	1109	147	143
60	1109	233	229
61	1109	1273	1262
62	1109	341	337
63	1109	1007	994
64	1109	5996	5893
65	1109	13352	13116
66	1109	14076	13850
67	1109	8878	8724
68	1109	6738	6640
69	1109	15547	15335
70	1109	8800	8675
71	1109	328	325
72	1109	1015	998
73	1109	1539	1514
74	1109	9708	9546
75	1109	1658	1632
76	1109	6020	5934
77	1109	7978	7869
78	1109	7460	7351
79	1109	5458	5386
80	1109	9797	9655
81	1109	8524	8395
82	1109	3969	3908
83	1109	5649	5564
84	1109	2322	2281
85	1109	1284	1265
86	1109	812	800
87	1109	857	845
88	1109	9453	9316
89	1109	12422	12235
90	1109	12947	12698
91	1109	10525	10363
92	1109	7626	7522
93	1109	13912	13712
94	1109	12051	11834
95	1109	12630	12474
96	1109	18212	17943
97	1109	4998	4924
98	1109	2751	2699
99	1109	1015	997
100	1109	402	395
101	1109	2123	2086
102	1109	237	231
103	1109	196	188
104	1109	1012	992
105	1109	728	719
106	1109	7822	7703
107	1109	6708	6603
108	1109	5957	5842
109	1109	33	32
110	1109	5232	5161
111	1109	6927	6813
112	1109	9440	9300
113	1109	8284	8165
114	1109	10518	10331
115	1109	280	271
116	1109	1498	1470
117	1109	5708	5610
118	1109	1189	1175
119	1109	3308	3260
120	1109	3509	3447
121	1109	6330	6229
122	1109	2474	2430
123	1109	1087	1061
124	1109	430	425
125	1109	1213	1198
126	1109	3643	3583
127	1109	15	15
128	1109	3197	3147
129	1109	55	54
130	1109	479	470
131	1109	179	172
132	1109	60	60
133	1109	93	92
134	1109	34	33
0	1110	193547	170031
1	1110	1139	1118
2	1110	1047	1028
3	1110	683	669
4	1110	1635	1609
5	1110	1055	1042
6	1110	565	554
7	1110	760	754
8	1110	1055	1039
9	1110	2105	2071
10	1110	3566	3517
11	1110	1552	1525
12	1110	2213	2173
13	1110	2401	2354
14	1110	2582	2538
15	1110	910	896
16	1110	3760	3696
17	1110	1415	1392
18	1110	711	700
19	1110	4071	4001
20	1110	3816	3742
21	1110	2956	2919
22	1110	5215	5120
23	1110	5309	5220
24	1110	5689	5603
25	1110	9264	9112
26	1110	6281	6190
27	1110	4904	4820
28	1110	5242	5170
29	1110	2190	2166
30	1110	4622	4548
31	1110	2295	2263
32	1110	4981	4901
33	1110	1951	1918
34	1110	2208	2178
35	1110	2887	2844
36	1110	1967	1930
37	1110	1818	1781
38	1110	4267	4201
39	1110	7244	7138
40	1110	5105	5043
41	1110	7465	7344
42	1110	6558	6446
43	1110	12087	11909
44	1110	30	30
45	1110	4409	4341
46	1110	2643	2591
47	1110	90	88
48	1110	745	735
49	1110	6728	6603
50	1110	2671	2617
51	1110	2372	2339
52	1110	51	51
53	1110	2970	2931
54	1110	2950	2913
55	1110	7746	7635
56	1110	8423	8291
57	1110	5297	5227
58	1110	1015	1002
59	1110	155	150
60	1110	230	226
61	1110	1399	1383
62	1110	350	339
63	1110	991	981
64	1110	5866	5774
65	1110	12869	12661
66	1110	13893	13664
67	1110	8576	8433
68	1110	6346	6249
69	1110	15183	14972
70	1110	8988	8850
71	1110	295	292
72	1110	1027	1005
73	1110	1538	1512
74	1110	9470	9311
75	1110	1662	1645
76	1110	5721	5632
77	1110	7685	7572
78	1110	7499	7383
79	1110	5373	5316
80	1110	9921	9777
81	1110	8326	8191
82	1110	4038	3967
83	1110	5672	5571
84	1110	2354	2317
85	1110	1156	1142
86	1110	837	821
87	1110	742	735
88	1110	9545	9399
89	1110	12166	11972
90	1110	13055	12829
91	1110	10414	10250
92	1110	7690	7578
93	1110	13850	13644
94	1110	12215	12036
95	1110	12924	12765
96	1110	18243	17983
97	1110	4939	4870
98	1110	2803	2743
99	1110	963	951
100	1110	383	380
101	1110	2023	1985
102	1110	249	245
103	1110	238	231
104	1110	1040	1024
105	1110	771	752
106	1110	7755	7644
107	1110	6773	6674
108	1110	5920	5826
109	1110	19	19
110	1110	5006	4920
111	1110	6875	6767
112	1110	9573	9420
113	1110	8024	7914
114	1110	10439	10283
115	1110	270	266
116	1110	1522	1497
117	1110	5558	5455
118	1110	1253	1225
119	1110	3047	3005
120	1110	3468	3395
121	1110	6309	6211
122	1110	2405	2365
123	1110	1025	1013
124	1110	452	443
125	1110	1228	1210
126	1110	3360	3301
127	1110	23	21
128	1110	3071	3017
129	1110	36	34
130	1110	471	467
131	1110	162	162
132	1110	68	64
133	1110	93	90
134	1110	27	27
0	1111	184038	161166
1	1111	1082	1056
2	1111	1052	1026
3	1111	656	637
4	1111	1685	1655
5	1111	1154	1125
6	1111	532	518
7	1111	726	719
8	1111	1109	1095
9	1111	2095	2066
10	1111	3654	3587
11	1111	1749	1725
12	1111	2271	2238
13	1111	2496	2451
14	1111	2641	2602
15	1111	862	846
16	1111	3890	3814
17	1111	1432	1415
18	1111	719	708
19	1111	4183	4120
20	1111	3741	3655
21	1111	3023	2969
22	1111	5286	5204
23	1111	5332	5246
24	1111	5697	5591
25	1111	9230	9085
26	1111	6065	5966
27	1111	5076	4984
28	1111	5232	5148
29	1111	2255	2211
30	1111	4640	4558
31	1111	2387	2346
32	1111	5221	5123
33	1111	2009	1970
34	1111	2224	2194
35	1111	2882	2827
36	1111	2060	2019
37	1111	1791	1756
38	1111	4325	4247
39	1111	7517	7401
40	1111	5126	5043
41	1111	7601	7464
42	1111	6794	6667
43	1111	12133	11948
44	1111	24	23
45	1111	4682	4611
46	1111	2698	2645
47	1111	86	82
48	1111	725	707
49	1111	6839	6723
50	1111	2732	2689
51	1111	2394	2356
52	1111	41	39
53	1111	2830	2775
54	1111	2971	2928
55	1111	7682	7539
56	1111	8780	8630
57	1111	5342	5244
58	1111	1060	1039
59	1111	177	175
60	1111	240	239
61	1111	1313	1294
62	1111	385	378
63	1111	1081	1066
64	1111	5922	5836
65	1111	13544	13310
66	1111	14167	13946
67	1111	8672	8519
68	1111	6555	6456
69	1111	15618	15361
70	1111	9115	8955
71	1111	343	338
72	1111	971	954
73	1111	1552	1523
74	1111	9859	9701
75	1111	1746	1716
76	1111	5803	5708
77	1111	8099	7972
78	1111	7627	7502
79	1111	5415	5339
80	1111	10097	9956
81	1111	8591	8452
82	1111	3977	3910
83	1111	5730	5635
84	1111	2359	2312
85	1111	1246	1224
86	1111	835	818
87	1111	893	883
88	1111	9668	9510
89	1111	12409	12190
90	1111	13368	13132
91	1111	10849	10670
92	1111	7840	7716
93	1111	14162	13945
94	1111	12311	12126
95	1111	13178	12974
96	1111	18739	18470
97	1111	5044	4964
98	1111	2921	2869
99	1111	1025	1001
100	1111	470	469
101	1111	2078	2045
102	1111	227	221
103	1111	210	209
104	1111	1017	992
105	1111	884	863
106	1111	7878	7754
107	1111	7014	6892
108	1111	5978	5888
109	1111	24	22
110	1111	5287	5204
111	1111	6927	6814
112	1111	9766	9594
113	1111	8221	8079
114	1111	10559	10372
115	1111	236	234
116	1111	1502	1478
117	1111	5823	5713
118	1111	1305	1282
119	1111	3255	3187
120	1111	3426	3339
121	1111	6436	6312
122	1111	2494	2454
123	1111	1046	1036
124	1111	417	405
125	1111	1233	1214
126	1111	3484	3428
127	1111	19	18
128	1111	3135	3074
129	1111	47	44
130	1111	504	494
131	1111	149	144
132	1111	60	59
133	1111	91	89
134	1111	30	29
0	1112	185812	156898
1	1112	1102	1059
2	1112	1075	1032
3	1112	683	647
4	1112	1615	1568
5	1112	1153	1112
6	1112	537	518
7	1112	752	727
8	1112	1084	1046
9	1112	2081	1997
10	1112	3773	3621
11	1112	1707	1641
12	1112	2143	2073
13	1112	2527	2436
14	1112	2639	2542
15	1112	823	789
16	1112	3868	3757
17	1112	1504	1449
18	1112	666	635
19	1112	4321	4153
20	1112	3579	3434
21	1112	3011	2911
22	1112	5298	5103
23	1112	5463	5244
24	1112	5693	5486
25	1112	9443	9103
26	1112	6495	6256
27	1112	5090	4899
28	1112	5248	5068
29	1112	2321	2236
30	1112	4811	4620
31	1112	2430	2353
32	1112	5091	4911
33	1112	1983	1903
34	1112	2343	2267
35	1112	2953	2841
36	1112	2021	1935
37	1112	1884	1823
38	1112	4361	4206
39	1112	7464	7226
40	1112	5400	5200
41	1112	7435	7187
42	1112	6713	6491
43	1112	12102	11682
44	1112	27	26
45	1112	4601	4456
46	1112	2608	2536
47	1112	95	92
48	1112	805	776
49	1112	7052	6777
50	1112	2671	2572
51	1112	2399	2309
52	1112	48	47
53	1112	2952	2843
54	1112	2972	2881
55	1112	7731	7473
56	1112	8519	8203
57	1112	5448	5238
58	1112	1046	1007
59	1112	138	131
60	1112	239	231
61	1112	1275	1232
62	1112	378	364
63	1112	1006	973
64	1112	5897	5718
65	1112	13128	12681
66	1112	14373	13876
67	1112	8736	8418
68	1112	6662	6394
69	1112	15787	15233
70	1112	9031	8702
71	1112	285	272
72	1112	1081	1051
73	1112	1580	1516
74	1112	9579	9246
75	1112	1720	1666
76	1112	5989	5792
77	1112	8188	7883
78	1112	7731	7441
79	1112	5442	5243
80	1112	9943	9594
81	1112	8621	8325
82	1112	4169	4025
83	1112	5751	5550
84	1112	2439	2365
85	1112	1211	1160
86	1112	848	813
87	1112	774	749
88	1112	9808	9467
89	1112	12624	12147
90	1112	13192	12736
91	1112	10556	10155
92	1112	7777	7495
93	1112	14179	13680
94	1112	11941	11511
95	1112	13067	12611
96	1112	18759	18128
97	1112	4932	4747
98	1112	2968	2846
99	1112	998	956
100	1112	444	428
101	1112	2073	2008
102	1112	246	233
103	1112	199	194
104	1112	1080	1035
105	1112	810	776
106	1112	7889	7589
107	1112	7083	6815
108	1112	5870	5696
109	1112	18	18
110	1112	5171	4988
111	1112	7042	6792
112	1112	9952	9562
113	1112	8395	8079
114	1112	10400	10002
115	1112	266	255
116	1112	1538	1478
117	1112	5876	5687
118	1112	1230	1183
119	1112	3199	3085
120	1112	3290	3134
121	1112	6467	6233
122	1112	2453	2343
123	1112	1030	994
124	1112	412	393
125	1112	1172	1145
126	1112	3467	3329
127	1112	21	19
128	1112	3328	3186
129	1112	32	29
130	1112	490	470
131	1112	167	165
132	1112	69	68
133	1112	103	96
134	1112	28	27
0	1113	186101	161103
1	1113	1093	1060
2	1113	1063	1041
3	1113	637	618
4	1113	1612	1571
5	1113	1211	1190
6	1113	593	576
7	1113	773	765
8	1113	1149	1126
9	1113	2193	2141
10	1113	3877	3804
11	1113	1798	1755
12	1113	2202	2157
13	1113	2545	2495
14	1113	2605	2551
15	1113	909	895
16	1113	3907	3829
17	1113	1439	1410
18	1113	642	630
19	1113	4237	4145
20	1113	3558	3433
21	1113	2968	2900
22	1113	5247	5129
23	1113	5504	5397
24	1113	5583	5473
25	1113	9411	9200
26	1113	6609	6485
27	1113	5270	5160
28	1113	5328	5218
29	1113	2388	2344
30	1113	4752	4632
31	1113	2344	2302
32	1113	5134	5049
33	1113	1970	1923
34	1113	2221	2174
35	1113	2988	2935
36	1113	2020	1969
37	1113	1890	1862
38	1113	4415	4330
39	1113	7569	7418
40	1113	5350	5237
41	1113	7763	7586
42	1113	6702	6572
43	1113	12416	12158
44	1113	28	27
45	1113	4595	4498
46	1113	2614	2564
47	1113	86	84
48	1113	798	775
49	1113	7038	6852
50	1113	2732	2652
51	1113	2415	2365
52	1113	41	41
53	1113	2879	2815
54	1113	2953	2882
55	1113	7760	7600
56	1113	9028	8829
57	1113	5598	5497
58	1113	1076	1039
59	1113	176	173
60	1113	251	242
61	1113	1269	1244
62	1113	391	380
63	1113	1025	1005
64	1113	6127	6012
65	1113	13160	12905
66	1113	14113	13799
67	1113	8735	8541
68	1113	6666	6510
69	1113	16264	15919
70	1113	9314	9117
71	1113	360	352
72	1113	1009	993
73	1113	1628	1588
74	1113	9878	9668
75	1113	1702	1671
76	1113	6052	5930
77	1113	8349	8180
78	1113	7508	7346
79	1113	5543	5414
80	1113	10106	9924
81	1113	8762	8575
82	1113	4218	4121
83	1113	6004	5870
84	1113	2467	2401
85	1113	1226	1200
86	1113	836	809
87	1113	828	810
88	1113	9767	9574
89	1113	12345	12060
90	1113	13513	13237
91	1113	11010	10769
92	1113	7606	7451
93	1113	14594	14305
94	1113	12532	12261
95	1113	13353	13075
96	1113	18934	18534
97	1113	5080	4947
98	1113	2967	2903
99	1113	1048	1024
100	1113	420	411
101	1113	2184	2131
102	1113	237	231
103	1113	207	199
104	1113	1041	1010
105	1113	783	762
106	1113	7829	7677
107	1113	6988	6824
108	1113	6070	5934
109	1113	18	17
110	1113	5054	4933
111	1113	7109	6966
112	1113	9828	9582
113	1113	8326	8148
114	1113	10233	9998
115	1113	264	261
116	1113	1561	1529
117	1113	5885	5764
118	1113	1293	1257
119	1113	3112	3041
120	1113	3124	3020
121	1113	6373	6245
122	1113	2577	2510
123	1113	1105	1081
124	1113	457	444
125	1113	1300	1272
126	1113	3485	3401
127	1113	22	21
128	1113	3350	3276
129	1113	40	38
130	1113	556	538
131	1113	218	214
132	1113	67	66
133	1113	102	100
134	1113	24	24
0	1114	184682	159457
1	1114	1124	1098
2	1114	1027	1006
3	1114	695	680
4	1114	1609	1578
5	1114	1150	1120
6	1114	608	599
7	1114	832	807
8	1114	1104	1078
9	1114	2111	2069
10	1114	3755	3659
11	1114	1952	1915
12	1114	2259	2214
13	1114	2568	2523
14	1114	2764	2711
15	1114	903	887
16	1114	3939	3862
17	1114	1478	1443
18	1114	673	660
19	1114	4146	4040
20	1114	3280	3173
21	1114	3161	3108
22	1114	5093	4974
23	1114	5497	5403
24	1114	5523	5385
25	1114	9428	9233
26	1114	6479	6350
27	1114	5189	5059
28	1114	5289	5185
29	1114	2261	2206
30	1114	4843	4729
31	1114	2572	2517
32	1114	5195	5074
33	1114	2112	2070
34	1114	2244	2187
35	1114	3044	2999
36	1114	2029	1976
37	1114	1842	1806
38	1114	4337	4223
39	1114	7528	7377
40	1114	5271	5158
41	1114	7773	7622
42	1114	6760	6589
43	1114	12160	11900
44	1114	34	32
45	1114	4656	4560
46	1114	2775	2710
47	1114	86	85
48	1114	750	736
49	1114	6893	6724
50	1114	2701	2653
51	1114	2509	2456
52	1114	45	44
53	1114	2949	2885
54	1114	2910	2863
55	1114	7793	7644
56	1114	8696	8509
57	1114	5426	5324
58	1114	1057	1030
59	1114	188	184
60	1114	225	220
61	1114	1369	1341
62	1114	342	335
63	1114	1105	1084
64	1114	6037	5909
65	1114	13346	13052
66	1114	14053	13725
67	1114	8562	8369
68	1114	6550	6405
69	1114	16160	15806
70	1114	9202	8988
71	1114	328	321
72	1114	1046	1024
73	1114	1601	1563
74	1114	9751	9576
75	1114	1826	1780
76	1114	5969	5834
77	1114	8372	8187
78	1114	7668	7520
79	1114	5593	5483
80	1114	10065	9862
81	1114	8570	8357
82	1114	4076	3990
83	1114	6036	5909
84	1114	2448	2400
85	1114	1297	1277
86	1114	835	822
87	1114	855	839
88	1114	9702	9511
89	1114	12516	12250
90	1114	13365	13094
91	1114	10621	10373
92	1114	7982	7815
93	1114	14780	14474
94	1114	12217	11958
95	1114	13442	13171
96	1114	19046	18624
97	1114	5063	4973
98	1114	2841	2779
99	1114	1011	996
100	1114	445	431
101	1114	2126	2083
102	1114	215	209
103	1114	208	200
104	1114	1027	1001
105	1114	740	723
106	1114	7693	7517
107	1114	7025	6868
108	1114	6166	6024
109	1114	28	28
110	1114	5050	4939
111	1114	7081	6950
112	1114	9796	9572
113	1114	8269	8092
114	1114	10057	9805
115	1114	307	297
116	1114	1547	1524
117	1114	6012	5883
118	1114	1279	1252
119	1114	3240	3158
120	1114	2966	2864
121	1114	6366	6224
122	1114	2483	2431
123	1114	1098	1076
124	1114	457	441
125	1114	1324	1292
126	1114	3597	3528
127	1114	18	18
128	1114	3091	3023
129	1114	58	55
130	1114	536	522
131	1114	172	169
132	1114	63	60
133	1114	90	88
134	1114	28	28
0	1115	184917	161004
1	1115	1221	1189
2	1115	1087	1060
3	1115	723	703
4	1115	1650	1621
5	1115	1157	1137
6	1115	605	593
7	1115	751	741
8	1115	1121	1100
9	1115	2093	2036
10	1115	3831	3767
11	1115	1819	1788
12	1115	2246	2206
13	1115	2500	2459
14	1115	2658	2609
15	1115	878	861
16	1115	3977	3901
17	1115	1549	1520
18	1115	691	679
19	1115	4169	4076
20	1115	2965	2864
21	1115	3206	3138
22	1115	5229	5113
23	1115	5484	5356
24	1115	5269	5147
25	1115	9377	9201
26	1115	6377	6257
27	1115	5230	5129
28	1115	5446	5338
29	1115	2358	2320
30	1115	4824	4718
31	1115	2346	2299
32	1115	5273	5180
33	1115	1994	1951
34	1115	2251	2204
35	1115	3016	2961
36	1115	1951	1902
37	1115	1912	1875
38	1115	4384	4280
39	1115	7572	7426
40	1115	5178	5075
41	1115	7885	7742
42	1115	6861	6718
43	1115	12374	12122
44	1115	32	30
45	1115	4635	4551
46	1115	2718	2667
47	1115	97	94
48	1115	772	763
49	1115	7058	6869
50	1115	2628	2568
51	1115	2434	2384
52	1115	49	46
53	1115	2983	2921
54	1115	3014	2945
55	1115	7966	7832
56	1115	8905	8737
57	1115	5314	5206
58	1115	1062	1038
59	1115	159	157
60	1115	251	246
61	1115	1326	1306
62	1115	369	362
63	1115	1029	1014
64	1115	6039	5919
65	1115	13388	13118
66	1115	14137	13834
67	1115	8705	8526
68	1115	6557	6415
69	1115	16035	15719
70	1115	9205	9014
71	1115	318	308
72	1115	995	972
73	1115	1610	1573
74	1115	9962	9751
75	1115	1771	1733
76	1115	6029	5904
77	1115	8223	8077
78	1115	7872	7732
79	1115	5660	5555
80	1115	10055	9856
81	1115	8498	8329
82	1115	4090	4012
83	1115	5887	5771
84	1115	2502	2451
85	1115	1331	1298
86	1115	840	820
87	1115	811	797
88	1115	9891	9713
89	1115	12619	12373
90	1115	13119	12825
91	1115	10717	10497
92	1115	7548	7388
93	1115	14752	14484
94	1115	12349	12126
95	1115	13132	12897
96	1115	18739	18394
97	1115	4962	4856
98	1115	3025	2961
99	1115	1142	1107
100	1115	448	440
101	1115	2163	2120
102	1115	245	241
103	1115	225	221
104	1115	957	941
105	1115	810	794
106	1115	7511	7358
107	1115	7022	6880
108	1115	6162	6057
109	1115	21	21
110	1115	5168	5030
111	1115	7129	7004
112	1115	9911	9685
113	1115	8229	8069
114	1115	9855	9642
115	1115	257	255
116	1115	1509	1487
117	1115	5843	5704
118	1115	1305	1279
119	1115	3224	3149
120	1115	2588	2478
121	1115	6608	6494
122	1115	2498	2451
123	1115	1154	1128
124	1115	449	438
125	1115	1246	1220
126	1115	3472	3394
127	1115	16	16
128	1115	3203	3128
129	1115	55	52
130	1115	570	553
131	1115	176	174
132	1115	70	69
133	1115	97	94
134	1115	29	29
0	1116	186573	163595
1	1116	1015	995
2	1116	1029	996
3	1116	658	639
4	1116	1686	1645
5	1116	1201	1178
6	1116	597	584
7	1116	814	797
8	1116	1097	1069
9	1116	2129	2090
10	1116	3878	3799
11	1116	1738	1700
12	1116	2297	2262
13	1116	2712	2666
14	1116	2696	2650
15	1116	927	918
16	1116	4071	3988
17	1116	1610	1576
18	1116	651	630
19	1116	4322	4239
20	1116	2787	2686
21	1116	3123	3064
22	1116	5365	5258
23	1116	5664	5578
24	1116	5184	5070
25	1116	9504	9335
26	1116	6382	6264
27	1116	5317	5204
28	1116	5309	5204
29	1116	2332	2293
30	1116	4862	4771
31	1116	2290	2250
32	1116	5275	5177
33	1116	2091	2048
34	1116	2224	2175
35	1116	3090	3017
36	1116	1884	1846
37	1116	1910	1878
38	1116	4327	4255
39	1116	7569	7423
40	1116	5351	5244
41	1116	7799	7667
42	1116	6846	6730
43	1116	12331	12103
44	1116	28	28
45	1116	4728	4648
46	1116	2792	2743
47	1116	110	108
48	1116	823	809
49	1116	6873	6717
50	1116	2673	2625
51	1116	2573	2522
52	1116	56	56
53	1116	3077	3019
54	1116	2964	2906
55	1116	7946	7772
56	1116	8773	8606
57	1116	5231	5148
58	1116	987	967
59	1116	158	156
60	1116	201	199
61	1116	1422	1388
62	1116	371	362
63	1116	1035	1022
64	1116	6170	6048
65	1116	13430	13161
66	1116	14289	14030
67	1116	8670	8492
68	1116	6510	6386
69	1116	16540	16227
70	1116	9456	9269
71	1116	359	354
72	1116	902	886
73	1116	1599	1563
74	1116	9995	9806
75	1116	1746	1717
76	1116	6307	6182
77	1116	8325	8185
78	1116	7803	7634
79	1116	5791	5687
80	1116	10199	10028
81	1116	8717	8548
82	1116	4015	3940
83	1116	6062	5953
84	1116	2472	2420
85	1116	1264	1244
86	1116	890	870
87	1116	843	827
88	1116	10064	9845
89	1116	12583	12369
90	1116	13296	13080
91	1116	10636	10443
92	1116	7733	7573
93	1116	14562	14316
94	1116	12635	12403
95	1116	13563	13335
96	1116	18960	18645
97	1116	5040	4934
98	1116	2960	2900
99	1116	1116	1097
100	1116	441	433
101	1116	2200	2151
102	1116	196	188
103	1116	211	207
104	1116	956	941
105	1116	691	677
106	1116	7738	7609
107	1116	7050	6899
108	1116	6133	6016
109	1116	28	26
110	1116	5025	4922
111	1116	7029	6892
112	1116	9716	9508
113	1116	8187	8017
114	1116	9600	9412
115	1116	301	292
116	1116	1546	1527
117	1116	5980	5848
118	1116	1362	1329
119	1116	3042	2982
120	1116	2304	2227
121	1116	6627	6496
122	1116	2561	2515
123	1116	1107	1089
124	1116	439	428
125	1116	1308	1282
126	1116	3365	3299
127	1116	20	20
128	1116	3159	3084
129	1116	51	48
130	1116	560	551
131	1116	174	172
132	1116	44	44
133	1116	103	101
134	1116	34	30
0	1117	193339	166838
1	1117	1127	1105
2	1117	1049	1028
3	1117	655	640
4	1117	1636	1615
5	1117	1159	1137
6	1117	566	555
7	1117	778	759
8	1117	1181	1158
9	1117	2326	2289
10	1117	3962	3890
11	1117	1882	1841
12	1117	2350	2305
13	1117	2602	2559
14	1117	2659	2623
15	1117	960	947
16	1117	4199	4119
17	1117	1552	1525
18	1117	690	675
19	1117	4136	4066
20	1117	2483	2388
21	1117	3363	3303
22	1117	5339	5230
23	1117	5618	5512
24	1117	5220	5080
25	1117	9754	9561
26	1117	6601	6495
27	1117	5110	5018
28	1117	5399	5301
29	1117	2465	2420
30	1117	4741	4640
31	1117	2486	2448
32	1117	5304	5211
33	1117	2094	2064
34	1117	2184	2134
35	1117	2908	2835
36	1117	1821	1773
37	1117	1958	1927
38	1117	4345	4263
39	1117	7750	7614
40	1117	5283	5184
41	1117	7859	7691
42	1117	6779	6681
43	1117	12537	12273
44	1117	29	28
45	1117	4859	4779
46	1117	2734	2674
47	1117	83	82
48	1117	749	739
49	1117	6887	6744
50	1117	2546	2504
51	1117	2560	2509
52	1117	41	38
53	1117	3088	3044
54	1117	3029	2967
55	1117	7859	7722
56	1117	9061	8888
57	1117	5633	5521
58	1117	1060	1044
59	1117	183	181
60	1117	220	213
61	1117	1425	1393
62	1117	438	424
63	1117	1095	1070
64	1117	6508	6376
65	1117	13610	13347
66	1117	14096	13800
67	1117	8582	8388
68	1117	6665	6527
69	1117	16820	16505
70	1117	9407	9227
71	1117	364	356
72	1117	983	966
73	1117	1637	1612
74	1117	9676	9475
75	1117	1812	1784
76	1117	6171	6043
77	1117	8626	8490
78	1117	7900	7742
79	1117	5706	5592
80	1117	10164	9984
81	1117	8812	8659
82	1117	4145	4056
83	1117	6013	5896
84	1117	2567	2502
85	1117	1302	1276
86	1117	920	902
87	1117	885	877
88	1117	10115	9928
89	1117	12833	12589
90	1117	13481	13205
91	1117	10418	10202
92	1117	7629	7482
93	1117	15000	14755
94	1117	12513	12265
95	1117	13222	12975
96	1117	18981	18648
97	1117	5134	5037
98	1117	2822	2762
99	1117	1078	1057
100	1117	445	437
101	1117	2339	2310
102	1117	247	238
103	1117	228	224
104	1117	965	932
105	1117	739	723
106	1117	7718	7575
107	1117	7246	7101
108	1117	6312	6194
109	1117	31	29
110	1117	5013	4903
111	1117	7170	7050
112	1117	9787	9598
113	1117	8119	7964
114	1117	9171	8959
115	1117	320	312
116	1117	1551	1521
117	1117	5996	5875
118	1117	1307	1282
119	1117	3070	3012
120	1117	2029	1938
121	1117	6843	6692
122	1117	2527	2487
123	1117	1134	1108
124	1117	396	386
125	1117	1268	1241
126	1117	3307	3231
127	1117	18	16
128	1117	3308	3248
129	1117	59	58
130	1117	537	535
131	1117	172	168
132	1117	71	71
133	1117	104	101
134	1117	40	40
0	1118	188764	165040
1	1118	1086	1063
2	1118	1043	1019
3	1118	691	671
4	1118	1712	1671
5	1118	1282	1258
6	1118	615	600
7	1118	784	772
8	1118	1099	1076
9	1118	2204	2161
10	1118	3836	3763
11	1118	1903	1872
12	1118	2357	2307
13	1118	2569	2523
14	1118	2691	2631
15	1118	892	881
16	1118	4112	4028
17	1118	1561	1534
18	1118	657	638
19	1118	4331	4237
20	1118	2293	2182
21	1118	3362	3306
22	1118	5200	5071
23	1118	5642	5510
24	1118	5030	4880
25	1118	9651	9420
26	1118	6579	6426
27	1118	5445	5331
28	1118	5406	5272
29	1118	2593	2545
30	1118	4832	4714
31	1118	2518	2464
32	1118	5272	5162
33	1118	2021	1985
34	1118	2112	2051
35	1118	3028	2955
36	1118	1659	1611
37	1118	1959	1924
38	1118	4210	4135
39	1118	7629	7491
40	1118	5149	5043
41	1118	7938	7757
42	1118	6706	6539
43	1118	12645	12383
44	1118	32	32
45	1118	4924	4836
46	1118	2908	2849
47	1118	95	94
48	1118	742	734
49	1118	6843	6655
50	1118	2601	2527
51	1118	2637	2588
52	1118	52	50
53	1118	3157	3097
54	1118	2945	2873
55	1118	7953	7797
56	1118	8940	8723
57	1118	5656	5541
58	1118	1006	984
59	1118	147	141
60	1118	252	246
61	1118	1417	1394
62	1118	411	406
63	1118	1153	1120
64	1118	6265	6160
65	1118	13590	13310
66	1118	14263	13932
67	1118	8311	8100
68	1118	6567	6417
69	1118	16737	16378
70	1118	9263	9057
71	1118	344	336
72	1118	984	970
73	1118	1543	1515
74	1118	9702	9482
75	1118	1774	1742
76	1118	6016	5873
77	1118	8517	8360
78	1118	7884	7719
79	1118	5818	5690
80	1118	10017	9818
81	1118	8773	8594
82	1118	4012	3904
83	1118	6013	5888
84	1118	2492	2428
85	1118	1348	1323
86	1118	840	820
87	1118	845	832
88	1118	9953	9756
89	1118	12827	12555
90	1118	13384	13080
91	1118	10530	10266
92	1118	7595	7429
93	1118	15101	14785
94	1118	12295	11997
95	1118	13214	12941
96	1118	18784	18401
97	1118	5012	4868
98	1118	2833	2766
99	1118	1070	1045
100	1118	474	465
101	1118	2288	2233
102	1118	211	208
103	1118	197	194
104	1118	1013	984
105	1118	796	775
106	1118	7528	7355
107	1118	7259	7090
108	1118	6174	6043
109	1118	29	28
110	1118	4979	4870
111	1118	7244	7084
112	1118	9513	9305
113	1118	8126	7935
114	1118	9396	9127
115	1118	295	287
116	1118	1525	1498
117	1118	6014	5888
118	1118	1244	1213
119	1118	3037	2967
120	1118	1767	1667
121	1118	6728	6598
122	1118	2583	2531
123	1118	1128	1106
124	1118	422	411
125	1118	1319	1290
126	1118	3243	3159
127	1118	27	26
128	1118	3213	3128
129	1118	52	52
130	1118	553	544
131	1118	169	163
132	1118	67	67
133	1118	116	113
134	1118	38	37
0	1119	192477	167340
1	1119	1073	1049
2	1119	1126	1083
3	1119	678	656
4	1119	1639	1597
5	1119	1251	1227
6	1119	602	588
7	1119	805	782
8	1119	1173	1146
9	1119	2222	2151
10	1119	3817	3736
11	1119	1897	1850
12	1119	2301	2241
13	1119	2670	2603
14	1119	2621	2553
15	1119	1003	983
16	1119	4137	4029
17	1119	1519	1478
18	1119	652	637
19	1119	4486	4373
20	1119	2039	1933
21	1119	3174	3097
22	1119	5235	5090
23	1119	5568	5414
24	1119	4810	4634
25	1119	9754	9505
26	1119	6526	6344
27	1119	5429	5300
28	1119	5393	5245
29	1119	2537	2480
30	1119	4837	4712
31	1119	2587	2534
32	1119	5468	5318
33	1119	2139	2090
34	1119	2029	1952
35	1119	2974	2884
36	1119	1691	1624
37	1119	1992	1956
38	1119	4446	4337
39	1119	7588	7386
40	1119	5437	5275
41	1119	7823	7611
42	1119	6933	6748
43	1119	12789	12461
44	1119	39	38
45	1119	4982	4874
46	1119	2782	2718
47	1119	104	100
48	1119	762	750
49	1119	6824	6597
50	1119	2499	2421
51	1119	2577	2515
52	1119	41	39
53	1119	3241	3157
54	1119	2897	2824
55	1119	7891	7695
56	1119	8921	8707
57	1119	5647	5493
58	1119	1083	1048
59	1119	157	144
60	1119	228	224
61	1119	1482	1452
62	1119	392	385
63	1119	1136	1111
64	1119	6183	6055
65	1119	13430	13092
66	1119	13773	13358
67	1119	8406	8172
68	1119	6527	6346
69	1119	17019	16648
70	1119	9168	8903
71	1119	338	326
72	1119	1019	995
73	1119	1699	1646
74	1119	9530	9242
75	1119	1841	1797
76	1119	5996	5838
77	1119	8784	8600
78	1119	8071	7847
79	1119	5769	5625
80	1119	10082	9827
81	1119	8692	8435
82	1119	3979	3876
83	1119	5996	5841
84	1119	2456	2387
85	1119	1335	1307
86	1119	856	841
87	1119	838	822
88	1119	10087	9840
89	1119	12792	12459
90	1119	13311	12915
91	1119	10157	9856
92	1119	7597	7403
93	1119	14884	14535
94	1119	12517	12187
95	1119	13202	12894
96	1119	18573	18133
97	1119	4826	4714
98	1119	2903	2839
99	1119	1166	1138
100	1119	435	419
101	1119	2319	2249
102	1119	198	188
103	1119	244	240
104	1119	992	962
105	1119	662	639
106	1119	7738	7557
107	1119	7338	7156
108	1119	6233	6068
109	1119	39	38
110	1119	5049	4907
111	1119	7334	7194
112	1119	9631	9363
113	1119	7988	7807
114	1119	8987	8713
115	1119	290	286
116	1119	1597	1564
117	1119	5928	5787
118	1119	1137	1099
119	1119	3009	2919
120	1119	1541	1433
121	1119	6861	6714
122	1119	2566	2498
123	1119	1132	1097
124	1119	386	378
125	1119	1237	1200
126	1119	3187	3049
127	1119	24	22
128	1119	3203	3115
129	1119	49	46
130	1119	512	497
131	1119	191	185
132	1119	77	77
133	1119	89	86
134	1119	25	24
0	2101	200912	157995
1	2101	1167	1048
2	2101	1051	927
3	2101	704	649
4	2101	1650	1484
5	2101	1163	1068
6	2101	571	516
7	2101	785	695
8	2101	1080	986
9	2101	2082	1861
10	2101	3803	3423
11	2101	1720	1547
12	2101	2282	2054
13	2101	2418	2223
14	2101	2590	2335
15	2101	909	812
16	2101	4042	3673
17	2101	1523	1381
18	2101	715	646
19	2101	4047	3676
20	2101	4253	3820
21	2101	3068	2771
22	2101	5143	4610
23	2101	5380	4853
24	2101	5970	5337
25	2101	9305	8442
26	2101	6386	5804
27	2101	5074	4636
28	2101	5217	4716
29	2101	2189	2005
30	2101	4650	4193
31	2101	2350	2129
32	2101	5163	4621
33	2101	2092	1886
34	2101	2193	1979
35	2101	2829	2526
36	2101	2118	1891
37	2101	1829	1676
38	2101	4117	3720
39	2101	7266	6601
40	2101	5269	4763
41	2101	7545	6803
42	2101	6760	6081
43	2101	11612	10576
44	2101	33	26
45	2101	4533	4114
46	2101	2586	2307
47	2101	91	79
48	2101	734	661
49	2101	6877	6202
50	2101	2747	2446
51	2101	2412	2182
52	2101	26	22
53	2101	2769	2523
54	2101	3097	2739
55	2101	7599	6876
56	2101	8771	7941
57	2101	5329	4748
58	2101	982	885
59	2101	155	145
60	2101	205	183
61	2101	1290	1164
62	2101	370	324
63	2101	1008	906
64	2101	6009	5453
65	2101	13358	12025
66	2101	14405	12995
67	2101	8562	7720
68	2101	6554	5865
69	2101	15725	14209
70	2101	8807	7936
71	2101	322	290
72	2101	1005	915
73	2101	1550	1394
74	2101	9878	8951
75	2101	1729	1569
76	2101	5964	5397
77	2101	7924	7177
78	2101	7440	6671
79	2101	5544	5009
80	2101	10171	9157
81	2101	8815	7932
82	2101	4049	3676
83	2101	5761	5179
84	2101	2535	2298
85	2101	1161	1039
86	2101	742	671
87	2101	842	763
88	2101	9980	8990
89	2101	12467	11296
90	2101	13314	12109
91	2101	10488	9524
92	2101	7651	6935
93	2101	13851	12604
94	2101	11845	10680
95	2101	13024	11777
96	2101	18937	17211
97	2101	5028	4529
98	2101	2808	2539
99	2101	974	877
100	2101	394	347
101	2101	2134	1907
102	2101	247	222
103	2101	207	176
104	2101	965	849
105	2101	744	668
106	2101	7640	6909
107	2101	6991	6344
108	2101	5908	5368
109	2101	15	13
110	2101	5052	4509
111	2101	6682	6037
112	2101	9803	8828
113	2101	8074	7296
114	2101	10438	9375
115	2101	225	210
116	2101	1403	1277
117	2101	5810	5233
118	2101	1203	1087
119	2101	3159	2873
120	2101	3746	3320
121	2101	6461	5838
122	2101	2399	2176
123	2101	1023	915
124	2101	387	345
125	2101	1279	1174
126	2101	3530	3175
127	2101	17	16
128	2101	3264	2903
129	2101	40	32
130	2101	497	445
131	2101	145	127
132	2101	56	52
133	2101	74	62
134	2101	33	30
0	2102	199604	157917
1	2102	1039	941
2	2102	1048	955
3	2102	651	606
4	2102	1566	1434
5	2102	1119	1029
6	2102	559	508
7	2102	728	670
8	2102	1103	995
9	2102	2138	1956
10	2102	3730	3395
11	2102	1790	1652
12	2102	2197	1986
13	2102	2387	2170
14	2102	2456	2208
15	2102	846	770
16	2102	3907	3579
17	2102	1560	1403
18	2102	707	643
19	2102	4054	3682
20	2102	4149	3735
21	2102	3007	2763
22	2102	5244	4736
23	2102	5261	4797
24	2102	5750	5200
25	2102	9246	8392
26	2102	6326	5793
27	2102	5090	4615
28	2102	5284	4829
29	2102	2266	2058
30	2102	4688	4259
31	2102	2276	2074
32	2102	5135	4690
33	2102	1990	1820
34	2102	2278	2064
35	2102	2832	2581
36	2102	2158	1956
37	2102	1865	1719
38	2102	4192	3807
39	2102	7177	6534
40	2102	5237	4776
41	2102	7503	6834
42	2102	6765	6132
43	2102	12185	11087
44	2102	33	32
45	2102	4553	4145
46	2102	2663	2422
47	2102	81	72
48	2102	727	674
49	2102	7123	6492
50	2102	2734	2473
51	2102	2387	2197
52	2102	44	39
53	2102	2867	2629
54	2102	2928	2642
55	2102	7503	6859
56	2102	8775	8016
57	2102	5350	4842
58	2102	1038	937
59	2102	140	126
60	2102	238	217
61	2102	1292	1159
62	2102	344	308
63	2102	977	898
64	2102	5964	5445
65	2102	13244	12099
66	2102	14138	12907
67	2102	8678	7846
68	2102	6465	5857
69	2102	15421	14091
70	2102	8851	7996
71	2102	288	258
72	2102	985	890
73	2102	1572	1412
74	2102	9783	8876
75	2102	1660	1506
76	2102	6011	5464
77	2102	7985	7271
78	2102	7421	6756
79	2102	5431	4936
80	2102	10044	9187
81	2102	8430	7678
82	2102	4074	3719
83	2102	5905	5365
84	2102	2439	2190
85	2102	1236	1134
86	2102	809	734
87	2102	794	725
88	2102	9750	8879
89	2102	12303	11230
90	2102	13252	12143
91	2102	10829	9884
92	2102	7389	6707
93	2102	14044	12836
94	2102	11934	10862
95	2102	12899	11765
96	2102	18402	16828
97	2102	5263	4754
98	2102	2740	2497
99	2102	1007	913
100	2102	415	377
101	2102	2002	1818
102	2102	256	230
103	2102	223	190
104	2102	1055	948
105	2102	838	765
106	2102	7758	7070
107	2102	6972	6302
108	2102	6007	5512
109	2102	14	12
110	2102	5034	4583
111	2102	6861	6233
112	2102	9588	8730
113	2102	8224	7538
114	2102	10568	9564
115	2102	276	243
116	2102	1453	1326
117	2102	5789	5290
118	2102	1307	1147
119	2102	3069	2752
120	2102	3762	3364
121	2102	6355	5795
122	2102	2420	2226
123	2102	1007	922
124	2102	418	386
125	2102	1153	1051
126	2102	3529	3200
127	2102	27	23
128	2102	3302	3002
129	2102	34	29
130	2102	501	457
131	2102	160	152
132	2102	45	38
133	2102	82	74
134	2102	24	22
0	2103	198431	154320
1	2103	1035	912
2	2103	1078	970
3	2103	667	589
4	2103	1673	1494
5	2103	1162	1045
6	2103	574	499
7	2103	759	670
8	2103	1089	983
9	2103	2069	1838
10	2103	3681	3291
11	2103	1754	1575
12	2103	2151	1927
13	2103	2358	2142
14	2103	2517	2257
15	2103	913	834
16	2103	3861	3480
17	2103	1503	1332
18	2103	738	662
19	2103	4189	3774
20	2103	4163	3704
21	2103	3137	2802
22	2103	5094	4570
23	2103	5289	4730
24	2103	5577	4964
25	2103	9408	8443
26	2103	6329	5690
27	2103	5080	4557
28	2103	5299	4744
29	2103	2273	2032
30	2103	4590	4066
31	2103	2418	2153
32	2103	5205	4694
33	2103	2080	1847
34	2103	2230	2029
35	2103	2935	2613
36	2103	2135	1903
37	2103	1910	1729
38	2103	4318	3856
39	2103	7193	6507
40	2103	5239	4712
41	2103	7358	6563
42	2103	6874	6145
43	2103	12255	10988
44	2103	32	22
45	2103	4556	4113
46	2103	2633	2373
47	2103	90	79
48	2103	791	710
49	2103	6922	6165
50	2103	2766	2472
51	2103	2443	2182
52	2103	40	38
53	2103	2964	2670
54	2103	2927	2608
55	2103	7685	6932
56	2103	8664	7737
57	2103	5346	4792
58	2103	987	874
59	2103	151	135
60	2103	241	220
61	2103	1317	1176
62	2103	358	326
63	2103	922	829
64	2103	5923	5355
65	2103	13311	11927
66	2103	14242	12849
67	2103	8585	7669
68	2103	6491	5836
69	2103	15748	14120
70	2103	9099	8076
71	2103	337	313
72	2103	976	876
73	2103	1606	1436
74	2103	9526	8532
75	2103	1678	1498
76	2103	5841	5204
77	2103	8122	7301
78	2103	7611	6791
79	2103	5370	4822
80	2103	9924	8898
81	2103	8360	7480
82	2103	4050	3663
83	2103	5823	5207
84	2103	2508	2254
85	2103	1235	1114
86	2103	824	751
87	2103	812	727
88	2103	9576	8615
89	2103	12327	11067
90	2103	12948	11669
91	2103	10661	9599
92	2103	7525	6688
93	2103	14254	12902
94	2103	12071	10810
95	2103	12680	11407
96	2103	18515	16713
97	2103	5054	4578
98	2103	2807	2510
99	2103	1016	919
100	2103	411	366
101	2103	1973	1784
102	2103	258	226
103	2103	191	168
104	2103	1029	900
105	2103	742	656
106	2103	7770	6978
107	2103	7190	6439
108	2103	5932	5322
109	2103	16	13
110	2103	5091	4499
111	2103	6889	6140
112	2103	9914	8900
113	2103	8082	7274
114	2103	10365	9301
115	2103	275	250
116	2103	1460	1325
117	2103	5632	5054
118	2103	1303	1171
119	2103	3208	2873
120	2103	3772	3337
121	2103	6399	5747
122	2103	2426	2169
123	2103	1069	946
124	2103	408	365
125	2103	1168	1038
126	2103	3444	3093
127	2103	19	16
128	2103	3156	2781
129	2103	37	34
130	2103	485	441
131	2103	145	130
132	2103	36	28
133	2103	93	86
134	2103	28	24
0	2104	202321	160459
1	2104	1093	980
2	2104	1030	960
3	2104	651	605
4	2104	1578	1443
5	2104	1197	1085
6	2104	536	488
7	2104	772	702
8	2104	1147	1058
9	2104	2098	1900
10	2104	3565	3237
11	2104	1770	1610
12	2104	2153	1950
13	2104	2372	2173
14	2104	2490	2279
15	2104	907	830
16	2104	4033	3705
17	2104	1435	1309
18	2104	703	628
19	2104	4035	3643
20	2104	4072	3667
21	2104	3118	2850
22	2104	5158	4656
23	2104	5203	4746
24	2104	5749	5238
25	2104	9467	8622
26	2104	6135	5616
27	2104	5178	4759
28	2104	5119	4671
29	2104	2346	2132
30	2104	4530	4116
31	2104	2193	1991
32	2104	5212	4789
33	2104	1961	1788
34	2104	2311	2108
35	2104	2882	2609
36	2104	2030	1816
37	2104	1833	1677
38	2104	4279	3868
39	2104	7323	6669
40	2104	5043	4568
41	2104	7442	6737
42	2104	6657	6067
43	2104	12020	11003
44	2104	31	29
45	2104	4445	4074
46	2104	2724	2489
47	2104	100	91
48	2104	771	715
49	2104	6923	6285
50	2104	2679	2435
51	2104	2358	2157
52	2104	42	32
53	2104	2983	2734
54	2104	2899	2631
55	2104	7492	6864
56	2104	8489	7773
57	2104	5252	4775
58	2104	1039	965
59	2104	149	132
60	2104	233	214
61	2104	1341	1218
62	2104	358	322
63	2104	995	898
64	2104	5923	5407
65	2104	12888	11740
66	2104	14212	12913
67	2104	8709	7924
68	2104	6468	5878
69	2104	15952	14581
70	2104	8746	7943
71	2104	288	266
72	2104	1017	924
73	2104	1572	1437
74	2104	9708	8827
75	2104	1685	1538
76	2104	5823	5308
77	2104	7847	7134
78	2104	7477	6781
79	2104	5411	4932
80	2104	9824	8962
81	2104	8669	7871
82	2104	3906	3619
83	2104	5695	5216
84	2104	2476	2249
85	2104	1241	1135
86	2104	782	708
87	2104	798	731
88	2104	9674	8775
89	2104	12167	11123
90	2104	12747	11665
91	2104	10525	9586
92	2104	7446	6784
93	2104	13718	12593
94	2104	12039	10965
95	2104	12605	11528
96	2104	18683	17078
97	2104	5126	4639
98	2104	2661	2412
99	2104	1042	944
100	2104	391	355
101	2104	2027	1835
102	2104	248	229
103	2104	209	196
104	2104	944	866
105	2104	775	693
106	2104	7690	7047
107	2104	6824	6222
108	2104	5868	5373
109	2104	10	9
110	2104	4864	4444
111	2104	6656	6038
112	2104	9676	8862
113	2104	8223	7492
114	2104	10341	9383
115	2104	276	255
116	2104	1514	1395
117	2104	5830	5331
118	2104	1192	1088
119	2104	3059	2800
120	2104	3769	3385
121	2104	6227	5710
122	2104	2567	2354
123	2104	994	904
124	2104	435	396
125	2104	1230	1108
126	2104	3531	3231
127	2104	26	24
128	2104	3195	2878
129	2104	34	28
130	2104	510	464
131	2104	143	124
132	2104	51	49
133	2104	66	57
134	2104	27	24
0	2105	208112	161378
1	2105	1123	994
2	2105	1056	941
3	2105	654	584
4	2105	1693	1521
5	2105	1109	1004
6	2105	563	512
7	2105	762	684
8	2105	1117	1007
9	2105	2150	1930
10	2105	3794	3443
11	2105	1708	1563
12	2105	2201	1973
13	2105	2405	2181
14	2105	2601	2309
15	2105	883	810
16	2105	3913	3538
17	2105	1482	1346
18	2105	669	609
19	2105	4158	3782
20	2105	4148	3714
21	2105	3131	2832
22	2105	4984	4494
23	2105	5244	4706
24	2105	5789	5194
25	2105	9723	8784
26	2105	6338	5704
27	2105	5189	4712
28	2105	5307	4732
29	2105	2321	2117
30	2105	4561	4092
31	2105	2328	2108
32	2105	5175	4666
33	2105	1973	1771
34	2105	2288	2074
35	2105	3007	2714
36	2105	2067	1875
37	2105	1951	1758
38	2105	4279	3855
39	2105	7229	6544
40	2105	5343	4843
41	2105	7355	6597
42	2105	6637	5964
43	2105	12013	10861
44	2105	47	43
45	2105	4577	4127
46	2105	2534	2265
47	2105	95	81
48	2105	740	666
49	2105	6997	6254
50	2105	2731	2441
51	2105	2399	2153
52	2105	45	39
53	2105	2968	2689
54	2105	2856	2549
55	2105	7442	6718
56	2105	8669	7811
57	2105	5343	4816
58	2105	1032	927
59	2105	117	109
60	2105	190	169
61	2105	1317	1186
62	2105	334	301
63	2105	979	872
64	2105	6091	5452
65	2105	13319	11984
66	2105	14247	12821
67	2105	8901	7988
68	2105	6568	5904
69	2105	15461	13949
70	2105	9105	8188
71	2105	299	266
72	2105	1049	960
73	2105	1619	1473
74	2105	9711	8707
75	2105	1763	1602
76	2105	6121	5524
77	2105	8075	7345
78	2105	7389	6673
79	2105	5482	4920
80	2105	9999	9017
81	2105	8491	7642
82	2105	4064	3647
83	2105	5925	5343
84	2105	2425	2177
85	2105	1192	1092
86	2105	791	706
87	2105	809	737
88	2105	9991	8923
89	2105	12218	11065
90	2105	13251	12010
91	2105	10754	9714
92	2105	7795	7039
93	2105	14221	12915
94	2105	11949	10739
95	2105	13028	11858
96	2105	18888	17078
97	2105	5080	4531
98	2105	2937	2632
99	2105	991	885
100	2105	424	387
101	2105	2116	1905
102	2105	226	195
103	2105	183	159
104	2105	978	879
105	2105	798	719
106	2105	7674	6944
107	2105	6825	6121
108	2105	6074	5464
109	2105	20	17
110	2105	5161	4658
111	2105	6738	6100
112	2105	9864	8864
113	2105	8095	7292
114	2105	10722	9727
115	2105	294	262
116	2105	1439	1298
117	2105	5758	5143
118	2105	1237	1107
119	2105	3018	2714
120	2105	3648	3231
121	2105	6454	5809
122	2105	2571	2314
123	2105	1007	892
124	2105	402	362
125	2105	1243	1122
126	2105	3472	3086
127	2105	15	15
128	2105	3396	3041
129	2105	33	29
130	2105	521	467
131	2105	149	136
132	2105	62	58
133	2105	74	65
134	2105	19	19
0	2106	206016	165577
1	2106	1074	980
2	2106	1023	951
3	2106	684	621
4	2106	1652	1530
5	2106	1078	1010
6	2106	545	505
7	2106	764	700
8	2106	1094	1011
9	2106	2131	1954
10	2106	3685	3417
11	2106	1854	1707
12	2106	2162	1986
13	2106	2380	2209
14	2106	2518	2312
15	2106	858	785
16	2106	3845	3539
17	2106	1549	1437
18	2106	692	636
19	2106	4183	3878
20	2106	4129	3754
21	2106	3041	2799
22	2106	5218	4757
23	2106	5232	4822
24	2106	5694	5246
25	2106	9194	8480
26	2106	6503	6011
27	2106	4991	4643
28	2106	5352	4925
29	2106	2324	2147
30	2106	4696	4276
31	2106	2293	2121
32	2106	5200	4796
33	2106	2083	1913
34	2106	2330	2146
35	2106	2877	2658
36	2106	2074	1890
37	2106	1889	1718
38	2106	4217	3863
39	2106	7330	6794
40	2106	5244	4860
41	2106	7506	6865
42	2106	6605	6066
43	2106	11842	10970
44	2106	35	30
45	2106	4464	4113
46	2106	2715	2488
47	2106	82	73
48	2106	810	751
49	2106	6887	6258
50	2106	2661	2466
51	2106	2386	2175
52	2106	42	36
53	2106	3015	2767
54	2106	2919	2660
55	2106	7457	6865
56	2106	8651	8000
57	2106	5273	4830
58	2106	1012	937
59	2106	147	135
60	2106	221	207
61	2106	1296	1190
62	2106	325	284
63	2106	1028	955
64	2106	5966	5484
65	2106	13270	12193
66	2106	14161	12976
67	2106	8604	7925
68	2106	6410	5862
69	2106	15612	14400
70	2106	8863	8108
71	2106	340	309
72	2106	977	898
73	2106	1597	1484
74	2106	9690	8891
75	2106	1796	1649
76	2106	5803	5317
77	2106	7999	7389
78	2106	7543	6934
79	2106	5327	4916
80	2106	10192	9437
81	2106	8543	7857
82	2106	3881	3588
83	2106	5782	5319
84	2106	2357	2156
85	2106	1216	1111
86	2106	799	732
87	2106	765	714
88	2106	9851	9073
89	2106	12035	11114
90	2106	13341	12351
91	2106	10689	9849
92	2106	7679	7041
93	2106	14098	13037
94	2106	11897	10908
95	2106	12872	11907
96	2106	18435	16974
97	2106	5216	4780
98	2106	2759	2546
99	2106	976	889
100	2106	443	404
101	2106	1975	1837
102	2106	253	226
103	2106	234	203
104	2106	1009	922
105	2106	795	744
106	2106	7700	7066
107	2106	7015	6452
108	2106	6038	5599
109	2106	14	13
110	2106	5106	4709
111	2106	6921	6334
112	2106	9566	8815
113	2106	8016	7412
114	2106	10699	9844
115	2106	287	260
116	2106	1397	1291
117	2106	5843	5373
118	2106	1281	1187
119	2106	3012	2777
120	2106	3758	3444
121	2106	6335	5830
122	2106	2459	2250
123	2106	968	897
124	2106	401	366
125	2106	1190	1079
126	2106	3569	3285
127	2106	14	14
128	2106	3252	2990
129	2106	46	42
130	2106	504	466
131	2106	160	145
132	2106	34	32
133	2106	84	76
134	2106	23	16
0	2107	209474	164836
1	2107	1089	998
2	2107	1025	912
3	2107	638	582
4	2107	1572	1416
5	2107	1135	1013
6	2107	545	488
7	2107	761	696
8	2107	1116	1007
9	2107	2091	1920
10	2107	3649	3324
11	2107	1725	1547
12	2107	2229	2025
13	2107	2280	2098
14	2107	2607	2357
15	2107	874	807
16	2107	3932	3573
17	2107	1514	1363
18	2107	726	641
19	2107	4177	3790
20	2107	4047	3611
21	2107	2911	2634
22	2107	5197	4709
23	2107	5320	4834
24	2107	5684	5157
25	2107	9465	8575
26	2107	6374	5797
27	2107	5118	4657
28	2107	5270	4791
29	2107	2326	2138
30	2107	4641	4178
31	2107	2264	2069
32	2107	5205	4716
33	2107	2001	1818
34	2107	2229	2034
35	2107	2915	2631
36	2107	2131	1925
37	2107	1954	1779
38	2107	4217	3844
39	2107	7046	6420
40	2107	5301	4810
41	2107	7470	6793
42	2107	6674	6070
43	2107	12002	10929
44	2107	36	29
45	2107	4599	4164
46	2107	2602	2378
47	2107	90	78
48	2107	748	681
49	2107	7062	6349
50	2107	2769	2538
51	2107	2489	2246
52	2107	66	56
53	2107	2962	2695
54	2107	3009	2732
55	2107	7675	6970
56	2107	8568	7821
57	2107	5280	4782
58	2107	1068	961
59	2107	159	150
60	2107	237	210
61	2107	1253	1139
62	2107	327	289
63	2107	915	834
64	2107	5972	5409
65	2107	13408	12196
66	2107	14398	13077
67	2107	8750	7920
68	2107	6487	5889
69	2107	16070	14639
70	2107	9246	8382
71	2107	376	339
72	2107	1066	970
73	2107	1546	1387
74	2107	9669	8801
75	2107	1746	1611
76	2107	5868	5321
77	2107	8161	7435
78	2107	7407	6737
79	2107	5444	4944
80	2107	9943	9027
81	2107	8384	7616
82	2107	4010	3662
83	2107	5777	5254
84	2107	2374	2132
85	2107	1238	1115
86	2107	815	731
87	2107	780	708
88	2107	9813	8934
89	2107	12389	11266
90	2107	13210	12081
91	2107	10766	9815
92	2107	7656	6956
93	2107	13850	12675
94	2107	11963	10892
95	2107	12762	11623
96	2107	18631	17084
97	2107	5108	4625
98	2107	2767	2515
99	2107	1008	902
100	2107	421	385
101	2107	2022	1825
102	2107	270	249
103	2107	187	178
104	2107	1020	920
105	2107	782	717
106	2107	7627	6989
107	2107	6834	6237
108	2107	5958	5432
109	2107	23	22
110	2107	4958	4489
111	2107	6928	6275
112	2107	9614	8752
113	2107	8187	7477
114	2107	10289	9360
115	2107	263	237
116	2107	1475	1335
117	2107	5837	5301
118	2107	1245	1138
119	2107	3082	2789
120	2107	3674	3295
121	2107	6446	5882
122	2107	2518	2295
123	2107	1038	941
124	2107	408	372
125	2107	1126	1021
126	2107	3621	3300
127	2107	21	17
128	2107	3271	2955
129	2107	32	27
130	2107	468	420
131	2107	155	134
132	2107	44	40
133	2107	97	79
134	2107	37	34
0	2108	211287	163265
1	2108	1058	954
2	2108	1075	940
3	2108	679	604
4	2108	1616	1460
5	2108	1190	1059
6	2108	583	517
7	2108	746	675
8	2108	1114	1013
9	2108	2109	1889
10	2108	3685	3289
11	2108	1824	1633
12	2108	2128	1911
13	2108	2404	2172
14	2108	2589	2316
15	2108	944	858
16	2108	3948	3550
17	2108	1458	1299
18	2108	728	650
19	2108	4130	3720
20	2108	3970	3511
21	2108	3108	2758
22	2108	5387	4799
23	2108	5304	4769
24	2108	5956	5323
25	2108	9455	8509
26	2108	6532	5873
27	2108	5071	4569
28	2108	5284	4753
29	2108	2348	2123
30	2108	4593	4090
31	2108	2313	2067
32	2108	5420	4850
33	2108	2028	1842
34	2108	2272	2057
35	2108	2948	2652
36	2108	2062	1822
37	2108	1897	1696
38	2108	4237	3801
39	2108	7344	6626
40	2108	5283	4752
41	2108	7605	6759
42	2108	6792	6112
43	2108	12151	10931
44	2108	33	26
45	2108	4374	3924
46	2108	2637	2342
47	2108	76	70
48	2108	789	729
49	2108	7060	6312
50	2108	2673	2391
51	2108	2444	2203
52	2108	49	43
53	2108	2970	2682
54	2108	2977	2662
55	2108	7427	6717
56	2108	8706	7822
57	2108	5352	4809
58	2108	1086	967
59	2108	139	132
60	2108	252	224
61	2108	1364	1229
62	2108	357	311
63	2108	1007	912
64	2108	5893	5307
65	2108	13632	12232
66	2108	14520	13019
67	2108	8828	7884
68	2108	6591	5940
69	2108	16145	14500
70	2108	9146	8228
71	2108	314	282
72	2108	974	882
73	2108	1580	1422
74	2108	9981	8955
75	2108	1738	1550
76	2108	5780	5193
77	2108	8083	7261
78	2108	7556	6725
79	2108	5561	4999
80	2108	10089	9034
81	2108	8745	7810
82	2108	4078	3700
83	2108	6002	5378
84	2108	2468	2192
85	2108	1295	1169
86	2108	794	706
87	2108	814	741
88	2108	9845	8834
89	2108	12386	11194
90	2108	13399	12068
91	2108	10956	9872
92	2108	7640	6896
93	2108	14394	13036
94	2108	12167	10878
95	2108	12971	11711
96	2108	18925	17046
97	2108	5017	4510
98	2108	2822	2516
99	2108	938	852
100	2108	406	358
101	2108	2052	1844
102	2108	214	188
103	2108	220	191
104	2108	1097	989
105	2108	810	731
106	2108	7813	6990
107	2108	7064	6369
108	2108	6081	5515
109	2108	22	19
110	2108	5115	4589
111	2108	7092	6376
112	2108	9911	8851
113	2108	8343	7455
114	2108	10712	9660
115	2108	274	241
116	2108	1494	1353
117	2108	5695	5116
118	2108	1365	1238
119	2108	3162	2845
120	2108	3709	3301
121	2108	6665	5982
122	2108	2562	2295
123	2108	1052	943
124	2108	389	350
125	2108	1263	1138
126	2108	3698	3322
127	2108	21	16
128	2108	3332	2982
129	2108	28	20
130	2108	510	451
131	2108	153	133
132	2108	67	61
133	2108	81	75
134	2108	19	16
0	2109	212212	165373
1	2109	1165	1053
2	2109	997	890
3	2109	666	606
4	2109	1593	1461
5	2109	1151	1051
6	2109	594	550
7	2109	736	673
8	2109	1107	1008
9	2109	2064	1886
10	2109	3677	3360
11	2109	1796	1614
12	2109	2170	1964
13	2109	2560	2324
14	2109	2547	2335
15	2109	837	748
16	2109	3946	3571
17	2109	1485	1330
18	2109	723	658
19	2109	4184	3816
20	2109	4070	3622
21	2109	2957	2678
22	2109	5056	4523
23	2109	5364	4865
24	2109	5907	5302
25	2109	9567	8671
26	2109	6434	5828
27	2109	5156	4684
28	2109	5508	4977
29	2109	2345	2130
30	2109	4774	4362
31	2109	2322	2100
32	2109	5168	4685
33	2109	2044	1843
34	2109	2163	1951
35	2109	2987	2730
36	2109	1930	1736
37	2109	1849	1666
38	2109	4295	3865
39	2109	7311	6636
40	2109	5236	4742
41	2109	7591	6854
42	2109	6875	6200
43	2109	11920	10825
44	2109	28	26
45	2109	4532	4097
46	2109	2834	2536
47	2109	75	67
48	2109	826	746
49	2109	7236	6516
50	2109	2853	2571
51	2109	2388	2157
52	2109	44	39
53	2109	2911	2654
54	2109	2966	2640
55	2109	7749	7051
56	2109	8599	7780
57	2109	5216	4688
58	2109	1065	963
59	2109	171	159
60	2109	246	221
61	2109	1368	1214
62	2109	394	362
63	2109	1019	935
64	2109	6015	5434
65	2109	13517	12266
66	2109	14208	12906
67	2109	8657	7857
68	2109	6483	5892
69	2109	15783	14342
70	2109	8905	8016
71	2109	336	311
72	2109	980	888
73	2109	1567	1435
74	2109	9632	8701
75	2109	1791	1636
76	2109	6046	5484
77	2109	8103	7357
78	2109	7442	6723
79	2109	5228	4729
80	2109	10219	9245
81	2109	8686	7832
82	2109	4041	3648
83	2109	5815	5281
84	2109	2413	2169
85	2109	1269	1139
86	2109	796	718
87	2109	813	743
88	2109	9720	8772
89	2109	12724	11596
90	2109	13338	12148
91	2109	10785	9824
92	2109	7655	6909
93	2109	14297	13006
94	2109	12070	10878
95	2109	12887	11743
96	2109	18829	17079
97	2109	5121	4632
98	2109	2926	2662
99	2109	1042	925
100	2109	369	346
101	2109	1992	1806
102	2109	248	231
103	2109	194	176
104	2109	1018	933
105	2109	772	695
106	2109	7886	7156
107	2109	7110	6438
108	2109	5951	5396
109	2109	10	8
110	2109	5239	4741
111	2109	6993	6326
112	2109	9711	8801
113	2109	8219	7431
114	2109	10451	9427
115	2109	270	240
116	2109	1486	1335
117	2109	5826	5282
118	2109	1291	1178
119	2109	3071	2771
120	2109	3527	3142
121	2109	6209	5615
122	2109	2559	2328
123	2109	1064	959
124	2109	437	400
125	2109	1186	1080
126	2109	3599	3231
127	2109	12	8
128	2109	3162	2812
129	2109	39	34
130	2109	502	449
131	2109	173	158
132	2109	62	56
133	2109	88	81
134	2109	22	17
0	2110	209713	164333
1	2110	1104	985
2	2110	1018	911
3	2110	642	581
4	2110	1653	1495
5	2110	1153	1028
6	2110	579	517
7	2110	759	680
8	2110	1099	972
9	2110	2048	1823
10	2110	3644	3270
11	2110	1761	1572
12	2110	2160	1933
13	2110	2353	2125
14	2110	2544	2273
15	2110	861	775
16	2110	3751	3383
17	2110	1445	1305
18	2110	699	634
19	2110	4152	3734
20	2110	3842	3367
21	2110	2870	2593
22	2110	5174	4649
23	2110	5190	4680
24	2110	5726	5114
25	2110	9263	8335
26	2110	6493	5903
27	2110	4955	4470
28	2110	5259	4735
29	2110	2255	2014
30	2110	4549	4038
31	2110	2413	2160
32	2110	5191	4670
33	2110	2062	1851
34	2110	2212	1988
35	2110	2755	2504
36	2110	2040	1802
37	2110	1859	1680
38	2110	4156	3712
39	2110	7314	6600
40	2110	5214	4685
41	2110	7405	6627
42	2110	6827	6112
43	2110	12009	10744
44	2110	47	38
45	2110	4574	4125
46	2110	2641	2355
47	2110	94	84
48	2110	824	752
49	2110	7013	6247
50	2110	2704	2414
51	2110	2489	2223
52	2110	42	38
53	2110	3011	2708
54	2110	2894	2588
55	2110	7542	6810
56	2110	8617	7738
57	2110	5306	4721
58	2110	1015	920
59	2110	165	143
60	2110	209	180
61	2110	1311	1202
62	2110	375	328
63	2110	1045	937
64	2110	5691	5145
65	2110	13364	11988
66	2110	14090	12697
67	2110	8583	7717
68	2110	6225	5568
69	2110	15881	14283
70	2110	9162	8188
71	2110	323	291
72	2110	1006	905
73	2110	1548	1377
74	2110	9614	8647
75	2110	1722	1553
76	2110	5933	5290
77	2110	8051	7276
78	2110	7487	6757
79	2110	5280	4856
80	2110	9751	8776
81	2110	8434	7529
82	2110	3925	3548
83	2110	5858	5272
84	2110	2329	2049
85	2110	1306	1171
86	2110	842	757
87	2110	779	706
88	2110	9731	8744
89	2110	12446	11210
90	2110	13281	12012
91	2110	10693	9609
92	2110	7506	6788
93	2110	14061	12670
94	2110	11976	10815
95	2110	12673	11472
96	2110	18591	16798
97	2110	5110	4575
98	2110	2774	2473
99	2110	920	802
100	2110	402	353
101	2110	2009	1821
102	2110	201	186
103	2110	192	176
104	2110	987	882
105	2110	807	715
106	2110	7652	6832
107	2110	6897	6166
108	2110	5949	5363
109	2110	13	9
110	2110	5093	4611
111	2110	6740	6064
112	2110	9626	8600
113	2110	8062	7254
114	2110	10485	9478
115	2110	296	266
116	2110	1517	1354
117	2110	5792	5215
118	2110	1178	1035
119	2110	3132	2774
120	2110	3479	3018
121	2110	6309	5670
122	2110	2498	2228
123	2110	1021	906
124	2110	380	341
125	2110	1164	1049
126	2110	3388	3019
127	2110	22	18
128	2110	3075	2719
129	2110	43	36
130	2110	490	437
131	2110	140	121
132	2110	47	42
133	2110	72	62
134	2110	27	24
0	2111	209584	164061
1	2111	1104	989
2	2111	1086	973
3	2111	638	582
4	2111	1750	1550
5	2111	1263	1147
6	2111	504	452
7	2111	758	673
8	2111	1085	976
9	2111	2052	1835
10	2111	3774	3421
11	2111	1718	1540
12	2111	2249	2020
13	2111	2404	2165
14	2111	2537	2311
15	2111	850	772
16	2111	4013	3622
17	2111	1545	1399
18	2111	755	690
19	2111	4059	3658
20	2111	3873	3394
21	2111	2992	2719
22	2111	5070	4531
23	2111	5342	4846
24	2111	5820	5203
25	2111	9429	8549
26	2111	6540	5957
27	2111	5022	4582
28	2111	5468	4899
29	2111	2384	2156
30	2111	4616	4158
31	2111	2311	2102
32	2111	5186	4649
33	2111	2066	1875
34	2111	2285	2072
35	2111	2968	2683
36	2111	2164	1944
37	2111	1816	1644
38	2111	4270	3853
39	2111	7262	6605
40	2111	5237	4730
41	2111	7370	6650
42	2111	6911	6233
43	2111	12092	10928
44	2111	37	33
45	2111	4677	4249
46	2111	2585	2336
47	2111	101	88
48	2111	850	770
49	2111	6888	6203
50	2111	2723	2470
51	2111	2407	2191
52	2111	41	36
53	2111	2964	2659
54	2111	2917	2616
55	2111	7524	6850
56	2111	8801	7990
57	2111	5319	4809
58	2111	1075	981
59	2111	152	136
60	2111	294	271
61	2111	1337	1207
62	2111	363	329
63	2111	995	898
64	2111	5914	5326
65	2111	13122	11813
66	2111	14487	13136
67	2111	8697	7866
68	2111	6373	5749
69	2111	15980	14440
70	2111	9005	8097
71	2111	310	281
72	2111	976	880
73	2111	1575	1420
74	2111	9596	8659
75	2111	1751	1587
76	2111	5858	5285
77	2111	8151	7390
78	2111	7631	6878
79	2111	5283	4792
80	2111	9871	8889
81	2111	8542	7618
82	2111	4102	3685
83	2111	5649	5072
84	2111	2447	2210
85	2111	1287	1170
86	2111	793	713
87	2111	799	725
88	2111	9746	8796
89	2111	12443	11298
90	2111	13079	11917
91	2111	10790	9786
92	2111	7554	6851
93	2111	14615	13255
94	2111	12133	10996
95	2111	12855	11679
96	2111	18638	16874
97	2111	5125	4659
98	2111	2783	2521
99	2111	1074	963
100	2111	419	364
101	2111	2021	1821
102	2111	224	202
103	2111	190	169
104	2111	1019	936
105	2111	816	740
106	2111	7747	7042
107	2111	7072	6389
108	2111	6003	5452
109	2111	11	10
110	2111	4983	4474
111	2111	6995	6307
112	2111	9509	8583
113	2111	8280	7482
114	2111	10677	9650
115	2111	260	233
116	2111	1382	1252
117	2111	5904	5332
118	2111	1258	1116
119	2111	3153	2850
120	2111	3313	2925
121	2111	6262	5688
122	2111	2445	2207
123	2111	1068	953
124	2111	420	367
125	2111	1186	1075
126	2111	3525	3164
127	2111	21	19
128	2111	3158	2867
129	2111	26	18
130	2111	485	440
131	2111	129	119
132	2111	47	42
133	2111	68	59
134	2111	28	25
0	2112	209545	162106
1	2112	1093	960
2	2112	1088	967
3	2112	677	593
4	2112	1703	1524
5	2112	1208	1068
6	2112	572	503
7	2112	772	693
8	2112	1139	1024
9	2112	2167	1937
10	2112	3928	3510
11	2112	1892	1719
12	2112	2169	1942
13	2112	2517	2233
14	2112	2569	2275
15	2112	893	801
16	2112	3885	3483
17	2112	1547	1378
18	2112	739	648
19	2112	4038	3645
20	2112	3692	3175
21	2112	3009	2719
22	2112	5119	4576
23	2112	5540	4974
24	2112	5790	5134
25	2112	9240	8275
26	2112	6538	5866
27	2112	5144	4617
28	2112	5449	4889
29	2112	2409	2185
30	2112	4699	4176
31	2112	2382	2122
32	2112	5258	4681
33	2112	2046	1820
34	2112	2205	1976
35	2112	2908	2610
36	2112	2120	1870
37	2112	1794	1589
38	2112	4126	3703
39	2112	7369	6638
40	2112	5209	4673
41	2112	7479	6656
42	2112	6752	6034
43	2112	12018	10829
44	2112	30	28
45	2112	4644	4136
46	2112	2622	2347
47	2112	98	88
48	2112	794	709
49	2112	7103	6283
50	2112	2658	2394
51	2112	2464	2202
52	2112	39	32
53	2112	2908	2593
54	2112	2918	2631
55	2112	7655	6881
56	2112	8881	7962
57	2112	5340	4793
58	2112	1079	972
59	2112	139	125
60	2112	217	198
61	2112	1262	1126
62	2112	298	270
63	2112	981	877
64	2112	5978	5369
65	2112	13044	11672
66	2112	14305	12857
67	2112	8819	7911
68	2112	6622	5938
69	2112	16095	14451
70	2112	9225	8270
71	2112	319	279
72	2112	968	863
73	2112	1664	1485
74	2112	9737	8666
75	2112	1783	1601
76	2112	6000	5377
77	2112	8112	7306
78	2112	7782	6992
79	2112	5542	4974
80	2112	10197	9097
81	2112	8495	7588
82	2112	3969	3540
83	2112	5936	5317
84	2112	2433	2165
85	2112	1250	1120
86	2112	844	753
87	2112	818	724
88	2112	9679	8625
89	2112	12283	11050
90	2112	13438	12124
91	2112	10658	9556
92	2112	7653	6907
93	2112	14707	13247
94	2112	12266	11054
95	2112	13138	11864
96	2112	18970	17082
97	2112	5049	4479
98	2112	2757	2459
99	2112	1034	921
100	2112	384	324
101	2112	2033	1838
102	2112	228	202
103	2112	210	185
104	2112	962	836
105	2112	741	672
106	2112	7664	6922
107	2112	7104	6368
108	2112	6230	5612
109	2112	10	9
110	2112	5000	4439
111	2112	6864	6131
112	2112	9675	8687
113	2112	8379	7512
114	2112	10244	9095
115	2112	259	241
116	2112	1593	1427
117	2112	5862	5257
118	2112	1235	1115
119	2112	3099	2766
120	2112	3314	2858
121	2112	6400	5726
122	2112	2371	2143
123	2112	1080	978
124	2112	460	395
125	2112	1254	1131
126	2112	3508	3117
127	2112	19	19
128	2112	3169	2816
129	2112	33	29
130	2112	518	466
131	2112	150	131
132	2112	48	43
133	2112	91	82
134	2112	21	16
0	2113	206247	162799
1	2113	1162	1064
2	2113	1088	979
3	2113	693	635
4	2113	1731	1573
5	2113	1279	1163
6	2113	536	490
7	2113	796	729
8	2113	1090	999
9	2113	2163	1985
10	2113	3853	3520
11	2113	1772	1634
12	2113	2202	2015
13	2113	2340	2127
14	2113	2648	2401
15	2113	870	798
16	2113	3999	3670
17	2113	1576	1447
18	2113	674	586
19	2113	4130	3766
20	2113	3572	3101
21	2113	3150	2863
22	2113	5318	4838
23	2113	5436	4974
24	2113	5643	5095
25	2113	9317	8496
26	2113	6570	5949
27	2113	5274	4820
28	2113	5422	4944
29	2113	2445	2220
30	2113	4613	4206
31	2113	2392	2159
32	2113	5158	4719
33	2113	1958	1799
34	2113	2308	2104
35	2113	2868	2596
36	2113	2016	1795
37	2113	1986	1816
38	2113	4238	3843
39	2113	7330	6705
40	2113	5205	4729
41	2113	7497	6846
42	2113	6757	6168
43	2113	12374	11306
44	2113	30	26
45	2113	4719	4277
46	2113	2757	2504
47	2113	85	76
48	2113	791	719
49	2113	6960	6298
50	2113	2788	2502
51	2113	2519	2305
52	2113	48	41
53	2113	3089	2800
54	2113	2917	2635
55	2113	7627	6938
56	2113	8735	7968
57	2113	5327	4823
58	2113	1114	1004
59	2113	160	158
60	2113	253	228
61	2113	1327	1228
62	2113	383	350
63	2113	1085	996
64	2113	6123	5560
65	2113	13615	12395
66	2113	14347	13041
67	2113	9058	8227
68	2113	6461	5872
69	2113	16378	14932
70	2113	9220	8382
71	2113	320	292
72	2113	1061	975
73	2113	1522	1378
74	2113	9825	8911
75	2113	1745	1605
76	2113	5869	5363
77	2113	8266	7543
78	2113	7707	7041
79	2113	5499	5033
80	2113	9875	8960
81	2113	8648	7876
82	2113	4216	3851
83	2113	5856	5326
84	2113	2419	2184
85	2113	1245	1141
86	2113	773	701
87	2113	857	780
88	2113	9855	8942
89	2113	12288	11220
90	2113	13479	12346
91	2113	10677	9725
92	2113	7493	6766
93	2113	14578	13412
94	2113	12380	11299
95	2113	12899	11811
96	2113	18765	17254
97	2113	5036	4585
98	2113	2899	2658
99	2113	957	877
100	2113	420	373
101	2113	2096	1909
102	2113	199	180
103	2113	194	172
104	2113	1008	931
105	2113	753	688
106	2113	8036	7368
107	2113	7070	6443
108	2113	5924	5428
109	2113	25	23
110	2113	5087	4606
111	2113	7053	6413
112	2113	9607	8749
113	2113	8088	7347
114	2113	10261	9288
115	2113	268	254
116	2113	1427	1307
117	2113	5875	5371
118	2113	1300	1190
119	2113	3166	2852
120	2113	3153	2712
121	2113	6595	6013
122	2113	2613	2359
123	2113	1175	1073
124	2113	392	357
125	2113	1231	1112
126	2113	3550	3202
127	2113	24	22
128	2113	3237	2909
129	2113	42	36
130	2113	488	438
131	2113	167	146
132	2113	55	51
133	2113	86	74
134	2113	21	19
0	2114	211577	162718
1	2114	1085	973
2	2114	1080	961
3	2114	678	604
4	2114	1568	1376
5	2114	1093	994
6	2114	580	500
7	2114	726	639
8	2114	1238	1103
9	2114	2097	1866
10	2114	3827	3382
11	2114	1789	1604
12	2114	2185	1933
13	2114	2547	2281
14	2114	2493	2199
15	2114	912	816
16	2114	4130	3675
17	2114	1504	1322
18	2114	711	628
19	2114	4186	3743
20	2114	3360	2788
21	2114	3159	2814
22	2114	5238	4653
23	2114	5552	4946
24	2114	5624	4930
25	2114	9668	8554
26	2114	6497	5762
27	2114	5282	4691
28	2114	5396	4787
29	2114	2426	2175
30	2114	4603	4079
31	2114	2345	2083
32	2114	5255	4661
33	2114	2122	1881
34	2114	2245	1983
35	2114	2912	2610
36	2114	2095	1839
37	2114	1924	1698
38	2114	4282	3781
39	2114	7310	6501
40	2114	5180	4594
41	2114	7361	6530
42	2114	6846	6078
43	2114	12233	10901
44	2114	26	20
45	2114	4667	4159
46	2114	2730	2420
47	2114	131	107
48	2114	787	694
49	2114	7064	6271
50	2114	2775	2444
51	2114	2568	2279
52	2114	38	33
53	2114	2941	2609
54	2114	2959	2653
55	2114	7803	6995
56	2114	8961	7973
57	2114	5305	4716
58	2114	1034	914
59	2114	145	128
60	2114	239	205
61	2114	1304	1159
62	2114	369	322
63	2114	1071	955
64	2114	6126	5474
65	2114	13334	11859
66	2114	14555	12913
67	2114	8748	7734
68	2114	6690	5960
69	2114	16300	14528
70	2114	9207	8167
71	2114	294	259
72	2114	1011	909
73	2114	1560	1376
74	2114	9685	8599
75	2114	1784	1583
76	2114	6133	5454
77	2114	8366	7425
78	2114	7767	6926
79	2114	5599	4979
80	2114	10118	9005
81	2114	8645	7682
82	2114	4175	3706
83	2114	6067	5420
84	2114	2538	2238
85	2114	1332	1186
86	2114	789	712
87	2114	811	732
88	2114	9820	8750
89	2114	12527	11130
90	2114	13679	12188
91	2114	10634	9437
92	2114	7782	6934
93	2114	14684	13135
94	2114	12424	11004
95	2114	12877	11443
96	2114	18926	16838
97	2114	5021	4431
98	2114	2940	2609
99	2114	1037	917
100	2114	423	368
101	2114	2091	1870
102	2114	226	201
103	2114	158	137
104	2114	974	856
105	2114	793	703
106	2114	7873	6940
107	2114	7180	6335
108	2114	6056	5443
109	2114	13	12
110	2114	5031	4465
111	2114	7250	6476
112	2114	9696	8557
113	2114	8426	7484
114	2114	10330	9094
115	2114	294	257
116	2114	1556	1391
117	2114	5716	5065
118	2114	1243	1105
119	2114	3082	2715
120	2114	2966	2432
121	2114	6535	5821
122	2114	2516	2247
123	2114	1117	977
124	2114	384	334
125	2114	1248	1109
126	2114	3638	3214
127	2114	20	18
128	2114	3156	2784
129	2114	41	37
130	2114	474	417
131	2114	174	151
132	2114	53	50
133	2114	98	83
134	2114	23	20
0	2115	212338	165238
1	2115	1149	1014
2	2115	1093	953
3	2115	665	590
4	2115	1662	1488
5	2115	1276	1139
6	2115	591	526
7	2115	780	700
8	2115	1139	1010
9	2115	2139	1903
10	2115	4023	3625
11	2115	1770	1620
12	2115	2206	1984
13	2115	2514	2242
14	2115	2617	2337
15	2115	878	777
16	2115	3932	3554
17	2115	1468	1299
18	2115	758	663
19	2115	4075	3662
20	2115	3062	2503
21	2115	3099	2767
22	2115	5061	4508
23	2115	5448	4865
24	2115	5450	4744
25	2115	9603	8584
26	2115	6465	5741
27	2115	5376	4878
28	2115	5363	4823
29	2115	2484	2254
30	2115	4732	4227
31	2115	2320	2093
32	2115	5369	4828
33	2115	2004	1810
34	2115	2301	2046
35	2115	2995	2704
36	2115	1879	1658
37	2115	1870	1669
38	2115	4301	3839
39	2115	7455	6743
40	2115	5257	4708
41	2115	7644	6854
42	2115	6716	6028
43	2115	12521	11255
44	2115	27	25
45	2115	4725	4245
46	2115	2777	2471
47	2115	111	100
48	2115	751	681
49	2115	6920	6169
50	2115	2713	2408
51	2115	2511	2249
52	2115	39	32
53	2115	3058	2743
54	2115	2909	2609
55	2115	7769	6976
56	2115	8814	7915
57	2115	5489	4908
58	2115	1039	940
59	2115	163	149
60	2115	187	169
61	2115	1318	1174
62	2115	416	380
63	2115	1000	898
64	2115	6328	5719
65	2115	13637	12171
66	2115	14367	12860
67	2115	8681	7729
68	2115	6307	5623
69	2115	16314	14692
70	2115	9045	8103
71	2115	318	290
72	2115	1011	902
73	2115	1628	1472
74	2115	9941	8875
75	2115	1740	1591
76	2115	5911	5281
77	2115	8189	7413
78	2115	7568	6806
79	2115	5427	4885
80	2115	10023	8941
81	2115	8621	7696
82	2115	4137	3708
83	2115	5766	5197
84	2115	2447	2181
85	2115	1296	1168
86	2115	868	781
87	2115	841	753
88	2115	10019	8965
89	2115	12479	11210
90	2115	13393	12055
91	2115	10560	9434
92	2115	7666	6872
93	2115	14908	13485
94	2115	11909	10665
95	2115	13321	11976
96	2115	18618	16740
97	2115	5192	4638
98	2115	2836	2550
99	2115	986	882
100	2115	415	388
101	2115	2049	1839
102	2115	241	213
103	2115	204	176
104	2115	986	866
105	2115	729	655
106	2115	8017	7237
107	2115	7226	6453
108	2115	5965	5355
109	2115	18	17
110	2115	5085	4556
111	2115	7084	6334
112	2115	9501	8496
113	2115	8327	7409
114	2115	10005	8812
115	2115	273	236
116	2115	1496	1335
117	2115	5914	5315
118	2115	1249	1111
119	2115	3043	2682
120	2115	2614	2166
121	2115	6530	5855
122	2115	2542	2248
123	2115	1075	949
124	2115	361	320
125	2115	1193	1071
126	2115	3357	2956
127	2115	17	14
128	2115	3096	2762
129	2115	33	25
130	2115	542	487
131	2115	133	116
132	2115	39	36
133	2115	90	83
134	2115	20	18
0	2116	214224	167787
1	2116	1102	979
2	2116	1070	946
3	2116	681	619
4	2116	1728	1544
5	2116	1187	1086
6	2116	627	557
7	2116	841	763
8	2116	1100	1000
9	2116	2180	1969
10	2116	3963	3612
11	2116	1779	1605
12	2116	2236	1999
13	2116	2561	2318
14	2116	2689	2423
15	2116	927	824
16	2116	4088	3715
17	2116	1447	1316
18	2116	666	574
19	2116	4299	3849
20	2116	2826	2320
21	2116	3220	2906
22	2116	5188	4592
23	2116	5376	4839
24	2116	5211	4609
25	2116	9673	8718
26	2116	6773	6104
27	2116	5290	4795
28	2116	5406	4865
29	2116	2522	2305
30	2116	4650	4198
31	2116	2287	2081
32	2116	5421	4903
33	2116	2142	1938
34	2116	2302	2071
35	2116	2922	2658
36	2116	1910	1645
37	2116	1969	1780
38	2116	4310	3891
39	2116	7516	6803
40	2116	5245	4725
41	2116	7664	6937
42	2116	6912	6228
43	2116	12581	11397
44	2116	26	23
45	2116	4746	4271
46	2116	2782	2484
47	2116	95	90
48	2116	782	694
49	2116	6996	6244
50	2116	2752	2420
51	2116	2599	2343
52	2116	37	31
53	2116	3123	2848
54	2116	3186	2864
55	2116	7887	7108
56	2116	8829	7988
57	2116	5363	4840
58	2116	1050	954
59	2116	199	185
60	2116	225	200
61	2116	1382	1256
62	2116	377	333
63	2116	1078	962
64	2116	6215	5600
65	2116	13439	12084
66	2116	14309	12845
67	2116	8493	7565
68	2116	6484	5831
69	2116	16652	15103
70	2116	9090	8176
71	2116	328	305
72	2116	1078	959
73	2116	1644	1481
74	2116	10102	9131
75	2116	1796	1629
76	2116	5900	5280
77	2116	8392	7655
78	2116	7713	6970
79	2116	5706	5179
80	2116	9926	8985
81	2116	8791	7923
82	2116	4026	3593
83	2116	6051	5501
84	2116	2540	2299
85	2116	1301	1161
86	2116	873	774
87	2116	811	730
88	2116	10193	9197
89	2116	12587	11435
90	2116	13497	12209
91	2116	10913	9774
92	2116	7566	6851
93	2116	14772	13394
94	2116	12600	11334
95	2116	13498	12201
96	2116	19085	17268
97	2116	5101	4568
98	2116	2855	2557
99	2116	1053	939
100	2116	407	365
101	2116	2107	1908
102	2116	190	171
103	2116	216	196
104	2116	927	819
105	2116	734	651
106	2116	7960	7181
107	2116	7203	6519
108	2116	5999	5453
109	2116	18	16
110	2116	4962	4428
111	2116	7000	6340
112	2116	9310	8440
113	2116	8291	7434
114	2116	9872	8686
115	2116	253	225
116	2116	1450	1331
117	2116	5988	5416
118	2116	1334	1176
119	2116	3035	2663
120	2116	2305	1864
121	2116	6524	5888
122	2116	2483	2232
123	2116	1102	1005
124	2116	381	352
125	2116	1191	1083
126	2116	3346	2947
127	2116	19	17
128	2116	3097	2771
129	2116	39	36
130	2116	481	441
131	2116	151	139
132	2116	52	50
133	2116	80	71
134	2116	15	12
0	2117	215468	167248
1	2117	1128	996
2	2117	1115	985
3	2117	650	582
4	2117	1661	1481
5	2117	1236	1114
6	2117	561	494
7	2117	781	706
8	2117	1104	989
9	2117	2061	1831
10	2117	4065	3650
11	2117	1756	1573
12	2117	2221	2007
13	2117	2642	2389
14	2117	2685	2418
15	2117	930	841
16	2117	4141	3752
17	2117	1518	1347
18	2117	692	610
19	2117	4228	3808
20	2117	2579	2080
21	2117	3272	2929
22	2117	5240	4668
23	2117	5700	5095
24	2117	4930	4277
25	2117	9721	8712
26	2117	6724	6017
27	2117	5492	4983
28	2117	5397	4850
29	2117	2571	2316
30	2117	4904	4388
31	2117	2421	2185
32	2117	5427	4879
33	2117	2055	1828
34	2117	2308	2066
35	2117	2835	2550
36	2117	1788	1506
37	2117	1976	1790
38	2117	4351	3877
39	2117	7642	6889
40	2117	5241	4692
41	2117	7790	6962
42	2117	6927	6154
43	2117	12349	11100
44	2117	31	26
45	2117	4798	4337
46	2117	2860	2548
47	2117	93	84
48	2117	802	706
49	2117	7021	6177
50	2117	2654	2346
51	2117	2522	2258
52	2117	35	27
53	2117	3093	2793
54	2117	2867	2571
55	2117	8055	7246
56	2117	8807	7902
57	2117	5619	5045
58	2117	1126	1008
59	2117	164	139
60	2117	202	181
61	2117	1353	1215
62	2117	368	340
63	2117	1091	978
64	2117	6234	5592
65	2117	13709	12252
66	2117	14545	12957
67	2117	8520	7592
68	2117	6519	5786
69	2117	16829	15160
70	2117	9109	8060
71	2117	341	304
72	2117	1079	978
73	2117	1644	1475
74	2117	9862	8775
75	2117	1744	1581
76	2117	5882	5240
77	2117	8503	7674
78	2117	7839	7004
79	2117	5879	5277
80	2117	10107	9009
81	2117	9001	8066
82	2117	3923	3480
83	2117	6106	5455
84	2117	2423	2192
85	2117	1303	1181
86	2117	864	771
87	2117	840	764
88	2117	9975	8960
89	2117	12574	11292
90	2117	13486	12080
91	2117	10837	9637
92	2117	7787	6943
93	2117	15232	13708
94	2117	12523	11239
95	2117	13252	11863
96	2117	18898	16974
97	2117	4975	4401
98	2117	2718	2449
99	2117	1124	990
100	2117	429	391
101	2117	2148	1911
102	2117	214	184
103	2117	194	173
104	2117	884	807
105	2117	709	623
106	2117	7706	6906
107	2117	7295	6554
108	2117	6169	5549
109	2117	20	20
110	2117	4952	4312
111	2117	7014	6281
112	2117	9420	8428
113	2117	8358	7514
114	2117	9577	8244
115	2117	303	267
116	2117	1623	1426
117	2117	6049	5394
118	2117	1269	1108
119	2117	3107	2707
120	2117	2086	1597
121	2117	6648	5978
122	2117	2471	2178
123	2117	1088	975
124	2117	370	325
125	2117	1223	1094
126	2117	3332	2904
127	2117	22	20
128	2117	3156	2778
129	2117	23	19
130	2117	519	474
131	2117	164	148
132	2117	54	44
133	2117	89	83
134	2117	30	24
0	2118	220867	167085
1	2118	1178	1052
2	2118	1033	889
3	2118	680	583
4	2118	1638	1411
5	2118	1265	1130
6	2118	588	500
7	2118	769	651
8	2118	1096	952
9	2118	2203	1935
10	2118	3919	3443
11	2118	1970	1782
12	2118	2180	1929
13	2118	2586	2263
14	2118	2760	2431
15	2118	879	775
16	2118	4040	3559
17	2118	1550	1360
18	2118	621	522
19	2118	4364	3838
20	2118	2280	1702
21	2118	3235	2886
22	2118	5117	4456
23	2118	5438	4707
24	2118	4998	4231
25	2118	9641	8488
26	2118	6555	5741
27	2118	5502	4845
28	2118	5385	4734
29	2118	2551	2289
30	2118	4629	4072
31	2118	2473	2184
32	2118	5295	4672
33	2118	2155	1882
34	2118	2127	1838
35	2118	2963	2603
36	2118	1666	1403
37	2118	1992	1737
38	2118	4267	3729
39	2118	7679	6814
40	2118	5340	4702
41	2118	7825	6880
42	2118	6842	5970
43	2118	12800	11278
44	2118	32	25
45	2118	4883	4338
46	2118	2760	2422
47	2118	104	90
48	2118	781	684
49	2118	6846	5885
50	2118	2707	2317
51	2118	2629	2301
52	2118	53	41
53	2118	3193	2812
54	2118	2956	2608
55	2118	8065	7082
56	2118	8767	7699
57	2118	5638	4942
58	2118	1071	942
59	2118	169	154
60	2118	231	197
61	2118	1412	1254
62	2118	365	320
63	2118	1109	986
64	2118	6163	5433
65	2118	13810	12117
66	2118	14532	12664
67	2118	8721	7584
68	2118	6267	5499
69	2118	17592	15569
70	2118	9222	8064
71	2118	327	296
72	2118	1023	904
73	2118	1623	1427
74	2118	9649	8364
75	2118	1782	1556
76	2118	5634	4906
77	2118	8811	7812
78	2118	7701	6801
79	2118	5801	5141
80	2118	9507	8307
81	2118	8818	7733
82	2118	4282	3709
83	2118	6110	5369
84	2118	2306	2009
85	2118	1320	1166
86	2118	806	698
87	2118	785	691
88	2118	10004	8797
89	2118	12560	11054
90	2118	13448	11769
91	2118	10428	9116
92	2118	7615	6665
93	2118	15339	13660
94	2118	12268	10794
95	2118	13200	11494
96	2118	18783	16527
97	2118	4931	4264
98	2118	2796	2446
99	2118	1010	871
100	2118	354	316
101	2118	2122	1877
102	2118	210	174
103	2118	255	214
104	2118	928	802
105	2118	776	663
106	2118	7738	6727
107	2118	7373	6518
108	2118	6317	5574
109	2118	14	13
110	2118	4896	4237
111	2118	7077	6240
112	2118	9422	8179
113	2118	8273	7225
114	2118	9136	7636
115	2118	280	251
116	2118	1630	1444
117	2118	5927	5249
118	2118	1224	1040
119	2118	2987	2515
120	2118	1950	1424
121	2118	6872	6024
122	2118	2519	2210
123	2118	1147	1011
124	2118	418	354
125	2118	1232	1093
126	2118	3294	2751
127	2118	20	15
128	2118	3093	2709
129	2118	25	22
130	2118	512	448
131	2118	178	165
132	2118	36	34
133	2118	70	62
134	2118	20	11
0	2119	213916	162795
1	2119	1130	970
2	2119	1052	917
3	2119	705	628
4	2119	1716	1510
5	2119	1287	1153
6	2119	650	561
7	2119	778	669
8	2119	1076	926
9	2119	2149	1896
10	2119	3869	3380
11	2119	1863	1679
12	2119	2178	1924
13	2119	2636	2343
14	2119	2747	2447
15	2119	1020	898
16	2119	3935	3481
17	2119	1505	1309
18	2119	663	547
19	2119	4316	3816
20	2119	2013	1467
21	2119	3134	2754
22	2119	5105	4435
23	2119	5604	4934
24	2119	4591	3827
25	2119	10038	8874
26	2119	6715	5873
27	2119	5482	4877
28	2119	5184	4621
29	2119	2484	2209
30	2119	4819	4265
31	2119	2487	2214
32	2119	5260	4664
33	2119	1990	1758
34	2119	2094	1777
35	2119	2967	2659
36	2119	1615	1315
37	2119	1970	1748
38	2119	4332	3805
39	2119	7706	6784
40	2119	5091	4486
41	2119	7885	6914
42	2119	6815	5938
43	2119	12846	11311
44	2119	32	28
45	2119	5013	4474
46	2119	2925	2573
47	2119	123	103
48	2119	706	626
49	2119	6862	5875
50	2119	2621	2216
51	2119	2549	2244
52	2119	50	43
53	2119	3322	2953
54	2119	2946	2571
55	2119	8094	7095
56	2119	8841	7796
57	2119	5591	4918
58	2119	1089	972
59	2119	159	143
60	2119	225	193
61	2119	1427	1287
62	2119	364	313
63	2119	1157	1029
64	2119	6174	5485
65	2119	13883	12247
66	2119	14287	12465
67	2119	8446	7327
68	2119	6463	5686
69	2119	17412	15480
70	2119	9293	8138
71	2119	351	316
72	2119	1005	871
73	2119	1675	1471
74	2119	9464	8154
75	2119	1831	1619
76	2119	5881	5156
77	2119	8759	7794
78	2119	8007	7070
79	2119	5640	4952
80	2119	9712	8473
81	2119	9064	7976
82	2119	4006	3455
83	2119	6223	5468
84	2119	2334	2067
85	2119	1370	1217
86	2119	872	765
87	2119	840	732
88	2119	9552	8424
89	2119	12762	11251
90	2119	13246	11534
91	2119	10439	9079
92	2119	7430	6528
93	2119	15308	13619
94	2119	12528	10984
95	2119	12993	11342
96	2119	18576	16423
97	2119	5040	4340
98	2119	2813	2486
99	2119	1087	979
100	2119	470	412
101	2119	2220	1933
102	2119	186	151
103	2119	183	164
104	2119	1005	881
105	2119	675	578
106	2119	7569	6576
107	2119	7343	6512
108	2119	6226	5512
109	2119	17	13
110	2119	4862	4173
111	2119	7028	6169
112	2119	8975	7849
113	2119	7980	6917
114	2119	9003	7333
115	2119	310	273
116	2119	1601	1388
117	2119	6003	5285
118	2119	1175	1003
119	2119	2887	2440
120	2119	1625	1118
121	2119	6739	5927
122	2119	2385	2088
123	2119	1163	1044
124	2119	378	330
125	2119	1220	1060
126	2119	3267	2700
127	2119	27	23
128	2119	3081	2700
129	2119	32	28
130	2119	526	461
131	2119	152	137
132	2119	45	43
133	2119	83	71
134	2119	36	29
