sample_name,asv,motu,found_taxa,common_name,rank,pa_gcsept,pa_gcoct,pa_quadra1,pa_quadra3,reads_raw_gcsept,reads_raw_gcoct,reads_raw_quadra1,reads_raw_quadra3_rep1,reads_raw_quadra3_rep2,reads_raw_quadra3_NA,reads_raw_quadra3_rep3,found_taxa_motu,common_name_motu,site,location,hakai_project,date,hakai_link_data,year,depth,spatial_rep,geo_location_name,experiment,sample_type,temperature_c_surface,salinity_ppt_surface,p_h_surface,temperature_c_bottom,salinity_ppt_bottom,p_h_bottom,bottom_depth_m,volume_filtered,lab_notes,lat,long,substrate,freshwater_input,beach_length,exposure,macroveg_group,macroveg_community,veg_sub,vegcom_sub,percent_identity,evalue,bitscore,kingdom,phylum,class,order,family,genus,freshwater_only,terrestrial_only,==...,seed_asv,n_in_cluster,species
edna0079,ASV25,motu22,Acartia (Acartiura) longiremis,Calanoid copepod,species,1,1,1,1,24,66,18,NA,72,NA,NA,Acartia (Acartiura) longiremis,Calanoid copepod,2018_triquet_depth,triquet,kelp,2018-07-16,NA,2018,depth,2,edna_triquet_00,depth,biological,13.4,31.1,8.14,NA,NA,NA,5,1000,0,51.80359931,-128.2543249,rock,NA,NA,NA,macroalgae,macrocystis,macroalgae_rock,macrocystis_rock,100,1.96163e-160,313,Metazoa,Arthropoda,Copepoda,Calanoida,Acartiidae,Acartia,0,0,TRUE,ASV25,27,Acartia (Acartiura) longiremis
edna0079,ASV81,motu71,Acartia (Acartiura) longiremis,Calanoid copepod,species,1,1,NA,NA,20,46,NA,NA,NA,NA,NA,Acartia (Acartiura) longiremis,Calanoid copepod,2018_triquet_depth,triquet,kelp,2018-07-16,NA,2018,depth,2,edna_triquet_00,depth,biological,13.4,31.1,8.14,NA,NA,NA,5,1000,0,51.80359931,-128.2543249,rock,NA,NA,NA,macroalgae,macrocystis,macroalgae_rock,macrocystis_rock,100,1.96163e-160,313,Metazoa,Arthropoda,Copepoda,Calanoida,Acartiidae,Acartia,0,0,TRUE,ASV81,23,Acartia (Acartiura) longiremis
edna0079,ASV143,motu128,Centropages abdominalis,Calanoid copepod,species,1,1,NA,NA,5,12,NA,NA,NA,NA,NA,Centropages abdominalis,Calanoid copepod,2018_triquet_depth,triquet,kelp,2018-07-16,NA,2018,depth,2,edna_triquet_00,depth,biological,13.4,31.1,8.14,NA,NA,NA,5,1000,0,51.80359931,-128.2543249,rock,NA,NA,NA,macroalgae,macrocystis,macroalgae_rock,macrocystis_rock,100,1.96163e-160,313,Metazoa,Arthropoda,Copepoda,Calanoida,Centropagidae,Centropages,0,0,TRUE,ASV143,11,Centropages abdominalis
edna0079,ASV258,motu228,Lensia,Siphonophore,genus,1,1,NA,NA,7,18,NA,NA,NA,NA,NA,Lensia,Siphonophore,2018_triquet_depth,triquet,kelp,2018-07-16,NA,2018,depth,2,edna_triquet_00,depth,biological,13.4,31.1,8.14,NA,NA,NA,5,1000,0,51.80359931,-128.2543249,rock,NA,NA,NA,macroalgae,macrocystis,macroalgae_rock,macrocystis_rock,100,0.00408744,30,Metazoa,Cnidaria,Cnidaria,Siphonophorae,Diphyidae,Lensia,0,0,TRUE,ASV258,1,NA
edna0079,ASV131,motu117,Lensia,Siphonophore,genus,1,1,NA,1,11,24,NA,NA,NA,NA,7,Lensia,Siphonophore,2018_triquet_depth,triquet,kelp,2018-07-16,NA,2018,depth,2,edna_triquet_00,depth,biological,13.4,31.1,8.14,NA,NA,NA,5,1000,0,51.80359931,-128.2543249,rock,NA,NA,NA,macroalgae,macrocystis,macroalgae_rock,macrocystis_rock,100,0.00408744,30,Metazoa,Cnidaria,Cnidaria,Siphonophorae,Diphyidae,Lensia,0,0,TRUE,ASV131,2,NA
edna0079,ASV634,motu517,Balanus,Barnacle species,genus,1,NA,NA,1,28,NA,NA,NA,NA,NA,58,Balanus,Barnacle species,2018_triquet_depth,triquet,kelp,2018-07-16,NA,2018,depth,2,edna_triquet_00,depth,biological,13.4,31.1,8.14,NA,NA,NA,5,1000,0,51.80359931,-128.2543249,rock,NA,NA,NA,macroalgae,macrocystis,macroalgae_rock,macrocystis_rock,100,1.4886099999999998e-156,306,Metazoa,Arthropoda,Arthropoda,Balanomorpha,Balanidae,Balanus,0,0,TRUE,ASV587,10,NA
edna0079,ASV716,motu622,Chone magna,Feather duster worm,species,1,1,1,1,18,47,24,48,31,NA,86,Chone magna,Feather duster worm,2018_triquet_depth,triquet,kelp,2018-07-16,NA,2018,depth,2,edna_triquet_00,depth,biological,13.4,31.1,8.14,NA,NA,NA,5,1000,0,51.80359931,-128.2543249,rock,NA,NA,NA,macroalgae,macrocystis,macroalgae_rock,macrocystis_rock,100,1.96163e-160,313,Metazoa,Annelida,Polychaeta,Sabellida,Sabellidae,Chone,0,0,TRUE,ASV716,2,Chone magna
edna0079,ASV1062,motu914,Chone magna,Feather duster worm,species,1,1,NA,NA,16,54,NA,NA,NA,NA,NA,Chone magna,Feather duster worm,2018_triquet_depth,triquet,kelp,2018-07-16,NA,2018,depth,2,edna_triquet_00,depth,biological,13.4,31.1,8.14,NA,NA,NA,5,1000,0,51.80359931,-128.2543249,rock,NA,NA,NA,macroalgae,macrocystis,macroalgae_rock,macrocystis_rock,100,1.96163e-160,313,Metazoa,Annelida,Polychaeta,Sabellida,Sabellidae,Chone,0,0,TRUE,ASV1062,2,Chone magna
edna0079,ASV559,motu492,Eupolymnia heterobranchia,Brown intertidal spaghetti worm,species,1,NA,NA,NA,2,NA,NA,NA,NA,NA,NA,Eupolymnia heterobranchia,Brown intertidal spaghetti worm,2018_triquet_depth,triquet,kelp,2018-07-16,NA,2018,depth,2,edna_triquet_00,depth,biological,13.4,31.1,8.14,NA,NA,NA,5,1000,0,51.80359931,-128.2543249,rock,NA,NA,NA,macroalgae,macrocystis,macroalgae_rock,macrocystis_rock,100,1.4886099999999998e-156,306,Metazoa,Annelida,Polychaeta,Terebellida,Terebellidae,Eupolymnia,0,0,TRUE,ASV559,3,Eupolymnia heterobranchia
edna0079,ASV1187,motu1015,Balanus,Barnacle species,genus,1,1,NA,NA,31,22,NA,NA,NA,NA,NA,Balanus,Barnacle species,2018_triquet_depth,triquet,kelp,2018-07-16,NA,2018,depth,2,edna_triquet_00,depth,biological,13.4,31.1,8.14,NA,NA,NA,5,1000,0,51.80359931,-128.2543249,rock,NA,NA,NA,macroalgae,macrocystis,macroalgae_rock,macrocystis_rock,100,1.4886099999999998e-156,306,Metazoa,Arthropoda,Arthropoda,Balanomorpha,Balanidae,Balanus,0,0,TRUE,ASV1187,5,NA
edna0004,ASV34,motu31,Centropages abdominalis,Calanoid copepod,species,1,1,1,NA,6,8,5,NA,NA,NA,NA,Centropages abdominalis,Calanoid copepod,2018_koeye-estuary_depth,koeye estuary,seagrass,2018-06-19,NA,2018,depth,1,edna_ko_e3_00,depth,biological,15.9,15.84,8.01,NA,NA,NA,2.2,980,0,51.77950168,-127.8716413,sand,NA,NA,NA,seagrass,zostera,seagrass_sand,zostera_sand,100,1.96163e-160,313,Metazoa,Arthropoda,Copepoda,Calanoida,Centropagidae,Centropages,0,0,TRUE,ASV34,19,Centropages abdominalis
edna0004,ASV251,motu105,Mesocentrotus franciscanus,Red sea urchin,species,1,1,1,NA,63,136,53,NA,NA,NA,NA,Mesocentrotus franciscanus,Red sea urchin,2018_koeye-estuary_depth,koeye estuary,seagrass,2018-06-19,NA,2018,depth,1,edna_ko_e3_00,depth,biological,15.9,15.84,8.01,NA,NA,NA,2.2,980,0,51.77950168,-127.8716413,sand,NA,NA,NA,seagrass,zostera,seagrass_sand,zostera_sand,100,7.02982e-160,312,Metazoa,Echinodermata,Echinoidea,Camarodonta,Strongylocentrotidae,Mesocentrotus,0,0,TRUE,ASV118,8,Mesocentrotus franciscanus
edna0004,ASV226,motu199,Mytilus trossulus,Bay mussel,species,1,1,1,NA,60,97,31,NA,NA,NA,NA,Mytilus trossulus,Bay mussel,2018_koeye-estuary_depth,koeye estuary,seagrass,2018-06-19,NA,2018,depth,1,edna_ko_e3_00,depth,biological,15.9,15.84,8.01,NA,NA,NA,2.2,980,0,51.77950168,-127.8716413,sand,NA,NA,NA,seagrass,zostera,seagrass_sand,zostera_sand,100,3.2351099999999996e-158,309,Metazoa,Mollusca,Mollusca,Mytilida,Mytilidae,Mytilus,0,0,TRUE,ASV226,18,Mytilus trossulus
edna0004,ASV242,motu213,Balanus glandula,Acorn barnacle,species,1,1,1,NA,60,86,47,NA,NA,NA,NA,Balanus glandula,Acorn barnacle,2018_koeye-estuary_depth,koeye estuary,seagrass,2018-06-19,NA,2018,depth,1,edna_ko_e3_00,depth,biological,15.9,15.84,8.01,NA,NA,NA,2.2,980,0,51.77950168,-127.8716413,sand,NA,NA,NA,seagrass,zostera,seagrass_sand,zostera_sand,100,3.2351099999999996e-158,309,Metazoa,Arthropoda,Thecostraca,Balanomorpha,Balanidae,Balanus,0,0,TRUE,ASV242,15,Balanus glandula
edna0004,ASV233,motu74,Euchlanidae,Rotifer,family,1,1,NA,NA,29,35,NA,NA,NA,NA,NA,No Results,No Results,2018_koeye-estuary_depth,koeye estuary,seagrass,2018-06-19,NA,2018,depth,1,edna_ko_e3_00,depth,biological,15.9,15.84,8.01,NA,NA,NA,2.2,980,0,51.77950168,-127.8716413,sand,NA,NA,NA,seagrass,zostera,seagrass_sand,zostera_sand,91.35,3.005919999999998e-29,77,Metazoa,Rotifera,Rotifera,Ploima,Euchlanidae,NA,1,NA,TRUE,ASV84,2,NA
edna0004,ASV447,motu394,Balanus glandula,Acorn barnacle,species,1,1,NA,NA,42,83,NA,NA,NA,NA,NA,Balanus glandula,Acorn barnacle,2018_koeye-estuary_depth,koeye estuary,seagrass,2018-06-19,NA,2018,depth,1,edna_ko_e3_00,depth,biological,15.9,15.84,8.01,NA,NA,NA,2.2,980,0,51.77950168,-127.8716413,sand,NA,NA,NA,seagrass,zostera,seagrass_sand,zostera_sand,100,3.2351099999999996e-158,309,Metazoa,Arthropoda,Thecostraca,Balanomorpha,Balanidae,Balanus,0,0,TRUE,ASV447,12,Balanus glandula
edna0004,ASV280,motu190,Mytilus,Mussel species,genus,1,1,1,NA,111,167,103,NA,NA,NA,NA,Mytilus trossulus,Bay mussel,2018_koeye-estuary_depth,koeye estuary,seagrass,2018-06-19,NA,2018,depth,1,edna_ko_e3_00,depth,biological,15.9,15.84,8.01,NA,NA,NA,2.2,980,0,51.77950168,-127.8716413,sand,NA,NA,NA,seagrass,zostera,seagrass_sand,zostera_sand,100,3.2351099999999996e-158,309,Metazoa,Mollusca,Mollusca,Mytilida,Mytilidae,Mytilus,0,0,TRUE,ASV216,23,NA
edna0004,ASV270,motu199,Mytilus,Mussel species,genus,1,1,1,NA,90,204,109,NA,NA,NA,NA,Mytilus trossulus,Bay mussel,2018_koeye-estuary_depth,koeye estuary,seagrass,2018-06-19,NA,2018,depth,1,edna_ko_e3_00,depth,biological,15.9,15.84,8.01,NA,NA,NA,2.2,980,0,51.77950168,-127.8716413,sand,NA,NA,NA,seagrass,zostera,seagrass_sand,zostera_sand,100,3.2351099999999996e-158,309,Metazoa,Mollusca,Mollusca,Mytilida,Mytilidae,Mytilus,0,0,TRUE,ASV226,18,NA
edna0004,ASV132,motu118,Mesocentrotus franciscanus,Red sea urchin,species,1,NA,NA,NA,69,NA,NA,NA,NA,NA,NA,Mesocentrotus franciscanus,Red sea urchin,2018_koeye-estuary_depth,koeye estuary,seagrass,2018-06-19,NA,2018,depth,1,edna_ko_e3_00,depth,biological,15.9,15.84,8.01,NA,NA,NA,2.2,980,0,51.77950168,-127.8716413,sand,NA,NA,NA,seagrass,zostera,seagrass_sand,zostera_sand,100,2.51921e-159,311,Metazoa,Echinodermata,Echinoidea,Camarodonta,Strongylocentrotidae,Mesocentrotus,0,0,TRUE,ASV132,8,Mesocentrotus franciscanus
edna0004,ASV354,motu313,Mitrocoma cellularia,Cross jelly,species,1,1,1,NA,37,47,21,NA,NA,NA,NA,Mitrocoma cellularia,Cross jelly,2018_koeye-estuary_depth,koeye estuary,seagrass,2018-06-19,NA,2018,depth,1,edna_ko_e3_00,depth,biological,15.9,15.84,8.01,NA,NA,NA,2.2,980,0,51.77950168,-127.8716413,sand,NA,NA,NA,seagrass,zostera,seagrass_sand,zostera_sand,100,1.4886099999999998e-156,306,Metazoa,Cnidaria,Hydrozoa,Leptothecata,Mitrocomidae,Mitrocoma,0,0,TRUE,ASV354,2,Mitrocoma cellularia
edna0004,ASV616,motu537,Mitrocoma cellularia,Cross jelly,species,1,1,NA,NA,24,43,NA,NA,NA,NA,NA,Mitrocoma cellularia,Cross jelly,2018_koeye-estuary_depth,koeye estuary,seagrass,2018-06-19,NA,2018,depth,1,edna_ko_e3_00,depth,biological,15.9,15.84,8.01,NA,NA,NA,2.2,980,0,51.77950168,-127.8716413,sand,NA,NA,NA,seagrass,zostera,seagrass_sand,zostera_sand,100,1.4886099999999998e-156,306,Metazoa,Cnidaria,Hydrozoa,Leptothecata,Mitrocomidae,Mitrocoma,0,0,TRUE,ASV616,6,Mitrocoma cellularia
edna0004,ASV536,motu470,Paracalanus parvus parvus,Calanoid copepod,species,1,1,NA,NA,6,11,NA,NA,NA,NA,NA,Paracalanus parvus parvus,Calanoid copepod,2018_koeye-estuary_depth,koeye estuary,seagrass,2018-06-19,NA,2018,depth,1,edna_ko_e3_00,depth,biological,15.9,15.84,8.01,NA,NA,NA,2.2,980,0,51.77950168,-127.8716413,sand,NA,NA,NA,seagrass,zostera,seagrass_sand,zostera_sand,100,1.17454e-132,263,Metazoa,Arthropoda,Copepoda,Calanoida,Paracalanidae,Paracalanus,0,0,TRUE,ASV536,6,Paracalanus parvus parvus
edna0004,ASV623,motu543,Balanus,Barnacle species,genus,1,1,1,NA,12,29,15,NA,NA,NA,NA,Balanus,Barnacle species,2018_koeye-estuary_depth,koeye estuary,seagrass,2018-06-19,NA,2018,depth,1,edna_ko_e3_00,depth,biological,15.9,15.84,8.01,NA,NA,NA,2.2,980,0,51.77950168,-127.8716413,sand,NA,NA,NA,seagrass,zostera,seagrass_sand,zostera_sand,100,1.4886099999999998e-156,306,Metazoa,Arthropoda,Arthropoda,Balanomorpha,Balanidae,Balanus,0,0,TRUE,ASV623,7,NA
edna0004,ASV1095,motu942,Balanus,Barnacle species,genus,1,1,NA,NA,11,39,NA,NA,NA,NA,NA,Balanus,Barnacle species,2018_koeye-estuary_depth,koeye estuary,seagrass,2018-06-19,NA,2018,depth,1,edna_ko_e3_00,depth,biological,15.9,15.84,8.01,NA,NA,NA,2.2,980,0,51.77950168,-127.8716413,sand,NA,NA,NA,seagrass,zostera,seagrass_sand,zostera_sand,100,1.4886099999999998e-156,306,Metazoa,Arthropoda,Arthropoda,Balanomorpha,Balanidae,Balanus,0,0,TRUE,ASV1095,4,NA
edna0004,ASV598,motu524,Strongylocentrotus droebachiensis,Green sea urcin,species,1,1,1,NA,18,44,15,NA,NA,NA,NA,Strongylocentrotus droebachiensis,Green sea urcin,2018_koeye-estuary_depth,koeye estuary,seagrass,2018-06-19,NA,2018,depth,1,edna_ko_e3_00,depth,biological,15.9,15.84,8.01,NA,NA,NA,2.2,980,0,51.77950168,-127.8716413,sand,NA,NA,NA,seagrass,zostera,seagrass_sand,zostera_sand,100,1.96163e-160,313,Metazoa,Echinodermata,Echinoidea,Camarodonta,Strongylocentrotidae,Strongylocentrotus,0,0,TRUE,ASV598,2,Strongylocentrotus droebachiensis
edna0004,ASV733,motu637,Phyllodocida,Polychaete,order,1,1,NA,NA,9,9,NA,NA,NA,NA,NA,Phyllodocida,Polychaete,2018_koeye-estuary_depth,koeye estuary,seagrass,2018-06-19,NA,2018,depth,1,edna_ko_e3_00,depth,biological,15.9,15.84,8.01,NA,NA,NA,2.2,980,0,51.77950168,-127.8716413,sand,NA,NA,NA,seagrass,zostera,seagrass_sand,zostera_sand,100,0.0603188,28,Metazoa,Annelida,Annelida,Phyllodocida,NA,NA,0,0,TRUE,ASV733,1,NA
edna0004,ASV682,motu593,Strongylocentrotus droebachiensis,Green sea urcin,species,1,1,NA,NA,25,46,NA,NA,NA,NA,NA,Strongylocentrotus droebachiensis,Green sea urcin,2018_koeye-estuary_depth,koeye estuary,seagrass,2018-06-19,NA,2018,depth,1,edna_ko_e3_00,depth,biological,15.9,15.84,8.01,NA,NA,NA,2.2,980,0,51.77950168,-127.8716413,sand,NA,NA,NA,seagrass,zostera,seagrass_sand,zostera_sand,100,1.96163e-160,313,Metazoa,Echinodermata,Echinoidea,Camarodonta,Strongylocentrotidae,Strongylocentrotus,0,0,TRUE,ASV682,2,Strongylocentrotus droebachiensis
edna0004,ASV1186,motu1014,Corophiidae,Amphipod,family,1,1,NA,NA,156,259,NA,NA,NA,NA,NA,Corophiidae,Amphipod,2018_koeye-estuary_depth,koeye estuary,seagrass,2018-06-19,NA,2018,depth,1,edna_ko_e3_00,depth,biological,15.9,15.84,8.01,NA,NA,NA,2.2,980,0,51.77950168,-127.8716413,sand,NA,NA,NA,seagrass,zostera,seagrass_sand,zostera_sand,98.72,9.19139e-154,301,Metazoa,Arthropoda,Malacostraca,Amphipoda,Corophiidae,NA,0,0,TRUE,ASV1186,2,NA
edna0004,ASV1289,motu1091,Chthamalus dalli,Little brown barnacle,species,1,1,NA,NA,157,308,NA,NA,NA,NA,NA,Chthamalus dalli,Little brown barnacle,2018_koeye-estuary_depth,koeye estuary,seagrass,2018-06-19,NA,2018,depth,1,edna_ko_e3_00,depth,biological,15.9,15.84,8.01,NA,NA,NA,2.2,980,0,51.77950168,-127.8716413,sand,NA,NA,NA,seagrass,zostera,seagrass_sand,zostera_sand,99.34,5.31212e-151,296,Metazoa,Arthropoda,Thecostraca,Balanomorpha,Chthamalidae,Chthamalus,0,0,TRUE,ASV1289,3,Chthamalus dalli
edna0004,ASV1367,motu1153,Cyanea,Lions mane jellyfish species,genus,1,1,NA,NA,12,28,NA,NA,NA,NA,NA,Cyanea,Lions mane jellyfish species,2018_koeye-estuary_depth,koeye estuary,seagrass,2018-06-19,NA,2018,depth,1,edna_ko_e3_00,depth,biological,15.9,15.84,8.01,NA,NA,NA,2.2,980,0,51.77950168,-127.8716413,sand,NA,NA,NA,seagrass,zostera,seagrass_sand,zostera_sand,100,3.2351099999999996e-158,309,Metazoa,Cnidaria,Scyphozoa,Semaeostomeae,Cyaneidae,Cyanea,0,0,TRUE,ASV1367,2,NA
edna0004,ASV1475,motu1246,Cyanea,Lions mane jellyfish species,genus,1,1,NA,NA,12,20,NA,NA,NA,NA,NA,Cyanea,Lions mane jellyfish species,2018_koeye-estuary_depth,koeye estuary,seagrass,2018-06-19,NA,2018,depth,1,edna_ko_e3_00,depth,biological,15.9,15.84,8.01,NA,NA,NA,2.2,980,0,51.77950168,-127.8716413,sand,NA,NA,NA,seagrass,zostera,seagrass_sand,zostera_sand,100,3.2351099999999996e-158,309,Metazoa,Cnidaria,Scyphozoa,Semaeostomeae,Cyaneidae,Cyanea,0,0,TRUE,ASV1475,2,NA
edna0004,ASV814,motu709,Chthamalus dalli,Little brown barnacle,species,1,1,1,NA,123,295,88,NA,NA,NA,NA,Chthamalus dalli,Little brown barnacle,2018_koeye-estuary_depth,koeye estuary,seagrass,2018-06-19,NA,2018,depth,1,edna_ko_e3_00,depth,biological,15.9,15.84,8.01,NA,NA,NA,2.2,980,0,51.77950168,-127.8716413,sand,NA,NA,NA,seagrass,zostera,seagrass_sand,zostera_sand,99.34,5.31212e-151,296,Metazoa,Arthropoda,Thecostraca,Balanomorpha,Chthamalidae,Chthamalus,0,0,TRUE,ASV814,5,Chthamalus dalli
edna0004,ASV1546,motu1303,Chaetognatha,Arrow worm,phylum,1,NA,NA,NA,12,NA,NA,NA,NA,NA,NA,Chaetognatha,Arrow worm,2018_koeye-estuary_depth,koeye estuary,seagrass,2018-06-19,NA,2018,depth,1,edna_ko_e3_00,depth,biological,15.9,15.84,8.01,NA,NA,NA,2.2,980,0,51.77950168,-127.8716413,sand,NA,NA,NA,seagrass,zostera,seagrass_sand,zostera_sand,95.02,1.63074e-81,171,Metazoa,Chaetognatha,NA,NA,NA,NA,0,0,TRUE,ASV1546,2,NA
edna0004,ASV2301,motu1895,Corophiidae,Amphipod,family,1,NA,NA,NA,90,NA,NA,NA,NA,NA,NA,Corophiidae,Amphipod,2018_koeye-estuary_depth,koeye estuary,seagrass,2018-06-19,NA,2018,depth,1,edna_ko_e3_00,depth,biological,15.9,15.84,8.01,NA,NA,NA,2.2,980,0,51.77950168,-127.8716413,sand,NA,NA,NA,seagrass,zostera,seagrass_sand,zostera_sand,98.72,9.19139e-154,301,Metazoa,Arthropoda,Malacostraca,Amphipoda,Corophiidae,NA,0,0,TRUE,ASV2301,1,NA
edna0004,ASV1293,motu1094,Asteriidae,Sea star,family,1,1,1,NA,14,30,12,NA,NA,NA,NA,Asteriidae,Sea star,2018_koeye-estuary_depth,koeye estuary,seagrass,2018-06-19,NA,2018,depth,1,edna_ko_e3_00,depth,biological,15.9,15.84,8.01,NA,NA,NA,2.2,980,0,51.77950168,-127.8716413,sand,NA,NA,NA,seagrass,zostera,seagrass_sand,zostera_sand,100,1.96163e-160,313,Metazoa,Echinodermata,Echinodermata,Forcipulatida,Asteriidae,NA,0,0,TRUE,ASV1293,1,NA
edna0004,ASV3986,motu3129,Corophiidae,Amphipod,family,1,NA,NA,NA,40,NA,NA,NA,NA,NA,NA,Corophiidae,Amphipod,2018_koeye-estuary_depth,koeye estuary,seagrass,2018-06-19,NA,2018,depth,1,edna_ko_e3_00,depth,biological,15.9,15.84,8.01,NA,NA,NA,2.2,980,0,51.77950168,-127.8716413,sand,NA,NA,NA,seagrass,zostera,seagrass_sand,zostera_sand,99.35,7.002779999999996e-155,303,Metazoa,Arthropoda,Malacostraca,Amphipoda,Corophiidae,NA,0,0,TRUE,ASV3986,1,NA
edna0004,ASV2839,motu2297,Araneae,Spider,class,1,1,NA,NA,6,8,NA,NA,NA,NA,NA,Araneae,Spider,2018_koeye-estuary_depth,koeye estuary,seagrass,2018-06-19,NA,2018,depth,1,edna_ko_e3_00,depth,biological,15.9,15.84,8.01,NA,NA,NA,2.2,980,0,51.77950168,-127.8716413,sand,NA,NA,NA,seagrass,zostera,seagrass_sand,zostera_sand,93.33,8.47668e-20,60,Metazoa,Arthropoda,Arthropoda,NA,NA,NA,NA,NA,TRUE,ASV2839,1,NA
edna0004,ASV3067,motu2468,Halichondria (Halichondria) panicea,Breadcrumb sponge species,species,1,1,NA,NA,10,24,NA,NA,NA,NA,NA,Halichondria (Halichondria) panicea,Breadcrumb sponge species,2018_koeye-estuary_depth,koeye estuary,seagrass,2018-06-19,NA,2018,depth,1,edna_ko_e3_00,depth,biological,15.9,15.84,8.01,NA,NA,NA,2.2,980,0,51.77950168,-127.8716413,sand,NA,NA,NA,seagrass,zostera,seagrass_sand,zostera_sand,99.33,6.819989999999996e-150,294,Metazoa,Porifera,Demospongiae,Suberitida,Halichondriidae,Halichondria,0,0,TRUE,ASV3067,1,Halichondria (Halichondria) panicea
edna0004,ASV1396,motu1178,Evadne nordmanni,Predatory water flea species,species,1,NA,NA,NA,4,NA,NA,NA,NA,NA,NA,Evadne nordmanni,Predatory water flea species,2018_koeye-estuary_depth,koeye estuary,seagrass,2018-06-19,NA,2018,depth,1,edna_ko_e3_00,depth,biological,15.9,15.84,8.01,NA,NA,NA,2.2,980,0,51.77950168,-127.8716413,sand,NA,NA,NA,seagrass,zostera,seagrass_sand,zostera_sand,100,1.96163e-160,313,Metazoa,Arthropoda,Branchiopoda,Onychopoda,Podonidae,Evadne,0,0,TRUE,ASV1396,2,Evadne nordmanni
edna0004,ASV1917,motu1595,Arthropoda,Unknown arthropod,phylum,1,NA,NA,NA,4,NA,NA,NA,NA,NA,NA,Arthropoda,Unknown arthropod,2018_koeye-estuary_depth,koeye estuary,seagrass,2018-06-19,NA,2018,depth,1,edna_ko_e3_00,depth,biological,15.9,15.84,8.01,NA,NA,NA,2.2,980,0,51.77950168,-127.8716413,sand,NA,NA,NA,seagrass,zostera,seagrass_sand,zostera_sand,95,2.34566e-5,34,Metazoa,Arthropoda,NA,NA,NA,NA,NA,NA,TRUE,ASV1917,1,NA
edna0004,ASV3243,motu2593,Halichondria (Halichondria) panicea,Breadcrumb sponge species,species,1,1,NA,NA,14,25,NA,NA,NA,NA,NA,Halichondria (Halichondria) panicea,Breadcrumb sponge species,2018_koeye-estuary_depth,koeye estuary,seagrass,2018-06-19,NA,2018,depth,1,edna_ko_e3_00,depth,biological,15.9,15.84,8.01,NA,NA,NA,2.2,980,0,51.77950168,-127.8716413,sand,NA,NA,NA,seagrass,zostera,seagrass_sand,zostera_sand,99.33,6.819989999999996e-150,294,Metazoa,Porifera,Demospongiae,Suberitida,Halichondriidae,Halichondria,0,0,TRUE,ASV3243,1,Halichondria (Halichondria) panicea
edna0004,ASV3245,motu2595,Corophiidae,Amphipod,family,1,NA,NA,NA,33,NA,NA,NA,NA,NA,NA,Corophiidae,Amphipod,2018_koeye-estuary_depth,koeye estuary,seagrass,2018-06-19,NA,2018,depth,1,edna_ko_e3_00,depth,biological,15.9,15.84,8.01,NA,NA,NA,2.2,980,0,51.77950168,-127.8716413,sand,NA,NA,NA,seagrass,zostera,seagrass_sand,zostera_sand,99.36,4.246189999999999e-157,307,Metazoa,Arthropoda,Malacostraca,Amphipoda,Corophiidae,NA,0,0,TRUE,ASV3245,2,NA
edna0004,ASV4024,motu3156,Clytia,Thecate Hydroid,genus,1,1,NA,NA,8,11,NA,NA,NA,NA,NA,Clytia,Thecate Hydroid,2018_koeye-estuary_depth,koeye estuary,seagrass,2018-06-19,NA,2018,depth,1,edna_ko_e3_00,depth,biological,15.9,15.84,8.01,NA,NA,NA,2.2,980,0,51.77950168,-127.8716413,sand,NA,NA,NA,seagrass,zostera,seagrass_sand,zostera_sand,100,1.4886099999999998e-156,306,Metazoa,Cnidaria,Cnidaria,Leptothecata,Campanulariidae,Clytia,0,0,TRUE,ASV4024,1,NA
edna0004,ASV3450,motu2738,Chironomidae,Hexapod,family,1,1,NA,NA,6,17,NA,NA,NA,NA,NA,Chironomidae,Hexapod,2018_koeye-estuary_depth,koeye estuary,seagrass,2018-06-19,NA,2018,depth,1,edna_ko_e3_00,depth,biological,15.9,15.84,8.01,NA,NA,NA,2.2,980,0,51.77950168,-127.8716413,sand,NA,NA,NA,seagrass,zostera,seagrass_sand,zostera_sand,90.91,1.12845e-8,40,Metazoa,Arthropoda,Arthropoda,Diptera,Chironomidae,NA,NA,NA,TRUE,ASV3450,1,NA
edna0004,ASV2773,motu2242,Diplostomida,Flatworm,order,1,1,1,NA,4,4,3,NA,NA,NA,NA,Diplostomida,Flatworm,2018_koeye-estuary_depth,koeye estuary,seagrass,2018-06-19,NA,2018,depth,1,edna_ko_e3_00,depth,biological,15.9,15.84,8.01,NA,NA,NA,2.2,980,0,51.77950168,-127.8716413,sand,NA,NA,NA,seagrass,zostera,seagrass_sand,zostera_sand,96.88,0.0144888,29,Metazoa,Platyhelminthes,Platyhelminthes,Diplostomida,NA,NA,0,0,TRUE,ASV2773,1,NA
edna0004,ASV5547,motu4259,Hediste limnicola,Ragworm,species,1,NA,NA,NA,13,NA,NA,NA,NA,NA,NA,Hediste limnicola,Ragworm,2018_koeye-estuary_depth,koeye estuary,seagrass,2018-06-19,NA,2018,depth,1,edna_ko_e3_00,depth,biological,15.9,15.84,8.01,NA,NA,NA,2.2,980,0,51.77950168,-127.8716413,sand,NA,NA,NA,seagrass,zostera,seagrass_sand,zostera_sand,98.73,3.4477899999999996e-113,228,Metazoa,Annelida,Annelida,Phyllodocida,Nereididae,Hediste,0,0,TRUE,ASV5547,1,Hediste limnicola
edna0004,ASV2081,motu1721,Clytia,Thecate Hydroid,genus,1,1,NA,NA,9,11,NA,NA,NA,NA,NA,Clytia,Thecate Hydroid,2018_koeye-estuary_depth,koeye estuary,seagrass,2018-06-19,NA,2018,depth,1,edna_ko_e3_00,depth,biological,15.9,15.84,8.01,NA,NA,NA,2.2,980,0,51.77950168,-127.8716413,sand,NA,NA,NA,seagrass,zostera,seagrass_sand,zostera_sand,100,1.4886099999999998e-156,306,Metazoa,Cnidaria,Cnidaria,Leptothecata,Campanulariidae,Clytia,0,0,TRUE,ASV2081,1,NA
edna0004,ASV3846,motu3023,Spongilla lacustris,Freshwater sponge,species,1,1,NA,NA,6,22,NA,NA,NA,NA,NA,Spongilla lacustris,Freshwater sponge,2018_koeye-estuary_depth,koeye estuary,seagrass,2018-06-19,NA,2018,depth,1,edna_ko_e3_00,depth,biological,15.9,15.84,8.01,NA,NA,NA,2.2,980,0,51.77950168,-127.8716413,sand,NA,NA,NA,seagrass,zostera,seagrass_sand,zostera_sand,100,3.2351099999999996e-158,309,Metazoa,Porifera,Porifera,Spongillida,Spongillidae,Spongilla,1,0,TRUE,ASV3846,1,Spongilla lacustris
edna0004,ASV4130,motu3238,Spongilla lacustris,Freshwater sponge,species,1,1,NA,NA,8,22,NA,NA,NA,NA,NA,Spongilla lacustris,Freshwater sponge,2018_koeye-estuary_depth,koeye estuary,seagrass,2018-06-19,NA,2018,depth,1,edna_ko_e3_00,depth,biological,15.9,15.84,8.01,NA,NA,NA,2.2,980,0,51.77950168,-127.8716413,sand,NA,NA,NA,seagrass,zostera,seagrass_sand,zostera_sand,100,3.2351099999999996e-158,309,Metazoa,Porifera,Porifera,Spongillida,Spongillidae,Spongilla,1,0,TRUE,ASV4130,1,Spongilla lacustris
edna0004,ASV4985,motu3851,Chironomidae,Hexapod,family,1,1,NA,NA,5,12,NA,NA,NA,NA,NA,Chironomidae,Hexapod,2018_koeye-estuary_depth,koeye estuary,seagrass,2018-06-19,NA,2018,depth,1,edna_ko_e3_00,depth,biological,15.9,15.84,8.01,NA,NA,NA,2.2,980,0,51.77950168,-127.8716413,sand,NA,NA,NA,seagrass,zostera,seagrass_sand,zostera_sand,99.57,9.72659e-114,229,Metazoa,Arthropoda,Arthropoda,Diptera,Chironomidae,NA,NA,NA,TRUE,ASV4985,1,NA
edna0004,ASV5491,motu4210,Chrysomeloidea,Hexapod,family,1,1,NA,NA,7,14,NA,NA,NA,NA,NA,Chrysomeloidea,Hexapod,2018_koeye-estuary_depth,koeye estuary,seagrass,2018-06-19,NA,2018,depth,1,edna_ko_e3_00,depth,biological,15.9,15.84,8.01,NA,NA,NA,2.2,980,0,51.77950168,-127.8716413,sand,NA,NA,NA,seagrass,zostera,seagrass_sand,zostera_sand,91.38,2.42544e-10,43,Metazoa,Arthropoda,Arthropoda,Coleoptera,Chrysomeloidea,NA,NA,NA,TRUE,ASV5491,1,NA
edna0003,ASV25,motu22,Acartia (Acartiura) longiremis,Calanoid copepod,species,1,1,1,NA,37,57,30,NA,NA,NA,NA,Acartia (Acartiura) longiremis,Calanoid copepod,2018_koeye-estuary_surface,koeye estuary,seagrass,2018-06-19,NA,2018,surface,3,edna_ko_e3_30,surface,biological,16.1,14.72,8.11,NA,NA,NA,2.5,1000,0,51.77929649,-127.871914,sand,NA,NA,NA,seagrass,zostera,seagrass_sand,zostera_sand,100,1.96163e-160,313,Metazoa,Arthropoda,Copepoda,Calanoida,Acartiidae,Acartia,0,0,TRUE,ASV25,27,Acartia (Acartiura) longiremis
edna0003,ASV81,motu71,Acartia (Acartiura) longiremis,Calanoid copepod,species,1,1,NA,NA,26,54,NA,NA,NA,NA,NA,Acartia (Acartiura) longiremis,Calanoid copepod,2018_koeye-estuary_surface,koeye estuary,seagrass,2018-06-19,NA,2018,surface,3,edna_ko_e3_30,surface,biological,16.1,14.72,8.11,NA,NA,NA,2.5,1000,0,51.77929649,-127.871914,sand,NA,NA,NA,seagrass,zostera,seagrass_sand,zostera_sand,100,1.96163e-160,313,Metazoa,Arthropoda,Copepoda,Calanoida,Acartiidae,Acartia,0,0,TRUE,ASV81,23,Acartia (Acartiura) longiremis
edna0003,ASV143,motu128,Centropages abdominalis,Calanoid copepod,species,1,1,NA,NA,44,49,NA,NA,NA,NA,NA,Centropages abdominalis,Calanoid copepod,2018_koeye-estuary_surface,koeye estuary,seagrass,2018-06-19,NA,2018,surface,3,edna_ko_e3_30,surface,biological,16.1,14.72,8.11,NA,NA,NA,2.5,1000,0,51.77929649,-127.871914,sand,NA,NA,NA,seagrass,zostera,seagrass_sand,zostera_sand,100,1.96163e-160,313,Metazoa,Arthropoda,Copepoda,Calanoida,Centropagidae,Centropages,0,0,TRUE,ASV143,11,Centropages abdominalis
edna0003,ASV226,motu199,Mytilus trossulus,Bay mussel,species,1,NA,NA,NA,34,NA,NA,NA,NA,NA,NA,Mytilus trossulus,Bay mussel,2018_koeye-estuary_surface,koeye estuary,seagrass,2018-06-19,NA,2018,surface,3,edna_ko_e3_30,surface,biological,16.1,14.72,8.11,NA,NA,NA,2.5,1000,0,51.77929649,-127.871914,sand,NA,NA,NA,seagrass,zostera,seagrass_sand,zostera_sand,100,3.2351099999999996e-158,309,Metazoa,Mollusca,Mollusca,Mytilida,Mytilidae,Mytilus,0,0,TRUE,ASV226,18,Mytilus trossulus
edna0003,ASV242,motu213,Balanus glandula,Acorn barnacle,species,1,1,1,NA,108,204,95,NA,NA,NA,NA,Balanus glandula,Acorn barnacle,2018_koeye-estuary_surface,koeye estuary,seagrass,2018-06-19,NA,2018,surface,3,edna_ko_e3_30,surface,biological,16.1,14.72,8.11,NA,NA,NA,2.5,1000,0,51.77929649,-127.871914,sand,NA,NA,NA,seagrass,zostera,seagrass_sand,zostera_sand,100,3.2351099999999996e-158,309,Metazoa,Arthropoda,Thecostraca,Balanomorpha,Balanidae,Balanus,0,0,TRUE,ASV242,15,Balanus glandula
edna0003,ASV447,motu394,Balanus glandula,Acorn barnacle,species,1,1,NA,NA,107,212,NA,NA,NA,NA,NA,Balanus glandula,Acorn barnacle,2018_koeye-estuary_surface,koeye estuary,seagrass,2018-06-19,NA,2018,surface,3,edna_ko_e3_30,surface,biological,16.1,14.72,8.11,NA,NA,NA,2.5,1000,0,51.77929649,-127.871914,sand,NA,NA,NA,seagrass,zostera,seagrass_sand,zostera_sand,100,3.2351099999999996e-158,309,Metazoa,Arthropoda,Thecostraca,Balanomorpha,Balanidae,Balanus,0,0,TRUE,ASV447,12,Balanus glandula
edna0003,ASV280,motu190,Mytilus,Mussel species,genus,1,1,NA,NA,45,52,NA,NA,NA,NA,NA,Mytilus trossulus,Bay mussel,2018_koeye-estuary_surface,koeye estuary,seagrass,2018-06-19,NA,2018,surface,3,edna_ko_e3_30,surface,biological,16.1,14.72,8.11,NA,NA,NA,2.5,1000,0,51.77929649,-127.871914,sand,NA,NA,NA,seagrass,zostera,seagrass_sand,zostera_sand,100,3.2351099999999996e-158,309,Metazoa,Mollusca,Mollusca,Mytilida,Mytilidae,Mytilus,0,0,TRUE,ASV216,23,NA
edna0003,ASV132,motu118,Mesocentrotus franciscanus,Red sea urchin,species,1,NA,1,NA,8,NA,8,NA,NA,NA,NA,Mesocentrotus franciscanus,Red sea urchin,2018_koeye-estuary_surface,koeye estuary,seagrass,2018-06-19,NA,2018,surface,3,edna_ko_e3_30,surface,biological,16.1,14.72,8.11,NA,NA,NA,2.5,1000,0,51.77929649,-127.871914,sand,NA,NA,NA,seagrass,zostera,seagrass_sand,zostera_sand,100,2.51921e-159,311,Metazoa,Echinodermata,Echinoidea,Camarodonta,Strongylocentrotidae,Mesocentrotus,0,0,TRUE,ASV132,8,Mesocentrotus franciscanus
edna0003,ASV354,motu313,Mitrocoma cellularia,Cross jelly,species,1,NA,1,NA,16,NA,8,NA,NA,NA,NA,Mitrocoma cellularia,Cross jelly,2018_koeye-estuary_surface,koeye estuary,seagrass,2018-06-19,NA,2018,surface,3,edna_ko_e3_30,surface,biological,16.1,14.72,8.11,NA,NA,NA,2.5,1000,0,51.77929649,-127.871914,sand,NA,NA,NA,seagrass,zostera,seagrass_sand,zostera_sand,100,1.4886099999999998e-156,306,Metazoa,Cnidaria,Hydrozoa,Leptothecata,Mitrocomidae,Mitrocoma,0,0,TRUE,ASV354,2,Mitrocoma cellularia
edna0003,ASV275,motu244,Ophiopholis kennerlyi,Daisy brittle star,species,1,1,NA,NA,3,9,NA,NA,NA,NA,NA,Ophiopholis kennerlyi,Daisy brittle star,2018_koeye-estuary_surface,koeye estuary,seagrass,2018-06-19,NA,2018,surface,3,edna_ko_e3_30,surface,biological,16.1,14.72,8.11,NA,NA,NA,2.5,1000,0,51.77929649,-127.871914,sand,NA,NA,NA,seagrass,zostera,seagrass_sand,zostera_sand,100,1.96163e-160,313,Metazoa,Echinodermata,Echinodermata,Amphilepidida,Ophiopholidae,Ophiopholis,0,0,TRUE,ASV275,7,Ophiopholis kennerlyi
edna0003,ASV2147,motu1769,Asteriidae,Sea star,family,1,1,NA,NA,12,23,NA,NA,NA,NA,NA,Asteriidae,Sea star,2018_koeye-estuary_surface,koeye estuary,seagrass,2018-06-19,NA,2018,surface,3,edna_ko_e3_30,surface,biological,16.1,14.72,8.11,NA,NA,NA,2.5,1000,0,51.77929649,-127.871914,sand,NA,NA,NA,seagrass,zostera,seagrass_sand,zostera_sand,100,1.96163e-160,313,Metazoa,Echinodermata,Echinodermata,Forcipulatida,Asteriidae,NA,0,0,TRUE,ASV2147,1,NA
edna0003,ASV1293,motu1094,Asteriidae,Sea star,family,1,1,1,NA,13,32,7,NA,NA,NA,NA,Asteriidae,Sea star,2018_koeye-estuary_surface,koeye estuary,seagrass,2018-06-19,NA,2018,surface,3,edna_ko_e3_30,surface,biological,16.1,14.72,8.11,NA,NA,NA,2.5,1000,0,51.77929649,-127.871914,sand,NA,NA,NA,seagrass,zostera,seagrass_sand,zostera_sand,100,1.96163e-160,313,Metazoa,Echinodermata,Echinodermata,Forcipulatida,Asteriidae,NA,0,0,TRUE,ASV1293,1,NA
edna0003,ASV3893,motu3058,Corophiidae,Amphipod,family,1,NA,NA,NA,14,NA,NA,NA,NA,NA,NA,Corophiidae,Amphipod,2018_koeye-estuary_surface,koeye estuary,seagrass,2018-06-19,NA,2018,surface,3,edna_ko_e3_30,surface,biological,16.1,14.72,8.11,NA,NA,NA,2.5,1000,0,51.77929649,-127.871914,sand,NA,NA,NA,seagrass,zostera,seagrass_sand,zostera_sand,98.71,1.51583e-151,297,Metazoa,Arthropoda,Malacostraca,Amphipoda,Corophiidae,NA,0,0,TRUE,ASV3893,1,NA
edna0003,ASV5486,motu31,Centropages abdominalis,Calanoid copepod,species,1,NA,NA,NA,27,NA,NA,NA,NA,NA,NA,Centropages abdominalis,Calanoid copepod,2018_koeye-estuary_surface,koeye estuary,seagrass,2018-06-19,NA,2018,surface,3,edna_ko_e3_30,surface,biological,16.1,14.72,8.11,NA,NA,NA,2.5,1000,0,51.77929649,-127.871914,sand,NA,NA,NA,seagrass,zostera,seagrass_sand,zostera_sand,99.68,9.126599999999999e-159,310,Metazoa,Arthropoda,Copepoda,Calanoida,Centropagidae,Centropages,0,0,TRUE,ASV34,19,Centropages abdominalis
edna0003,ASV7235,motu5647,Camaenidae,Terrestrial snail,family,1,NA,NA,NA,8,NA,NA,NA,NA,NA,NA,Camaenidae,Terrestrial snail,2018_koeye-estuary_surface,koeye estuary,seagrass,2018-06-19,NA,2018,surface,3,edna_ko_e3_30,surface,biological,16.1,14.72,8.11,NA,NA,NA,2.5,1000,0,51.77929649,-127.871914,sand,NA,NA,NA,seagrass,zostera,seagrass_sand,zostera_sand,94.74,3.1885e-4,32,Metazoa,Mollusca,Mollusca,Stylommatophora,Camaenidae,NA,0,1,TRUE,ASV7235,1,NA
edna0003,ASV7236,motu537,Mitrocoma cellularia,Cross jelly,species,1,NA,NA,NA,8,NA,NA,NA,NA,NA,NA,Mitrocoma cellularia,Cross jelly,2018_koeye-estuary_surface,koeye estuary,seagrass,2018-06-19,NA,2018,surface,3,edna_ko_e3_30,surface,biological,16.1,14.72,8.11,NA,NA,NA,2.5,1000,0,51.77929649,-127.871914,sand,NA,NA,NA,seagrass,zostera,seagrass_sand,zostera_sand,99.35,3.287149999999998e-153,300,Metazoa,Cnidaria,Hydrozoa,Leptothecata,Mitrocomidae,Mitrocoma,0,0,TRUE,ASV616,6,Mitrocoma cellularia
edna0003,ASV7238,motu5649,Hydra,Athecate hydroid,genus,1,NA,NA,NA,5,NA,NA,NA,NA,NA,NA,Hydra,Athecate hydroid,2018_koeye-estuary_surface,koeye estuary,seagrass,2018-06-19,NA,2018,surface,3,edna_ko_e3_30,surface,biological,16.1,14.72,8.11,NA,NA,NA,2.5,1000,0,51.77929649,-127.871914,sand,NA,NA,NA,seagrass,zostera,seagrass_sand,zostera_sand,97.73,1.55734e-146,288,Metazoa,Cnidaria,Cnidaria,Anthoathecata,Hydridae,Hydra,1,0,TRUE,ASV7238,1,NA
edna0003,ASV4945,motu3827,Monopylephorus rubroniveus,Freshwater oligochaete,species,1,1,NA,NA,2,10,NA,NA,NA,NA,NA,Monopylephorus rubroniveus,Freshwater oligochaete,2018_koeye-estuary_surface,koeye estuary,seagrass,2018-06-19,NA,2018,surface,3,edna_ko_e3_30,surface,biological,16.1,14.72,8.11,NA,NA,NA,2.5,1000,0,51.77929649,-127.871914,sand,NA,NA,NA,seagrass,zostera,seagrass_sand,zostera_sand,94.57,4.39908e-132,262,Metazoa,Annelida,Clitellata,Tubificida,Naididae,Monopylephorus,0,0,TRUE,ASV4945,1,Monopylephorus rubroniveus
edna0003,ASV7539,motu5908,Brachionidae,Rotifer,family,1,NA,NA,NA,6,NA,NA,NA,NA,NA,NA,Brachionidae,Rotifer,2018_koeye-estuary_surface,koeye estuary,seagrass,2018-06-19,NA,2018,surface,3,edna_ko_e3_30,surface,biological,16.1,14.72,8.11,NA,NA,NA,2.5,1000,0,51.77929649,-127.871914,sand,NA,NA,NA,seagrass,zostera,seagrass_sand,zostera_sand,91.49,6.92826e-6,35,Metazoa,Rotifera,Rotifera,Ploima,Brachionidae,NA,0,0,TRUE,ASV7539,1,NA
edna0002,ASV25,motu22,Acartia (Acartiura) longiremis,Calanoid copepod,species,1,1,1,1,176,377,88,NA,209,NA,NA,Acartia (Acartiura) longiremis,Calanoid copepod,2018_koeye-estuary_surface,koeye estuary,seagrass,2018-06-19,NA,2018,surface,2,edna_ko_e3_15,surface,biological,16,15.09,8.07,NA,NA,NA,2.2,1000,0,51.77943387,-127.8717879,sand,NA,NA,NA,seagrass,zostera,seagrass_sand,zostera_sand,100,1.96163e-160,313,Metazoa,Arthropoda,Copepoda,Calanoida,Acartiidae,Acartia,0,0,TRUE,ASV25,27,Acartia (Acartiura) longiremis
edna0002,ASV81,motu71,Acartia (Acartiura) longiremis,Calanoid copepod,species,1,1,NA,NA,200,375,NA,NA,NA,NA,NA,Acartia (Acartiura) longiremis,Calanoid copepod,2018_koeye-estuary_surface,koeye estuary,seagrass,2018-06-19,NA,2018,surface,2,edna_ko_e3_15,surface,biological,16,15.09,8.07,NA,NA,NA,2.2,1000,0,51.77943387,-127.8717879,sand,NA,NA,NA,seagrass,zostera,seagrass_sand,zostera_sand,100,1.96163e-160,313,Metazoa,Arthropoda,Copepoda,Calanoida,Acartiidae,Acartia,0,0,TRUE,ASV81,23,Acartia (Acartiura) longiremis
edna0002,ASV34,motu31,Centropages abdominalis,Calanoid copepod,species,1,1,1,1,211,386,182,NA,602,NA,NA,Centropages abdominalis,Calanoid copepod,2018_koeye-estuary_surface,koeye estuary,seagrass,2018-06-19,NA,2018,surface,2,edna_ko_e3_15,surface,biological,16,15.09,8.07,NA,NA,NA,2.2,1000,0,51.77943387,-127.8717879,sand,NA,NA,NA,seagrass,zostera,seagrass_sand,zostera_sand,100,1.96163e-160,313,Metazoa,Arthropoda,Copepoda,Calanoida,Centropagidae,Centropages,0,0,TRUE,ASV34,19,Centropages abdominalis
edna0002,ASV143,motu128,Centropages abdominalis,Calanoid copepod,species,1,1,NA,NA,214,414,NA,NA,NA,NA,NA,Centropages abdominalis,Calanoid copepod,2018_koeye-estuary_surface,koeye estuary,seagrass,2018-06-19,NA,2018,surface,2,edna_ko_e3_15,surface,biological,16,15.09,8.07,NA,NA,NA,2.2,1000,0,51.77943387,-127.8717879,sand,NA,NA,NA,seagrass,zostera,seagrass_sand,zostera_sand,100,1.96163e-160,313,Metazoa,Arthropoda,Copepoda,Calanoida,Centropagidae,Centropages,0,0,TRUE,ASV143,11,Centropages abdominalis
edna0002,ASV226,motu199,Mytilus trossulus,Bay mussel,species,1,1,1,1,149,255,94,NA,190,NA,NA,Mytilus trossulus,Bay mussel,2018_koeye-estuary_surface,koeye estuary,seagrass,2018-06-19,NA,2018,surface,2,edna_ko_e3_15,surface,biological,16,15.09,8.07,NA,NA,NA,2.2,1000,0,51.77943387,-127.8717879,sand,NA,NA,NA,seagrass,zostera,seagrass_sand,zostera_sand,100,3.2351099999999996e-158,309,Metazoa,Mollusca,Mollusca,Mytilida,Mytilidae,Mytilus,0,0,TRUE,ASV226,18,Mytilus trossulus
edna0002,ASV216,motu190,Mytilus trossulus,Bay mussel,species,1,1,1,1,127,252,75,NA,227,NA,NA,Mytilus trossulus,Bay mussel,2018_koeye-estuary_surface,koeye estuary,seagrass,2018-06-19,NA,2018,surface,2,edna_ko_e3_15,surface,biological,16,15.09,8.07,NA,NA,NA,2.2,1000,0,51.77943387,-127.8717879,sand,NA,NA,NA,seagrass,zostera,seagrass_sand,zostera_sand,100,3.2351099999999996e-158,309,Metazoa,Mollusca,Mollusca,Mytilida,Mytilidae,Mytilus,0,0,TRUE,ASV216,23,Mytilus trossulus
edna0002,ASV280,motu190,Mytilus,Mussel species,genus,1,1,1,1,226,328,108,NA,239,NA,NA,Mytilus trossulus,Bay mussel,2018_koeye-estuary_surface,koeye estuary,seagrass,2018-06-19,NA,2018,surface,2,edna_ko_e3_15,surface,biological,16,15.09,8.07,NA,NA,NA,2.2,1000,0,51.77943387,-127.8717879,sand,NA,NA,NA,seagrass,zostera,seagrass_sand,zostera_sand,100,3.2351099999999996e-158,309,Metazoa,Mollusca,Mollusca,Mytilida,Mytilidae,Mytilus,0,0,TRUE,ASV216,23,NA
edna0002,ASV270,motu199,Mytilus,Mussel species,genus,1,1,1,1,235,388,135,NA,245,NA,NA,Mytilus trossulus,Bay mussel,2018_koeye-estuary_surface,koeye estuary,seagrass,2018-06-19,NA,2018,surface,2,edna_ko_e3_15,surface,biological,16,15.09,8.07,NA,NA,NA,2.2,1000,0,51.77943387,-127.8717879,sand,NA,NA,NA,seagrass,zostera,seagrass_sand,zostera_sand,100,3.2351099999999996e-158,309,Metazoa,Mollusca,Mollusca,Mytilida,Mytilidae,Mytilus,0,0,TRUE,ASV226,18,NA
edna0002,ASV354,motu313,Mitrocoma cellularia,Cross jelly,species,1,1,1,1,9,27,10,NA,23,NA,NA,Mitrocoma cellularia,Cross jelly,2018_koeye-estuary_surface,koeye estuary,seagrass,2018-06-19,NA,2018,surface,2,edna_ko_e3_15,surface,biological,16,15.09,8.07,NA,NA,NA,2.2,1000,0,51.77943387,-127.8717879,sand,NA,NA,NA,seagrass,zostera,seagrass_sand,zostera_sand,100,1.4886099999999998e-156,306,Metazoa,Cnidaria,Hydrozoa,Leptothecata,Mitrocomidae,Mitrocoma,0,0,TRUE,ASV354,2,Mitrocoma cellularia
edna0002,ASV616,motu537,Mitrocoma cellularia,Cross jelly,species,1,1,NA,NA,15,21,NA,NA,NA,NA,NA,Mitrocoma cellularia,Cross jelly,2018_koeye-estuary_surface,koeye estuary,seagrass,2018-06-19,NA,2018,surface,2,edna_ko_e3_15,surface,biological,16,15.09,8.07,NA,NA,NA,2.2,1000,0,51.77943387,-127.8717879,sand,NA,NA,NA,seagrass,zostera,seagrass_sand,zostera_sand,100,1.4886099999999998e-156,306,Metazoa,Cnidaria,Hydrozoa,Leptothecata,Mitrocomidae,Mitrocoma,0,0,TRUE,ASV616,6,Mitrocoma cellularia
edna0002,ASV603,motu529,Ophiopholis kennerlyi,Daisy brittle star,species,1,1,NA,NA,4,10,NA,NA,NA,NA,NA,Ophiopholis kennerlyi,Daisy brittle star,2018_koeye-estuary_surface,koeye estuary,seagrass,2018-06-19,NA,2018,surface,2,edna_ko_e3_15,surface,biological,16,15.09,8.07,NA,NA,NA,2.2,1000,0,51.77943387,-127.8717879,sand,NA,NA,NA,seagrass,zostera,seagrass_sand,zostera_sand,100,1.96163e-160,313,Metazoa,Echinodermata,Echinodermata,Amphilepidida,Ophiopholidae,Ophiopholis,0,0,TRUE,ASV603,6,Ophiopholis kennerlyi
edna0002,ASV1055,motu908,Balanus glandula,Acorn barnacle,species,1,1,NA,NA,470,680,NA,NA,NA,NA,NA,Balanus glandula,Acorn barnacle,2018_koeye-estuary_surface,koeye estuary,seagrass,2018-06-19,NA,2018,surface,2,edna_ko_e3_15,surface,biological,16,15.09,8.07,NA,NA,NA,2.2,1000,0,51.77943387,-127.8717879,sand,NA,NA,NA,seagrass,zostera,seagrass_sand,zostera_sand,99.67,2.4817399999999988e-154,302,Metazoa,Arthropoda,Thecostraca,Balanomorpha,Balanidae,Balanus,0,0,TRUE,ASV1055,2,Balanus glandula
edna0002,ASV1022,motu884,Balanus glandula,Acorn barnacle,species,1,1,NA,NA,468,750,NA,NA,NA,NA,NA,Balanus glandula,Acorn barnacle,2018_koeye-estuary_surface,koeye estuary,seagrass,2018-06-19,NA,2018,surface,2,edna_ko_e3_15,surface,biological,16,15.09,8.07,NA,NA,NA,2.2,1000,0,51.77943387,-127.8717879,sand,NA,NA,NA,seagrass,zostera,seagrass_sand,zostera_sand,99.67,2.4817399999999988e-154,302,Metazoa,Arthropoda,Thecostraca,Balanomorpha,Balanidae,Balanus,0,0,TRUE,ASV1022,2,Balanus glandula
edna0002,ASV1095,motu942,Balanus,Barnacle species,genus,1,1,NA,NA,8,13,NA,NA,NA,NA,NA,Balanus,Barnacle species,2018_koeye-estuary_surface,koeye estuary,seagrass,2018-06-19,NA,2018,surface,2,edna_ko_e3_15,surface,biological,16,15.09,8.07,NA,NA,NA,2.2,1000,0,51.77943387,-127.8717879,sand,NA,NA,NA,seagrass,zostera,seagrass_sand,zostera_sand,100,1.4886099999999998e-156,306,Metazoa,Arthropoda,Arthropoda,Balanomorpha,Balanidae,Balanus,0,0,TRUE,ASV1095,4,NA
edna0002,ASV598,motu524,Strongylocentrotus droebachiensis,Green sea urcin,species,1,1,1,NA,74,115,51,NA,NA,NA,NA,Strongylocentrotus droebachiensis,Green sea urcin,2018_koeye-estuary_surface,koeye estuary,seagrass,2018-06-19,NA,2018,surface,2,edna_ko_e3_15,surface,biological,16,15.09,8.07,NA,NA,NA,2.2,1000,0,51.77943387,-127.8717879,sand,NA,NA,NA,seagrass,zostera,seagrass_sand,zostera_sand,100,1.96163e-160,313,Metazoa,Echinodermata,Echinoidea,Camarodonta,Strongylocentrotidae,Strongylocentrotus,0,0,TRUE,ASV598,2,Strongylocentrotus droebachiensis
edna0002,ASV682,motu593,Strongylocentrotus droebachiensis,Green sea urcin,species,1,1,NA,NA,57,142,NA,NA,NA,NA,NA,Strongylocentrotus droebachiensis,Green sea urcin,2018_koeye-estuary_surface,koeye estuary,seagrass,2018-06-19,NA,2018,surface,2,edna_ko_e3_15,surface,biological,16,15.09,8.07,NA,NA,NA,2.2,1000,0,51.77943387,-127.8717879,sand,NA,NA,NA,seagrass,zostera,seagrass_sand,zostera_sand,100,1.96163e-160,313,Metazoa,Echinodermata,Echinoidea,Camarodonta,Strongylocentrotidae,Strongylocentrotus,0,0,TRUE,ASV682,2,Strongylocentrotus droebachiensis
edna0002,ASV1186,motu1014,Corophiidae,Amphipod,family,1,1,NA,1,38,79,NA,NA,92,NA,NA,Corophiidae,Amphipod,2018_koeye-estuary_surface,koeye estuary,seagrass,2018-06-19,NA,2018,surface,2,edna_ko_e3_15,surface,biological,16,15.09,8.07,NA,NA,NA,2.2,1000,0,51.77943387,-127.8717879,sand,NA,NA,NA,seagrass,zostera,seagrass_sand,zostera_sand,98.72,9.19139e-154,301,Metazoa,Arthropoda,Malacostraca,Amphipoda,Corophiidae,NA,0,0,TRUE,ASV1186,2,NA
edna0002,ASV780,motu679,Aequorea,Crystal jelly species,genus,1,1,NA,1,13,17,NA,NA,16,NA,NA,Aequorea,Crystal jelly species,2018_koeye-estuary_surface,koeye estuary,seagrass,2018-06-19,NA,2018,surface,2,edna_ko_e3_15,surface,biological,16,15.09,8.07,NA,NA,NA,2.2,1000,0,51.77943387,-127.8717879,sand,NA,NA,NA,seagrass,zostera,seagrass_sand,zostera_sand,100,1.4886099999999998e-156,306,Metazoa,Cnidaria,Hydrozoa,Leptothecata,Aequoreidae,Aequorea,0,0,TRUE,ASV780,4,NA
edna0002,ASV1367,motu1153,Cyanea,Lions mane jellyfish species,genus,1,1,NA,NA,30,54,NA,NA,NA,NA,NA,Cyanea,Lions mane jellyfish species,2018_koeye-estuary_surface,koeye estuary,seagrass,2018-06-19,NA,2018,surface,2,edna_ko_e3_15,surface,biological,16,15.09,8.07,NA,NA,NA,2.2,1000,0,51.77943387,-127.8717879,sand,NA,NA,NA,seagrass,zostera,seagrass_sand,zostera_sand,100,3.2351099999999996e-158,309,Metazoa,Cnidaria,Scyphozoa,Semaeostomeae,Cyaneidae,Cyanea,0,0,TRUE,ASV1367,2,NA
edna0002,ASV1475,motu1246,Cyanea,Lions mane jellyfish species,genus,1,1,NA,NA,27,45,NA,NA,NA,NA,NA,Cyanea,Lions mane jellyfish species,2018_koeye-estuary_surface,koeye estuary,seagrass,2018-06-19,NA,2018,surface,2,edna_ko_e3_15,surface,biological,16,15.09,8.07,NA,NA,NA,2.2,1000,0,51.77943387,-127.8717879,sand,NA,NA,NA,seagrass,zostera,seagrass_sand,zostera_sand,100,3.2351099999999996e-158,309,Metazoa,Cnidaria,Scyphozoa,Semaeostomeae,Cyaneidae,Cyanea,0,0,TRUE,ASV1475,2,NA
edna0002,ASV1181,motu22,Acartia (Acartiura) longiremis,Calanoid copepod,species,1,1,1,NA,89,182,34,NA,NA,NA,NA,Acartia (Acartiura) longiremis,Calanoid copepod,2018_koeye-estuary_surface,koeye estuary,seagrass,2018-06-19,NA,2018,surface,2,edna_ko_e3_15,surface,biological,16,15.09,8.07,NA,NA,NA,2.2,1000,0,51.77943387,-127.8717879,sand,NA,NA,NA,seagrass,zostera,seagrass_sand,zostera_sand,99.68,9.126599999999999e-159,310,Metazoa,Arthropoda,Copepoda,Calanoida,Acartiidae,Acartia,0,0,TRUE,ASV25,27,Acartia (Acartiura) longiremis
edna0002,ASV1666,motu71,Acartia (Acartiura) longiremis,Calanoid copepod,species,1,1,NA,NA,82,189,NA,NA,NA,NA,NA,Acartia (Acartiura) longiremis,Calanoid copepod,2018_koeye-estuary_surface,koeye estuary,seagrass,2018-06-19,NA,2018,surface,2,edna_ko_e3_15,surface,biological,16,15.09,8.07,NA,NA,NA,2.2,1000,0,51.77943387,-127.8717879,sand,NA,NA,NA,seagrass,zostera,seagrass_sand,zostera_sand,99.68,9.126599999999999e-159,310,Metazoa,Arthropoda,Copepoda,Calanoida,Acartiidae,Acartia,0,0,TRUE,ASV81,23,Acartia (Acartiura) longiremis
edna0002,ASV1502,motu1269,Oithona similis,Cyclopoid copepod,species,1,NA,NA,NA,3,NA,NA,NA,NA,NA,NA,Oithona similis,Cyclopoid copepod,2018_koeye-estuary_surface,koeye estuary,seagrass,2018-06-19,NA,2018,surface,2,edna_ko_e3_15,surface,biological,16,15.09,8.07,NA,NA,NA,2.2,1000,0,51.77943387,-127.8717879,sand,NA,NA,NA,seagrass,zostera,seagrass_sand,zostera_sand,96.17,2.0179399999999996e-140,277,Metazoa,Arthropoda,Copepoda,Cyclopoida,Oithonidae,Oithona,0,0,TRUE,ASV1502,1,Oithona similis
edna0002,ASV2301,motu1895,Corophiidae,Amphipod,family,1,NA,NA,NA,41,NA,NA,NA,NA,NA,NA,Corophiidae,Amphipod,2018_koeye-estuary_surface,koeye estuary,seagrass,2018-06-19,NA,2018,surface,2,edna_ko_e3_15,surface,biological,16,15.09,8.07,NA,NA,NA,2.2,1000,0,51.77943387,-127.8717879,sand,NA,NA,NA,seagrass,zostera,seagrass_sand,zostera_sand,98.72,9.19139e-154,301,Metazoa,Arthropoda,Malacostraca,Amphipoda,Corophiidae,NA,0,0,TRUE,ASV2301,1,NA
edna0002,ASV2186,motu1803,Acartia (Acartiura) longiremis,Calanoid copepod,species,1,1,NA,NA,111,186,NA,NA,NA,NA,NA,Acartia (Acartiura) longiremis,Calanoid copepod,2018_koeye-estuary_surface,koeye estuary,seagrass,2018-06-19,NA,2018,surface,2,edna_ko_e3_15,surface,biological,16,15.09,8.07,NA,NA,NA,2.2,1000,0,51.77943387,-127.8717879,sand,NA,NA,NA,seagrass,zostera,seagrass_sand,zostera_sand,99.04,5.492799999999996e-156,305,Metazoa,Arthropoda,Copepoda,Calanoida,Acartiidae,Acartia,0,0,TRUE,ASV2186,1,Acartia (Acartiura) longiremis
edna0002,ASV1668,motu1396,Acartia (Acartiura) longiremis,Calanoid copepod,species,1,1,1,1,99,187,52,NA,195,NA,NA,Acartia (Acartiura) longiremis,Calanoid copepod,2018_koeye-estuary_surface,koeye estuary,seagrass,2018-06-19,NA,2018,surface,2,edna_ko_e3_15,surface,biological,16,15.09,8.07,NA,NA,NA,2.2,1000,0,51.77943387,-127.8717879,sand,NA,NA,NA,seagrass,zostera,seagrass_sand,zostera_sand,99.04,5.492799999999996e-156,305,Metazoa,Arthropoda,Copepoda,Calanoida,Acartiidae,Acartia,0,0,TRUE,ASV1668,3,Acartia (Acartiura) longiremis
edna0002,ASV2607,motu118,Mesocentrotus franciscanus,Red sea urchin,species,1,NA,NA,NA,8,NA,NA,NA,NA,NA,NA,Mesocentrotus franciscanus,Red sea urchin,2018_koeye-estuary_surface,koeye estuary,seagrass,2018-06-19,NA,2018,surface,2,edna_ko_e3_15,surface,biological,16,15.09,8.07,NA,NA,NA,2.2,1000,0,51.77943387,-127.8717879,sand,NA,NA,NA,seagrass,zostera,seagrass_sand,zostera_sand,100,7.02982e-160,312,Metazoa,Echinodermata,Echinoidea,Camarodonta,Strongylocentrotidae,Mesocentrotus,0,0,TRUE,ASV132,8,Mesocentrotus franciscanus
edna0002,ASV3986,motu3129,Corophiidae,Amphipod,family,1,NA,NA,NA,32,NA,NA,NA,NA,NA,NA,Corophiidae,Amphipod,2018_koeye-estuary_surface,koeye estuary,seagrass,2018-06-19,NA,2018,surface,2,edna_ko_e3_15,surface,biological,16,15.09,8.07,NA,NA,NA,2.2,1000,0,51.77943387,-127.8717879,sand,NA,NA,NA,seagrass,zostera,seagrass_sand,zostera_sand,99.35,7.002779999999996e-155,303,Metazoa,Arthropoda,Malacostraca,Amphipoda,Corophiidae,NA,0,0,TRUE,ASV3986,1,NA
edna0002,ASV1569,motu1322,Clinocardium nuttallii,Basket cockle,species,1,1,NA,1,5,6,NA,NA,13,NA,NA,Clinocardium nuttallii,Basket cockle,2018_koeye-estuary_surface,koeye estuary,seagrass,2018-06-19,NA,2018,surface,2,edna_ko_e3_15,surface,biological,16,15.09,8.07,NA,NA,NA,2.2,1000,0,51.77943387,-127.8717879,sand,NA,NA,NA,seagrass,zostera,seagrass_sand,zostera_sand,100,2.4540699999999983e-154,302,Metazoa,Mollusca,Bivalvia,Cardiida,Cardiidae,Clinocardium,0,0,TRUE,ASV1569,2,Clinocardium nuttallii
edna0002,ASV2651,motu2153,Clinocardium nuttallii,Basket cockle,species,1,1,NA,NA,8,6,NA,NA,NA,NA,NA,Clinocardium nuttallii,Basket cockle,2018_koeye-estuary_surface,koeye estuary,seagrass,2018-06-19,NA,2018,surface,2,edna_ko_e3_15,surface,biological,16,15.09,8.07,NA,NA,NA,2.2,1000,0,51.77943387,-127.8717879,sand,NA,NA,NA,seagrass,zostera,seagrass_sand,zostera_sand,100,2.4540699999999983e-154,302,Metazoa,Mollusca,Bivalvia,Cardiida,Cardiidae,Clinocardium,0,0,TRUE,ASV2651,1,Clinocardium nuttallii
edna0002,ASV2923,motu2359,Acartia (Acartiura) longiremis,Calanoid copepod,species,1,1,NA,NA,54,101,NA,NA,NA,NA,NA,Acartia (Acartiura) longiremis,Calanoid copepod,2018_koeye-estuary_surface,koeye estuary,seagrass,2018-06-19,NA,2018,surface,2,edna_ko_e3_15,surface,biological,16,15.09,8.07,NA,NA,NA,2.2,1000,0,51.77943387,-127.8717879,sand,NA,NA,NA,seagrass,zostera,seagrass_sand,zostera_sand,99.68,9.126599999999999e-159,310,Metazoa,Arthropoda,Copepoda,Calanoida,Acartiidae,Acartia,0,0,TRUE,ASV2923,1,Acartia (Acartiura) longiremis
edna0002,ASV2481,motu199,Mytilus trossulus,Bay mussel,species,1,1,1,NA,51,82,43,NA,NA,NA,NA,Mytilus trossulus,Bay mussel,2018_koeye-estuary_surface,koeye estuary,seagrass,2018-06-19,NA,2018,surface,2,edna_ko_e3_15,surface,biological,16,15.09,8.07,NA,NA,NA,2.2,1000,0,51.77943387,-127.8717879,sand,NA,NA,NA,seagrass,zostera,seagrass_sand,zostera_sand,99.68,1.5051499999999994e-156,306,Metazoa,Mollusca,Mollusca,Mytilida,Mytilidae,Mytilus,0,0,TRUE,ASV226,18,Mytilus trossulus
edna0002,ASV2895,motu190,Mytilus trossulus,Bay mussel,species,1,1,1,NA,50,72,36,NA,NA,NA,NA,Mytilus trossulus,Bay mussel,2018_koeye-estuary_surface,koeye estuary,seagrass,2018-06-19,NA,2018,surface,2,edna_ko_e3_15,surface,biological,16,15.09,8.07,NA,NA,NA,2.2,1000,0,51.77943387,-127.8717879,sand,NA,NA,NA,seagrass,zostera,seagrass_sand,zostera_sand,99.68,1.5051499999999994e-156,306,Metazoa,Mollusca,Mollusca,Mytilida,Mytilidae,Mytilus,0,0,TRUE,ASV216,23,Mytilus trossulus
edna0002,ASV2824,motu2285,Acartia (Acartiura) longiremis,Calanoid copepod,species,1,1,1,NA,49,84,34,NA,NA,NA,NA,Acartia (Acartiura) longiremis,Calanoid copepod,2018_koeye-estuary_surface,koeye estuary,seagrass,2018-06-19,NA,2018,surface,2,edna_ko_e3_15,surface,biological,16,15.09,8.07,NA,NA,NA,2.2,1000,0,51.77943387,-127.8717879,sand,NA,NA,NA,seagrass,zostera,seagrass_sand,zostera_sand,99.68,9.126599999999999e-159,310,Metazoa,Arthropoda,Copepoda,Calanoida,Acartiidae,Acartia,0,0,TRUE,ASV2824,1,Acartia (Acartiura) longiremis
edna0002,ASV3067,motu2468,Halichondria (Halichondria) panicea,Breadcrumb sponge species,species,1,1,NA,NA,8,8,NA,NA,NA,NA,NA,Halichondria (Halichondria) panicea,Breadcrumb sponge species,2018_koeye-estuary_surface,koeye estuary,seagrass,2018-06-19,NA,2018,surface,2,edna_ko_e3_15,surface,biological,16,15.09,8.07,NA,NA,NA,2.2,1000,0,51.77943387,-127.8717879,sand,NA,NA,NA,seagrass,zostera,seagrass_sand,zostera_sand,99.33,6.819989999999996e-150,294,Metazoa,Porifera,Demospongiae,Suberitida,Halichondriidae,Halichondria,0,0,TRUE,ASV3067,1,Halichondria (Halichondria) panicea
edna0002,ASV3243,motu2593,Halichondria (Halichondria) panicea,Breadcrumb sponge species,species,1,1,NA,NA,8,16,NA,NA,NA,NA,NA,Halichondria (Halichondria) panicea,Breadcrumb sponge species,2018_koeye-estuary_surface,koeye estuary,seagrass,2018-06-19,NA,2018,surface,2,edna_ko_e3_15,surface,biological,16,15.09,8.07,NA,NA,NA,2.2,1000,0,51.77943387,-127.8717879,sand,NA,NA,NA,seagrass,zostera,seagrass_sand,zostera_sand,99.33,6.819989999999996e-150,294,Metazoa,Porifera,Demospongiae,Suberitida,Halichondriidae,Halichondria,0,0,TRUE,ASV3243,1,Halichondria (Halichondria) panicea
edna0002,ASV3317,motu2646,Paranais botniensis,Freshwater oligochaete,species,1,1,NA,NA,35,76,NA,NA,NA,NA,NA,Paranais botniensis,Freshwater oligochaete,2018_koeye-estuary_surface,koeye estuary,seagrass,2018-06-19,NA,2018,surface,2,edna_ko_e3_15,surface,biological,16,15.09,8.07,NA,NA,NA,2.2,1000,0,51.77943387,-127.8717879,sand,NA,NA,NA,seagrass,zostera,seagrass_sand,zostera_sand,97.12,2.0037099999999998e-145,286,Metazoa,Annelida,Clitellata,Tubificida,Naididae,Paranais,0,0,TRUE,ASV3317,1,Paranais botniensis
edna0002,ASV3070,motu2471,Paranais botniensis,Freshwater oligochaete,species,1,1,1,NA,33,54,31,NA,NA,NA,NA,Paranais botniensis,Freshwater oligochaete,2018_koeye-estuary_surface,koeye estuary,seagrass,2018-06-19,NA,2018,surface,2,edna_ko_e3_15,surface,biological,16,15.09,8.07,NA,NA,NA,2.2,1000,0,51.77943387,-127.8717879,sand,NA,NA,NA,seagrass,zostera,seagrass_sand,zostera_sand,97.12,2.0037099999999998e-145,286,Metazoa,Annelida,Clitellata,Tubificida,Naididae,Paranais,0,0,TRUE,ASV3070,1,Paranais botniensis
edna0002,ASV5547,motu4259,Hediste limnicola,Ragworm,species,1,NA,NA,NA,13,NA,NA,NA,NA,NA,NA,Hediste limnicola,Ragworm,2018_koeye-estuary_surface,koeye estuary,seagrass,2018-06-19,NA,2018,surface,2,edna_ko_e3_15,surface,biological,16,15.09,8.07,NA,NA,NA,2.2,1000,0,51.77943387,-127.8717879,sand,NA,NA,NA,seagrass,zostera,seagrass_sand,zostera_sand,98.73,3.4477899999999996e-113,228,Metazoa,Annelida,Annelida,Phyllodocida,Nereididae,Hediste,0,0,TRUE,ASV5547,1,Hediste limnicola
edna0002,ASV3846,motu3023,Spongilla lacustris,Freshwater sponge,species,1,1,NA,NA,13,12,NA,NA,NA,NA,NA,Spongilla lacustris,Freshwater sponge,2018_koeye-estuary_surface,koeye estuary,seagrass,2018-06-19,NA,2018,surface,2,edna_ko_e3_15,surface,biological,16,15.09,8.07,NA,NA,NA,2.2,1000,0,51.77943387,-127.8717879,sand,NA,NA,NA,seagrass,zostera,seagrass_sand,zostera_sand,100,3.2351099999999996e-158,309,Metazoa,Porifera,Porifera,Spongillida,Spongillidae,Spongilla,1,0,TRUE,ASV3846,1,Spongilla lacustris
edna0002,ASV3337,motu2661,Chironomidae,Hexapod,family,1,1,NA,NA,9,10,NA,NA,NA,NA,NA,Chironomidae,Hexapod,2018_koeye-estuary_surface,koeye estuary,seagrass,2018-06-19,NA,2018,surface,2,edna_ko_e3_15,surface,biological,16,15.09,8.07,NA,NA,NA,2.2,1000,0,51.77943387,-127.8717879,sand,NA,NA,NA,seagrass,zostera,seagrass_sand,zostera_sand,90.91,1.12845e-8,40,Metazoa,Arthropoda,Arthropoda,Diptera,Chironomidae,NA,NA,NA,TRUE,ASV3337,1,NA
edna0002,ASV4498,motu3500,Obelia,Sea thread hydroid species,genus,1,NA,NA,NA,2,NA,NA,NA,NA,NA,NA,Obelia,Sea thread hydroid species,2018_koeye-estuary_surface,koeye estuary,seagrass,2018-06-19,NA,2018,surface,2,edna_ko_e3_15,surface,biological,16,15.09,8.07,NA,NA,NA,2.2,1000,0,51.77943387,-127.8717879,sand,NA,NA,NA,seagrass,zostera,seagrass_sand,zostera_sand,93.11,5.6258000000000005e-121,242,Metazoa,Cnidaria,Cnidaria,Leptothecata,Campanulariidae,Obelia,0,0,TRUE,ASV4498,1,NA
edna0002,ASV4985,motu3851,Chironomidae,Hexapod,family,1,1,NA,NA,7,12,NA,NA,NA,NA,NA,Chironomidae,Hexapod,2018_koeye-estuary_surface,koeye estuary,seagrass,2018-06-19,NA,2018,surface,2,edna_ko_e3_15,surface,biological,16,15.09,8.07,NA,NA,NA,2.2,1000,0,51.77943387,-127.8717879,sand,NA,NA,NA,seagrass,zostera,seagrass_sand,zostera_sand,99.57,9.72659e-114,229,Metazoa,Arthropoda,Arthropoda,Diptera,Chironomidae,NA,NA,NA,TRUE,ASV4985,1,NA
edna0002,ASV5143,motu3958,Chaetognatha,Arrow worm,phylum,1,NA,NA,NA,5,NA,NA,NA,NA,NA,NA,Chaetognatha,Arrow worm,2018_koeye-estuary_surface,koeye estuary,seagrass,2018-06-19,NA,2018,surface,2,edna_ko_e3_15,surface,biological,16,15.09,8.07,NA,NA,NA,2.2,1000,0,51.77943387,-127.8717879,sand,NA,NA,NA,seagrass,zostera,seagrass_sand,zostera_sand,96.02,7.533609999999999e-85,177,Metazoa,Chaetognatha,NA,NA,NA,NA,0,0,TRUE,ASV5143,1,NA
edna0005,ASV25,motu22,Acartia (Acartiura) longiremis,Calanoid copepod,species,1,1,1,1,38,53,34,NA,84,NA,63,Acartia (Acartiura) longiremis,Calanoid copepod,2018_koeye-estuary_depth,koeye estuary,seagrass,2018-06-19,NA,2018,depth,2,edna_ko_e3_15,depth,biological,16,15.94,8.1,NA,NA,NA,2.2,975,0,51.77943387,-127.8717879,sand,NA,NA,NA,seagrass,zostera,seagrass_sand,zostera_sand,100,1.96163e-160,313,Metazoa,Arthropoda,Copepoda,Calanoida,Acartiidae,Acartia,0,0,TRUE,ASV25,27,Acartia (Acartiura) longiremis
edna0005,ASV81,motu71,Acartia (Acartiura) longiremis,Calanoid copepod,species,1,1,NA,NA,41,77,NA,NA,NA,NA,NA,Acartia (Acartiura) longiremis,Calanoid copepod,2018_koeye-estuary_depth,koeye estuary,seagrass,2018-06-19,NA,2018,depth,2,edna_ko_e3_15,depth,biological,16,15.94,8.1,NA,NA,NA,2.2,975,0,51.77943387,-127.8717879,sand,NA,NA,NA,seagrass,zostera,seagrass_sand,zostera_sand,100,1.96163e-160,313,Metazoa,Arthropoda,Copepoda,Calanoida,Acartiidae,Acartia,0,0,TRUE,ASV81,23,Acartia (Acartiura) longiremis
edna0005,ASV34,motu31,Centropages abdominalis,Calanoid copepod,species,1,1,1,1,112,215,99,NA,197,NA,211,Centropages abdominalis,Calanoid copepod,2018_koeye-estuary_depth,koeye estuary,seagrass,2018-06-19,NA,2018,depth,2,edna_ko_e3_15,depth,biological,16,15.94,8.1,NA,NA,NA,2.2,975,0,51.77943387,-127.8717879,sand,NA,NA,NA,seagrass,zostera,seagrass_sand,zostera_sand,100,1.96163e-160,313,Metazoa,Arthropoda,Copepoda,Calanoida,Centropagidae,Centropages,0,0,TRUE,ASV34,19,Centropages abdominalis
edna0005,ASV143,motu128,Centropages abdominalis,Calanoid copepod,species,1,1,NA,NA,117,244,NA,NA,NA,NA,NA,Centropages abdominalis,Calanoid copepod,2018_koeye-estuary_depth,koeye estuary,seagrass,2018-06-19,NA,2018,depth,2,edna_ko_e3_15,depth,biological,16,15.94,8.1,NA,NA,NA,2.2,975,0,51.77943387,-127.8717879,sand,NA,NA,NA,seagrass,zostera,seagrass_sand,zostera_sand,100,1.96163e-160,313,Metazoa,Arthropoda,Copepoda,Calanoida,Centropagidae,Centropages,0,0,TRUE,ASV143,11,Centropages abdominalis
edna0005,ASV251,motu105,Mesocentrotus franciscanus,Red sea urchin,species,1,NA,NA,1,72,NA,NA,NA,23,NA,NA,Mesocentrotus franciscanus,Red sea urchin,2018_koeye-estuary_depth,koeye estuary,seagrass,2018-06-19,NA,2018,depth,2,edna_ko_e3_15,depth,biological,16,15.94,8.1,NA,NA,NA,2.2,975,0,51.77943387,-127.8717879,sand,NA,NA,NA,seagrass,zostera,seagrass_sand,zostera_sand,100,7.02982e-160,312,Metazoa,Echinodermata,Echinoidea,Camarodonta,Strongylocentrotidae,Mesocentrotus,0,0,TRUE,ASV118,8,Mesocentrotus franciscanus
edna0005,ASV226,motu199,Mytilus trossulus,Bay mussel,species,1,1,1,1,123,202,85,NA,128,NA,165,Mytilus trossulus,Bay mussel,2018_koeye-estuary_depth,koeye estuary,seagrass,2018-06-19,NA,2018,depth,2,edna_ko_e3_15,depth,biological,16,15.94,8.1,NA,NA,NA,2.2,975,0,51.77943387,-127.8717879,sand,NA,NA,NA,seagrass,zostera,seagrass_sand,zostera_sand,100,3.2351099999999996e-158,309,Metazoa,Mollusca,Mollusca,Mytilida,Mytilidae,Mytilus,0,0,TRUE,ASV226,18,Mytilus trossulus
edna0005,ASV216,motu190,Mytilus trossulus,Bay mussel,species,1,1,1,1,101,187,79,NA,160,NA,149,Mytilus trossulus,Bay mussel,2018_koeye-estuary_depth,koeye estuary,seagrass,2018-06-19,NA,2018,depth,2,edna_ko_e3_15,depth,biological,16,15.94,8.1,NA,NA,NA,2.2,975,0,51.77943387,-127.8717879,sand,NA,NA,NA,seagrass,zostera,seagrass_sand,zostera_sand,100,3.2351099999999996e-158,309,Metazoa,Mollusca,Mollusca,Mytilida,Mytilidae,Mytilus,0,0,TRUE,ASV216,23,Mytilus trossulus
edna0005,ASV242,motu213,Balanus glandula,Acorn barnacle,species,1,1,1,1,610,1055,267,NA,615,NA,484,Balanus glandula,Acorn barnacle,2018_koeye-estuary_depth,koeye estuary,seagrass,2018-06-19,NA,2018,depth,2,edna_ko_e3_15,depth,biological,16,15.94,8.1,NA,NA,NA,2.2,975,0,51.77943387,-127.8717879,sand,NA,NA,NA,seagrass,zostera,seagrass_sand,zostera_sand,100,3.2351099999999996e-158,309,Metazoa,Arthropoda,Thecostraca,Balanomorpha,Balanidae,Balanus,0,0,TRUE,ASV242,15,Balanus glandula
edna0005,ASV447,motu394,Balanus glandula,Acorn barnacle,species,1,1,NA,NA,587,1067,NA,NA,NA,NA,NA,Balanus glandula,Acorn barnacle,2018_koeye-estuary_depth,koeye estuary,seagrass,2018-06-19,NA,2018,depth,2,edna_ko_e3_15,depth,biological,16,15.94,8.1,NA,NA,NA,2.2,975,0,51.77943387,-127.8717879,sand,NA,NA,NA,seagrass,zostera,seagrass_sand,zostera_sand,100,3.2351099999999996e-158,309,Metazoa,Arthropoda,Thecostraca,Balanomorpha,Balanidae,Balanus,0,0,TRUE,ASV447,12,Balanus glandula
edna0005,ASV270,motu199,Mytilus,Mussel species,genus,1,1,NA,NA,44,77,NA,NA,NA,NA,NA,Mytilus trossulus,Bay mussel,2018_koeye-estuary_depth,koeye estuary,seagrass,2018-06-19,NA,2018,depth,2,edna_ko_e3_15,depth,biological,16,15.94,8.1,NA,NA,NA,2.2,975,0,51.77943387,-127.8717879,sand,NA,NA,NA,seagrass,zostera,seagrass_sand,zostera_sand,100,3.2351099999999996e-158,309,Metazoa,Mollusca,Mollusca,Mytilida,Mytilidae,Mytilus,0,0,TRUE,ASV226,18,NA
edna0005,ASV132,motu118,Mesocentrotus franciscanus,Red sea urchin,species,1,1,NA,1,65,98,NA,NA,NA,NA,89,Mesocentrotus franciscanus,Red sea urchin,2018_koeye-estuary_depth,koeye estuary,seagrass,2018-06-19,NA,2018,depth,2,edna_ko_e3_15,depth,biological,16,15.94,8.1,NA,NA,NA,2.2,975,0,51.77943387,-127.8717879,sand,NA,NA,NA,seagrass,zostera,seagrass_sand,zostera_sand,100,2.51921e-159,311,Metazoa,Echinodermata,Echinoidea,Camarodonta,Strongylocentrotidae,Mesocentrotus,0,0,TRUE,ASV132,8,Mesocentrotus franciscanus
edna0005,ASV354,motu313,Mitrocoma cellularia,Cross jelly,species,1,1,1,NA,38,55,32,NA,NA,NA,NA,Mitrocoma cellularia,Cross jelly,2018_koeye-estuary_depth,koeye estuary,seagrass,2018-06-19,NA,2018,depth,2,edna_ko_e3_15,depth,biological,16,15.94,8.1,NA,NA,NA,2.2,975,0,51.77943387,-127.8717879,sand,NA,NA,NA,seagrass,zostera,seagrass_sand,zostera_sand,100,1.4886099999999998e-156,306,Metazoa,Cnidaria,Hydrozoa,Leptothecata,Mitrocomidae,Mitrocoma,0,0,TRUE,ASV354,2,Mitrocoma cellularia
edna0005,ASV616,motu537,Mitrocoma cellularia,Cross jelly,species,1,1,NA,NA,41,32,NA,NA,NA,NA,NA,Mitrocoma cellularia,Cross jelly,2018_koeye-estuary_depth,koeye estuary,seagrass,2018-06-19,NA,2018,depth,2,edna_ko_e3_15,depth,biological,16,15.94,8.1,NA,NA,NA,2.2,975,0,51.77943387,-127.8717879,sand,NA,NA,NA,seagrass,zostera,seagrass_sand,zostera_sand,100,1.4886099999999998e-156,306,Metazoa,Cnidaria,Hydrozoa,Leptothecata,Mitrocomidae,Mitrocoma,0,0,TRUE,ASV616,6,Mitrocoma cellularia
edna0005,ASV520,motu457,Evasterias troschelii,False ochre star,species,1,1,NA,NA,6,13,NA,NA,NA,NA,NA,Evasterias troschelii,False ochre star,2018_koeye-estuary_depth,koeye estuary,seagrass,2018-06-19,NA,2018,depth,2,edna_ko_e3_15,depth,biological,16,15.94,8.1,NA,NA,NA,2.2,975,0,51.77943387,-127.8717879,sand,NA,NA,NA,seagrass,zostera,seagrass_sand,zostera_sand,100,1.96163e-160,313,Metazoa,Echinodermata,Asteroidea,Forcipulatida,Asteriidae,Evasterias,0,0,TRUE,ASV520,1,Evasterias troschelii
edna0005,ASV744,motu648,Evasterias troschelii,False ochre star,species,1,1,NA,NA,4,7,NA,NA,NA,NA,NA,Evasterias troschelii,False ochre star,2018_koeye-estuary_depth,koeye estuary,seagrass,2018-06-19,NA,2018,depth,2,edna_ko_e3_15,depth,biological,16,15.94,8.1,NA,NA,NA,2.2,975,0,51.77943387,-127.8717879,sand,NA,NA,NA,seagrass,zostera,seagrass_sand,zostera_sand,100,1.96163e-160,313,Metazoa,Echinodermata,Asteroidea,Forcipulatida,Asteriidae,Evasterias,0,0,TRUE,ASV744,1,Evasterias troschelii
edna0005,ASV733,motu637,Phyllodocida,Polychaete,order,1,1,1,1,21,52,12,NA,NA,NA,8,Phyllodocida,Polychaete,2018_koeye-estuary_depth,koeye estuary,seagrass,2018-06-19,NA,2018,depth,2,edna_ko_e3_15,depth,biological,16,15.94,8.1,NA,NA,NA,2.2,975,0,51.77943387,-127.8717879,sand,NA,NA,NA,seagrass,zostera,seagrass_sand,zostera_sand,100,0.0603188,28,Metazoa,Annelida,Annelida,Phyllodocida,NA,NA,0,0,TRUE,ASV733,1,NA
edna0005,ASV682,motu593,Strongylocentrotus droebachiensis,Green sea urcin,species,1,NA,1,1,13,NA,13,NA,53,NA,36,Strongylocentrotus droebachiensis,Green sea urcin,2018_koeye-estuary_depth,koeye estuary,seagrass,2018-06-19,NA,2018,depth,2,edna_ko_e3_15,depth,biological,16,15.94,8.1,NA,NA,NA,2.2,975,0,51.77943387,-127.8717879,sand,NA,NA,NA,seagrass,zostera,seagrass_sand,zostera_sand,100,1.96163e-160,313,Metazoa,Echinodermata,Echinoidea,Camarodonta,Strongylocentrotidae,Strongylocentrotus,0,0,TRUE,ASV682,2,Strongylocentrotus droebachiensis
edna0005,ASV1187,motu1015,Balanus,Barnacle species,genus,1,NA,NA,NA,5,NA,NA,NA,NA,NA,NA,Balanus,Barnacle species,2018_koeye-estuary_depth,koeye estuary,seagrass,2018-06-19,NA,2018,depth,2,edna_ko_e3_15,depth,biological,16,15.94,8.1,NA,NA,NA,2.2,975,0,51.77943387,-127.8717879,sand,NA,NA,NA,seagrass,zostera,seagrass_sand,zostera_sand,100,1.4886099999999998e-156,306,Metazoa,Arthropoda,Arthropoda,Balanomorpha,Balanidae,Balanus,0,0,TRUE,ASV1187,5,NA
edna0005,ASV679,motu591,Phyllodocida,Polychaete,order,1,1,1,1,34,59,30,NA,NA,NA,8,Phyllodocida,Polychaete,2018_koeye-estuary_depth,koeye estuary,seagrass,2018-06-19,NA,2018,depth,2,edna_ko_e3_15,depth,biological,16,15.94,8.1,NA,NA,NA,2.2,975,0,51.77943387,-127.8717879,sand,NA,NA,NA,seagrass,zostera,seagrass_sand,zostera_sand,100,0.0603188,28,Metazoa,Annelida,Annelida,Phyllodocida,NA,NA,0,0,TRUE,ASV679,1,NA
edna0005,ASV1367,motu1153,Cyanea,Lions mane jellyfish species,genus,1,1,NA,1,19,29,NA,NA,NA,NA,13,Cyanea,Lions mane jellyfish species,2018_koeye-estuary_depth,koeye estuary,seagrass,2018-06-19,NA,2018,depth,2,edna_ko_e3_15,depth,biological,16,15.94,8.1,NA,NA,NA,2.2,975,0,51.77943387,-127.8717879,sand,NA,NA,NA,seagrass,zostera,seagrass_sand,zostera_sand,100,3.2351099999999996e-158,309,Metazoa,Cnidaria,Scyphozoa,Semaeostomeae,Cyaneidae,Cyanea,0,0,TRUE,ASV1367,2,NA
edna0005,ASV1475,motu1246,Cyanea,Lions mane jellyfish species,genus,1,1,NA,NA,21,14,NA,NA,NA,NA,NA,Cyanea,Lions mane jellyfish species,2018_koeye-estuary_depth,koeye estuary,seagrass,2018-06-19,NA,2018,depth,2,edna_ko_e3_15,depth,biological,16,15.94,8.1,NA,NA,NA,2.2,975,0,51.77943387,-127.8717879,sand,NA,NA,NA,seagrass,zostera,seagrass_sand,zostera_sand,100,3.2351099999999996e-158,309,Metazoa,Cnidaria,Scyphozoa,Semaeostomeae,Cyaneidae,Cyanea,0,0,TRUE,ASV1475,2,NA
edna0005,ASV2147,motu1769,Asteriidae,Sea star,family,1,1,NA,NA,25,30,NA,NA,NA,NA,NA,Asteriidae,Sea star,2018_koeye-estuary_depth,koeye estuary,seagrass,2018-06-19,NA,2018,depth,2,edna_ko_e3_15,depth,biological,16,15.94,8.1,NA,NA,NA,2.2,975,0,51.77943387,-127.8717879,sand,NA,NA,NA,seagrass,zostera,seagrass_sand,zostera_sand,100,1.96163e-160,313,Metazoa,Echinodermata,Echinodermata,Forcipulatida,Asteriidae,NA,0,0,TRUE,ASV2147,1,NA
edna0005,ASV1293,motu1094,Asteriidae,Sea star,family,1,1,1,1,11,27,14,NA,49,NA,56,Asteriidae,Sea star,2018_koeye-estuary_depth,koeye estuary,seagrass,2018-06-19,NA,2018,depth,2,edna_ko_e3_15,depth,biological,16,15.94,8.1,NA,NA,NA,2.2,975,0,51.77943387,-127.8717879,sand,NA,NA,NA,seagrass,zostera,seagrass_sand,zostera_sand,100,1.96163e-160,313,Metazoa,Echinodermata,Echinodermata,Forcipulatida,Asteriidae,NA,0,0,TRUE,ASV1293,1,NA
edna0005,ASV1791,motu1494,Saxidomus nuttalli,California butterclam,species,1,1,NA,NA,9,14,NA,NA,NA,NA,NA,Saxidomus nuttalli,California butterclam,2018_koeye-estuary_depth,koeye estuary,seagrass,2018-06-19,NA,2018,depth,2,edna_ko_e3_15,depth,biological,16,15.94,8.1,NA,NA,NA,2.2,975,0,51.77943387,-127.8717879,sand,NA,NA,NA,seagrass,zostera,seagrass_sand,zostera_sand,99.68,4.246189999999999e-157,307,Metazoa,Mollusca,Bivalvia,Venerida,Veneridae,Saxidomus,0,0,TRUE,ASV1791,2,Saxidomus nuttalli
edna0005,ASV2467,motu944,Dodecaceria,Cirratulid polychaete,genus,1,1,1,NA,3,4,3,NA,NA,NA,NA,Dodecaceria,Cirratulid polychaete,2018_koeye-estuary_depth,koeye estuary,seagrass,2018-06-19,NA,2018,depth,2,edna_ko_e3_15,depth,biological,16,15.94,8.1,NA,NA,NA,2.2,975,0,51.77943387,-127.8717879,sand,NA,NA,NA,seagrass,zostera,seagrass_sand,zostera_sand,100,1.96163e-160,313,Metazoa,Annelida,Polychaeta,Terebellida,Cirratulidae,Dodecaceria,0,0,TRUE,ASV1097,6,NA
edna0005,ASV2056,motu1702,Corophiidae,Amphipod,family,1,NA,NA,NA,27,NA,NA,NA,NA,NA,NA,Corophiidae,Amphipod,2018_koeye-estuary_depth,koeye estuary,seagrass,2018-06-19,NA,2018,depth,2,edna_ko_e3_15,depth,biological,16,15.94,8.1,NA,NA,NA,2.2,975,0,51.77943387,-127.8717879,sand,NA,NA,NA,seagrass,zostera,seagrass_sand,zostera_sand,98.71,1.1804e-152,299,Metazoa,Arthropoda,Malacostraca,Amphipoda,Corophiidae,NA,0,0,TRUE,ASV2056,1,NA
edna0005,ASV3893,motu3058,Corophiidae,Amphipod,family,1,NA,NA,NA,18,NA,NA,NA,NA,NA,NA,Corophiidae,Amphipod,2018_koeye-estuary_depth,koeye estuary,seagrass,2018-06-19,NA,2018,depth,2,edna_ko_e3_15,depth,biological,16,15.94,8.1,NA,NA,NA,2.2,975,0,51.77943387,-127.8717879,sand,NA,NA,NA,seagrass,zostera,seagrass_sand,zostera_sand,98.71,1.51583e-151,297,Metazoa,Arthropoda,Malacostraca,Amphipoda,Corophiidae,NA,0,0,TRUE,ASV3893,1,NA
edna0005,ASV2926,motu2361,Macoma balthica,Baltic macoma,species,1,1,1,1,29,59,22,NA,21,NA,24,Macoma balthica,Baltic macoma,2018_koeye-estuary_depth,koeye estuary,seagrass,2018-06-19,NA,2018,depth,2,edna_ko_e3_15,depth,biological,16,15.94,8.1,NA,NA,NA,2.2,975,0,51.77943387,-127.8717879,sand,NA,NA,NA,seagrass,zostera,seagrass_sand,zostera_sand,100,3.2351099999999996e-158,309,Metazoa,Mollusca,Bivalvia,Cardiida,Tellinidae,Limecola,0,0,TRUE,ASV2926,1,Macoma balthica
edna0005,ASV3450,motu2738,Chironomidae,Hexapod,family,1,1,NA,NA,9,14,NA,NA,NA,NA,NA,Chironomidae,Hexapod,2018_koeye-estuary_depth,koeye estuary,seagrass,2018-06-19,NA,2018,depth,2,edna_ko_e3_15,depth,biological,16,15.94,8.1,NA,NA,NA,2.2,975,0,51.77943387,-127.8717879,sand,NA,NA,NA,seagrass,zostera,seagrass_sand,zostera_sand,90.91,1.12845e-8,40,Metazoa,Arthropoda,Arthropoda,Diptera,Chironomidae,NA,NA,NA,TRUE,ASV3450,1,NA
edna0005,ASV3867,motu3036,Macoma balthica,Baltic macoma,species,1,1,NA,NA,27,51,NA,NA,NA,NA,NA,Macoma balthica,Baltic macoma,2018_koeye-estuary_depth,koeye estuary,seagrass,2018-06-19,NA,2018,depth,2,edna_ko_e3_15,depth,biological,16,15.94,8.1,NA,NA,NA,2.2,975,0,51.77943387,-127.8717879,sand,NA,NA,NA,seagrass,zostera,seagrass_sand,zostera_sand,100,3.2351099999999996e-158,309,Metazoa,Mollusca,Bivalvia,Cardiida,Tellinidae,Limecola,0,0,TRUE,ASV3867,1,Macoma balthica
edna0005,ASV3846,motu3023,Spongilla lacustris,Freshwater sponge,species,1,1,NA,NA,5,8,NA,NA,NA,NA,NA,Spongilla lacustris,Freshwater sponge,2018_koeye-estuary_depth,koeye estuary,seagrass,2018-06-19,NA,2018,depth,2,edna_ko_e3_15,depth,biological,16,15.94,8.1,NA,NA,NA,2.2,975,0,51.77943387,-127.8717879,sand,NA,NA,NA,seagrass,zostera,seagrass_sand,zostera_sand,100,3.2351099999999996e-158,309,Metazoa,Porifera,Porifera,Spongillida,Spongillidae,Spongilla,1,0,TRUE,ASV3846,1,Spongilla lacustris
edna0005,ASV3337,motu2661,Chironomidae,Hexapod,family,1,NA,NA,NA,14,NA,NA,NA,NA,NA,NA,Chironomidae,Hexapod,2018_koeye-estuary_depth,koeye estuary,seagrass,2018-06-19,NA,2018,depth,2,edna_ko_e3_15,depth,biological,16,15.94,8.1,NA,NA,NA,2.2,975,0,51.77943387,-127.8717879,sand,NA,NA,NA,seagrass,zostera,seagrass_sand,zostera_sand,90.91,1.12845e-8,40,Metazoa,Arthropoda,Arthropoda,Diptera,Chironomidae,NA,NA,NA,TRUE,ASV3337,1,NA
edna0005,ASV3663,motu524,Strongylocentrotus droebachiensis,Green sea urcin,species,1,1,NA,NA,17,30,NA,NA,NA,NA,NA,Strongylocentrotus droebachiensis,Green sea urcin,2018_koeye-estuary_depth,koeye estuary,seagrass,2018-06-19,NA,2018,depth,2,edna_ko_e3_15,depth,biological,16,15.94,8.1,NA,NA,NA,2.2,975,0,51.77943387,-127.8717879,sand,NA,NA,NA,seagrass,zostera,seagrass_sand,zostera_sand,99.68,9.126599999999999e-159,310,Metazoa,Echinodermata,Echinodermata,Camarodonta,Strongylocentrotidae,Strongylocentrotus,0,0,TRUE,ASV598,2,Strongylocentrotus droebachiensis
edna0005,ASV5427,motu4165,Chaetognatha,Arrow worm,phylum,1,NA,NA,NA,7,NA,NA,NA,NA,NA,NA,Chaetognatha,Arrow worm,2018_koeye-estuary_depth,koeye estuary,seagrass,2018-06-19,NA,2018,depth,2,edna_ko_e3_15,depth,biological,16,15.94,8.1,NA,NA,NA,2.2,975,0,51.77943387,-127.8717879,sand,NA,NA,NA,seagrass,zostera,seagrass_sand,zostera_sand,98.01,1.6078299999999998e-91,189,Metazoa,Chaetognatha,NA,NA,NA,NA,0,0,TRUE,ASV5427,1,NA
edna0005,ASV3017,motu2432,Euphausia pacifica,North Pacific krill,species,1,1,NA,NA,4,8,NA,NA,NA,NA,NA,Euphausia pacifica,North Pacific krill,2018_koeye-estuary_depth,koeye estuary,seagrass,2018-06-19,NA,2018,depth,2,edna_ko_e3_15,depth,biological,16,15.94,8.1,NA,NA,NA,2.2,975,0,51.77943387,-127.8717879,sand,NA,NA,NA,seagrass,zostera,seagrass_sand,zostera_sand,100,3.2351099999999996e-158,309,Metazoa,Arthropoda,Malacostraca,Euphausiacea,Euphausiidae,Euphausia,0,0,TRUE,ASV3017,1,Euphausia pacifica
edna0005,ASV4145,motu3250,Chalcidoidea,Hexapod,family,1,1,1,NA,9,19,11,NA,NA,NA,NA,Chalcidoidea,Hexapod,2018_koeye-estuary_depth,koeye estuary,seagrass,2018-06-19,NA,2018,depth,2,edna_ko_e3_15,depth,biological,16,15.94,8.1,NA,NA,NA,2.2,975,0,51.77943387,-127.8717879,sand,NA,NA,NA,seagrass,zostera,seagrass_sand,zostera_sand,91.49,6.71796e-6,35,Metazoa,Arthropoda,Arthropoda,Hymenoptera,Chalcidoidea,NA,NA,NA,TRUE,ASV4145,1,NA
edna0005,ASV4130,motu3238,Spongilla lacustris,Freshwater sponge,species,1,1,NA,NA,6,7,NA,NA,NA,NA,NA,Spongilla lacustris,Freshwater sponge,2018_koeye-estuary_depth,koeye estuary,seagrass,2018-06-19,NA,2018,depth,2,edna_ko_e3_15,depth,biological,16,15.94,8.1,NA,NA,NA,2.2,975,0,51.77943387,-127.8717879,sand,NA,NA,NA,seagrass,zostera,seagrass_sand,zostera_sand,100,3.2351099999999996e-158,309,Metazoa,Porifera,Porifera,Spongillida,Spongillidae,Spongilla,1,0,TRUE,ASV4130,1,Spongilla lacustris
edna0005,ASV6854,motu5331,Littorina sitkana,Sitka periwinkle,species,1,NA,NA,NA,7,NA,NA,NA,NA,NA,NA,Littorina sitkana,Sitka periwinkle,2018_koeye-estuary_depth,koeye estuary,seagrass,2018-06-19,NA,2018,depth,2,edna_ko_e3_15,depth,biological,16,15.94,8.1,NA,NA,NA,2.2,975,0,51.77943387,-127.8717879,sand,NA,NA,NA,seagrass,zostera,seagrass_sand,zostera_sand,100,1.47839e-151,297,Metazoa,Mollusca,Gastropoda,Littorinimorpha,Littorinidae,Littorina,0,0,TRUE,ASV6854,1,Littorina sitkana
edna0005,ASV3534,motu2809,Polypogon,Hexapod,genus,1,NA,NA,1,3,NA,NA,NA,NA,NA,6,Polypogon,Hexapod,2018_koeye-estuary_depth,koeye estuary,seagrass,2018-06-19,NA,2018,depth,2,edna_ko_e3_15,depth,biological,16,15.94,8.1,NA,NA,NA,2.2,975,0,51.77943387,-127.8717879,sand,NA,NA,NA,seagrass,zostera,seagrass_sand,zostera_sand,95.12,6.79151e-6,35,Metazoa,Arthropoda,Arthropoda,Lepidoptera,Noctuoidea,Polypogon,NA,NA,TRUE,ASV3534,1,NA
edna0005,ASV3699,motu2922,Lottia,Limpet,genus,1,1,NA,1,5,6,NA,NA,14,NA,6,Lottia,Limpet,2018_koeye-estuary_depth,koeye estuary,seagrass,2018-06-19,NA,2018,depth,2,edna_ko_e3_15,depth,biological,16,15.94,8.1,NA,NA,NA,2.2,975,0,51.77943387,-127.8717879,sand,NA,NA,NA,seagrass,zostera,seagrass_sand,zostera_sand,100,0.0528743,28,Metazoa,Mollusca,Mollusca,NA,Lottiidae,Lottia,0,0,TRUE,ASV3699,1,NA
edna0005,ASV4478,motu3484,Euryalidae,Brittle star species,family,1,NA,1,NA,4,NA,3,NA,NA,NA,NA,Euryalidae,Brittle star species,2018_koeye-estuary_depth,koeye estuary,seagrass,2018-06-19,NA,2018,depth,2,edna_ko_e3_15,depth,biological,16,15.94,8.1,NA,NA,NA,2.2,975,0,51.77943387,-127.8717879,sand,NA,NA,NA,seagrass,zostera,seagrass_sand,zostera_sand,91.11,8.78538e-5,33,Metazoa,Echinodermata,Echinodermata,Euryalida,Euryalidae,NA,0,0,TRUE,ASV4478,1,NA
edna0005,ASV7238,motu5649,Hydra,Athecate hydroid,genus,1,NA,NA,NA,3,NA,NA,NA,NA,NA,NA,Hydra,Athecate hydroid,2018_koeye-estuary_depth,koeye estuary,seagrass,2018-06-19,NA,2018,depth,2,edna_ko_e3_15,depth,biological,16,15.94,8.1,NA,NA,NA,2.2,975,0,51.77943387,-127.8717879,sand,NA,NA,NA,seagrass,zostera,seagrass_sand,zostera_sand,97.73,1.55734e-146,288,Metazoa,Cnidaria,Cnidaria,Anthoathecata,Hydridae,Hydra,1,0,TRUE,ASV7238,1,NA
edna0005,ASV4945,motu3827,Monopylephorus rubroniveus,Freshwater oligochaete,species,1,1,NA,NA,5,20,NA,NA,NA,NA,NA,Monopylephorus rubroniveus,Freshwater oligochaete,2018_koeye-estuary_depth,koeye estuary,seagrass,2018-06-19,NA,2018,depth,2,edna_ko_e3_15,depth,biological,16,15.94,8.1,NA,NA,NA,2.2,975,0,51.77943387,-127.8717879,sand,NA,NA,NA,seagrass,zostera,seagrass_sand,zostera_sand,94.57,4.39908e-132,262,Metazoa,Annelida,Clitellata,Tubificida,Naididae,Monopylephorus,0,0,TRUE,ASV4945,1,Monopylephorus rubroniveus
edna0007,ASV25,motu22,Acartia (Acartiura) longiremis,Calanoid copepod,species,1,1,1,1,373,704,146,475,524,NA,263,Acartia (Acartiura) longiremis,Calanoid copepod,2018_choked-pass_surface,choked pass,seagrass,2018-06-19,NA,2018,surface,1,edna_ch_i3_00,surface,biological,12.4,30.66,8.05,NA,NA,NA,7,1000,0,51.67529798,-128.1193259,sand,NA,NA,NA,seagrass,zostera,seagrass_sand,zostera_sand,100,1.96163e-160,313,Metazoa,Arthropoda,Copepoda,Calanoida,Acartiidae,Acartia,0,0,TRUE,ASV25,27,Acartia (Acartiura) longiremis
edna0007,ASV81,motu71,Acartia (Acartiura) longiremis,Calanoid copepod,species,1,1,1,1,315,616,20,59,86,NA,NA,Acartia (Acartiura) longiremis,Calanoid copepod,2018_choked-pass_surface,choked pass,seagrass,2018-06-19,NA,2018,surface,1,edna_ch_i3_00,surface,biological,12.4,30.66,8.05,NA,NA,NA,7,1000,0,51.67529798,-128.1193259,sand,NA,NA,NA,seagrass,zostera,seagrass_sand,zostera_sand,100,1.96163e-160,313,Metazoa,Arthropoda,Copepoda,Calanoida,Acartiidae,Acartia,0,0,TRUE,ASV81,23,Acartia (Acartiura) longiremis
edna0007,ASV34,motu31,Centropages abdominalis,Calanoid copepod,species,1,1,1,1,100,124,77,127,167,NA,69,Centropages abdominalis,Calanoid copepod,2018_choked-pass_surface,choked pass,seagrass,2018-06-19,NA,2018,surface,1,edna_ch_i3_00,surface,biological,12.4,30.66,8.05,NA,NA,NA,7,1000,0,51.67529798,-128.1193259,sand,NA,NA,NA,seagrass,zostera,seagrass_sand,zostera_sand,100,1.96163e-160,313,Metazoa,Arthropoda,Copepoda,Calanoida,Centropagidae,Centropages,0,0,TRUE,ASV34,19,Centropages abdominalis
edna0007,ASV143,motu128,Centropages abdominalis,Calanoid copepod,species,1,1,NA,NA,107,94,NA,NA,NA,NA,NA,Centropages abdominalis,Calanoid copepod,2018_choked-pass_surface,choked pass,seagrass,2018-06-19,NA,2018,surface,1,edna_ch_i3_00,surface,biological,12.4,30.66,8.05,NA,NA,NA,7,1000,0,51.67529798,-128.1193259,sand,NA,NA,NA,seagrass,zostera,seagrass_sand,zostera_sand,100,1.96163e-160,313,Metazoa,Arthropoda,Copepoda,Calanoida,Centropagidae,Centropages,0,0,TRUE,ASV143,11,Centropages abdominalis
edna0007,ASV171,motu150,Pseudocalanus mimus,Calanoid copepod,species,1,1,1,1,41,80,31,90,85,NA,NA,Pseudocalanus mimus,Calanoid copepod,2018_choked-pass_surface,choked pass,seagrass,2018-06-19,NA,2018,surface,1,edna_ch_i3_00,surface,biological,12.4,30.66,8.05,NA,NA,NA,7,1000,0,51.67529798,-128.1193259,sand,NA,NA,NA,seagrass,zostera,seagrass_sand,zostera_sand,99.67,9.19139e-154,301,Metazoa,Arthropoda,Copepoda,Calanoida,Clausocalanidae,Pseudocalanus,0,0,TRUE,ASV171,10,Pseudocalanus mimus
edna0007,ASV343,motu303,Pseudocalanus mimus,Calanoid copepod,species,1,1,NA,NA,35,82,NA,NA,NA,NA,NA,Pseudocalanus mimus,Calanoid copepod,2018_choked-pass_surface,choked pass,seagrass,2018-06-19,NA,2018,surface,1,edna_ch_i3_00,surface,biological,12.4,30.66,8.05,NA,NA,NA,7,1000,0,51.67529798,-128.1193259,sand,NA,NA,NA,seagrass,zostera,seagrass_sand,zostera_sand,99.67,9.19139e-154,301,Metazoa,Arthropoda,Copepoda,Calanoida,Clausocalanidae,Pseudocalanus,0,0,TRUE,ASV343,11,Pseudocalanus mimus
edna0007,ASV205,motu181,Pseudocalanus mimus,Calanoid copepod,species,1,1,1,1,25,37,29,49,30,NA,NA,Pseudocalanus mimus,Calanoid copepod,2018_choked-pass_surface,choked pass,seagrass,2018-06-19,NA,2018,surface,1,edna_ch_i3_00,surface,biological,12.4,30.66,8.05,NA,NA,NA,7,1000,0,51.67529798,-128.1193259,sand,NA,NA,NA,seagrass,zostera,seagrass_sand,zostera_sand,100,1.18898e-152,299,Metazoa,Arthropoda,Copepoda,Calanoida,Clausocalanidae,Pseudocalanus,0,0,TRUE,ASV205,8,Pseudocalanus mimus
edna0007,ASV416,motu366,Pseudocalanus mimus,Calanoid copepod,species,1,1,NA,NA,35,49,NA,NA,NA,NA,NA,Pseudocalanus mimus,Calanoid copepod,2018_choked-pass_surface,choked pass,seagrass,2018-06-19,NA,2018,surface,1,edna_ch_i3_00,surface,biological,12.4,30.66,8.05,NA,NA,NA,7,1000,0,51.67529798,-128.1193259,sand,NA,NA,NA,seagrass,zostera,seagrass_sand,zostera_sand,100,1.18898e-152,299,Metazoa,Arthropoda,Copepoda,Calanoida,Clausocalanidae,Pseudocalanus,0,0,TRUE,ASV416,7,Pseudocalanus mimus
edna0007,ASV452,motu183,Euchlanidae,Rotifer,family,1,NA,NA,NA,43,NA,NA,NA,NA,NA,NA,No Results,No Results,2018_choked-pass_surface,choked pass,seagrass,2018-06-19,NA,2018,surface,1,edna_ch_i3_00,surface,biological,12.4,30.66,8.05,NA,NA,NA,7,1000,0,51.67529798,-128.1193259,sand,NA,NA,NA,seagrass,zostera,seagrass_sand,zostera_sand,91.35,3.005919999999998e-29,77,Metazoa,Rotifera,Rotifera,Ploima,Euchlanidae,NA,1,NA,TRUE,ASV208,2,NA
edna0007,ASV377,motu334,Synchaeta pectinata,Rotifer,species,1,NA,NA,NA,4,NA,NA,NA,NA,NA,NA,Synchaeta pectinata,Rotifer,2018_choked-pass_surface,choked pass,seagrass,2018-06-19,NA,2018,surface,1,edna_ch_i3_00,surface,biological,12.4,30.66,8.05,NA,NA,NA,7,1000,0,51.67529798,-128.1193259,sand,NA,NA,NA,seagrass,zostera,seagrass_sand,zostera_sand,90.48,1.6452299999999999e-111,225,Metazoa,Rotifera,Eurotatoria,Ploima,Synchaetidae,Synchaeta,0,0,TRUE,ASV377,5,Synchaeta pectinata
edna0007,ASV435,motu383,Pseudocalanus mimus,Calanoid copepod,species,1,1,NA,NA,26,36,NA,NA,NA,NA,NA,Pseudocalanus mimus,Calanoid copepod,2018_choked-pass_surface,choked pass,seagrass,2018-06-19,NA,2018,surface,1,edna_ch_i3_00,surface,biological,12.4,30.66,8.05,NA,NA,NA,7,1000,0,51.67529798,-128.1193259,sand,NA,NA,NA,seagrass,zostera,seagrass_sand,zostera_sand,99.67,9.19139e-154,301,Metazoa,Arthropoda,Copepoda,Calanoida,Clausocalanidae,Pseudocalanus,0,0,TRUE,ASV435,4,Pseudocalanus mimus
edna0007,ASV498,motu441,Clytia gregaria,Gregarious jellyfish,species,1,1,NA,1,9,11,NA,8,13,NA,NA,Clytia gregaria,Gregarious jellyfish,2018_choked-pass_surface,choked pass,seagrass,2018-06-19,NA,2018,surface,1,edna_ch_i3_00,surface,biological,12.4,30.66,8.05,NA,NA,NA,7,1000,0,51.67529798,-128.1193259,sand,NA,NA,NA,seagrass,zostera,seagrass_sand,zostera_sand,99.68,9.126599999999999e-159,310,Metazoa,Cnidaria,Hydrozoa,Leptothecata,Campanulariidae,Clytia,0,0,TRUE,ASV498,2,Clytia gregaria
edna0007,ASV1793,motu150,Pseudocalanus mimus,Calanoid copepod,species,1,NA,NA,NA,45,NA,NA,NA,NA,NA,NA,Pseudocalanus mimus,Calanoid copepod,2018_choked-pass_surface,choked pass,seagrass,2018-06-19,NA,2018,surface,1,edna_ch_i3_00,surface,biological,12.4,30.66,8.05,NA,NA,NA,7,1000,0,51.67529798,-128.1193259,sand,NA,NA,NA,seagrass,zostera,seagrass_sand,zostera_sand,100,1.97556e-155,304,Metazoa,Arthropoda,Copepoda,Calanoida,Clausocalanidae,Pseudocalanus,0,0,TRUE,ASV171,10,Pseudocalanus mimus
edna0007,ASV1883,motu303,Pseudocalanus mimus,Calanoid copepod,species,1,NA,NA,NA,70,NA,NA,NA,NA,NA,NA,Pseudocalanus mimus,Calanoid copepod,2018_choked-pass_surface,choked pass,seagrass,2018-06-19,NA,2018,surface,1,edna_ch_i3_00,surface,biological,12.4,30.66,8.05,NA,NA,NA,7,1000,0,51.67529798,-128.1193259,sand,NA,NA,NA,seagrass,zostera,seagrass_sand,zostera_sand,100,1.97556e-155,304,Metazoa,Arthropoda,Copepoda,Calanoida,Clausocalanidae,Pseudocalanus,0,0,TRUE,ASV343,11,Pseudocalanus mimus
edna0007,ASV1475,motu1246,Cyanea,Lions mane jellyfish species,genus,1,NA,NA,NA,5,NA,NA,NA,NA,NA,NA,Cyanea,Lions mane jellyfish species,2018_choked-pass_surface,choked pass,seagrass,2018-06-19,NA,2018,surface,1,edna_ch_i3_00,surface,biological,12.4,30.66,8.05,NA,NA,NA,7,1000,0,51.67529798,-128.1193259,sand,NA,NA,NA,seagrass,zostera,seagrass_sand,zostera_sand,100,3.2351099999999996e-158,309,Metazoa,Cnidaria,Scyphozoa,Semaeostomeae,Cyaneidae,Cyanea,0,0,TRUE,ASV1475,2,NA
edna0007,ASV1040,motu897,Oithona similis,Cyclopoid copepod,species,1,1,1,1,21,29,14,20,23,NA,15,Oithona similis,Cyclopoid copepod,2018_choked-pass_surface,choked pass,seagrass,2018-06-19,NA,2018,surface,1,edna_ch_i3_00,surface,biological,12.4,30.66,8.05,NA,NA,NA,7,1000,0,51.67529798,-128.1193259,sand,NA,NA,NA,seagrass,zostera,seagrass_sand,zostera_sand,96.17,2.0179399999999996e-140,277,Metazoa,Arthropoda,Copepoda,Cyclopoida,Oithonidae,Oithona,0,0,TRUE,ASV1040,1,Oithona similis
edna0007,ASV1502,motu1269,Oithona similis,Cyclopoid copepod,species,1,1,NA,NA,20,28,NA,NA,NA,NA,NA,Oithona similis,Cyclopoid copepod,2018_choked-pass_surface,choked pass,seagrass,2018-06-19,NA,2018,surface,1,edna_ch_i3_00,surface,biological,12.4,30.66,8.05,NA,NA,NA,7,1000,0,51.67529798,-128.1193259,sand,NA,NA,NA,seagrass,zostera,seagrass_sand,zostera_sand,96.17,2.0179399999999996e-140,277,Metazoa,Arthropoda,Copepoda,Cyclopoida,Oithonidae,Oithona,0,0,TRUE,ASV1502,1,Oithona similis
edna0007,ASV3043,motu2453,Pseudocalanus mimus,Calanoid copepod,species,1,1,NA,NA,19,23,NA,NA,NA,NA,NA,Pseudocalanus mimus,Calanoid copepod,2018_choked-pass_surface,choked pass,seagrass,2018-06-19,NA,2018,surface,1,edna_ch_i3_00,surface,biological,12.4,30.66,8.05,NA,NA,NA,7,1000,0,51.67529798,-128.1193259,sand,NA,NA,NA,seagrass,zostera,seagrass_sand,zostera_sand,100,1.18898e-152,299,Metazoa,Arthropoda,Copepoda,Calanoida,Clausocalanidae,Pseudocalanus,0,0,TRUE,ASV3043,3,Pseudocalanus mimus
edna0007,ASV2618,motu2123,Insecta,Hexapod,class,1,NA,NA,NA,2,NA,NA,NA,NA,NA,NA,Insecta,Hexapod,2018_choked-pass_surface,choked pass,seagrass,2018-06-19,NA,2018,surface,1,edna_ch_i3_00,surface,biological,12.4,30.66,8.05,NA,NA,NA,7,1000,0,51.67529798,-128.1193259,sand,NA,NA,NA,seagrass,zostera,seagrass_sand,zostera_sand,90.91,1.07393e-43,103,Metazoa,Arthropoda,Arthropoda,NA,NA,NA,NA,NA,TRUE,ASV2618,2,NA
edna0007,ASV3045,motu71,Acartia (Acartiura) longiremis,Calanoid copepod,species,1,1,NA,NA,58,81,NA,NA,NA,NA,NA,Acartia (Acartiura) longiremis,Calanoid copepod,2018_choked-pass_surface,choked pass,seagrass,2018-06-19,NA,2018,surface,1,edna_ch_i3_00,surface,biological,12.4,30.66,8.05,NA,NA,NA,7,1000,0,51.67529798,-128.1193259,sand,NA,NA,NA,seagrass,zostera,seagrass_sand,zostera_sand,99.36,4.246189999999999e-157,307,Metazoa,Arthropoda,Copepoda,Calanoida,Acartiidae,Acartia,0,0,TRUE,ASV81,23,Acartia (Acartiura) longiremis
edna0007,ASV3152,motu22,Acartia (Acartiura) longiremis,Calanoid copepod,species,1,1,NA,NA,52,77,NA,NA,NA,NA,NA,Acartia (Acartiura) longiremis,Calanoid copepod,2018_choked-pass_surface,choked pass,seagrass,2018-06-19,NA,2018,surface,1,edna_ch_i3_00,surface,biological,12.4,30.66,8.05,NA,NA,NA,7,1000,0,51.67529798,-128.1193259,sand,NA,NA,NA,seagrass,zostera,seagrass_sand,zostera_sand,99.36,4.246189999999999e-157,307,Metazoa,Arthropoda,Copepoda,Calanoida,Acartiidae,Acartia,0,0,TRUE,ASV25,27,Acartia (Acartiura) longiremis
edna0007,ASV2232,motu1840,Pseudocalanus mimus,Calanoid copepod,species,1,1,NA,NA,18,22,NA,NA,NA,NA,NA,Pseudocalanus mimus,Calanoid copepod,2018_choked-pass_surface,choked pass,seagrass,2018-06-19,NA,2018,surface,1,edna_ch_i3_00,surface,biological,12.4,30.66,8.05,NA,NA,NA,7,1000,0,51.67529798,-128.1193259,sand,NA,NA,NA,seagrass,zostera,seagrass_sand,zostera_sand,100,1.18898e-152,299,Metazoa,Arthropoda,Copepoda,Calanoida,Clausocalanidae,Pseudocalanus,0,0,TRUE,ASV2232,3,Pseudocalanus mimus
edna0013,ASV25,motu22,Acartia (Acartiura) longiremis,Calanoid copepod,species,1,1,1,1,677,1175,219,889,581,NA,589,Acartia (Acartiura) longiremis,Calanoid copepod,2018_pruth-bay_surface,pruth bay,seagrass,2018-06-19,NA,2018,surface,1,edna_pr_i3_00,surface,biological,14.7,27.8,8.23,NA,NA,NA,2.9,1000,0,51.64585977,-128.1195476,sand,NA,NA,NA,seagrass,zostera,seagrass_sand,zostera_sand,100,1.96163e-160,313,Metazoa,Arthropoda,Copepoda,Calanoida,Acartiidae,Acartia,0,0,TRUE,ASV25,27,Acartia (Acartiura) longiremis
edna0013,ASV81,motu71,Acartia (Acartiura) longiremis,Calanoid copepod,species,1,1,1,1,581,1152,30,208,62,NA,NA,Acartia (Acartiura) longiremis,Calanoid copepod,2018_pruth-bay_surface,pruth bay,seagrass,2018-06-19,NA,2018,surface,1,edna_pr_i3_00,surface,biological,14.7,27.8,8.23,NA,NA,NA,2.9,1000,0,51.64585977,-128.1195476,sand,NA,NA,NA,seagrass,zostera,seagrass_sand,zostera_sand,100,1.96163e-160,313,Metazoa,Arthropoda,Copepoda,Calanoida,Acartiidae,Acartia,0,0,TRUE,ASV81,23,Acartia (Acartiura) longiremis
edna0013,ASV34,motu31,Centropages abdominalis,Calanoid copepod,species,1,1,1,1,536,986,373,1344,831,NA,536,Centropages abdominalis,Calanoid copepod,2018_pruth-bay_surface,pruth bay,seagrass,2018-06-19,NA,2018,surface,1,edna_pr_i3_00,surface,biological,14.7,27.8,8.23,NA,NA,NA,2.9,1000,0,51.64585977,-128.1195476,sand,NA,NA,NA,seagrass,zostera,seagrass_sand,zostera_sand,100,1.96163e-160,313,Metazoa,Arthropoda,Copepoda,Calanoida,Centropagidae,Centropages,0,0,TRUE,ASV34,19,Centropages abdominalis
edna0013,ASV143,motu128,Centropages abdominalis,Calanoid copepod,species,1,1,NA,NA,541,1000,NA,NA,NA,NA,NA,Centropages abdominalis,Calanoid copepod,2018_pruth-bay_surface,pruth bay,seagrass,2018-06-19,NA,2018,surface,1,edna_pr_i3_00,surface,biological,14.7,27.8,8.23,NA,NA,NA,2.9,1000,0,51.64585977,-128.1195476,sand,NA,NA,NA,seagrass,zostera,seagrass_sand,zostera_sand,100,1.96163e-160,313,Metazoa,Arthropoda,Copepoda,Calanoida,Centropagidae,Centropages,0,0,TRUE,ASV143,11,Centropages abdominalis
edna0013,ASV171,motu150,Pseudocalanus mimus,Calanoid copepod,species,1,1,1,1,78,108,75,148,NA,NA,NA,Pseudocalanus mimus,Calanoid copepod,2018_pruth-bay_surface,pruth bay,seagrass,2018-06-19,NA,2018,surface,1,edna_pr_i3_00,surface,biological,14.7,27.8,8.23,NA,NA,NA,2.9,1000,0,51.64585977,-128.1195476,sand,NA,NA,NA,seagrass,zostera,seagrass_sand,zostera_sand,99.67,9.19139e-154,301,Metazoa,Arthropoda,Copepoda,Calanoida,Clausocalanidae,Pseudocalanus,0,0,TRUE,ASV171,10,Pseudocalanus mimus
edna0013,ASV343,motu303,Pseudocalanus mimus,Calanoid copepod,species,1,1,NA,NA,92,155,NA,NA,NA,NA,NA,Pseudocalanus mimus,Calanoid copepod,2018_pruth-bay_surface,pruth bay,seagrass,2018-06-19,NA,2018,surface,1,edna_pr_i3_00,surface,biological,14.7,27.8,8.23,NA,NA,NA,2.9,1000,0,51.64585977,-128.1195476,sand,NA,NA,NA,seagrass,zostera,seagrass_sand,zostera_sand,99.67,9.19139e-154,301,Metazoa,Arthropoda,Copepoda,Calanoida,Clausocalanidae,Pseudocalanus,0,0,TRUE,ASV343,11,Pseudocalanus mimus
edna0013,ASV280,motu190,Mytilus,Mussel species,genus,1,1,1,1,8,24,10,25,20,NA,18,Mytilus trossulus,Bay mussel,2018_pruth-bay_surface,pruth bay,seagrass,2018-06-19,NA,2018,surface,1,edna_pr_i3_00,surface,biological,14.7,27.8,8.23,NA,NA,NA,2.9,1000,0,51.64585977,-128.1195476,sand,NA,NA,NA,seagrass,zostera,seagrass_sand,zostera_sand,100,3.2351099999999996e-158,309,Metazoa,Mollusca,Mollusca,Mytilida,Mytilidae,Mytilus,0,0,TRUE,ASV216,23,NA
edna0013,ASV270,motu199,Mytilus,Mussel species,genus,1,1,1,1,10,17,12,25,23,NA,12,Mytilus trossulus,Bay mussel,2018_pruth-bay_surface,pruth bay,seagrass,2018-06-19,NA,2018,surface,1,edna_pr_i3_00,surface,biological,14.7,27.8,8.23,NA,NA,NA,2.9,1000,0,51.64585977,-128.1195476,sand,NA,NA,NA,seagrass,zostera,seagrass_sand,zostera_sand,100,3.2351099999999996e-158,309,Metazoa,Mollusca,Mollusca,Mytilida,Mytilidae,Mytilus,0,0,TRUE,ASV226,18,NA
edna0013,ASV205,motu181,Pseudocalanus mimus,Calanoid copepod,species,1,1,1,1,53,109,84,129,NA,NA,120,Pseudocalanus mimus,Calanoid copepod,2018_pruth-bay_surface,pruth bay,seagrass,2018-06-19,NA,2018,surface,1,edna_pr_i3_00,surface,biological,14.7,27.8,8.23,NA,NA,NA,2.9,1000,0,51.64585977,-128.1195476,sand,NA,NA,NA,seagrass,zostera,seagrass_sand,zostera_sand,100,1.18898e-152,299,Metazoa,Arthropoda,Copepoda,Calanoida,Clausocalanidae,Pseudocalanus,0,0,TRUE,ASV205,8,Pseudocalanus mimus
edna0013,ASV416,motu366,Pseudocalanus mimus,Calanoid copepod,species,1,1,NA,NA,67,129,NA,NA,NA,NA,NA,Pseudocalanus mimus,Calanoid copepod,2018_pruth-bay_surface,pruth bay,seagrass,2018-06-19,NA,2018,surface,1,edna_pr_i3_00,surface,biological,14.7,27.8,8.23,NA,NA,NA,2.9,1000,0,51.64585977,-128.1195476,sand,NA,NA,NA,seagrass,zostera,seagrass_sand,zostera_sand,100,1.18898e-152,299,Metazoa,Arthropoda,Copepoda,Calanoida,Clausocalanidae,Pseudocalanus,0,0,TRUE,ASV416,7,Pseudocalanus mimus
edna0013,ASV336,motu296,Pseudocalanus newmani,Calanoid copepod,species,1,1,NA,1,148,276,NA,393,175,NA,168,Pseudocalanus newmani,Calanoid copepod,2018_pruth-bay_surface,pruth bay,seagrass,2018-06-19,NA,2018,surface,1,edna_pr_i3_00,surface,biological,14.7,27.8,8.23,NA,NA,NA,2.9,1000,0,51.64585977,-128.1195476,sand,NA,NA,NA,seagrass,zostera,seagrass_sand,zostera_sand,100,1.96163e-160,313,Metazoa,Arthropoda,Copepoda,Calanoida,Clausocalanidae,Pseudocalanus,0,0,TRUE,ASV336,4,Pseudocalanus newmani
edna0013,ASV525,motu461,Chthamalus dalli,Little brown barnacle,species,1,1,1,1,549,1051,184,1096,NA,NA,539,Chthamalus dalli,Little brown barnacle,2018_pruth-bay_surface,pruth bay,seagrass,2018-06-19,NA,2018,surface,1,edna_pr_i3_00,surface,biological,14.7,27.8,8.23,NA,NA,NA,2.9,1000,0,51.64585977,-128.1195476,sand,NA,NA,NA,seagrass,zostera,seagrass_sand,zostera_sand,99.04,7.1053799999999944e-155,303,Metazoa,Arthropoda,Thecostraca,Balanomorpha,Chthamalidae,Chthamalus,0,0,TRUE,ASV525,2,Chthamalus dalli
edna0013,ASV632,motu22,Acartia (Acartiura) longiremis,Calanoid copepod,species,1,1,1,1,133,223,67,276,NA,NA,NA,Acartia (Acartiura) longiremis,Calanoid copepod,2018_pruth-bay_surface,pruth bay,seagrass,2018-06-19,NA,2018,surface,1,edna_pr_i3_00,surface,biological,14.7,27.8,8.23,NA,NA,NA,2.9,1000,0,51.64585977,-128.1195476,sand,NA,NA,NA,seagrass,zostera,seagrass_sand,zostera_sand,99.68,9.126599999999999e-159,310,Metazoa,Arthropoda,Copepoda,Calanoida,Acartiidae,Acartia,0,0,TRUE,ASV25,27,Acartia (Acartiura) longiremis
edna0013,ASV891,motu775,Chthamalus dalli,Little brown barnacle,species,1,1,NA,NA,432,1029,NA,NA,NA,NA,NA,Chthamalus dalli,Little brown barnacle,2018_pruth-bay_surface,pruth bay,seagrass,2018-06-19,NA,2018,surface,1,edna_pr_i3_00,surface,biological,14.7,27.8,8.23,NA,NA,NA,2.9,1000,0,51.64585977,-128.1195476,sand,NA,NA,NA,seagrass,zostera,seagrass_sand,zostera_sand,99.04,7.1053799999999944e-155,303,Metazoa,Arthropoda,Thecostraca,Balanomorpha,Chthamalidae,Chthamalus,0,0,TRUE,ASV891,1,Chthamalus dalli
edna0013,ASV952,motu71,Acartia (Acartiura) longiremis,Calanoid copepod,species,1,1,NA,NA,124,230,NA,NA,NA,NA,NA,Acartia (Acartiura) longiremis,Calanoid copepod,2018_pruth-bay_surface,pruth bay,seagrass,2018-06-19,NA,2018,surface,1,edna_pr_i3_00,surface,biological,14.7,27.8,8.23,NA,NA,NA,2.9,1000,0,51.64585977,-128.1195476,sand,NA,NA,NA,seagrass,zostera,seagrass_sand,zostera_sand,99.68,9.126599999999999e-159,310,Metazoa,Arthropoda,Copepoda,Calanoida,Acartiidae,Acartia,0,0,TRUE,ASV81,23,Acartia (Acartiura) longiremis
edna0013,ASV714,motu22,Acartia (Acartiura) longiremis,Calanoid copepod,species,1,1,NA,NA,51,84,NA,NA,NA,NA,NA,Acartia (Acartiura) longiremis,Calanoid copepod,2018_pruth-bay_surface,pruth bay,seagrass,2018-06-19,NA,2018,surface,1,edna_pr_i3_00,surface,biological,14.7,27.8,8.23,NA,NA,NA,2.9,1000,0,51.64585977,-128.1195476,sand,NA,NA,NA,seagrass,zostera,seagrass_sand,zostera_sand,99.68,9.126599999999999e-159,310,Metazoa,Arthropoda,Copepoda,Calanoida,Acartiidae,Acartia,0,0,TRUE,ASV25,27,Acartia (Acartiura) longiremis
edna0013,ASV1006,motu281,Pseudocalanus newmani,Calanoid copepod,species,1,NA,NA,NA,144,NA,NA,NA,NA,NA,NA,Pseudocalanus newmani,Calanoid copepod,2018_pruth-bay_surface,pruth bay,seagrass,2018-06-19,NA,2018,surface,1,edna_pr_i3_00,surface,biological,14.7,27.8,8.23,NA,NA,NA,2.9,1000,0,51.64585977,-128.1195476,sand,NA,NA,NA,seagrass,zostera,seagrass_sand,zostera_sand,99.68,9.126599999999999e-159,310,Metazoa,Arthropoda,Copepoda,Calanoida,Clausocalanidae,Pseudocalanus,0,0,TRUE,ASV320,6,Pseudocalanus newmani
edna0013,ASV1099,motu71,Acartia (Acartiura) longiremis,Calanoid copepod,species,1,1,NA,NA,53,58,NA,NA,NA,NA,NA,Acartia (Acartiura) longiremis,Calanoid copepod,2018_pruth-bay_surface,pruth bay,seagrass,2018-06-19,NA,2018,surface,1,edna_pr_i3_00,surface,biological,14.7,27.8,8.23,NA,NA,NA,2.9,1000,0,51.64585977,-128.1195476,sand,NA,NA,NA,seagrass,zostera,seagrass_sand,zostera_sand,99.68,9.126599999999999e-159,310,Metazoa,Arthropoda,Copepoda,Calanoida,Acartiidae,Acartia,0,0,TRUE,ASV81,23,Acartia (Acartiura) longiremis
edna0013,ASV558,motu491,Pseudocalanus mimus,Calanoid copepod,species,1,1,1,1,38,85,36,103,47,NA,38,Pseudocalanus mimus,Calanoid copepod,2018_pruth-bay_surface,pruth bay,seagrass,2018-06-19,NA,2018,surface,1,edna_pr_i3_00,surface,biological,14.7,27.8,8.23,NA,NA,NA,2.9,1000,0,51.64585977,-128.1195476,sand,NA,NA,NA,seagrass,zostera,seagrass_sand,zostera_sand,100,7.1053799999999944e-155,303,Metazoa,Arthropoda,Copepoda,Calanoida,Clausocalanidae,Pseudocalanus,0,0,TRUE,ASV558,1,Pseudocalanus mimus
edna0013,ASV960,motu833,Pseudocalanus mimus,Calanoid copepod,species,1,1,NA,NA,49,84,NA,NA,NA,NA,NA,Pseudocalanus mimus,Calanoid copepod,2018_pruth-bay_surface,pruth bay,seagrass,2018-06-19,NA,2018,surface,1,edna_pr_i3_00,surface,biological,14.7,27.8,8.23,NA,NA,NA,2.9,1000,0,51.64585977,-128.1195476,sand,NA,NA,NA,seagrass,zostera,seagrass_sand,zostera_sand,100,7.1053799999999944e-155,303,Metazoa,Arthropoda,Copepoda,Calanoida,Clausocalanidae,Pseudocalanus,0,0,TRUE,ASV960,1,Pseudocalanus mimus
edna0013,ASV1542,motu128,Centropages abdominalis,Calanoid copepod,species,1,1,NA,NA,231,381,NA,NA,NA,NA,NA,Centropages abdominalis,Calanoid copepod,2018_pruth-bay_surface,pruth bay,seagrass,2018-06-19,NA,2018,surface,1,edna_pr_i3_00,surface,biological,14.7,27.8,8.23,NA,NA,NA,2.9,1000,0,51.64585977,-128.1195476,sand,NA,NA,NA,seagrass,zostera,seagrass_sand,zostera_sand,99.68,9.126599999999999e-159,310,Metazoa,Arthropoda,Copepoda,Calanoida,Centropagidae,Centropages,0,0,TRUE,ASV143,11,Centropages abdominalis
edna0013,ASV786,motu31,Centropages abdominalis,Calanoid copepod,species,1,1,1,1,220,367,181,616,320,NA,241,Centropages abdominalis,Calanoid copepod,2018_pruth-bay_surface,pruth bay,seagrass,2018-06-19,NA,2018,surface,1,edna_pr_i3_00,surface,biological,14.7,27.8,8.23,NA,NA,NA,2.9,1000,0,51.64585977,-128.1195476,sand,NA,NA,NA,seagrass,zostera,seagrass_sand,zostera_sand,99.68,9.126599999999999e-159,310,Metazoa,Arthropoda,Copepoda,Calanoida,Centropagidae,Centropages,0,0,TRUE,ASV34,19,Centropages abdominalis
edna0013,ASV709,motu492,Eupolymnia heterobranchia,Brown intertidal spaghetti worm,species,1,1,NA,NA,34,40,NA,NA,NA,NA,NA,Eupolymnia heterobranchia,Brown intertidal spaghetti worm,2018_pruth-bay_surface,pruth bay,seagrass,2018-06-19,NA,2018,surface,1,edna_pr_i3_00,surface,biological,14.7,27.8,8.23,NA,NA,NA,2.9,1000,0,51.64585977,-128.1195476,sand,NA,NA,NA,seagrass,zostera,seagrass_sand,zostera_sand,99.67,6.925819999999995e-155,303,Metazoa,Annelida,Polychaeta,Terebellida,Terebellidae,Eupolymnia,0,0,TRUE,ASV559,3,Eupolymnia heterobranchia
edna0013,ASV1522,motu989,Eupolymnia heterobranchia,Brown intertidal spaghetti worm,species,1,1,NA,NA,26,41,NA,NA,NA,NA,NA,Eupolymnia heterobranchia,Brown intertidal spaghetti worm,2018_pruth-bay_surface,pruth bay,seagrass,2018-06-19,NA,2018,surface,1,edna_pr_i3_00,surface,biological,14.7,27.8,8.23,NA,NA,NA,2.9,1000,0,51.64585977,-128.1195476,sand,NA,NA,NA,seagrass,zostera,seagrass_sand,zostera_sand,99.67,6.925819999999995e-155,303,Metazoa,Annelida,Polychaeta,Terebellida,Terebellidae,Eupolymnia,0,0,TRUE,ASV1154,3,Eupolymnia heterobranchia
edna0013,ASV753,motu492,Eupolymnia heterobranchia,Brown intertidal spaghetti worm,species,1,NA,NA,1,20,NA,NA,60,82,NA,NA,Eupolymnia heterobranchia,Brown intertidal spaghetti worm,2018_pruth-bay_surface,pruth bay,seagrass,2018-06-19,NA,2018,surface,1,edna_pr_i3_00,surface,biological,14.7,27.8,8.23,NA,NA,NA,2.9,1000,0,51.64585977,-128.1195476,sand,NA,NA,NA,seagrass,zostera,seagrass_sand,zostera_sand,100,1.4886099999999998e-156,306,Metazoa,Annelida,Polychaeta,Terebellida,Terebellidae,Eupolymnia,0,0,TRUE,ASV559,3,Eupolymnia heterobranchia
edna0013,ASV1040,motu897,Oithona similis,Cyclopoid copepod,species,1,1,NA,1,10,8,NA,16,NA,NA,NA,Oithona similis,Cyclopoid copepod,2018_pruth-bay_surface,pruth bay,seagrass,2018-06-19,NA,2018,surface,1,edna_pr_i3_00,surface,biological,14.7,27.8,8.23,NA,NA,NA,2.9,1000,0,51.64585977,-128.1195476,sand,NA,NA,NA,seagrass,zostera,seagrass_sand,zostera_sand,96.17,2.0179399999999996e-140,277,Metazoa,Arthropoda,Copepoda,Cyclopoida,Oithonidae,Oithona,0,0,TRUE,ASV1040,1,Oithona similis
edna0013,ASV1502,motu1269,Oithona similis,Cyclopoid copepod,species,1,1,NA,NA,4,7,NA,NA,NA,NA,NA,Oithona similis,Cyclopoid copepod,2018_pruth-bay_surface,pruth bay,seagrass,2018-06-19,NA,2018,surface,1,edna_pr_i3_00,surface,biological,14.7,27.8,8.23,NA,NA,NA,2.9,1000,0,51.64585977,-128.1195476,sand,NA,NA,NA,seagrass,zostera,seagrass_sand,zostera_sand,96.17,2.0179399999999996e-140,277,Metazoa,Arthropoda,Copepoda,Cyclopoida,Oithonidae,Oithona,0,0,TRUE,ASV1502,1,Oithona similis
edna0013,ASV847,motu737,Haminoea vesicula,Blister glassy-bubble,species,1,1,NA,1,14,29,NA,52,16,NA,13,Haminoea vesicula,Blister glassy-bubble,2018_pruth-bay_surface,pruth bay,seagrass,2018-06-19,NA,2018,surface,1,edna_pr_i3_00,surface,biological,14.7,27.8,8.23,NA,NA,NA,2.9,1000,0,51.64585977,-128.1195476,sand,NA,NA,NA,seagrass,zostera,seagrass_sand,zostera_sand,100,1.96163e-160,313,Metazoa,Mollusca,Mollusca,Cephalaspidea,Haminoeidae,Haminoea,0,0,TRUE,ASV847,1,Haminoea vesicula
edna0013,ASV1145,motu557,Macoma nasuta,Bent-nosed clam,species,1,1,1,1,8,8,7,23,NA,NA,NA,Macoma nasuta,Bent-nosed clam,2018_pruth-bay_surface,pruth bay,seagrass,2018-06-19,NA,2018,surface,1,edna_pr_i3_00,surface,biological,14.7,27.8,8.23,NA,NA,NA,2.9,1000,0,51.64585977,-128.1195476,sand,NA,NA,NA,seagrass,zostera,seagrass_sand,zostera_sand,99.36,4.246189999999999e-157,307,Metazoa,Mollusca,Bivalvia,Cardiida,Tellinidae,Macoma,0,0,TRUE,ASV643,4,Macoma nasuta
edna0013,ASV871,motu757,Haminoea vesicula,Blister glassy-bubble,species,1,1,1,1,13,24,9,39,31,NA,11,Haminoea vesicula,Blister glassy-bubble,2018_pruth-bay_surface,pruth bay,seagrass,2018-06-19,NA,2018,surface,1,edna_pr_i3_00,surface,biological,14.7,27.8,8.23,NA,NA,NA,2.9,1000,0,51.64585977,-128.1195476,sand,NA,NA,NA,seagrass,zostera,seagrass_sand,zostera_sand,100,1.96163e-160,313,Metazoa,Mollusca,Mollusca,Cephalaspidea,Haminoeidae,Haminoea,0,0,TRUE,ASV871,1,Haminoea vesicula
edna0013,ASV1748,motu1459,Chaetognatha,Arrow worm,phylum,1,NA,NA,NA,7,NA,NA,NA,NA,NA,NA,Chaetognatha,Arrow worm,2018_pruth-bay_surface,pruth bay,seagrass,2018-06-19,NA,2018,surface,1,edna_pr_i3_00,surface,biological,14.7,27.8,8.23,NA,NA,NA,2.9,1000,0,51.64585977,-128.1195476,sand,NA,NA,NA,seagrass,zostera,seagrass_sand,zostera_sand,95.02,1.63074e-81,171,Metazoa,Chaetognatha,NA,NA,NA,NA,0,0,TRUE,ASV1748,1,NA
edna0013,ASV1443,motu1220,Orobdella,Freshwater leech,genus,1,NA,NA,NA,4,NA,NA,NA,NA,NA,NA,Orobdella,Freshwater leech,2018_pruth-bay_surface,pruth bay,seagrass,2018-06-19,NA,2018,surface,1,edna_pr_i3_00,surface,biological,14.7,27.8,8.23,NA,NA,NA,2.9,1000,0,51.64585977,-128.1195476,sand,NA,NA,NA,seagrass,zostera,seagrass_sand,zostera_sand,97.06,0.0011939,31,Metazoa,Annelida,Annelida,Erpobdelliformes,Orobdellidae,Orobdella,NA,NA,TRUE,ASV1443,1,NA
edna0013,ASV1945,motu1049,Macoma nasuta,Bent-nosed clam,species,1,1,NA,NA,12,10,NA,NA,NA,NA,NA,Macoma nasuta,Bent-nosed clam,2018_pruth-bay_surface,pruth bay,seagrass,2018-06-19,NA,2018,surface,1,edna_pr_i3_00,surface,biological,14.7,27.8,8.23,NA,NA,NA,2.9,1000,0,51.64585977,-128.1195476,sand,NA,NA,NA,seagrass,zostera,seagrass_sand,zostera_sand,99.36,4.246189999999999e-157,307,Metazoa,Mollusca,Bivalvia,Cardiida,Tellinidae,Macoma,0,0,TRUE,ASV1238,3,Macoma nasuta
edna0013,ASV2618,motu2123,Insecta,Hexapod,class,1,1,NA,NA,10,8,NA,NA,NA,NA,NA,Insecta,Hexapod,2018_pruth-bay_surface,pruth bay,seagrass,2018-06-19,NA,2018,surface,1,edna_pr_i3_00,surface,biological,14.7,27.8,8.23,NA,NA,NA,2.9,1000,0,51.64585977,-128.1195476,sand,NA,NA,NA,seagrass,zostera,seagrass_sand,zostera_sand,90.91,1.07393e-43,103,Metazoa,Arthropoda,Arthropoda,NA,NA,NA,NA,NA,TRUE,ASV2618,2,NA
edna0013,ASV2296,motu1890,Insecta,Hexapod,class,1,NA,NA,NA,12,NA,NA,NA,NA,NA,NA,Insecta,Hexapod,2018_pruth-bay_surface,pruth bay,seagrass,2018-06-19,NA,2018,surface,1,edna_pr_i3_00,surface,biological,14.7,27.8,8.23,NA,NA,NA,2.9,1000,0,51.64585977,-128.1195476,sand,NA,NA,NA,seagrass,zostera,seagrass_sand,zostera_sand,90.91,1.07393e-43,103,Metazoa,Arthropoda,Arthropoda,NA,NA,NA,NA,NA,TRUE,ASV2296,3,NA
edna0006,ASV25,motu22,Acartia (Acartiura) longiremis,Calanoid copepod,species,1,1,1,1,149,336,106,NA,46,NA,NA,Acartia (Acartiura) longiremis,Calanoid copepod,2018_koeye-estuary_depth,koeye estuary,seagrass,2018-06-19,NA,2018,depth,3,edna_ko_e3_30,depth,biological,16.1,14.74,8.12,NA,NA,NA,2.5,1000,0,51.77929649,-127.871914,sand,NA,NA,NA,seagrass,zostera,seagrass_sand,zostera_sand,100,1.96163e-160,313,Metazoa,Arthropoda,Copepoda,Calanoida,Acartiidae,Acartia,0,0,TRUE,ASV25,27,Acartia (Acartiura) longiremis
edna0006,ASV81,motu71,Acartia (Acartiura) longiremis,Calanoid copepod,species,1,1,NA,NA,183,308,NA,NA,NA,NA,NA,Acartia (Acartiura) longiremis,Calanoid copepod,2018_koeye-estuary_depth,koeye estuary,seagrass,2018-06-19,NA,2018,depth,3,edna_ko_e3_30,depth,biological,16.1,14.74,8.12,NA,NA,NA,2.5,1000,0,51.77929649,-127.871914,sand,NA,NA,NA,seagrass,zostera,seagrass_sand,zostera_sand,100,1.96163e-160,313,Metazoa,Arthropoda,Copepoda,Calanoida,Acartiidae,Acartia,0,0,TRUE,ASV81,23,Acartia (Acartiura) longiremis
edna0006,ASV34,motu31,Centropages abdominalis,Calanoid copepod,species,1,1,1,1,40,75,44,NA,12,NA,NA,Centropages abdominalis,Calanoid copepod,2018_koeye-estuary_depth,koeye estuary,seagrass,2018-06-19,NA,2018,depth,3,edna_ko_e3_30,depth,biological,16.1,14.74,8.12,NA,NA,NA,2.5,1000,0,51.77929649,-127.871914,sand,NA,NA,NA,seagrass,zostera,seagrass_sand,zostera_sand,100,1.96163e-160,313,Metazoa,Arthropoda,Copepoda,Calanoida,Centropagidae,Centropages,0,0,TRUE,ASV34,19,Centropages abdominalis
edna0006,ASV143,motu128,Centropages abdominalis,Calanoid copepod,species,1,1,NA,NA,30,87,NA,NA,NA,NA,NA,Centropages abdominalis,Calanoid copepod,2018_koeye-estuary_depth,koeye estuary,seagrass,2018-06-19,NA,2018,depth,3,edna_ko_e3_30,depth,biological,16.1,14.74,8.12,NA,NA,NA,2.5,1000,0,51.77929649,-127.871914,sand,NA,NA,NA,seagrass,zostera,seagrass_sand,zostera_sand,100,1.96163e-160,313,Metazoa,Arthropoda,Copepoda,Calanoida,Centropagidae,Centropages,0,0,TRUE,ASV143,11,Centropages abdominalis
edna0006,ASV498,motu441,Clytia gregaria,Gregarious jellyfish,species,1,1,NA,NA,34,31,NA,NA,NA,NA,NA,Clytia gregaria,Gregarious jellyfish,2018_koeye-estuary_depth,koeye estuary,seagrass,2018-06-19,NA,2018,depth,3,edna_ko_e3_30,depth,biological,16.1,14.74,8.12,NA,NA,NA,2.5,1000,0,51.77929649,-127.871914,sand,NA,NA,NA,seagrass,zostera,seagrass_sand,zostera_sand,99.68,9.126599999999999e-159,310,Metazoa,Cnidaria,Hydrozoa,Leptothecata,Campanulariidae,Clytia,0,0,TRUE,ASV498,2,Clytia gregaria
edna0006,ASV1038,motu895,Clytia gregaria,Gregarious jellyfish,species,1,1,NA,NA,22,41,NA,NA,NA,NA,NA,Clytia gregaria,Gregarious jellyfish,2018_koeye-estuary_depth,koeye estuary,seagrass,2018-06-19,NA,2018,depth,3,edna_ko_e3_30,depth,biological,16.1,14.74,8.12,NA,NA,NA,2.5,1000,0,51.77929649,-127.871914,sand,NA,NA,NA,seagrass,zostera,seagrass_sand,zostera_sand,99.68,9.126599999999999e-159,310,Metazoa,Cnidaria,Hydrozoa,Leptothecata,Campanulariidae,Clytia,0,0,TRUE,ASV1038,2,Clytia gregaria
edna0006,ASV2293,motu71,Acartia (Acartiura) longiremis,Calanoid copepod,species,1,1,NA,NA,38,70,NA,NA,NA,NA,NA,Acartia (Acartiura) longiremis,Calanoid copepod,2018_koeye-estuary_depth,koeye estuary,seagrass,2018-06-19,NA,2018,depth,3,edna_ko_e3_30,depth,biological,16.1,14.74,8.12,NA,NA,NA,2.5,1000,0,51.77929649,-127.871914,sand,NA,NA,NA,seagrass,zostera,seagrass_sand,zostera_sand,99.36,4.246189999999999e-157,307,Metazoa,Arthropoda,Copepoda,Calanoida,Acartiidae,Acartia,0,0,TRUE,ASV81,23,Acartia (Acartiura) longiremis
edna0008,ASV25,motu22,Acartia (Acartiura) longiremis,Calanoid copepod,species,1,1,1,1,237,437,139,603,455,NA,558,Acartia (Acartiura) longiremis,Calanoid copepod,2018_choked-pass_surface,choked pass,seagrass,2018-06-19,NA,2018,surface,2,edna_ch_i3_15,surface,biological,12.3,30.69,8.08,NA,NA,NA,7,1000,0,51.67531843,-128.1195572,sand,NA,NA,NA,seagrass,zostera,seagrass_sand,zostera_sand,100,1.96163e-160,313,Metazoa,Arthropoda,Copepoda,Calanoida,Acartiidae,Acartia,0,0,TRUE,ASV25,27,Acartia (Acartiura) longiremis
edna0008,ASV81,motu71,Acartia (Acartiura) longiremis,Calanoid copepod,species,1,1,NA,1,213,444,NA,60,NA,NA,50,Acartia (Acartiura) longiremis,Calanoid copepod,2018_choked-pass_surface,choked pass,seagrass,2018-06-19,NA,2018,surface,2,edna_ch_i3_15,surface,biological,12.3,30.69,8.08,NA,NA,NA,7,1000,0,51.67531843,-128.1195572,sand,NA,NA,NA,seagrass,zostera,seagrass_sand,zostera_sand,100,1.96163e-160,313,Metazoa,Arthropoda,Copepoda,Calanoida,Acartiidae,Acartia,0,0,TRUE,ASV81,23,Acartia (Acartiura) longiremis
edna0008,ASV34,motu31,Centropages abdominalis,Calanoid copepod,species,1,1,1,1,85,155,97,241,206,NA,282,Centropages abdominalis,Calanoid copepod,2018_choked-pass_surface,choked pass,seagrass,2018-06-19,NA,2018,surface,2,edna_ch_i3_15,surface,biological,12.3,30.69,8.08,NA,NA,NA,7,1000,0,51.67531843,-128.1195572,sand,NA,NA,NA,seagrass,zostera,seagrass_sand,zostera_sand,100,1.96163e-160,313,Metazoa,Arthropoda,Copepoda,Calanoida,Centropagidae,Centropages,0,0,TRUE,ASV34,19,Centropages abdominalis
edna0008,ASV143,motu128,Centropages abdominalis,Calanoid copepod,species,1,1,NA,NA,76,171,NA,NA,NA,NA,NA,Centropages abdominalis,Calanoid copepod,2018_choked-pass_surface,choked pass,seagrass,2018-06-19,NA,2018,surface,2,edna_ch_i3_15,surface,biological,12.3,30.69,8.08,NA,NA,NA,7,1000,0,51.67531843,-128.1195572,sand,NA,NA,NA,seagrass,zostera,seagrass_sand,zostera_sand,100,1.96163e-160,313,Metazoa,Arthropoda,Copepoda,Calanoida,Centropagidae,Centropages,0,0,TRUE,ASV143,11,Centropages abdominalis
edna0008,ASV343,motu303,Pseudocalanus mimus,Calanoid copepod,species,1,1,NA,NA,23,34,NA,NA,NA,NA,NA,Pseudocalanus mimus,Calanoid copepod,2018_choked-pass_surface,choked pass,seagrass,2018-06-19,NA,2018,surface,2,edna_ch_i3_15,surface,biological,12.3,30.69,8.08,NA,NA,NA,7,1000,0,51.67531843,-128.1195572,sand,NA,NA,NA,seagrass,zostera,seagrass_sand,zostera_sand,99.67,9.19139e-154,301,Metazoa,Arthropoda,Copepoda,Calanoida,Clausocalanidae,Pseudocalanus,0,0,TRUE,ASV343,11,Pseudocalanus mimus
edna0008,ASV205,motu181,Pseudocalanus mimus,Calanoid copepod,species,1,NA,NA,NA,8,NA,NA,NA,NA,NA,NA,Pseudocalanus mimus,Calanoid copepod,2018_choked-pass_surface,choked pass,seagrass,2018-06-19,NA,2018,surface,2,edna_ch_i3_15,surface,biological,12.3,30.69,8.08,NA,NA,NA,7,1000,0,51.67531843,-128.1195572,sand,NA,NA,NA,seagrass,zostera,seagrass_sand,zostera_sand,100,1.18898e-152,299,Metazoa,Arthropoda,Copepoda,Calanoida,Clausocalanidae,Pseudocalanus,0,0,TRUE,ASV205,8,Pseudocalanus mimus
edna0008,ASV275,motu244,Ophiopholis kennerlyi,Daisy brittle star,species,1,NA,NA,NA,2,NA,NA,NA,NA,NA,NA,Ophiopholis kennerlyi,Daisy brittle star,2018_choked-pass_surface,choked pass,seagrass,2018-06-19,NA,2018,surface,2,edna_ch_i3_15,surface,biological,12.3,30.69,8.08,NA,NA,NA,7,1000,0,51.67531843,-128.1195572,sand,NA,NA,NA,seagrass,zostera,seagrass_sand,zostera_sand,100,1.96163e-160,313,Metazoa,Echinodermata,Echinodermata,Amphilepidida,Ophiopholidae,Ophiopholis,0,0,TRUE,ASV275,7,Ophiopholis kennerlyi
edna0008,ASV498,motu441,Clytia gregaria,Gregarious jellyfish,species,1,NA,1,1,33,NA,35,84,92,NA,141,Clytia gregaria,Gregarious jellyfish,2018_choked-pass_surface,choked pass,seagrass,2018-06-19,NA,2018,surface,2,edna_ch_i3_15,surface,biological,12.3,30.69,8.08,NA,NA,NA,7,1000,0,51.67531843,-128.1195572,sand,NA,NA,NA,seagrass,zostera,seagrass_sand,zostera_sand,99.68,9.126599999999999e-159,310,Metazoa,Cnidaria,Hydrozoa,Leptothecata,Campanulariidae,Clytia,0,0,TRUE,ASV498,2,Clytia gregaria
edna0008,ASV1038,motu895,Clytia gregaria,Gregarious jellyfish,species,1,1,NA,NA,35,66,NA,NA,NA,NA,NA,Clytia gregaria,Gregarious jellyfish,2018_choked-pass_surface,choked pass,seagrass,2018-06-19,NA,2018,surface,2,edna_ch_i3_15,surface,biological,12.3,30.69,8.08,NA,NA,NA,7,1000,0,51.67531843,-128.1195572,sand,NA,NA,NA,seagrass,zostera,seagrass_sand,zostera_sand,99.68,9.126599999999999e-159,310,Metazoa,Cnidaria,Hydrozoa,Leptothecata,Campanulariidae,Clytia,0,0,TRUE,ASV1038,2,Clytia gregaria
edna0008,ASV1289,motu1091,Chthamalus dalli,Little brown barnacle,species,1,1,NA,NA,11,18,NA,NA,NA,NA,NA,Chthamalus dalli,Little brown barnacle,2018_choked-pass_surface,choked pass,seagrass,2018-06-19,NA,2018,surface,2,edna_ch_i3_15,surface,biological,12.3,30.69,8.08,NA,NA,NA,7,1000,0,51.67531843,-128.1195572,sand,NA,NA,NA,seagrass,zostera,seagrass_sand,zostera_sand,99.34,5.31212e-151,296,Metazoa,Arthropoda,Thecostraca,Balanomorpha,Chthamalidae,Chthamalus,0,0,TRUE,ASV1289,3,Chthamalus dalli
edna0008,ASV1040,motu897,Oithona similis,Cyclopoid copepod,species,1,1,1,NA,5,9,4,NA,NA,NA,NA,Oithona similis,Cyclopoid copepod,2018_choked-pass_surface,choked pass,seagrass,2018-06-19,NA,2018,surface,2,edna_ch_i3_15,surface,biological,12.3,30.69,8.08,NA,NA,NA,7,1000,0,51.67531843,-128.1195572,sand,NA,NA,NA,seagrass,zostera,seagrass_sand,zostera_sand,96.17,2.0179399999999996e-140,277,Metazoa,Arthropoda,Copepoda,Cyclopoida,Oithonidae,Oithona,0,0,TRUE,ASV1040,1,Oithona similis
edna0008,ASV814,motu709,Chthamalus dalli,Little brown barnacle,species,1,1,1,1,6,21,13,13,15,NA,30,Chthamalus dalli,Little brown barnacle,2018_choked-pass_surface,choked pass,seagrass,2018-06-19,NA,2018,surface,2,edna_ch_i3_15,surface,biological,12.3,30.69,8.08,NA,NA,NA,7,1000,0,51.67531843,-128.1195572,sand,NA,NA,NA,seagrass,zostera,seagrass_sand,zostera_sand,99.34,5.31212e-151,296,Metazoa,Arthropoda,Thecostraca,Balanomorpha,Chthamalidae,Chthamalus,0,0,TRUE,ASV814,5,Chthamalus dalli
edna0008,ASV1502,motu1269,Oithona similis,Cyclopoid copepod,species,1,1,NA,NA,6,10,NA,NA,NA,NA,NA,Oithona similis,Cyclopoid copepod,2018_choked-pass_surface,choked pass,seagrass,2018-06-19,NA,2018,surface,2,edna_ch_i3_15,surface,biological,12.3,30.69,8.08,NA,NA,NA,7,1000,0,51.67531843,-128.1195572,sand,NA,NA,NA,seagrass,zostera,seagrass_sand,zostera_sand,96.17,2.0179399999999996e-140,277,Metazoa,Arthropoda,Copepoda,Cyclopoida,Oithonidae,Oithona,0,0,TRUE,ASV1502,1,Oithona similis
edna0008,ASV2293,motu71,Acartia (Acartiura) longiremis,Calanoid copepod,species,1,1,NA,NA,56,104,NA,NA,NA,NA,NA,Acartia (Acartiura) longiremis,Calanoid copepod,2018_choked-pass_surface,choked pass,seagrass,2018-06-19,NA,2018,surface,2,edna_ch_i3_15,surface,biological,12.3,30.69,8.08,NA,NA,NA,7,1000,0,51.67531843,-128.1195572,sand,NA,NA,NA,seagrass,zostera,seagrass_sand,zostera_sand,99.36,4.246189999999999e-157,307,Metazoa,Arthropoda,Copepoda,Calanoida,Acartiidae,Acartia,0,0,TRUE,ASV81,23,Acartia (Acartiura) longiremis
edna0009,ASV25,motu22,Acartia (Acartiura) longiremis,Calanoid copepod,species,1,1,1,1,170,339,114,444,289,NA,385,Acartia (Acartiura) longiremis,Calanoid copepod,2018_choked-pass_surface,choked pass,seagrass,2018-06-19,NA,2018,surface,3,edna_ch_i3_30,surface,biological,12.3,30.72,8.07,NA,NA,NA,7.1,1000,0,51.67533222,-128.1197834,sand,NA,NA,NA,seagrass,zostera,seagrass_sand,zostera_sand,100,1.96163e-160,313,Metazoa,Arthropoda,Copepoda,Calanoida,Acartiidae,Acartia,0,0,TRUE,ASV25,27,Acartia (Acartiura) longiremis
edna0009,ASV81,motu71,Acartia (Acartiura) longiremis,Calanoid copepod,species,1,1,NA,1,195,370,NA,129,NA,NA,113,Acartia (Acartiura) longiremis,Calanoid copepod,2018_choked-pass_surface,choked pass,seagrass,2018-06-19,NA,2018,surface,3,edna_ch_i3_30,surface,biological,12.3,30.72,8.07,NA,NA,NA,7.1,1000,0,51.67533222,-128.1197834,sand,NA,NA,NA,seagrass,zostera,seagrass_sand,zostera_sand,100,1.96163e-160,313,Metazoa,Arthropoda,Copepoda,Calanoida,Acartiidae,Acartia,0,0,TRUE,ASV81,23,Acartia (Acartiura) longiremis
edna0009,ASV34,motu31,Centropages abdominalis,Calanoid copepod,species,1,1,1,1,61,102,74,211,118,NA,195,Centropages abdominalis,Calanoid copepod,2018_choked-pass_surface,choked pass,seagrass,2018-06-19,NA,2018,surface,3,edna_ch_i3_30,surface,biological,12.3,30.72,8.07,NA,NA,NA,7.1,1000,0,51.67533222,-128.1197834,sand,NA,NA,NA,seagrass,zostera,seagrass_sand,zostera_sand,100,1.96163e-160,313,Metazoa,Arthropoda,Copepoda,Calanoida,Centropagidae,Centropages,0,0,TRUE,ASV34,19,Centropages abdominalis
edna0009,ASV143,motu128,Centropages abdominalis,Calanoid copepod,species,1,1,NA,NA,59,113,NA,NA,NA,NA,NA,Centropages abdominalis,Calanoid copepod,2018_choked-pass_surface,choked pass,seagrass,2018-06-19,NA,2018,surface,3,edna_ch_i3_30,surface,biological,12.3,30.72,8.07,NA,NA,NA,7.1,1000,0,51.67533222,-128.1197834,sand,NA,NA,NA,seagrass,zostera,seagrass_sand,zostera_sand,100,1.96163e-160,313,Metazoa,Arthropoda,Copepoda,Calanoida,Centropagidae,Centropages,0,0,TRUE,ASV143,11,Centropages abdominalis
edna0009,ASV171,motu150,Pseudocalanus mimus,Calanoid copepod,species,1,1,1,1,97,142,93,112,NA,NA,131,Pseudocalanus mimus,Calanoid copepod,2018_choked-pass_surface,choked pass,seagrass,2018-06-19,NA,2018,surface,3,edna_ch_i3_30,surface,biological,12.3,30.72,8.07,NA,NA,NA,7.1,1000,0,51.67533222,-128.1197834,sand,NA,NA,NA,seagrass,zostera,seagrass_sand,zostera_sand,99.67,9.19139e-154,301,Metazoa,Arthropoda,Copepoda,Calanoida,Clausocalanidae,Pseudocalanus,0,0,TRUE,ASV171,10,Pseudocalanus mimus
edna0009,ASV343,motu303,Pseudocalanus mimus,Calanoid copepod,species,1,1,NA,NA,124,152,NA,NA,NA,NA,NA,Pseudocalanus mimus,Calanoid copepod,2018_choked-pass_surface,choked pass,seagrass,2018-06-19,NA,2018,surface,3,edna_ch_i3_30,surface,biological,12.3,30.72,8.07,NA,NA,NA,7.1,1000,0,51.67533222,-128.1197834,sand,NA,NA,NA,seagrass,zostera,seagrass_sand,zostera_sand,99.67,9.19139e-154,301,Metazoa,Arthropoda,Copepoda,Calanoida,Clausocalanidae,Pseudocalanus,0,0,TRUE,ASV343,11,Pseudocalanus mimus
edna0009,ASV1040,motu897,Oithona similis,Cyclopoid copepod,species,1,NA,NA,1,4,NA,NA,NA,NA,NA,9,Oithona similis,Cyclopoid copepod,2018_choked-pass_surface,choked pass,seagrass,2018-06-19,NA,2018,surface,3,edna_ch_i3_30,surface,biological,12.3,30.72,8.07,NA,NA,NA,7.1,1000,0,51.67533222,-128.1197834,sand,NA,NA,NA,seagrass,zostera,seagrass_sand,zostera_sand,96.17,2.0179399999999996e-140,277,Metazoa,Arthropoda,Copepoda,Cyclopoida,Oithonidae,Oithona,0,0,TRUE,ASV1040,1,Oithona similis
edna0009,ASV1546,motu1303,Chaetognatha,Arrow worm,phylum,1,NA,NA,NA,9,NA,NA,NA,NA,NA,NA,Chaetognatha,Arrow worm,2018_choked-pass_surface,choked pass,seagrass,2018-06-19,NA,2018,surface,3,edna_ch_i3_30,surface,biological,12.3,30.72,8.07,NA,NA,NA,7.1,1000,0,51.67533222,-128.1197834,sand,NA,NA,NA,seagrass,zostera,seagrass_sand,zostera_sand,95.02,1.63074e-81,171,Metazoa,Chaetognatha,NA,NA,NA,NA,0,0,TRUE,ASV1546,2,NA
edna0009,ASV1748,motu1459,Chaetognatha,Arrow worm,phylum,1,NA,NA,NA,5,NA,NA,NA,NA,NA,NA,Chaetognatha,Arrow worm,2018_choked-pass_surface,choked pass,seagrass,2018-06-19,NA,2018,surface,3,edna_ch_i3_30,surface,biological,12.3,30.72,8.07,NA,NA,NA,7.1,1000,0,51.67533222,-128.1197834,sand,NA,NA,NA,seagrass,zostera,seagrass_sand,zostera_sand,95.02,1.63074e-81,171,Metazoa,Chaetognatha,NA,NA,NA,NA,0,0,TRUE,ASV1748,1,NA
edna0009,ASV2725,motu2208,Pseudocalanus mimus,Calanoid copepod,species,1,1,NA,NA,16,24,NA,NA,NA,NA,NA,Pseudocalanus mimus,Calanoid copepod,2018_choked-pass_surface,choked pass,seagrass,2018-06-19,NA,2018,surface,3,edna_ch_i3_30,surface,biological,12.3,30.72,8.07,NA,NA,NA,7.1,1000,0,51.67533222,-128.1197834,sand,NA,NA,NA,seagrass,zostera,seagrass_sand,zostera_sand,100,1.18898e-152,299,Metazoa,Arthropoda,Copepoda,Calanoida,Clausocalanidae,Pseudocalanus,0,0,TRUE,ASV2725,1,Pseudocalanus mimus
edna0011,ASV25,motu22,Acartia (Acartiura) longiremis,Calanoid copepod,species,1,1,1,1,121,236,66,315,344,NA,376,Acartia (Acartiura) longiremis,Calanoid copepod,2018_choked-pass_depth,choked pass,seagrass,2018-06-19,NA,2018,depth,2,edna_ch_i3_15,depth,biological,12.1,30.77,8.08,NA,NA,NA,7,1000,0,51.67531843,-128.1195572,sand,NA,NA,NA,seagrass,zostera,seagrass_sand,zostera_sand,100,1.96163e-160,313,Metazoa,Arthropoda,Copepoda,Calanoida,Acartiidae,Acartia,0,0,TRUE,ASV25,27,Acartia (Acartiura) longiremis
edna0011,ASV81,motu71,Acartia (Acartiura) longiremis,Calanoid copepod,species,1,1,NA,1,91,228,NA,NA,NA,NA,72,Acartia (Acartiura) longiremis,Calanoid copepod,2018_choked-pass_depth,choked pass,seagrass,2018-06-19,NA,2018,depth,2,edna_ch_i3_15,depth,biological,12.1,30.77,8.08,NA,NA,NA,7,1000,0,51.67531843,-128.1195572,sand,NA,NA,NA,seagrass,zostera,seagrass_sand,zostera_sand,100,1.96163e-160,313,Metazoa,Arthropoda,Copepoda,Calanoida,Acartiidae,Acartia,0,0,TRUE,ASV81,23,Acartia (Acartiura) longiremis
edna0011,ASV34,motu31,Centropages abdominalis,Calanoid copepod,species,1,1,1,1,80,138,75,353,250,NA,376,Centropages abdominalis,Calanoid copepod,2018_choked-pass_depth,choked pass,seagrass,2018-06-19,NA,2018,depth,2,edna_ch_i3_15,depth,biological,12.1,30.77,8.08,NA,NA,NA,7,1000,0,51.67531843,-128.1195572,sand,NA,NA,NA,seagrass,zostera,seagrass_sand,zostera_sand,100,1.96163e-160,313,Metazoa,Arthropoda,Copepoda,Calanoida,Centropagidae,Centropages,0,0,TRUE,ASV34,19,Centropages abdominalis
edna0011,ASV143,motu128,Centropages abdominalis,Calanoid copepod,species,1,1,NA,NA,76,149,NA,NA,NA,NA,NA,Centropages abdominalis,Calanoid copepod,2018_choked-pass_depth,choked pass,seagrass,2018-06-19,NA,2018,depth,2,edna_ch_i3_15,depth,biological,12.1,30.77,8.08,NA,NA,NA,7,1000,0,51.67531843,-128.1195572,sand,NA,NA,NA,seagrass,zostera,seagrass_sand,zostera_sand,100,1.96163e-160,313,Metazoa,Arthropoda,Copepoda,Calanoida,Centropagidae,Centropages,0,0,TRUE,ASV143,11,Centropages abdominalis
edna0011,ASV916,motu796,Panopea generosa,Pacific geoduck,species,1,1,NA,NA,37,52,NA,NA,NA,NA,NA,Panopea generosa,Pacific geoduck,2018_choked-pass_depth,choked pass,seagrass,2018-06-19,NA,2018,depth,2,edna_ch_i3_15,depth,biological,12.1,30.77,8.08,NA,NA,NA,7,1000,0,51.67531843,-128.1195572,sand,NA,NA,NA,seagrass,zostera,seagrass_sand,zostera_sand,100,1.96163e-160,313,Metazoa,Mollusca,Bivalvia,Adapedonta,Hiatellidae,Panopea,0,0,TRUE,ASV916,4,Panopea generosa
edna0011,ASV1021,motu883,Balanus nubilus,Giant acorn barnacle,species,1,NA,1,1,58,NA,68,NA,NA,NA,151,Balanus nubilus,Giant acorn barnacle,2018_choked-pass_depth,choked pass,seagrass,2018-06-19,NA,2018,depth,2,edna_ch_i3_15,depth,biological,12.1,30.77,8.08,NA,NA,NA,7,1000,0,51.67531843,-128.1195572,sand,NA,NA,NA,seagrass,zostera,seagrass_sand,zostera_sand,99.68,1.5051499999999994e-156,306,Metazoa,Arthropoda,Thecostraca,Balanomorpha,Balanidae,Balanus,0,0,TRUE,ASV1021,4,Balanus nubilus
edna0011,ASV2962,motu2390,Acartia (Acartiura) longiremis,Calanoid copepod,species,1,1,NA,NA,45,104,NA,NA,NA,NA,NA,Acartia (Acartiura) longiremis,Calanoid copepod,2018_choked-pass_depth,choked pass,seagrass,2018-06-19,NA,2018,depth,2,edna_ch_i3_15,depth,biological,12.1,30.77,8.08,NA,NA,NA,7,1000,0,51.67531843,-128.1195572,sand,NA,NA,NA,seagrass,zostera,seagrass_sand,zostera_sand,99.36,4.246189999999999e-157,307,Metazoa,Arthropoda,Copepoda,Calanoida,Acartiidae,Acartia,0,0,TRUE,ASV2962,2,Acartia (Acartiura) longiremis
edna0011,ASV1357,motu1144,Acartia (Acartiura) longiremis,Calanoid copepod,species,1,1,NA,1,44,103,NA,242,144,NA,256,Acartia (Acartiura) longiremis,Calanoid copepod,2018_choked-pass_depth,choked pass,seagrass,2018-06-19,NA,2018,depth,2,edna_ch_i3_15,depth,biological,12.1,30.77,8.08,NA,NA,NA,7,1000,0,51.67531843,-128.1195572,sand,NA,NA,NA,seagrass,zostera,seagrass_sand,zostera_sand,99.36,4.246189999999999e-157,307,Metazoa,Arthropoda,Copepoda,Calanoida,Acartiidae,Acartia,0,0,TRUE,ASV1357,1,Acartia (Acartiura) longiremis
edna0011,ASV1693,motu1415,Pseudocalanus mimus,Calanoid copepod,species,1,1,1,1,34,41,36,157,103,NA,140,Pseudocalanus mimus,Calanoid copepod,2018_choked-pass_depth,choked pass,seagrass,2018-06-19,NA,2018,depth,2,edna_ch_i3_15,depth,biological,12.1,30.77,8.08,NA,NA,NA,7,1000,0,51.67531843,-128.1195572,sand,NA,NA,NA,seagrass,zostera,seagrass_sand,zostera_sand,99.34,4.27634e-152,298,Metazoa,Arthropoda,Copepoda,Calanoida,Clausocalanidae,Pseudocalanus,0,0,TRUE,ASV1693,1,Pseudocalanus mimus
edna0011,ASV2463,motu2007,Obelia,Sea thread hydroid species,genus,1,1,NA,1,22,43,NA,101,61,NA,NA,Obelia,Sea thread hydroid species,2018_choked-pass_depth,choked pass,seagrass,2018-06-19,NA,2018,depth,2,edna_ch_i3_15,depth,biological,12.1,30.77,8.08,NA,NA,NA,7,1000,0,51.67531843,-128.1195572,sand,NA,NA,NA,seagrass,zostera,seagrass_sand,zostera_sand,93.11,5.6258000000000005e-121,242,Metazoa,Cnidaria,Cnidaria,Leptothecata,Campanulariidae,Obelia,0,0,TRUE,ASV2463,1,NA
edna0011,ASV6045,motu4654,Pseudocalanus mimus,Calanoid copepod,species,1,NA,NA,NA,19,NA,NA,NA,NA,NA,NA,Pseudocalanus mimus,Calanoid copepod,2018_choked-pass_depth,choked pass,seagrass,2018-06-19,NA,2018,depth,2,edna_ch_i3_15,depth,biological,12.1,30.77,8.08,NA,NA,NA,7,1000,0,51.67531843,-128.1195572,sand,NA,NA,NA,seagrass,zostera,seagrass_sand,zostera_sand,99.33,2.5736899999999995e-149,293,Metazoa,Arthropoda,Copepoda,Calanoida,Clausocalanidae,Pseudocalanus,0,0,TRUE,ASV6045,1,Pseudocalanus mimus
edna0011,ASV4498,motu3500,Obelia,Sea thread hydroid species,genus,1,1,NA,NA,15,32,NA,NA,NA,NA,NA,Obelia,Sea thread hydroid species,2018_choked-pass_depth,choked pass,seagrass,2018-06-19,NA,2018,depth,2,edna_ch_i3_15,depth,biological,12.1,30.77,8.08,NA,NA,NA,7,1000,0,51.67531843,-128.1195572,sand,NA,NA,NA,seagrass,zostera,seagrass_sand,zostera_sand,93.11,5.6258000000000005e-121,242,Metazoa,Cnidaria,Cnidaria,Leptothecata,Campanulariidae,Obelia,0,0,TRUE,ASV4498,1,NA
edna0012,ASV25,motu22,Acartia (Acartiura) longiremis,Calanoid copepod,species,1,1,1,1,137,271,103,597,473,NA,636,Acartia (Acartiura) longiremis,Calanoid copepod,2018_choked-pass_depth,choked pass,seagrass,2018-06-19,NA,2018,depth,3,edna_ch_i3_30,depth,biological,12.1,30.76,8.08,NA,NA,NA,7.1,1000,0,51.67533222,-128.1197834,sand,NA,NA,NA,seagrass,zostera,seagrass_sand,zostera_sand,100,1.96163e-160,313,Metazoa,Arthropoda,Copepoda,Calanoida,Acartiidae,Acartia,0,0,TRUE,ASV25,27,Acartia (Acartiura) longiremis
edna0012,ASV81,motu71,Acartia (Acartiura) longiremis,Calanoid copepod,species,1,1,NA,1,141,281,NA,75,61,NA,164,Acartia (Acartiura) longiremis,Calanoid copepod,2018_choked-pass_depth,choked pass,seagrass,2018-06-19,NA,2018,depth,3,edna_ch_i3_30,depth,biological,12.1,30.76,8.08,NA,NA,NA,7.1,1000,0,51.67533222,-128.1197834,sand,NA,NA,NA,seagrass,zostera,seagrass_sand,zostera_sand,100,1.96163e-160,313,Metazoa,Arthropoda,Copepoda,Calanoida,Acartiidae,Acartia,0,0,TRUE,ASV81,23,Acartia (Acartiura) longiremis
edna0012,ASV34,motu31,Centropages abdominalis,Calanoid copepod,species,1,1,1,1,83,71,31,218,220,NA,243,Centropages abdominalis,Calanoid copepod,2018_choked-pass_depth,choked pass,seagrass,2018-06-19,NA,2018,depth,3,edna_ch_i3_30,depth,biological,12.1,30.76,8.08,NA,NA,NA,7.1,1000,0,51.67533222,-128.1197834,sand,NA,NA,NA,seagrass,zostera,seagrass_sand,zostera_sand,100,1.96163e-160,313,Metazoa,Arthropoda,Copepoda,Calanoida,Centropagidae,Centropages,0,0,TRUE,ASV34,19,Centropages abdominalis
edna0012,ASV143,motu128,Centropages abdominalis,Calanoid copepod,species,1,1,NA,1,37,61,NA,NA,NA,NA,12,Centropages abdominalis,Calanoid copepod,2018_choked-pass_depth,choked pass,seagrass,2018-06-19,NA,2018,depth,3,edna_ch_i3_30,depth,biological,12.1,30.76,8.08,NA,NA,NA,7.1,1000,0,51.67533222,-128.1197834,sand,NA,NA,NA,seagrass,zostera,seagrass_sand,zostera_sand,100,1.96163e-160,313,Metazoa,Arthropoda,Copepoda,Calanoida,Centropagidae,Centropages,0,0,TRUE,ASV143,11,Centropages abdominalis
edna0012,ASV834,motu128,Centropages abdominalis,Calanoid copepod,species,1,1,NA,1,34,103,NA,NA,NA,NA,31,Centropages abdominalis,Calanoid copepod,2018_choked-pass_depth,choked pass,seagrass,2018-06-19,NA,2018,depth,3,edna_ch_i3_30,depth,biological,12.1,30.76,8.08,NA,NA,NA,7.1,1000,0,51.67533222,-128.1197834,sand,NA,NA,NA,seagrass,zostera,seagrass_sand,zostera_sand,99.68,9.126599999999999e-159,310,Metazoa,Arthropoda,Copepoda,Calanoida,Centropagidae,Centropages,0,0,TRUE,ASV143,11,Centropages abdominalis
edna0012,ASV587,motu517,Balanus,Barnacle species,genus,1,1,NA,1,8,17,NA,34,33,NA,39,Balanus,Barnacle species,2018_choked-pass_depth,choked pass,seagrass,2018-06-19,NA,2018,depth,3,edna_ch_i3_30,depth,biological,12.1,30.76,8.08,NA,NA,NA,7.1,1000,0,51.67533222,-128.1197834,sand,NA,NA,NA,seagrass,zostera,seagrass_sand,zostera_sand,99.67,6.925819999999995e-155,303,Metazoa,Arthropoda,Arthropoda,Balanomorpha,Balanidae,Balanus,0,0,TRUE,ASV587,10,NA
edna0012,ASV1289,motu1091,Chthamalus dalli,Little brown barnacle,species,1,NA,NA,NA,3,NA,NA,NA,NA,NA,NA,Chthamalus dalli,Little brown barnacle,2018_choked-pass_depth,choked pass,seagrass,2018-06-19,NA,2018,depth,3,edna_ch_i3_30,depth,biological,12.1,30.76,8.08,NA,NA,NA,7.1,1000,0,51.67533222,-128.1197834,sand,NA,NA,NA,seagrass,zostera,seagrass_sand,zostera_sand,99.34,5.31212e-151,296,Metazoa,Arthropoda,Thecostraca,Balanomorpha,Chthamalidae,Chthamalus,0,0,TRUE,ASV1289,3,Chthamalus dalli
edna0012,ASV1382,motu1166,Balanus nubilus,Giant acorn barnacle,species,1,1,NA,1,50,83,NA,170,NA,NA,NA,Balanus nubilus,Giant acorn barnacle,2018_choked-pass_depth,choked pass,seagrass,2018-06-19,NA,2018,depth,3,edna_ch_i3_30,depth,biological,12.1,30.76,8.08,NA,NA,NA,7.1,1000,0,51.67533222,-128.1197834,sand,NA,NA,NA,seagrass,zostera,seagrass_sand,zostera_sand,99.68,9.126599999999999e-159,310,Metazoa,Arthropoda,Thecostraca,Balanomorpha,Balanidae,Balanus,0,0,TRUE,ASV1382,4,Balanus nubilus
edna0012,ASV1957,motu1626,Balanus nubilus,Giant acorn barnacle,species,1,1,NA,NA,37,74,NA,NA,NA,NA,NA,Balanus nubilus,Giant acorn barnacle,2018_choked-pass_depth,choked pass,seagrass,2018-06-19,NA,2018,depth,3,edna_ch_i3_30,depth,biological,12.1,30.76,8.08,NA,NA,NA,7.1,1000,0,51.67533222,-128.1197834,sand,NA,NA,NA,seagrass,zostera,seagrass_sand,zostera_sand,99.68,9.126599999999999e-159,310,Metazoa,Arthropoda,Thecostraca,Balanomorpha,Balanidae,Balanus,0,0,TRUE,ASV1957,3,Balanus nubilus
edna0014,ASV25,motu22,Acartia (Acartiura) longiremis,Calanoid copepod,species,1,1,1,1,135,267,60,295,460,NA,288,Acartia (Acartiura) longiremis,Calanoid copepod,2018_pruth-bay_surface,pruth bay,seagrass,2018-06-19,NA,2018,surface,2,edna_pr_i3_15,surface,biological,14.7,27.76,8.23,NA,NA,NA,3,1000,0,51.64592951,-128.1198341,sand,NA,NA,NA,seagrass,zostera,seagrass_sand,zostera_sand,100,1.96163e-160,313,Metazoa,Arthropoda,Copepoda,Calanoida,Acartiidae,Acartia,0,0,TRUE,ASV25,27,Acartia (Acartiura) longiremis
edna0014,ASV81,motu71,Acartia (Acartiura) longiremis,Calanoid copepod,species,1,1,NA,1,167,204,NA,NA,NA,NA,42,Acartia (Acartiura) longiremis,Calanoid copepod,2018_pruth-bay_surface,pruth bay,seagrass,2018-06-19,NA,2018,surface,2,edna_pr_i3_15,surface,biological,14.7,27.76,8.23,NA,NA,NA,3,1000,0,51.64592951,-128.1198341,sand,NA,NA,NA,seagrass,zostera,seagrass_sand,zostera_sand,100,1.96163e-160,313,Metazoa,Arthropoda,Copepoda,Calanoida,Acartiidae,Acartia,0,0,TRUE,ASV81,23,Acartia (Acartiura) longiremis
edna0014,ASV34,motu31,Centropages abdominalis,Calanoid copepod,species,1,1,1,1,130,184,85,399,398,NA,527,Centropages abdominalis,Calanoid copepod,2018_pruth-bay_surface,pruth bay,seagrass,2018-06-19,NA,2018,surface,2,edna_pr_i3_15,surface,biological,14.7,27.76,8.23,NA,NA,NA,3,1000,0,51.64592951,-128.1198341,sand,NA,NA,NA,seagrass,zostera,seagrass_sand,zostera_sand,100,1.96163e-160,313,Metazoa,Arthropoda,Copepoda,Calanoida,Centropagidae,Centropages,0,0,TRUE,ASV34,19,Centropages abdominalis
edna0014,ASV143,motu128,Centropages abdominalis,Calanoid copepod,species,1,1,NA,NA,94,162,NA,NA,NA,NA,NA,Centropages abdominalis,Calanoid copepod,2018_pruth-bay_surface,pruth bay,seagrass,2018-06-19,NA,2018,surface,2,edna_pr_i3_15,surface,biological,14.7,27.76,8.23,NA,NA,NA,3,1000,0,51.64592951,-128.1198341,sand,NA,NA,NA,seagrass,zostera,seagrass_sand,zostera_sand,100,1.96163e-160,313,Metazoa,Arthropoda,Copepoda,Calanoida,Centropagidae,Centropages,0,0,TRUE,ASV143,11,Centropages abdominalis
edna0014,ASV205,motu181,Pseudocalanus mimus,Calanoid copepod,species,1,1,1,1,34,55,44,185,183,NA,231,Pseudocalanus mimus,Calanoid copepod,2018_pruth-bay_surface,pruth bay,seagrass,2018-06-19,NA,2018,surface,2,edna_pr_i3_15,surface,biological,14.7,27.76,8.23,NA,NA,NA,3,1000,0,51.64592951,-128.1198341,sand,NA,NA,NA,seagrass,zostera,seagrass_sand,zostera_sand,100,1.18898e-152,299,Metazoa,Arthropoda,Copepoda,Calanoida,Clausocalanidae,Pseudocalanus,0,0,TRUE,ASV205,8,Pseudocalanus mimus
edna0014,ASV739,motu643,Pseudocalanus mimus,Calanoid copepod,species,1,NA,NA,NA,38,NA,NA,NA,NA,NA,NA,Pseudocalanus mimus,Calanoid copepod,2018_pruth-bay_surface,pruth bay,seagrass,2018-06-19,NA,2018,surface,2,edna_pr_i3_15,surface,biological,14.7,27.76,8.23,NA,NA,NA,3,1000,0,51.64592951,-128.1198341,sand,NA,NA,NA,seagrass,zostera,seagrass_sand,zostera_sand,99.67,9.19139e-154,301,Metazoa,Arthropoda,Copepoda,Calanoida,Clausocalanidae,Pseudocalanus,0,0,TRUE,ASV739,3,Pseudocalanus mimus
edna0014,ASV559,motu492,Eupolymnia heterobranchia,Brown intertidal spaghetti worm,species,1,1,1,1,124,260,48,337,276,NA,525,Eupolymnia heterobranchia,Brown intertidal spaghetti worm,2018_pruth-bay_surface,pruth bay,seagrass,2018-06-19,NA,2018,surface,2,edna_pr_i3_15,surface,biological,14.7,27.76,8.23,NA,NA,NA,3,1000,0,51.64592951,-128.1198341,sand,NA,NA,NA,seagrass,zostera,seagrass_sand,zostera_sand,100,1.4886099999999998e-156,306,Metazoa,Annelida,Polychaeta,Terebellida,Terebellidae,Eupolymnia,0,0,TRUE,ASV559,3,Eupolymnia heterobranchia
edna0014,ASV1154,motu989,Eupolymnia heterobranchia,Brown intertidal spaghetti worm,species,1,1,NA,NA,117,251,NA,NA,NA,NA,NA,Eupolymnia heterobranchia,Brown intertidal spaghetti worm,2018_pruth-bay_surface,pruth bay,seagrass,2018-06-19,NA,2018,surface,2,edna_pr_i3_15,surface,biological,14.7,27.76,8.23,NA,NA,NA,3,1000,0,51.64592951,-128.1198341,sand,NA,NA,NA,seagrass,zostera,seagrass_sand,zostera_sand,100,1.4886099999999998e-156,306,Metazoa,Annelida,Polychaeta,Terebellida,Terebellidae,Eupolymnia,0,0,TRUE,ASV1154,3,Eupolymnia heterobranchia
edna0014,ASV709,motu492,Eupolymnia heterobranchia,Brown intertidal spaghetti worm,species,1,1,1,1,185,378,77,456,421,NA,711,Eupolymnia heterobranchia,Brown intertidal spaghetti worm,2018_pruth-bay_surface,pruth bay,seagrass,2018-06-19,NA,2018,surface,2,edna_pr_i3_15,surface,biological,14.7,27.76,8.23,NA,NA,NA,3,1000,0,51.64592951,-128.1198341,sand,NA,NA,NA,seagrass,zostera,seagrass_sand,zostera_sand,99.67,6.925819999999995e-155,303,Metazoa,Annelida,Polychaeta,Terebellida,Terebellidae,Eupolymnia,0,0,TRUE,ASV559,3,Eupolymnia heterobranchia
edna0014,ASV1522,motu989,Eupolymnia heterobranchia,Brown intertidal spaghetti worm,species,1,1,NA,NA,177,366,NA,NA,NA,NA,NA,Eupolymnia heterobranchia,Brown intertidal spaghetti worm,2018_pruth-bay_surface,pruth bay,seagrass,2018-06-19,NA,2018,surface,2,edna_pr_i3_15,surface,biological,14.7,27.76,8.23,NA,NA,NA,3,1000,0,51.64592951,-128.1198341,sand,NA,NA,NA,seagrass,zostera,seagrass_sand,zostera_sand,99.67,6.925819999999995e-155,303,Metazoa,Annelida,Polychaeta,Terebellida,Terebellidae,Eupolymnia,0,0,TRUE,ASV1154,3,Eupolymnia heterobranchia
edna0014,ASV753,motu492,Eupolymnia heterobranchia,Brown intertidal spaghetti worm,species,1,1,1,1,85,168,34,236,190,NA,336,Eupolymnia heterobranchia,Brown intertidal spaghetti worm,2018_pruth-bay_surface,pruth bay,seagrass,2018-06-19,NA,2018,surface,2,edna_pr_i3_15,surface,biological,14.7,27.76,8.23,NA,NA,NA,3,1000,0,51.64592951,-128.1198341,sand,NA,NA,NA,seagrass,zostera,seagrass_sand,zostera_sand,100,1.4886099999999998e-156,306,Metazoa,Annelida,Polychaeta,Terebellida,Terebellidae,Eupolymnia,0,0,TRUE,ASV559,3,Eupolymnia heterobranchia
edna0014,ASV2878,motu710,Alitta,Ragworm,genus,1,NA,NA,NA,160,NA,NA,NA,NA,NA,NA,Alitta,Ragworm,2018_pruth-bay_surface,pruth bay,seagrass,2018-06-19,NA,2018,surface,2,edna_pr_i3_15,surface,biological,14.7,27.76,8.23,NA,NA,NA,3,1000,0,51.64592951,-128.1198341,sand,NA,NA,NA,seagrass,zostera,seagrass_sand,zostera_sand,99.68,9.126599999999999e-159,310,Metazoa,Annelida,Polychaeta,Phyllodocida,Nereididae,Alitta,0,0,TRUE,ASV815,2,NA
edna0014,ASV1776,motu989,Eupolymnia heterobranchia,Brown intertidal spaghetti worm,species,1,1,NA,NA,88,169,NA,NA,NA,NA,NA,Eupolymnia heterobranchia,Brown intertidal spaghetti worm,2018_pruth-bay_surface,pruth bay,seagrass,2018-06-19,NA,2018,surface,2,edna_pr_i3_15,surface,biological,14.7,27.76,8.23,NA,NA,NA,3,1000,0,51.64592951,-128.1198341,sand,NA,NA,NA,seagrass,zostera,seagrass_sand,zostera_sand,100,1.4886099999999998e-156,306,Metazoa,Annelida,Polychaeta,Terebellida,Terebellidae,Eupolymnia,0,0,TRUE,ASV1154,3,Eupolymnia heterobranchia
edna0014,ASV1323,motu213,Balanus glandula,Acorn barnacle,species,1,1,1,1,47,99,59,205,165,NA,253,Balanus glandula,Acorn barnacle,2018_pruth-bay_surface,pruth bay,seagrass,2018-06-19,NA,2018,surface,2,edna_pr_i3_15,surface,biological,14.7,27.76,8.23,NA,NA,NA,3,1000,0,51.64592951,-128.1198341,sand,NA,NA,NA,seagrass,zostera,seagrass_sand,zostera_sand,99.35,7.002779999999996e-155,303,Metazoa,Arthropoda,Thecostraca,Balanomorpha,Balanidae,Balanus,0,0,TRUE,ASV242,15,Balanus glandula
edna0014,ASV3525,motu394,Balanus glandula,Acorn barnacle,species,1,1,NA,NA,45,53,NA,NA,NA,NA,NA,Balanus glandula,Acorn barnacle,2018_pruth-bay_surface,pruth bay,seagrass,2018-06-19,NA,2018,surface,2,edna_pr_i3_15,surface,biological,14.7,27.76,8.23,NA,NA,NA,3,1000,0,51.64592951,-128.1198341,sand,NA,NA,NA,seagrass,zostera,seagrass_sand,zostera_sand,99.35,7.002779999999996e-155,303,Metazoa,Arthropoda,Thecostraca,Balanomorpha,Balanidae,Balanus,0,0,TRUE,ASV447,12,Balanus glandula
edna0014,ASV4024,motu3156,Clytia,Thecate Hydroid,genus,1,1,NA,NA,23,23,NA,NA,NA,NA,NA,Clytia,Thecate Hydroid,2018_pruth-bay_surface,pruth bay,seagrass,2018-06-19,NA,2018,surface,2,edna_pr_i3_15,surface,biological,14.7,27.76,8.23,NA,NA,NA,3,1000,0,51.64592951,-128.1198341,sand,NA,NA,NA,seagrass,zostera,seagrass_sand,zostera_sand,100,1.4886099999999998e-156,306,Metazoa,Cnidaria,Cnidaria,Leptothecata,Campanulariidae,Clytia,0,0,TRUE,ASV4024,1,NA
edna0014,ASV2081,motu1721,Clytia,Thecate Hydroid,genus,1,1,NA,1,16,40,NA,92,65,NA,72,Clytia,Thecate Hydroid,2018_pruth-bay_surface,pruth bay,seagrass,2018-06-19,NA,2018,surface,2,edna_pr_i3_15,surface,biological,14.7,27.76,8.23,NA,NA,NA,3,1000,0,51.64592951,-128.1198341,sand,NA,NA,NA,seagrass,zostera,seagrass_sand,zostera_sand,100,1.4886099999999998e-156,306,Metazoa,Cnidaria,Cnidaria,Leptothecata,Campanulariidae,Clytia,0,0,TRUE,ASV2081,1,NA
edna0014,ASV4133,motu3241,Aglaja ocelligera,Spotted Aglaga,species,1,NA,NA,1,10,NA,NA,NA,51,NA,NA,Aglaja ocelligera,Spotted Aglaga,2018_pruth-bay_surface,pruth bay,seagrass,2018-06-19,NA,2018,surface,2,edna_pr_i3_15,surface,biological,14.7,27.76,8.23,NA,NA,NA,3,1000,0,51.64592951,-128.1198341,sand,NA,NA,NA,seagrass,zostera,seagrass_sand,zostera_sand,99.36,4.246189999999999e-157,307,Metazoa,Mollusca,Gastropoda,Cephalaspidea,Aglajidae,Aglaja,0,0,TRUE,ASV4133,1,Aglaja ocelligera
edna0015,ASV25,motu22,Acartia (Acartiura) longiremis,Calanoid copepod,species,1,1,NA,1,77,129,NA,76,176,NA,208,Acartia (Acartiura) longiremis,Calanoid copepod,2018_pruth-bay_surface,pruth bay,seagrass,2018-06-19,NA,2018,surface,3,edna_pr_i3_30,surface,biological,14.6,27.85,8.24,NA,NA,NA,3,1000,plus or minus 50mL,51.64596882,-128.1200866,sand,NA,NA,NA,seagrass,zostera,seagrass_sand,zostera_sand,100,1.96163e-160,313,Metazoa,Arthropoda,Copepoda,Calanoida,Acartiidae,Acartia,0,0,TRUE,ASV25,27,Acartia (Acartiura) longiremis
edna0015,ASV81,motu71,Acartia (Acartiura) longiremis,Calanoid copepod,species,1,1,NA,1,76,137,NA,NA,NA,NA,67,Acartia (Acartiura) longiremis,Calanoid copepod,2018_pruth-bay_surface,pruth bay,seagrass,2018-06-19,NA,2018,surface,3,edna_pr_i3_30,surface,biological,14.6,27.85,8.24,NA,NA,NA,3,1000,plus or minus 50mL,51.64596882,-128.1200866,sand,NA,NA,NA,seagrass,zostera,seagrass_sand,zostera_sand,100,1.96163e-160,313,Metazoa,Arthropoda,Copepoda,Calanoida,Acartiidae,Acartia,0,0,TRUE,ASV81,23,Acartia (Acartiura) longiremis
edna0015,ASV34,motu31,Centropages abdominalis,Calanoid copepod,species,1,1,1,1,274,563,320,346,724,NA,1087,Centropages abdominalis,Calanoid copepod,2018_pruth-bay_surface,pruth bay,seagrass,2018-06-19,NA,2018,surface,3,edna_pr_i3_30,surface,biological,14.6,27.85,8.24,NA,NA,NA,3,1000,plus or minus 50mL,51.64596882,-128.1200866,sand,NA,NA,NA,seagrass,zostera,seagrass_sand,zostera_sand,100,1.96163e-160,313,Metazoa,Arthropoda,Copepoda,Calanoida,Centropagidae,Centropages,0,0,TRUE,ASV34,19,Centropages abdominalis
edna0015,ASV143,motu128,Centropages abdominalis,Calanoid copepod,species,1,1,NA,1,279,543,NA,NA,NA,NA,57,Centropages abdominalis,Calanoid copepod,2018_pruth-bay_surface,pruth bay,seagrass,2018-06-19,NA,2018,surface,3,edna_pr_i3_30,surface,biological,14.6,27.85,8.24,NA,NA,NA,3,1000,plus or minus 50mL,51.64596882,-128.1200866,sand,NA,NA,NA,seagrass,zostera,seagrass_sand,zostera_sand,100,1.96163e-160,313,Metazoa,Arthropoda,Copepoda,Calanoida,Centropagidae,Centropages,0,0,TRUE,ASV143,11,Centropages abdominalis
edna0015,ASV171,motu150,Pseudocalanus mimus,Calanoid copepod,species,1,1,1,1,56,103,70,NA,23,NA,83,Pseudocalanus mimus,Calanoid copepod,2018_pruth-bay_surface,pruth bay,seagrass,2018-06-19,NA,2018,surface,3,edna_pr_i3_30,surface,biological,14.6,27.85,8.24,NA,NA,NA,3,1000,plus or minus 50mL,51.64596882,-128.1200866,sand,NA,NA,NA,seagrass,zostera,seagrass_sand,zostera_sand,99.67,9.19139e-154,301,Metazoa,Arthropoda,Copepoda,Calanoida,Clausocalanidae,Pseudocalanus,0,0,TRUE,ASV171,10,Pseudocalanus mimus
edna0015,ASV343,motu303,Pseudocalanus mimus,Calanoid copepod,species,1,1,NA,NA,39,111,NA,NA,NA,NA,NA,Pseudocalanus mimus,Calanoid copepod,2018_pruth-bay_surface,pruth bay,seagrass,2018-06-19,NA,2018,surface,3,edna_pr_i3_30,surface,biological,14.6,27.85,8.24,NA,NA,NA,3,1000,plus or minus 50mL,51.64596882,-128.1200866,sand,NA,NA,NA,seagrass,zostera,seagrass_sand,zostera_sand,99.67,9.19139e-154,301,Metazoa,Arthropoda,Copepoda,Calanoida,Clausocalanidae,Pseudocalanus,0,0,TRUE,ASV343,11,Pseudocalanus mimus
edna0015,ASV226,motu199,Mytilus trossulus,Bay mussel,species,1,1,1,1,71,181,87,48,160,NA,293,Mytilus trossulus,Bay mussel,2018_pruth-bay_surface,pruth bay,seagrass,2018-06-19,NA,2018,surface,3,edna_pr_i3_30,surface,biological,14.6,27.85,8.24,NA,NA,NA,3,1000,plus or minus 50mL,51.64596882,-128.1200866,sand,NA,NA,NA,seagrass,zostera,seagrass_sand,zostera_sand,100,3.2351099999999996e-158,309,Metazoa,Mollusca,Mollusca,Mytilida,Mytilidae,Mytilus,0,0,TRUE,ASV226,18,Mytilus trossulus
edna0015,ASV216,motu190,Mytilus trossulus,Bay mussel,species,1,1,1,1,80,177,81,41,152,NA,269,Mytilus trossulus,Bay mussel,2018_pruth-bay_surface,pruth bay,seagrass,2018-06-19,NA,2018,surface,3,edna_pr_i3_30,surface,biological,14.6,27.85,8.24,NA,NA,NA,3,1000,plus or minus 50mL,51.64596882,-128.1200866,sand,NA,NA,NA,seagrass,zostera,seagrass_sand,zostera_sand,100,3.2351099999999996e-158,309,Metazoa,Mollusca,Mollusca,Mytilida,Mytilidae,Mytilus,0,0,TRUE,ASV216,23,Mytilus trossulus
edna0015,ASV242,motu213,Balanus glandula,Acorn barnacle,species,1,1,1,1,61,99,58,20,68,NA,202,Balanus glandula,Acorn barnacle,2018_pruth-bay_surface,pruth bay,seagrass,2018-06-19,NA,2018,surface,3,edna_pr_i3_30,surface,biological,14.6,27.85,8.24,NA,NA,NA,3,1000,plus or minus 50mL,51.64596882,-128.1200866,sand,NA,NA,NA,seagrass,zostera,seagrass_sand,zostera_sand,100,3.2351099999999996e-158,309,Metazoa,Arthropoda,Thecostraca,Balanomorpha,Balanidae,Balanus,0,0,TRUE,ASV242,15,Balanus glandula
edna0015,ASV447,motu394,Balanus glandula,Acorn barnacle,species,1,1,NA,NA,52,100,NA,NA,NA,NA,NA,Balanus glandula,Acorn barnacle,2018_pruth-bay_surface,pruth bay,seagrass,2018-06-19,NA,2018,surface,3,edna_pr_i3_30,surface,biological,14.6,27.85,8.24,NA,NA,NA,3,1000,plus or minus 50mL,51.64596882,-128.1200866,sand,NA,NA,NA,seagrass,zostera,seagrass_sand,zostera_sand,100,3.2351099999999996e-158,309,Metazoa,Arthropoda,Thecostraca,Balanomorpha,Balanidae,Balanus,0,0,TRUE,ASV447,12,Balanus glandula
edna0015,ASV941,motu818,Phoronopsis harmeri,Large green phoronid,species,1,1,1,1,149,336,69,146,259,NA,480,Phoronopsis harmeri,Large green phoronid,2018_pruth-bay_surface,pruth bay,seagrass,2018-06-19,NA,2018,surface,3,edna_pr_i3_30,surface,biological,14.6,27.85,8.24,NA,NA,NA,3,1000,plus or minus 50mL,51.64596882,-128.1200866,sand,NA,NA,NA,seagrass,zostera,seagrass_sand,zostera_sand,99.04,1.97556e-155,304,Metazoa,Phoronida,NA,NA,Phoronidae,Phoronopsis,0,0,TRUE,ASV941,1,Phoronopsis harmeri
edna0015,ASV738,motu642,Phoronopsis harmeri,Large green phoronid,species,1,1,1,1,122,278,141,292,507,NA,871,Phoronopsis harmeri,Large green phoronid,2018_pruth-bay_surface,pruth bay,seagrass,2018-06-19,NA,2018,surface,3,edna_pr_i3_30,surface,biological,14.6,27.85,8.24,NA,NA,NA,3,1000,plus or minus 50mL,51.64596882,-128.1200866,sand,NA,NA,NA,seagrass,zostera,seagrass_sand,zostera_sand,99.04,1.97556e-155,304,Metazoa,Phoronida,NA,NA,Phoronidae,Phoronopsis,0,0,TRUE,ASV738,1,Phoronopsis harmeri
edna0015,ASV1675,motu1400,Podon leuckartii,Predatory water flea species,species,1,1,NA,1,101,165,NA,31,71,NA,160,Podon leuckartii,Predatory water flea species,2018_pruth-bay_surface,pruth bay,seagrass,2018-06-19,NA,2018,surface,3,edna_pr_i3_30,surface,biological,14.6,27.85,8.24,NA,NA,NA,3,1000,plus or minus 50mL,51.64596882,-128.1200866,sand,NA,NA,NA,seagrass,zostera,seagrass_sand,zostera_sand,99.68,9.126599999999999e-159,310,Metazoa,Arthropoda,Branchiopoda,Onychopoda,Podonidae,Podon,0,0,TRUE,ASV1675,1,Podon leuckartii
edna0015,ASV1575,motu1327,Podon leuckartii,Predatory water flea species,species,1,1,1,1,77,170,80,37,69,NA,156,Podon leuckartii,Predatory water flea species,2018_pruth-bay_surface,pruth bay,seagrass,2018-06-19,NA,2018,surface,3,edna_pr_i3_30,surface,biological,14.6,27.85,8.24,NA,NA,NA,3,1000,plus or minus 50mL,51.64596882,-128.1200866,sand,NA,NA,NA,seagrass,zostera,seagrass_sand,zostera_sand,99.68,9.126599999999999e-159,310,Metazoa,Arthropoda,Branchiopoda,Onychopoda,Podonidae,Podon,0,0,TRUE,ASV1575,1,Podon leuckartii
edna0015,ASV2618,motu2123,Insecta,Hexapod,class,1,NA,NA,NA,5,NA,NA,NA,NA,NA,NA,Insecta,Hexapod,2018_pruth-bay_surface,pruth bay,seagrass,2018-06-19,NA,2018,surface,3,edna_pr_i3_30,surface,biological,14.6,27.85,8.24,NA,NA,NA,3,1000,plus or minus 50mL,51.64596882,-128.1200866,sand,NA,NA,NA,seagrass,zostera,seagrass_sand,zostera_sand,90.91,1.07393e-43,103,Metazoa,Arthropoda,Arthropoda,NA,NA,NA,NA,NA,TRUE,ASV2618,2,NA
edna0015,ASV4041,motu1091,Chthamalus dalli,Little brown barnacle,species,1,1,NA,NA,29,40,NA,NA,NA,NA,NA,Chthamalus dalli,Little brown barnacle,2018_pruth-bay_surface,pruth bay,seagrass,2018-06-19,NA,2018,surface,3,edna_pr_i3_30,surface,biological,14.6,27.85,8.24,NA,NA,NA,3,1000,plus or minus 50mL,51.64596882,-128.1200866,sand,NA,NA,NA,seagrass,zostera,seagrass_sand,zostera_sand,99.01,2.4714899999999987e-149,293,Metazoa,Arthropoda,Thecostraca,Balanomorpha,Chthamalidae,Chthamalus,0,0,TRUE,ASV1289,3,Chthamalus dalli
edna0015,ASV2612,motu709,Chthamalus dalli,Little brown barnacle,species,1,1,1,1,25,34,17,10,23,NA,91,Chthamalus dalli,Little brown barnacle,2018_pruth-bay_surface,pruth bay,seagrass,2018-06-19,NA,2018,surface,3,edna_pr_i3_30,surface,biological,14.6,27.85,8.24,NA,NA,NA,3,1000,plus or minus 50mL,51.64596882,-128.1200866,sand,NA,NA,NA,seagrass,zostera,seagrass_sand,zostera_sand,99.01,2.4714899999999987e-149,293,Metazoa,Arthropoda,Thecostraca,Balanomorpha,Chthamalidae,Chthamalus,0,0,TRUE,ASV814,5,Chthamalus dalli
edna0015,ASV4340,motu470,Paracalanus,Calanoid copepod,genus,1,1,NA,NA,5,8,NA,NA,NA,NA,NA,Paracalanus parvus parvus,Calanoid copepod,2018_pruth-bay_surface,pruth bay,seagrass,2018-06-19,NA,2018,surface,3,edna_pr_i3_30,surface,biological,14.6,27.85,8.24,NA,NA,NA,3,1000,plus or minus 50mL,51.64596882,-128.1200866,sand,NA,NA,NA,seagrass,zostera,seagrass_sand,zostera_sand,99.01,2.4714899999999987e-149,293,Metazoa,Arthropoda,Arthropoda,Calanoida,Paracalanidae,Paracalanus,0,0,TRUE,ASV536,6,NA
edna0015,ASV2472,motu2014,Ergasilida,Cyclopoid copepod,order,1,NA,NA,NA,7,NA,NA,NA,NA,NA,NA,Ergasilida,Cyclopoid copepod,2018_pruth-bay_surface,pruth bay,seagrass,2018-06-19,NA,2018,surface,3,edna_pr_i3_30,surface,biological,14.6,27.85,8.24,NA,NA,NA,3,1000,plus or minus 50mL,51.64596882,-128.1200866,sand,NA,NA,NA,seagrass,zostera,seagrass_sand,zostera_sand,100,2.51921e-159,311,Metazoa,Arthropoda,Copepoda,Cyclopoida,NA,NA,0,0,FALSE,ASV2472,1,NA
edna0022,ASV25,motu22,Acartia (Acartiura) longiremis,Calanoid copepod,species,1,1,1,1,64,104,38,125,75,NA,105,Acartia (Acartiura) longiremis,Calanoid copepod,2018_chp_surface,chp,beach_seine,2018-07-12,2018-07-10,2018,surface,1,edna_chp_00,surface,biological,12,30.48,8.13,NA,NA,NA,3.5,1000,0,51.67615482,-128.1232837,sand,n,35,e,seagrass,zostera,seagrass_sand,zostera_sand,100,1.96163e-160,313,Metazoa,Arthropoda,Copepoda,Calanoida,Acartiidae,Acartia,0,0,TRUE,ASV25,27,Acartia (Acartiura) longiremis
edna0022,ASV81,motu71,Acartia (Acartiura) longiremis,Calanoid copepod,species,1,1,NA,NA,56,131,NA,NA,NA,NA,NA,Acartia (Acartiura) longiremis,Calanoid copepod,2018_chp_surface,chp,beach_seine,2018-07-12,2018-07-10,2018,surface,1,edna_chp_00,surface,biological,12,30.48,8.13,NA,NA,NA,3.5,1000,0,51.67615482,-128.1232837,sand,n,35,e,seagrass,zostera,seagrass_sand,zostera_sand,100,1.96163e-160,313,Metazoa,Arthropoda,Copepoda,Calanoida,Acartiidae,Acartia,0,0,TRUE,ASV81,23,Acartia (Acartiura) longiremis
edna0022,ASV34,motu31,Centropages abdominalis,Calanoid copepod,species,1,1,1,1,106,190,69,283,186,NA,260,Centropages abdominalis,Calanoid copepod,2018_chp_surface,chp,beach_seine,2018-07-12,2018-07-10,2018,surface,1,edna_chp_00,surface,biological,12,30.48,8.13,NA,NA,NA,3.5,1000,0,51.67615482,-128.1232837,sand,n,35,e,seagrass,zostera,seagrass_sand,zostera_sand,100,1.96163e-160,313,Metazoa,Arthropoda,Copepoda,Calanoida,Centropagidae,Centropages,0,0,TRUE,ASV34,19,Centropages abdominalis
edna0022,ASV143,motu128,Centropages abdominalis,Calanoid copepod,species,1,1,NA,NA,86,185,NA,NA,NA,NA,NA,Centropages abdominalis,Calanoid copepod,2018_chp_surface,chp,beach_seine,2018-07-12,2018-07-10,2018,surface,1,edna_chp_00,surface,biological,12,30.48,8.13,NA,NA,NA,3.5,1000,0,51.67615482,-128.1232837,sand,n,35,e,seagrass,zostera,seagrass_sand,zostera_sand,100,1.96163e-160,313,Metazoa,Arthropoda,Copepoda,Calanoida,Centropagidae,Centropages,0,0,TRUE,ASV143,11,Centropages abdominalis
edna0022,ASV343,motu303,Pseudocalanus mimus,Calanoid copepod,species,1,1,NA,NA,67,88,NA,NA,NA,NA,NA,Pseudocalanus mimus,Calanoid copepod,2018_chp_surface,chp,beach_seine,2018-07-12,2018-07-10,2018,surface,1,edna_chp_00,surface,biological,12,30.48,8.13,NA,NA,NA,3.5,1000,0,51.67615482,-128.1232837,sand,n,35,e,seagrass,zostera,seagrass_sand,zostera_sand,99.67,9.19139e-154,301,Metazoa,Arthropoda,Copepoda,Calanoida,Clausocalanidae,Pseudocalanus,0,0,TRUE,ASV343,11,Pseudocalanus mimus
edna0022,ASV251,motu105,Mesocentrotus franciscanus,Red sea urchin,species,1,1,NA,NA,20,33,NA,NA,NA,NA,NA,Mesocentrotus franciscanus,Red sea urchin,2018_chp_surface,chp,beach_seine,2018-07-12,2018-07-10,2018,surface,1,edna_chp_00,surface,biological,12,30.48,8.13,NA,NA,NA,3.5,1000,0,51.67615482,-128.1232837,sand,n,35,e,seagrass,zostera,seagrass_sand,zostera_sand,100,7.02982e-160,312,Metazoa,Echinodermata,Echinoidea,Camarodonta,Strongylocentrotidae,Mesocentrotus,0,0,TRUE,ASV118,8,Mesocentrotus franciscanus
edna0022,ASV226,motu199,Mytilus trossulus,Bay mussel,species,1,1,1,1,15,22,6,NA,NA,NA,29,Mytilus trossulus,Bay mussel,2018_chp_surface,chp,beach_seine,2018-07-12,2018-07-10,2018,surface,1,edna_chp_00,surface,biological,12,30.48,8.13,NA,NA,NA,3.5,1000,0,51.67615482,-128.1232837,sand,n,35,e,seagrass,zostera,seagrass_sand,zostera_sand,100,3.2351099999999996e-158,309,Metazoa,Mollusca,Mollusca,Mytilida,Mytilidae,Mytilus,0,0,TRUE,ASV226,18,Mytilus trossulus
edna0022,ASV216,motu190,Mytilus trossulus,Bay mussel,species,1,1,1,1,19,17,8,31,13,NA,36,Mytilus trossulus,Bay mussel,2018_chp_surface,chp,beach_seine,2018-07-12,2018-07-10,2018,surface,1,edna_chp_00,surface,biological,12,30.48,8.13,NA,NA,NA,3.5,1000,0,51.67615482,-128.1232837,sand,n,35,e,seagrass,zostera,seagrass_sand,zostera_sand,100,3.2351099999999996e-158,309,Metazoa,Mollusca,Mollusca,Mytilida,Mytilidae,Mytilus,0,0,TRUE,ASV216,23,Mytilus trossulus
edna0022,ASV132,motu118,Mesocentrotus franciscanus,Red sea urchin,species,1,NA,NA,1,17,NA,NA,NA,26,NA,NA,Mesocentrotus franciscanus,Red sea urchin,2018_chp_surface,chp,beach_seine,2018-07-12,2018-07-10,2018,surface,1,edna_chp_00,surface,biological,12,30.48,8.13,NA,NA,NA,3.5,1000,0,51.67615482,-128.1232837,sand,n,35,e,seagrass,zostera,seagrass_sand,zostera_sand,100,2.51921e-159,311,Metazoa,Echinodermata,Echinoidea,Camarodonta,Strongylocentrotidae,Mesocentrotus,0,0,TRUE,ASV132,8,Mesocentrotus franciscanus
edna0022,ASV205,motu181,Pseudocalanus mimus,Calanoid copepod,species,1,1,1,1,68,112,57,227,189,NA,238,Pseudocalanus mimus,Calanoid copepod,2018_chp_surface,chp,beach_seine,2018-07-12,2018-07-10,2018,surface,1,edna_chp_00,surface,biological,12,30.48,8.13,NA,NA,NA,3.5,1000,0,51.67615482,-128.1232837,sand,n,35,e,seagrass,zostera,seagrass_sand,zostera_sand,100,1.18898e-152,299,Metazoa,Arthropoda,Copepoda,Calanoida,Clausocalanidae,Pseudocalanus,0,0,TRUE,ASV205,8,Pseudocalanus mimus
edna0022,ASV416,motu366,Pseudocalanus mimus,Calanoid copepod,species,1,1,NA,1,65,110,NA,NA,73,NA,88,Pseudocalanus mimus,Calanoid copepod,2018_chp_surface,chp,beach_seine,2018-07-12,2018-07-10,2018,surface,1,edna_chp_00,surface,biological,12,30.48,8.13,NA,NA,NA,3.5,1000,0,51.67615482,-128.1232837,sand,n,35,e,seagrass,zostera,seagrass_sand,zostera_sand,100,1.18898e-152,299,Metazoa,Arthropoda,Copepoda,Calanoida,Clausocalanidae,Pseudocalanus,0,0,TRUE,ASV416,7,Pseudocalanus mimus
edna0022,ASV232,motu204,Cecidomyiidae,Hexapod,genus,1,1,1,1,84,168,50,331,179,NA,280,Cecidomyiidae,Hexapod,2018_chp_surface,chp,beach_seine,2018-07-12,2018-07-10,2018,surface,1,edna_chp_00,surface,biological,12,30.48,8.13,NA,NA,NA,3.5,1000,0,51.67615482,-128.1232837,sand,n,35,e,seagrass,zostera,seagrass_sand,zostera_sand,100,0.00408744,30,Metazoa,Arthropoda,Arthropoda,Diptera,Cecidomyiidae,Cecidomyiidae,NA,NA,TRUE,ASV232,1,NA
edna0022,ASV285,motu244,Ophiopholis,Brittle star species,genus,1,1,1,1,53,89,31,95,59,NA,86,Ophiopholis kennerlyi,Daisy brittle star,2018_chp_surface,chp,beach_seine,2018-07-12,2018-07-10,2018,surface,1,edna_chp_00,surface,biological,12,30.48,8.13,NA,NA,NA,3.5,1000,0,51.67615482,-128.1232837,sand,n,35,e,seagrass,zostera,seagrass_sand,zostera_sand,100,1.96163e-160,313,Metazoa,Echinodermata,Echinodermata,Amphilepidida,Ophiopholidae,Ophiopholis,0,0,TRUE,ASV275,7,NA
edna0022,ASV595,motu522,Cecidomyiidae,Hexapod,genus,1,1,NA,NA,82,164,NA,NA,NA,NA,NA,Cecidomyiidae,Hexapod,2018_chp_surface,chp,beach_seine,2018-07-12,2018-07-10,2018,surface,1,edna_chp_00,surface,biological,12,30.48,8.13,NA,NA,NA,3.5,1000,0,51.67615482,-128.1232837,sand,n,35,e,seagrass,zostera,seagrass_sand,zostera_sand,100,0.00408744,30,Metazoa,Arthropoda,Arthropoda,Diptera,Cecidomyiidae,Cecidomyiidae,NA,NA,TRUE,ASV595,1,NA
edna0022,ASV603,motu529,Ophiopholis kennerlyi,Daisy brittle star,species,1,NA,NA,NA,40,NA,NA,NA,NA,NA,NA,Ophiopholis kennerlyi,Daisy brittle star,2018_chp_surface,chp,beach_seine,2018-07-12,2018-07-10,2018,surface,1,edna_chp_00,surface,biological,12,30.48,8.13,NA,NA,NA,3.5,1000,0,51.67615482,-128.1232837,sand,n,35,e,seagrass,zostera,seagrass_sand,zostera_sand,100,1.96163e-160,313,Metazoa,Echinodermata,Echinodermata,Amphilepidida,Ophiopholidae,Ophiopholis,0,0,TRUE,ASV603,6,Ophiopholis kennerlyi
edna0022,ASV498,motu441,Clytia gregaria,Gregarious jellyfish,species,1,1,1,1,93,160,54,211,152,NA,214,Clytia gregaria,Gregarious jellyfish,2018_chp_surface,chp,beach_seine,2018-07-12,2018-07-10,2018,surface,1,edna_chp_00,surface,biological,12,30.48,8.13,NA,NA,NA,3.5,1000,0,51.67615482,-128.1232837,sand,n,35,e,seagrass,zostera,seagrass_sand,zostera_sand,99.68,9.126599999999999e-159,310,Metazoa,Cnidaria,Hydrozoa,Leptothecata,Campanulariidae,Clytia,0,0,TRUE,ASV498,2,Clytia gregaria
edna0022,ASV634,motu517,Balanus,Barnacle species,genus,1,1,NA,1,14,24,NA,49,19,NA,35,Balanus,Barnacle species,2018_chp_surface,chp,beach_seine,2018-07-12,2018-07-10,2018,surface,1,edna_chp_00,surface,biological,12,30.48,8.13,NA,NA,NA,3.5,1000,0,51.67615482,-128.1232837,sand,n,35,e,seagrass,zostera,seagrass_sand,zostera_sand,100,1.4886099999999998e-156,306,Metazoa,Arthropoda,Arthropoda,Balanomorpha,Balanidae,Balanus,0,0,TRUE,ASV587,10,NA
edna0022,ASV1038,motu895,Clytia gregaria,Gregarious jellyfish,species,1,1,NA,NA,79,143,NA,NA,NA,NA,NA,Clytia gregaria,Gregarious jellyfish,2018_chp_surface,chp,beach_seine,2018-07-12,2018-07-10,2018,surface,1,edna_chp_00,surface,biological,12,30.48,8.13,NA,NA,NA,3.5,1000,0,51.67615482,-128.1232837,sand,n,35,e,seagrass,zostera,seagrass_sand,zostera_sand,99.68,9.126599999999999e-159,310,Metazoa,Cnidaria,Hydrozoa,Leptothecata,Campanulariidae,Clytia,0,0,TRUE,ASV1038,2,Clytia gregaria
edna0022,ASV750,motu654,Orobdella,Freshwater leech,genus,1,1,1,NA,11,14,6,NA,NA,NA,NA,Orobdella,Freshwater leech,2018_chp_surface,chp,beach_seine,2018-07-12,2018-07-10,2018,surface,1,edna_chp_00,surface,biological,12,30.48,8.13,NA,NA,NA,3.5,1000,0,51.67615482,-128.1232837,sand,n,35,e,seagrass,zostera,seagrass_sand,zostera_sand,97.06,0.00121031,31,Metazoa,Annelida,Annelida,Erpobdelliformes,Orobdellidae,Orobdella,NA,NA,TRUE,ASV750,1,NA
edna0022,ASV978,motu848,Halosydna brevisetosa,Shortscaled worm,species,1,1,NA,1,8,20,NA,NA,26,NA,NA,Halosydna brevisetosa,Shortscaled worm,2018_chp_surface,chp,beach_seine,2018-07-12,2018-07-10,2018,surface,1,edna_chp_00,surface,biological,12,30.48,8.13,NA,NA,NA,3.5,1000,0,51.67615482,-128.1232837,sand,n,35,e,seagrass,zostera,seagrass_sand,zostera_sand,100,1.96163e-160,313,Metazoa,Annelida,Polychaeta,Phyllodocida,Polynoidae,Halosydna,0,0,TRUE,ASV978,4,Halosydna brevisetosa
edna0022,ASV1187,motu1015,Balanus,Barnacle species,genus,1,1,NA,NA,9,30,NA,NA,NA,NA,NA,Balanus,Barnacle species,2018_chp_surface,chp,beach_seine,2018-07-12,2018-07-10,2018,surface,1,edna_chp_00,surface,biological,12,30.48,8.13,NA,NA,NA,3.5,1000,0,51.67615482,-128.1232837,sand,n,35,e,seagrass,zostera,seagrass_sand,zostera_sand,100,1.4886099999999998e-156,306,Metazoa,Arthropoda,Arthropoda,Balanomorpha,Balanidae,Balanus,0,0,TRUE,ASV1187,5,NA
edna0022,ASV1013,motu876,Orobdella,Freshwater leech,genus,1,1,1,NA,8,14,4,NA,NA,NA,NA,Orobdella,Freshwater leech,2018_chp_surface,chp,beach_seine,2018-07-12,2018-07-10,2018,surface,1,edna_chp_00,surface,biological,12,30.48,8.13,NA,NA,NA,3.5,1000,0,51.67615482,-128.1232837,sand,n,35,e,seagrass,zostera,seagrass_sand,zostera_sand,97.06,0.00121031,31,Metazoa,Annelida,Annelida,Erpobdelliformes,Orobdellidae,Orobdella,NA,NA,TRUE,ASV1013,1,NA
edna0022,ASV1580,motu1330,Sthenelais berkeleyi,Scale worm,species,1,1,NA,NA,20,36,NA,NA,NA,NA,NA,Sthenelais berkeleyi,Scale worm,2018_chp_surface,chp,beach_seine,2018-07-12,2018-07-10,2018,surface,1,edna_chp_00,surface,biological,12,30.48,8.13,NA,NA,NA,3.5,1000,0,51.67615482,-128.1232837,sand,n,35,e,seagrass,zostera,seagrass_sand,zostera_sand,99.04,1.97556e-155,304,Metazoa,Annelida,Polychaeta,Phyllodocida,Sigalionidae,Sthenelais,0,0,TRUE,ASV1580,1,Sthenelais berkeleyi
edna0022,ASV806,motu702,Sthenelais berkeleyi,Scale worm,species,1,1,1,1,34,46,14,53,34,NA,98,Sthenelais berkeleyi,Scale worm,2018_chp_surface,chp,beach_seine,2018-07-12,2018-07-10,2018,surface,1,edna_chp_00,surface,biological,12,30.48,8.13,NA,NA,NA,3.5,1000,0,51.67615482,-128.1232837,sand,n,35,e,seagrass,zostera,seagrass_sand,zostera_sand,99.04,1.97556e-155,304,Metazoa,Annelida,Polychaeta,Phyllodocida,Sigalionidae,Sthenelais,0,0,TRUE,ASV806,1,Sthenelais berkeleyi
edna0022,ASV1445,motu1221,Cistenides granulata,Trumpet worm,species,1,NA,NA,NA,11,NA,NA,NA,NA,NA,NA,Cistenides granulata,Trumpet worm,2018_chp_surface,chp,beach_seine,2018-07-12,2018-07-10,2018,surface,1,edna_chp_00,surface,biological,12,30.48,8.13,NA,NA,NA,3.5,1000,0,51.67615482,-128.1232837,sand,n,35,e,seagrass,zostera,seagrass_sand,zostera_sand,100,1.4886099999999998e-156,306,Metazoa,Annelida,Polychaeta,Terebellida,Pectinariidae,Pectinaria,0,0,TRUE,ASV1445,1,Cistenides granulata
edna0022,ASV838,motu729,Strongylocentrotus purpuratus,Purple sea urchin,species,1,1,NA,1,44,90,NA,141,74,NA,157,Strongylocentrotus purpuratus,Purple sea urchin,2018_chp_surface,chp,beach_seine,2018-07-12,2018-07-10,2018,surface,1,edna_chp_00,surface,biological,12,30.48,8.13,NA,NA,NA,3.5,1000,0,51.67615482,-128.1232837,sand,n,35,e,seagrass,zostera,seagrass_sand,zostera_sand,100,1.96163e-160,313,Metazoa,Echinodermata,Echinoidea,Camarodonta,Strongylocentrotidae,Strongylocentrotus,0,0,TRUE,ASV838,2,Strongylocentrotus purpuratus
edna0022,ASV1546,motu1303,Chaetognatha,Arrow worm,phylum,1,NA,NA,NA,12,NA,NA,NA,NA,NA,NA,Chaetognatha,Arrow worm,2018_chp_surface,chp,beach_seine,2018-07-12,2018-07-10,2018,surface,1,edna_chp_00,surface,biological,12,30.48,8.13,NA,NA,NA,3.5,1000,0,51.67615482,-128.1232837,sand,n,35,e,seagrass,zostera,seagrass_sand,zostera_sand,95.02,1.63074e-81,171,Metazoa,Chaetognatha,NA,NA,NA,NA,0,0,TRUE,ASV1546,2,NA
edna0022,ASV1655,motu1104,Haliotis kamtschatkana,Northern abalone,species,1,1,NA,NA,102,103,NA,NA,NA,NA,NA,Haliotis kamtschatkana,Northern abalone,2018_chp_surface,chp,beach_seine,2018-07-12,2018-07-10,2018,surface,1,edna_chp_00,surface,biological,12,30.48,8.13,NA,NA,NA,3.5,1000,0,51.67615482,-128.1232837,sand,n,35,e,seagrass,zostera,seagrass_sand,zostera_sand,100,7.02982e-160,312,Metazoa,Mollusca,Mollusca,Lepetellida,Haliotidae,Haliotis,0,0,TRUE,ASV1304,9,Haliotis kamtschatkana
edna0022,ASV1950,motu1620,Haliotis kamtschatkana,Northern abalone,species,1,NA,1,1,96,NA,33,98,NA,NA,NA,Haliotis kamtschatkana,Northern abalone,2018_chp_surface,chp,beach_seine,2018-07-12,2018-07-10,2018,surface,1,edna_chp_00,surface,biological,12,30.48,8.13,NA,NA,NA,3.5,1000,0,51.67615482,-128.1232837,sand,n,35,e,seagrass,zostera,seagrass_sand,zostera_sand,100,7.02982e-160,312,Metazoa,Mollusca,Mollusca,Lepetellida,Haliotidae,Haliotis,0,0,TRUE,ASV1950,2,Haliotis kamtschatkana
edna0022,ASV1489,motu1256,Pseudocalanus mimus,Calanoid copepod,species,1,1,NA,1,80,197,NA,101,117,NA,153,Pseudocalanus mimus,Calanoid copepod,2018_chp_surface,chp,beach_seine,2018-07-12,2018-07-10,2018,surface,1,edna_chp_00,surface,biological,12,30.48,8.13,NA,NA,NA,3.5,1000,0,51.67615482,-128.1232837,sand,n,35,e,seagrass,zostera,seagrass_sand,zostera_sand,99.67,5.531789999999998e-151,296,Metazoa,Arthropoda,Copepoda,Calanoida,Clausocalanidae,Pseudocalanus,0,0,TRUE,ASV1489,1,Pseudocalanus mimus
edna0022,ASV2213,motu1826,Mytilus californianus,California mussel,species,1,1,NA,NA,17,22,NA,NA,NA,NA,NA,Mytilus californianus,California mussel,2018_chp_surface,chp,beach_seine,2018-07-12,2018-07-10,2018,surface,1,edna_chp_00,surface,biological,12,30.48,8.13,NA,NA,NA,3.5,1000,0,51.67615482,-128.1232837,sand,n,35,e,seagrass,zostera,seagrass_sand,zostera_sand,100,3.2351099999999996e-158,309,Metazoa,Mollusca,Bivalvia,Mytilida,Mytilidae,Mytilus,0,0,TRUE,ASV2213,3,Mytilus californianus
edna0022,ASV3205,motu150,Pseudocalanus mimus,Calanoid copepod,species,1,1,NA,NA,28,23,NA,NA,NA,NA,NA,Pseudocalanus mimus,Calanoid copepod,2018_chp_surface,chp,beach_seine,2018-07-12,2018-07-10,2018,surface,1,edna_chp_00,surface,biological,12,30.48,8.13,NA,NA,NA,3.5,1000,0,51.67615482,-128.1232837,sand,n,35,e,seagrass,zostera,seagrass_sand,zostera_sand,99.67,9.19139e-154,301,Metazoa,Arthropoda,Copepoda,Calanoida,Clausocalanidae,Pseudocalanus,0,0,TRUE,ASV171,10,Pseudocalanus mimus
edna0022,ASV1599,motu1332,Mytilus californianus,California mussel,species,1,1,1,1,9,20,10,NA,25,NA,NA,Mytilus californianus,California mussel,2018_chp_surface,chp,beach_seine,2018-07-12,2018-07-10,2018,surface,1,edna_chp_00,surface,biological,12,30.48,8.13,NA,NA,NA,3.5,1000,0,51.67615482,-128.1232837,sand,n,35,e,seagrass,zostera,seagrass_sand,zostera_sand,100,3.2351099999999996e-158,309,Metazoa,Mollusca,Bivalvia,Mytilida,Mytilidae,Mytilus,0,0,TRUE,ASV1582,5,Mytilus californianus
edna0022,ASV1758,motu1469,Halosydna brevisetosa,Shortscaled worm,species,1,1,NA,1,8,22,NA,27,23,NA,NA,Halosydna brevisetosa,Shortscaled worm,2018_chp_surface,chp,beach_seine,2018-07-12,2018-07-10,2018,surface,1,edna_chp_00,surface,biological,12,30.48,8.13,NA,NA,NA,3.5,1000,0,51.67615482,-128.1232837,sand,n,35,e,seagrass,zostera,seagrass_sand,zostera_sand,99.31,7.206629999999995e-145,285,Metazoa,Annelida,Polychaeta,Phyllodocida,Polynoidae,Halosydna,0,0,TRUE,ASV1758,2,Halosydna brevisetosa
edna0022,ASV4210,motu536,Sabellariidae,Feather duster worm,family,1,NA,NA,1,11,NA,NA,NA,NA,NA,30,Sabellariidae,Feather duster worm,2018_chp_surface,chp,beach_seine,2018-07-12,2018-07-10,2018,surface,1,edna_chp_00,surface,biological,12,30.48,8.13,NA,NA,NA,3.5,1000,0,51.67615482,-128.1232837,sand,n,35,e,seagrass,zostera,seagrass_sand,zostera_sand,99.35,7.002779999999996e-155,303,Metazoa,Annelida,Polychaeta,NA,Sabellariidae,NA,0,0,TRUE,ASV613,7,NA
edna0022,ASV1714,motu1432,Pleurobrachia bachei,Pacific sea gooseberry,species,1,1,1,1,7,7,5,12,16,NA,18,Pleurobrachia bachei,Pacific sea gooseberry,2018_chp_surface,chp,beach_seine,2018-07-12,2018-07-10,2018,surface,1,edna_chp_00,surface,biological,12,30.48,8.13,NA,NA,NA,3.5,1000,0,51.67615482,-128.1232837,sand,n,35,e,seagrass,zostera,seagrass_sand,zostera_sand,99.68,9.126599999999999e-159,310,Metazoa,Ctenophora,Tentaculata,Cydippida,Cydippidae,Pleurobrachia,0,0,TRUE,ASV1714,1,Pleurobrachia bachei
edna0022,ASV3827,motu2791,Halosydna brevisetosa,Shortscaled worm,species,1,1,NA,NA,9,21,NA,NA,NA,NA,NA,Halosydna brevisetosa,Shortscaled worm,2018_chp_surface,chp,beach_seine,2018-07-12,2018-07-10,2018,surface,1,edna_chp_00,surface,biological,12,30.48,8.13,NA,NA,NA,3.5,1000,0,51.67615482,-128.1232837,sand,n,35,e,seagrass,zostera,seagrass_sand,zostera_sand,99.31,7.206629999999995e-145,285,Metazoa,Annelida,Polychaeta,Phyllodocida,Polynoidae,Halosydna,0,0,TRUE,ASV3512,2,Halosydna brevisetosa
edna0022,ASV3460,motu2747,Neritidae,Nerite snail species,family,1,1,NA,1,10,10,NA,13,NA,NA,18,Neritidae,Nerite snail species,2018_chp_surface,chp,beach_seine,2018-07-12,2018-07-10,2018,surface,1,edna_chp_00,surface,biological,12,30.48,8.13,NA,NA,NA,3.5,1000,0,51.67615482,-128.1232837,sand,n,35,e,seagrass,zostera,seagrass_sand,zostera_sand,90,6.69344e-6,35,Metazoa,Mollusca,Mollusca,Cycloneritida,Neritidae,NA,0,0,TRUE,ASV3460,1,NA
edna0024,ASV25,motu22,Acartia (Acartiura) longiremis,Calanoid copepod,species,1,1,1,1,239,442,92,332,373,NA,590,Acartia (Acartiura) longiremis,Calanoid copepod,2018_chp_surface,chp,beach_seine,2018-07-12,2018-07-10,2018,surface,2,edna_chp_30,surface,biological,12.1,30.4,8.12,NA,NA,NA,3.5,1000,0,51.6763963,-128.123414,sand,n,35,e,seagrass,zostera,seagrass_sand,zostera_sand,100,1.96163e-160,313,Metazoa,Arthropoda,Copepoda,Calanoida,Acartiidae,Acartia,0,0,TRUE,ASV25,27,Acartia (Acartiura) longiremis
edna0024,ASV81,motu71,Acartia (Acartiura) longiremis,Calanoid copepod,species,1,1,NA,1,214,446,NA,NA,NA,NA,44,Acartia (Acartiura) longiremis,Calanoid copepod,2018_chp_surface,chp,beach_seine,2018-07-12,2018-07-10,2018,surface,2,edna_chp_30,surface,biological,12.1,30.4,8.12,NA,NA,NA,3.5,1000,0,51.6763963,-128.123414,sand,n,35,e,seagrass,zostera,seagrass_sand,zostera_sand,100,1.96163e-160,313,Metazoa,Arthropoda,Copepoda,Calanoida,Acartiidae,Acartia,0,0,TRUE,ASV81,23,Acartia (Acartiura) longiremis
edna0024,ASV34,motu31,Centropages abdominalis,Calanoid copepod,species,1,1,1,1,27,43,15,34,47,NA,86,Centropages abdominalis,Calanoid copepod,2018_chp_surface,chp,beach_seine,2018-07-12,2018-07-10,2018,surface,2,edna_chp_30,surface,biological,12.1,30.4,8.12,NA,NA,NA,3.5,1000,0,51.6763963,-128.123414,sand,n,35,e,seagrass,zostera,seagrass_sand,zostera_sand,100,1.96163e-160,313,Metazoa,Arthropoda,Copepoda,Calanoida,Centropagidae,Centropages,0,0,TRUE,ASV34,19,Centropages abdominalis
edna0024,ASV143,motu128,Centropages abdominalis,Calanoid copepod,species,1,1,NA,NA,21,39,NA,NA,NA,NA,NA,Centropages abdominalis,Calanoid copepod,2018_chp_surface,chp,beach_seine,2018-07-12,2018-07-10,2018,surface,2,edna_chp_30,surface,biological,12.1,30.4,8.12,NA,NA,NA,3.5,1000,0,51.6763963,-128.123414,sand,n,35,e,seagrass,zostera,seagrass_sand,zostera_sand,100,1.96163e-160,313,Metazoa,Arthropoda,Copepoda,Calanoida,Centropagidae,Centropages,0,0,TRUE,ASV143,11,Centropages abdominalis
edna0024,ASV171,motu150,Pseudocalanus mimus,Calanoid copepod,species,1,1,1,1,105,125,74,94,NA,NA,173,Pseudocalanus mimus,Calanoid copepod,2018_chp_surface,chp,beach_seine,2018-07-12,2018-07-10,2018,surface,2,edna_chp_30,surface,biological,12.1,30.4,8.12,NA,NA,NA,3.5,1000,0,51.6763963,-128.123414,sand,n,35,e,seagrass,zostera,seagrass_sand,zostera_sand,99.67,9.19139e-154,301,Metazoa,Arthropoda,Copepoda,Calanoida,Clausocalanidae,Pseudocalanus,0,0,TRUE,ASV171,10,Pseudocalanus mimus
edna0024,ASV343,motu303,Pseudocalanus mimus,Calanoid copepod,species,1,1,NA,NA,81,162,NA,NA,NA,NA,NA,Pseudocalanus mimus,Calanoid copepod,2018_chp_surface,chp,beach_seine,2018-07-12,2018-07-10,2018,surface,2,edna_chp_30,surface,biological,12.1,30.4,8.12,NA,NA,NA,3.5,1000,0,51.6763963,-128.123414,sand,n,35,e,seagrass,zostera,seagrass_sand,zostera_sand,99.67,9.19139e-154,301,Metazoa,Arthropoda,Copepoda,Calanoida,Clausocalanidae,Pseudocalanus,0,0,TRUE,ASV343,11,Pseudocalanus mimus
edna0024,ASV307,motu118,Mesocentrotus franciscanus,Red sea urchin,species,1,1,1,NA,149,426,64,NA,NA,NA,NA,Mesocentrotus franciscanus,Red sea urchin,2018_chp_surface,chp,beach_seine,2018-07-12,2018-07-10,2018,surface,2,edna_chp_30,surface,biological,12.1,30.4,8.12,NA,NA,NA,3.5,1000,0,51.6763963,-128.123414,sand,n,35,e,seagrass,zostera,seagrass_sand,zostera_sand,100,7.02982e-160,312,Metazoa,Echinodermata,Echinoidea,Camarodonta,Strongylocentrotidae,Mesocentrotus,0,0,TRUE,ASV132,8,Mesocentrotus franciscanus
edna0024,ASV118,motu105,Mesocentrotus franciscanus,Red sea urchin,species,1,1,NA,1,234,421,NA,352,376,NA,688,Mesocentrotus franciscanus,Red sea urchin,2018_chp_surface,chp,beach_seine,2018-07-12,2018-07-10,2018,surface,2,edna_chp_30,surface,biological,12.1,30.4,8.12,NA,NA,NA,3.5,1000,0,51.6763963,-128.123414,sand,n,35,e,seagrass,zostera,seagrass_sand,zostera_sand,100,2.51921e-159,311,Metazoa,Echinodermata,Echinoidea,Camarodonta,Strongylocentrotidae,Mesocentrotus,0,0,TRUE,ASV118,8,Mesocentrotus franciscanus
edna0024,ASV280,motu190,Mytilus,Mussel species,genus,1,1,NA,1,30,48,NA,38,NA,NA,75,Mytilus trossulus,Bay mussel,2018_chp_surface,chp,beach_seine,2018-07-12,2018-07-10,2018,surface,2,edna_chp_30,surface,biological,12.1,30.4,8.12,NA,NA,NA,3.5,1000,0,51.6763963,-128.123414,sand,n,35,e,seagrass,zostera,seagrass_sand,zostera_sand,100,3.2351099999999996e-158,309,Metazoa,Mollusca,Mollusca,Mytilida,Mytilidae,Mytilus,0,0,TRUE,ASV216,23,NA
edna0024,ASV270,motu199,Mytilus,Mussel species,genus,1,1,1,1,33,56,21,37,NA,NA,57,Mytilus trossulus,Bay mussel,2018_chp_surface,chp,beach_seine,2018-07-12,2018-07-10,2018,surface,2,edna_chp_30,surface,biological,12.1,30.4,8.12,NA,NA,NA,3.5,1000,0,51.6763963,-128.123414,sand,n,35,e,seagrass,zostera,seagrass_sand,zostera_sand,100,3.2351099999999996e-158,309,Metazoa,Mollusca,Mollusca,Mytilida,Mytilidae,Mytilus,0,0,TRUE,ASV226,18,NA
edna0024,ASV232,motu204,Cecidomyiidae,Hexapod,genus,1,1,1,1,123,223,74,143,209,NA,345,Cecidomyiidae,Hexapod,2018_chp_surface,chp,beach_seine,2018-07-12,2018-07-10,2018,surface,2,edna_chp_30,surface,biological,12.1,30.4,8.12,NA,NA,NA,3.5,1000,0,51.6763963,-128.123414,sand,n,35,e,seagrass,zostera,seagrass_sand,zostera_sand,100,0.00408744,30,Metazoa,Arthropoda,Arthropoda,Diptera,Cecidomyiidae,Cecidomyiidae,NA,NA,TRUE,ASV232,1,NA
edna0024,ASV285,motu244,Ophiopholis,Brittle star species,genus,1,NA,NA,NA,6,NA,NA,NA,NA,NA,NA,Ophiopholis kennerlyi,Daisy brittle star,2018_chp_surface,chp,beach_seine,2018-07-12,2018-07-10,2018,surface,2,edna_chp_30,surface,biological,12.1,30.4,8.12,NA,NA,NA,3.5,1000,0,51.6763963,-128.123414,sand,n,35,e,seagrass,zostera,seagrass_sand,zostera_sand,100,1.96163e-160,313,Metazoa,Echinodermata,Echinodermata,Amphilepidida,Ophiopholidae,Ophiopholis,0,0,TRUE,ASV275,7,NA
edna0024,ASV595,motu522,Cecidomyiidae,Hexapod,genus,1,1,NA,NA,93,215,NA,NA,NA,NA,NA,Cecidomyiidae,Hexapod,2018_chp_surface,chp,beach_seine,2018-07-12,2018-07-10,2018,surface,2,edna_chp_30,surface,biological,12.1,30.4,8.12,NA,NA,NA,3.5,1000,0,51.6763963,-128.123414,sand,n,35,e,seagrass,zostera,seagrass_sand,zostera_sand,100,0.00408744,30,Metazoa,Arthropoda,Arthropoda,Diptera,Cecidomyiidae,Cecidomyiidae,NA,NA,TRUE,ASV595,1,NA
edna0024,ASV536,motu470,Paracalanus parvus parvus,Calanoid copepod,species,1,1,NA,NA,6,6,NA,NA,NA,NA,NA,Paracalanus parvus parvus,Calanoid copepod,2018_chp_surface,chp,beach_seine,2018-07-12,2018-07-10,2018,surface,2,edna_chp_30,surface,biological,12.1,30.4,8.12,NA,NA,NA,3.5,1000,0,51.6763963,-128.123414,sand,n,35,e,seagrass,zostera,seagrass_sand,zostera_sand,100,1.17454e-132,263,Metazoa,Arthropoda,Copepoda,Calanoida,Paracalanidae,Paracalanus,0,0,TRUE,ASV536,6,Paracalanus parvus parvus
edna0024,ASV390,motu343,Dodecaceria,Cirratulid polychaete,genus,1,NA,NA,NA,8,NA,NA,NA,NA,NA,NA,Dodecaceria,Cirratulid polychaete,2018_chp_surface,chp,beach_seine,2018-07-12,2018-07-10,2018,surface,2,edna_chp_30,surface,biological,12.1,30.4,8.12,NA,NA,NA,3.5,1000,0,51.6763963,-128.123414,sand,n,35,e,seagrass,zostera,seagrass_sand,zostera_sand,100,1.96163e-160,313,Metazoa,Annelida,Polychaeta,Terebellida,Cirratulidae,Dodecaceria,0,0,TRUE,ASV390,6,NA
edna0024,ASV637,motu554,Alia carinata,Carinate dove shell,species,1,1,1,1,57,115,36,99,125,NA,144,Alia carinata,Carinate dove shell,2018_chp_surface,chp,beach_seine,2018-07-12,2018-07-10,2018,surface,2,edna_chp_30,surface,biological,12.1,30.4,8.12,NA,NA,NA,3.5,1000,0,51.6763963,-128.123414,sand,n,35,e,seagrass,zostera,seagrass_sand,zostera_sand,100,3.2351099999999996e-158,309,Metazoa,Mollusca,Gastropoda,Neogastropoda,Columbellidae,Alia,0,0,TRUE,ASV637,1,Alia carinata
edna0024,ASV1020,motu882,Alia carinata,Carinate dove shell,species,1,1,NA,NA,70,110,NA,NA,NA,NA,NA,Alia carinata,Carinate dove shell,2018_chp_surface,chp,beach_seine,2018-07-12,2018-07-10,2018,surface,2,edna_chp_30,surface,biological,12.1,30.4,8.12,NA,NA,NA,3.5,1000,0,51.6763963,-128.123414,sand,n,35,e,seagrass,zostera,seagrass_sand,zostera_sand,100,3.2351099999999996e-158,309,Metazoa,Mollusca,Gastropoda,Neogastropoda,Columbellidae,Alia,0,0,TRUE,ASV1020,1,Alia carinata
edna0024,ASV1287,motu1015,Balanus,Barnacle species,genus,1,NA,NA,NA,3,NA,NA,NA,NA,NA,NA,Balanus,Barnacle species,2018_chp_surface,chp,beach_seine,2018-07-12,2018-07-10,2018,surface,2,edna_chp_30,surface,biological,12.1,30.4,8.12,NA,NA,NA,3.5,1000,0,51.6763963,-128.123414,sand,n,35,e,seagrass,zostera,seagrass_sand,zostera_sand,99.67,6.925819999999995e-155,303,Metazoa,Arthropoda,Arthropoda,Balanomorpha,Balanidae,Balanus,0,0,TRUE,ASV1187,5,NA
edna0024,ASV1027,motu889,Balanus nubilus,Giant acorn barnacle,species,1,1,NA,NA,166,259,NA,NA,NA,NA,NA,Balanus nubilus,Giant acorn barnacle,2018_chp_surface,chp,beach_seine,2018-07-12,2018-07-10,2018,surface,2,edna_chp_30,surface,biological,12.1,30.4,8.12,NA,NA,NA,3.5,1000,0,51.6763963,-128.123414,sand,n,35,e,seagrass,zostera,seagrass_sand,zostera_sand,99.04,1.97556e-155,304,Metazoa,Arthropoda,Thecostraca,Balanomorpha,Balanidae,Balanus,0,0,TRUE,ASV1027,1,Balanus nubilus
edna0024,ASV733,motu637,Phyllodocida,Polychaete,order,1,1,NA,NA,5,10,NA,NA,NA,NA,NA,Phyllodocida,Polychaete,2018_chp_surface,chp,beach_seine,2018-07-12,2018-07-10,2018,surface,2,edna_chp_30,surface,biological,12.1,30.4,8.12,NA,NA,NA,3.5,1000,0,51.6763963,-128.123414,sand,n,35,e,seagrass,zostera,seagrass_sand,zostera_sand,100,0.0603188,28,Metazoa,Annelida,Annelida,Phyllodocida,NA,NA,0,0,TRUE,ASV733,1,NA
edna0024,ASV670,motu583,Synchaeta triophthalma,Rotifer,species,1,1,NA,NA,5,22,NA,NA,NA,NA,NA,Synchaeta triophthalma,Rotifer,2018_chp_surface,chp,beach_seine,2018-07-12,2018-07-10,2018,surface,2,edna_chp_30,surface,biological,12.1,30.4,8.12,NA,NA,NA,3.5,1000,0,51.6763963,-128.123414,sand,n,35,e,seagrass,zostera,seagrass_sand,zostera_sand,91.99,3.511259999999999e-118,237,Metazoa,Rotifera,Eurotatoria,Ploima,Synchaetidae,Synchaeta,0,0,TRUE,ASV670,4,Synchaeta triophthalma
edna0024,ASV647,motu560,Synchaeta triophthalma,Rotifer,species,1,1,NA,1,3,14,NA,NA,9,NA,NA,Synchaeta triophthalma,Rotifer,2018_chp_surface,chp,beach_seine,2018-07-12,2018-07-10,2018,surface,2,edna_chp_30,surface,biological,12.1,30.4,8.12,NA,NA,NA,3.5,1000,0,51.6763963,-128.123414,sand,n,35,e,seagrass,zostera,seagrass_sand,zostera_sand,91.99,3.511259999999999e-118,237,Metazoa,Rotifera,Eurotatoria,Ploima,Synchaetidae,Synchaeta,0,0,TRUE,ASV647,4,Synchaeta triophthalma
edna0024,ASV838,motu729,Strongylocentrotus purpuratus,Purple sea urchin,species,1,1,1,1,13,24,11,14,17,NA,32,Strongylocentrotus purpuratus,Purple sea urchin,2018_chp_surface,chp,beach_seine,2018-07-12,2018-07-10,2018,surface,2,edna_chp_30,surface,biological,12.1,30.4,8.12,NA,NA,NA,3.5,1000,0,51.6763963,-128.123414,sand,n,35,e,seagrass,zostera,seagrass_sand,zostera_sand,100,1.96163e-160,313,Metazoa,Echinodermata,Echinoidea,Camarodonta,Strongylocentrotidae,Strongylocentrotus,0,0,TRUE,ASV838,2,Strongylocentrotus purpuratus
edna0024,ASV1531,motu1291,Halosydna brevisetosa,Shortscaled worm,species,1,1,NA,1,42,70,NA,84,NA,NA,NA,Halosydna brevisetosa,Shortscaled worm,2018_chp_surface,chp,beach_seine,2018-07-12,2018-07-10,2018,surface,2,edna_chp_30,surface,biological,12.1,30.4,8.12,NA,NA,NA,3.5,1000,0,51.6763963,-128.123414,sand,n,35,e,seagrass,zostera,seagrass_sand,zostera_sand,100,1.96163e-160,313,Metazoa,Annelida,Polychaeta,Phyllodocida,Polynoidae,Halosydna,0,0,TRUE,ASV1531,1,Halosydna brevisetosa
edna0024,ASV847,motu737,Haminoea vesicula,Blister glassy-bubble,species,1,1,1,1,11,36,5,24,26,NA,56,Haminoea vesicula,Blister glassy-bubble,2018_chp_surface,chp,beach_seine,2018-07-12,2018-07-10,2018,surface,2,edna_chp_30,surface,biological,12.1,30.4,8.12,NA,NA,NA,3.5,1000,0,51.6763963,-128.123414,sand,n,35,e,seagrass,zostera,seagrass_sand,zostera_sand,100,1.96163e-160,313,Metazoa,Mollusca,Mollusca,Cephalaspidea,Haminoeidae,Haminoea,0,0,TRUE,ASV847,1,Haminoea vesicula
edna0024,ASV871,motu757,Haminoea vesicula,Blister glassy-bubble,species,1,1,1,1,15,23,8,19,23,NA,39,Haminoea vesicula,Blister glassy-bubble,2018_chp_surface,chp,beach_seine,2018-07-12,2018-07-10,2018,surface,2,edna_chp_30,surface,biological,12.1,30.4,8.12,NA,NA,NA,3.5,1000,0,51.6763963,-128.123414,sand,n,35,e,seagrass,zostera,seagrass_sand,zostera_sand,100,1.96163e-160,313,Metazoa,Mollusca,Mollusca,Cephalaspidea,Haminoeidae,Haminoea,0,0,TRUE,ASV871,1,Haminoea vesicula
edna0024,ASV1748,motu1459,Chaetognatha,Arrow worm,phylum,1,1,NA,NA,14,25,NA,NA,NA,NA,NA,Chaetognatha,Arrow worm,2018_chp_surface,chp,beach_seine,2018-07-12,2018-07-10,2018,surface,2,edna_chp_30,surface,biological,12.1,30.4,8.12,NA,NA,NA,3.5,1000,0,51.6763963,-128.123414,sand,n,35,e,seagrass,zostera,seagrass_sand,zostera_sand,95.02,1.63074e-81,171,Metazoa,Chaetognatha,NA,NA,NA,NA,0,0,TRUE,ASV1748,1,NA
edna0024,ASV1125,motu968,Halosydna brevisetosa,Shortscaled worm,species,1,1,NA,1,45,73,NA,NA,NA,NA,153,Halosydna brevisetosa,Shortscaled worm,2018_chp_surface,chp,beach_seine,2018-07-12,2018-07-10,2018,surface,2,edna_chp_30,surface,biological,12.1,30.4,8.12,NA,NA,NA,3.5,1000,0,51.6763963,-128.123414,sand,n,35,e,seagrass,zostera,seagrass_sand,zostera_sand,100,1.96163e-160,313,Metazoa,Annelida,Polychaeta,Phyllodocida,Polynoidae,Halosydna,0,0,TRUE,ASV1125,1,Halosydna brevisetosa
edna0024,ASV2187,motu1804,Saccocirrus,Polychaete,genus,1,1,NA,NA,8,19,NA,NA,NA,NA,NA,Saccocirrus,Polychaete,2018_chp_surface,chp,beach_seine,2018-07-12,2018-07-10,2018,surface,2,edna_chp_30,surface,biological,12.1,30.4,8.12,NA,NA,NA,3.5,1000,0,51.6763963,-128.123414,sand,n,35,e,seagrass,zostera,seagrass_sand,zostera_sand,100,1.96163e-160,313,Metazoa,Annelida,Polychaeta,NA,Saccocirridae,Saccocirrus,0,0,TRUE,ASV2187,1,NA
edna0024,ASV1057,motu909,Orobdella,Freshwater leech,genus,1,NA,1,NA,5,NA,5,NA,NA,NA,NA,Orobdella,Freshwater leech,2018_chp_surface,chp,beach_seine,2018-07-12,2018-07-10,2018,surface,2,edna_chp_30,surface,biological,12.1,30.4,8.12,NA,NA,NA,3.5,1000,0,51.6763963,-128.123414,sand,n,35,e,seagrass,zostera,seagrass_sand,zostera_sand,97.06,0.0011939,31,Metazoa,Annelida,Annelida,Erpobdelliformes,Orobdellidae,Orobdella,NA,NA,TRUE,ASV1057,1,NA
edna0024,ASV2058,motu1704,Saccocirrus,Polychaete,genus,1,1,NA,NA,10,22,NA,NA,NA,NA,NA,Saccocirrus,Polychaete,2018_chp_surface,chp,beach_seine,2018-07-12,2018-07-10,2018,surface,2,edna_chp_30,surface,biological,12.1,30.4,8.12,NA,NA,NA,3.5,1000,0,51.6763963,-128.123414,sand,n,35,e,seagrass,zostera,seagrass_sand,zostera_sand,100,1.96163e-160,313,Metazoa,Annelida,Polychaeta,NA,Saccocirridae,Saccocirrus,0,0,TRUE,ASV2058,1,NA
edna0024,ASV1759,motu1470,Balanus nubilus,Giant acorn barnacle,species,1,1,NA,NA,95,239,NA,NA,NA,NA,NA,Balanus nubilus,Giant acorn barnacle,2018_chp_surface,chp,beach_seine,2018-07-12,2018-07-10,2018,surface,2,edna_chp_30,surface,biological,12.1,30.4,8.12,NA,NA,NA,3.5,1000,0,51.6763963,-128.123414,sand,n,35,e,seagrass,zostera,seagrass_sand,zostera_sand,99.04,1.97556e-155,304,Metazoa,Arthropoda,Thecostraca,Balanomorpha,Balanidae,Balanus,0,0,TRUE,ASV1759,1,Balanus nubilus
edna0024,ASV1984,motu1645,Strongylocentrotus purpuratus,Purple sea urchin,species,1,1,NA,NA,19,30,NA,NA,NA,NA,NA,Strongylocentrotus purpuratus,Purple sea urchin,2018_chp_surface,chp,beach_seine,2018-07-12,2018-07-10,2018,surface,2,edna_chp_30,surface,biological,12.1,30.4,8.12,NA,NA,NA,3.5,1000,0,51.6763963,-128.123414,sand,n,35,e,seagrass,zostera,seagrass_sand,zostera_sand,100,1.96163e-160,313,Metazoa,Echinodermata,Echinoidea,Camarodonta,Strongylocentrotidae,Strongylocentrotus,0,0,TRUE,ASV1984,1,Strongylocentrotus purpuratus
edna0024,ASV2724,motu2207,Crepipatella lingulata,Pacific half-slipper snail,species,1,1,NA,NA,76,105,NA,NA,NA,NA,NA,Crepipatella lingulata,Pacific half-slipper snail,2018_chp_surface,chp,beach_seine,2018-07-12,2018-07-10,2018,surface,2,edna_chp_30,surface,biological,12.1,30.4,8.12,NA,NA,NA,3.5,1000,0,51.6763963,-128.123414,sand,n,35,e,seagrass,zostera,seagrass_sand,zostera_sand,100,1.96163e-160,313,Metazoa,Mollusca,Mollusca,Littorinimorpha,Calyptraeidae,Crepipatella,0,0,TRUE,ASV2724,1,Crepipatella lingulata
edna0024,ASV1615,motu1357,Crepipatella lingulata,Pacific half-slipper snail,species,1,1,NA,1,75,121,NA,91,105,NA,168,Crepipatella lingulata,Pacific half-slipper snail,2018_chp_surface,chp,beach_seine,2018-07-12,2018-07-10,2018,surface,2,edna_chp_30,surface,biological,12.1,30.4,8.12,NA,NA,NA,3.5,1000,0,51.6763963,-128.123414,sand,n,35,e,seagrass,zostera,seagrass_sand,zostera_sand,100,1.96163e-160,313,Metazoa,Mollusca,Mollusca,Littorinimorpha,Calyptraeidae,Crepipatella,0,0,TRUE,ASV1615,1,Crepipatella lingulata
edna0024,ASV2508,motu71,Acartia (Acartiura) longiremis,Calanoid copepod,species,1,1,NA,NA,74,144,NA,NA,NA,NA,NA,Acartia (Acartiura) longiremis,Calanoid copepod,2018_chp_surface,chp,beach_seine,2018-07-12,2018-07-10,2018,surface,2,edna_chp_30,surface,biological,12.1,30.4,8.12,NA,NA,NA,3.5,1000,0,51.6763963,-128.123414,sand,n,35,e,seagrass,zostera,seagrass_sand,zostera_sand,99.68,9.126599999999999e-159,310,Metazoa,Arthropoda,Copepoda,Calanoida,Acartiidae,Acartia,0,0,TRUE,ASV81,23,Acartia (Acartiura) longiremis
edna0024,ASV1694,motu22,Acartia (Acartiura) longiremis,Calanoid copepod,species,1,1,NA,1,73,155,NA,NA,120,NA,162,Acartia (Acartiura) longiremis,Calanoid copepod,2018_chp_surface,chp,beach_seine,2018-07-12,2018-07-10,2018,surface,2,edna_chp_30,surface,biological,12.1,30.4,8.12,NA,NA,NA,3.5,1000,0,51.6763963,-128.123414,sand,n,35,e,seagrass,zostera,seagrass_sand,zostera_sand,99.68,9.126599999999999e-159,310,Metazoa,Arthropoda,Copepoda,Calanoida,Acartiidae,Acartia,0,0,TRUE,ASV25,27,Acartia (Acartiura) longiremis
edna0024,ASV2228,motu1836,Saxidomus nuttalli,California butterclam,species,1,NA,NA,NA,4,NA,NA,NA,NA,NA,NA,Saxidomus nuttalli,California butterclam,2018_chp_surface,chp,beach_seine,2018-07-12,2018-07-10,2018,surface,2,edna_chp_30,surface,biological,12.1,30.4,8.12,NA,NA,NA,3.5,1000,0,51.6763963,-128.123414,sand,n,35,e,seagrass,zostera,seagrass_sand,zostera_sand,99.68,4.246189999999999e-157,307,Metazoa,Mollusca,Bivalvia,Venerida,Veneridae,Saxidomus,0,0,TRUE,ASV2228,1,Saxidomus nuttalli
edna0024,ASV2213,motu1826,Mytilus californianus,California mussel,species,1,1,NA,NA,22,36,NA,NA,NA,NA,NA,Mytilus californianus,California mussel,2018_chp_surface,chp,beach_seine,2018-07-12,2018-07-10,2018,surface,2,edna_chp_30,surface,biological,12.1,30.4,8.12,NA,NA,NA,3.5,1000,0,51.6763963,-128.123414,sand,n,35,e,seagrass,zostera,seagrass_sand,zostera_sand,100,3.2351099999999996e-158,309,Metazoa,Mollusca,Bivalvia,Mytilida,Mytilidae,Mytilus,0,0,TRUE,ASV2213,3,Mytilus californianus
edna0024,ASV1304,motu1104,Haliotis kamtschatkana,Northern abalone,species,1,1,NA,1,10,24,NA,NA,16,NA,NA,Haliotis kamtschatkana,Northern abalone,2018_chp_surface,chp,beach_seine,2018-07-12,2018-07-10,2018,surface,2,edna_chp_30,surface,biological,12.1,30.4,8.12,NA,NA,NA,3.5,1000,0,51.6763963,-128.123414,sand,n,35,e,seagrass,zostera,seagrass_sand,zostera_sand,100,1.96163e-160,313,Metazoa,Mollusca,Mollusca,Lepetellida,Haliotidae,Haliotis,0,0,TRUE,ASV1304,9,Haliotis kamtschatkana
edna0024,ASV1917,motu1595,Arthropoda,Unknown arthropod,phylum,1,1,1,1,8,12,9,19,11,NA,NA,Arthropoda,Unknown arthropod,2018_chp_surface,chp,beach_seine,2018-07-12,2018-07-10,2018,surface,2,edna_chp_30,surface,biological,12.1,30.4,8.12,NA,NA,NA,3.5,1000,0,51.6763963,-128.123414,sand,n,35,e,seagrass,zostera,seagrass_sand,zostera_sand,95,2.34566e-5,34,Metazoa,Arthropoda,NA,NA,NA,NA,NA,NA,TRUE,ASV1917,1,NA
edna0024,ASV1599,motu1332,Mytilus californianus,California mussel,species,1,1,NA,1,13,41,NA,NA,NA,NA,66,Mytilus californianus,California mussel,2018_chp_surface,chp,beach_seine,2018-07-12,2018-07-10,2018,surface,2,edna_chp_30,surface,biological,12.1,30.4,8.12,NA,NA,NA,3.5,1000,0,51.6763963,-128.123414,sand,n,35,e,seagrass,zostera,seagrass_sand,zostera_sand,100,3.2351099999999996e-158,309,Metazoa,Mollusca,Bivalvia,Mytilida,Mytilidae,Mytilus,0,0,TRUE,ASV1582,5,Mytilus californianus
edna0024,ASV4787,motu303,Pseudocalanus mimus,Calanoid copepod,species,1,NA,NA,NA,30,NA,NA,NA,NA,NA,NA,Pseudocalanus mimus,Calanoid copepod,2018_chp_surface,chp,beach_seine,2018-07-12,2018-07-10,2018,surface,2,edna_chp_30,surface,biological,12.1,30.4,8.12,NA,NA,NA,3.5,1000,0,51.6763963,-128.123414,sand,n,35,e,seagrass,zostera,seagrass_sand,zostera_sand,99.67,9.19139e-154,301,Metazoa,Arthropoda,Copepoda,Calanoida,Clausocalanidae,Pseudocalanus,0,0,TRUE,ASV343,11,Pseudocalanus mimus
edna0024,ASV2840,motu2298,Arthropoda,Unknown arthropod,phylum,1,1,NA,NA,7,11,NA,NA,NA,NA,NA,Arthropoda,Unknown arthropod,2018_chp_surface,chp,beach_seine,2018-07-12,2018-07-10,2018,surface,2,edna_chp_30,surface,biological,12.1,30.4,8.12,NA,NA,NA,3.5,1000,0,51.6763963,-128.123414,sand,n,35,e,seagrass,zostera,seagrass_sand,zostera_sand,95,2.34566e-5,34,Metazoa,Arthropoda,NA,NA,NA,NA,NA,NA,TRUE,ASV2840,1,NA
edna0024,ASV2326,motu1914,Membraniporidae,Bryozoan,family,1,1,NA,1,4,7,NA,NA,7,NA,8,Membraniporidae,Bryozoan,2018_chp_surface,chp,beach_seine,2018-07-12,2018-07-10,2018,surface,2,edna_chp_30,surface,biological,12.1,30.4,8.12,NA,NA,NA,3.5,1000,0,51.6763963,-128.123414,sand,n,35,e,seagrass,zostera,seagrass_sand,zostera_sand,90.95,6.1511e-76,161,Metazoa,Bryozoa,Bryozoa,Cheilostomatida,Membraniporidae,NA,0,0,TRUE,ASV2326,1,NA
edna0024,ASV5290,motu4062,Neosabellaria cementarium,Cemented sandmason tubeworm,species,1,1,NA,NA,8,17,NA,NA,NA,NA,NA,Neosabellaria cementarium,Cemented sandmason tubeworm,2018_chp_surface,chp,beach_seine,2018-07-12,2018-07-10,2018,surface,2,edna_chp_30,surface,biological,12.1,30.4,8.12,NA,NA,NA,3.5,1000,0,51.6763963,-128.123414,sand,n,35,e,seagrass,zostera,seagrass_sand,zostera_sand,99.04,1.97556e-155,304,Metazoa,Annelida,Polychaeta,NA,Sabellariidae,Neosabellaria,0,0,TRUE,ASV5290,1,Neosabellaria cementarium
edna0024,ASV5429,motu4167,Cecidomyiidae,Hexapod,genus,1,NA,NA,NA,3,NA,NA,NA,NA,NA,NA,Cecidomyiidae,Hexapod,2018_chp_surface,chp,beach_seine,2018-07-12,2018-07-10,2018,surface,2,edna_chp_30,surface,biological,12.1,30.4,8.12,NA,NA,NA,3.5,1000,0,51.6763963,-128.123414,sand,n,35,e,seagrass,zostera,seagrass_sand,zostera_sand,95,2.44266e-5,34,Metazoa,Arthropoda,Arthropoda,Diptera,Cecidomyiidae,Cecidomyiidae,NA,NA,TRUE,ASV5429,1,NA
edna0024,ASV3325,motu2652,Membraniporidae,Bryozoan,family,1,1,NA,NA,5,11,NA,NA,NA,NA,NA,Membraniporidae,Bryozoan,2018_chp_surface,chp,beach_seine,2018-07-12,2018-07-10,2018,surface,2,edna_chp_30,surface,biological,12.1,30.4,8.12,NA,NA,NA,3.5,1000,0,51.6763963,-128.123414,sand,n,35,e,seagrass,zostera,seagrass_sand,zostera_sand,90.95,6.1511e-76,161,Metazoa,Bryozoa,Bryozoa,Cheilostomatida,Membraniporidae,NA,0,0,TRUE,ASV3325,1,NA
edna0025,ASV258,motu228,Lensia,Siphonophore,genus,1,1,NA,NA,12,21,NA,NA,NA,NA,NA,Lensia,Siphonophore,2018_chp_depth,chp,beach_seine,2018-07-12,2018-07-10,2018,depth,2,edna_chp_00,depth,biological,11.6,30.85,8.12,NA,NA,NA,3.5,1000,0,51.67615482,-128.1232837,sand,n,35,e,seagrass,zostera,seagrass_sand,zostera_sand,100,0.00408744,30,Metazoa,Cnidaria,Cnidaria,Siphonophorae,Diphyidae,Lensia,0,0,TRUE,ASV258,1,NA
edna0025,ASV343,motu303,Pseudocalanus mimus,Calanoid copepod,species,1,1,NA,NA,53,60,NA,NA,NA,NA,NA,Pseudocalanus mimus,Calanoid copepod,2018_chp_depth,chp,beach_seine,2018-07-12,2018-07-10,2018,depth,2,edna_chp_00,depth,biological,11.6,30.85,8.12,NA,NA,NA,3.5,1000,0,51.67615482,-128.1232837,sand,n,35,e,seagrass,zostera,seagrass_sand,zostera_sand,99.67,9.19139e-154,301,Metazoa,Arthropoda,Copepoda,Calanoida,Clausocalanidae,Pseudocalanus,0,0,TRUE,ASV343,11,Pseudocalanus mimus
edna0025,ASV251,motu105,Mesocentrotus franciscanus,Red sea urchin,species,1,NA,1,1,126,NA,74,209,NA,NA,NA,Mesocentrotus franciscanus,Red sea urchin,2018_chp_depth,chp,beach_seine,2018-07-12,2018-07-10,2018,depth,2,edna_chp_00,depth,biological,11.6,30.85,8.12,NA,NA,NA,3.5,1000,0,51.67615482,-128.1232837,sand,n,35,e,seagrass,zostera,seagrass_sand,zostera_sand,100,7.02982e-160,312,Metazoa,Echinodermata,Echinoidea,Camarodonta,Strongylocentrotidae,Mesocentrotus,0,0,TRUE,ASV118,8,Mesocentrotus franciscanus
edna0025,ASV307,motu118,Mesocentrotus franciscanus,Red sea urchin,species,1,NA,NA,NA,108,NA,NA,NA,NA,NA,NA,Mesocentrotus franciscanus,Red sea urchin,2018_chp_depth,chp,beach_seine,2018-07-12,2018-07-10,2018,depth,2,edna_chp_00,depth,biological,11.6,30.85,8.12,NA,NA,NA,3.5,1000,0,51.67615482,-128.1232837,sand,n,35,e,seagrass,zostera,seagrass_sand,zostera_sand,100,7.02982e-160,312,Metazoa,Echinodermata,Echinoidea,Camarodonta,Strongylocentrotidae,Mesocentrotus,0,0,TRUE,ASV132,8,Mesocentrotus franciscanus
edna0025,ASV216,motu190,Mytilus trossulus,Bay mussel,species,1,NA,1,1,26,NA,11,NA,NA,NA,41,Mytilus trossulus,Bay mussel,2018_chp_depth,chp,beach_seine,2018-07-12,2018-07-10,2018,depth,2,edna_chp_00,depth,biological,11.6,30.85,8.12,NA,NA,NA,3.5,1000,0,51.67615482,-128.1232837,sand,n,35,e,seagrass,zostera,seagrass_sand,zostera_sand,100,3.2351099999999996e-158,309,Metazoa,Mollusca,Mollusca,Mytilida,Mytilidae,Mytilus,0,0,TRUE,ASV216,23,Mytilus trossulus
edna0025,ASV232,motu204,Cecidomyiidae,Hexapod,genus,1,1,1,1,225,388,108,143,683,NA,489,Cecidomyiidae,Hexapod,2018_chp_depth,chp,beach_seine,2018-07-12,2018-07-10,2018,depth,2,edna_chp_00,depth,biological,11.6,30.85,8.12,NA,NA,NA,3.5,1000,0,51.67615482,-128.1232837,sand,n,35,e,seagrass,zostera,seagrass_sand,zostera_sand,100,0.00408744,30,Metazoa,Arthropoda,Arthropoda,Diptera,Cecidomyiidae,Cecidomyiidae,NA,NA,TRUE,ASV232,1,NA
edna0025,ASV616,motu537,Mitrocoma cellularia,Cross jelly,species,1,1,NA,NA,5,6,NA,NA,NA,NA,NA,Mitrocoma cellularia,Cross jelly,2018_chp_depth,chp,beach_seine,2018-07-12,2018-07-10,2018,depth,2,edna_chp_00,depth,biological,11.6,30.85,8.12,NA,NA,NA,3.5,1000,0,51.67615482,-128.1232837,sand,n,35,e,seagrass,zostera,seagrass_sand,zostera_sand,100,1.4886099999999998e-156,306,Metazoa,Cnidaria,Hydrozoa,Leptothecata,Mitrocomidae,Mitrocoma,0,0,TRUE,ASV616,6,Mitrocoma cellularia
edna0025,ASV595,motu522,Cecidomyiidae,Hexapod,genus,1,1,NA,NA,181,407,NA,NA,NA,NA,NA,Cecidomyiidae,Hexapod,2018_chp_depth,chp,beach_seine,2018-07-12,2018-07-10,2018,depth,2,edna_chp_00,depth,biological,11.6,30.85,8.12,NA,NA,NA,3.5,1000,0,51.67615482,-128.1232837,sand,n,35,e,seagrass,zostera,seagrass_sand,zostera_sand,100,0.00408744,30,Metazoa,Arthropoda,Arthropoda,Diptera,Cecidomyiidae,Cecidomyiidae,NA,NA,TRUE,ASV595,1,NA
edna0025,ASV603,motu529,Ophiopholis kennerlyi,Daisy brittle star,species,1,1,NA,NA,29,50,NA,NA,NA,NA,NA,Ophiopholis kennerlyi,Daisy brittle star,2018_chp_depth,chp,beach_seine,2018-07-12,2018-07-10,2018,depth,2,edna_chp_00,depth,biological,11.6,30.85,8.12,NA,NA,NA,3.5,1000,0,51.67615482,-128.1232837,sand,n,35,e,seagrass,zostera,seagrass_sand,zostera_sand,100,1.96163e-160,313,Metazoa,Echinodermata,Echinodermata,Amphilepidida,Ophiopholidae,Ophiopholis,0,0,TRUE,ASV603,6,Ophiopholis kennerlyi
edna0025,ASV716,motu622,Chone magna,Feather duster worm,species,1,NA,NA,NA,4,NA,NA,NA,NA,NA,NA,Chone magna,Feather duster worm,2018_chp_depth,chp,beach_seine,2018-07-12,2018-07-10,2018,depth,2,edna_chp_00,depth,biological,11.6,30.85,8.12,NA,NA,NA,3.5,1000,0,51.67615482,-128.1232837,sand,n,35,e,seagrass,zostera,seagrass_sand,zostera_sand,100,1.96163e-160,313,Metazoa,Annelida,Polychaeta,Sabellida,Sabellidae,Chone,0,0,TRUE,ASV716,2,Chone magna
edna0025,ASV1287,motu1015,Balanus,Barnacle species,genus,1,1,NA,NA,31,76,NA,NA,NA,NA,NA,Balanus,Barnacle species,2018_chp_depth,chp,beach_seine,2018-07-12,2018-07-10,2018,depth,2,edna_chp_00,depth,biological,11.6,30.85,8.12,NA,NA,NA,3.5,1000,0,51.67615482,-128.1232837,sand,n,35,e,seagrass,zostera,seagrass_sand,zostera_sand,99.67,6.925819999999995e-155,303,Metazoa,Arthropoda,Arthropoda,Balanomorpha,Balanidae,Balanus,0,0,TRUE,ASV1187,5,NA
edna0025,ASV559,motu492,Eupolymnia heterobranchia,Brown intertidal spaghetti worm,species,1,1,NA,1,19,18,NA,17,36,NA,34,Eupolymnia heterobranchia,Brown intertidal spaghetti worm,2018_chp_depth,chp,beach_seine,2018-07-12,2018-07-10,2018,depth,2,edna_chp_00,depth,biological,11.6,30.85,8.12,NA,NA,NA,3.5,1000,0,51.67615482,-128.1232837,sand,n,35,e,seagrass,zostera,seagrass_sand,zostera_sand,100,1.4886099999999998e-156,306,Metazoa,Annelida,Polychaeta,Terebellida,Terebellidae,Eupolymnia,0,0,TRUE,ASV559,3,Eupolymnia heterobranchia
edna0025,ASV1154,motu989,Eupolymnia heterobranchia,Brown intertidal spaghetti worm,species,1,1,NA,NA,15,25,NA,NA,NA,NA,NA,Eupolymnia heterobranchia,Brown intertidal spaghetti worm,2018_chp_depth,chp,beach_seine,2018-07-12,2018-07-10,2018,depth,2,edna_chp_00,depth,biological,11.6,30.85,8.12,NA,NA,NA,3.5,1000,0,51.67615482,-128.1232837,sand,n,35,e,seagrass,zostera,seagrass_sand,zostera_sand,100,1.4886099999999998e-156,306,Metazoa,Annelida,Polychaeta,Terebellida,Terebellidae,Eupolymnia,0,0,TRUE,ASV1154,3,Eupolymnia heterobranchia
edna0025,ASV587,motu517,Balanus,Barnacle species,genus,1,1,1,1,45,97,26,85,192,NA,106,Balanus,Barnacle species,2018_chp_depth,chp,beach_seine,2018-07-12,2018-07-10,2018,depth,2,edna_chp_00,depth,biological,11.6,30.85,8.12,NA,NA,NA,3.5,1000,0,51.67615482,-128.1232837,sand,n,35,e,seagrass,zostera,seagrass_sand,zostera_sand,99.67,6.925819999999995e-155,303,Metazoa,Arthropoda,Arthropoda,Balanomorpha,Balanidae,Balanus,0,0,TRUE,ASV587,10,NA
edna0025,ASV624,motu544,Halosydna brevisetosa,Shortscaled worm,species,1,1,NA,1,9,14,NA,15,43,NA,NA,Halosydna brevisetosa,Shortscaled worm,2018_chp_depth,chp,beach_seine,2018-07-12,2018-07-10,2018,depth,2,edna_chp_00,depth,biological,11.6,30.85,8.12,NA,NA,NA,3.5,1000,0,51.67615482,-128.1232837,sand,n,35,e,seagrass,zostera,seagrass_sand,zostera_sand,100,1.96163e-160,313,Metazoa,Annelida,Polychaeta,Phyllodocida,Polynoidae,Halosydna,0,0,TRUE,ASV624,4,Halosydna brevisetosa
edna0025,ASV838,motu729,Strongylocentrotus purpuratus,Purple sea urchin,species,1,1,NA,1,7,7,NA,10,23,NA,15,Strongylocentrotus purpuratus,Purple sea urchin,2018_chp_depth,chp,beach_seine,2018-07-12,2018-07-10,2018,depth,2,edna_chp_00,depth,biological,11.6,30.85,8.12,NA,NA,NA,3.5,1000,0,51.67615482,-128.1232837,sand,n,35,e,seagrass,zostera,seagrass_sand,zostera_sand,100,1.96163e-160,313,Metazoa,Echinodermata,Echinoidea,Camarodonta,Strongylocentrotidae,Strongylocentrotus,0,0,TRUE,ASV838,2,Strongylocentrotus purpuratus
edna0025,ASV1123,motu244,Ophiopholis kennerlyi,Daisy brittle star,species,1,1,1,1,76,61,30,50,67,NA,49,Ophiopholis kennerlyi,Daisy brittle star,2018_chp_depth,chp,beach_seine,2018-07-12,2018-07-10,2018,depth,2,edna_chp_00,depth,biological,11.6,30.85,8.12,NA,NA,NA,3.5,1000,0,51.67615482,-128.1232837,sand,n,35,e,seagrass,zostera,seagrass_sand,zostera_sand,100,1.96163e-160,313,Metazoa,Echinodermata,Ophiuroidea,Amphilepidida,Ophiopholidae,Ophiopholis,0,0,TRUE,ASV275,7,Ophiopholis kennerlyi
edna0025,ASV2043,motu529,Ophiopholis kennerlyi,Daisy brittle star,species,1,1,NA,NA,35,52,NA,NA,NA,NA,NA,Ophiopholis kennerlyi,Daisy brittle star,2018_chp_depth,chp,beach_seine,2018-07-12,2018-07-10,2018,depth,2,edna_chp_00,depth,biological,11.6,30.85,8.12,NA,NA,NA,3.5,1000,0,51.67615482,-128.1232837,sand,n,35,e,seagrass,zostera,seagrass_sand,zostera_sand,100,1.96163e-160,313,Metazoa,Echinodermata,Ophiuroidea,Amphilepidida,Ophiopholidae,Ophiopholis,0,0,TRUE,ASV603,6,Ophiopholis kennerlyi
edna0025,ASV1728,motu1165,Pseudocalanus mimus,Calanoid copepod,species,1,1,NA,1,68,43,NA,NA,NA,NA,37,Pseudocalanus mimus,Calanoid copepod,2018_chp_depth,chp,beach_seine,2018-07-12,2018-07-10,2018,depth,2,edna_chp_00,depth,biological,11.6,30.85,8.12,NA,NA,NA,3.5,1000,0,51.67615482,-128.1232837,sand,n,35,e,seagrass,zostera,seagrass_sand,zostera_sand,100,1.18898e-152,299,Metazoa,Arthropoda,Copepoda,Calanoida,Clausocalanidae,Pseudocalanus,0,0,TRUE,ASV1381,2,Pseudocalanus mimus
edna0025,ASV2364,motu1940,Membranipora membranacea,Coffin box bryozoan,species,1,NA,NA,NA,5,NA,NA,NA,NA,NA,NA,Membranipora membranacea,Coffin box bryozoan,2018_chp_depth,chp,beach_seine,2018-07-12,2018-07-10,2018,depth,2,edna_chp_00,depth,biological,11.6,30.85,8.12,NA,NA,NA,3.5,1000,0,51.67615482,-128.1232837,sand,n,35,e,seagrass,zostera,seagrass_sand,zostera_sand,100,9.252979999999995e-139,274,Metazoa,Bryozoa,Gymnolaemata,Cheilostomatida,Membraniporidae,Membranipora,0,0,TRUE,ASV2364,1,Membranipora membranacea
edna0025,ASV1984,motu1645,Strongylocentrotus purpuratus,Purple sea urchin,species,1,1,NA,NA,6,10,NA,NA,NA,NA,NA,Strongylocentrotus purpuratus,Purple sea urchin,2018_chp_depth,chp,beach_seine,2018-07-12,2018-07-10,2018,depth,2,edna_chp_00,depth,biological,11.6,30.85,8.12,NA,NA,NA,3.5,1000,0,51.67615482,-128.1232837,sand,n,35,e,seagrass,zostera,seagrass_sand,zostera_sand,100,1.96163e-160,313,Metazoa,Echinodermata,Echinoidea,Camarodonta,Strongylocentrotidae,Strongylocentrotus,0,0,TRUE,ASV1984,1,Strongylocentrotus purpuratus
edna0025,ASV1578,motu1329,Amonardia perturbata,Harpacticoid copepod,species,1,1,1,1,83,139,70,89,82,NA,117,Amonardia perturbata,Harpacticoid copepod,2018_chp_depth,chp,beach_seine,2018-07-12,2018-07-10,2018,depth,2,edna_chp_00,depth,biological,11.6,30.85,8.12,NA,NA,NA,3.5,1000,0,51.67615482,-128.1232837,sand,n,35,e,seagrass,zostera,seagrass_sand,zostera_sand,99.04,1.97556e-155,304,Metazoa,Arthropoda,Copepoda,Harpacticoida,Miraciidae,Amonardia,0,0,TRUE,ASV1578,1,Amonardia perturbata
edna0025,ASV2675,motu2171,Amonardia perturbata,Harpacticoid copepod,species,1,1,NA,NA,78,112,NA,NA,NA,NA,NA,Amonardia perturbata,Harpacticoid copepod,2018_chp_depth,chp,beach_seine,2018-07-12,2018-07-10,2018,depth,2,edna_chp_00,depth,biological,11.6,30.85,8.12,NA,NA,NA,3.5,1000,0,51.67615482,-128.1232837,sand,n,35,e,seagrass,zostera,seagrass_sand,zostera_sand,99.04,1.97556e-155,304,Metazoa,Arthropoda,Copepoda,Harpacticoida,Miraciidae,Amonardia,0,0,TRUE,ASV2675,2,Amonardia perturbata
edna0025,ASV1097,motu944,Dodecaceria,Cirratulid polychaete,genus,1,NA,NA,1,9,NA,NA,NA,9,NA,16,Dodecaceria,Cirratulid polychaete,2018_chp_depth,chp,beach_seine,2018-07-12,2018-07-10,2018,depth,2,edna_chp_00,depth,biological,11.6,30.85,8.12,NA,NA,NA,3.5,1000,0,51.67615482,-128.1232837,sand,n,35,e,seagrass,zostera,seagrass_sand,zostera_sand,100,1.96163e-160,313,Metazoa,Annelida,Polychaeta,Terebellida,Cirratulidae,Dodecaceria,0,0,TRUE,ASV1097,6,NA
edna0025,ASV1385,motu1169,Balanus,Barnacle species,genus,1,1,1,1,63,116,31,123,263,NA,165,Balanus,Barnacle species,2018_chp_depth,chp,beach_seine,2018-07-12,2018-07-10,2018,depth,2,edna_chp_00,depth,biological,11.6,30.85,8.12,NA,NA,NA,3.5,1000,0,51.67615482,-128.1232837,sand,n,35,e,seagrass,zostera,seagrass_sand,zostera_sand,99.35,3.22227e-153,300,Metazoa,Arthropoda,Arthropoda,Balanomorpha,Balanidae,Balanus,0,0,TRUE,ASV1385,1,NA
edna0025,ASV2896,motu2339,Balanus crenatus,Wrinkled barnacle,species,1,1,NA,NA,47,111,NA,NA,NA,NA,NA,Balanus crenatus,Wrinkled barnacle,2018_chp_depth,chp,beach_seine,2018-07-12,2018-07-10,2018,depth,2,edna_chp_00,depth,biological,11.6,30.85,8.12,NA,NA,NA,3.5,1000,0,51.67615482,-128.1232837,sand,n,35,e,seagrass,zostera,seagrass_sand,zostera_sand,99.35,3.22227e-153,300,Metazoa,Arthropoda,Thecostraca,Balanomorpha,Balanidae,Balanus,0,0,TRUE,ASV2896,1,Balanus crenatus
edna0025,ASV2068,motu1710,Sthenelais berkeleyi,Scale worm,species,1,1,1,1,46,70,22,50,67,NA,76,Sthenelais berkeleyi,Scale worm,2018_chp_depth,chp,beach_seine,2018-07-12,2018-07-10,2018,depth,2,edna_chp_00,depth,biological,11.6,30.85,8.12,NA,NA,NA,3.5,1000,0,51.67615482,-128.1232837,sand,n,35,e,seagrass,zostera,seagrass_sand,zostera_sand,99.04,1.97556e-155,304,Metazoa,Annelida,Polychaeta,Phyllodocida,Sigalionidae,Sthenelais,0,0,TRUE,ASV2068,1,Sthenelais berkeleyi
edna0025,ASV3391,motu2697,Sthenelais berkeleyi,Scale worm,species,1,1,NA,NA,44,65,NA,NA,NA,NA,NA,Sthenelais berkeleyi,Scale worm,2018_chp_depth,chp,beach_seine,2018-07-12,2018-07-10,2018,depth,2,edna_chp_00,depth,biological,11.6,30.85,8.12,NA,NA,NA,3.5,1000,0,51.67615482,-128.1232837,sand,n,35,e,seagrass,zostera,seagrass_sand,zostera_sand,99.04,1.97556e-155,304,Metazoa,Annelida,Polychaeta,Phyllodocida,Sigalionidae,Sthenelais,0,0,TRUE,ASV3391,1,Sthenelais berkeleyi
edna0025,ASV2807,motu1655,Notomastus,Capitellid polychaete,genus,1,1,NA,NA,5,6,NA,NA,NA,NA,NA,Notomastus,Capitellid polychaete,2018_chp_depth,chp,beach_seine,2018-07-12,2018-07-10,2018,depth,2,edna_chp_00,depth,biological,11.6,30.85,8.12,NA,NA,NA,3.5,1000,0,51.67615482,-128.1232837,sand,n,35,e,seagrass,zostera,seagrass_sand,zostera_sand,100,1.96163e-160,313,Metazoa,Annelida,Polychaeta,NA,Capitellidae,Notomastus,0,0,TRUE,ASV1997,2,NA
edna0025,ASV2246,motu1851,Scutellidium,Harpacticoid copepod,genus,1,1,1,1,30,48,18,49,77,NA,62,Scutellidium,Harpacticoid copepod,2018_chp_depth,chp,beach_seine,2018-07-12,2018-07-10,2018,depth,2,edna_chp_00,depth,biological,11.6,30.85,8.12,NA,NA,NA,3.5,1000,0,51.67615482,-128.1232837,sand,n,35,e,seagrass,zostera,seagrass_sand,zostera_sand,99.65,3.304499999999998e-143,282,Metazoa,Arthropoda,Copepoda,Harpacticoida,Tisbidae,Scutellidium,0,0,TRUE,ASV2246,1,NA
edna0025,ASV4105,motu3220,Caprella,Amphipod,genus,1,1,NA,NA,29,37,NA,NA,NA,NA,NA,Caprella,Amphipod,2018_chp_depth,chp,beach_seine,2018-07-12,2018-07-10,2018,depth,2,edna_chp_00,depth,biological,11.6,30.85,8.12,NA,NA,NA,3.5,1000,0,51.67615482,-128.1232837,sand,n,35,e,seagrass,zostera,seagrass_sand,zostera_sand,98.63,3.352919999999999e-143,282,Metazoa,Arthropoda,Malacostraca,Amphipoda,Caprellidae,Caprella,0,0,TRUE,ASV4105,1,NA
edna0025,ASV2148,motu1770,Scutellidium,Harpacticoid copepod,genus,1,1,1,1,29,44,15,52,94,NA,69,Scutellidium,Harpacticoid copepod,2018_chp_depth,chp,beach_seine,2018-07-12,2018-07-10,2018,depth,2,edna_chp_00,depth,biological,11.6,30.85,8.12,NA,NA,NA,3.5,1000,0,51.67615482,-128.1232837,sand,n,35,e,seagrass,zostera,seagrass_sand,zostera_sand,99.65,3.304499999999998e-143,282,Metazoa,Arthropoda,Copepoda,Harpacticoida,Tisbidae,Scutellidium,0,0,TRUE,ASV2148,1,NA
edna0025,ASV3083,motu2481,Diosaccus spinatus,Harpacticoid copepod,species,1,1,1,1,26,34,12,19,45,NA,NA,Diosaccus spinatus,Harpacticoid copepod,2018_chp_depth,chp,beach_seine,2018-07-12,2018-07-10,2018,depth,2,edna_chp_00,depth,biological,11.6,30.85,8.12,NA,NA,NA,3.5,1000,0,51.67615482,-128.1232837,sand,n,35,e,seagrass,zostera,seagrass_sand,zostera_sand,98.72,9.19139e-154,301,Metazoa,Arthropoda,Arthropoda,Harpacticoida,Miraciidae,Diosaccus,0,0,TRUE,ASV3083,1,Diosaccus spinatus
edna0025,ASV3513,motu2792,Nudibranchia,Nudibranch species,order,1,NA,1,1,20,NA,6,21,25,NA,27,Nudibranchia,Nudibranch species,2018_chp_depth,chp,beach_seine,2018-07-12,2018-07-10,2018,depth,2,edna_chp_00,depth,biological,11.6,30.85,8.12,NA,NA,NA,3.5,1000,0,51.67615482,-128.1232837,sand,n,35,e,seagrass,zostera,seagrass_sand,zostera_sand,99.36,4.246189999999999e-157,307,Metazoa,Mollusca,Mollusca,Nudibranchia,NA,NA,0,0,TRUE,ASV3513,1,NA
edna0025,ASV2531,motu2060,Caprella,Amphipod,genus,1,1,NA,1,20,41,NA,15,79,NA,59,Caprella,Amphipod,2018_chp_depth,chp,beach_seine,2018-07-12,2018-07-10,2018,depth,2,edna_chp_00,depth,biological,11.6,30.85,8.12,NA,NA,NA,3.5,1000,0,51.67615482,-128.1232837,sand,n,35,e,seagrass,zostera,seagrass_sand,zostera_sand,98.63,3.352919999999999e-143,282,Metazoa,Arthropoda,Malacostraca,Amphipoda,Caprellidae,Caprella,0,0,TRUE,ASV2531,1,NA
edna0025,ASV4198,motu3292,Diosaccus spinatus,Harpacticoid copepod,species,1,1,NA,NA,18,44,NA,NA,NA,NA,NA,Diosaccus spinatus,Harpacticoid copepod,2018_chp_depth,chp,beach_seine,2018-07-12,2018-07-10,2018,depth,2,edna_chp_00,depth,biological,11.6,30.85,8.12,NA,NA,NA,3.5,1000,0,51.67615482,-128.1232837,sand,n,35,e,seagrass,zostera,seagrass_sand,zostera_sand,98.72,9.19139e-154,301,Metazoa,Arthropoda,Arthropoda,Harpacticoida,Miraciidae,Diosaccus,0,0,TRUE,ASV4198,1,Diosaccus spinatus
edna0026,ASV25,motu22,Acartia (Acartiura) longiremis,Calanoid copepod,species,1,1,1,1,174,356,72,383,428,NA,472,Acartia (Acartiura) longiremis,Calanoid copepod,2018_chp_surface,chp,beach_seine,2018-07-12,2018-07-10,2018,surface,3,edna_chp_15,surface,biological,11.6,30.86,8.09,NA,NA,NA,3.5,1000,0,51.67628487,-128.1233672,sand,n,35,e,seagrass,zostera,seagrass_sand,zostera_sand,100,1.96163e-160,313,Metazoa,Arthropoda,Copepoda,Calanoida,Acartiidae,Acartia,0,0,TRUE,ASV25,27,Acartia (Acartiura) longiremis
edna0026,ASV81,motu71,Acartia (Acartiura) longiremis,Calanoid copepod,species,1,1,NA,NA,152,354,NA,NA,NA,NA,NA,Acartia (Acartiura) longiremis,Calanoid copepod,2018_chp_surface,chp,beach_seine,2018-07-12,2018-07-10,2018,surface,3,edna_chp_15,surface,biological,11.6,30.86,8.09,NA,NA,NA,3.5,1000,0,51.67628487,-128.1233672,sand,n,35,e,seagrass,zostera,seagrass_sand,zostera_sand,100,1.96163e-160,313,Metazoa,Arthropoda,Copepoda,Calanoida,Acartiidae,Acartia,0,0,TRUE,ASV81,23,Acartia (Acartiura) longiremis
edna0026,ASV34,motu31,Centropages abdominalis,Calanoid copepod,species,1,1,1,1,31,41,17,67,117,NA,74,Centropages abdominalis,Calanoid copepod,2018_chp_surface,chp,beach_seine,2018-07-12,2018-07-10,2018,surface,3,edna_chp_15,surface,biological,11.6,30.86,8.09,NA,NA,NA,3.5,1000,0,51.67628487,-128.1233672,sand,n,35,e,seagrass,zostera,seagrass_sand,zostera_sand,100,1.96163e-160,313,Metazoa,Arthropoda,Copepoda,Calanoida,Centropagidae,Centropages,0,0,TRUE,ASV34,19,Centropages abdominalis
edna0026,ASV143,motu128,Centropages abdominalis,Calanoid copepod,species,1,1,NA,NA,19,41,NA,NA,NA,NA,NA,Centropages abdominalis,Calanoid copepod,2018_chp_surface,chp,beach_seine,2018-07-12,2018-07-10,2018,surface,3,edna_chp_15,surface,biological,11.6,30.86,8.09,NA,NA,NA,3.5,1000,0,51.67628487,-128.1233672,sand,n,35,e,seagrass,zostera,seagrass_sand,zostera_sand,100,1.96163e-160,313,Metazoa,Arthropoda,Copepoda,Calanoida,Centropagidae,Centropages,0,0,TRUE,ASV143,11,Centropages abdominalis
edna0026,ASV258,motu228,Lensia,Siphonophore,genus,1,1,NA,NA,6,8,NA,NA,NA,NA,NA,Lensia,Siphonophore,2018_chp_surface,chp,beach_seine,2018-07-12,2018-07-10,2018,surface,3,edna_chp_15,surface,biological,11.6,30.86,8.09,NA,NA,NA,3.5,1000,0,51.67628487,-128.1233672,sand,n,35,e,seagrass,zostera,seagrass_sand,zostera_sand,100,0.00408744,30,Metazoa,Cnidaria,Cnidaria,Siphonophorae,Diphyidae,Lensia,0,0,TRUE,ASV258,1,NA
edna0026,ASV307,motu118,Mesocentrotus franciscanus,Red sea urchin,species,1,NA,NA,1,27,NA,NA,NA,NA,NA,44,Mesocentrotus franciscanus,Red sea urchin,2018_chp_surface,chp,beach_seine,2018-07-12,2018-07-10,2018,surface,3,edna_chp_15,surface,biological,11.6,30.86,8.09,NA,NA,NA,3.5,1000,0,51.67628487,-128.1233672,sand,n,35,e,seagrass,zostera,seagrass_sand,zostera_sand,100,7.02982e-160,312,Metazoa,Echinodermata,Echinoidea,Camarodonta,Strongylocentrotidae,Mesocentrotus,0,0,TRUE,ASV132,8,Mesocentrotus franciscanus
edna0026,ASV216,motu190,Mytilus trossulus,Bay mussel,species,1,1,NA,1,12,28,NA,NA,33,NA,NA,Mytilus trossulus,Bay mussel,2018_chp_surface,chp,beach_seine,2018-07-12,2018-07-10,2018,surface,3,edna_chp_15,surface,biological,11.6,30.86,8.09,NA,NA,NA,3.5,1000,0,51.67628487,-128.1233672,sand,n,35,e,seagrass,zostera,seagrass_sand,zostera_sand,100,3.2351099999999996e-158,309,Metazoa,Mollusca,Mollusca,Mytilida,Mytilidae,Mytilus,0,0,TRUE,ASV216,23,Mytilus trossulus
edna0026,ASV232,motu204,Cecidomyiidae,Hexapod,genus,1,1,1,1,122,241,77,248,286,NA,288,Cecidomyiidae,Hexapod,2018_chp_surface,chp,beach_seine,2018-07-12,2018-07-10,2018,surface,3,edna_chp_15,surface,biological,11.6,30.86,8.09,NA,NA,NA,3.5,1000,0,51.67628487,-128.1233672,sand,n,35,e,seagrass,zostera,seagrass_sand,zostera_sand,100,0.00408744,30,Metazoa,Arthropoda,Arthropoda,Diptera,Cecidomyiidae,Cecidomyiidae,NA,NA,TRUE,ASV232,1,NA
edna0026,ASV275,motu244,Ophiopholis kennerlyi,Daisy brittle star,species,1,1,1,1,28,81,30,98,81,NA,103,Ophiopholis kennerlyi,Daisy brittle star,2018_chp_surface,chp,beach_seine,2018-07-12,2018-07-10,2018,surface,3,edna_chp_15,surface,biological,11.6,30.86,8.09,NA,NA,NA,3.5,1000,0,51.67628487,-128.1233672,sand,n,35,e,seagrass,zostera,seagrass_sand,zostera_sand,100,1.96163e-160,313,Metazoa,Echinodermata,Echinodermata,Amphilepidida,Ophiopholidae,Ophiopholis,0,0,TRUE,ASV275,7,Ophiopholis kennerlyi
edna0026,ASV595,motu522,Cecidomyiidae,Hexapod,genus,1,1,NA,NA,120,236,NA,NA,NA,NA,NA,Cecidomyiidae,Hexapod,2018_chp_surface,chp,beach_seine,2018-07-12,2018-07-10,2018,surface,3,edna_chp_15,surface,biological,11.6,30.86,8.09,NA,NA,NA,3.5,1000,0,51.67628487,-128.1233672,sand,n,35,e,seagrass,zostera,seagrass_sand,zostera_sand,100,0.00408744,30,Metazoa,Arthropoda,Arthropoda,Diptera,Cecidomyiidae,Cecidomyiidae,NA,NA,TRUE,ASV595,1,NA
edna0026,ASV603,motu529,Ophiopholis kennerlyi,Daisy brittle star,species,1,1,NA,NA,25,64,NA,NA,NA,NA,NA,Ophiopholis kennerlyi,Daisy brittle star,2018_chp_surface,chp,beach_seine,2018-07-12,2018-07-10,2018,surface,3,edna_chp_15,surface,biological,11.6,30.86,8.09,NA,NA,NA,3.5,1000,0,51.67628487,-128.1233672,sand,n,35,e,seagrass,zostera,seagrass_sand,zostera_sand,100,1.96163e-160,313,Metazoa,Echinodermata,Echinodermata,Amphilepidida,Ophiopholidae,Ophiopholis,0,0,TRUE,ASV603,6,Ophiopholis kennerlyi
edna0026,ASV336,motu296,Pseudocalanus newmani,Calanoid copepod,species,1,1,NA,1,30,80,NA,66,66,NA,57,Pseudocalanus newmani,Calanoid copepod,2018_chp_surface,chp,beach_seine,2018-07-12,2018-07-10,2018,surface,3,edna_chp_15,surface,biological,11.6,30.86,8.09,NA,NA,NA,3.5,1000,0,51.67628487,-128.1233672,sand,n,35,e,seagrass,zostera,seagrass_sand,zostera_sand,100,1.96163e-160,313,Metazoa,Arthropoda,Copepoda,Calanoida,Clausocalanidae,Pseudocalanus,0,0,TRUE,ASV336,4,Pseudocalanus newmani
edna0026,ASV613,motu536,Sabellariidae,Feather duster worm,family,1,1,NA,NA,11,13,NA,NA,NA,NA,NA,Sabellariidae,Feather duster worm,2018_chp_surface,chp,beach_seine,2018-07-12,2018-07-10,2018,surface,3,edna_chp_15,surface,biological,11.6,30.86,8.09,NA,NA,NA,3.5,1000,0,51.67628487,-128.1233672,sand,n,35,e,seagrass,zostera,seagrass_sand,zostera_sand,99.68,1.5051499999999994e-156,306,Metazoa,Annelida,Polychaeta,NA,Sabellariidae,NA,0,0,TRUE,ASV613,7,NA
edna0026,ASV521,motu458,Sabellariidae,Feather duster worm,family,1,1,1,1,7,15,9,NA,8,NA,13,Sabellariidae,Feather duster worm,2018_chp_surface,chp,beach_seine,2018-07-12,2018-07-10,2018,surface,3,edna_chp_15,surface,biological,11.6,30.86,8.09,NA,NA,NA,3.5,1000,0,51.67628487,-128.1233672,sand,n,35,e,seagrass,zostera,seagrass_sand,zostera_sand,99.68,1.5051499999999994e-156,306,Metazoa,Annelida,Polychaeta,NA,Sabellariidae,NA,0,0,TRUE,ASV521,12,NA
edna0026,ASV674,motu334,Synchaeta pectinata,Rotifer,species,1,1,1,1,5,12,4,7,16,NA,13,Synchaeta pectinata,Rotifer,2018_chp_surface,chp,beach_seine,2018-07-12,2018-07-10,2018,surface,3,edna_chp_15,surface,biological,11.6,30.86,8.09,NA,NA,NA,3.5,1000,0,51.67628487,-128.1233672,sand,n,35,e,seagrass,zostera,seagrass_sand,zostera_sand,90.79,3.5361899999999996e-113,228,Metazoa,Rotifera,Eurotatoria,Ploima,Synchaetidae,Synchaeta,0,0,TRUE,ASV377,5,Synchaeta pectinata
edna0026,ASV640,motu105,Mesocentrotus franciscanus,Red sea urchin,species,1,NA,NA,NA,20,NA,NA,NA,NA,NA,NA,Mesocentrotus franciscanus,Red sea urchin,2018_chp_surface,chp,beach_seine,2018-07-12,2018-07-10,2018,surface,3,edna_chp_15,surface,biological,11.6,30.86,8.09,NA,NA,NA,3.5,1000,0,51.67628487,-128.1233672,sand,n,35,e,seagrass,zostera,seagrass_sand,zostera_sand,100,1.96163e-160,313,Metazoa,Echinodermata,Echinoidea,Camarodonta,Strongylocentrotidae,Mesocentrotus,0,0,TRUE,ASV118,8,Mesocentrotus franciscanus
edna0026,ASV978,motu848,Halosydna brevisetosa,Shortscaled worm,species,1,NA,NA,NA,18,NA,NA,NA,NA,NA,NA,Halosydna brevisetosa,Shortscaled worm,2018_chp_surface,chp,beach_seine,2018-07-12,2018-07-10,2018,surface,3,edna_chp_15,surface,biological,11.6,30.86,8.09,NA,NA,NA,3.5,1000,0,51.67628487,-128.1233672,sand,n,35,e,seagrass,zostera,seagrass_sand,zostera_sand,100,1.96163e-160,313,Metazoa,Annelida,Polychaeta,Phyllodocida,Polynoidae,Halosydna,0,0,TRUE,ASV978,4,Halosydna brevisetosa
edna0026,ASV1580,motu1330,Sthenelais berkeleyi,Scale worm,species,1,1,NA,NA,86,119,NA,NA,NA,NA,NA,Sthenelais berkeleyi,Scale worm,2018_chp_surface,chp,beach_seine,2018-07-12,2018-07-10,2018,surface,3,edna_chp_15,surface,biological,11.6,30.86,8.09,NA,NA,NA,3.5,1000,0,51.67628487,-128.1233672,sand,n,35,e,seagrass,zostera,seagrass_sand,zostera_sand,99.04,1.97556e-155,304,Metazoa,Annelida,Polychaeta,Phyllodocida,Sigalionidae,Sthenelais,0,0,TRUE,ASV1580,1,Sthenelais berkeleyi
edna0026,ASV806,motu702,Sthenelais berkeleyi,Scale worm,species,1,1,1,1,56,135,39,125,136,NA,121,Sthenelais berkeleyi,Scale worm,2018_chp_surface,chp,beach_seine,2018-07-12,2018-07-10,2018,surface,3,edna_chp_15,surface,biological,11.6,30.86,8.09,NA,NA,NA,3.5,1000,0,51.67628487,-128.1233672,sand,n,35,e,seagrass,zostera,seagrass_sand,zostera_sand,99.04,1.97556e-155,304,Metazoa,Annelida,Polychaeta,Phyllodocida,Sigalionidae,Sthenelais,0,0,TRUE,ASV806,1,Sthenelais berkeleyi
edna0026,ASV1526,motu1287,Myxicola aesthetica,Feather duster worm,species,1,1,NA,NA,4,7,NA,NA,NA,NA,NA,Myxicola aesthetica,Feather duster worm,2018_chp_surface,chp,beach_seine,2018-07-12,2018-07-10,2018,surface,3,edna_chp_15,surface,biological,11.6,30.86,8.09,NA,NA,NA,3.5,1000,0,51.67628487,-128.1233672,sand,n,35,e,seagrass,zostera,seagrass_sand,zostera_sand,100,1.96163e-160,313,Metazoa,Annelida,Polychaeta,Sabellida,Sabellidae,Myxicola,0,0,TRUE,ASV1526,2,Myxicola aesthetica
edna0026,ASV838,motu729,Strongylocentrotus purpuratus,Purple sea urchin,species,1,NA,NA,NA,15,NA,NA,NA,NA,NA,NA,Strongylocentrotus purpuratus,Purple sea urchin,2018_chp_surface,chp,beach_seine,2018-07-12,2018-07-10,2018,surface,3,edna_chp_15,surface,biological,11.6,30.86,8.09,NA,NA,NA,3.5,1000,0,51.67628487,-128.1233672,sand,n,35,e,seagrass,zostera,seagrass_sand,zostera_sand,100,1.96163e-160,313,Metazoa,Echinodermata,Echinoidea,Camarodonta,Strongylocentrotidae,Strongylocentrotus,0,0,TRUE,ASV838,2,Strongylocentrotus purpuratus
edna0026,ASV1742,motu1454,Micropodarke dubia,Hesionid polychaete,species,1,1,NA,NA,3,10,NA,NA,NA,NA,NA,Micropodarke dubia,Hesionid polychaete,2018_chp_surface,chp,beach_seine,2018-07-12,2018-07-10,2018,surface,3,edna_chp_15,surface,biological,11.6,30.86,8.09,NA,NA,NA,3.5,1000,0,51.67628487,-128.1233672,sand,n,35,e,seagrass,zostera,seagrass_sand,zostera_sand,100,1.96163e-160,313,Metazoa,Annelida,Polychaeta,Phyllodocida,Hesionidae,Micropodarke,0,0,TRUE,ASV1742,2,Micropodarke dubia
edna0026,ASV1950,motu1620,Haliotis kamtschatkana,Northern abalone,species,1,NA,1,NA,4,NA,4,NA,NA,NA,NA,Haliotis kamtschatkana,Northern abalone,2018_chp_surface,chp,beach_seine,2018-07-12,2018-07-10,2018,surface,3,edna_chp_15,surface,biological,11.6,30.86,8.09,NA,NA,NA,3.5,1000,0,51.67628487,-128.1233672,sand,n,35,e,seagrass,zostera,seagrass_sand,zostera_sand,100,7.02982e-160,312,Metazoa,Mollusca,Mollusca,Lepetellida,Haliotidae,Haliotis,0,0,TRUE,ASV1950,2,Haliotis kamtschatkana
edna0026,ASV1984,motu1645,Strongylocentrotus purpuratus,Purple sea urchin,species,1,NA,NA,NA,10,NA,NA,NA,NA,NA,NA,Strongylocentrotus purpuratus,Purple sea urchin,2018_chp_surface,chp,beach_seine,2018-07-12,2018-07-10,2018,surface,3,edna_chp_15,surface,biological,11.6,30.86,8.09,NA,NA,NA,3.5,1000,0,51.67628487,-128.1233672,sand,n,35,e,seagrass,zostera,seagrass_sand,zostera_sand,100,1.96163e-160,313,Metazoa,Echinodermata,Echinoidea,Camarodonta,Strongylocentrotidae,Strongylocentrotus,0,0,TRUE,ASV1984,1,Strongylocentrotus purpuratus
edna0026,ASV2031,motu1681,Membranipora membranacea,Coffin box bryozoan,species,1,1,NA,NA,6,11,NA,NA,NA,NA,NA,Membranipora membranacea,Coffin box bryozoan,2018_chp_surface,chp,beach_seine,2018-07-12,2018-07-10,2018,surface,3,edna_chp_15,surface,biological,11.6,30.86,8.09,NA,NA,NA,3.5,1000,0,51.67628487,-128.1233672,sand,n,35,e,seagrass,zostera,seagrass_sand,zostera_sand,100,9.252979999999995e-139,274,Metazoa,Bryozoa,Gymnolaemata,Cheilostomatida,Membraniporidae,Membranipora,0,0,TRUE,ASV2031,1,Membranipora membranacea
edna0026,ASV1856,motu517,Balanus,Barnacle species,genus,1,1,1,1,63,95,40,66,84,NA,69,Balanus,Barnacle species,2018_chp_surface,chp,beach_seine,2018-07-12,2018-07-10,2018,surface,3,edna_chp_15,surface,biological,11.6,30.86,8.09,NA,NA,NA,3.5,1000,0,51.67628487,-128.1233672,sand,n,35,e,seagrass,zostera,seagrass_sand,zostera_sand,99.35,3.22227e-153,300,Metazoa,Arthropoda,Arthropoda,Balanomorpha,Balanidae,Balanus,0,0,TRUE,ASV587,10,NA
edna0026,ASV4557,motu1826,Mytilus californianus,California mussel,species,1,NA,NA,NA,21,NA,NA,NA,NA,NA,NA,Mytilus californianus,California mussel,2018_chp_surface,chp,beach_seine,2018-07-12,2018-07-10,2018,surface,3,edna_chp_15,surface,biological,11.6,30.86,8.09,NA,NA,NA,3.5,1000,0,51.67628487,-128.1233672,sand,n,35,e,seagrass,zostera,seagrass_sand,zostera_sand,100,3.2351099999999996e-158,309,Metazoa,Mollusca,Bivalvia,Mytilida,Mytilidae,Mytilus,0,0,TRUE,ASV2213,3,Mytilus californianus
edna0026,ASV1917,motu1595,Arthropoda,Unknown arthropod,phylum,1,1,NA,1,4,14,NA,5,8,NA,NA,Arthropoda,Unknown arthropod,2018_chp_surface,chp,beach_seine,2018-07-12,2018-07-10,2018,surface,3,edna_chp_15,surface,biological,11.6,30.86,8.09,NA,NA,NA,3.5,1000,0,51.67628487,-128.1233672,sand,n,35,e,seagrass,zostera,seagrass_sand,zostera_sand,95,2.34566e-5,34,Metazoa,Arthropoda,NA,NA,NA,NA,NA,NA,TRUE,ASV1917,1,NA
edna0026,ASV1599,motu1332,Mytilus californianus,California mussel,species,1,1,1,1,20,39,18,33,40,NA,56,Mytilus californianus,California mussel,2018_chp_surface,chp,beach_seine,2018-07-12,2018-07-10,2018,surface,3,edna_chp_15,surface,biological,11.6,30.86,8.09,NA,NA,NA,3.5,1000,0,51.67628487,-128.1233672,sand,n,35,e,seagrass,zostera,seagrass_sand,zostera_sand,100,3.2351099999999996e-158,309,Metazoa,Mollusca,Bivalvia,Mytilida,Mytilidae,Mytilus,0,0,TRUE,ASV1582,5,Mytilus californianus
edna0026,ASV3526,motu2802,Pseudocalanus mimus,Calanoid copepod,species,1,1,NA,NA,41,57,NA,NA,NA,NA,NA,Pseudocalanus mimus,Calanoid copepod,2018_chp_surface,chp,beach_seine,2018-07-12,2018-07-10,2018,surface,3,edna_chp_15,surface,biological,11.6,30.86,8.09,NA,NA,NA,3.5,1000,0,51.67628487,-128.1233672,sand,n,35,e,seagrass,zostera,seagrass_sand,zostera_sand,99.67,5.531789999999998e-151,296,Metazoa,Arthropoda,Copepoda,Calanoida,Clausocalanidae,Pseudocalanus,0,0,TRUE,ASV3526,1,Pseudocalanus mimus
edna0026,ASV2840,motu2298,Arthropoda,Unknown arthropod,phylum,1,1,NA,NA,6,9,NA,NA,NA,NA,NA,Arthropoda,Unknown arthropod,2018_chp_surface,chp,beach_seine,2018-07-12,2018-07-10,2018,surface,3,edna_chp_15,surface,biological,11.6,30.86,8.09,NA,NA,NA,3.5,1000,0,51.67628487,-128.1233672,sand,n,35,e,seagrass,zostera,seagrass_sand,zostera_sand,95,2.34566e-5,34,Metazoa,Arthropoda,NA,NA,NA,NA,NA,NA,TRUE,ASV2840,1,NA
edna0026,ASV3233,motu1015,Balanus,Barnacle species,genus,1,1,NA,NA,39,83,NA,NA,NA,NA,NA,Balanus,Barnacle species,2018_chp_surface,chp,beach_seine,2018-07-12,2018-07-10,2018,surface,3,edna_chp_15,surface,biological,11.6,30.86,8.09,NA,NA,NA,3.5,1000,0,51.67628487,-128.1233672,sand,n,35,e,seagrass,zostera,seagrass_sand,zostera_sand,99.35,3.22227e-153,300,Metazoa,Arthropoda,Arthropoda,Balanomorpha,Balanidae,Balanus,0,0,TRUE,ASV1187,5,NA
edna0026,ASV4360,motu3402,Chthamalus dalli,Little brown barnacle,species,1,1,NA,NA,17,31,NA,NA,NA,NA,NA,Chthamalus dalli,Little brown barnacle,2018_chp_surface,chp,beach_seine,2018-07-12,2018-07-10,2018,surface,3,edna_chp_15,surface,biological,11.6,30.86,8.09,NA,NA,NA,3.5,1000,0,51.67628487,-128.1233672,sand,n,35,e,seagrass,zostera,seagrass_sand,zostera_sand,98.4,1.53804e-151,297,Metazoa,Arthropoda,Thecostraca,Balanomorpha,Chthamalidae,Chthamalus,0,0,TRUE,ASV4360,1,Chthamalus dalli
edna0026,ASV2161,motu1780,Pseudocalanus mimus,Calanoid copepod,species,1,1,1,1,22,57,32,70,83,NA,39,Pseudocalanus mimus,Calanoid copepod,2018_chp_surface,chp,beach_seine,2018-07-12,2018-07-10,2018,surface,3,edna_chp_15,surface,biological,11.6,30.86,8.09,NA,NA,NA,3.5,1000,0,51.67628487,-128.1233672,sand,n,35,e,seagrass,zostera,seagrass_sand,zostera_sand,99.67,5.531789999999998e-151,296,Metazoa,Arthropoda,Copepoda,Calanoida,Clausocalanidae,Pseudocalanus,0,0,TRUE,ASV2161,1,Pseudocalanus mimus
edna0026,ASV5427,motu4165,Chaetognatha,Arrow worm,phylum,1,NA,NA,NA,4,NA,NA,NA,NA,NA,NA,Chaetognatha,Arrow worm,2018_chp_surface,chp,beach_seine,2018-07-12,2018-07-10,2018,surface,3,edna_chp_15,surface,biological,11.6,30.86,8.09,NA,NA,NA,3.5,1000,0,51.67628487,-128.1233672,sand,n,35,e,seagrass,zostera,seagrass_sand,zostera_sand,98.01,1.6078299999999998e-91,189,Metazoa,Chaetognatha,NA,NA,NA,NA,0,0,TRUE,ASV5427,1,NA
edna0026,ASV2637,motu2142,Chthamalus dalli,Little brown barnacle,species,1,1,1,1,15,23,12,28,NA,NA,23,Chthamalus dalli,Little brown barnacle,2018_chp_surface,chp,beach_seine,2018-07-12,2018-07-10,2018,surface,3,edna_chp_15,surface,biological,11.6,30.86,8.09,NA,NA,NA,3.5,1000,0,51.67628487,-128.1233672,sand,n,35,e,seagrass,zostera,seagrass_sand,zostera_sand,98.4,1.53804e-151,297,Metazoa,Arthropoda,Thecostraca,Balanomorpha,Chthamalidae,Chthamalus,0,0,TRUE,ASV2637,1,Chthamalus dalli
edna0027,ASV25,motu22,Acartia (Acartiura) longiremis,Calanoid copepod,species,1,1,NA,1,25,77,NA,85,89,NA,114,Acartia (Acartiura) longiremis,Calanoid copepod,2018_chp_depth,chp,beach_seine,2018-07-12,2018-07-10,2018,depth,3,edna_chp_30,depth,biological,NA,NA,NA,NA,NA,NA,3.5,1000,0,51.6763963,-128.123414,sand,n,35,e,seagrass,zostera,seagrass_sand,zostera_sand,100,1.96163e-160,313,Metazoa,Arthropoda,Copepoda,Calanoida,Acartiidae,Acartia,0,0,TRUE,ASV25,27,Acartia (Acartiura) longiremis
edna0027,ASV81,motu71,Acartia (Acartiura) longiremis,Calanoid copepod,species,1,1,NA,NA,44,60,NA,NA,NA,NA,NA,Acartia (Acartiura) longiremis,Calanoid copepod,2018_chp_depth,chp,beach_seine,2018-07-12,2018-07-10,2018,depth,3,edna_chp_30,depth,biological,NA,NA,NA,NA,NA,NA,3.5,1000,0,51.6763963,-128.123414,sand,n,35,e,seagrass,zostera,seagrass_sand,zostera_sand,100,1.96163e-160,313,Metazoa,Arthropoda,Copepoda,Calanoida,Acartiidae,Acartia,0,0,TRUE,ASV81,23,Acartia (Acartiura) longiremis
edna0027,ASV34,motu31,Centropages abdominalis,Calanoid copepod,species,1,1,1,1,10,9,4,11,25,NA,20,Centropages abdominalis,Calanoid copepod,2018_chp_depth,chp,beach_seine,2018-07-12,2018-07-10,2018,depth,3,edna_chp_30,depth,biological,NA,NA,NA,NA,NA,NA,3.5,1000,0,51.6763963,-128.123414,sand,n,35,e,seagrass,zostera,seagrass_sand,zostera_sand,100,1.96163e-160,313,Metazoa,Arthropoda,Copepoda,Calanoida,Centropagidae,Centropages,0,0,TRUE,ASV34,19,Centropages abdominalis
edna0027,ASV121,motu107,Placida dendritica,Branched sapsucker,species,1,1,1,1,3695,7033,2218,4171,4260,NA,6822,Placida dendritica,Branched sapsucker,2018_chp_depth,chp,beach_seine,2018-07-12,2018-07-10,2018,depth,3,edna_chp_30,depth,biological,NA,NA,NA,NA,NA,NA,3.5,1000,0,51.6763963,-128.123414,sand,n,35,e,seagrass,zostera,seagrass_sand,zostera_sand,99.35,7.002779999999996e-155,303,Metazoa,Mollusca,Gastropoda,NA,Limapontiidae,Placida,0,0,TRUE,ASV121,2,Placida dendritica
edna0027,ASV159,motu139,Placida dendritica,Branched sapsucker,species,1,1,1,1,3315,6615,1370,2674,2765,NA,4262,Placida dendritica,Branched sapsucker,2018_chp_depth,chp,beach_seine,2018-07-12,2018-07-10,2018,depth,3,edna_chp_30,depth,biological,NA,NA,NA,NA,NA,NA,3.5,1000,0,51.6763963,-128.123414,sand,n,35,e,seagrass,zostera,seagrass_sand,zostera_sand,99.35,7.002779999999996e-155,303,Metazoa,Mollusca,Gastropoda,NA,Limapontiidae,Placida,0,0,TRUE,ASV159,2,Placida dendritica
edna0027,ASV233,motu74,Euchlanidae,Rotifer,family,1,1,1,NA,20,46,27,NA,NA,NA,NA,No Results,No Results,2018_chp_depth,chp,beach_seine,2018-07-12,2018-07-10,2018,depth,3,edna_chp_30,depth,biological,NA,NA,NA,NA,NA,NA,3.5,1000,0,51.6763963,-128.123414,sand,n,35,e,seagrass,zostera,seagrass_sand,zostera_sand,91.35,3.005919999999998e-29,77,Metazoa,Rotifera,Rotifera,Ploima,Euchlanidae,NA,1,NA,TRUE,ASV84,2,NA
edna0027,ASV205,motu181,Pseudocalanus mimus,Calanoid copepod,species,1,1,1,1,36,76,29,49,73,NA,130,Pseudocalanus mimus,Calanoid copepod,2018_chp_depth,chp,beach_seine,2018-07-12,2018-07-10,2018,depth,3,edna_chp_30,depth,biological,NA,NA,NA,NA,NA,NA,3.5,1000,0,51.6763963,-128.123414,sand,n,35,e,seagrass,zostera,seagrass_sand,zostera_sand,100,1.18898e-152,299,Metazoa,Arthropoda,Copepoda,Calanoida,Clausocalanidae,Pseudocalanus,0,0,TRUE,ASV205,8,Pseudocalanus mimus
edna0027,ASV416,motu366,Pseudocalanus mimus,Calanoid copepod,species,1,1,NA,NA,36,66,NA,NA,NA,NA,NA,Pseudocalanus mimus,Calanoid copepod,2018_chp_depth,chp,beach_seine,2018-07-12,2018-07-10,2018,depth,3,edna_chp_30,depth,biological,NA,NA,NA,NA,NA,NA,3.5,1000,0,51.6763963,-128.123414,sand,n,35,e,seagrass,zostera,seagrass_sand,zostera_sand,100,1.18898e-152,299,Metazoa,Arthropoda,Copepoda,Calanoida,Clausocalanidae,Pseudocalanus,0,0,TRUE,ASV416,7,Pseudocalanus mimus
edna0027,ASV232,motu204,Cecidomyiidae,Hexapod,genus,1,1,1,1,153,262,101,342,373,NA,510,Cecidomyiidae,Hexapod,2018_chp_depth,chp,beach_seine,2018-07-12,2018-07-10,2018,depth,3,edna_chp_30,depth,biological,NA,NA,NA,NA,NA,NA,3.5,1000,0,51.6763963,-128.123414,sand,n,35,e,seagrass,zostera,seagrass_sand,zostera_sand,100,0.00408744,30,Metazoa,Arthropoda,Arthropoda,Diptera,Cecidomyiidae,Cecidomyiidae,NA,NA,TRUE,ASV232,1,NA
edna0027,ASV354,motu313,Mitrocoma cellularia,Cross jelly,species,1,1,1,1,8,9,4,6,6,NA,NA,Mitrocoma cellularia,Cross jelly,2018_chp_depth,chp,beach_seine,2018-07-12,2018-07-10,2018,depth,3,edna_chp_30,depth,biological,NA,NA,NA,NA,NA,NA,3.5,1000,0,51.6763963,-128.123414,sand,n,35,e,seagrass,zostera,seagrass_sand,zostera_sand,100,1.4886099999999998e-156,306,Metazoa,Cnidaria,Hydrozoa,Leptothecata,Mitrocomidae,Mitrocoma,0,0,TRUE,ASV354,2,Mitrocoma cellularia
edna0027,ASV275,motu244,Ophiopholis kennerlyi,Daisy brittle star,species,1,1,NA,1,6,13,NA,5,NA,NA,NA,Ophiopholis kennerlyi,Daisy brittle star,2018_chp_depth,chp,beach_seine,2018-07-12,2018-07-10,2018,depth,3,edna_chp_30,depth,biological,NA,NA,NA,NA,NA,NA,3.5,1000,0,51.6763963,-128.123414,sand,n,35,e,seagrass,zostera,seagrass_sand,zostera_sand,100,1.96163e-160,313,Metazoa,Echinodermata,Echinodermata,Amphilepidida,Ophiopholidae,Ophiopholis,0,0,TRUE,ASV275,7,Ophiopholis kennerlyi
edna0027,ASV616,motu537,Mitrocoma cellularia,Cross jelly,species,1,1,NA,NA,7,16,NA,NA,NA,NA,NA,Mitrocoma cellularia,Cross jelly,2018_chp_depth,chp,beach_seine,2018-07-12,2018-07-10,2018,depth,3,edna_chp_30,depth,biological,NA,NA,NA,NA,NA,NA,3.5,1000,0,51.6763963,-128.123414,sand,n,35,e,seagrass,zostera,seagrass_sand,zostera_sand,100,1.4886099999999998e-156,306,Metazoa,Cnidaria,Hydrozoa,Leptothecata,Mitrocomidae,Mitrocoma,0,0,TRUE,ASV616,6,Mitrocoma cellularia
edna0027,ASV595,motu522,Cecidomyiidae,Hexapod,genus,1,1,NA,NA,138,263,NA,NA,NA,NA,NA,Cecidomyiidae,Hexapod,2018_chp_depth,chp,beach_seine,2018-07-12,2018-07-10,2018,depth,3,edna_chp_30,depth,biological,NA,NA,NA,NA,NA,NA,3.5,1000,0,51.6763963,-128.123414,sand,n,35,e,seagrass,zostera,seagrass_sand,zostera_sand,100,0.00408744,30,Metazoa,Arthropoda,Arthropoda,Diptera,Cecidomyiidae,Cecidomyiidae,NA,NA,TRUE,ASV595,1,NA
edna0027,ASV1287,motu1015,Balanus,Barnacle species,genus,1,1,NA,NA,70,121,NA,NA,NA,NA,NA,Balanus,Barnacle species,2018_chp_depth,chp,beach_seine,2018-07-12,2018-07-10,2018,depth,3,edna_chp_30,depth,biological,NA,NA,NA,NA,NA,NA,3.5,1000,0,51.6763963,-128.123414,sand,n,35,e,seagrass,zostera,seagrass_sand,zostera_sand,99.67,6.925819999999995e-155,303,Metazoa,Arthropoda,Arthropoda,Balanomorpha,Balanidae,Balanus,0,0,TRUE,ASV1187,5,NA
edna0027,ASV598,motu524,Strongylocentrotus droebachiensis,Green sea urcin,species,1,1,1,1,221,392,165,378,537,NA,633,Strongylocentrotus droebachiensis,Green sea urcin,2018_chp_depth,chp,beach_seine,2018-07-12,2018-07-10,2018,depth,3,edna_chp_30,depth,biological,NA,NA,NA,NA,NA,NA,3.5,1000,0,51.6763963,-128.123414,sand,n,35,e,seagrass,zostera,seagrass_sand,zostera_sand,100,1.96163e-160,313,Metazoa,Echinodermata,Echinoidea,Camarodonta,Strongylocentrotidae,Strongylocentrotus,0,0,TRUE,ASV598,2,Strongylocentrotus droebachiensis
edna0027,ASV750,motu654,Orobdella,Freshwater leech,genus,1,NA,NA,NA,4,NA,NA,NA,NA,NA,NA,Orobdella,Freshwater leech,2018_chp_depth,chp,beach_seine,2018-07-12,2018-07-10,2018,depth,3,edna_chp_30,depth,biological,NA,NA,NA,NA,NA,NA,3.5,1000,0,51.6763963,-128.123414,sand,n,35,e,seagrass,zostera,seagrass_sand,zostera_sand,97.06,0.00121031,31,Metazoa,Annelida,Annelida,Erpobdelliformes,Orobdellidae,Orobdella,NA,NA,TRUE,ASV750,1,NA
edna0027,ASV587,motu517,Balanus,Barnacle species,genus,1,1,1,1,75,145,42,126,113,NA,203,Balanus,Barnacle species,2018_chp_depth,chp,beach_seine,2018-07-12,2018-07-10,2018,depth,3,edna_chp_30,depth,biological,NA,NA,NA,NA,NA,NA,3.5,1000,0,51.6763963,-128.123414,sand,n,35,e,seagrass,zostera,seagrass_sand,zostera_sand,99.67,6.925819999999995e-155,303,Metazoa,Arthropoda,Arthropoda,Balanomorpha,Balanidae,Balanus,0,0,TRUE,ASV587,10,NA
edna0027,ASV640,motu105,Mesocentrotus franciscanus,Red sea urchin,species,1,1,NA,1,23,52,NA,NA,39,NA,NA,Mesocentrotus franciscanus,Red sea urchin,2018_chp_depth,chp,beach_seine,2018-07-12,2018-07-10,2018,depth,3,edna_chp_30,depth,biological,NA,NA,NA,NA,NA,NA,3.5,1000,0,51.6763963,-128.123414,sand,n,35,e,seagrass,zostera,seagrass_sand,zostera_sand,100,1.96163e-160,313,Metazoa,Echinodermata,Echinoidea,Camarodonta,Strongylocentrotidae,Mesocentrotus,0,0,TRUE,ASV118,8,Mesocentrotus franciscanus
edna0027,ASV682,motu593,Strongylocentrotus droebachiensis,Green sea urcin,species,1,1,1,1,180,438,78,282,372,NA,430,Strongylocentrotus droebachiensis,Green sea urcin,2018_chp_depth,chp,beach_seine,2018-07-12,2018-07-10,2018,depth,3,edna_chp_30,depth,biological,NA,NA,NA,NA,NA,NA,3.5,1000,0,51.6763963,-128.123414,sand,n,35,e,seagrass,zostera,seagrass_sand,zostera_sand,100,1.96163e-160,313,Metazoa,Echinodermata,Echinoidea,Camarodonta,Strongylocentrotidae,Strongylocentrotus,0,0,TRUE,ASV682,2,Strongylocentrotus droebachiensis
edna0027,ASV978,motu848,Halosydna brevisetosa,Shortscaled worm,species,1,1,NA,NA,48,104,NA,NA,NA,NA,NA,Halosydna brevisetosa,Shortscaled worm,2018_chp_depth,chp,beach_seine,2018-07-12,2018-07-10,2018,depth,3,edna_chp_30,depth,biological,NA,NA,NA,NA,NA,NA,3.5,1000,0,51.6763963,-128.123414,sand,n,35,e,seagrass,zostera,seagrass_sand,zostera_sand,100,1.96163e-160,313,Metazoa,Annelida,Polychaeta,Phyllodocida,Polynoidae,Halosydna,0,0,TRUE,ASV978,4,Halosydna brevisetosa
edna0027,ASV624,motu544,Halosydna brevisetosa,Shortscaled worm,species,1,1,NA,1,45,90,NA,NA,102,NA,163,Halosydna brevisetosa,Shortscaled worm,2018_chp_depth,chp,beach_seine,2018-07-12,2018-07-10,2018,depth,3,edna_chp_30,depth,biological,NA,NA,NA,NA,NA,NA,3.5,1000,0,51.6763963,-128.123414,sand,n,35,e,seagrass,zostera,seagrass_sand,zostera_sand,100,1.96163e-160,313,Metazoa,Annelida,Polychaeta,Phyllodocida,Polynoidae,Halosydna,0,0,TRUE,ASV624,4,Halosydna brevisetosa
edna0027,ASV1531,motu1291,Halosydna brevisetosa,Shortscaled worm,species,1,1,NA,NA,35,81,NA,NA,NA,NA,NA,Halosydna brevisetosa,Shortscaled worm,2018_chp_depth,chp,beach_seine,2018-07-12,2018-07-10,2018,depth,3,edna_chp_30,depth,biological,NA,NA,NA,NA,NA,NA,3.5,1000,0,51.6763963,-128.123414,sand,n,35,e,seagrass,zostera,seagrass_sand,zostera_sand,100,1.96163e-160,313,Metazoa,Annelida,Polychaeta,Phyllodocida,Polynoidae,Halosydna,0,0,TRUE,ASV1531,1,Halosydna brevisetosa
edna0027,ASV1482,motu118,Mesocentrotus franciscanus,Red sea urchin,species,1,NA,NA,NA,20,NA,NA,NA,NA,NA,NA,Mesocentrotus franciscanus,Red sea urchin,2018_chp_depth,chp,beach_seine,2018-07-12,2018-07-10,2018,depth,3,edna_chp_30,depth,biological,NA,NA,NA,NA,NA,NA,3.5,1000,0,51.6763963,-128.123414,sand,n,35,e,seagrass,zostera,seagrass_sand,zostera_sand,100,1.96163e-160,313,Metazoa,Echinodermata,Echinoidea,Camarodonta,Strongylocentrotidae,Mesocentrotus,0,0,TRUE,ASV132,8,Mesocentrotus franciscanus
edna0027,ASV1189,motu199,Mytilus trossulus,Bay mussel,species,1,1,1,1,130,159,78,190,171,NA,251,Mytilus trossulus,Bay mussel,2018_chp_depth,chp,beach_seine,2018-07-12,2018-07-10,2018,depth,3,edna_chp_30,depth,biological,NA,NA,NA,NA,NA,NA,3.5,1000,0,51.6763963,-128.123414,sand,n,35,e,seagrass,zostera,seagrass_sand,zostera_sand,99.68,1.5051499999999994e-156,306,Metazoa,Mollusca,Mollusca,Mytilida,Mytilidae,Mytilus,0,0,TRUE,ASV226,18,Mytilus trossulus
edna0027,ASV1911,motu1590,Haliotis kamtschatkana,Northern abalone,species,1,1,NA,NA,126,267,NA,NA,NA,NA,NA,Haliotis kamtschatkana,Northern abalone,2018_chp_depth,chp,beach_seine,2018-07-12,2018-07-10,2018,depth,3,edna_chp_30,depth,biological,NA,NA,NA,NA,NA,NA,3.5,1000,0,51.6763963,-128.123414,sand,n,35,e,seagrass,zostera,seagrass_sand,zostera_sand,99.68,9.126599999999999e-159,310,Metazoa,Mollusca,Mollusca,Lepetellida,Haliotidae,Haliotis,0,0,TRUE,ASV1911,6,Haliotis kamtschatkana
edna0027,ASV1986,motu22,Acartia (Acartiura) longiremis,Calanoid copepod,species,1,1,NA,NA,36,58,NA,NA,NA,NA,NA,Acartia (Acartiura) longiremis,Calanoid copepod,2018_chp_depth,chp,beach_seine,2018-07-12,2018-07-10,2018,depth,3,edna_chp_30,depth,biological,NA,NA,NA,NA,NA,NA,3.5,1000,0,51.6763963,-128.123414,sand,n,35,e,seagrass,zostera,seagrass_sand,zostera_sand,99.68,9.126599999999999e-159,310,Metazoa,Arthropoda,Copepoda,Calanoida,Acartiidae,Acartia,0,0,TRUE,ASV25,27,Acartia (Acartiura) longiremis
edna0027,ASV1125,motu968,Halosydna brevisetosa,Shortscaled worm,species,1,1,1,1,28,72,45,103,NA,NA,NA,Halosydna brevisetosa,Shortscaled worm,2018_chp_depth,chp,beach_seine,2018-07-12,2018-07-10,2018,depth,3,edna_chp_30,depth,biological,NA,NA,NA,NA,NA,NA,3.5,1000,0,51.6763963,-128.123414,sand,n,35,e,seagrass,zostera,seagrass_sand,zostera_sand,100,1.96163e-160,313,Metazoa,Annelida,Polychaeta,Phyllodocida,Polynoidae,Halosydna,0,0,TRUE,ASV1125,1,Halosydna brevisetosa
edna0027,ASV1168,motu1001,Anthopleura elegantissima,Aggregating anemone,species,1,1,1,1,72,160,62,54,44,NA,92,Anthopleura elegantissima,Aggregating anemone,2018_chp_depth,chp,beach_seine,2018-07-12,2018-07-10,2018,depth,3,edna_chp_30,depth,biological,NA,NA,NA,NA,NA,NA,3.5,1000,0,51.6763963,-128.123414,sand,n,35,e,seagrass,zostera,seagrass_sand,zostera_sand,100,1.96163e-160,313,Metazoa,Cnidaria,Cnidaria,Actiniaria,Actiniidae,Anthopleura,0,0,TRUE,ASV1168,1,Anthopleura elegantissima
edna0027,ASV1553,motu1104,Haliotis kamtschatkana,Northern abalone,species,1,1,1,1,119,229,57,NA,NA,NA,199,Haliotis kamtschatkana,Northern abalone,2018_chp_depth,chp,beach_seine,2018-07-12,2018-07-10,2018,depth,3,edna_chp_30,depth,biological,NA,NA,NA,NA,NA,NA,3.5,1000,0,51.6763963,-128.123414,sand,n,35,e,seagrass,zostera,seagrass_sand,zostera_sand,99.68,9.126599999999999e-159,310,Metazoa,Mollusca,Mollusca,Lepetellida,Haliotidae,Haliotis,0,0,TRUE,ASV1304,9,Haliotis kamtschatkana
edna0027,ASV1135,motu190,Mytilus trossulus,Bay mussel,species,1,1,1,1,109,227,65,203,200,NA,241,Mytilus trossulus,Bay mussel,2018_chp_depth,chp,beach_seine,2018-07-12,2018-07-10,2018,depth,3,edna_chp_30,depth,biological,NA,NA,NA,NA,NA,NA,3.5,1000,0,51.6763963,-128.123414,sand,n,35,e,seagrass,zostera,seagrass_sand,zostera_sand,99.68,1.5051499999999994e-156,306,Metazoa,Mollusca,Mollusca,Mytilida,Mytilidae,Mytilus,0,0,TRUE,ASV216,23,Mytilus trossulus
edna0027,ASV1332,motu1125,Pollicipes polymerus,Gooseneck barnacle,species,1,NA,1,1,17,NA,6,25,NA,NA,30,Pollicipes polymerus,Gooseneck barnacle,2018_chp_depth,chp,beach_seine,2018-07-12,2018-07-10,2018,depth,3,edna_chp_30,depth,biological,NA,NA,NA,NA,NA,NA,3.5,1000,0,51.6763963,-128.123414,sand,n,35,e,seagrass,zostera,seagrass_sand,zostera_sand,100,3.2351099999999996e-158,309,Metazoa,Arthropoda,Thecostraca,Pollicipedomorpha,Pollicipedidae,Pollicipes,0,0,TRUE,ASV1332,2,Pollicipes polymerus
edna0027,ASV2082,motu1722,Anthopleura elegantissima,Aggregating anemone,species,1,1,NA,NA,68,151,NA,NA,NA,NA,NA,Anthopleura elegantissima,Aggregating anemone,2018_chp_depth,chp,beach_seine,2018-07-12,2018-07-10,2018,depth,3,edna_chp_30,depth,biological,NA,NA,NA,NA,NA,NA,3.5,1000,0,51.6763963,-128.123414,sand,n,35,e,seagrass,zostera,seagrass_sand,zostera_sand,100,1.96163e-160,313,Metazoa,Cnidaria,Cnidaria,Actiniaria,Actiniidae,Anthopleura,0,0,TRUE,ASV2082,1,Anthopleura elegantissima
edna0027,ASV1477,motu1247,Pollicipes polymerus,Gooseneck barnacle,species,1,1,1,NA,21,24,12,NA,NA,NA,NA,Pollicipes polymerus,Gooseneck barnacle,2018_chp_depth,chp,beach_seine,2018-07-12,2018-07-10,2018,depth,3,edna_chp_30,depth,biological,NA,NA,NA,NA,NA,NA,3.5,1000,0,51.6763963,-128.123414,sand,n,35,e,seagrass,zostera,seagrass_sand,zostera_sand,100,3.2351099999999996e-158,309,Metazoa,Arthropoda,Thecostraca,Pollicipedomorpha,Pollicipedidae,Pollicipes,0,0,TRUE,ASV1477,2,Pollicipes polymerus
edna0027,ASV2469,motu2011,Siphonenteron,Ribbon worm,genus,1,1,NA,NA,5,14,NA,NA,NA,NA,NA,Siphonenteron,Ribbon worm,2018_chp_depth,chp,beach_seine,2018-07-12,2018-07-10,2018,depth,3,edna_chp_30,depth,biological,NA,NA,NA,NA,NA,NA,3.5,1000,0,51.6763963,-128.123414,sand,n,35,e,seagrass,zostera,seagrass_sand,zostera_sand,100,1.96163e-160,313,Metazoa,Nemertea,Pilidiophora,Heteronemertea,Lineidae,Siphonenteron,0,0,TRUE,ASV2469,1,NA
edna0027,ASV1582,motu1332,Mytilus californianus,California mussel,species,1,1,NA,NA,29,57,NA,NA,NA,NA,NA,Mytilus californianus,California mussel,2018_chp_depth,chp,beach_seine,2018-07-12,2018-07-10,2018,depth,3,edna_chp_30,depth,biological,NA,NA,NA,NA,NA,NA,3.5,1000,0,51.6763963,-128.123414,sand,n,35,e,seagrass,zostera,seagrass_sand,zostera_sand,100,3.2351099999999996e-158,309,Metazoa,Mollusca,Bivalvia,Mytilida,Mytilidae,Mytilus,0,0,TRUE,ASV1582,5,Mytilus californianus
edna0027,ASV2213,motu1826,Mytilus californianus,California mussel,species,1,1,NA,1,22,43,NA,NA,18,NA,NA,Mytilus californianus,California mussel,2018_chp_depth,chp,beach_seine,2018-07-12,2018-07-10,2018,depth,3,edna_chp_30,depth,biological,NA,NA,NA,NA,NA,NA,3.5,1000,0,51.6763963,-128.123414,sand,n,35,e,seagrass,zostera,seagrass_sand,zostera_sand,100,3.2351099999999996e-158,309,Metazoa,Mollusca,Bivalvia,Mytilida,Mytilidae,Mytilus,0,0,TRUE,ASV2213,3,Mytilus californianus
edna0027,ASV2309,motu71,Acartia (Acartiura) longiremis,Calanoid copepod,species,1,1,NA,NA,30,66,NA,NA,NA,NA,NA,Acartia (Acartiura) longiremis,Calanoid copepod,2018_chp_depth,chp,beach_seine,2018-07-12,2018-07-10,2018,depth,3,edna_chp_30,depth,biological,NA,NA,NA,NA,NA,NA,3.5,1000,0,51.6763963,-128.123414,sand,n,35,e,seagrass,zostera,seagrass_sand,zostera_sand,99.68,9.126599999999999e-159,310,Metazoa,Arthropoda,Copepoda,Calanoida,Acartiidae,Acartia,0,0,TRUE,ASV81,23,Acartia (Acartiura) longiremis
edna0027,ASV4525,motu139,Placida dendritica,Branched sapsucker,species,1,NA,NA,NA,48,NA,NA,NA,NA,NA,NA,Placida dendritica,Branched sapsucker,2018_chp_depth,chp,beach_seine,2018-07-12,2018-07-10,2018,depth,3,edna_chp_30,depth,biological,NA,NA,NA,NA,NA,NA,3.5,1000,0,51.6763963,-128.123414,sand,n,35,e,seagrass,zostera,seagrass_sand,zostera_sand,99.03,3.258079999999998e-153,300,Metazoa,Mollusca,Gastropoda,NA,Limapontiidae,Placida,0,0,TRUE,ASV159,2,Placida dendritica
edna0027,ASV1917,motu1595,Arthropoda,Unknown arthropod,phylum,1,1,NA,1,4,16,NA,NA,4,NA,13,Arthropoda,Unknown arthropod,2018_chp_depth,chp,beach_seine,2018-07-12,2018-07-10,2018,depth,3,edna_chp_30,depth,biological,NA,NA,NA,NA,NA,NA,3.5,1000,0,51.6763963,-128.123414,sand,n,35,e,seagrass,zostera,seagrass_sand,zostera_sand,95,2.34566e-5,34,Metazoa,Arthropoda,NA,NA,NA,NA,NA,NA,TRUE,ASV1917,1,NA
edna0027,ASV2486,motu2025,Halosydna brevisetosa,Shortscaled worm,species,1,1,NA,1,41,69,NA,NA,NA,NA,113,Halosydna brevisetosa,Shortscaled worm,2018_chp_depth,chp,beach_seine,2018-07-12,2018-07-10,2018,depth,3,edna_chp_30,depth,biological,NA,NA,NA,NA,NA,NA,3.5,1000,0,51.6763963,-128.123414,sand,n,35,e,seagrass,zostera,seagrass_sand,zostera_sand,99.36,4.246189999999999e-157,307,Metazoa,Annelida,Polychaeta,Phyllodocida,Polynoidae,Halosydna,0,0,TRUE,ASV2486,1,Halosydna brevisetosa
edna0027,ASV2840,motu2298,Arthropoda,Unknown arthropod,phylum,1,1,NA,NA,4,20,NA,NA,NA,NA,NA,Arthropoda,Unknown arthropod,2018_chp_depth,chp,beach_seine,2018-07-12,2018-07-10,2018,depth,3,edna_chp_30,depth,biological,NA,NA,NA,NA,NA,NA,3.5,1000,0,51.6763963,-128.123414,sand,n,35,e,seagrass,zostera,seagrass_sand,zostera_sand,95,2.34566e-5,34,Metazoa,Arthropoda,NA,NA,NA,NA,NA,NA,TRUE,ASV2840,1,NA
edna0027,ASV2323,motu1911,Phascolosoma (Phascolosoma) agassizii,Agassiz peanut worm,species,1,1,NA,1,38,73,NA,62,89,NA,NA,Phascolosoma (Phascolosoma) agassizii,Agassiz peanut worm,2018_chp_depth,chp,beach_seine,2018-07-12,2018-07-10,2018,depth,3,edna_chp_30,depth,biological,NA,NA,NA,NA,NA,NA,3.5,1000,0,51.6763963,-128.123414,sand,n,35,e,seagrass,zostera,seagrass_sand,zostera_sand,100,1.96163e-160,313,Metazoa,Annelida,NA,Sipuncula,Phascolosomatidae,Phascolosoma,0,0,TRUE,ASV2323,1,Phascolosoma (Phascolosoma) agassizii
edna0027,ASV2659,motu2158,Halosydna brevisetosa,Shortscaled worm,species,1,1,NA,1,35,63,NA,NA,NA,NA,95,Halosydna brevisetosa,Shortscaled worm,2018_chp_depth,chp,beach_seine,2018-07-12,2018-07-10,2018,depth,3,edna_chp_30,depth,biological,NA,NA,NA,NA,NA,NA,3.5,1000,0,51.6763963,-128.123414,sand,n,35,e,seagrass,zostera,seagrass_sand,zostera_sand,99.36,4.246189999999999e-157,307,Metazoa,Annelida,Polychaeta,Phyllodocida,Polynoidae,Halosydna,0,0,TRUE,ASV2659,1,Halosydna brevisetosa
edna0027,ASV1995,motu1653,Phascolosoma (Phascolosoma) agassizii,Agassiz peanut worm,species,1,1,1,1,34,60,20,74,67,NA,91,Phascolosoma (Phascolosoma) agassizii,Agassiz peanut worm,2018_chp_depth,chp,beach_seine,2018-07-12,2018-07-10,2018,depth,3,edna_chp_30,depth,biological,NA,NA,NA,NA,NA,NA,3.5,1000,0,51.6763963,-128.123414,sand,n,35,e,seagrass,zostera,seagrass_sand,zostera_sand,100,1.96163e-160,313,Metazoa,Annelida,NA,Sipuncula,Phascolosomatidae,Phascolosoma,0,0,TRUE,ASV1995,1,Phascolosoma (Phascolosoma) agassizii
edna0027,ASV5135,motu3951,Nudibranchia,Nudibranch species,order,1,NA,NA,NA,33,NA,NA,NA,NA,NA,NA,Nudibranchia,Nudibranch species,2018_chp_depth,chp,beach_seine,2018-07-12,2018-07-10,2018,depth,3,edna_chp_30,depth,biological,NA,NA,NA,NA,NA,NA,3.5,1000,0,51.6763963,-128.123414,sand,n,35,e,seagrass,zostera,seagrass_sand,zostera_sand,99.36,4.246189999999999e-157,307,Metazoa,Mollusca,Mollusca,Nudibranchia,NA,NA,0,0,TRUE,ASV5135,1,NA
edna0027,ASV2206,motu1821,Nudibranchia,Nudibranch species,order,1,1,1,1,31,71,23,41,51,NA,76,Nudibranchia,Nudibranch species,2018_chp_depth,chp,beach_seine,2018-07-12,2018-07-10,2018,depth,3,edna_chp_30,depth,biological,NA,NA,NA,NA,NA,NA,3.5,1000,0,51.6763963,-128.123414,sand,n,35,e,seagrass,zostera,seagrass_sand,zostera_sand,99.36,4.246189999999999e-157,307,Metazoa,Mollusca,Mollusca,Nudibranchia,NA,NA,0,0,TRUE,ASV2206,1,NA
edna0028,ASV258,motu228,Lensia,Siphonophore,genus,1,1,NA,NA,37,105,NA,NA,NA,NA,NA,Lensia,Siphonophore,2018_hab4_surface,hab4,beach_seine,2018-07-12,2018-07-11,2018,surface,1,edna_hab4_00,surface,biological,16.5,26.08,8.43,NA,NA,NA,6.4,1000,0,51.664962,-128.0798158,mud,y,200,sp,macroalgae,algae,macroalgae_mud,algae_mud,100,0.00408744,30,Metazoa,Cnidaria,Cnidaria,Siphonophorae,Diphyidae,Lensia,0,0,TRUE,ASV258,1,NA
edna0028,ASV131,motu117,Lensia,Siphonophore,genus,1,1,1,1,50,89,36,78,87,NA,133,Lensia,Siphonophore,2018_hab4_surface,hab4,beach_seine,2018-07-12,2018-07-11,2018,surface,1,edna_hab4_00,surface,biological,16.5,26.08,8.43,NA,NA,NA,6.4,1000,0,51.664962,-128.0798158,mud,y,200,sp,macroalgae,algae,macroalgae_mud,algae_mud,100,0.00408744,30,Metazoa,Cnidaria,Cnidaria,Siphonophorae,Diphyidae,Lensia,0,0,TRUE,ASV131,2,NA
edna0028,ASV242,motu213,Balanus glandula,Acorn barnacle,species,1,1,NA,1,29,33,NA,NA,30,NA,NA,Balanus glandula,Acorn barnacle,2018_hab4_surface,hab4,beach_seine,2018-07-12,2018-07-11,2018,surface,1,edna_hab4_00,surface,biological,16.5,26.08,8.43,NA,NA,NA,6.4,1000,0,51.664962,-128.0798158,mud,y,200,sp,macroalgae,algae,macroalgae_mud,algae_mud,100,3.2351099999999996e-158,309,Metazoa,Arthropoda,Thecostraca,Balanomorpha,Balanidae,Balanus,0,0,TRUE,ASV242,15,Balanus glandula
edna0028,ASV233,motu74,Euchlanidae,Rotifer,family,1,1,1,1,83,151,60,153,106,NA,145,No Results,No Results,2018_hab4_surface,hab4,beach_seine,2018-07-12,2018-07-11,2018,surface,1,edna_hab4_00,surface,biological,16.5,26.08,8.43,NA,NA,NA,6.4,1000,0,51.664962,-128.0798158,mud,y,200,sp,macroalgae,algae,macroalgae_mud,algae_mud,91.35,3.005919999999998e-29,77,Metazoa,Rotifera,Rotifera,Ploima,Euchlanidae,NA,1,NA,TRUE,ASV84,2,NA
edna0028,ASV447,motu394,Balanus glandula,Acorn barnacle,species,1,1,NA,NA,20,30,NA,NA,NA,NA,NA,Balanus glandula,Acorn barnacle,2018_hab4_surface,hab4,beach_seine,2018-07-12,2018-07-11,2018,surface,1,edna_hab4_00,surface,biological,16.5,26.08,8.43,NA,NA,NA,6.4,1000,0,51.664962,-128.0798158,mud,y,200,sp,macroalgae,algae,macroalgae_mud,algae_mud,100,3.2351099999999996e-158,309,Metazoa,Arthropoda,Thecostraca,Balanomorpha,Balanidae,Balanus,0,0,TRUE,ASV447,12,Balanus glandula
edna0028,ASV280,motu190,Mytilus,Mussel species,genus,1,1,1,1,132,145,75,75,136,NA,176,Mytilus trossulus,Bay mussel,2018_hab4_surface,hab4,beach_seine,2018-07-12,2018-07-11,2018,surface,1,edna_hab4_00,surface,biological,16.5,26.08,8.43,NA,NA,NA,6.4,1000,0,51.664962,-128.0798158,mud,y,200,sp,macroalgae,algae,macroalgae_mud,algae_mud,100,3.2351099999999996e-158,309,Metazoa,Mollusca,Mollusca,Mytilida,Mytilidae,Mytilus,0,0,TRUE,ASV216,23,NA
edna0028,ASV270,motu199,Mytilus,Mussel species,genus,1,1,1,1,145,123,75,65,178,NA,212,Mytilus trossulus,Bay mussel,2018_hab4_surface,hab4,beach_seine,2018-07-12,2018-07-11,2018,surface,1,edna_hab4_00,surface,biological,16.5,26.08,8.43,NA,NA,NA,6.4,1000,0,51.664962,-128.0798158,mud,y,200,sp,macroalgae,algae,macroalgae_mud,algae_mud,100,3.2351099999999996e-158,309,Metazoa,Mollusca,Mollusca,Mytilida,Mytilidae,Mytilus,0,0,TRUE,ASV226,18,NA
edna0028,ASV452,motu183,Euchlanidae,Rotifer,family,1,1,NA,NA,79,140,NA,NA,NA,NA,NA,No Results,No Results,2018_hab4_surface,hab4,beach_seine,2018-07-12,2018-07-11,2018,surface,1,edna_hab4_00,surface,biological,16.5,26.08,8.43,NA,NA,NA,6.4,1000,0,51.664962,-128.0798158,mud,y,200,sp,macroalgae,algae,macroalgae_mud,algae_mud,91.35,3.005919999999998e-29,77,Metazoa,Rotifera,Rotifera,Ploima,Euchlanidae,NA,1,NA,TRUE,ASV208,2,NA
edna0028,ASV865,motu753,Parastenocarididae,Harpacticoid copepod,family,1,1,NA,NA,20,41,NA,NA,NA,NA,NA,Parastenocarididae,Harpacticoid copepod,2018_hab4_surface,hab4,beach_seine,2018-07-12,2018-07-11,2018,surface,1,edna_hab4_00,surface,biological,16.5,26.08,8.43,NA,NA,NA,6.4,1000,0,51.664962,-128.0798158,mud,y,200,sp,macroalgae,algae,macroalgae_mud,algae_mud,94.59,0.00408744,30,Metazoa,Arthropoda,Arthropoda,Harpacticoida,Parastenocarididae,NA,1,0,TRUE,ASV865,1,NA
edna0028,ASV1238,motu1049,Macoma nasuta,Bent-nosed clam,species,1,1,NA,NA,121,177,NA,NA,NA,NA,NA,Macoma nasuta,Bent-nosed clam,2018_hab4_surface,hab4,beach_seine,2018-07-12,2018-07-11,2018,surface,1,edna_hab4_00,surface,biological,16.5,26.08,8.43,NA,NA,NA,6.4,1000,0,51.664962,-128.0798158,mud,y,200,sp,macroalgae,algae,macroalgae_mud,algae_mud,99.68,9.126599999999999e-159,310,Metazoa,Mollusca,Bivalvia,Cardiida,Tellinidae,Macoma,0,0,TRUE,ASV1238,3,Macoma nasuta
edna0028,ASV643,motu557,Macoma nasuta,Bent-nosed clam,species,1,1,1,1,131,214,88,57,141,NA,205,Macoma nasuta,Bent-nosed clam,2018_hab4_surface,hab4,beach_seine,2018-07-12,2018-07-11,2018,surface,1,edna_hab4_00,surface,biological,16.5,26.08,8.43,NA,NA,NA,6.4,1000,0,51.664962,-128.0798158,mud,y,200,sp,macroalgae,algae,macroalgae_mud,algae_mud,99.68,9.126599999999999e-159,310,Metazoa,Mollusca,Bivalvia,Cardiida,Tellinidae,Macoma,0,0,TRUE,ASV643,4,Macoma nasuta
edna0028,ASV733,motu637,Phyllodocida,Polychaete,order,1,1,1,NA,9,22,7,NA,NA,NA,NA,Phyllodocida,Polychaete,2018_hab4_surface,hab4,beach_seine,2018-07-12,2018-07-11,2018,surface,1,edna_hab4_00,surface,biological,16.5,26.08,8.43,NA,NA,NA,6.4,1000,0,51.664962,-128.0798158,mud,y,200,sp,macroalgae,algae,macroalgae_mud,algae_mud,100,0.0603188,28,Metazoa,Annelida,Annelida,Phyllodocida,NA,NA,0,0,TRUE,ASV733,1,NA
edna0028,ASV780,motu679,Aequorea,Crystal jelly species,genus,1,1,1,1,10,24,9,NA,18,NA,17,Aequorea,Crystal jelly species,2018_hab4_surface,hab4,beach_seine,2018-07-12,2018-07-11,2018,surface,1,edna_hab4_00,surface,biological,16.5,26.08,8.43,NA,NA,NA,6.4,1000,0,51.664962,-128.0798158,mud,y,200,sp,macroalgae,algae,macroalgae_mud,algae_mud,100,1.4886099999999998e-156,306,Metazoa,Cnidaria,Hydrozoa,Leptothecata,Aequoreidae,Aequorea,0,0,TRUE,ASV780,4,NA
edna0028,ASV775,motu675,Aequorea,Crystal jelly species,genus,1,1,1,1,12,22,8,NA,16,NA,29,Aequorea,Crystal jelly species,2018_hab4_surface,hab4,beach_seine,2018-07-12,2018-07-11,2018,surface,1,edna_hab4_00,surface,biological,16.5,26.08,8.43,NA,NA,NA,6.4,1000,0,51.664962,-128.0798158,mud,y,200,sp,macroalgae,algae,macroalgae_mud,algae_mud,100,1.4886099999999998e-156,306,Metazoa,Cnidaria,Hydrozoa,Leptothecata,Aequoreidae,Aequorea,0,0,TRUE,ASV775,3,NA
edna0028,ASV679,motu591,Phyllodocida,Polychaete,order,1,1,1,NA,10,23,15,NA,NA,NA,NA,Phyllodocida,Polychaete,2018_hab4_surface,hab4,beach_seine,2018-07-12,2018-07-11,2018,surface,1,edna_hab4_00,surface,biological,16.5,26.08,8.43,NA,NA,NA,6.4,1000,0,51.664962,-128.0798158,mud,y,200,sp,macroalgae,algae,macroalgae_mud,algae_mud,100,0.0603188,28,Metazoa,Annelida,Annelida,Phyllodocida,NA,NA,0,0,TRUE,ASV679,1,NA
edna0028,ASV1059,motu911,Pleurobrachia bachei,Pacific sea gooseberry,species,1,1,1,1,37,69,27,NA,21,NA,17,Pleurobrachia bachei,Pacific sea gooseberry,2018_hab4_surface,hab4,beach_seine,2018-07-12,2018-07-11,2018,surface,1,edna_hab4_00,surface,biological,16.5,26.08,8.43,NA,NA,NA,6.4,1000,0,51.664962,-128.0798158,mud,y,200,sp,macroalgae,algae,macroalgae_mud,algae_mud,100,1.96163e-160,313,Metazoa,Ctenophora,Tentaculata,Cydippida,Cydippidae,Pleurobrachia,0,0,TRUE,ASV1059,3,Pleurobrachia bachei
edna0028,ASV1104,motu950,Cerebratulus marginatus,Milky ribbon worm,species,1,1,1,1,22,48,17,118,220,NA,231,Cerebratulus marginatus,Milky ribbon worm,2018_hab4_surface,hab4,beach_seine,2018-07-12,2018-07-11,2018,surface,1,edna_hab4_00,surface,biological,16.5,26.08,8.43,NA,NA,NA,6.4,1000,0,51.664962,-128.0798158,mud,y,200,sp,macroalgae,algae,macroalgae_mud,algae_mud,100,1.96163e-160,313,Metazoa,Nemertea,Pilidiophora,Heteronemertea,Lineidae,Cerebratulus,0,0,TRUE,ASV1104,1,Cerebratulus marginatus
edna0028,ASV1070,motu922,Pleurobrachia bachei,Pacific sea gooseberry,species,1,1,1,1,49,73,29,NA,19,NA,10,Pleurobrachia bachei,Pacific sea gooseberry,2018_hab4_surface,hab4,beach_seine,2018-07-12,2018-07-11,2018,surface,1,edna_hab4_00,surface,biological,16.5,26.08,8.43,NA,NA,NA,6.4,1000,0,51.664962,-128.0798158,mud,y,200,sp,macroalgae,algae,macroalgae_mud,algae_mud,100,1.96163e-160,313,Metazoa,Ctenophora,Tentaculata,Cydippida,Cydippidae,Pleurobrachia,0,0,TRUE,ASV1070,7,Pleurobrachia bachei
edna0028,ASV1145,motu557,Macoma nasuta,Bent-nosed clam,species,1,1,1,1,73,131,45,NA,68,NA,105,Macoma nasuta,Bent-nosed clam,2018_hab4_surface,hab4,beach_seine,2018-07-12,2018-07-11,2018,surface,1,edna_hab4_00,surface,biological,16.5,26.08,8.43,NA,NA,NA,6.4,1000,0,51.664962,-128.0798158,mud,y,200,sp,macroalgae,algae,macroalgae_mud,algae_mud,99.36,4.246189999999999e-157,307,Metazoa,Mollusca,Bivalvia,Cardiida,Tellinidae,Macoma,0,0,TRUE,ASV643,4,Macoma nasuta
edna0028,ASV1046,motu902,Arthropoda,Unknown arthropod,phylum,1,1,NA,1,17,21,NA,NA,NA,NA,10,Arthropoda,Unknown arthropod,2018_hab4_surface,hab4,beach_seine,2018-07-12,2018-07-11,2018,surface,1,edna_hab4_00,surface,biological,16.5,26.08,8.43,NA,NA,NA,6.4,1000,0,51.664962,-128.0798158,mud,y,200,sp,macroalgae,algae,macroalgae_mud,algae_mud,94.87,8.78538e-5,33,Metazoa,Arthropoda,NA,NA,NA,NA,NA,NA,TRUE,ASV1046,4,NA
edna0028,ASV1748,motu1459,Chaetognatha,Arrow worm,phylum,1,NA,NA,NA,3,NA,NA,NA,NA,NA,NA,Chaetognatha,Arrow worm,2018_hab4_surface,hab4,beach_seine,2018-07-12,2018-07-11,2018,surface,1,edna_hab4_00,surface,biological,16.5,26.08,8.43,NA,NA,NA,6.4,1000,0,51.664962,-128.0798158,mud,y,200,sp,macroalgae,algae,macroalgae_mud,algae_mud,95.02,1.63074e-81,171,Metazoa,Chaetognatha,NA,NA,NA,NA,0,0,TRUE,ASV1748,1,NA
edna0028,ASV1945,motu1049,Macoma nasuta,Bent-nosed clam,species,1,1,NA,NA,65,116,NA,NA,NA,NA,NA,Macoma nasuta,Bent-nosed clam,2018_hab4_surface,hab4,beach_seine,2018-07-12,2018-07-11,2018,surface,1,edna_hab4_00,surface,biological,16.5,26.08,8.43,NA,NA,NA,6.4,1000,0,51.664962,-128.0798158,mud,y,200,sp,macroalgae,algae,macroalgae_mud,algae_mud,99.36,4.246189999999999e-157,307,Metazoa,Mollusca,Bivalvia,Cardiida,Tellinidae,Macoma,0,0,TRUE,ASV1238,3,Macoma nasuta
edna0028,ASV1569,motu1322,Clinocardium nuttallii,Basket cockle,species,1,1,NA,1,4,5,NA,NA,8,NA,12,Clinocardium nuttallii,Basket cockle,2018_hab4_surface,hab4,beach_seine,2018-07-12,2018-07-11,2018,surface,1,edna_hab4_00,surface,biological,16.5,26.08,8.43,NA,NA,NA,6.4,1000,0,51.664962,-128.0798158,mud,y,200,sp,macroalgae,algae,macroalgae_mud,algae_mud,100,2.4540699999999983e-154,302,Metazoa,Mollusca,Bivalvia,Cardiida,Cardiidae,Clinocardium,0,0,TRUE,ASV1569,2,Clinocardium nuttallii
edna0028,ASV2651,motu2153,Clinocardium nuttallii,Basket cockle,species,1,1,NA,NA,5,10,NA,NA,NA,NA,NA,Clinocardium nuttallii,Basket cockle,2018_hab4_surface,hab4,beach_seine,2018-07-12,2018-07-11,2018,surface,1,edna_hab4_00,surface,biological,16.5,26.08,8.43,NA,NA,NA,6.4,1000,0,51.664962,-128.0798158,mud,y,200,sp,macroalgae,algae,macroalgae_mud,algae_mud,100,2.4540699999999983e-154,302,Metazoa,Mollusca,Bivalvia,Cardiida,Cardiidae,Clinocardium,0,0,TRUE,ASV2651,1,Clinocardium nuttallii
edna0028,ASV1729,motu1443,Paracalanus,Calanoid copepod,genus,1,1,NA,NA,22,32,NA,NA,NA,NA,NA,Paracalanus,Calanoid copepod,2018_hab4_surface,hab4,beach_seine,2018-07-12,2018-07-11,2018,surface,1,edna_hab4_00,surface,biological,16.5,26.08,8.43,NA,NA,NA,6.4,1000,0,51.664962,-128.0798158,mud,y,200,sp,macroalgae,algae,macroalgae_mud,algae_mud,99.01,2.4714899999999987e-149,293,Metazoa,Arthropoda,Arthropoda,Calanoida,Paracalanidae,Paracalanus,0,0,TRUE,ASV1729,2,NA
edna0028,ASV1917,motu1595,Arthropoda,Unknown arthropod,phylum,1,1,NA,1,3,4,NA,NA,NA,NA,5,Arthropoda,Unknown arthropod,2018_hab4_surface,hab4,beach_seine,2018-07-12,2018-07-11,2018,surface,1,edna_hab4_00,surface,biological,16.5,26.08,8.43,NA,NA,NA,6.4,1000,0,51.664962,-128.0798158,mud,y,200,sp,macroalgae,algae,macroalgae_mud,algae_mud,95,2.34566e-5,34,Metazoa,Arthropoda,NA,NA,NA,NA,NA,NA,TRUE,ASV1917,1,NA
edna0028,ASV3447,motu128,Centropages abdominalis,Calanoid copepod,species,1,1,NA,NA,37,54,NA,NA,NA,NA,NA,Centropages abdominalis,Calanoid copepod,2018_hab4_surface,hab4,beach_seine,2018-07-12,2018-07-11,2018,surface,1,edna_hab4_00,surface,biological,16.5,26.08,8.43,NA,NA,NA,6.4,1000,0,51.664962,-128.0798158,mud,y,200,sp,macroalgae,algae,macroalgae_mud,algae_mud,99.68,9.126599999999999e-159,310,Metazoa,Arthropoda,Copepoda,Calanoida,Centropagidae,Centropages,0,0,TRUE,ASV143,11,Centropages abdominalis
edna0028,ASV3153,motu2527,Aurelia labiata,Moon jelly species,species,1,1,NA,NA,3,3,NA,NA,NA,NA,NA,Aurelia labiata,Moon jelly species,2018_hab4_surface,hab4,beach_seine,2018-07-12,2018-07-11,2018,surface,1,edna_hab4_00,surface,biological,16.5,26.08,8.43,NA,NA,NA,6.4,1000,0,51.664962,-128.0798158,mud,y,200,sp,macroalgae,algae,macroalgae_mud,algae_mud,99.04,1.97556e-155,304,Metazoa,Cnidaria,Scyphozoa,Semaeostomeae,Ulmaridae,Aurelia,0,0,TRUE,ASV3153,1,Aurelia labiata
edna0058,ASV25,motu22,Acartia (Acartiura) longiremis,Calanoid copepod,species,1,1,1,1,129,307,70,380,239,NA,303,Acartia (Acartiura) longiremis,Calanoid copepod,2018_hdo_depth,hdo,beach_seine,2018-07-13,2018-07-11,2018,depth,2,edna_hdo_00,depth,biological,10.3,31.22,7.88,NA,NA,NA,6.8,1000,0,51.65501227,-128.1295942,mud,n,320,p,seagrass,zostera,seagrass_mud,zostera_mud,100,1.96163e-160,313,Metazoa,Arthropoda,Copepoda,Calanoida,Acartiidae,Acartia,0,0,TRUE,ASV25,27,Acartia (Acartiura) longiremis
edna0058,ASV81,motu71,Acartia (Acartiura) longiremis,Calanoid copepod,species,1,1,NA,NA,133,275,NA,NA,NA,NA,NA,Acartia (Acartiura) longiremis,Calanoid copepod,2018_hdo_depth,hdo,beach_seine,2018-07-13,2018-07-11,2018,depth,2,edna_hdo_00,depth,biological,10.3,31.22,7.88,NA,NA,NA,6.8,1000,0,51.65501227,-128.1295942,mud,n,320,p,seagrass,zostera,seagrass_mud,zostera_mud,100,1.96163e-160,313,Metazoa,Arthropoda,Copepoda,Calanoida,Acartiidae,Acartia,0,0,TRUE,ASV81,23,Acartia (Acartiura) longiremis
edna0058,ASV34,motu31,Centropages abdominalis,Calanoid copepod,species,1,1,NA,1,6,12,NA,23,7,NA,11,Centropages abdominalis,Calanoid copepod,2018_hdo_depth,hdo,beach_seine,2018-07-13,2018-07-11,2018,depth,2,edna_hdo_00,depth,biological,10.3,31.22,7.88,NA,NA,NA,6.8,1000,0,51.65501227,-128.1295942,mud,n,320,p,seagrass,zostera,seagrass_mud,zostera_mud,100,1.96163e-160,313,Metazoa,Arthropoda,Copepoda,Calanoida,Centropagidae,Centropages,0,0,TRUE,ASV34,19,Centropages abdominalis
edna0058,ASV143,motu128,Centropages abdominalis,Calanoid copepod,species,1,NA,NA,NA,5,NA,NA,NA,NA,NA,NA,Centropages abdominalis,Calanoid copepod,2018_hdo_depth,hdo,beach_seine,2018-07-13,2018-07-11,2018,depth,2,edna_hdo_00,depth,biological,10.3,31.22,7.88,NA,NA,NA,6.8,1000,0,51.65501227,-128.1295942,mud,n,320,p,seagrass,zostera,seagrass_mud,zostera_mud,100,1.96163e-160,313,Metazoa,Arthropoda,Copepoda,Calanoida,Centropagidae,Centropages,0,0,TRUE,ASV143,11,Centropages abdominalis
edna0058,ASV131,motu117,Lensia,Siphonophore,genus,1,1,NA,1,6,16,NA,21,NA,NA,10,Lensia,Siphonophore,2018_hdo_depth,hdo,beach_seine,2018-07-13,2018-07-11,2018,depth,2,edna_hdo_00,depth,biological,10.3,31.22,7.88,NA,NA,NA,6.8,1000,0,51.65501227,-128.1295942,mud,n,320,p,seagrass,zostera,seagrass_mud,zostera_mud,100,0.00408744,30,Metazoa,Cnidaria,Cnidaria,Siphonophorae,Diphyidae,Lensia,0,0,TRUE,ASV131,2,NA
edna0058,ASV233,motu74,Euchlanidae,Rotifer,family,1,1,NA,1,34,58,NA,78,NA,NA,NA,No Results,No Results,2018_hdo_depth,hdo,beach_seine,2018-07-13,2018-07-11,2018,depth,2,edna_hdo_00,depth,biological,10.3,31.22,7.88,NA,NA,NA,6.8,1000,0,51.65501227,-128.1295942,mud,n,320,p,seagrass,zostera,seagrass_mud,zostera_mud,91.35,3.005919999999998e-29,77,Metazoa,Rotifera,Rotifera,Ploima,Euchlanidae,NA,1,NA,TRUE,ASV84,2,NA
edna0058,ASV324,motu285,Paracalanus parvus parvus,Calanoid copepod,species,1,1,1,1,31,68,32,84,42,NA,39,Paracalanus parvus parvus,Calanoid copepod,2018_hdo_depth,hdo,beach_seine,2018-07-13,2018-07-11,2018,depth,2,edna_hdo_00,depth,biological,10.3,31.22,7.88,NA,NA,NA,6.8,1000,0,51.65501227,-128.1295942,mud,n,320,p,seagrass,zostera,seagrass_mud,zostera_mud,100,1.17454e-132,263,Metazoa,Arthropoda,Copepoda,Calanoida,Paracalanidae,Paracalanus,0,0,TRUE,ASV324,6,Paracalanus parvus parvus
edna0058,ASV462,motu407,Kellia suborbicularis,Suborbicular kellyclam,species,1,1,NA,NA,72,68,NA,NA,NA,NA,NA,Kellia suborbicularis,Suborbicular kellyclam,2018_hdo_depth,hdo,beach_seine,2018-07-13,2018-07-11,2018,depth,2,edna_hdo_00,depth,biological,10.3,31.22,7.88,NA,NA,NA,6.8,1000,0,51.65501227,-128.1295942,mud,n,320,p,seagrass,zostera,seagrass_mud,zostera_mud,98.4,4.27634e-152,298,Metazoa,Mollusca,Bivalvia,Galeommatida,Lasaeidae,Kellia,0,0,TRUE,ASV462,4,Kellia suborbicularis
edna0058,ASV536,motu470,Paracalanus parvus parvus,Calanoid copepod,species,1,1,NA,NA,35,75,NA,NA,NA,NA,NA,Paracalanus parvus parvus,Calanoid copepod,2018_hdo_depth,hdo,beach_seine,2018-07-13,2018-07-11,2018,depth,2,edna_hdo_00,depth,biological,10.3,31.22,7.88,NA,NA,NA,6.8,1000,0,51.65501227,-128.1295942,mud,n,320,p,seagrass,zostera,seagrass_mud,zostera_mud,100,1.17454e-132,263,Metazoa,Arthropoda,Copepoda,Calanoida,Paracalanidae,Paracalanus,0,0,TRUE,ASV536,6,Paracalanus parvus parvus
edna0058,ASV398,motu350,Synchaeta pectinata,Rotifer,species,1,1,1,1,10,24,8,52,28,NA,43,Synchaeta pectinata,Rotifer,2018_hdo_depth,hdo,beach_seine,2018-07-13,2018-07-11,2018,depth,2,edna_hdo_00,depth,biological,10.3,31.22,7.88,NA,NA,NA,6.8,1000,0,51.65501227,-128.1295942,mud,n,320,p,seagrass,zostera,seagrass_mud,zostera_mud,90.48,1.6452299999999999e-111,225,Metazoa,Rotifera,Eurotatoria,Ploima,Synchaetidae,Synchaeta,0,0,TRUE,ASV398,4,Synchaeta pectinata
edna0058,ASV739,motu643,Pseudocalanus mimus,Calanoid copepod,species,1,1,NA,NA,33,33,NA,NA,NA,NA,NA,Pseudocalanus mimus,Calanoid copepod,2018_hdo_depth,hdo,beach_seine,2018-07-13,2018-07-11,2018,depth,2,edna_hdo_00,depth,biological,10.3,31.22,7.88,NA,NA,NA,6.8,1000,0,51.65501227,-128.1295942,mud,n,320,p,seagrass,zostera,seagrass_mud,zostera_mud,99.67,9.19139e-154,301,Metazoa,Arthropoda,Copepoda,Calanoida,Clausocalanidae,Pseudocalanus,0,0,TRUE,ASV739,3,Pseudocalanus mimus
edna0058,ASV435,motu383,Pseudocalanus mimus,Calanoid copepod,species,1,1,NA,1,21,47,NA,95,95,NA,98,Pseudocalanus mimus,Calanoid copepod,2018_hdo_depth,hdo,beach_seine,2018-07-13,2018-07-11,2018,depth,2,edna_hdo_00,depth,biological,10.3,31.22,7.88,NA,NA,NA,6.8,1000,0,51.65501227,-128.1295942,mud,n,320,p,seagrass,zostera,seagrass_mud,zostera_mud,99.67,9.19139e-154,301,Metazoa,Arthropoda,Copepoda,Calanoida,Clausocalanidae,Pseudocalanus,0,0,TRUE,ASV435,4,Pseudocalanus mimus
edna0058,ASV1034,motu567,Kellia suborbicularis,Suborbicular kellyclam,species,1,1,NA,NA,53,21,NA,NA,NA,NA,NA,Kellia suborbicularis,Suborbicular kellyclam,2018_hdo_depth,hdo,beach_seine,2018-07-13,2018-07-11,2018,depth,2,edna_hdo_00,depth,biological,10.3,31.22,7.88,NA,NA,NA,6.8,1000,0,51.65501227,-128.1295942,mud,n,320,p,seagrass,zostera,seagrass_mud,zostera_mud,98.72,9.19139e-154,301,Metazoa,Mollusca,Bivalvia,Galeommatida,Lasaeidae,Kellia,0,0,TRUE,ASV654,4,Kellia suborbicularis
edna0058,ASV623,motu543,Balanus,Barnacle species,genus,1,1,NA,1,14,22,NA,41,31,NA,21,Balanus,Barnacle species,2018_hdo_depth,hdo,beach_seine,2018-07-13,2018-07-11,2018,depth,2,edna_hdo_00,depth,biological,10.3,31.22,7.88,NA,NA,NA,6.8,1000,0,51.65501227,-128.1295942,mud,n,320,p,seagrass,zostera,seagrass_mud,zostera_mud,100,1.4886099999999998e-156,306,Metazoa,Arthropoda,Arthropoda,Balanomorpha,Balanidae,Balanus,0,0,TRUE,ASV623,7,NA
edna0058,ASV1095,motu942,Balanus,Barnacle species,genus,1,1,NA,NA,21,19,NA,NA,NA,NA,NA,Balanus,Barnacle species,2018_hdo_depth,hdo,beach_seine,2018-07-13,2018-07-11,2018,depth,2,edna_hdo_00,depth,biological,10.3,31.22,7.88,NA,NA,NA,6.8,1000,0,51.65501227,-128.1295942,mud,n,320,p,seagrass,zostera,seagrass_mud,zostera_mud,100,1.4886099999999998e-156,306,Metazoa,Arthropoda,Arthropoda,Balanomorpha,Balanidae,Balanus,0,0,TRUE,ASV1095,4,NA
edna0058,ASV674,motu334,Synchaeta pectinata,Rotifer,species,1,NA,1,1,16,NA,12,NA,35,NA,NA,Synchaeta pectinata,Rotifer,2018_hdo_depth,hdo,beach_seine,2018-07-13,2018-07-11,2018,depth,2,edna_hdo_00,depth,biological,10.3,31.22,7.88,NA,NA,NA,6.8,1000,0,51.65501227,-128.1295942,mud,n,320,p,seagrass,zostera,seagrass_mud,zostera_mud,90.79,3.5361899999999996e-113,228,Metazoa,Rotifera,Eurotatoria,Ploima,Synchaetidae,Synchaeta,0,0,TRUE,ASV377,5,Synchaeta pectinata
edna0058,ASV920,motu800,Polymorphidae,Thorny headed worm,family,1,1,1,1,48,89,27,103,70,NA,70,Polymorphidae,Thorny headed worm,2018_hdo_depth,hdo,beach_seine,2018-07-13,2018-07-11,2018,depth,2,edna_hdo_00,depth,biological,10.3,31.22,7.88,NA,NA,NA,6.8,1000,0,51.65501227,-128.1295942,mud,n,320,p,seagrass,zostera,seagrass_mud,zostera_mud,94.87,8.37307e-5,33,Metazoa,Acanthocephala,Acanthocephala,Polymorphida,Polymorphidae,NA,0,0,TRUE,ASV920,3,NA
edna0058,ASV670,motu583,Synchaeta triophthalma,Rotifer,species,1,1,1,1,3,12,2,16,NA,NA,15,Synchaeta triophthalma,Rotifer,2018_hdo_depth,hdo,beach_seine,2018-07-13,2018-07-11,2018,depth,2,edna_hdo_00,depth,biological,10.3,31.22,7.88,NA,NA,NA,6.8,1000,0,51.65501227,-128.1295942,mud,n,320,p,seagrass,zostera,seagrass_mud,zostera_mud,91.99,3.511259999999999e-118,237,Metazoa,Rotifera,Eurotatoria,Ploima,Synchaetidae,Synchaeta,0,0,TRUE,ASV670,4,Synchaeta triophthalma
edna0058,ASV647,motu560,Synchaeta triophthalma,Rotifer,species,1,1,1,1,2,15,5,17,5,NA,16,Synchaeta triophthalma,Rotifer,2018_hdo_depth,hdo,beach_seine,2018-07-13,2018-07-11,2018,depth,2,edna_hdo_00,depth,biological,10.3,31.22,7.88,NA,NA,NA,6.8,1000,0,51.65501227,-128.1295942,mud,n,320,p,seagrass,zostera,seagrass_mud,zostera_mud,91.99,3.511259999999999e-118,237,Metazoa,Rotifera,Eurotatoria,Ploima,Synchaetidae,Synchaeta,0,0,TRUE,ASV647,4,Synchaeta triophthalma
edna0058,ASV806,motu702,Sthenelais berkeleyi,Scale worm,species,1,1,NA,1,7,11,NA,37,14,NA,24,Sthenelais berkeleyi,Scale worm,2018_hdo_depth,hdo,beach_seine,2018-07-13,2018-07-11,2018,depth,2,edna_hdo_00,depth,biological,10.3,31.22,7.88,NA,NA,NA,6.8,1000,0,51.65501227,-128.1295942,mud,n,320,p,seagrass,zostera,seagrass_mud,zostera_mud,99.04,1.97556e-155,304,Metazoa,Annelida,Polychaeta,Phyllodocida,Sigalionidae,Sthenelais,0,0,TRUE,ASV806,1,Sthenelais berkeleyi
edna0058,ASV1521,motu1283,Polymorphidae,Thorny headed worm,family,1,1,NA,NA,38,77,NA,NA,NA,NA,NA,Polymorphidae,Thorny headed worm,2018_hdo_depth,hdo,beach_seine,2018-07-13,2018-07-11,2018,depth,2,edna_hdo_00,depth,biological,10.3,31.22,7.88,NA,NA,NA,6.8,1000,0,51.65501227,-128.1295942,mud,n,320,p,seagrass,zostera,seagrass_mud,zostera_mud,94.87,8.37307e-5,33,Metazoa,Acanthocephala,Acanthocephala,Polymorphida,Polymorphidae,NA,0,0,TRUE,ASV1521,2,NA
edna0058,ASV1445,motu1221,Cistenides granulata,Trumpet worm,species,1,NA,1,1,24,NA,20,49,NA,NA,NA,Cistenides granulata,Trumpet worm,2018_hdo_depth,hdo,beach_seine,2018-07-13,2018-07-11,2018,depth,2,edna_hdo_00,depth,biological,10.3,31.22,7.88,NA,NA,NA,6.8,1000,0,51.65501227,-128.1295942,mud,n,320,p,seagrass,zostera,seagrass_mud,zostera_mud,100,1.4886099999999998e-156,306,Metazoa,Annelida,Polychaeta,Terebellida,Pectinariidae,Pectinaria,0,0,TRUE,ASV1445,1,Cistenides granulata
edna0058,ASV1502,motu1269,Oithona similis,Cyclopoid copepod,species,1,1,NA,NA,5,9,NA,NA,NA,NA,NA,Oithona similis,Cyclopoid copepod,2018_hdo_depth,hdo,beach_seine,2018-07-13,2018-07-11,2018,depth,2,edna_hdo_00,depth,biological,10.3,31.22,7.88,NA,NA,NA,6.8,1000,0,51.65501227,-128.1295942,mud,n,320,p,seagrass,zostera,seagrass_mud,zostera_mud,96.17,2.0179399999999996e-140,277,Metazoa,Arthropoda,Copepoda,Cyclopoida,Oithonidae,Oithona,0,0,TRUE,ASV1502,1,Oithona similis
edna0058,ASV1070,motu922,Pleurobrachia bachei,Pacific sea gooseberry,species,1,1,NA,1,3,5,NA,14,NA,NA,12,Pleurobrachia bachei,Pacific sea gooseberry,2018_hdo_depth,hdo,beach_seine,2018-07-13,2018-07-11,2018,depth,2,edna_hdo_00,depth,biological,10.3,31.22,7.88,NA,NA,NA,6.8,1000,0,51.65501227,-128.1295942,mud,n,320,p,seagrass,zostera,seagrass_mud,zostera_mud,100,1.96163e-160,313,Metazoa,Ctenophora,Tentaculata,Cydippida,Cydippidae,Pleurobrachia,0,0,TRUE,ASV1070,7,Pleurobrachia bachei
edna0058,ASV801,motu697,Micropodarke dubia,Hesionid polychaete,species,1,1,NA,1,5,8,NA,NA,NA,NA,5,Micropodarke dubia,Hesionid polychaete,2018_hdo_depth,hdo,beach_seine,2018-07-13,2018-07-11,2018,depth,2,edna_hdo_00,depth,biological,10.3,31.22,7.88,NA,NA,NA,6.8,1000,0,51.65501227,-128.1295942,mud,n,320,p,seagrass,zostera,seagrass_mud,zostera_mud,100,1.96163e-160,313,Metazoa,Annelida,Polychaeta,Phyllodocida,Hesionidae,Micropodarke,0,0,TRUE,ASV801,2,Micropodarke dubia
edna0058,ASV2195,motu1812,Corynidae,Athecate hydroid,family,1,1,1,1,8,25,9,22,20,NA,36,Corynidae,Athecate hydroid,2018_hdo_depth,hdo,beach_seine,2018-07-13,2018-07-11,2018,depth,2,edna_hdo_00,depth,biological,10.3,31.22,7.88,NA,NA,NA,6.8,1000,0,51.65501227,-128.1295942,mud,n,320,p,seagrass,zostera,seagrass_mud,zostera_mud,94.12,1.5934199999999998e-126,252,Metazoa,Cnidaria,Cnidaria,Anthoathecata,Corynidae,NA,0,0,TRUE,ASV2195,2,NA
edna0058,ASV1747,motu1458,Armandia brevis,Opheliid polychaete,species,1,NA,NA,1,6,NA,NA,25,NA,NA,NA,Armandia brevis,Opheliid polychaete,2018_hdo_depth,hdo,beach_seine,2018-07-13,2018-07-11,2018,depth,2,edna_hdo_00,depth,biological,10.3,31.22,7.88,NA,NA,NA,6.8,1000,0,51.65501227,-128.1295942,mud,n,320,p,seagrass,zostera,seagrass_mud,zostera_mud,100,3.4804099999999994e-173,336,Metazoa,Annelida,Polychaeta,NA,Opheliidae,Armandia,0,0,TRUE,ASV1747,1,Armandia brevis
edna0058,ASV1266,motu1074,Cistenides granulata,Trumpet worm,species,1,NA,1,1,31,NA,11,NA,NA,NA,30,Cistenides granulata,Trumpet worm,2018_hdo_depth,hdo,beach_seine,2018-07-13,2018-07-11,2018,depth,2,edna_hdo_00,depth,biological,10.3,31.22,7.88,NA,NA,NA,6.8,1000,0,51.65501227,-128.1295942,mud,n,320,p,seagrass,zostera,seagrass_mud,zostera_mud,100,2.51921e-159,311,Metazoa,Annelida,Polychaeta,Terebellida,Pectinariidae,Pectinaria,0,0,TRUE,ASV1266,1,Cistenides granulata
edna0058,ASV4752,motu3680,Halitholus,Athecate hydroid,genus,1,NA,NA,NA,42,NA,NA,NA,NA,NA,NA,Halitholus,Athecate hydroid,2018_hdo_depth,hdo,beach_seine,2018-07-13,2018-07-11,2018,depth,2,edna_hdo_00,depth,biological,10.3,31.22,7.88,NA,NA,NA,6.8,1000,0,51.65501227,-128.1295942,mud,n,320,p,seagrass,zostera,seagrass_mud,zostera_mud,98.72,9.19139e-154,301,Metazoa,Cnidaria,Cnidaria,Anthoathecata,Pandeidae,Halitholus,0,0,TRUE,ASV4752,1,NA
edna0058,ASV5488,motu1348,Halitholus,Athecate hydroid,genus,1,NA,NA,NA,27,NA,NA,NA,NA,NA,NA,Halitholus,Athecate hydroid,2018_hdo_depth,hdo,beach_seine,2018-07-13,2018-07-11,2018,depth,2,edna_hdo_00,depth,biological,10.3,31.22,7.88,NA,NA,NA,6.8,1000,0,51.65501227,-128.1295942,mud,n,320,p,seagrass,zostera,seagrass_mud,zostera_mud,98.4,4.27634e-152,298,Metazoa,Cnidaria,Cnidaria,Anthoathecata,Pandeidae,Halitholus,0,0,TRUE,ASV1604,2,NA
edna0058,ASV3912,motu3072,Corynidae,Athecate hydroid,family,1,1,NA,NA,9,21,NA,NA,NA,NA,NA,Corynidae,Athecate hydroid,2018_hdo_depth,hdo,beach_seine,2018-07-13,2018-07-11,2018,depth,2,edna_hdo_00,depth,biological,10.3,31.22,7.88,NA,NA,NA,6.8,1000,0,51.65501227,-128.1295942,mud,n,320,p,seagrass,zostera,seagrass_mud,zostera_mud,94.12,1.5934199999999998e-126,252,Metazoa,Cnidaria,Cnidaria,Anthoathecata,Corynidae,NA,0,0,TRUE,ASV3912,1,NA
edna0029,ASV34,motu31,Centropages abdominalis,Calanoid copepod,species,1,1,1,1,312,591,195,269,203,NA,322,Centropages abdominalis,Calanoid copepod,2018_hab4_surface,hab4,beach_seine,2018-07-12,2018-07-11,2018,surface,2,edna_hab4_15,surface,biological,16.9,26.02,8.43,11.4,30.12,8.23,6.2,1000,0,51.66480057,-128.0797635,mud,y,200,sp,macroalgae,algae,macroalgae_mud,algae_mud,100,1.96163e-160,313,Metazoa,Arthropoda,Copepoda,Calanoida,Centropagidae,Centropages,0,0,TRUE,ASV34,19,Centropages abdominalis
edna0029,ASV143,motu128,Centropages abdominalis,Calanoid copepod,species,1,1,NA,NA,310,542,NA,NA,NA,NA,NA,Centropages abdominalis,Calanoid copepod,2018_hab4_surface,hab4,beach_seine,2018-07-12,2018-07-11,2018,surface,2,edna_hab4_15,surface,biological,16.9,26.02,8.43,11.4,30.12,8.23,6.2,1000,0,51.66480057,-128.0797635,mud,y,200,sp,macroalgae,algae,macroalgae_mud,algae_mud,100,1.96163e-160,313,Metazoa,Arthropoda,Copepoda,Calanoida,Centropagidae,Centropages,0,0,TRUE,ASV143,11,Centropages abdominalis
edna0029,ASV258,motu228,Lensia,Siphonophore,genus,1,1,NA,NA,65,111,NA,NA,NA,NA,NA,Lensia,Siphonophore,2018_hab4_surface,hab4,beach_seine,2018-07-12,2018-07-11,2018,surface,2,edna_hab4_15,surface,biological,16.9,26.02,8.43,11.4,30.12,8.23,6.2,1000,0,51.66480057,-128.0797635,mud,y,200,sp,macroalgae,algae,macroalgae_mud,algae_mud,100,0.00408744,30,Metazoa,Cnidaria,Cnidaria,Siphonophorae,Diphyidae,Lensia,0,0,TRUE,ASV258,1,NA
edna0029,ASV131,motu117,Lensia,Siphonophore,genus,1,1,1,1,76,142,44,NA,30,NA,31,Lensia,Siphonophore,2018_hab4_surface,hab4,beach_seine,2018-07-12,2018-07-11,2018,surface,2,edna_hab4_15,surface,biological,16.9,26.02,8.43,11.4,30.12,8.23,6.2,1000,0,51.66480057,-128.0797635,mud,y,200,sp,macroalgae,algae,macroalgae_mud,algae_mud,100,0.00408744,30,Metazoa,Cnidaria,Cnidaria,Siphonophorae,Diphyidae,Lensia,0,0,TRUE,ASV131,2,NA
edna0029,ASV226,motu199,Mytilus trossulus,Bay mussel,species,1,1,1,1,185,286,98,86,142,NA,117,Mytilus trossulus,Bay mussel,2018_hab4_surface,hab4,beach_seine,2018-07-12,2018-07-11,2018,surface,2,edna_hab4_15,surface,biological,16.9,26.02,8.43,11.4,30.12,8.23,6.2,1000,0,51.66480057,-128.0797635,mud,y,200,sp,macroalgae,algae,macroalgae_mud,algae_mud,100,3.2351099999999996e-158,309,Metazoa,Mollusca,Mollusca,Mytilida,Mytilidae,Mytilus,0,0,TRUE,ASV226,18,Mytilus trossulus
edna0029,ASV216,motu190,Mytilus trossulus,Bay mussel,species,1,1,1,1,150,214,121,94,133,NA,108,Mytilus trossulus,Bay mussel,2018_hab4_surface,hab4,beach_seine,2018-07-12,2018-07-11,2018,surface,2,edna_hab4_15,surface,biological,16.9,26.02,8.43,11.4,30.12,8.23,6.2,1000,0,51.66480057,-128.0797635,mud,y,200,sp,macroalgae,algae,macroalgae_mud,algae_mud,100,3.2351099999999996e-158,309,Metazoa,Mollusca,Mollusca,Mytilida,Mytilidae,Mytilus,0,0,TRUE,ASV216,23,Mytilus trossulus
edna0029,ASV242,motu213,Balanus glandula,Acorn barnacle,species,1,1,NA,NA,28,59,NA,NA,NA,NA,NA,Balanus glandula,Acorn barnacle,2018_hab4_surface,hab4,beach_seine,2018-07-12,2018-07-11,2018,surface,2,edna_hab4_15,surface,biological,16.9,26.02,8.43,11.4,30.12,8.23,6.2,1000,0,51.66480057,-128.0797635,mud,y,200,sp,macroalgae,algae,macroalgae_mud,algae_mud,100,3.2351099999999996e-158,309,Metazoa,Arthropoda,Thecostraca,Balanomorpha,Balanidae,Balanus,0,0,TRUE,ASV242,15,Balanus glandula
edna0029,ASV233,motu74,Euchlanidae,Rotifer,family,1,1,1,1,107,167,56,NA,62,NA,78,No Results,No Results,2018_hab4_surface,hab4,beach_seine,2018-07-12,2018-07-11,2018,surface,2,edna_hab4_15,surface,biological,16.9,26.02,8.43,11.4,30.12,8.23,6.2,1000,0,51.66480057,-128.0797635,mud,y,200,sp,macroalgae,algae,macroalgae_mud,algae_mud,91.35,3.005919999999998e-29,77,Metazoa,Rotifera,Rotifera,Ploima,Euchlanidae,NA,1,NA,TRUE,ASV84,2,NA
edna0029,ASV447,motu394,Balanus glandula,Acorn barnacle,species,1,1,NA,NA,21,64,NA,NA,NA,NA,NA,Balanus glandula,Acorn barnacle,2018_hab4_surface,hab4,beach_seine,2018-07-12,2018-07-11,2018,surface,2,edna_hab4_15,surface,biological,16.9,26.02,8.43,11.4,30.12,8.23,6.2,1000,0,51.66480057,-128.0797635,mud,y,200,sp,macroalgae,algae,macroalgae_mud,algae_mud,100,3.2351099999999996e-158,309,Metazoa,Arthropoda,Thecostraca,Balanomorpha,Balanidae,Balanus,0,0,TRUE,ASV447,12,Balanus glandula
edna0029,ASV280,motu190,Mytilus,Mussel species,genus,1,1,1,1,77,160,66,74,NA,NA,36,Mytilus trossulus,Bay mussel,2018_hab4_surface,hab4,beach_seine,2018-07-12,2018-07-11,2018,surface,2,edna_hab4_15,surface,biological,16.9,26.02,8.43,11.4,30.12,8.23,6.2,1000,0,51.66480057,-128.0797635,mud,y,200,sp,macroalgae,algae,macroalgae_mud,algae_mud,100,3.2351099999999996e-158,309,Metazoa,Mollusca,Mollusca,Mytilida,Mytilidae,Mytilus,0,0,TRUE,ASV216,23,NA
edna0029,ASV270,motu199,Mytilus,Mussel species,genus,1,1,1,NA,118,175,77,NA,NA,NA,NA,Mytilus trossulus,Bay mussel,2018_hab4_surface,hab4,beach_seine,2018-07-12,2018-07-11,2018,surface,2,edna_hab4_15,surface,biological,16.9,26.02,8.43,11.4,30.12,8.23,6.2,1000,0,51.66480057,-128.0797635,mud,y,200,sp,macroalgae,algae,macroalgae_mud,algae_mud,100,3.2351099999999996e-158,309,Metazoa,Mollusca,Mollusca,Mytilida,Mytilidae,Mytilus,0,0,TRUE,ASV226,18,NA
edna0029,ASV452,motu183,Euchlanidae,Rotifer,family,1,1,NA,NA,86,159,NA,NA,NA,NA,NA,No Results,No Results,2018_hab4_surface,hab4,beach_seine,2018-07-12,2018-07-11,2018,surface,2,edna_hab4_15,surface,biological,16.9,26.02,8.43,11.4,30.12,8.23,6.2,1000,0,51.66480057,-128.0797635,mud,y,200,sp,macroalgae,algae,macroalgae_mud,algae_mud,91.35,3.005919999999998e-29,77,Metazoa,Rotifera,Rotifera,Ploima,Euchlanidae,NA,1,NA,TRUE,ASV208,2,NA
edna0029,ASV377,motu334,Synchaeta pectinata,Rotifer,species,1,1,1,1,5,15,4,12,NA,NA,NA,Synchaeta pectinata,Rotifer,2018_hab4_surface,hab4,beach_seine,2018-07-12,2018-07-11,2018,surface,2,edna_hab4_15,surface,biological,16.9,26.02,8.43,11.4,30.12,8.23,6.2,1000,0,51.66480057,-128.0797635,mud,y,200,sp,macroalgae,algae,macroalgae_mud,algae_mud,90.48,1.6452299999999999e-111,225,Metazoa,Rotifera,Eurotatoria,Ploima,Synchaetidae,Synchaeta,0,0,TRUE,ASV377,5,Synchaeta pectinata
edna0029,ASV398,motu350,Synchaeta pectinata,Rotifer,species,1,1,1,1,4,12,5,13,NA,NA,NA,Synchaeta pectinata,Rotifer,2018_hab4_surface,hab4,beach_seine,2018-07-12,2018-07-11,2018,surface,2,edna_hab4_15,surface,biological,16.9,26.02,8.43,11.4,30.12,8.23,6.2,1000,0,51.66480057,-128.0797635,mud,y,200,sp,macroalgae,algae,macroalgae_mud,algae_mud,90.48,1.6452299999999999e-111,225,Metazoa,Rotifera,Eurotatoria,Ploima,Synchaetidae,Synchaeta,0,0,TRUE,ASV398,4,Synchaeta pectinata
edna0029,ASV467,motu412,Saxidomus,Washington clam species,genus,1,1,1,1,22,36,20,NA,17,NA,NA,Saxidomus,Washington clam species,2018_hab4_surface,hab4,beach_seine,2018-07-12,2018-07-11,2018,surface,2,edna_hab4_15,surface,biological,16.9,26.02,8.43,11.4,30.12,8.23,6.2,1000,0,51.66480057,-128.0797635,mud,y,200,sp,macroalgae,algae,macroalgae_mud,algae_mud,100,1.96163e-160,313,Metazoa,Mollusca,Mollusca,Venerida,Veneridae,Saxidomus,0,0,TRUE,ASV467,12,NA
edna0029,ASV865,motu753,Parastenocarididae,Harpacticoid copepod,family,1,1,NA,NA,49,66,NA,NA,NA,NA,NA,Parastenocarididae,Harpacticoid copepod,2018_hab4_surface,hab4,beach_seine,2018-07-12,2018-07-11,2018,surface,2,edna_hab4_15,surface,biological,16.9,26.02,8.43,11.4,30.12,8.23,6.2,1000,0,51.66480057,-128.0797635,mud,y,200,sp,macroalgae,algae,macroalgae_mud,algae_mud,94.59,0.00408744,30,Metazoa,Arthropoda,Arthropoda,Harpacticoida,Parastenocarididae,NA,1,0,TRUE,ASV865,1,NA
edna0029,ASV860,motu748,Saxidomus,Washington clam species,genus,1,NA,NA,NA,24,NA,NA,NA,NA,NA,NA,Saxidomus,Washington clam species,2018_hab4_surface,hab4,beach_seine,2018-07-12,2018-07-11,2018,surface,2,edna_hab4_15,surface,biological,16.9,26.02,8.43,11.4,30.12,8.23,6.2,1000,0,51.66480057,-128.0797635,mud,y,200,sp,macroalgae,algae,macroalgae_mud,algae_mud,100,1.96163e-160,313,Metazoa,Mollusca,Mollusca,Venerida,Veneridae,Saxidomus,0,0,TRUE,ASV860,4,NA
edna0029,ASV1238,motu1049,Macoma nasuta,Bent-nosed clam,species,1,1,NA,NA,81,98,NA,NA,NA,NA,NA,Macoma nasuta,Bent-nosed clam,2018_hab4_surface,hab4,beach_seine,2018-07-12,2018-07-11,2018,surface,2,edna_hab4_15,surface,biological,16.9,26.02,8.43,11.4,30.12,8.23,6.2,1000,0,51.66480057,-128.0797635,mud,y,200,sp,macroalgae,algae,macroalgae_mud,algae_mud,99.68,9.126599999999999e-159,310,Metazoa,Mollusca,Bivalvia,Cardiida,Tellinidae,Macoma,0,0,TRUE,ASV1238,3,Macoma nasuta
edna0029,ASV772,motu672,Parastenocarididae,Harpacticoid copepod,family,1,1,NA,NA,33,69,NA,NA,NA,NA,NA,Parastenocarididae,Harpacticoid copepod,2018_hab4_surface,hab4,beach_seine,2018-07-12,2018-07-11,2018,surface,2,edna_hab4_15,surface,biological,16.9,26.02,8.43,11.4,30.12,8.23,6.2,1000,0,51.66480057,-128.0797635,mud,y,200,sp,macroalgae,algae,macroalgae_mud,algae_mud,94.59,0.00408744,30,Metazoa,Arthropoda,Arthropoda,Harpacticoida,Parastenocarididae,NA,1,0,TRUE,ASV772,1,NA
edna0029,ASV733,motu637,Phyllodocida,Polychaete,order,1,1,1,1,14,16,11,21,NA,NA,11,Phyllodocida,Polychaete,2018_hab4_surface,hab4,beach_seine,2018-07-12,2018-07-11,2018,surface,2,edna_hab4_15,surface,biological,16.9,26.02,8.43,11.4,30.12,8.23,6.2,1000,0,51.66480057,-128.0797635,mud,y,200,sp,macroalgae,algae,macroalgae_mud,algae_mud,100,0.0603188,28,Metazoa,Annelida,Annelida,Phyllodocida,NA,NA,0,0,TRUE,ASV733,1,NA
edna0029,ASV1469,motu1240,Cerebratulus marginatus,Milky ribbon worm,species,1,1,NA,1,224,394,NA,46,NA,NA,NA,Cerebratulus marginatus,Milky ribbon worm,2018_hab4_surface,hab4,beach_seine,2018-07-12,2018-07-11,2018,surface,2,edna_hab4_15,surface,biological,16.9,26.02,8.43,11.4,30.12,8.23,6.2,1000,0,51.66480057,-128.0797635,mud,y,200,sp,macroalgae,algae,macroalgae_mud,algae_mud,97.76,9.256649999999999e-149,292,Metazoa,Nemertea,Pilidiophora,Heteronemertea,Lineidae,Cerebratulus,0,0,TRUE,ASV1469,1,Cerebratulus marginatus
edna0029,ASV1639,motu1377,Cerebratulus marginatus,Milky ribbon worm,species,1,1,NA,NA,191,355,NA,NA,NA,NA,NA,Cerebratulus marginatus,Milky ribbon worm,2018_hab4_surface,hab4,beach_seine,2018-07-12,2018-07-11,2018,surface,2,edna_hab4_15,surface,biological,16.9,26.02,8.43,11.4,30.12,8.23,6.2,1000,0,51.66480057,-128.0797635,mud,y,200,sp,macroalgae,algae,macroalgae_mud,algae_mud,97.76,9.256649999999999e-149,292,Metazoa,Nemertea,Pilidiophora,Heteronemertea,Lineidae,Cerebratulus,0,0,TRUE,ASV1639,1,Cerebratulus marginatus
edna0029,ASV1546,motu1303,Chaetognatha,Arrow worm,phylum,1,1,NA,NA,20,26,NA,NA,NA,NA,NA,Chaetognatha,Arrow worm,2018_hab4_surface,hab4,beach_seine,2018-07-12,2018-07-11,2018,surface,2,edna_hab4_15,surface,biological,16.9,26.02,8.43,11.4,30.12,8.23,6.2,1000,0,51.66480057,-128.0797635,mud,y,200,sp,macroalgae,algae,macroalgae_mud,algae_mud,95.02,1.63074e-81,171,Metazoa,Chaetognatha,NA,NA,NA,NA,0,0,TRUE,ASV1546,2,NA
edna0029,ASV1104,motu950,Cerebratulus marginatus,Milky ribbon worm,species,1,1,NA,NA,83,158,NA,NA,NA,NA,NA,Cerebratulus marginatus,Milky ribbon worm,2018_hab4_surface,hab4,beach_seine,2018-07-12,2018-07-11,2018,surface,2,edna_hab4_15,surface,biological,16.9,26.02,8.43,11.4,30.12,8.23,6.2,1000,0,51.66480057,-128.0797635,mud,y,200,sp,macroalgae,algae,macroalgae_mud,algae_mud,100,1.96163e-160,313,Metazoa,Nemertea,Pilidiophora,Heteronemertea,Lineidae,Cerebratulus,0,0,TRUE,ASV1104,1,Cerebratulus marginatus
edna0029,ASV1236,motu1048,Chthamalus dalli,Little brown barnacle,species,1,1,1,1,117,232,50,93,98,NA,84,Chthamalus dalli,Little brown barnacle,2018_hab4_surface,hab4,beach_seine,2018-07-12,2018-07-11,2018,surface,2,edna_hab4_15,surface,biological,16.9,26.02,8.43,11.4,30.12,8.23,6.2,1000,0,51.66480057,-128.0797635,mud,y,200,sp,macroalgae,algae,macroalgae_mud,algae_mud,99.67,1.14177e-152,299,Metazoa,Arthropoda,Thecostraca,Balanomorpha,Chthamalidae,Chthamalus,0,0,TRUE,ASV1236,2,Chthamalus dalli
edna0029,ASV1145,motu557,Macoma nasuta,Bent-nosed clam,species,1,1,1,1,62,109,42,78,75,NA,57,Macoma nasuta,Bent-nosed clam,2018_hab4_surface,hab4,beach_seine,2018-07-12,2018-07-11,2018,surface,2,edna_hab4_15,surface,biological,16.9,26.02,8.43,11.4,30.12,8.23,6.2,1000,0,51.66480057,-128.0797635,mud,y,200,sp,macroalgae,algae,macroalgae_mud,algae_mud,99.36,4.246189999999999e-157,307,Metazoa,Mollusca,Bivalvia,Cardiida,Tellinidae,Macoma,0,0,TRUE,ASV643,4,Macoma nasuta
edna0029,ASV1875,motu1559,Cerebratulus marginatus,Milky ribbon worm,species,1,1,NA,NA,141,265,NA,NA,NA,NA,NA,Cerebratulus marginatus,Milky ribbon worm,2018_hab4_surface,hab4,beach_seine,2018-07-12,2018-07-11,2018,surface,2,edna_hab4_15,surface,biological,16.9,26.02,8.43,11.4,30.12,8.23,6.2,1000,0,51.66480057,-128.0797635,mud,y,200,sp,macroalgae,algae,macroalgae_mud,algae_mud,97.12,2.0037099999999998e-145,286,Metazoa,Nemertea,Pilidiophora,Heteronemertea,Lineidae,Cerebratulus,0,0,TRUE,ASV1875,1,Cerebratulus marginatus
edna0029,ASV1046,motu902,Arthropoda,Unknown arthropod,phylum,1,1,1,1,26,52,21,NA,5,NA,NA,Arthropoda,Unknown arthropod,2018_hab4_surface,hab4,beach_seine,2018-07-12,2018-07-11,2018,surface,2,edna_hab4_15,surface,biological,16.9,26.02,8.43,11.4,30.12,8.23,6.2,1000,0,51.66480057,-128.0797635,mud,y,200,sp,macroalgae,algae,macroalgae_mud,algae_mud,94.87,8.78538e-5,33,Metazoa,Arthropoda,NA,NA,NA,NA,NA,NA,TRUE,ASV1046,4,NA
edna0029,ASV1748,motu1459,Chaetognatha,Arrow worm,phylum,1,1,NA,NA,13,17,NA,NA,NA,NA,NA,Chaetognatha,Arrow worm,2018_hab4_surface,hab4,beach_seine,2018-07-12,2018-07-11,2018,surface,2,edna_hab4_15,surface,biological,16.9,26.02,8.43,11.4,30.12,8.23,6.2,1000,0,51.66480057,-128.0797635,mud,y,200,sp,macroalgae,algae,macroalgae_mud,algae_mud,95.02,1.63074e-81,171,Metazoa,Chaetognatha,NA,NA,NA,NA,0,0,TRUE,ASV1748,1,NA
edna0029,ASV1910,motu1589,Chthamalus dalli,Little brown barnacle,species,1,1,NA,NA,125,234,NA,NA,NA,NA,NA,Chthamalus dalli,Little brown barnacle,2018_hab4_surface,hab4,beach_seine,2018-07-12,2018-07-11,2018,surface,2,edna_hab4_15,surface,biological,16.9,26.02,8.43,11.4,30.12,8.23,6.2,1000,0,51.66480057,-128.0797635,mud,y,200,sp,macroalgae,algae,macroalgae_mud,algae_mud,99.67,1.14177e-152,299,Metazoa,Arthropoda,Thecostraca,Balanomorpha,Chthamalidae,Chthamalus,0,0,TRUE,ASV1910,1,Chthamalus dalli
edna0029,ASV1790,motu1493,Cerebratulus marginatus,Milky ribbon worm,species,1,1,NA,1,129,280,NA,NA,40,NA,NA,Cerebratulus marginatus,Milky ribbon worm,2018_hab4_surface,hab4,beach_seine,2018-07-12,2018-07-11,2018,surface,2,edna_hab4_15,surface,biological,16.9,26.02,8.43,11.4,30.12,8.23,6.2,1000,0,51.66480057,-128.0797635,mud,y,200,sp,macroalgae,algae,macroalgae_mud,algae_mud,97.12,2.0037099999999998e-145,286,Metazoa,Nemertea,Pilidiophora,Heteronemertea,Lineidae,Cerebratulus,0,0,TRUE,ASV1790,1,Cerebratulus marginatus
edna0029,ASV1443,motu1220,Orobdella,Freshwater leech,genus,1,1,NA,1,13,18,NA,NA,NA,NA,4,Orobdella,Freshwater leech,2018_hab4_surface,hab4,beach_seine,2018-07-12,2018-07-11,2018,surface,2,edna_hab4_15,surface,biological,16.9,26.02,8.43,11.4,30.12,8.23,6.2,1000,0,51.66480057,-128.0797635,mud,y,200,sp,macroalgae,algae,macroalgae_mud,algae_mud,97.06,0.0011939,31,Metazoa,Annelida,Annelida,Erpobdelliformes,Orobdellidae,Orobdella,NA,NA,TRUE,ASV1443,1,NA
edna0029,ASV1470,motu1241,Cistenides granulata,Trumpet worm,species,1,NA,NA,NA,6,NA,NA,NA,NA,NA,NA,Cistenides granulata,Trumpet worm,2018_hab4_surface,hab4,beach_seine,2018-07-12,2018-07-11,2018,surface,2,edna_hab4_15,surface,biological,16.9,26.02,8.43,11.4,30.12,8.23,6.2,1000,0,51.66480057,-128.0797635,mud,y,200,sp,macroalgae,algae,macroalgae_mud,algae_mud,100,1.96163e-160,313,Metazoa,Annelida,Polychaeta,Terebellida,Pectinariidae,Pectinaria,0,0,TRUE,ASV1470,1,Cistenides granulata
edna0029,ASV1057,motu909,Orobdella,Freshwater leech,genus,1,1,1,NA,7,15,9,NA,NA,NA,NA,Orobdella,Freshwater leech,2018_hab4_surface,hab4,beach_seine,2018-07-12,2018-07-11,2018,surface,2,edna_hab4_15,surface,biological,16.9,26.02,8.43,11.4,30.12,8.23,6.2,1000,0,51.66480057,-128.0797635,mud,y,200,sp,macroalgae,algae,macroalgae_mud,algae_mud,97.06,0.0011939,31,Metazoa,Annelida,Annelida,Erpobdelliformes,Orobdellidae,Orobdella,NA,NA,TRUE,ASV1057,1,NA
edna0029,ASV1068,motu920,Arthropoda,Unknown arthropod,phylum,1,1,NA,1,28,48,NA,8,NA,NA,25,Arthropoda,Unknown arthropod,2018_hab4_surface,hab4,beach_seine,2018-07-12,2018-07-11,2018,surface,2,edna_hab4_15,surface,biological,16.9,26.02,8.43,11.4,30.12,8.23,6.2,1000,0,51.66480057,-128.0797635,mud,y,200,sp,macroalgae,algae,macroalgae_mud,algae_mud,94.87,8.78538e-5,33,Metazoa,Arthropoda,NA,NA,NA,NA,NA,NA,TRUE,ASV1068,4,NA
edna0029,ASV2291,motu1886,Cerebratulus marginatus,Milky ribbon worm,species,1,1,NA,NA,52,113,NA,NA,NA,NA,NA,Cerebratulus marginatus,Milky ribbon worm,2018_hab4_surface,hab4,beach_seine,2018-07-12,2018-07-11,2018,surface,2,edna_hab4_15,surface,biological,16.9,26.02,8.43,11.4,30.12,8.23,6.2,1000,0,51.66480057,-128.0797635,mud,y,200,sp,macroalgae,algae,macroalgae_mud,algae_mud,100,1.96163e-160,313,Metazoa,Nemertea,Pilidiophora,Heteronemertea,Lineidae,Cerebratulus,0,0,TRUE,ASV2291,1,Cerebratulus marginatus
edna0029,ASV2839,motu2297,Araneae,Spider,class,1,1,NA,NA,12,36,NA,NA,NA,NA,NA,Araneae,Spider,2018_hab4_surface,hab4,beach_seine,2018-07-12,2018-07-11,2018,surface,2,edna_hab4_15,surface,biological,16.9,26.02,8.43,11.4,30.12,8.23,6.2,1000,0,51.66480057,-128.0797635,mud,y,200,sp,macroalgae,algae,macroalgae_mud,algae_mud,93.33,8.47668e-20,60,Metazoa,Arthropoda,Arthropoda,NA,NA,NA,NA,NA,TRUE,ASV2839,1,NA
edna0029,ASV2818,motu2279,Araneae,Spider,class,1,1,1,NA,23,27,18,NA,NA,NA,NA,Araneae,Spider,2018_hab4_surface,hab4,beach_seine,2018-07-12,2018-07-11,2018,surface,2,edna_hab4_15,surface,biological,16.9,26.02,8.43,11.4,30.12,8.23,6.2,1000,0,51.66480057,-128.0797635,mud,y,200,sp,macroalgae,algae,macroalgae_mud,algae_mud,93.33,8.47668e-20,60,Metazoa,Arthropoda,Arthropoda,NA,NA,NA,NA,NA,TRUE,ASV2818,1,NA
edna0029,ASV2172,motu1790,Paracalanus,Calanoid copepod,genus,1,1,1,1,10,19,10,4,12,NA,NA,Paracalanus,Calanoid copepod,2018_hab4_surface,hab4,beach_seine,2018-07-12,2018-07-11,2018,surface,2,edna_hab4_15,surface,biological,16.9,26.02,8.43,11.4,30.12,8.23,6.2,1000,0,51.66480057,-128.0797635,mud,y,200,sp,macroalgae,algae,macroalgae_mud,algae_mud,99.34,1.9105799999999988e-150,295,Metazoa,Arthropoda,Copepoda,Calanoida,Paracalanidae,Paracalanus,0,0,TRUE,ASV2172,1,NA
edna0029,ASV2376,motu1949,Euphausia pacifica,North Pacific krill,species,1,1,NA,NA,7,9,NA,NA,NA,NA,NA,Euphausia pacifica,North Pacific krill,2018_hab4_surface,hab4,beach_seine,2018-07-12,2018-07-11,2018,surface,2,edna_hab4_15,surface,biological,16.9,26.02,8.43,11.4,30.12,8.23,6.2,1000,0,51.66480057,-128.0797635,mud,y,200,sp,macroalgae,algae,macroalgae_mud,algae_mud,100,3.2351099999999996e-158,309,Metazoa,Arthropoda,Malacostraca,Euphausiacea,Euphausiidae,Euphausia,0,0,TRUE,ASV2376,1,Euphausia pacifica
edna0029,ASV3146,motu2524,Paracalanus,Calanoid copepod,genus,1,1,NA,NA,13,24,NA,NA,NA,NA,NA,Paracalanus,Calanoid copepod,2018_hab4_surface,hab4,beach_seine,2018-07-12,2018-07-11,2018,surface,2,edna_hab4_15,surface,biological,16.9,26.02,8.43,11.4,30.12,8.23,6.2,1000,0,51.66480057,-128.0797635,mud,y,200,sp,macroalgae,algae,macroalgae_mud,algae_mud,99.34,1.9105799999999988e-150,295,Metazoa,Arthropoda,Copepoda,Calanoida,Paracalanidae,Paracalanus,0,0,TRUE,ASV3146,1,NA
edna0029,ASV3828,motu199,Mytilus trossulus,Bay mussel,species,1,1,NA,NA,8,12,NA,NA,NA,NA,NA,Mytilus trossulus,Bay mussel,2018_hab4_surface,hab4,beach_seine,2018-07-12,2018-07-11,2018,surface,2,edna_hab4_15,surface,biological,16.9,26.02,8.43,11.4,30.12,8.23,6.2,1000,0,51.66480057,-128.0797635,mud,y,200,sp,macroalgae,algae,macroalgae_mud,algae_mud,99.68,1.5051499999999994e-156,306,Metazoa,Mollusca,Mollusca,Mytilida,Mytilidae,Mytilus,0,0,TRUE,ASV226,18,Mytilus trossulus
edna0029,ASV4710,motu3650,Pleurobrachia bachei,Pacific sea gooseberry,species,1,NA,NA,1,6,NA,NA,NA,7,NA,15,Pleurobrachia bachei,Pacific sea gooseberry,2018_hab4_surface,hab4,beach_seine,2018-07-12,2018-07-11,2018,surface,2,edna_hab4_15,surface,biological,16.9,26.02,8.43,11.4,30.12,8.23,6.2,1000,0,51.66480057,-128.0797635,mud,y,200,sp,macroalgae,algae,macroalgae_mud,algae_mud,99.36,4.246189999999999e-157,307,Metazoa,Ctenophora,Tentaculata,Cydippida,Cydippidae,Pleurobrachia,0,0,TRUE,ASV4710,1,Pleurobrachia bachei
edna0029,ASV4938,motu3821,Synchaeta cecilia,Rotifer,species,1,1,1,NA,8,3,3,NA,NA,NA,NA,Synchaeta cecilia,Rotifer,2018_hab4_surface,hab4,beach_seine,2018-07-12,2018-07-11,2018,surface,2,edna_hab4_15,surface,biological,16.9,26.02,8.43,11.4,30.12,8.23,6.2,1000,0,51.66480057,-128.0797635,mud,y,200,sp,macroalgae,algae,macroalgae_mud,algae_mud,90.06,3.51042e-108,219,Metazoa,Rotifera,Eurotatoria,Ploima,Synchaetidae,Synchaeta,0,0,TRUE,ASV4938,1,Synchaeta cecilia
edna0029,ASV6974,motu5426,Solenopsis,Hexapod,genus,1,NA,NA,NA,4,NA,NA,NA,NA,NA,NA,Solenopsis,Hexapod,2018_hab4_surface,hab4,beach_seine,2018-07-12,2018-07-11,2018,surface,2,edna_hab4_15,surface,biological,16.9,26.02,8.43,11.4,30.12,8.23,6.2,1000,0,51.66480057,-128.0797635,mud,y,200,sp,macroalgae,algae,macroalgae_mud,algae_mud,100,0.00115934,31,Metazoa,Arthropoda,Arthropoda,Hymenoptera,Formicoidea,Solenopsis,NA,NA,TRUE,ASV6974,1,NA
edna0030,ASV34,motu31,Centropages abdominalis,Calanoid copepod,species,1,1,1,1,590,1163,410,730,731,NA,906,Centropages abdominalis,Calanoid copepod,2018_hab4_surface,hab4,beach_seine,2018-07-12,2018-07-11,2018,surface,3,edna_hab4_30,surface,biological,15.9,26.09,8.45,NA,NA,NA,5.8,1000,0,51.66465401,-128.0797184,mud,y,200,sp,macroalgae,algae,macroalgae_mud,algae_mud,100,1.96163e-160,313,Metazoa,Arthropoda,Copepoda,Calanoida,Centropagidae,Centropages,0,0,TRUE,ASV34,19,Centropages abdominalis
edna0030,ASV143,motu128,Centropages abdominalis,Calanoid copepod,species,1,1,NA,NA,605,1153,NA,NA,NA,NA,NA,Centropages abdominalis,Calanoid copepod,2018_hab4_surface,hab4,beach_seine,2018-07-12,2018-07-11,2018,surface,3,edna_hab4_30,surface,biological,15.9,26.09,8.45,NA,NA,NA,5.8,1000,0,51.66465401,-128.0797184,mud,y,200,sp,macroalgae,algae,macroalgae_mud,algae_mud,100,1.96163e-160,313,Metazoa,Arthropoda,Copepoda,Calanoida,Centropagidae,Centropages,0,0,TRUE,ASV143,11,Centropages abdominalis
edna0030,ASV258,motu228,Lensia,Siphonophore,genus,1,1,NA,NA,93,220,NA,NA,NA,NA,NA,Lensia,Siphonophore,2018_hab4_surface,hab4,beach_seine,2018-07-12,2018-07-11,2018,surface,3,edna_hab4_30,surface,biological,15.9,26.09,8.45,NA,NA,NA,5.8,1000,0,51.66465401,-128.0797184,mud,y,200,sp,macroalgae,algae,macroalgae_mud,algae_mud,100,0.00408744,30,Metazoa,Cnidaria,Cnidaria,Siphonophorae,Diphyidae,Lensia,0,0,TRUE,ASV258,1,NA
edna0030,ASV131,motu117,Lensia,Siphonophore,genus,1,1,1,1,114,192,71,230,112,NA,150,Lensia,Siphonophore,2018_hab4_surface,hab4,beach_seine,2018-07-12,2018-07-11,2018,surface,3,edna_hab4_30,surface,biological,15.9,26.09,8.45,NA,NA,NA,5.8,1000,0,51.66465401,-128.0797184,mud,y,200,sp,macroalgae,algae,macroalgae_mud,algae_mud,100,0.00408744,30,Metazoa,Cnidaria,Cnidaria,Siphonophorae,Diphyidae,Lensia,0,0,TRUE,ASV131,2,NA
edna0030,ASV226,motu199,Mytilus trossulus,Bay mussel,species,1,1,1,1,47,104,61,55,69,NA,NA,Mytilus trossulus,Bay mussel,2018_hab4_surface,hab4,beach_seine,2018-07-12,2018-07-11,2018,surface,3,edna_hab4_30,surface,biological,15.9,26.09,8.45,NA,NA,NA,5.8,1000,0,51.66465401,-128.0797184,mud,y,200,sp,macroalgae,algae,macroalgae_mud,algae_mud,100,3.2351099999999996e-158,309,Metazoa,Mollusca,Mollusca,Mytilida,Mytilidae,Mytilus,0,0,TRUE,ASV226,18,Mytilus trossulus
edna0030,ASV216,motu190,Mytilus trossulus,Bay mussel,species,1,1,1,1,52,119,63,50,85,NA,113,Mytilus trossulus,Bay mussel,2018_hab4_surface,hab4,beach_seine,2018-07-12,2018-07-11,2018,surface,3,edna_hab4_30,surface,biological,15.9,26.09,8.45,NA,NA,NA,5.8,1000,0,51.66465401,-128.0797184,mud,y,200,sp,macroalgae,algae,macroalgae_mud,algae_mud,100,3.2351099999999996e-158,309,Metazoa,Mollusca,Mollusca,Mytilida,Mytilidae,Mytilus,0,0,TRUE,ASV216,23,Mytilus trossulus
edna0030,ASV233,motu74,Euchlanidae,Rotifer,family,1,1,1,1,103,195,66,152,NA,NA,138,No Results,No Results,2018_hab4_surface,hab4,beach_seine,2018-07-12,2018-07-11,2018,surface,3,edna_hab4_30,surface,biological,15.9,26.09,8.45,NA,NA,NA,5.8,1000,0,51.66465401,-128.0797184,mud,y,200,sp,macroalgae,algae,macroalgae_mud,algae_mud,91.35,3.005919999999998e-29,77,Metazoa,Rotifera,Rotifera,Ploima,Euchlanidae,NA,1,NA,TRUE,ASV84,2,NA
edna0030,ASV447,motu394,Balanus glandula,Acorn barnacle,species,1,NA,NA,NA,13,NA,NA,NA,NA,NA,NA,Balanus glandula,Acorn barnacle,2018_hab4_surface,hab4,beach_seine,2018-07-12,2018-07-11,2018,surface,3,edna_hab4_30,surface,biological,15.9,26.09,8.45,NA,NA,NA,5.8,1000,0,51.66465401,-128.0797184,mud,y,200,sp,macroalgae,algae,macroalgae_mud,algae_mud,100,3.2351099999999996e-158,309,Metazoa,Arthropoda,Thecostraca,Balanomorpha,Balanidae,Balanus,0,0,TRUE,ASV447,12,Balanus glandula
edna0030,ASV280,motu190,Mytilus,Mussel species,genus,1,1,NA,NA,46,22,NA,NA,NA,NA,NA,Mytilus trossulus,Bay mussel,2018_hab4_surface,hab4,beach_seine,2018-07-12,2018-07-11,2018,surface,3,edna_hab4_30,surface,biological,15.9,26.09,8.45,NA,NA,NA,5.8,1000,0,51.66465401,-128.0797184,mud,y,200,sp,macroalgae,algae,macroalgae_mud,algae_mud,100,3.2351099999999996e-158,309,Metazoa,Mollusca,Mollusca,Mytilida,Mytilidae,Mytilus,0,0,TRUE,ASV216,23,NA
edna0030,ASV270,motu199,Mytilus,Mussel species,genus,1,1,NA,NA,27,28,NA,NA,NA,NA,NA,Mytilus trossulus,Bay mussel,2018_hab4_surface,hab4,beach_seine,2018-07-12,2018-07-11,2018,surface,3,edna_hab4_30,surface,biological,15.9,26.09,8.45,NA,NA,NA,5.8,1000,0,51.66465401,-128.0797184,mud,y,200,sp,macroalgae,algae,macroalgae_mud,algae_mud,100,3.2351099999999996e-158,309,Metazoa,Mollusca,Mollusca,Mytilida,Mytilidae,Mytilus,0,0,TRUE,ASV226,18,NA
edna0030,ASV452,motu183,Euchlanidae,Rotifer,family,1,1,NA,NA,113,173,NA,NA,NA,NA,NA,No Results,No Results,2018_hab4_surface,hab4,beach_seine,2018-07-12,2018-07-11,2018,surface,3,edna_hab4_30,surface,biological,15.9,26.09,8.45,NA,NA,NA,5.8,1000,0,51.66465401,-128.0797184,mud,y,200,sp,macroalgae,algae,macroalgae_mud,algae_mud,91.35,3.005919999999998e-29,77,Metazoa,Rotifera,Rotifera,Ploima,Euchlanidae,NA,1,NA,TRUE,ASV208,2,NA
edna0030,ASV324,motu285,Paracalanus parvus parvus,Calanoid copepod,species,1,1,1,1,57,90,40,NA,23,NA,52,Paracalanus parvus parvus,Calanoid copepod,2018_hab4_surface,hab4,beach_seine,2018-07-12,2018-07-11,2018,surface,3,edna_hab4_30,surface,biological,15.9,26.09,8.45,NA,NA,NA,5.8,1000,0,51.66465401,-128.0797184,mud,y,200,sp,macroalgae,algae,macroalgae_mud,algae_mud,100,1.17454e-132,263,Metazoa,Arthropoda,Copepoda,Calanoida,Paracalanidae,Paracalanus,0,0,TRUE,ASV324,6,Paracalanus parvus parvus
edna0030,ASV536,motu470,Paracalanus parvus parvus,Calanoid copepod,species,1,1,NA,NA,56,74,NA,NA,NA,NA,NA,Paracalanus parvus parvus,Calanoid copepod,2018_hab4_surface,hab4,beach_seine,2018-07-12,2018-07-11,2018,surface,3,edna_hab4_30,surface,biological,15.9,26.09,8.45,NA,NA,NA,5.8,1000,0,51.66465401,-128.0797184,mud,y,200,sp,macroalgae,algae,macroalgae_mud,algae_mud,100,1.17454e-132,263,Metazoa,Arthropoda,Copepoda,Calanoida,Paracalanidae,Paracalanus,0,0,TRUE,ASV536,6,Paracalanus parvus parvus
edna0030,ASV377,motu334,Synchaeta pectinata,Rotifer,species,1,1,1,1,8,14,8,NA,NA,NA,9,Synchaeta pectinata,Rotifer,2018_hab4_surface,hab4,beach_seine,2018-07-12,2018-07-11,2018,surface,3,edna_hab4_30,surface,biological,15.9,26.09,8.45,NA,NA,NA,5.8,1000,0,51.66465401,-128.0797184,mud,y,200,sp,macroalgae,algae,macroalgae_mud,algae_mud,90.48,1.6452299999999999e-111,225,Metazoa,Rotifera,Eurotatoria,Ploima,Synchaetidae,Synchaeta,0,0,TRUE,ASV377,5,Synchaeta pectinata
edna0030,ASV398,motu350,Synchaeta pectinata,Rotifer,species,1,1,NA,1,5,20,NA,NA,5,NA,NA,Synchaeta pectinata,Rotifer,2018_hab4_surface,hab4,beach_seine,2018-07-12,2018-07-11,2018,surface,3,edna_hab4_30,surface,biological,15.9,26.09,8.45,NA,NA,NA,5.8,1000,0,51.66465401,-128.0797184,mud,y,200,sp,macroalgae,algae,macroalgae_mud,algae_mud,90.48,1.6452299999999999e-111,225,Metazoa,Rotifera,Eurotatoria,Ploima,Synchaetidae,Synchaeta,0,0,TRUE,ASV398,4,Synchaeta pectinata
edna0030,ASV865,motu753,Parastenocarididae,Harpacticoid copepod,family,1,1,NA,NA,78,101,NA,NA,NA,NA,NA,Parastenocarididae,Harpacticoid copepod,2018_hab4_surface,hab4,beach_seine,2018-07-12,2018-07-11,2018,surface,3,edna_hab4_30,surface,biological,15.9,26.09,8.45,NA,NA,NA,5.8,1000,0,51.66465401,-128.0797184,mud,y,200,sp,macroalgae,algae,macroalgae_mud,algae_mud,94.59,0.00408744,30,Metazoa,Arthropoda,Arthropoda,Harpacticoida,Parastenocarididae,NA,1,0,TRUE,ASV865,1,NA
edna0030,ASV860,motu748,Saxidomus,Washington clam species,genus,1,NA,NA,NA,2,NA,NA,NA,NA,NA,NA,Saxidomus,Washington clam species,2018_hab4_surface,hab4,beach_seine,2018-07-12,2018-07-11,2018,surface,3,edna_hab4_30,surface,biological,15.9,26.09,8.45,NA,NA,NA,5.8,1000,0,51.66465401,-128.0797184,mud,y,200,sp,macroalgae,algae,macroalgae_mud,algae_mud,100,1.96163e-160,313,Metazoa,Mollusca,Mollusca,Venerida,Veneridae,Saxidomus,0,0,TRUE,ASV860,4,NA
edna0030,ASV1238,motu1049,Macoma nasuta,Bent-nosed clam,species,1,1,NA,NA,142,191,NA,NA,NA,NA,NA,Macoma nasuta,Bent-nosed clam,2018_hab4_surface,hab4,beach_seine,2018-07-12,2018-07-11,2018,surface,3,edna_hab4_30,surface,biological,15.9,26.09,8.45,NA,NA,NA,5.8,1000,0,51.66465401,-128.0797184,mud,y,200,sp,macroalgae,algae,macroalgae_mud,algae_mud,99.68,9.126599999999999e-159,310,Metazoa,Mollusca,Bivalvia,Cardiida,Tellinidae,Macoma,0,0,TRUE,ASV1238,3,Macoma nasuta
edna0030,ASV643,motu557,Macoma nasuta,Bent-nosed clam,species,1,1,1,1,206,289,114,51,89,NA,195,Macoma nasuta,Bent-nosed clam,2018_hab4_surface,hab4,beach_seine,2018-07-12,2018-07-11,2018,surface,3,edna_hab4_30,surface,biological,15.9,26.09,8.45,NA,NA,NA,5.8,1000,0,51.66465401,-128.0797184,mud,y,200,sp,macroalgae,algae,macroalgae_mud,algae_mud,99.68,9.126599999999999e-159,310,Metazoa,Mollusca,Bivalvia,Cardiida,Tellinidae,Macoma,0,0,TRUE,ASV643,4,Macoma nasuta
edna0030,ASV750,motu654,Orobdella,Freshwater leech,genus,1,NA,NA,1,2,NA,NA,12,NA,NA,NA,Orobdella,Freshwater leech,2018_hab4_surface,hab4,beach_seine,2018-07-12,2018-07-11,2018,surface,3,edna_hab4_30,surface,biological,15.9,26.09,8.45,NA,NA,NA,5.8,1000,0,51.66465401,-128.0797184,mud,y,200,sp,macroalgae,algae,macroalgae_mud,algae_mud,97.06,0.00121031,31,Metazoa,Annelida,Annelida,Erpobdelliformes,Orobdellidae,Orobdella,NA,NA,TRUE,ASV750,1,NA
edna0030,ASV772,motu672,Parastenocarididae,Harpacticoid copepod,family,1,1,1,1,54,142,32,73,NA,NA,NA,Parastenocarididae,Harpacticoid copepod,2018_hab4_surface,hab4,beach_seine,2018-07-12,2018-07-11,2018,surface,3,edna_hab4_30,surface,biological,15.9,26.09,8.45,NA,NA,NA,5.8,1000,0,51.66465401,-128.0797184,mud,y,200,sp,macroalgae,algae,macroalgae_mud,algae_mud,94.59,0.00408744,30,Metazoa,Arthropoda,Arthropoda,Harpacticoida,Parastenocarididae,NA,1,0,TRUE,ASV772,1,NA
edna0030,ASV775,motu675,Aequorea,Crystal jelly species,genus,1,1,NA,NA,2,5,NA,NA,NA,NA,NA,Aequorea,Crystal jelly species,2018_hab4_surface,hab4,beach_seine,2018-07-12,2018-07-11,2018,surface,3,edna_hab4_30,surface,biological,15.9,26.09,8.45,NA,NA,NA,5.8,1000,0,51.66465401,-128.0797184,mud,y,200,sp,macroalgae,algae,macroalgae_mud,algae_mud,100,1.4886099999999998e-156,306,Metazoa,Cnidaria,Hydrozoa,Leptothecata,Aequoreidae,Aequorea,0,0,TRUE,ASV775,3,NA
edna0030,ASV1546,motu1303,Chaetognatha,Arrow worm,phylum,1,NA,NA,NA,8,NA,NA,NA,NA,NA,NA,Chaetognatha,Arrow worm,2018_hab4_surface,hab4,beach_seine,2018-07-12,2018-07-11,2018,surface,3,edna_hab4_30,surface,biological,15.9,26.09,8.45,NA,NA,NA,5.8,1000,0,51.66465401,-128.0797184,mud,y,200,sp,macroalgae,algae,macroalgae_mud,algae_mud,95.02,1.63074e-81,171,Metazoa,Chaetognatha,NA,NA,NA,NA,0,0,TRUE,ASV1546,2,NA
edna0030,ASV1104,motu950,Cerebratulus marginatus,Milky ribbon worm,species,1,1,NA,1,20,46,NA,NA,NA,NA,41,Cerebratulus marginatus,Milky ribbon worm,2018_hab4_surface,hab4,beach_seine,2018-07-12,2018-07-11,2018,surface,3,edna_hab4_30,surface,biological,15.9,26.09,8.45,NA,NA,NA,5.8,1000,0,51.66465401,-128.0797184,mud,y,200,sp,macroalgae,algae,macroalgae_mud,algae_mud,100,1.96163e-160,313,Metazoa,Nemertea,Pilidiophora,Heteronemertea,Lineidae,Cerebratulus,0,0,TRUE,ASV1104,1,Cerebratulus marginatus
edna0030,ASV847,motu737,Haminoea vesicula,Blister glassy-bubble,species,1,1,1,1,13,13,10,NA,9,NA,10,Haminoea vesicula,Blister glassy-bubble,2018_hab4_surface,hab4,beach_seine,2018-07-12,2018-07-11,2018,surface,3,edna_hab4_30,surface,biological,15.9,26.09,8.45,NA,NA,NA,5.8,1000,0,51.66465401,-128.0797184,mud,y,200,sp,macroalgae,algae,macroalgae_mud,algae_mud,100,1.96163e-160,313,Metazoa,Mollusca,Mollusca,Cephalaspidea,Haminoeidae,Haminoea,0,0,TRUE,ASV847,1,Haminoea vesicula
edna0030,ASV1070,motu922,Pleurobrachia bachei,Pacific sea gooseberry,species,1,1,NA,1,9,37,NA,NA,NA,NA,10,Pleurobrachia bachei,Pacific sea gooseberry,2018_hab4_surface,hab4,beach_seine,2018-07-12,2018-07-11,2018,surface,3,edna_hab4_30,surface,biological,15.9,26.09,8.45,NA,NA,NA,5.8,1000,0,51.66465401,-128.0797184,mud,y,200,sp,macroalgae,algae,macroalgae_mud,algae_mud,100,1.96163e-160,313,Metazoa,Ctenophora,Tentaculata,Cydippida,Cydippidae,Pleurobrachia,0,0,TRUE,ASV1070,7,Pleurobrachia bachei
edna0030,ASV871,motu757,Haminoea vesicula,Blister glassy-bubble,species,1,1,NA,1,16,19,NA,4,NA,NA,10,Haminoea vesicula,Blister glassy-bubble,2018_hab4_surface,hab4,beach_seine,2018-07-12,2018-07-11,2018,surface,3,edna_hab4_30,surface,biological,15.9,26.09,8.45,NA,NA,NA,5.8,1000,0,51.66465401,-128.0797184,mud,y,200,sp,macroalgae,algae,macroalgae_mud,algae_mud,100,1.96163e-160,313,Metazoa,Mollusca,Mollusca,Cephalaspidea,Haminoeidae,Haminoea,0,0,TRUE,ASV871,1,Haminoea vesicula
edna0030,ASV1805,motu1504,Cistenides granulata,Trumpet worm,species,1,1,1,NA,9,28,9,NA,NA,NA,NA,Cistenides granulata,Trumpet worm,2018_hab4_surface,hab4,beach_seine,2018-07-12,2018-07-11,2018,surface,3,edna_hab4_30,surface,biological,15.9,26.09,8.45,NA,NA,NA,5.8,1000,0,51.66465401,-128.0797184,mud,y,200,sp,macroalgae,algae,macroalgae_mud,algae_mud,100,1.4886099999999998e-156,306,Metazoa,Annelida,Polychaeta,Terebellida,Pectinariidae,Pectinaria,0,0,TRUE,ASV1805,1,Cistenides granulata
edna0030,ASV1329,motu1124,Littorina scutulata,Checkered periwinkle,species,1,NA,NA,NA,3,NA,NA,NA,NA,NA,NA,Littorina scutulata,Checkered periwinkle,2018_hab4_surface,hab4,beach_seine,2018-07-12,2018-07-11,2018,surface,3,edna_hab4_30,surface,biological,15.9,26.09,8.45,NA,NA,NA,5.8,1000,0,51.66465401,-128.0797184,mud,y,200,sp,macroalgae,algae,macroalgae_mud,algae_mud,100,1.96163e-160,313,Metazoa,Mollusca,Gastropoda,Littorinimorpha,Littorinidae,Littorina,0,0,TRUE,ASV1329,1,Littorina scutulata
edna0030,ASV2228,motu1836,Saxidomus nuttalli,California butterclam,species,1,NA,NA,NA,4,NA,NA,NA,NA,NA,NA,Saxidomus nuttalli,California butterclam,2018_hab4_surface,hab4,beach_seine,2018-07-12,2018-07-11,2018,surface,3,edna_hab4_30,surface,biological,15.9,26.09,8.45,NA,NA,NA,5.8,1000,0,51.66465401,-128.0797184,mud,y,200,sp,macroalgae,algae,macroalgae_mud,algae_mud,99.68,4.246189999999999e-157,307,Metazoa,Mollusca,Bivalvia,Venerida,Veneridae,Saxidomus,0,0,TRUE,ASV2228,1,Saxidomus nuttalli
edna0030,ASV1569,motu1322,Clinocardium nuttallii,Basket cockle,species,1,1,NA,NA,6,16,NA,NA,NA,NA,NA,Clinocardium nuttallii,Basket cockle,2018_hab4_surface,hab4,beach_seine,2018-07-12,2018-07-11,2018,surface,3,edna_hab4_30,surface,biological,15.9,26.09,8.45,NA,NA,NA,5.8,1000,0,51.66465401,-128.0797184,mud,y,200,sp,macroalgae,algae,macroalgae_mud,algae_mud,100,2.4540699999999983e-154,302,Metazoa,Mollusca,Bivalvia,Cardiida,Cardiidae,Clinocardium,0,0,TRUE,ASV1569,2,Clinocardium nuttallii
edna0030,ASV2651,motu2153,Clinocardium nuttallii,Basket cockle,species,1,1,NA,NA,6,21,NA,NA,NA,NA,NA,Clinocardium nuttallii,Basket cockle,2018_hab4_surface,hab4,beach_seine,2018-07-12,2018-07-11,2018,surface,3,edna_hab4_30,surface,biological,15.9,26.09,8.45,NA,NA,NA,5.8,1000,0,51.66465401,-128.0797184,mud,y,200,sp,macroalgae,algae,macroalgae_mud,algae_mud,100,2.4540699999999983e-154,302,Metazoa,Mollusca,Bivalvia,Cardiida,Cardiidae,Clinocardium,0,0,TRUE,ASV2651,1,Clinocardium nuttallii
edna0030,ASV1570,motu1323,Pleurobrachia bachei,Pacific sea gooseberry,species,1,1,1,NA,9,10,15,NA,NA,NA,NA,Pleurobrachia bachei,Pacific sea gooseberry,2018_hab4_surface,hab4,beach_seine,2018-07-12,2018-07-11,2018,surface,3,edna_hab4_30,surface,biological,15.9,26.09,8.45,NA,NA,NA,5.8,1000,0,51.66465401,-128.0797184,mud,y,200,sp,macroalgae,algae,macroalgae_mud,algae_mud,99.68,9.126599999999999e-159,310,Metazoa,Ctenophora,Tentaculata,Cydippida,Cydippidae,Pleurobrachia,0,0,TRUE,ASV1570,1,Pleurobrachia bachei
edna0030,ASV2839,motu2297,Araneae,Spider,class,1,1,NA,NA,32,58,NA,NA,NA,NA,NA,Araneae,Spider,2018_hab4_surface,hab4,beach_seine,2018-07-12,2018-07-11,2018,surface,3,edna_hab4_30,surface,biological,15.9,26.09,8.45,NA,NA,NA,5.8,1000,0,51.66465401,-128.0797184,mud,y,200,sp,macroalgae,algae,macroalgae_mud,algae_mud,93.33,8.47668e-20,60,Metazoa,Arthropoda,Arthropoda,NA,NA,NA,NA,NA,TRUE,ASV2839,1,NA
edna0030,ASV1729,motu1443,Paracalanus,Calanoid copepod,genus,1,1,NA,NA,27,65,NA,NA,NA,NA,NA,Paracalanus,Calanoid copepod,2018_hab4_surface,hab4,beach_seine,2018-07-12,2018-07-11,2018,surface,3,edna_hab4_30,surface,biological,15.9,26.09,8.45,NA,NA,NA,5.8,1000,0,51.66465401,-128.0797184,mud,y,200,sp,macroalgae,algae,macroalgae_mud,algae_mud,99.01,2.4714899999999987e-149,293,Metazoa,Arthropoda,Arthropoda,Calanoida,Paracalanidae,Paracalanus,0,0,TRUE,ASV1729,2,NA
edna0030,ASV3159,motu470,Paracalanus,Calanoid copepod,genus,1,1,NA,NA,20,42,NA,NA,NA,NA,NA,Paracalanus parvus parvus,Calanoid copepod,2018_hab4_surface,hab4,beach_seine,2018-07-12,2018-07-11,2018,surface,3,edna_hab4_30,surface,biological,15.9,26.09,8.45,NA,NA,NA,5.8,1000,0,51.66465401,-128.0797184,mud,y,200,sp,macroalgae,algae,macroalgae_mud,algae_mud,99.34,5.31212e-151,296,Metazoa,Arthropoda,Arthropoda,Calanoida,Paracalanidae,Paracalanus,0,0,TRUE,ASV536,6,NA
edna0030,ASV2818,motu2279,Araneae,Spider,class,1,1,1,NA,16,48,14,NA,NA,NA,NA,Araneae,Spider,2018_hab4_surface,hab4,beach_seine,2018-07-12,2018-07-11,2018,surface,3,edna_hab4_30,surface,biological,15.9,26.09,8.45,NA,NA,NA,5.8,1000,0,51.66465401,-128.0797184,mud,y,200,sp,macroalgae,algae,macroalgae_mud,algae_mud,93.33,8.47668e-20,60,Metazoa,Arthropoda,Arthropoda,NA,NA,NA,NA,NA,TRUE,ASV2818,1,NA
edna0030,ASV1391,motu1175,Cistenides granulata,Trumpet worm,species,1,NA,1,1,15,NA,6,NA,NA,NA,6,Cistenides granulata,Trumpet worm,2018_hab4_surface,hab4,beach_seine,2018-07-12,2018-07-11,2018,surface,3,edna_hab4_30,surface,biological,15.9,26.09,8.45,NA,NA,NA,5.8,1000,0,51.66465401,-128.0797184,mud,y,200,sp,macroalgae,algae,macroalgae_mud,algae_mud,100,2.51921e-159,311,Metazoa,Annelida,Polychaeta,Terebellida,Pectinariidae,Pectinaria,0,0,TRUE,ASV1391,1,Cistenides granulata
edna0030,ASV1714,motu1432,Pleurobrachia bachei,Pacific sea gooseberry,species,1,1,1,1,8,15,7,NA,6,NA,NA,Pleurobrachia bachei,Pacific sea gooseberry,2018_hab4_surface,hab4,beach_seine,2018-07-12,2018-07-11,2018,surface,3,edna_hab4_30,surface,biological,15.9,26.09,8.45,NA,NA,NA,5.8,1000,0,51.66465401,-128.0797184,mud,y,200,sp,macroalgae,algae,macroalgae_mud,algae_mud,99.68,9.126599999999999e-159,310,Metazoa,Ctenophora,Tentaculata,Cydippida,Cydippidae,Pleurobrachia,0,0,TRUE,ASV1714,1,Pleurobrachia bachei
edna0030,ASV3161,motu2534,Membranipora membranacea,Coffin box bryozoan,species,1,1,NA,NA,8,17,NA,NA,NA,NA,NA,Membranipora membranacea,Coffin box bryozoan,2018_hab4_surface,hab4,beach_seine,2018-07-12,2018-07-11,2018,surface,3,edna_hab4_30,surface,biological,15.9,26.09,8.45,NA,NA,NA,5.8,1000,0,51.66465401,-128.0797184,mud,y,200,sp,macroalgae,algae,macroalgae_mud,algae_mud,100,9.252979999999995e-139,274,Metazoa,Bryozoa,Gymnolaemata,Cheilostomatida,Membraniporidae,Membranipora,0,0,TRUE,ASV3161,1,Membranipora membranacea
edna0030,ASV3356,motu2675,Chaetognatha,Arrow worm,phylum,1,NA,NA,NA,8,NA,NA,NA,NA,NA,NA,Chaetognatha,Arrow worm,2018_hab4_surface,hab4,beach_seine,2018-07-12,2018-07-11,2018,surface,3,edna_hab4_30,surface,biological,15.9,26.09,8.45,NA,NA,NA,5.8,1000,0,51.66465401,-128.0797184,mud,y,200,sp,macroalgae,algae,macroalgae_mud,algae_mud,98.01,1.6078299999999998e-91,189,Metazoa,Chaetognatha,NA,NA,NA,NA,0,0,TRUE,ASV3356,1,NA
edna0030,ASV4086,motu3205,Membranipora membranacea,Coffin box bryozoan,species,1,1,NA,NA,6,9,NA,NA,NA,NA,NA,Membranipora membranacea,Coffin box bryozoan,2018_hab4_surface,hab4,beach_seine,2018-07-12,2018-07-11,2018,surface,3,edna_hab4_30,surface,biological,15.9,26.09,8.45,NA,NA,NA,5.8,1000,0,51.66465401,-128.0797184,mud,y,200,sp,macroalgae,algae,macroalgae_mud,algae_mud,100,9.252979999999995e-139,274,Metazoa,Bryozoa,Gymnolaemata,Cheilostomatida,Membraniporidae,Membranipora,0,0,TRUE,ASV4086,1,Membranipora membranacea
edna0031,ASV34,motu31,Centropages abdominalis,Calanoid copepod,species,1,1,1,1,171,296,112,253,162,NA,148,Centropages abdominalis,Calanoid copepod,2018_pba_surface,pba,beach_seine,2018-07-12,2018-07-10,2018,surface,1,edna_pba_00,surface,biological,16.5,26.11,8.44,NA,NA,NA,5.8,1000,0,51.64670412,-128.1188409,mud,y,180,p,seagrass,zostera,seagrass_mud,zostera_mud,100,1.96163e-160,313,Metazoa,Arthropoda,Copepoda,Calanoida,Centropagidae,Centropages,0,0,TRUE,ASV34,19,Centropages abdominalis
edna0031,ASV143,motu128,Centropages abdominalis,Calanoid copepod,species,1,1,NA,NA,162,318,NA,NA,NA,NA,NA,Centropages abdominalis,Calanoid copepod,2018_pba_surface,pba,beach_seine,2018-07-12,2018-07-10,2018,surface,1,edna_pba_00,surface,biological,16.5,26.11,8.44,NA,NA,NA,5.8,1000,0,51.64670412,-128.1188409,mud,y,180,p,seagrass,zostera,seagrass_mud,zostera_mud,100,1.96163e-160,313,Metazoa,Arthropoda,Copepoda,Calanoida,Centropagidae,Centropages,0,0,TRUE,ASV143,11,Centropages abdominalis
edna0031,ASV258,motu228,Lensia,Siphonophore,genus,1,1,NA,NA,108,151,NA,NA,NA,NA,NA,Lensia,Siphonophore,2018_pba_surface,pba,beach_seine,2018-07-12,2018-07-10,2018,surface,1,edna_pba_00,surface,biological,16.5,26.11,8.44,NA,NA,NA,5.8,1000,0,51.64670412,-128.1188409,mud,y,180,p,seagrass,zostera,seagrass_mud,zostera_mud,100,0.00408744,30,Metazoa,Cnidaria,Cnidaria,Siphonophorae,Diphyidae,Lensia,0,0,TRUE,ASV258,1,NA
edna0031,ASV131,motu117,Lensia,Siphonophore,genus,1,1,1,1,104,175,73,NA,59,NA,51,Lensia,Siphonophore,2018_pba_surface,pba,beach_seine,2018-07-12,2018-07-10,2018,surface,1,edna_pba_00,surface,biological,16.5,26.11,8.44,NA,NA,NA,5.8,1000,0,51.64670412,-128.1188409,mud,y,180,p,seagrass,zostera,seagrass_mud,zostera_mud,100,0.00408744,30,Metazoa,Cnidaria,Cnidaria,Siphonophorae,Diphyidae,Lensia,0,0,TRUE,ASV131,2,NA
edna0031,ASV226,motu199,Mytilus trossulus,Bay mussel,species,1,1,1,1,83,145,54,131,91,NA,93,Mytilus trossulus,Bay mussel,2018_pba_surface,pba,beach_seine,2018-07-12,2018-07-10,2018,surface,1,edna_pba_00,surface,biological,16.5,26.11,8.44,NA,NA,NA,5.8,1000,0,51.64670412,-128.1188409,mud,y,180,p,seagrass,zostera,seagrass_mud,zostera_mud,100,3.2351099999999996e-158,309,Metazoa,Mollusca,Mollusca,Mytilida,Mytilidae,Mytilus,0,0,TRUE,ASV226,18,Mytilus trossulus
edna0031,ASV216,motu190,Mytilus trossulus,Bay mussel,species,1,1,1,1,55,138,62,139,112,NA,87,Mytilus trossulus,Bay mussel,2018_pba_surface,pba,beach_seine,2018-07-12,2018-07-10,2018,surface,1,edna_pba_00,surface,biological,16.5,26.11,8.44,NA,NA,NA,5.8,1000,0,51.64670412,-128.1188409,mud,y,180,p,seagrass,zostera,seagrass_mud,zostera_mud,100,3.2351099999999996e-158,309,Metazoa,Mollusca,Mollusca,Mytilida,Mytilidae,Mytilus,0,0,TRUE,ASV216,23,Mytilus trossulus
edna0031,ASV233,motu74,Euchlanidae,Rotifer,family,1,1,1,1,85,168,42,NA,NA,NA,74,No Results,No Results,2018_pba_surface,pba,beach_seine,2018-07-12,2018-07-10,2018,surface,1,edna_pba_00,surface,biological,16.5,26.11,8.44,NA,NA,NA,5.8,1000,0,51.64670412,-128.1188409,mud,y,180,p,seagrass,zostera,seagrass_mud,zostera_mud,91.35,3.005919999999998e-29,77,Metazoa,Rotifera,Rotifera,Ploima,Euchlanidae,NA,1,NA,TRUE,ASV84,2,NA
edna0031,ASV270,motu199,Mytilus,Mussel species,genus,1,1,NA,NA,45,51,NA,NA,NA,NA,NA,Mytilus trossulus,Bay mussel,2018_pba_surface,pba,beach_seine,2018-07-12,2018-07-10,2018,surface,1,edna_pba_00,surface,biological,16.5,26.11,8.44,NA,NA,NA,5.8,1000,0,51.64670412,-128.1188409,mud,y,180,p,seagrass,zostera,seagrass_mud,zostera_mud,100,3.2351099999999996e-158,309,Metazoa,Mollusca,Mollusca,Mytilida,Mytilidae,Mytilus,0,0,TRUE,ASV226,18,NA
edna0031,ASV452,motu183,Euchlanidae,Rotifer,family,1,1,NA,NA,62,135,NA,NA,NA,NA,NA,No Results,No Results,2018_pba_surface,pba,beach_seine,2018-07-12,2018-07-10,2018,surface,1,edna_pba_00,surface,biological,16.5,26.11,8.44,NA,NA,NA,5.8,1000,0,51.64670412,-128.1188409,mud,y,180,p,seagrass,zostera,seagrass_mud,zostera_mud,91.35,3.005919999999998e-29,77,Metazoa,Rotifera,Rotifera,Ploima,Euchlanidae,NA,1,NA,TRUE,ASV208,2,NA
edna0031,ASV324,motu285,Paracalanus parvus parvus,Calanoid copepod,species,1,1,NA,1,42,55,NA,111,62,NA,45,Paracalanus parvus parvus,Calanoid copepod,2018_pba_surface,pba,beach_seine,2018-07-12,2018-07-10,2018,surface,1,edna_pba_00,surface,biological,16.5,26.11,8.44,NA,NA,NA,5.8,1000,0,51.64670412,-128.1188409,mud,y,180,p,seagrass,zostera,seagrass_mud,zostera_mud,100,1.17454e-132,263,Metazoa,Arthropoda,Copepoda,Calanoida,Paracalanidae,Paracalanus,0,0,TRUE,ASV324,6,Paracalanus parvus parvus
edna0031,ASV536,motu470,Paracalanus parvus parvus,Calanoid copepod,species,1,1,NA,NA,36,57,NA,NA,NA,NA,NA,Paracalanus parvus parvus,Calanoid copepod,2018_pba_surface,pba,beach_seine,2018-07-12,2018-07-10,2018,surface,1,edna_pba_00,surface,biological,16.5,26.11,8.44,NA,NA,NA,5.8,1000,0,51.64670412,-128.1188409,mud,y,180,p,seagrass,zostera,seagrass_mud,zostera_mud,100,1.17454e-132,263,Metazoa,Arthropoda,Copepoda,Calanoida,Paracalanidae,Paracalanus,0,0,TRUE,ASV536,6,Paracalanus parvus parvus
edna0031,ASV398,motu350,Synchaeta pectinata,Rotifer,species,1,NA,NA,1,4,NA,NA,7,NA,NA,9,Synchaeta pectinata,Rotifer,2018_pba_surface,pba,beach_seine,2018-07-12,2018-07-10,2018,surface,1,edna_pba_00,surface,biological,16.5,26.11,8.44,NA,NA,NA,5.8,1000,0,51.64670412,-128.1188409,mud,y,180,p,seagrass,zostera,seagrass_mud,zostera_mud,90.48,1.6452299999999999e-111,225,Metazoa,Rotifera,Eurotatoria,Ploima,Synchaetidae,Synchaeta,0,0,TRUE,ASV398,4,Synchaeta pectinata
edna0031,ASV417,motu213,Balanus glandula,Acorn barnacle,species,1,1,1,1,177,303,94,163,125,NA,156,Balanus glandula,Acorn barnacle,2018_pba_surface,pba,beach_seine,2018-07-12,2018-07-10,2018,surface,1,edna_pba_00,surface,biological,16.5,26.11,8.44,NA,NA,NA,5.8,1000,0,51.64670412,-128.1188409,mud,y,180,p,seagrass,zostera,seagrass_mud,zostera_mud,99.68,1.5051499999999994e-156,306,Metazoa,Arthropoda,Thecostraca,Balanomorpha,Balanidae,Balanus,0,0,TRUE,ASV242,15,Balanus glandula
edna0031,ASV760,motu394,Balanus glandula,Acorn barnacle,species,1,1,NA,NA,158,294,NA,NA,NA,NA,NA,Balanus glandula,Acorn barnacle,2018_pba_surface,pba,beach_seine,2018-07-12,2018-07-10,2018,surface,1,edna_pba_00,surface,biological,16.5,26.11,8.44,NA,NA,NA,5.8,1000,0,51.64670412,-128.1188409,mud,y,180,p,seagrass,zostera,seagrass_mud,zostera_mud,99.68,1.5051499999999994e-156,306,Metazoa,Arthropoda,Thecostraca,Balanomorpha,Balanidae,Balanus,0,0,TRUE,ASV447,12,Balanus glandula
edna0031,ASV865,motu753,Parastenocarididae,Harpacticoid copepod,family,1,1,NA,NA,33,63,NA,NA,NA,NA,NA,Parastenocarididae,Harpacticoid copepod,2018_pba_surface,pba,beach_seine,2018-07-12,2018-07-10,2018,surface,1,edna_pba_00,surface,biological,16.5,26.11,8.44,NA,NA,NA,5.8,1000,0,51.64670412,-128.1188409,mud,y,180,p,seagrass,zostera,seagrass_mud,zostera_mud,94.59,0.00408744,30,Metazoa,Arthropoda,Arthropoda,Harpacticoida,Parastenocarididae,NA,1,0,TRUE,ASV865,1,NA
edna0031,ASV731,motu407,Kellia suborbicularis,Suborbicular kellyclam,species,1,1,NA,1,3,5,NA,11,NA,NA,8,Kellia suborbicularis,Suborbicular kellyclam,2018_pba_surface,pba,beach_seine,2018-07-12,2018-07-10,2018,surface,1,edna_pba_00,surface,biological,16.5,26.11,8.44,NA,NA,NA,5.8,1000,0,51.64670412,-128.1188409,mud,y,180,p,seagrass,zostera,seagrass_mud,zostera_mud,98.72,9.19139e-154,301,Metazoa,Mollusca,Bivalvia,Galeommatida,Lasaeidae,Kellia,0,0,TRUE,ASV462,4,Kellia suborbicularis
edna0031,ASV750,motu654,Orobdella,Freshwater leech,genus,1,1,1,NA,9,6,4,NA,NA,NA,NA,Orobdella,Freshwater leech,2018_pba_surface,pba,beach_seine,2018-07-12,2018-07-10,2018,surface,1,edna_pba_00,surface,biological,16.5,26.11,8.44,NA,NA,NA,5.8,1000,0,51.64670412,-128.1188409,mud,y,180,p,seagrass,zostera,seagrass_mud,zostera_mud,97.06,0.00121031,31,Metazoa,Annelida,Annelida,Erpobdelliformes,Orobdellidae,Orobdella,NA,NA,TRUE,ASV750,1,NA
edna0031,ASV674,motu334,Synchaeta pectinata,Rotifer,species,1,NA,NA,1,4,NA,NA,NA,6,NA,NA,Synchaeta pectinata,Rotifer,2018_pba_surface,pba,beach_seine,2018-07-12,2018-07-10,2018,surface,1,edna_pba_00,surface,biological,16.5,26.11,8.44,NA,NA,NA,5.8,1000,0,51.64670412,-128.1188409,mud,y,180,p,seagrass,zostera,seagrass_mud,zostera_mud,90.79,3.5361899999999996e-113,228,Metazoa,Rotifera,Eurotatoria,Ploima,Synchaetidae,Synchaeta,0,0,TRUE,ASV377,5,Synchaeta pectinata
edna0031,ASV772,motu672,Parastenocarididae,Harpacticoid copepod,family,1,1,NA,NA,31,56,NA,NA,NA,NA,NA,Parastenocarididae,Harpacticoid copepod,2018_pba_surface,pba,beach_seine,2018-07-12,2018-07-10,2018,surface,1,edna_pba_00,surface,biological,16.5,26.11,8.44,NA,NA,NA,5.8,1000,0,51.64670412,-128.1188409,mud,y,180,p,seagrass,zostera,seagrass_mud,zostera_mud,94.59,0.00408744,30,Metazoa,Arthropoda,Arthropoda,Harpacticoida,Parastenocarididae,NA,1,0,TRUE,ASV772,1,NA
edna0031,ASV679,motu591,Phyllodocida,Polychaete,order,1,NA,1,NA,14,NA,9,NA,NA,NA,NA,Phyllodocida,Polychaete,2018_pba_surface,pba,beach_seine,2018-07-12,2018-07-10,2018,surface,1,edna_pba_00,surface,biological,16.5,26.11,8.44,NA,NA,NA,5.8,1000,0,51.64670412,-128.1188409,mud,y,180,p,seagrass,zostera,seagrass_mud,zostera_mud,100,0.0603188,28,Metazoa,Annelida,Annelida,Phyllodocida,NA,NA,0,0,TRUE,ASV679,1,NA
edna0031,ASV1040,motu897,Oithona similis,Cyclopoid copepod,species,1,1,1,1,27,49,11,22,17,NA,43,Oithona similis,Cyclopoid copepod,2018_pba_surface,pba,beach_seine,2018-07-12,2018-07-10,2018,surface,1,edna_pba_00,surface,biological,16.5,26.11,8.44,NA,NA,NA,5.8,1000,0,51.64670412,-128.1188409,mud,y,180,p,seagrass,zostera,seagrass_mud,zostera_mud,96.17,2.0179399999999996e-140,277,Metazoa,Arthropoda,Copepoda,Cyclopoida,Oithonidae,Oithona,0,0,TRUE,ASV1040,1,Oithona similis
edna0031,ASV1384,motu1168,Membranipora membranacea,Coffin box bryozoan,species,1,1,NA,NA,10,20,NA,NA,NA,NA,NA,Membranipora membranacea,Coffin box bryozoan,2018_pba_surface,pba,beach_seine,2018-07-12,2018-07-10,2018,surface,1,edna_pba_00,surface,biological,16.5,26.11,8.44,NA,NA,NA,5.8,1000,0,51.64670412,-128.1188409,mud,y,180,p,seagrass,zostera,seagrass_mud,zostera_mud,100,9.252979999999995e-139,274,Metazoa,Bryozoa,Gymnolaemata,Cheilostomatida,Membraniporidae,Membranipora,0,0,TRUE,ASV1384,2,Membranipora membranacea
edna0031,ASV1445,motu1221,Cistenides granulata,Trumpet worm,species,1,1,1,NA,19,45,17,NA,NA,NA,NA,Cistenides granulata,Trumpet worm,2018_pba_surface,pba,beach_seine,2018-07-12,2018-07-10,2018,surface,1,edna_pba_00,surface,biological,16.5,26.11,8.44,NA,NA,NA,5.8,1000,0,51.64670412,-128.1188409,mud,y,180,p,seagrass,zostera,seagrass_mud,zostera_mud,100,1.4886099999999998e-156,306,Metazoa,Annelida,Polychaeta,Terebellida,Pectinariidae,Pectinaria,0,0,TRUE,ASV1445,1,Cistenides granulata
edna0031,ASV1502,motu1269,Oithona similis,Cyclopoid copepod,species,1,1,NA,NA,28,35,NA,NA,NA,NA,NA,Oithona similis,Cyclopoid copepod,2018_pba_surface,pba,beach_seine,2018-07-12,2018-07-10,2018,surface,1,edna_pba_00,surface,biological,16.5,26.11,8.44,NA,NA,NA,5.8,1000,0,51.64670412,-128.1188409,mud,y,180,p,seagrass,zostera,seagrass_mud,zostera_mud,96.17,2.0179399999999996e-140,277,Metazoa,Arthropoda,Copepoda,Cyclopoida,Oithonidae,Oithona,0,0,TRUE,ASV1502,1,Oithona similis
edna0031,ASV1712,motu1430,Cistenides granulata,Trumpet worm,species,1,1,NA,NA,24,30,NA,NA,NA,NA,NA,Cistenides granulata,Trumpet worm,2018_pba_surface,pba,beach_seine,2018-07-12,2018-07-10,2018,surface,1,edna_pba_00,surface,biological,16.5,26.11,8.44,NA,NA,NA,5.8,1000,0,51.64670412,-128.1188409,mud,y,180,p,seagrass,zostera,seagrass_mud,zostera_mud,100,1.96163e-160,313,Metazoa,Annelida,Polychaeta,Terebellida,Pectinariidae,Pectinaria,0,0,TRUE,ASV1712,1,Cistenides granulata
edna0031,ASV1059,motu911,Pleurobrachia bachei,Pacific sea gooseberry,species,1,1,NA,1,12,19,NA,35,22,NA,20,Pleurobrachia bachei,Pacific sea gooseberry,2018_pba_surface,pba,beach_seine,2018-07-12,2018-07-10,2018,surface,1,edna_pba_00,surface,biological,16.5,26.11,8.44,NA,NA,NA,5.8,1000,0,51.64670412,-128.1188409,mud,y,180,p,seagrass,zostera,seagrass_mud,zostera_mud,100,1.96163e-160,313,Metazoa,Ctenophora,Tentaculata,Cydippida,Cydippidae,Pleurobrachia,0,0,TRUE,ASV1059,3,Pleurobrachia bachei
edna0031,ASV847,motu737,Haminoea vesicula,Blister glassy-bubble,species,1,1,1,1,63,100,48,93,97,NA,104,Haminoea vesicula,Blister glassy-bubble,2018_pba_surface,pba,beach_seine,2018-07-12,2018-07-10,2018,surface,1,edna_pba_00,surface,biological,16.5,26.11,8.44,NA,NA,NA,5.8,1000,0,51.64670412,-128.1188409,mud,y,180,p,seagrass,zostera,seagrass_mud,zostera_mud,100,1.96163e-160,313,Metazoa,Mollusca,Mollusca,Cephalaspidea,Haminoeidae,Haminoea,0,0,TRUE,ASV847,1,Haminoea vesicula
edna0031,ASV871,motu757,Haminoea vesicula,Blister glassy-bubble,species,1,1,1,1,42,96,36,68,79,NA,115,Haminoea vesicula,Blister glassy-bubble,2018_pba_surface,pba,beach_seine,2018-07-12,2018-07-10,2018,surface,1,edna_pba_00,surface,biological,16.5,26.11,8.44,NA,NA,NA,5.8,1000,0,51.64670412,-128.1188409,mud,y,180,p,seagrass,zostera,seagrass_mud,zostera_mud,100,1.96163e-160,313,Metazoa,Mollusca,Mollusca,Cephalaspidea,Haminoeidae,Haminoea,0,0,TRUE,ASV871,1,Haminoea vesicula
edna0031,ASV1748,motu1459,Chaetognatha,Arrow worm,phylum,1,1,NA,NA,14,12,NA,NA,NA,NA,NA,Chaetognatha,Arrow worm,2018_pba_surface,pba,beach_seine,2018-07-12,2018-07-10,2018,surface,1,edna_pba_00,surface,biological,16.5,26.11,8.44,NA,NA,NA,5.8,1000,0,51.64670412,-128.1188409,mud,y,180,p,seagrass,zostera,seagrass_mud,zostera_mud,95.02,1.63074e-81,171,Metazoa,Chaetognatha,NA,NA,NA,NA,0,0,TRUE,ASV1748,1,NA
edna0031,ASV1492,motu1259,Membranipora membranacea,Coffin box bryozoan,species,1,1,NA,NA,9,11,NA,NA,NA,NA,NA,Membranipora membranacea,Coffin box bryozoan,2018_pba_surface,pba,beach_seine,2018-07-12,2018-07-10,2018,surface,1,edna_pba_00,surface,biological,16.5,26.11,8.44,NA,NA,NA,5.8,1000,0,51.64670412,-128.1188409,mud,y,180,p,seagrass,zostera,seagrass_mud,zostera_mud,100,9.252979999999995e-139,274,Metazoa,Bryozoa,Gymnolaemata,Cheilostomatida,Membraniporidae,Membranipora,0,0,TRUE,ASV1492,2,Membranipora membranacea
edna0031,ASV1563,motu1317,Centropages abdominalis,Calanoid copepod,species,1,1,1,1,43,63,26,59,45,NA,50,Centropages abdominalis,Calanoid copepod,2018_pba_surface,pba,beach_seine,2018-07-12,2018-07-10,2018,surface,1,edna_pba_00,surface,biological,16.5,26.11,8.44,NA,NA,NA,5.8,1000,0,51.64670412,-128.1188409,mud,y,180,p,seagrass,zostera,seagrass_mud,zostera_mud,100,1.96163e-160,313,Metazoa,Arthropoda,Copepoda,Calanoida,Centropagidae,Centropages,0,0,TRUE,ASV1563,1,Centropages abdominalis
edna0031,ASV2402,motu1965,Chaetognatha,Arrow worm,phylum,1,NA,NA,NA,13,NA,NA,NA,NA,NA,NA,Chaetognatha,Arrow worm,2018_pba_surface,pba,beach_seine,2018-07-12,2018-07-10,2018,surface,1,edna_pba_00,surface,biological,16.5,26.11,8.44,NA,NA,NA,5.8,1000,0,51.64670412,-128.1188409,mud,y,180,p,seagrass,zostera,seagrass_mud,zostera_mud,96.52,1.6192399999999998e-86,180,Metazoa,Chaetognatha,NA,NA,NA,NA,0,0,TRUE,ASV2402,1,NA
edna0031,ASV1569,motu1322,Clinocardium nuttallii,Basket cockle,species,1,1,1,1,10,22,6,43,43,NA,54,Clinocardium nuttallii,Basket cockle,2018_pba_surface,pba,beach_seine,2018-07-12,2018-07-10,2018,surface,1,edna_pba_00,surface,biological,16.5,26.11,8.44,NA,NA,NA,5.8,1000,0,51.64670412,-128.1188409,mud,y,180,p,seagrass,zostera,seagrass_mud,zostera_mud,100,2.4540699999999983e-154,302,Metazoa,Mollusca,Bivalvia,Cardiida,Cardiidae,Clinocardium,0,0,TRUE,ASV1569,2,Clinocardium nuttallii
edna0031,ASV2651,motu2153,Clinocardium nuttallii,Basket cockle,species,1,1,NA,NA,18,20,NA,NA,NA,NA,NA,Clinocardium nuttallii,Basket cockle,2018_pba_surface,pba,beach_seine,2018-07-12,2018-07-10,2018,surface,1,edna_pba_00,surface,biological,16.5,26.11,8.44,NA,NA,NA,5.8,1000,0,51.64670412,-128.1188409,mud,y,180,p,seagrass,zostera,seagrass_mud,zostera_mud,100,2.4540699999999983e-154,302,Metazoa,Mollusca,Bivalvia,Cardiida,Cardiidae,Clinocardium,0,0,TRUE,ASV2651,1,Clinocardium nuttallii
edna0031,ASV1587,motu1337,Armandia brevis,Opheliid polychaete,species,1,NA,NA,1,4,NA,NA,NA,NA,NA,5,Armandia brevis,Opheliid polychaete,2018_pba_surface,pba,beach_seine,2018-07-12,2018-07-10,2018,surface,1,edna_pba_00,surface,biological,16.5,26.11,8.44,NA,NA,NA,5.8,1000,0,51.64670412,-128.1188409,mud,y,180,p,seagrass,zostera,seagrass_mud,zostera_mud,100,2.1076299999999988e-175,340,Metazoa,Annelida,Polychaeta,NA,Opheliidae,Armandia,0,0,TRUE,ASV1587,2,Armandia brevis
edna0031,ASV2710,motu2196,Centropages abdominalis,Calanoid copepod,species,1,1,NA,NA,40,84,NA,NA,NA,NA,NA,Centropages abdominalis,Calanoid copepod,2018_pba_surface,pba,beach_seine,2018-07-12,2018-07-10,2018,surface,1,edna_pba_00,surface,biological,16.5,26.11,8.44,NA,NA,NA,5.8,1000,0,51.64670412,-128.1188409,mud,y,180,p,seagrass,zostera,seagrass_mud,zostera_mud,100,1.96163e-160,313,Metazoa,Arthropoda,Copepoda,Calanoida,Centropagidae,Centropages,0,0,TRUE,ASV2710,1,Centropages abdominalis
edna0031,ASV3048,motu2456,Semibalanus balanoides,Common rock barnacle,species,1,NA,NA,NA,4,NA,NA,NA,NA,NA,NA,Semibalanus balanoides,Common rock barnacle,2018_pba_surface,pba,beach_seine,2018-07-12,2018-07-10,2018,surface,1,edna_pba_00,surface,biological,16.5,26.11,8.44,NA,NA,NA,5.8,1000,0,51.64670412,-128.1188409,mud,y,180,p,seagrass,zostera,seagrass_mud,zostera_mud,100,1.96163e-160,313,Metazoa,Arthropoda,Thecostraca,Balanomorpha,Balanidae,Semibalanus,0,0,TRUE,ASV3048,1,Semibalanus balanoides
edna0031,ASV4710,motu3650,Pleurobrachia bachei,Pacific sea gooseberry,species,1,NA,NA,NA,15,NA,NA,NA,NA,NA,NA,Pleurobrachia bachei,Pacific sea gooseberry,2018_pba_surface,pba,beach_seine,2018-07-12,2018-07-10,2018,surface,1,edna_pba_00,surface,biological,16.5,26.11,8.44,NA,NA,NA,5.8,1000,0,51.64670412,-128.1188409,mud,y,180,p,seagrass,zostera,seagrass_mud,zostera_mud,99.36,4.246189999999999e-157,307,Metazoa,Ctenophora,Tentaculata,Cydippida,Cydippidae,Pleurobrachia,0,0,TRUE,ASV4710,1,Pleurobrachia bachei
edna0031,ASV2928,motu557,Macoma nasuta,Bent-nosed clam,species,1,1,1,1,11,31,5,38,11,NA,27,Macoma nasuta,Bent-nosed clam,2018_pba_surface,pba,beach_seine,2018-07-12,2018-07-10,2018,surface,1,edna_pba_00,surface,biological,16.5,26.11,8.44,NA,NA,NA,5.8,1000,0,51.64670412,-128.1188409,mud,y,180,p,seagrass,zostera,seagrass_mud,zostera_mud,99.36,4.246189999999999e-157,307,Metazoa,Mollusca,Bivalvia,Cardiida,Tellinidae,Macoma,0,0,TRUE,ASV643,4,Macoma nasuta
edna0032,ASV25,motu22,Acartia (Acartiura) longiremis,Calanoid copepod,species,1,1,1,1,394,785,140,325,207,NA,297,Acartia (Acartiura) longiremis,Calanoid copepod,2018_pba_depth,pba,beach_seine,2018-07-12,2018-07-10,2018,depth,1,edna_pba_15,depth,biological,12.9,26.46,8.3,NA,NA,NA,5.8,1000,0,51.64655803,-128.1188964,mud,y,180,p,seagrass,zostera,seagrass_mud,zostera_mud,100,1.96163e-160,313,Metazoa,Arthropoda,Copepoda,Calanoida,Acartiidae,Acartia,0,0,TRUE,ASV25,27,Acartia (Acartiura) longiremis
edna0032,ASV81,motu71,Acartia (Acartiura) longiremis,Calanoid copepod,species,1,1,NA,NA,394,720,NA,NA,NA,NA,NA,Acartia (Acartiura) longiremis,Calanoid copepod,2018_pba_depth,pba,beach_seine,2018-07-12,2018-07-10,2018,depth,1,edna_pba_15,depth,biological,12.9,26.46,8.3,NA,NA,NA,5.8,1000,0,51.64655803,-128.1188964,mud,y,180,p,seagrass,zostera,seagrass_mud,zostera_mud,100,1.96163e-160,313,Metazoa,Arthropoda,Copepoda,Calanoida,Acartiidae,Acartia,0,0,TRUE,ASV81,23,Acartia (Acartiura) longiremis
edna0032,ASV34,motu31,Centropages abdominalis,Calanoid copepod,species,1,1,1,1,90,198,61,80,111,NA,80,Centropages abdominalis,Calanoid copepod,2018_pba_depth,pba,beach_seine,2018-07-12,2018-07-10,2018,depth,1,edna_pba_15,depth,biological,12.9,26.46,8.3,NA,NA,NA,5.8,1000,0,51.64655803,-128.1188964,mud,y,180,p,seagrass,zostera,seagrass_mud,zostera_mud,100,1.96163e-160,313,Metazoa,Arthropoda,Copepoda,Calanoida,Centropagidae,Centropages,0,0,TRUE,ASV34,19,Centropages abdominalis
edna0032,ASV143,motu128,Centropages abdominalis,Calanoid copepod,species,1,1,NA,NA,98,176,NA,NA,NA,NA,NA,Centropages abdominalis,Calanoid copepod,2018_pba_depth,pba,beach_seine,2018-07-12,2018-07-10,2018,depth,1,edna_pba_15,depth,biological,12.9,26.46,8.3,NA,NA,NA,5.8,1000,0,51.64655803,-128.1188964,mud,y,180,p,seagrass,zostera,seagrass_mud,zostera_mud,100,1.96163e-160,313,Metazoa,Arthropoda,Copepoda,Calanoida,Centropagidae,Centropages,0,0,TRUE,ASV143,11,Centropages abdominalis
edna0032,ASV258,motu228,Lensia,Siphonophore,genus,1,1,NA,NA,82,173,NA,NA,NA,NA,NA,Lensia,Siphonophore,2018_pba_depth,pba,beach_seine,2018-07-12,2018-07-10,2018,depth,1,edna_pba_15,depth,biological,12.9,26.46,8.3,NA,NA,NA,5.8,1000,0,51.64655803,-128.1188964,mud,y,180,p,seagrass,zostera,seagrass_mud,zostera_mud,100,0.00408744,30,Metazoa,Cnidaria,Cnidaria,Siphonophorae,Diphyidae,Lensia,0,0,TRUE,ASV258,1,NA
edna0032,ASV131,motu117,Lensia,Siphonophore,genus,1,1,1,1,96,163,60,27,24,NA,85,Lensia,Siphonophore,2018_pba_depth,pba,beach_seine,2018-07-12,2018-07-10,2018,depth,1,edna_pba_15,depth,biological,12.9,26.46,8.3,NA,NA,NA,5.8,1000,0,51.64655803,-128.1188964,mud,y,180,p,seagrass,zostera,seagrass_mud,zostera_mud,100,0.00408744,30,Metazoa,Cnidaria,Cnidaria,Siphonophorae,Diphyidae,Lensia,0,0,TRUE,ASV131,2,NA
edna0032,ASV171,motu150,Pseudocalanus mimus,Calanoid copepod,species,1,1,1,1,58,127,49,62,99,NA,70,Pseudocalanus mimus,Calanoid copepod,2018_pba_depth,pba,beach_seine,2018-07-12,2018-07-10,2018,depth,1,edna_pba_15,depth,biological,12.9,26.46,8.3,NA,NA,NA,5.8,1000,0,51.64655803,-128.1188964,mud,y,180,p,seagrass,zostera,seagrass_mud,zostera_mud,99.67,9.19139e-154,301,Metazoa,Arthropoda,Copepoda,Calanoida,Clausocalanidae,Pseudocalanus,0,0,TRUE,ASV171,10,Pseudocalanus mimus
edna0032,ASV343,motu303,Pseudocalanus mimus,Calanoid copepod,species,1,1,NA,NA,60,116,NA,NA,NA,NA,NA,Pseudocalanus mimus,Calanoid copepod,2018_pba_depth,pba,beach_seine,2018-07-12,2018-07-10,2018,depth,1,edna_pba_15,depth,biological,12.9,26.46,8.3,NA,NA,NA,5.8,1000,0,51.64655803,-128.1188964,mud,y,180,p,seagrass,zostera,seagrass_mud,zostera_mud,99.67,9.19139e-154,301,Metazoa,Arthropoda,Copepoda,Calanoida,Clausocalanidae,Pseudocalanus,0,0,TRUE,ASV343,11,Pseudocalanus mimus
edna0032,ASV226,motu199,Mytilus trossulus,Bay mussel,species,1,1,1,1,56,80,42,36,33,NA,62,Mytilus trossulus,Bay mussel,2018_pba_depth,pba,beach_seine,2018-07-12,2018-07-10,2018,depth,1,edna_pba_15,depth,biological,12.9,26.46,8.3,NA,NA,NA,5.8,1000,0,51.64655803,-128.1188964,mud,y,180,p,seagrass,zostera,seagrass_mud,zostera_mud,100,3.2351099999999996e-158,309,Metazoa,Mollusca,Mollusca,Mytilida,Mytilidae,Mytilus,0,0,TRUE,ASV226,18,Mytilus trossulus
edna0032,ASV216,motu190,Mytilus trossulus,Bay mussel,species,1,1,NA,1,49,72,NA,33,52,NA,70,Mytilus trossulus,Bay mussel,2018_pba_depth,pba,beach_seine,2018-07-12,2018-07-10,2018,depth,1,edna_pba_15,depth,biological,12.9,26.46,8.3,NA,NA,NA,5.8,1000,0,51.64655803,-128.1188964,mud,y,180,p,seagrass,zostera,seagrass_mud,zostera_mud,100,3.2351099999999996e-158,309,Metazoa,Mollusca,Mollusca,Mytilida,Mytilidae,Mytilus,0,0,TRUE,ASV216,23,Mytilus trossulus
edna0032,ASV233,motu74,Euchlanidae,Rotifer,family,1,1,1,1,64,136,40,NA,40,NA,93,No Results,No Results,2018_pba_depth,pba,beach_seine,2018-07-12,2018-07-10,2018,depth,1,edna_pba_15,depth,biological,12.9,26.46,8.3,NA,NA,NA,5.8,1000,0,51.64655803,-128.1188964,mud,y,180,p,seagrass,zostera,seagrass_mud,zostera_mud,91.35,3.005919999999998e-29,77,Metazoa,Rotifera,Rotifera,Ploima,Euchlanidae,NA,1,NA,TRUE,ASV84,2,NA
edna0032,ASV205,motu181,Pseudocalanus mimus,Calanoid copepod,species,1,1,1,1,224,451,163,194,204,NA,314,Pseudocalanus mimus,Calanoid copepod,2018_pba_depth,pba,beach_seine,2018-07-12,2018-07-10,2018,depth,1,edna_pba_15,depth,biological,12.9,26.46,8.3,NA,NA,NA,5.8,1000,0,51.64655803,-128.1188964,mud,y,180,p,seagrass,zostera,seagrass_mud,zostera_mud,100,1.18898e-152,299,Metazoa,Arthropoda,Copepoda,Calanoida,Clausocalanidae,Pseudocalanus,0,0,TRUE,ASV205,8,Pseudocalanus mimus
edna0032,ASV416,motu366,Pseudocalanus mimus,Calanoid copepod,species,1,1,NA,1,223,446,NA,NA,NA,NA,117,Pseudocalanus mimus,Calanoid copepod,2018_pba_depth,pba,beach_seine,2018-07-12,2018-07-10,2018,depth,1,edna_pba_15,depth,biological,12.9,26.46,8.3,NA,NA,NA,5.8,1000,0,51.64655803,-128.1188964,mud,y,180,p,seagrass,zostera,seagrass_mud,zostera_mud,100,1.18898e-152,299,Metazoa,Arthropoda,Copepoda,Calanoida,Clausocalanidae,Pseudocalanus,0,0,TRUE,ASV416,7,Pseudocalanus mimus
edna0032,ASV452,motu183,Euchlanidae,Rotifer,family,1,1,NA,NA,67,112,NA,NA,NA,NA,NA,No Results,No Results,2018_pba_depth,pba,beach_seine,2018-07-12,2018-07-10,2018,depth,1,edna_pba_15,depth,biological,12.9,26.46,8.3,NA,NA,NA,5.8,1000,0,51.64655803,-128.1188964,mud,y,180,p,seagrass,zostera,seagrass_mud,zostera_mud,91.35,3.005919999999998e-29,77,Metazoa,Rotifera,Rotifera,Ploima,Euchlanidae,NA,1,NA,TRUE,ASV208,2,NA
edna0032,ASV324,motu285,Paracalanus parvus parvus,Calanoid copepod,species,1,1,NA,1,77,56,NA,NA,NA,NA,53,Paracalanus parvus parvus,Calanoid copepod,2018_pba_depth,pba,beach_seine,2018-07-12,2018-07-10,2018,depth,1,edna_pba_15,depth,biological,12.9,26.46,8.3,NA,NA,NA,5.8,1000,0,51.64655803,-128.1188964,mud,y,180,p,seagrass,zostera,seagrass_mud,zostera_mud,100,1.17454e-132,263,Metazoa,Arthropoda,Copepoda,Calanoida,Paracalanidae,Paracalanus,0,0,TRUE,ASV324,6,Paracalanus parvus parvus
edna0032,ASV377,motu334,Synchaeta pectinata,Rotifer,species,1,1,1,1,100,148,47,73,42,NA,102,Synchaeta pectinata,Rotifer,2018_pba_depth,pba,beach_seine,2018-07-12,2018-07-10,2018,depth,1,edna_pba_15,depth,biological,12.9,26.46,8.3,NA,NA,NA,5.8,1000,0,51.64655803,-128.1188964,mud,y,180,p,seagrass,zostera,seagrass_mud,zostera_mud,90.48,1.6452299999999999e-111,225,Metazoa,Rotifera,Eurotatoria,Ploima,Synchaetidae,Synchaeta,0,0,TRUE,ASV377,5,Synchaeta pectinata
edna0032,ASV520,motu457,Evasterias troschelii,False ochre star,species,1,1,1,1,739,1268,206,270,247,NA,395,Evasterias troschelii,False ochre star,2018_pba_depth,pba,beach_seine,2018-07-12,2018-07-10,2018,depth,1,edna_pba_15,depth,biological,12.9,26.46,8.3,NA,NA,NA,5.8,1000,0,51.64655803,-128.1188964,mud,y,180,p,seagrass,zostera,seagrass_mud,zostera_mud,100,1.96163e-160,313,Metazoa,Echinodermata,Asteroidea,Forcipulatida,Asteriidae,Evasterias,0,0,TRUE,ASV520,1,Evasterias troschelii
edna0032,ASV398,motu350,Synchaeta pectinata,Rotifer,species,1,1,1,1,94,139,42,82,36,NA,78,Synchaeta pectinata,Rotifer,2018_pba_depth,pba,beach_seine,2018-07-12,2018-07-10,2018,depth,1,edna_pba_15,depth,biological,12.9,26.46,8.3,NA,NA,NA,5.8,1000,0,51.64655803,-128.1188964,mud,y,180,p,seagrass,zostera,seagrass_mud,zostera_mud,90.48,1.6452299999999999e-111,225,Metazoa,Rotifera,Eurotatoria,Ploima,Synchaetidae,Synchaeta,0,0,TRUE,ASV398,4,Synchaeta pectinata
edna0032,ASV336,motu296,Pseudocalanus newmani,Calanoid copepod,species,1,1,NA,1,97,153,NA,90,58,NA,105,Pseudocalanus newmani,Calanoid copepod,2018_pba_depth,pba,beach_seine,2018-07-12,2018-07-10,2018,depth,1,edna_pba_15,depth,biological,12.9,26.46,8.3,NA,NA,NA,5.8,1000,0,51.64655803,-128.1188964,mud,y,180,p,seagrass,zostera,seagrass_mud,zostera_mud,100,1.96163e-160,313,Metazoa,Arthropoda,Copepoda,Calanoida,Clausocalanidae,Pseudocalanus,0,0,TRUE,ASV336,4,Pseudocalanus newmani
edna0032,ASV744,motu648,Evasterias troschelii,False ochre star,species,1,1,NA,NA,663,1265,NA,NA,NA,NA,NA,Evasterias troschelii,False ochre star,2018_pba_depth,pba,beach_seine,2018-07-12,2018-07-10,2018,depth,1,edna_pba_15,depth,biological,12.9,26.46,8.3,NA,NA,NA,5.8,1000,0,51.64655803,-128.1188964,mud,y,180,p,seagrass,zostera,seagrass_mud,zostera_mud,100,1.96163e-160,313,Metazoa,Echinodermata,Asteroidea,Forcipulatida,Asteriidae,Evasterias,0,0,TRUE,ASV744,1,Evasterias troschelii
edna0032,ASV739,motu643,Pseudocalanus mimus,Calanoid copepod,species,1,1,NA,NA,61,141,NA,NA,NA,NA,NA,Pseudocalanus mimus,Calanoid copepod,2018_pba_depth,pba,beach_seine,2018-07-12,2018-07-10,2018,depth,1,edna_pba_15,depth,biological,12.9,26.46,8.3,NA,NA,NA,5.8,1000,0,51.64655803,-128.1188964,mud,y,180,p,seagrass,zostera,seagrass_mud,zostera_mud,99.67,9.19139e-154,301,Metazoa,Arthropoda,Copepoda,Calanoida,Clausocalanidae,Pseudocalanus,0,0,TRUE,ASV739,3,Pseudocalanus mimus
edna0032,ASV435,motu383,Pseudocalanus mimus,Calanoid copepod,species,1,1,1,1,53,118,63,NA,NA,NA,104,Pseudocalanus mimus,Calanoid copepod,2018_pba_depth,pba,beach_seine,2018-07-12,2018-07-10,2018,depth,1,edna_pba_15,depth,biological,12.9,26.46,8.3,NA,NA,NA,5.8,1000,0,51.64655803,-128.1188964,mud,y,180,p,seagrass,zostera,seagrass_mud,zostera_mud,99.67,9.19139e-154,301,Metazoa,Arthropoda,Copepoda,Calanoida,Clausocalanidae,Pseudocalanus,0,0,TRUE,ASV435,4,Pseudocalanus mimus
edna0032,ASV632,motu22,Acartia (Acartiura) longiremis,Calanoid copepod,species,1,1,NA,NA,88,154,NA,NA,NA,NA,NA,Acartia (Acartiura) longiremis,Calanoid copepod,2018_pba_depth,pba,beach_seine,2018-07-12,2018-07-10,2018,depth,1,edna_pba_15,depth,biological,12.9,26.46,8.3,NA,NA,NA,5.8,1000,0,51.64655803,-128.1188964,mud,y,180,p,seagrass,zostera,seagrass_mud,zostera_mud,99.68,9.126599999999999e-159,310,Metazoa,Arthropoda,Copepoda,Calanoida,Acartiidae,Acartia,0,0,TRUE,ASV25,27,Acartia (Acartiura) longiremis
edna0032,ASV865,motu753,Parastenocarididae,Harpacticoid copepod,family,1,1,NA,NA,49,96,NA,NA,NA,NA,NA,Parastenocarididae,Harpacticoid copepod,2018_pba_depth,pba,beach_seine,2018-07-12,2018-07-10,2018,depth,1,edna_pba_15,depth,biological,12.9,26.46,8.3,NA,NA,NA,5.8,1000,0,51.64655803,-128.1188964,mud,y,180,p,seagrass,zostera,seagrass_mud,zostera_mud,94.59,0.00408744,30,Metazoa,Arthropoda,Arthropoda,Harpacticoida,Parastenocarididae,NA,1,0,TRUE,ASV865,1,NA
edna0032,ASV1793,motu150,Pseudocalanus mimus,Calanoid copepod,species,1,NA,NA,NA,14,NA,NA,NA,NA,NA,NA,Pseudocalanus mimus,Calanoid copepod,2018_pba_depth,pba,beach_seine,2018-07-12,2018-07-10,2018,depth,1,edna_pba_15,depth,biological,12.9,26.46,8.3,NA,NA,NA,5.8,1000,0,51.64655803,-128.1188964,mud,y,180,p,seagrass,zostera,seagrass_mud,zostera_mud,100,1.97556e-155,304,Metazoa,Arthropoda,Copepoda,Calanoida,Clausocalanidae,Pseudocalanus,0,0,TRUE,ASV171,10,Pseudocalanus mimus
edna0032,ASV952,motu71,Acartia (Acartiura) longiremis,Calanoid copepod,species,1,1,NA,NA,87,175,NA,NA,NA,NA,NA,Acartia (Acartiura) longiremis,Calanoid copepod,2018_pba_depth,pba,beach_seine,2018-07-12,2018-07-10,2018,depth,1,edna_pba_15,depth,biological,12.9,26.46,8.3,NA,NA,NA,5.8,1000,0,51.64655803,-128.1188964,mud,y,180,p,seagrass,zostera,seagrass_mud,zostera_mud,99.68,9.126599999999999e-159,310,Metazoa,Arthropoda,Copepoda,Calanoida,Acartiidae,Acartia,0,0,TRUE,ASV81,23,Acartia (Acartiura) longiremis
edna0032,ASV1883,motu303,Pseudocalanus mimus,Calanoid copepod,species,1,NA,NA,NA,7,NA,NA,NA,NA,NA,NA,Pseudocalanus mimus,Calanoid copepod,2018_pba_depth,pba,beach_seine,2018-07-12,2018-07-10,2018,depth,1,edna_pba_15,depth,biological,12.9,26.46,8.3,NA,NA,NA,5.8,1000,0,51.64655803,-128.1188964,mud,y,180,p,seagrass,zostera,seagrass_mud,zostera_mud,100,1.97556e-155,304,Metazoa,Arthropoda,Copepoda,Calanoida,Clausocalanidae,Pseudocalanus,0,0,TRUE,ASV343,11,Pseudocalanus mimus
edna0032,ASV1006,motu281,Pseudocalanus newmani,Calanoid copepod,species,1,1,NA,NA,79,166,NA,NA,NA,NA,NA,Pseudocalanus newmani,Calanoid copepod,2018_pba_depth,pba,beach_seine,2018-07-12,2018-07-10,2018,depth,1,edna_pba_15,depth,biological,12.9,26.46,8.3,NA,NA,NA,5.8,1000,0,51.64655803,-128.1188964,mud,y,180,p,seagrass,zostera,seagrass_mud,zostera_mud,99.68,9.126599999999999e-159,310,Metazoa,Arthropoda,Copepoda,Calanoida,Clausocalanidae,Pseudocalanus,0,0,TRUE,ASV320,6,Pseudocalanus newmani
edna0032,ASV1154,motu989,Eupolymnia heterobranchia,Brown intertidal spaghetti worm,species,1,1,NA,NA,6,4,NA,NA,NA,NA,NA,Eupolymnia heterobranchia,Brown intertidal spaghetti worm,2018_pba_depth,pba,beach_seine,2018-07-12,2018-07-10,2018,depth,1,edna_pba_15,depth,biological,12.9,26.46,8.3,NA,NA,NA,5.8,1000,0,51.64655803,-128.1188964,mud,y,180,p,seagrass,zostera,seagrass_mud,zostera_mud,100,1.4886099999999998e-156,306,Metazoa,Annelida,Polychaeta,Terebellida,Terebellidae,Eupolymnia,0,0,TRUE,ASV1154,3,Eupolymnia heterobranchia
edna0032,ASV772,motu672,Parastenocarididae,Harpacticoid copepod,family,1,1,1,NA,65,77,34,NA,NA,NA,NA,Parastenocarididae,Harpacticoid copepod,2018_pba_depth,pba,beach_seine,2018-07-12,2018-07-10,2018,depth,1,edna_pba_15,depth,biological,12.9,26.46,8.3,NA,NA,NA,5.8,1000,0,51.64655803,-128.1188964,mud,y,180,p,seagrass,zostera,seagrass_mud,zostera_mud,94.59,0.00408744,30,Metazoa,Arthropoda,Arthropoda,Harpacticoida,Parastenocarididae,NA,1,0,TRUE,ASV772,1,NA
edna0032,ASV1040,motu897,Oithona similis,Cyclopoid copepod,species,1,1,NA,1,22,21,NA,NA,NA,NA,32,Oithona similis,Cyclopoid copepod,2018_pba_depth,pba,beach_seine,2018-07-12,2018-07-10,2018,depth,1,edna_pba_15,depth,biological,12.9,26.46,8.3,NA,NA,NA,5.8,1000,0,51.64655803,-128.1188964,mud,y,180,p,seagrass,zostera,seagrass_mud,zostera_mud,96.17,2.0179399999999996e-140,277,Metazoa,Arthropoda,Copepoda,Cyclopoida,Oithonidae,Oithona,0,0,TRUE,ASV1040,1,Oithona similis
edna0032,ASV1502,motu1269,Oithona similis,Cyclopoid copepod,species,1,1,NA,NA,13,35,NA,NA,NA,NA,NA,Oithona similis,Cyclopoid copepod,2018_pba_depth,pba,beach_seine,2018-07-12,2018-07-10,2018,depth,1,edna_pba_15,depth,biological,12.9,26.46,8.3,NA,NA,NA,5.8,1000,0,51.64655803,-128.1188964,mud,y,180,p,seagrass,zostera,seagrass_mud,zostera_mud,96.17,2.0179399999999996e-140,277,Metazoa,Arthropoda,Copepoda,Cyclopoida,Oithonidae,Oithona,0,0,TRUE,ASV1502,1,Oithona similis
edna0032,ASV1059,motu911,Pleurobrachia bachei,Pacific sea gooseberry,species,1,1,1,1,5,18,3,19,17,NA,19,Pleurobrachia bachei,Pacific sea gooseberry,2018_pba_depth,pba,beach_seine,2018-07-12,2018-07-10,2018,depth,1,edna_pba_15,depth,biological,12.9,26.46,8.3,NA,NA,NA,5.8,1000,0,51.64655803,-128.1188964,mud,y,180,p,seagrass,zostera,seagrass_mud,zostera_mud,100,1.96163e-160,313,Metazoa,Ctenophora,Tentaculata,Cydippida,Cydippidae,Pleurobrachia,0,0,TRUE,ASV1059,3,Pleurobrachia bachei
edna0032,ASV847,motu737,Haminoea vesicula,Blister glassy-bubble,species,1,1,1,1,14,58,21,49,54,NA,74,Haminoea vesicula,Blister glassy-bubble,2018_pba_depth,pba,beach_seine,2018-07-12,2018-07-10,2018,depth,1,edna_pba_15,depth,biological,12.9,26.46,8.3,NA,NA,NA,5.8,1000,0,51.64655803,-128.1188964,mud,y,180,p,seagrass,zostera,seagrass_mud,zostera_mud,100,1.96163e-160,313,Metazoa,Mollusca,Mollusca,Cephalaspidea,Haminoeidae,Haminoea,0,0,TRUE,ASV847,1,Haminoea vesicula
edna0032,ASV1070,motu922,Pleurobrachia bachei,Pacific sea gooseberry,species,1,1,1,1,10,17,7,11,19,NA,24,Pleurobrachia bachei,Pacific sea gooseberry,2018_pba_depth,pba,beach_seine,2018-07-12,2018-07-10,2018,depth,1,edna_pba_15,depth,biological,12.9,26.46,8.3,NA,NA,NA,5.8,1000,0,51.64655803,-128.1188964,mud,y,180,p,seagrass,zostera,seagrass_mud,zostera_mud,100,1.96163e-160,313,Metazoa,Ctenophora,Tentaculata,Cydippida,Cydippidae,Pleurobrachia,0,0,TRUE,ASV1070,7,Pleurobrachia bachei
edna0032,ASV871,motu757,Haminoea vesicula,Blister glassy-bubble,species,1,1,1,1,30,68,24,54,48,NA,56,Haminoea vesicula,Blister glassy-bubble,2018_pba_depth,pba,beach_seine,2018-07-12,2018-07-10,2018,depth,1,edna_pba_15,depth,biological,12.9,26.46,8.3,NA,NA,NA,5.8,1000,0,51.64655803,-128.1188964,mud,y,180,p,seagrass,zostera,seagrass_mud,zostera_mud,100,1.96163e-160,313,Metazoa,Mollusca,Mollusca,Cephalaspidea,Haminoeidae,Haminoea,0,0,TRUE,ASV871,1,Haminoea vesicula
edna0032,ASV1443,motu1220,Orobdella,Freshwater leech,genus,1,NA,NA,1,7,NA,NA,NA,NA,NA,27,Orobdella,Freshwater leech,2018_pba_depth,pba,beach_seine,2018-07-12,2018-07-10,2018,depth,1,edna_pba_15,depth,biological,12.9,26.46,8.3,NA,NA,NA,5.8,1000,0,51.64655803,-128.1188964,mud,y,180,p,seagrass,zostera,seagrass_mud,zostera_mud,97.06,0.0011939,31,Metazoa,Annelida,Annelida,Erpobdelliformes,Orobdellidae,Orobdella,NA,NA,TRUE,ASV1443,1,NA
edna0032,ASV1805,motu1504,Cistenides granulata,Trumpet worm,species,1,NA,NA,1,72,NA,NA,NA,NA,NA,81,Cistenides granulata,Trumpet worm,2018_pba_depth,pba,beach_seine,2018-07-12,2018-07-10,2018,depth,1,edna_pba_15,depth,biological,12.9,26.46,8.3,NA,NA,NA,5.8,1000,0,51.64655803,-128.1188964,mud,y,180,p,seagrass,zostera,seagrass_mud,zostera_mud,100,1.4886099999999998e-156,306,Metazoa,Annelida,Polychaeta,Terebellida,Pectinariidae,Pectinaria,0,0,TRUE,ASV1805,1,Cistenides granulata
edna0032,ASV1470,motu1241,Cistenides granulata,Trumpet worm,species,1,NA,NA,NA,89,NA,NA,NA,NA,NA,NA,Cistenides granulata,Trumpet worm,2018_pba_depth,pba,beach_seine,2018-07-12,2018-07-10,2018,depth,1,edna_pba_15,depth,biological,12.9,26.46,8.3,NA,NA,NA,5.8,1000,0,51.64655803,-128.1188964,mud,y,180,p,seagrass,zostera,seagrass_mud,zostera_mud,100,1.96163e-160,313,Metazoa,Annelida,Polychaeta,Terebellida,Pectinariidae,Pectinaria,0,0,TRUE,ASV1470,1,Cistenides granulata
edna0032,ASV3641,motu2887,Paracalanus,Calanoid copepod,genus,1,NA,NA,NA,77,NA,NA,NA,NA,NA,NA,Paracalanus,Calanoid copepod,2018_pba_depth,pba,beach_seine,2018-07-12,2018-07-10,2018,depth,1,edna_pba_15,depth,biological,12.9,26.46,8.3,NA,NA,NA,5.8,1000,0,51.64655803,-128.1188964,mud,y,180,p,seagrass,zostera,seagrass_mud,zostera_mud,99.67,2.4817399999999988e-154,302,Metazoa,Arthropoda,Arthropoda,Calanoida,Paracalanidae,Paracalanus,0,0,TRUE,ASV3641,1,NA
edna0032,ASV1506,motu1271,Aequorea,Crystal jelly species,genus,1,1,1,1,86,131,58,124,83,NA,150,Aequorea,Crystal jelly species,2018_pba_depth,pba,beach_seine,2018-07-12,2018-07-10,2018,depth,1,edna_pba_15,depth,biological,12.9,26.46,8.3,NA,NA,NA,5.8,1000,0,51.64655803,-128.1188964,mud,y,180,p,seagrass,zostera,seagrass_mud,zostera_mud,100,1.4886099999999998e-156,306,Metazoa,Cnidaria,Hydrozoa,Leptothecata,Aequoreidae,Aequorea,0,0,TRUE,ASV1506,2,NA
edna0032,ASV2426,motu1978,Paleanotus bellis,Golden petal worm,species,1,1,NA,NA,23,39,NA,NA,NA,NA,NA,Paleanotus bellis,Golden petal worm,2018_pba_depth,pba,beach_seine,2018-07-12,2018-07-10,2018,depth,1,edna_pba_15,depth,biological,12.9,26.46,8.3,NA,NA,NA,5.8,1000,0,51.64655803,-128.1188964,mud,y,180,p,seagrass,zostera,seagrass_mud,zostera_mud,100,3.2351099999999996e-158,309,Metazoa,Annelida,Polychaeta,Phyllodocida,Chrysopetalidae,Paleanotus,0,0,TRUE,ASV2426,2,Paleanotus bellis
edna0032,ASV2070,motu31,Centropages abdominalis,Calanoid copepod,species,1,1,1,1,70,117,37,70,NA,NA,36,Centropages abdominalis,Calanoid copepod,2018_pba_depth,pba,beach_seine,2018-07-12,2018-07-10,2018,depth,1,edna_pba_15,depth,biological,12.9,26.46,8.3,NA,NA,NA,5.8,1000,0,51.64655803,-128.1188964,mud,y,180,p,seagrass,zostera,seagrass_mud,zostera_mud,99.68,9.126599999999999e-159,310,Metazoa,Arthropoda,Copepoda,Calanoida,Centropagidae,Centropages,0,0,TRUE,ASV34,19,Centropages abdominalis
edna0032,ASV1463,motu1234,Aequorea,Crystal jelly species,genus,1,1,1,1,69,163,45,132,75,NA,154,Aequorea,Crystal jelly species,2018_pba_depth,pba,beach_seine,2018-07-12,2018-07-10,2018,depth,1,edna_pba_15,depth,biological,12.9,26.46,8.3,NA,NA,NA,5.8,1000,0,51.64655803,-128.1188964,mud,y,180,p,seagrass,zostera,seagrass_mud,zostera_mud,100,1.4886099999999998e-156,306,Metazoa,Cnidaria,Hydrozoa,Leptothecata,Aequoreidae,Aequorea,0,0,TRUE,ASV1463,2,NA
edna0032,ASV1569,motu1322,Clinocardium nuttallii,Basket cockle,species,1,1,1,1,13,28,10,15,17,NA,26,Clinocardium nuttallii,Basket cockle,2018_pba_depth,pba,beach_seine,2018-07-12,2018-07-10,2018,depth,1,edna_pba_15,depth,biological,12.9,26.46,8.3,NA,NA,NA,5.8,1000,0,51.64655803,-128.1188964,mud,y,180,p,seagrass,zostera,seagrass_mud,zostera_mud,100,2.4540699999999983e-154,302,Metazoa,Mollusca,Bivalvia,Cardiida,Cardiidae,Clinocardium,0,0,TRUE,ASV1569,2,Clinocardium nuttallii
edna0032,ASV1903,motu1582,Proboscidactyla flavicirrata,Athecate hydroid,species,1,1,1,1,65,73,34,88,43,NA,94,Proboscidactyla flavicirrata,Athecate hydroid,2018_pba_depth,pba,beach_seine,2018-07-12,2018-07-10,2018,depth,1,edna_pba_15,depth,biological,12.9,26.46,8.3,NA,NA,NA,5.8,1000,0,51.64655803,-128.1188964,mud,y,180,p,seagrass,zostera,seagrass_mud,zostera_mud,99.02,1.49918e-151,297,Metazoa,Cnidaria,Hydrozoa,Anthoathecata,Proboscidactylidae,Proboscidactyla,0,0,TRUE,ASV1903,1,Proboscidactyla flavicirrata
edna0032,ASV2753,motu128,Centropages abdominalis,Calanoid copepod,species,1,1,NA,NA,62,115,NA,NA,NA,NA,NA,Centropages abdominalis,Calanoid copepod,2018_pba_depth,pba,beach_seine,2018-07-12,2018-07-10,2018,depth,1,edna_pba_15,depth,biological,12.9,26.46,8.3,NA,NA,NA,5.8,1000,0,51.64655803,-128.1188964,mud,y,180,p,seagrass,zostera,seagrass_mud,zostera_mud,99.68,9.126599999999999e-159,310,Metazoa,Arthropoda,Copepoda,Calanoida,Centropagidae,Centropages,0,0,TRUE,ASV143,11,Centropages abdominalis
edna0032,ASV2651,motu2153,Clinocardium nuttallii,Basket cockle,species,1,1,NA,NA,10,22,NA,NA,NA,NA,NA,Clinocardium nuttallii,Basket cockle,2018_pba_depth,pba,beach_seine,2018-07-12,2018-07-10,2018,depth,1,edna_pba_15,depth,biological,12.9,26.46,8.3,NA,NA,NA,5.8,1000,0,51.64655803,-128.1188964,mud,y,180,p,seagrass,zostera,seagrass_mud,zostera_mud,100,2.4540699999999983e-154,302,Metazoa,Mollusca,Bivalvia,Cardiida,Cardiidae,Clinocardium,0,0,TRUE,ASV2651,1,Clinocardium nuttallii
edna0032,ASV2296,motu1890,Insecta,Hexapod,class,1,NA,NA,NA,2,NA,NA,NA,NA,NA,NA,Insecta,Hexapod,2018_pba_depth,pba,beach_seine,2018-07-12,2018-07-10,2018,depth,1,edna_pba_15,depth,biological,12.9,26.46,8.3,NA,NA,NA,5.8,1000,0,51.64655803,-128.1188964,mud,y,180,p,seagrass,zostera,seagrass_mud,zostera_mud,90.91,1.07393e-43,103,Metazoa,Arthropoda,Arthropoda,NA,NA,NA,NA,NA,TRUE,ASV2296,3,NA
edna0032,ASV1747,motu1458,Armandia brevis,Opheliid polychaete,species,1,1,1,1,8,14,9,NA,NA,NA,12,Armandia brevis,Opheliid polychaete,2018_pba_depth,pba,beach_seine,2018-07-12,2018-07-10,2018,depth,1,edna_pba_15,depth,biological,12.9,26.46,8.3,NA,NA,NA,5.8,1000,0,51.64655803,-128.1188964,mud,y,180,p,seagrass,zostera,seagrass_mud,zostera_mud,100,3.4804099999999994e-173,336,Metazoa,Annelida,Polychaeta,NA,Opheliidae,Armandia,0,0,TRUE,ASV1747,1,Armandia brevis
edna0032,ASV4387,motu3422,Proboscidactyla flavicirrata,Athecate hydroid,species,1,NA,NA,NA,53,NA,NA,NA,NA,NA,NA,Proboscidactyla flavicirrata,Athecate hydroid,2018_pba_depth,pba,beach_seine,2018-07-12,2018-07-10,2018,depth,1,edna_pba_15,depth,biological,12.9,26.46,8.3,NA,NA,NA,5.8,1000,0,51.64655803,-128.1188964,mud,y,180,p,seagrass,zostera,seagrass_mud,zostera_mud,99.02,1.49918e-151,297,Metazoa,Cnidaria,Hydrozoa,Anthoathecata,Proboscidactylidae,Proboscidactyla,0,0,TRUE,ASV4387,1,Proboscidactyla flavicirrata
edna0032,ASV1654,motu1388,Paleanotus bellis,Golden petal worm,species,1,1,1,1,16,49,12,34,7,NA,39,Paleanotus bellis,Golden petal worm,2018_pba_depth,pba,beach_seine,2018-07-12,2018-07-10,2018,depth,1,edna_pba_15,depth,biological,12.9,26.46,8.3,NA,NA,NA,5.8,1000,0,51.64655803,-128.1188964,mud,y,180,p,seagrass,zostera,seagrass_mud,zostera_mud,100,3.2351099999999996e-158,309,Metazoa,Annelida,Polychaeta,Phyllodocida,Chrysopetalidae,Paleanotus,0,0,TRUE,ASV1654,4,Paleanotus bellis
edna0032,ASV2757,motu2230,Diplostomida,Flatworm,order,1,1,NA,NA,13,15,NA,NA,NA,NA,NA,Diplostomida,Flatworm,2018_pba_depth,pba,beach_seine,2018-07-12,2018-07-10,2018,depth,1,edna_pba_15,depth,biological,12.9,26.46,8.3,NA,NA,NA,5.8,1000,0,51.64655803,-128.1188964,mud,y,180,p,seagrass,zostera,seagrass_mud,zostera_mud,96.88,0.0144888,29,Metazoa,Platyhelminthes,Platyhelminthes,Diplostomida,NA,NA,0,0,TRUE,ASV2757,1,NA
edna0032,ASV3175,motu2541,Arthropoda,Unknown arthropod,phylum,1,1,NA,NA,5,12,NA,NA,NA,NA,NA,Arthropoda,Unknown arthropod,2018_pba_depth,pba,beach_seine,2018-07-12,2018-07-10,2018,depth,1,edna_pba_15,depth,biological,12.9,26.46,8.3,NA,NA,NA,5.8,1000,0,51.64655803,-128.1188964,mud,y,180,p,seagrass,zostera,seagrass_mud,zostera_mud,100,0.014701,29,Metazoa,Arthropoda,NA,NA,NA,NA,NA,NA,TRUE,ASV3175,1,NA
edna0032,ASV3903,motu3067,Potential chimera,Potential chimera,species,1,1,1,1,7,8,3,NA,NA,NA,10,Potential chimera,Potential chimera,2018_pba_depth,pba,beach_seine,2018-07-12,2018-07-10,2018,depth,1,edna_pba_15,depth,biological,12.9,26.46,8.3,NA,NA,NA,5.8,1000,0,51.64655803,-128.1188964,mud,y,180,p,seagrass,zostera,seagrass_mud,zostera_mud,94.44,0.00380707,30,Metazoa,Arthropoda,Arthropoda,Decapoda,NA,NA,0,0,TRUE,ASV3903,1,Potential chimera
edna0035,ASV258,motu228,Lensia,Siphonophore,genus,1,1,NA,NA,77,199,NA,NA,NA,NA,NA,Lensia,Siphonophore,2018_pba_surface,pba,beach_seine,2018-07-12,2018-07-10,2018,surface,3,edna_pba_15,surface,biological,16.6,26.08,8.4,NA,NA,NA,3.7,1000,0,51.64655803,-128.1188964,mud,y,180,p,seagrass,zostera,seagrass_mud,zostera_mud,100,0.00408744,30,Metazoa,Cnidaria,Cnidaria,Siphonophorae,Diphyidae,Lensia,0,0,TRUE,ASV258,1,NA
edna0035,ASV131,motu117,Lensia,Siphonophore,genus,1,1,1,1,107,218,57,173,89,NA,130,Lensia,Siphonophore,2018_pba_surface,pba,beach_seine,2018-07-12,2018-07-10,2018,surface,3,edna_pba_15,surface,biological,16.6,26.08,8.4,NA,NA,NA,3.7,1000,0,51.64655803,-128.1188964,mud,y,180,p,seagrass,zostera,seagrass_mud,zostera_mud,100,0.00408744,30,Metazoa,Cnidaria,Cnidaria,Siphonophorae,Diphyidae,Lensia,0,0,TRUE,ASV131,2,NA
edna0035,ASV226,motu199,Mytilus trossulus,Bay mussel,species,1,1,NA,1,53,68,NA,NA,NA,NA,53,Mytilus trossulus,Bay mussel,2018_pba_surface,pba,beach_seine,2018-07-12,2018-07-10,2018,surface,3,edna_pba_15,surface,biological,16.6,26.08,8.4,NA,NA,NA,3.7,1000,0,51.64655803,-128.1188964,mud,y,180,p,seagrass,zostera,seagrass_mud,zostera_mud,100,3.2351099999999996e-158,309,Metazoa,Mollusca,Mollusca,Mytilida,Mytilidae,Mytilus,0,0,TRUE,ASV226,18,Mytilus trossulus
edna0035,ASV216,motu190,Mytilus trossulus,Bay mussel,species,1,1,NA,1,43,107,NA,NA,NA,NA,76,Mytilus trossulus,Bay mussel,2018_pba_surface,pba,beach_seine,2018-07-12,2018-07-10,2018,surface,3,edna_pba_15,surface,biological,16.6,26.08,8.4,NA,NA,NA,3.7,1000,0,51.64655803,-128.1188964,mud,y,180,p,seagrass,zostera,seagrass_mud,zostera_mud,100,3.2351099999999996e-158,309,Metazoa,Mollusca,Mollusca,Mytilida,Mytilidae,Mytilus,0,0,TRUE,ASV216,23,Mytilus trossulus
edna0035,ASV233,motu74,Euchlanidae,Rotifer,family,1,1,1,1,175,301,109,203,155,NA,178,No Results,No Results,2018_pba_surface,pba,beach_seine,2018-07-12,2018-07-10,2018,surface,3,edna_pba_15,surface,biological,16.6,26.08,8.4,NA,NA,NA,3.7,1000,0,51.64655803,-128.1188964,mud,y,180,p,seagrass,zostera,seagrass_mud,zostera_mud,91.35,3.005919999999998e-29,77,Metazoa,Rotifera,Rotifera,Ploima,Euchlanidae,NA,1,NA,TRUE,ASV84,2,NA
edna0035,ASV447,motu394,Balanus glandula,Acorn barnacle,species,1,NA,NA,NA,4,NA,NA,NA,NA,NA,NA,Balanus glandula,Acorn barnacle,2018_pba_surface,pba,beach_seine,2018-07-12,2018-07-10,2018,surface,3,edna_pba_15,surface,biological,16.6,26.08,8.4,NA,NA,NA,3.7,1000,0,51.64655803,-128.1188964,mud,y,180,p,seagrass,zostera,seagrass_mud,zostera_mud,100,3.2351099999999996e-158,309,Metazoa,Arthropoda,Thecostraca,Balanomorpha,Balanidae,Balanus,0,0,TRUE,ASV447,12,Balanus glandula
edna0035,ASV280,motu190,Mytilus,Mussel species,genus,1,1,1,1,84,133,61,86,125,NA,160,Mytilus trossulus,Bay mussel,2018_pba_surface,pba,beach_seine,2018-07-12,2018-07-10,2018,surface,3,edna_pba_15,surface,biological,16.6,26.08,8.4,NA,NA,NA,3.7,1000,0,51.64655803,-128.1188964,mud,y,180,p,seagrass,zostera,seagrass_mud,zostera_mud,100,3.2351099999999996e-158,309,Metazoa,Mollusca,Mollusca,Mytilida,Mytilidae,Mytilus,0,0,TRUE,ASV216,23,NA
edna0035,ASV270,motu199,Mytilus,Mussel species,genus,1,1,1,1,82,99,64,80,92,NA,160,Mytilus trossulus,Bay mussel,2018_pba_surface,pba,beach_seine,2018-07-12,2018-07-10,2018,surface,3,edna_pba_15,surface,biological,16.6,26.08,8.4,NA,NA,NA,3.7,1000,0,51.64655803,-128.1188964,mud,y,180,p,seagrass,zostera,seagrass_mud,zostera_mud,100,3.2351099999999996e-158,309,Metazoa,Mollusca,Mollusca,Mytilida,Mytilidae,Mytilus,0,0,TRUE,ASV226,18,NA
edna0035,ASV452,motu183,Euchlanidae,Rotifer,family,1,1,NA,NA,137,303,NA,NA,NA,NA,NA,No Results,No Results,2018_pba_surface,pba,beach_seine,2018-07-12,2018-07-10,2018,surface,3,edna_pba_15,surface,biological,16.6,26.08,8.4,NA,NA,NA,3.7,1000,0,51.64655803,-128.1188964,mud,y,180,p,seagrass,zostera,seagrass_mud,zostera_mud,91.35,3.005919999999998e-29,77,Metazoa,Rotifera,Rotifera,Ploima,Euchlanidae,NA,1,NA,TRUE,ASV208,2,NA
edna0035,ASV865,motu753,Parastenocarididae,Harpacticoid copepod,family,1,1,NA,NA,33,73,NA,NA,NA,NA,NA,Parastenocarididae,Harpacticoid copepod,2018_pba_surface,pba,beach_seine,2018-07-12,2018-07-10,2018,surface,3,edna_pba_15,surface,biological,16.6,26.08,8.4,NA,NA,NA,3.7,1000,0,51.64655803,-128.1188964,mud,y,180,p,seagrass,zostera,seagrass_mud,zostera_mud,94.59,0.00408744,30,Metazoa,Arthropoda,Arthropoda,Harpacticoida,Parastenocarididae,NA,1,0,TRUE,ASV865,1,NA
edna0035,ASV772,motu672,Parastenocarididae,Harpacticoid copepod,family,1,1,NA,NA,29,69,NA,NA,NA,NA,NA,Parastenocarididae,Harpacticoid copepod,2018_pba_surface,pba,beach_seine,2018-07-12,2018-07-10,2018,surface,3,edna_pba_15,surface,biological,16.6,26.08,8.4,NA,NA,NA,3.7,1000,0,51.64655803,-128.1188964,mud,y,180,p,seagrass,zostera,seagrass_mud,zostera_mud,94.59,0.00408744,30,Metazoa,Arthropoda,Arthropoda,Harpacticoida,Parastenocarididae,NA,1,0,TRUE,ASV772,1,NA
edna0035,ASV733,motu637,Phyllodocida,Polychaete,order,1,1,1,NA,15,41,8,NA,NA,NA,NA,Phyllodocida,Polychaete,2018_pba_surface,pba,beach_seine,2018-07-12,2018-07-10,2018,surface,3,edna_pba_15,surface,biological,16.6,26.08,8.4,NA,NA,NA,3.7,1000,0,51.64655803,-128.1188964,mud,y,180,p,seagrass,zostera,seagrass_mud,zostera_mud,100,0.0603188,28,Metazoa,Annelida,Annelida,Phyllodocida,NA,NA,0,0,TRUE,ASV733,1,NA
edna0035,ASV679,motu591,Phyllodocida,Polychaete,order,1,1,1,NA,25,31,11,NA,NA,NA,NA,Phyllodocida,Polychaete,2018_pba_surface,pba,beach_seine,2018-07-12,2018-07-10,2018,surface,3,edna_pba_15,surface,biological,16.6,26.08,8.4,NA,NA,NA,3.7,1000,0,51.64655803,-128.1188964,mud,y,180,p,seagrass,zostera,seagrass_mud,zostera_mud,100,0.0603188,28,Metazoa,Annelida,Annelida,Phyllodocida,NA,NA,0,0,TRUE,ASV679,1,NA
edna0035,ASV847,motu737,Haminoea vesicula,Blister glassy-bubble,species,1,1,1,1,30,52,7,12,32,NA,58,Haminoea vesicula,Blister glassy-bubble,2018_pba_surface,pba,beach_seine,2018-07-12,2018-07-10,2018,surface,3,edna_pba_15,surface,biological,16.6,26.08,8.4,NA,NA,NA,3.7,1000,0,51.64655803,-128.1188964,mud,y,180,p,seagrass,zostera,seagrass_mud,zostera_mud,100,1.96163e-160,313,Metazoa,Mollusca,Mollusca,Cephalaspidea,Haminoeidae,Haminoea,0,0,TRUE,ASV847,1,Haminoea vesicula
edna0035,ASV871,motu757,Haminoea vesicula,Blister glassy-bubble,species,1,1,1,1,24,52,19,19,19,NA,69,Haminoea vesicula,Blister glassy-bubble,2018_pba_surface,pba,beach_seine,2018-07-12,2018-07-10,2018,surface,3,edna_pba_15,surface,biological,16.6,26.08,8.4,NA,NA,NA,3.7,1000,0,51.64655803,-128.1188964,mud,y,180,p,seagrass,zostera,seagrass_mud,zostera_mud,100,1.96163e-160,313,Metazoa,Mollusca,Mollusca,Cephalaspidea,Haminoeidae,Haminoea,0,0,TRUE,ASV871,1,Haminoea vesicula
edna0035,ASV1046,motu902,Arthropoda,Unknown arthropod,phylum,1,1,1,1,5,14,5,NA,4,NA,NA,Arthropoda,Unknown arthropod,2018_pba_surface,pba,beach_seine,2018-07-12,2018-07-10,2018,surface,3,edna_pba_15,surface,biological,16.6,26.08,8.4,NA,NA,NA,3.7,1000,0,51.64655803,-128.1188964,mud,y,180,p,seagrass,zostera,seagrass_mud,zostera_mud,94.87,8.78538e-5,33,Metazoa,Arthropoda,NA,NA,NA,NA,NA,NA,TRUE,ASV1046,4,NA
edna0035,ASV1068,motu920,Arthropoda,Unknown arthropod,phylum,1,1,1,NA,6,15,6,NA,NA,NA,NA,Arthropoda,Unknown arthropod,2018_pba_surface,pba,beach_seine,2018-07-12,2018-07-10,2018,surface,3,edna_pba_15,surface,biological,16.6,26.08,8.4,NA,NA,NA,3.7,1000,0,51.64655803,-128.1188964,mud,y,180,p,seagrass,zostera,seagrass_mud,zostera_mud,94.87,8.78538e-5,33,Metazoa,Arthropoda,NA,NA,NA,NA,NA,NA,TRUE,ASV1068,4,NA
edna0035,ASV2402,motu1965,Chaetognatha,Arrow worm,phylum,1,NA,NA,NA,3,NA,NA,NA,NA,NA,NA,Chaetognatha,Arrow worm,2018_pba_surface,pba,beach_seine,2018-07-12,2018-07-10,2018,surface,3,edna_pba_15,surface,biological,16.6,26.08,8.4,NA,NA,NA,3.7,1000,0,51.64655803,-128.1188964,mud,y,180,p,seagrass,zostera,seagrass_mud,zostera_mud,96.52,1.6192399999999998e-86,180,Metazoa,Chaetognatha,NA,NA,NA,NA,0,0,TRUE,ASV2402,1,NA
edna0035,ASV1569,motu1322,Clinocardium nuttallii,Basket cockle,species,1,1,1,1,9,19,6,NA,15,NA,46,Clinocardium nuttallii,Basket cockle,2018_pba_surface,pba,beach_seine,2018-07-12,2018-07-10,2018,surface,3,edna_pba_15,surface,biological,16.6,26.08,8.4,NA,NA,NA,3.7,1000,0,51.64655803,-128.1188964,mud,y,180,p,seagrass,zostera,seagrass_mud,zostera_mud,100,2.4540699999999983e-154,302,Metazoa,Mollusca,Bivalvia,Cardiida,Cardiidae,Clinocardium,0,0,TRUE,ASV1569,2,Clinocardium nuttallii
edna0035,ASV3232,motu334,Synchaeta pectinata,Rotifer,species,1,1,NA,1,8,10,NA,NA,NA,NA,8,Synchaeta pectinata,Rotifer,2018_pba_surface,pba,beach_seine,2018-07-12,2018-07-10,2018,surface,3,edna_pba_15,surface,biological,16.6,26.08,8.4,NA,NA,NA,3.7,1000,0,51.64655803,-128.1188964,mud,y,180,p,seagrass,zostera,seagrass_mud,zostera_mud,90.16,7.65451e-110,222,Metazoa,Rotifera,Eurotatoria,Ploima,Synchaetidae,Synchaeta,0,0,TRUE,ASV377,5,Synchaeta pectinata
edna0035,ASV3171,motu2538,Semibalanus balanoides,Common rock barnacle,species,1,1,NA,NA,4,8,NA,NA,NA,NA,NA,Semibalanus balanoides,Common rock barnacle,2018_pba_surface,pba,beach_seine,2018-07-12,2018-07-10,2018,surface,3,edna_pba_15,surface,biological,16.6,26.08,8.4,NA,NA,NA,3.7,1000,0,51.64655803,-128.1188964,mud,y,180,p,seagrass,zostera,seagrass_mud,zostera_mud,100,1.96163e-160,313,Metazoa,Arthropoda,Thecostraca,Balanomorpha,Balanidae,Semibalanus,0,0,TRUE,ASV3171,1,Semibalanus balanoides
edna0035,ASV2172,motu1790,Paracalanus,Calanoid copepod,genus,1,1,1,1,9,18,5,NA,NA,NA,10,Paracalanus,Calanoid copepod,2018_pba_surface,pba,beach_seine,2018-07-12,2018-07-10,2018,surface,3,edna_pba_15,surface,biological,16.6,26.08,8.4,NA,NA,NA,3.7,1000,0,51.64655803,-128.1188964,mud,y,180,p,seagrass,zostera,seagrass_mud,zostera_mud,99.34,1.9105799999999988e-150,295,Metazoa,Arthropoda,Copepoda,Calanoida,Paracalanidae,Paracalanus,0,0,TRUE,ASV2172,1,NA
edna0036,ASV25,motu22,Acartia (Acartiura) longiremis,Calanoid copepod,species,1,1,1,1,135,217,102,314,459,NA,385,Acartia (Acartiura) longiremis,Calanoid copepod,2018_pba_depth,pba,beach_seine,2018-07-12,2018-07-10,2018,depth,3,edna_pba_30,depth,biological,12.7,29.67,8.28,NA,NA,NA,3.7,1000,0,51.64642312,-128.1189452,mud,y,180,p,seagrass,zostera,seagrass_mud,zostera_mud,100,1.96163e-160,313,Metazoa,Arthropoda,Copepoda,Calanoida,Acartiidae,Acartia,0,0,TRUE,ASV25,27,Acartia (Acartiura) longiremis
edna0036,ASV81,motu71,Acartia (Acartiura) longiremis,Calanoid copepod,species,1,1,NA,1,125,233,NA,74,NA,NA,NA,Acartia (Acartiura) longiremis,Calanoid copepod,2018_pba_depth,pba,beach_seine,2018-07-12,2018-07-10,2018,depth,3,edna_pba_30,depth,biological,12.7,29.67,8.28,NA,NA,NA,3.7,1000,0,51.64642312,-128.1189452,mud,y,180,p,seagrass,zostera,seagrass_mud,zostera_mud,100,1.96163e-160,313,Metazoa,Arthropoda,Copepoda,Calanoida,Acartiidae,Acartia,0,0,TRUE,ASV81,23,Acartia (Acartiura) longiremis
edna0036,ASV258,motu228,Lensia,Siphonophore,genus,1,1,NA,NA,34,70,NA,NA,NA,NA,NA,Lensia,Siphonophore,2018_pba_depth,pba,beach_seine,2018-07-12,2018-07-10,2018,depth,3,edna_pba_30,depth,biological,12.7,29.67,8.28,NA,NA,NA,3.7,1000,0,51.64642312,-128.1189452,mud,y,180,p,seagrass,zostera,seagrass_mud,zostera_mud,100,0.00408744,30,Metazoa,Cnidaria,Cnidaria,Siphonophorae,Diphyidae,Lensia,0,0,TRUE,ASV258,1,NA
edna0036,ASV131,motu117,Lensia,Siphonophore,genus,1,1,1,1,37,76,29,174,96,NA,130,Lensia,Siphonophore,2018_pba_depth,pba,beach_seine,2018-07-12,2018-07-10,2018,depth,3,edna_pba_30,depth,biological,12.7,29.67,8.28,NA,NA,NA,3.7,1000,0,51.64642312,-128.1189452,mud,y,180,p,seagrass,zostera,seagrass_mud,zostera_mud,100,0.00408744,30,Metazoa,Cnidaria,Cnidaria,Siphonophorae,Diphyidae,Lensia,0,0,TRUE,ASV131,2,NA
edna0036,ASV171,motu150,Pseudocalanus mimus,Calanoid copepod,species,1,1,1,1,11,21,6,57,84,NA,34,Pseudocalanus mimus,Calanoid copepod,2018_pba_depth,pba,beach_seine,2018-07-12,2018-07-10,2018,depth,3,edna_pba_30,depth,biological,12.7,29.67,8.28,NA,NA,NA,3.7,1000,0,51.64642312,-128.1189452,mud,y,180,p,seagrass,zostera,seagrass_mud,zostera_mud,99.67,9.19139e-154,301,Metazoa,Arthropoda,Copepoda,Calanoida,Clausocalanidae,Pseudocalanus,0,0,TRUE,ASV171,10,Pseudocalanus mimus
edna0036,ASV343,motu303,Pseudocalanus mimus,Calanoid copepod,species,1,1,NA,NA,8,10,NA,NA,NA,NA,NA,Pseudocalanus mimus,Calanoid copepod,2018_pba_depth,pba,beach_seine,2018-07-12,2018-07-10,2018,depth,3,edna_pba_30,depth,biological,12.7,29.67,8.28,NA,NA,NA,3.7,1000,0,51.64642312,-128.1189452,mud,y,180,p,seagrass,zostera,seagrass_mud,zostera_mud,99.67,9.19139e-154,301,Metazoa,Arthropoda,Copepoda,Calanoida,Clausocalanidae,Pseudocalanus,0,0,TRUE,ASV343,11,Pseudocalanus mimus
edna0036,ASV233,motu74,Euchlanidae,Rotifer,family,1,1,NA,1,34,65,NA,199,162,NA,88,No Results,No Results,2018_pba_depth,pba,beach_seine,2018-07-12,2018-07-10,2018,depth,3,edna_pba_30,depth,biological,12.7,29.67,8.28,NA,NA,NA,3.7,1000,0,51.64642312,-128.1189452,mud,y,180,p,seagrass,zostera,seagrass_mud,zostera_mud,91.35,3.005919999999998e-29,77,Metazoa,Rotifera,Rotifera,Ploima,Euchlanidae,NA,1,NA,TRUE,ASV84,2,NA
edna0036,ASV452,motu183,Euchlanidae,Rotifer,family,1,1,NA,NA,32,56,NA,NA,NA,NA,NA,No Results,No Results,2018_pba_depth,pba,beach_seine,2018-07-12,2018-07-10,2018,depth,3,edna_pba_30,depth,biological,12.7,29.67,8.28,NA,NA,NA,3.7,1000,0,51.64642312,-128.1189452,mud,y,180,p,seagrass,zostera,seagrass_mud,zostera_mud,91.35,3.005919999999998e-29,77,Metazoa,Rotifera,Rotifera,Ploima,Euchlanidae,NA,1,NA,TRUE,ASV208,2,NA
edna0036,ASV520,motu457,Evasterias troschelii,False ochre star,species,1,NA,NA,1,7,NA,NA,12,10,NA,NA,Evasterias troschelii,False ochre star,2018_pba_depth,pba,beach_seine,2018-07-12,2018-07-10,2018,depth,3,edna_pba_30,depth,biological,12.7,29.67,8.28,NA,NA,NA,3.7,1000,0,51.64642312,-128.1189452,mud,y,180,p,seagrass,zostera,seagrass_mud,zostera_mud,100,1.96163e-160,313,Metazoa,Echinodermata,Asteroidea,Forcipulatida,Asteriidae,Evasterias,0,0,TRUE,ASV520,1,Evasterias troschelii
edna0036,ASV398,motu350,Synchaeta pectinata,Rotifer,species,1,1,NA,1,8,22,NA,NA,33,NA,25,Synchaeta pectinata,Rotifer,2018_pba_depth,pba,beach_seine,2018-07-12,2018-07-10,2018,depth,3,edna_pba_30,depth,biological,12.7,29.67,8.28,NA,NA,NA,3.7,1000,0,51.64642312,-128.1189452,mud,y,180,p,seagrass,zostera,seagrass_mud,zostera_mud,90.48,1.6452299999999999e-111,225,Metazoa,Rotifera,Eurotatoria,Ploima,Synchaetidae,Synchaeta,0,0,TRUE,ASV398,4,Synchaeta pectinata
edna0036,ASV623,motu543,Balanus,Barnacle species,genus,1,1,1,1,29,48,17,70,85,NA,50,Balanus,Barnacle species,2018_pba_depth,pba,beach_seine,2018-07-12,2018-07-10,2018,depth,3,edna_pba_30,depth,biological,12.7,29.67,8.28,NA,NA,NA,3.7,1000,0,51.64642312,-128.1189452,mud,y,180,p,seagrass,zostera,seagrass_mud,zostera_mud,100,1.4886099999999998e-156,306,Metazoa,Arthropoda,Arthropoda,Balanomorpha,Balanidae,Balanus,0,0,TRUE,ASV623,7,NA
edna0036,ASV1095,motu942,Balanus,Barnacle species,genus,1,1,NA,NA,23,50,NA,NA,NA,NA,NA,Balanus,Barnacle species,2018_pba_depth,pba,beach_seine,2018-07-12,2018-07-10,2018,depth,3,edna_pba_30,depth,biological,12.7,29.67,8.28,NA,NA,NA,3.7,1000,0,51.64642312,-128.1189452,mud,y,180,p,seagrass,zostera,seagrass_mud,zostera_mud,100,1.4886099999999998e-156,306,Metazoa,Arthropoda,Arthropoda,Balanomorpha,Balanidae,Balanus,0,0,TRUE,ASV1095,4,NA
edna0036,ASV1013,motu876,Orobdella,Freshwater leech,genus,1,1,NA,NA,6,17,NA,NA,NA,NA,NA,Orobdella,Freshwater leech,2018_pba_depth,pba,beach_seine,2018-07-12,2018-07-10,2018,depth,3,edna_pba_30,depth,biological,12.7,29.67,8.28,NA,NA,NA,3.7,1000,0,51.64642312,-128.1189452,mud,y,180,p,seagrass,zostera,seagrass_mud,zostera_mud,97.06,0.00121031,31,Metazoa,Annelida,Annelida,Erpobdelliformes,Orobdellidae,Orobdella,NA,NA,TRUE,ASV1013,1,NA
edna0036,ASV1384,motu1168,Membranipora membranacea,Coffin box bryozoan,species,1,1,NA,NA,10,14,NA,NA,NA,NA,NA,Membranipora membranacea,Coffin box bryozoan,2018_pba_depth,pba,beach_seine,2018-07-12,2018-07-10,2018,depth,3,edna_pba_30,depth,biological,12.7,29.67,8.28,NA,NA,NA,3.7,1000,0,51.64642312,-128.1189452,mud,y,180,p,seagrass,zostera,seagrass_mud,zostera_mud,100,9.252979999999995e-139,274,Metazoa,Bryozoa,Gymnolaemata,Cheilostomatida,Membraniporidae,Membranipora,0,0,TRUE,ASV1384,2,Membranipora membranacea
edna0036,ASV1048,motu285,Paracalanus,Calanoid copepod,genus,1,1,NA,1,7,9,NA,NA,49,NA,31,Paracalanus parvus parvus,Calanoid copepod,2018_pba_depth,pba,beach_seine,2018-07-12,2018-07-10,2018,depth,3,edna_pba_30,depth,biological,12.7,29.67,8.28,NA,NA,NA,3.7,1000,0,51.64642312,-128.1189452,mud,y,180,p,seagrass,zostera,seagrass_mud,zostera_mud,99.67,1.14177e-152,299,Metazoa,Arthropoda,Arthropoda,Calanoida,Paracalanidae,Paracalanus,0,0,TRUE,ASV324,6,NA
edna0036,ASV1492,motu1259,Membranipora membranacea,Coffin box bryozoan,species,1,1,1,NA,5,12,5,NA,NA,NA,NA,Membranipora membranacea,Coffin box bryozoan,2018_pba_depth,pba,beach_seine,2018-07-12,2018-07-10,2018,depth,3,edna_pba_30,depth,biological,12.7,29.67,8.28,NA,NA,NA,3.7,1000,0,51.64642312,-128.1189452,mud,y,180,p,seagrass,zostera,seagrass_mud,zostera_mud,100,9.252979999999995e-139,274,Metazoa,Bryozoa,Gymnolaemata,Cheilostomatida,Membraniporidae,Membranipora,0,0,TRUE,ASV1492,2,Membranipora membranacea
edna0036,ASV1570,motu1323,Pleurobrachia bachei,Pacific sea gooseberry,species,1,1,1,1,17,16,5,47,92,NA,26,Pleurobrachia bachei,Pacific sea gooseberry,2018_pba_depth,pba,beach_seine,2018-07-12,2018-07-10,2018,depth,3,edna_pba_30,depth,biological,12.7,29.67,8.28,NA,NA,NA,3.7,1000,0,51.64642312,-128.1189452,mud,y,180,p,seagrass,zostera,seagrass_mud,zostera_mud,99.68,9.126599999999999e-159,310,Metazoa,Ctenophora,Tentaculata,Cydippida,Cydippidae,Pleurobrachia,0,0,TRUE,ASV1570,1,Pleurobrachia bachei
edna0036,ASV3232,motu334,Synchaeta pectinata,Rotifer,species,1,NA,NA,NA,15,NA,NA,NA,NA,NA,NA,Synchaeta pectinata,Rotifer,2018_pba_depth,pba,beach_seine,2018-07-12,2018-07-10,2018,depth,3,edna_pba_30,depth,biological,12.7,29.67,8.28,NA,NA,NA,3.7,1000,0,51.64642312,-128.1189452,mud,y,180,p,seagrass,zostera,seagrass_mud,zostera_mud,90.16,7.65451e-110,222,Metazoa,Rotifera,Eurotatoria,Ploima,Synchaetidae,Synchaeta,0,0,TRUE,ASV377,5,Synchaeta pectinata
edna0036,ASV1714,motu1432,Pleurobrachia bachei,Pacific sea gooseberry,species,1,1,1,1,10,17,8,38,62,NA,30,Pleurobrachia bachei,Pacific sea gooseberry,2018_pba_depth,pba,beach_seine,2018-07-12,2018-07-10,2018,depth,3,edna_pba_30,depth,biological,12.7,29.67,8.28,NA,NA,NA,3.7,1000,0,51.64642312,-128.1189452,mud,y,180,p,seagrass,zostera,seagrass_mud,zostera_mud,99.68,9.126599999999999e-159,310,Metazoa,Ctenophora,Tentaculata,Cydippida,Cydippidae,Pleurobrachia,0,0,TRUE,ASV1714,1,Pleurobrachia bachei
edna0036,ASV2376,motu1949,Euphausia pacifica,North Pacific krill,species,1,NA,NA,1,7,NA,NA,8,14,NA,3,Euphausia pacifica,North Pacific krill,2018_pba_depth,pba,beach_seine,2018-07-12,2018-07-10,2018,depth,3,edna_pba_30,depth,biological,12.7,29.67,8.28,NA,NA,NA,3.7,1000,0,51.64642312,-128.1189452,mud,y,180,p,seagrass,zostera,seagrass_mud,zostera_mud,100,3.2351099999999996e-158,309,Metazoa,Arthropoda,Malacostraca,Euphausiacea,Euphausiidae,Euphausia,0,0,TRUE,ASV2376,1,Euphausia pacifica
edna0036,ASV2757,motu2230,Diplostomida,Flatworm,order,1,NA,NA,NA,2,NA,NA,NA,NA,NA,NA,Diplostomida,Flatworm,2018_pba_depth,pba,beach_seine,2018-07-12,2018-07-10,2018,depth,3,edna_pba_30,depth,biological,12.7,29.67,8.28,NA,NA,NA,3.7,1000,0,51.64642312,-128.1189452,mud,y,180,p,seagrass,zostera,seagrass_mud,zostera_mud,96.88,0.0144888,29,Metazoa,Platyhelminthes,Platyhelminthes,Diplostomida,NA,NA,0,0,TRUE,ASV2757,1,NA
edna0036,ASV6127,motu190,Mytilus trossulus,Bay mussel,species,1,NA,NA,NA,18,NA,NA,NA,NA,NA,NA,Mytilus trossulus,Bay mussel,2018_pba_depth,pba,beach_seine,2018-07-12,2018-07-10,2018,depth,3,edna_pba_30,depth,biological,12.7,29.67,8.28,NA,NA,NA,3.7,1000,0,51.64642312,-128.1189452,mud,y,180,p,seagrass,zostera,seagrass_mud,zostera_mud,99.68,1.5051499999999994e-156,306,Metazoa,Mollusca,Mollusca,Mytilida,Mytilidae,Mytilus,0,0,TRUE,ASV216,23,Mytilus trossulus
edna0036,ASV3148,motu2526,Cardiida,Mussel species,order,1,NA,NA,1,2,NA,NA,5,NA,NA,NA,Cardiida,Mussel species,2018_pba_depth,pba,beach_seine,2018-07-12,2018-07-10,2018,depth,3,edna_pba_30,depth,biological,12.7,29.67,8.28,NA,NA,NA,3.7,1000,0,51.64642312,-128.1189452,mud,y,180,p,seagrass,zostera,seagrass_mud,zostera_mud,100,0.0374129,28,Metazoa,Mollusca,Mollusca,Cardiida,NA,NA,0,0,TRUE,ASV3148,1,NA
edna0036,ASV2242,motu1847,Aglaja ocelligera,Spotted Aglaga,species,1,1,NA,1,17,41,NA,59,110,NA,35,Aglaja ocelligera,Spotted Aglaga,2018_pba_depth,pba,beach_seine,2018-07-12,2018-07-10,2018,depth,3,edna_pba_30,depth,biological,12.7,29.67,8.28,NA,NA,NA,3.7,1000,0,51.64642312,-128.1189452,mud,y,180,p,seagrass,zostera,seagrass_mud,zostera_mud,98.72,9.19139e-154,301,Metazoa,Mollusca,Gastropoda,Cephalaspidea,Aglajidae,Aglaja,0,0,TRUE,ASV2242,1,Aglaja ocelligera
edna0036,ASV3871,motu3040,Cistenides granulata,Trumpet worm,species,1,NA,NA,1,16,NA,NA,62,NA,NA,NA,Cistenides granulata,Trumpet worm,2018_pba_depth,pba,beach_seine,2018-07-12,2018-07-10,2018,depth,3,edna_pba_30,depth,biological,12.7,29.67,8.28,NA,NA,NA,3.7,1000,0,51.64642312,-128.1189452,mud,y,180,p,seagrass,zostera,seagrass_mud,zostera_mud,98.71,1.1804e-152,299,Metazoa,Annelida,Polychaeta,Terebellida,Pectinariidae,Pectinaria,0,0,TRUE,ASV3871,1,Cistenides granulata
edna0036,ASV5196,motu3996,Cistenides granulata,Trumpet worm,species,1,NA,1,NA,16,NA,16,NA,NA,NA,NA,Cistenides granulata,Trumpet worm,2018_pba_depth,pba,beach_seine,2018-07-12,2018-07-10,2018,depth,3,edna_pba_30,depth,biological,12.7,29.67,8.28,NA,NA,NA,3.7,1000,0,51.64642312,-128.1189452,mud,y,180,p,seagrass,zostera,seagrass_mud,zostera_mud,98.69,6.974989999999997e-150,294,Metazoa,Annelida,Polychaeta,Terebellida,Pectinariidae,Pectinaria,0,0,TRUE,ASV5196,1,Cistenides granulata
edna0036,ASV3551,motu2821,Cardiida,Mussel species,order,1,NA,NA,1,2,NA,NA,6,NA,NA,NA,Cardiida,Mussel species,2018_pba_depth,pba,beach_seine,2018-07-12,2018-07-10,2018,depth,3,edna_pba_30,depth,biological,12.7,29.67,8.28,NA,NA,NA,3.7,1000,0,51.64642312,-128.1189452,mud,y,180,p,seagrass,zostera,seagrass_mud,zostera_mud,100,0.0374129,28,Metazoa,Mollusca,Mollusca,Cardiida,NA,NA,0,0,TRUE,ASV3551,2,NA
edna0036,ASV2069,motu1711,Aglaja ocelligera,Spotted Aglaga,species,1,1,1,1,13,38,10,74,124,NA,37,Aglaja ocelligera,Spotted Aglaga,2018_pba_depth,pba,beach_seine,2018-07-12,2018-07-10,2018,depth,3,edna_pba_30,depth,biological,12.7,29.67,8.28,NA,NA,NA,3.7,1000,0,51.64642312,-128.1189452,mud,y,180,p,seagrass,zostera,seagrass_mud,zostera_mud,98.72,9.19139e-154,301,Metazoa,Mollusca,Gastropoda,Cephalaspidea,Aglajidae,Aglaja,0,0,TRUE,ASV2069,1,Aglaja ocelligera
edna0036,ASV5143,motu3958,Chaetognatha,Arrow worm,phylum,1,NA,NA,NA,6,NA,NA,NA,NA,NA,NA,Chaetognatha,Arrow worm,2018_pba_depth,pba,beach_seine,2018-07-12,2018-07-10,2018,depth,3,edna_pba_30,depth,biological,12.7,29.67,8.28,NA,NA,NA,3.7,1000,0,51.64642312,-128.1189452,mud,y,180,p,seagrass,zostera,seagrass_mud,zostera_mud,96.02,7.533609999999999e-85,177,Metazoa,Chaetognatha,NA,NA,NA,NA,0,0,TRUE,ASV5143,1,NA
edna0037,ASV25,motu22,Acartia (Acartiura) longiremis,Calanoid copepod,species,1,1,1,1,52,83,47,178,199,NA,123,Acartia (Acartiura) longiremis,Calanoid copepod,2018_wfb_surface,wfb,beach_seine,2018-07-13,2018-07-12,2018,surface,1,edna_wfb_00,surface,biological,12.5,30.95,7.97,NA,NA,NA,5.3,1000,0,51.66858165,-128.1194495,sand,y,350,se,none,none,none_sand,none_sand,100,1.96163e-160,313,Metazoa,Arthropoda,Copepoda,Calanoida,Acartiidae,Acartia,0,0,TRUE,ASV25,27,Acartia (Acartiura) longiremis
edna0037,ASV81,motu71,Acartia (Acartiura) longiremis,Calanoid copepod,species,1,1,NA,NA,59,103,NA,NA,NA,NA,NA,Acartia (Acartiura) longiremis,Calanoid copepod,2018_wfb_surface,wfb,beach_seine,2018-07-13,2018-07-12,2018,surface,1,edna_wfb_00,surface,biological,12.5,30.95,7.97,NA,NA,NA,5.3,1000,0,51.66858165,-128.1194495,sand,y,350,se,none,none,none_sand,none_sand,100,1.96163e-160,313,Metazoa,Arthropoda,Copepoda,Calanoida,Acartiidae,Acartia,0,0,TRUE,ASV81,23,Acartia (Acartiura) longiremis
edna0037,ASV34,motu31,Centropages abdominalis,Calanoid copepod,species,1,1,1,1,41,64,34,155,211,NA,98,Centropages abdominalis,Calanoid copepod,2018_wfb_surface,wfb,beach_seine,2018-07-13,2018-07-12,2018,surface,1,edna_wfb_00,surface,biological,12.5,30.95,7.97,NA,NA,NA,5.3,1000,0,51.66858165,-128.1194495,sand,y,350,se,none,none,none_sand,none_sand,100,1.96163e-160,313,Metazoa,Arthropoda,Copepoda,Calanoida,Centropagidae,Centropages,0,0,TRUE,ASV34,19,Centropages abdominalis
edna0037,ASV143,motu128,Centropages abdominalis,Calanoid copepod,species,1,1,NA,NA,35,72,NA,NA,NA,NA,NA,Centropages abdominalis,Calanoid copepod,2018_wfb_surface,wfb,beach_seine,2018-07-13,2018-07-12,2018,surface,1,edna_wfb_00,surface,biological,12.5,30.95,7.97,NA,NA,NA,5.3,1000,0,51.66858165,-128.1194495,sand,y,350,se,none,none,none_sand,none_sand,100,1.96163e-160,313,Metazoa,Arthropoda,Copepoda,Calanoida,Centropagidae,Centropages,0,0,TRUE,ASV143,11,Centropages abdominalis
edna0037,ASV258,motu228,Lensia,Siphonophore,genus,1,1,NA,NA,9,12,NA,NA,NA,NA,NA,Lensia,Siphonophore,2018_wfb_surface,wfb,beach_seine,2018-07-13,2018-07-12,2018,surface,1,edna_wfb_00,surface,biological,12.5,30.95,7.97,NA,NA,NA,5.3,1000,0,51.66858165,-128.1194495,sand,y,350,se,none,none,none_sand,none_sand,100,0.00408744,30,Metazoa,Cnidaria,Cnidaria,Siphonophorae,Diphyidae,Lensia,0,0,TRUE,ASV258,1,NA
edna0037,ASV131,motu117,Lensia,Siphonophore,genus,1,1,NA,NA,9,18,NA,NA,NA,NA,NA,Lensia,Siphonophore,2018_wfb_surface,wfb,beach_seine,2018-07-13,2018-07-12,2018,surface,1,edna_wfb_00,surface,biological,12.5,30.95,7.97,NA,NA,NA,5.3,1000,0,51.66858165,-128.1194495,sand,y,350,se,none,none,none_sand,none_sand,100,0.00408744,30,Metazoa,Cnidaria,Cnidaria,Siphonophorae,Diphyidae,Lensia,0,0,TRUE,ASV131,2,NA
edna0037,ASV118,motu105,Mesocentrotus franciscanus,Red sea urchin,species,1,NA,1,1,50,NA,38,113,99,NA,72,Mesocentrotus franciscanus,Red sea urchin,2018_wfb_surface,wfb,beach_seine,2018-07-13,2018-07-12,2018,surface,1,edna_wfb_00,surface,biological,12.5,30.95,7.97,NA,NA,NA,5.3,1000,0,51.66858165,-128.1194495,sand,y,350,se,none,none,none_sand,none_sand,100,2.51921e-159,311,Metazoa,Echinodermata,Echinoidea,Camarodonta,Strongylocentrotidae,Mesocentrotus,0,0,TRUE,ASV118,8,Mesocentrotus franciscanus
edna0037,ASV132,motu118,Mesocentrotus franciscanus,Red sea urchin,species,1,NA,1,1,39,NA,48,116,111,NA,NA,Mesocentrotus franciscanus,Red sea urchin,2018_wfb_surface,wfb,beach_seine,2018-07-13,2018-07-12,2018,surface,1,edna_wfb_00,surface,biological,12.5,30.95,7.97,NA,NA,NA,5.3,1000,0,51.66858165,-128.1194495,sand,y,350,se,none,none,none_sand,none_sand,100,2.51921e-159,311,Metazoa,Echinodermata,Echinoidea,Camarodonta,Strongylocentrotidae,Mesocentrotus,0,0,TRUE,ASV132,8,Mesocentrotus franciscanus
edna0037,ASV354,motu313,Mitrocoma cellularia,Cross jelly,species,1,1,1,1,31,31,27,54,84,NA,NA,Mitrocoma cellularia,Cross jelly,2018_wfb_surface,wfb,beach_seine,2018-07-13,2018-07-12,2018,surface,1,edna_wfb_00,surface,biological,12.5,30.95,7.97,NA,NA,NA,5.3,1000,0,51.66858165,-128.1194495,sand,y,350,se,none,none,none_sand,none_sand,100,1.4886099999999998e-156,306,Metazoa,Cnidaria,Hydrozoa,Leptothecata,Mitrocomidae,Mitrocoma,0,0,TRUE,ASV354,2,Mitrocoma cellularia
edna0037,ASV595,motu522,Cecidomyiidae,Hexapod,genus,1,NA,NA,NA,3,NA,NA,NA,NA,NA,NA,Cecidomyiidae,Hexapod,2018_wfb_surface,wfb,beach_seine,2018-07-13,2018-07-12,2018,surface,1,edna_wfb_00,surface,biological,12.5,30.95,7.97,NA,NA,NA,5.3,1000,0,51.66858165,-128.1194495,sand,y,350,se,none,none,none_sand,none_sand,100,0.00408744,30,Metazoa,Arthropoda,Arthropoda,Diptera,Cecidomyiidae,Cecidomyiidae,NA,NA,TRUE,ASV595,1,NA
edna0037,ASV498,motu441,Clytia gregaria,Gregarious jellyfish,species,1,1,NA,1,10,25,NA,24,NA,NA,NA,Clytia gregaria,Gregarious jellyfish,2018_wfb_surface,wfb,beach_seine,2018-07-13,2018-07-12,2018,surface,1,edna_wfb_00,surface,biological,12.5,30.95,7.97,NA,NA,NA,5.3,1000,0,51.66858165,-128.1194495,sand,y,350,se,none,none,none_sand,none_sand,99.68,9.126599999999999e-159,310,Metazoa,Cnidaria,Hydrozoa,Leptothecata,Campanulariidae,Clytia,0,0,TRUE,ASV498,2,Clytia gregaria
edna0037,ASV1029,motu891,Lottia scutum,Plate limpet,species,1,NA,NA,NA,4,NA,NA,NA,NA,NA,NA,Lottia scutum,Plate limpet,2018_wfb_surface,wfb,beach_seine,2018-07-13,2018-07-12,2018,surface,1,edna_wfb_00,surface,biological,12.5,30.95,7.97,NA,NA,NA,5.3,1000,0,51.66858165,-128.1194495,sand,y,350,se,none,none,none_sand,none_sand,100,3.150669999999998e-153,300,Metazoa,Mollusca,Mollusca,NA,Lottiidae,Lottia,0,0,TRUE,ASV1029,1,Lottia scutum
edna0037,ASV1367,motu1153,Cyanea,Lions mane jellyfish species,genus,1,1,NA,1,33,74,NA,NA,NA,NA,53,Cyanea,Lions mane jellyfish species,2018_wfb_surface,wfb,beach_seine,2018-07-13,2018-07-12,2018,surface,1,edna_wfb_00,surface,biological,12.5,30.95,7.97,NA,NA,NA,5.3,1000,0,51.66858165,-128.1194495,sand,y,350,se,none,none,none_sand,none_sand,100,3.2351099999999996e-158,309,Metazoa,Cnidaria,Scyphozoa,Semaeostomeae,Cyaneidae,Cyanea,0,0,TRUE,ASV1367,2,NA
edna0037,ASV1475,motu1246,Cyanea,Lions mane jellyfish species,genus,1,1,NA,NA,34,72,NA,NA,NA,NA,NA,Cyanea,Lions mane jellyfish species,2018_wfb_surface,wfb,beach_seine,2018-07-13,2018-07-12,2018,surface,1,edna_wfb_00,surface,biological,12.5,30.95,7.97,NA,NA,NA,5.3,1000,0,51.66858165,-128.1194495,sand,y,350,se,none,none,none_sand,none_sand,100,3.2351099999999996e-158,309,Metazoa,Cnidaria,Scyphozoa,Semaeostomeae,Cyaneidae,Cyanea,0,0,TRUE,ASV1475,2,NA
edna0037,ASV753,motu492,Eupolymnia heterobranchia,Brown intertidal spaghetti worm,species,1,1,NA,1,78,138,NA,260,267,NA,142,Eupolymnia heterobranchia,Brown intertidal spaghetti worm,2018_wfb_surface,wfb,beach_seine,2018-07-13,2018-07-12,2018,surface,1,edna_wfb_00,surface,biological,12.5,30.95,7.97,NA,NA,NA,5.3,1000,0,51.66858165,-128.1194495,sand,y,350,se,none,none,none_sand,none_sand,100,1.4886099999999998e-156,306,Metazoa,Annelida,Polychaeta,Terebellida,Terebellidae,Eupolymnia,0,0,TRUE,ASV559,3,Eupolymnia heterobranchia
edna0037,ASV1546,motu1303,Chaetognatha,Arrow worm,phylum,1,1,NA,NA,12,7,NA,NA,NA,NA,NA,Chaetognatha,Arrow worm,2018_wfb_surface,wfb,beach_seine,2018-07-13,2018-07-12,2018,surface,1,edna_wfb_00,surface,biological,12.5,30.95,7.97,NA,NA,NA,5.3,1000,0,51.66858165,-128.1194495,sand,y,350,se,none,none,none_sand,none_sand,95.02,1.63074e-81,171,Metazoa,Chaetognatha,NA,NA,NA,NA,0,0,TRUE,ASV1546,2,NA
edna0037,ASV1776,motu989,Eupolymnia heterobranchia,Brown intertidal spaghetti worm,species,1,1,NA,NA,48,146,NA,NA,NA,NA,NA,Eupolymnia heterobranchia,Brown intertidal spaghetti worm,2018_wfb_surface,wfb,beach_seine,2018-07-13,2018-07-12,2018,surface,1,edna_wfb_00,surface,biological,12.5,30.95,7.97,NA,NA,NA,5.3,1000,0,51.66858165,-128.1194495,sand,y,350,se,none,none,none_sand,none_sand,100,1.4886099999999998e-156,306,Metazoa,Annelida,Polychaeta,Terebellida,Terebellidae,Eupolymnia,0,0,TRUE,ASV1154,3,Eupolymnia heterobranchia
edna0037,ASV1492,motu1259,Membranipora membranacea,Coffin box bryozoan,species,1,1,NA,NA,3,10,NA,NA,NA,NA,NA,Membranipora membranacea,Coffin box bryozoan,2018_wfb_surface,wfb,beach_seine,2018-07-13,2018-07-12,2018,surface,1,edna_wfb_00,surface,biological,12.5,30.95,7.97,NA,NA,NA,5.3,1000,0,51.66858165,-128.1194495,sand,y,350,se,none,none,none_sand,none_sand,100,9.252979999999995e-139,274,Metazoa,Bryozoa,Gymnolaemata,Cheilostomatida,Membraniporidae,Membranipora,0,0,TRUE,ASV1492,2,Membranipora membranacea
edna0037,ASV1582,motu1332,Mytilus californianus,California mussel,species,1,1,NA,1,7,15,NA,7,NA,NA,NA,Mytilus californianus,California mussel,2018_wfb_surface,wfb,beach_seine,2018-07-13,2018-07-12,2018,surface,1,edna_wfb_00,surface,biological,12.5,30.95,7.97,NA,NA,NA,5.3,1000,0,51.66858165,-128.1194495,sand,y,350,se,none,none,none_sand,none_sand,100,3.2351099999999996e-158,309,Metazoa,Mollusca,Bivalvia,Mytilida,Mytilidae,Mytilus,0,0,TRUE,ASV1582,5,Mytilus californianus
edna0037,ASV4557,motu1826,Mytilus californianus,California mussel,species,1,NA,NA,NA,11,NA,NA,NA,NA,NA,NA,Mytilus californianus,California mussel,2018_wfb_surface,wfb,beach_seine,2018-07-13,2018-07-12,2018,surface,1,edna_wfb_00,surface,biological,12.5,30.95,7.97,NA,NA,NA,5.3,1000,0,51.66858165,-128.1194495,sand,y,350,se,none,none,none_sand,none_sand,100,3.2351099999999996e-158,309,Metazoa,Mollusca,Bivalvia,Mytilida,Mytilidae,Mytilus,0,0,TRUE,ASV2213,3,Mytilus californianus
edna0037,ASV2796,motu2259,Strongylocentrotus purpuratus,Purple sea urchin,species,1,1,NA,NA,6,6,NA,NA,NA,NA,NA,Strongylocentrotus purpuratus,Purple sea urchin,2018_wfb_surface,wfb,beach_seine,2018-07-13,2018-07-12,2018,surface,1,edna_wfb_00,surface,biological,12.5,30.95,7.97,NA,NA,NA,5.3,1000,0,51.66858165,-128.1194495,sand,y,350,se,none,none,none_sand,none_sand,100,1.96163e-160,313,Metazoa,Echinodermata,Echinoidea,Camarodonta,Strongylocentrotidae,Strongylocentrotus,0,0,TRUE,ASV2796,2,Strongylocentrotus purpuratus
edna0037,ASV2490,motu2027,Phacellophora camtschatica,Fried egg jellyfish,species,1,1,NA,1,5,9,NA,NA,8,NA,3,Phacellophora camtschatica,Fried egg jellyfish,2018_wfb_surface,wfb,beach_seine,2018-07-13,2018-07-12,2018,surface,1,edna_wfb_00,surface,biological,12.5,30.95,7.97,NA,NA,NA,5.3,1000,0,51.66858165,-128.1194495,sand,y,350,se,none,none,none_sand,none_sand,100,1.96163e-160,313,Metazoa,Cnidaria,Scyphozoa,Semaeostomeae,Phacellophoridae,Phacellophora,0,0,TRUE,ASV2490,1,Phacellophora camtschatica
edna0037,ASV4210,motu536,Sabellariidae,Feather duster worm,family,1,NA,NA,NA,9,NA,NA,NA,NA,NA,NA,Sabellariidae,Feather duster worm,2018_wfb_surface,wfb,beach_seine,2018-07-13,2018-07-12,2018,surface,1,edna_wfb_00,surface,biological,12.5,30.95,7.97,NA,NA,NA,5.3,1000,0,51.66858165,-128.1194495,sand,y,350,se,none,none,none_sand,none_sand,99.35,7.002779999999996e-155,303,Metazoa,Annelida,Polychaeta,NA,Sabellariidae,NA,0,0,TRUE,ASV613,7,NA
edna0037,ASV2773,motu2242,Diplostomida,Flatworm,order,1,1,NA,NA,5,4,NA,NA,NA,NA,NA,Diplostomida,Flatworm,2018_wfb_surface,wfb,beach_seine,2018-07-13,2018-07-12,2018,surface,1,edna_wfb_00,surface,biological,12.5,30.95,7.97,NA,NA,NA,5.3,1000,0,51.66858165,-128.1194495,sand,y,350,se,none,none,none_sand,none_sand,96.88,0.0144888,29,Metazoa,Platyhelminthes,Platyhelminthes,Diplostomida,NA,NA,0,0,TRUE,ASV2773,1,NA
edna0037,ASV3696,motu2919,Phacellophora camtschatica,Fried egg jellyfish,species,1,1,NA,NA,3,7,NA,NA,NA,NA,NA,Phacellophora camtschatica,Fried egg jellyfish,2018_wfb_surface,wfb,beach_seine,2018-07-13,2018-07-12,2018,surface,1,edna_wfb_00,surface,biological,12.5,30.95,7.97,NA,NA,NA,5.3,1000,0,51.66858165,-128.1194495,sand,y,350,se,none,none,none_sand,none_sand,100,1.96163e-160,313,Metazoa,Cnidaria,Scyphozoa,Semaeostomeae,Phacellophoridae,Phacellophora,0,0,TRUE,ASV3696,1,Phacellophora camtschatica
edna0037,ASV5195,motu679,Aequorea,Crystal jelly species,genus,1,NA,1,NA,18,NA,14,NA,NA,NA,NA,Aequorea,Crystal jelly species,2018_wfb_surface,wfb,beach_seine,2018-07-13,2018-07-12,2018,surface,1,edna_wfb_00,surface,biological,12.5,30.95,7.97,NA,NA,NA,5.3,1000,0,51.66858165,-128.1194495,sand,y,350,se,none,none,none_sand,none_sand,99.67,6.925819999999995e-155,303,Metazoa,Cnidaria,Hydrozoa,Leptothecata,Aequoreidae,Aequorea,0,0,TRUE,ASV780,4,NA
edna0037,ASV3238,motu244,Ophiopholis kennerlyi,Daisy brittle star,species,1,NA,1,1,15,NA,12,28,44,NA,23,Ophiopholis kennerlyi,Daisy brittle star,2018_wfb_surface,wfb,beach_seine,2018-07-13,2018-07-12,2018,surface,1,edna_wfb_00,surface,biological,12.5,30.95,7.97,NA,NA,NA,5.3,1000,0,51.66858165,-128.1194495,sand,y,350,se,none,none,none_sand,none_sand,99.68,9.126599999999999e-159,310,Metazoa,Echinodermata,Echinodermata,Amphilepidida,Ophiopholidae,Ophiopholis,0,0,TRUE,ASV275,7,Ophiopholis kennerlyi
edna0037,ASV4112,motu3042,Neosabellaria cementarium,Cemented sandmason tubeworm,species,1,NA,NA,NA,2,NA,NA,NA,NA,NA,NA,Neosabellaria cementarium,Cemented sandmason tubeworm,2018_wfb_surface,wfb,beach_seine,2018-07-13,2018-07-12,2018,surface,1,edna_wfb_00,surface,biological,12.5,30.95,7.97,NA,NA,NA,5.3,1000,0,51.66858165,-128.1194495,sand,y,350,se,none,none,none_sand,none_sand,99.04,1.97556e-155,304,Metazoa,Annelida,Polychaeta,NA,Sabellariidae,Neosabellaria,0,0,TRUE,ASV3873,3,Neosabellaria cementarium
edna0038,ASV34,motu31,Centropages abdominalis,Calanoid copepod,species,1,1,NA,1,25,45,NA,NA,NA,NA,31,Centropages abdominalis,Calanoid copepod,2018_wfb_depth,wfb,beach_seine,2018-07-13,2018-07-12,2018,depth,1,edna_wfb_15,depth,biological,10.6,31.55,7.94,NA,NA,NA,5.3,1000,0,51.66850793,-128.1196609,sand,y,350,se,none,none,none_sand,none_sand,100,1.96163e-160,313,Metazoa,Arthropoda,Copepoda,Calanoida,Centropagidae,Centropages,0,0,TRUE,ASV34,19,Centropages abdominalis
edna0038,ASV307,motu118,Mesocentrotus franciscanus,Red sea urchin,species,1,NA,NA,1,13,NA,NA,NA,8,NA,NA,Mesocentrotus franciscanus,Red sea urchin,2018_wfb_depth,wfb,beach_seine,2018-07-13,2018-07-12,2018,depth,1,edna_wfb_15,depth,biological,10.6,31.55,7.94,NA,NA,NA,5.3,1000,0,51.66850793,-128.1196609,sand,y,350,se,none,none,none_sand,none_sand,100,7.02982e-160,312,Metazoa,Echinodermata,Echinoidea,Camarodonta,Strongylocentrotidae,Mesocentrotus,0,0,TRUE,ASV132,8,Mesocentrotus franciscanus
edna0038,ASV233,motu74,Euchlanidae,Rotifer,family,1,1,NA,NA,19,46,NA,NA,NA,NA,NA,No Results,No Results,2018_wfb_depth,wfb,beach_seine,2018-07-13,2018-07-12,2018,depth,1,edna_wfb_15,depth,biological,10.6,31.55,7.94,NA,NA,NA,5.3,1000,0,51.66850793,-128.1196609,sand,y,350,se,none,none,none_sand,none_sand,91.35,3.005919999999998e-29,77,Metazoa,Rotifera,Rotifera,Ploima,Euchlanidae,NA,1,NA,TRUE,ASV84,2,NA
edna0038,ASV205,motu181,Pseudocalanus mimus,Calanoid copepod,species,1,1,NA,NA,15,27,NA,NA,NA,NA,NA,Pseudocalanus mimus,Calanoid copepod,2018_wfb_depth,wfb,beach_seine,2018-07-13,2018-07-12,2018,depth,1,edna_wfb_15,depth,biological,10.6,31.55,7.94,NA,NA,NA,5.3,1000,0,51.66850793,-128.1196609,sand,y,350,se,none,none,none_sand,none_sand,100,1.18898e-152,299,Metazoa,Arthropoda,Copepoda,Calanoida,Clausocalanidae,Pseudocalanus,0,0,TRUE,ASV205,8,Pseudocalanus mimus
edna0038,ASV416,motu366,Pseudocalanus mimus,Calanoid copepod,species,1,1,NA,NA,16,37,NA,NA,NA,NA,NA,Pseudocalanus mimus,Calanoid copepod,2018_wfb_depth,wfb,beach_seine,2018-07-13,2018-07-12,2018,depth,1,edna_wfb_15,depth,biological,10.6,31.55,7.94,NA,NA,NA,5.3,1000,0,51.66850793,-128.1196609,sand,y,350,se,none,none,none_sand,none_sand,100,1.18898e-152,299,Metazoa,Arthropoda,Copepoda,Calanoida,Clausocalanidae,Pseudocalanus,0,0,TRUE,ASV416,7,Pseudocalanus mimus
edna0038,ASV452,motu183,Euchlanidae,Rotifer,family,1,1,NA,NA,38,41,NA,NA,NA,NA,NA,No Results,No Results,2018_wfb_depth,wfb,beach_seine,2018-07-13,2018-07-12,2018,depth,1,edna_wfb_15,depth,biological,10.6,31.55,7.94,NA,NA,NA,5.3,1000,0,51.66850793,-128.1196609,sand,y,350,se,none,none,none_sand,none_sand,91.35,3.005919999999998e-29,77,Metazoa,Rotifera,Rotifera,Ploima,Euchlanidae,NA,1,NA,TRUE,ASV208,2,NA
edna0038,ASV232,motu204,Cecidomyiidae,Hexapod,genus,1,1,1,1,45,57,21,41,34,NA,24,Cecidomyiidae,Hexapod,2018_wfb_depth,wfb,beach_seine,2018-07-13,2018-07-12,2018,depth,1,edna_wfb_15,depth,biological,10.6,31.55,7.94,NA,NA,NA,5.3,1000,0,51.66850793,-128.1196609,sand,y,350,se,none,none,none_sand,none_sand,100,0.00408744,30,Metazoa,Arthropoda,Arthropoda,Diptera,Cecidomyiidae,Cecidomyiidae,NA,NA,TRUE,ASV232,1,NA
edna0038,ASV354,motu313,Mitrocoma cellularia,Cross jelly,species,1,1,1,1,55,80,34,76,50,NA,21,Mitrocoma cellularia,Cross jelly,2018_wfb_depth,wfb,beach_seine,2018-07-13,2018-07-12,2018,depth,1,edna_wfb_15,depth,biological,10.6,31.55,7.94,NA,NA,NA,5.3,1000,0,51.66850793,-128.1196609,sand,y,350,se,none,none,none_sand,none_sand,100,1.4886099999999998e-156,306,Metazoa,Cnidaria,Hydrozoa,Leptothecata,Mitrocomidae,Mitrocoma,0,0,TRUE,ASV354,2,Mitrocoma cellularia
edna0038,ASV616,motu537,Mitrocoma cellularia,Cross jelly,species,1,1,NA,NA,42,80,NA,NA,NA,NA,NA,Mitrocoma cellularia,Cross jelly,2018_wfb_depth,wfb,beach_seine,2018-07-13,2018-07-12,2018,depth,1,edna_wfb_15,depth,biological,10.6,31.55,7.94,NA,NA,NA,5.3,1000,0,51.66850793,-128.1196609,sand,y,350,se,none,none,none_sand,none_sand,100,1.4886099999999998e-156,306,Metazoa,Cnidaria,Hydrozoa,Leptothecata,Mitrocomidae,Mitrocoma,0,0,TRUE,ASV616,6,Mitrocoma cellularia
edna0038,ASV595,motu522,Cecidomyiidae,Hexapod,genus,1,1,NA,NA,43,69,NA,NA,NA,NA,NA,Cecidomyiidae,Hexapod,2018_wfb_depth,wfb,beach_seine,2018-07-13,2018-07-12,2018,depth,1,edna_wfb_15,depth,biological,10.6,31.55,7.94,NA,NA,NA,5.3,1000,0,51.66850793,-128.1196609,sand,y,350,se,none,none,none_sand,none_sand,100,0.00408744,30,Metazoa,Arthropoda,Arthropoda,Diptera,Cecidomyiidae,Cecidomyiidae,NA,NA,TRUE,ASV595,1,NA
edna0038,ASV834,motu128,Centropages abdominalis,Calanoid copepod,species,1,1,NA,NA,29,39,NA,NA,NA,NA,NA,Centropages abdominalis,Calanoid copepod,2018_wfb_depth,wfb,beach_seine,2018-07-13,2018-07-12,2018,depth,1,edna_wfb_15,depth,biological,10.6,31.55,7.94,NA,NA,NA,5.3,1000,0,51.66850793,-128.1196609,sand,y,350,se,none,none,none_sand,none_sand,99.68,9.126599999999999e-159,310,Metazoa,Arthropoda,Copepoda,Calanoida,Centropagidae,Centropages,0,0,TRUE,ASV143,11,Centropages abdominalis
edna0038,ASV713,motu350,Synchaeta pectinata,Rotifer,species,1,1,NA,1,9,16,NA,9,5,NA,4,Synchaeta pectinata,Rotifer,2018_wfb_depth,wfb,beach_seine,2018-07-13,2018-07-12,2018,depth,1,edna_wfb_15,depth,biological,10.6,31.55,7.94,NA,NA,NA,5.3,1000,0,51.66850793,-128.1196609,sand,y,350,se,none,none,none_sand,none_sand,90.79,3.5361899999999996e-113,228,Metazoa,Rotifera,Eurotatoria,Ploima,Synchaetidae,Synchaeta,0,0,TRUE,ASV398,4,Synchaeta pectinata
edna0038,ASV750,motu654,Orobdella,Freshwater leech,genus,1,1,NA,NA,12,12,NA,NA,NA,NA,NA,Orobdella,Freshwater leech,2018_wfb_depth,wfb,beach_seine,2018-07-13,2018-07-12,2018,depth,1,edna_wfb_15,depth,biological,10.6,31.55,7.94,NA,NA,NA,5.3,1000,0,51.66850793,-128.1196609,sand,y,350,se,none,none,none_sand,none_sand,97.06,0.00121031,31,Metazoa,Annelida,Annelida,Erpobdelliformes,Orobdellidae,Orobdella,NA,NA,TRUE,ASV750,1,NA
edna0038,ASV674,motu334,Synchaeta pectinata,Rotifer,species,1,1,1,1,9,20,7,17,6,NA,5,Synchaeta pectinata,Rotifer,2018_wfb_depth,wfb,beach_seine,2018-07-13,2018-07-12,2018,depth,1,edna_wfb_15,depth,biological,10.6,31.55,7.94,NA,NA,NA,5.3,1000,0,51.66850793,-128.1196609,sand,y,350,se,none,none,none_sand,none_sand,90.79,3.5361899999999996e-113,228,Metazoa,Rotifera,Eurotatoria,Ploima,Synchaetidae,Synchaeta,0,0,TRUE,ASV377,5,Synchaeta pectinata
edna0038,ASV640,motu105,Mesocentrotus franciscanus,Red sea urchin,species,1,NA,NA,NA,7,NA,NA,NA,NA,NA,NA,Mesocentrotus franciscanus,Red sea urchin,2018_wfb_depth,wfb,beach_seine,2018-07-13,2018-07-12,2018,depth,1,edna_wfb_15,depth,biological,10.6,31.55,7.94,NA,NA,NA,5.3,1000,0,51.66850793,-128.1196609,sand,y,350,se,none,none,none_sand,none_sand,100,1.96163e-160,313,Metazoa,Echinodermata,Echinoidea,Camarodonta,Strongylocentrotidae,Mesocentrotus,0,0,TRUE,ASV118,8,Mesocentrotus franciscanus
edna0038,ASV1475,motu1246,Cyanea,Lions mane jellyfish species,genus,1,1,NA,NA,5,8,NA,NA,NA,NA,NA,Cyanea,Lions mane jellyfish species,2018_wfb_depth,wfb,beach_seine,2018-07-13,2018-07-12,2018,depth,1,edna_wfb_15,depth,biological,10.6,31.55,7.94,NA,NA,NA,5.3,1000,0,51.66850793,-128.1196609,sand,y,350,se,none,none,none_sand,none_sand,100,3.2351099999999996e-158,309,Metazoa,Cnidaria,Scyphozoa,Semaeostomeae,Cyaneidae,Cyanea,0,0,TRUE,ASV1475,2,NA
edna0038,ASV1384,motu1168,Membranipora membranacea,Coffin box bryozoan,species,1,1,NA,NA,13,13,NA,NA,NA,NA,NA,Membranipora membranacea,Coffin box bryozoan,2018_wfb_depth,wfb,beach_seine,2018-07-13,2018-07-12,2018,depth,1,edna_wfb_15,depth,biological,10.6,31.55,7.94,NA,NA,NA,5.3,1000,0,51.66850793,-128.1196609,sand,y,350,se,none,none,none_sand,none_sand,100,9.252979999999995e-139,274,Metazoa,Bryozoa,Gymnolaemata,Cheilostomatida,Membraniporidae,Membranipora,0,0,TRUE,ASV1384,2,Membranipora membranacea
edna0038,ASV1546,motu1303,Chaetognatha,Arrow worm,phylum,1,NA,NA,NA,20,NA,NA,NA,NA,NA,NA,Chaetognatha,Arrow worm,2018_wfb_depth,wfb,beach_seine,2018-07-13,2018-07-12,2018,depth,1,edna_wfb_15,depth,biological,10.6,31.55,7.94,NA,NA,NA,5.3,1000,0,51.66850793,-128.1196609,sand,y,350,se,none,none,none_sand,none_sand,95.02,1.63074e-81,171,Metazoa,Chaetognatha,NA,NA,NA,NA,0,0,TRUE,ASV1546,2,NA
edna0038,ASV1748,motu1459,Chaetognatha,Arrow worm,phylum,1,1,NA,NA,16,13,NA,NA,NA,NA,NA,Chaetognatha,Arrow worm,2018_wfb_depth,wfb,beach_seine,2018-07-13,2018-07-12,2018,depth,1,edna_wfb_15,depth,biological,10.6,31.55,7.94,NA,NA,NA,5.3,1000,0,51.66850793,-128.1196609,sand,y,350,se,none,none,none_sand,none_sand,95.02,1.63074e-81,171,Metazoa,Chaetognatha,NA,NA,NA,NA,0,0,TRUE,ASV1748,1,NA
edna0038,ASV1492,motu1259,Membranipora membranacea,Coffin box bryozoan,species,1,1,NA,NA,6,17,NA,NA,NA,NA,NA,Membranipora membranacea,Coffin box bryozoan,2018_wfb_depth,wfb,beach_seine,2018-07-13,2018-07-12,2018,depth,1,edna_wfb_15,depth,biological,10.6,31.55,7.94,NA,NA,NA,5.3,1000,0,51.66850793,-128.1196609,sand,y,350,se,none,none,none_sand,none_sand,100,9.252979999999995e-139,274,Metazoa,Bryozoa,Gymnolaemata,Cheilostomatida,Membraniporidae,Membranipora,0,0,TRUE,ASV1492,2,Membranipora membranacea
edna0038,ASV1168,motu1001,Anthopleura elegantissima,Aggregating anemone,species,1,1,1,1,39,55,22,63,40,NA,35,Anthopleura elegantissima,Aggregating anemone,2018_wfb_depth,wfb,beach_seine,2018-07-13,2018-07-12,2018,depth,1,edna_wfb_15,depth,biological,10.6,31.55,7.94,NA,NA,NA,5.3,1000,0,51.66850793,-128.1196609,sand,y,350,se,none,none,none_sand,none_sand,100,1.96163e-160,313,Metazoa,Cnidaria,Cnidaria,Actiniaria,Actiniidae,Anthopleura,0,0,TRUE,ASV1168,1,Anthopleura elegantissima
edna0038,ASV2082,motu1722,Anthopleura elegantissima,Aggregating anemone,species,1,1,NA,NA,28,56,NA,NA,NA,NA,NA,Anthopleura elegantissima,Aggregating anemone,2018_wfb_depth,wfb,beach_seine,2018-07-13,2018-07-12,2018,depth,1,edna_wfb_15,depth,biological,10.6,31.55,7.94,NA,NA,NA,5.3,1000,0,51.66850793,-128.1196609,sand,y,350,se,none,none,none_sand,none_sand,100,1.96163e-160,313,Metazoa,Cnidaria,Cnidaria,Actiniaria,Actiniidae,Anthopleura,0,0,TRUE,ASV2082,1,Anthopleura elegantissima
edna0038,ASV1917,motu1595,Arthropoda,Unknown arthropod,phylum,1,1,NA,NA,2,6,NA,NA,NA,NA,NA,Arthropoda,Unknown arthropod,2018_wfb_depth,wfb,beach_seine,2018-07-13,2018-07-12,2018,depth,1,edna_wfb_15,depth,biological,10.6,31.55,7.94,NA,NA,NA,5.3,1000,0,51.66850793,-128.1196609,sand,y,350,se,none,none,none_sand,none_sand,95,2.34566e-5,34,Metazoa,Arthropoda,NA,NA,NA,NA,NA,NA,TRUE,ASV1917,1,NA
edna0038,ASV3153,motu2527,Aurelia labiata,Moon jelly species,species,1,1,1,1,22,36,15,18,5,NA,NA,Aurelia labiata,Moon jelly species,2018_wfb_depth,wfb,beach_seine,2018-07-13,2018-07-12,2018,depth,1,edna_wfb_15,depth,biological,10.6,31.55,7.94,NA,NA,NA,5.3,1000,0,51.66850793,-128.1196609,sand,y,350,se,none,none,none_sand,none_sand,99.04,1.97556e-155,304,Metazoa,Cnidaria,Scyphozoa,Semaeostomeae,Ulmaridae,Aurelia,0,0,TRUE,ASV3153,1,Aurelia labiata
edna0038,ASV2197,motu1814,Sabellariidae,Feather duster worm,family,1,1,NA,1,8,8,NA,13,NA,NA,NA,Sabellariidae,Feather duster worm,2018_wfb_depth,wfb,beach_seine,2018-07-13,2018-07-12,2018,depth,1,edna_wfb_15,depth,biological,10.6,31.55,7.94,NA,NA,NA,5.3,1000,0,51.66850793,-128.1196609,sand,y,350,se,none,none,none_sand,none_sand,100,1.925639999999999e-155,304,Metazoa,Annelida,Polychaeta,NA,Sabellariidae,NA,0,0,TRUE,ASV2197,2,NA
edna0038,ASV2698,motu2187,Halosydna brevisetosa,Shortscaled worm,species,1,1,1,1,20,49,24,46,30,NA,17,Halosydna brevisetosa,Shortscaled worm,2018_wfb_depth,wfb,beach_seine,2018-07-13,2018-07-12,2018,depth,1,edna_wfb_15,depth,biological,10.6,31.55,7.94,NA,NA,NA,5.3,1000,0,51.66850793,-128.1196609,sand,y,350,se,none,none,none_sand,none_sand,99.36,4.246189999999999e-157,307,Metazoa,Annelida,Polychaeta,Phyllodocida,Polynoidae,Halosydna,0,0,TRUE,ASV2698,1,Halosydna brevisetosa
edna0038,ASV5967,motu4587,Stiliger fuscovittatus,Sap-sucking sea slug,species,1,NA,NA,NA,20,NA,NA,NA,NA,NA,NA,Stiliger fuscovittatus,Sap-sucking sea slug,2018_wfb_depth,wfb,beach_seine,2018-07-13,2018-07-12,2018,depth,1,edna_wfb_15,depth,biological,10.6,31.55,7.94,NA,NA,NA,5.3,1000,0,51.66850793,-128.1196609,sand,y,350,se,none,none,none_sand,none_sand,98.71,1.51583e-151,297,Metazoa,Mollusca,Gastropoda,NA,Limapontiidae,Stiliger,0,0,TRUE,ASV5967,1,Stiliger fuscovittatus
edna0038,ASV4234,motu3319,Axiothella rubrocincta,Bamboo worm,species,1,1,NA,NA,3,2,NA,NA,NA,NA,NA,Axiothella rubrocincta,Bamboo worm,2018_wfb_depth,wfb,beach_seine,2018-07-13,2018-07-12,2018,depth,1,edna_wfb_15,depth,biological,10.6,31.55,7.94,NA,NA,NA,5.3,1000,0,51.66850793,-128.1196609,sand,y,350,se,none,none,none_sand,none_sand,100,1.4886099999999998e-156,306,Metazoa,Annelida,Polychaeta,NA,Maldanidae,Axiothella,0,0,TRUE,ASV4234,1,Axiothella rubrocincta
edna0038,ASV2556,motu2078,Synchaeta triophthalma,Rotifer,species,1,1,1,1,4,6,3,6,8,NA,7,Synchaeta triophthalma,Rotifer,2018_wfb_depth,wfb,beach_seine,2018-07-13,2018-07-12,2018,depth,1,edna_wfb_15,depth,biological,10.6,31.55,7.94,NA,NA,NA,5.3,1000,0,51.66850793,-128.1196609,sand,y,350,se,none,none,none_sand,none_sand,91.35,7.600549999999996e-115,231,Metazoa,Rotifera,Eurotatoria,Ploima,Synchaetidae,Synchaeta,0,0,TRUE,ASV2556,1,Synchaeta triophthalma
edna0038,ASV6513,motu5043,Campanulariidae,Thecate Hydroid,family,1,NA,NA,NA,3,NA,NA,NA,NA,NA,NA,Campanulariidae,Thecate Hydroid,2018_wfb_depth,wfb,beach_seine,2018-07-13,2018-07-12,2018,depth,1,edna_wfb_15,depth,biological,10.6,31.55,7.94,NA,NA,NA,5.3,1000,0,51.66850793,-128.1196609,sand,y,350,se,none,none,none_sand,none_sand,93.59,1.25111e-112,227,Metazoa,Cnidaria,Cnidaria,Leptothecata,Campanulariidae,NA,0,0,TRUE,ASV6513,1,NA
edna0039,ASV34,motu31,Centropages abdominalis,Calanoid copepod,species,1,1,NA,1,7,7,NA,25,26,NA,13,Centropages abdominalis,Calanoid copepod,2018_wfb_surface,wfb,beach_seine,2018-07-13,2018-07-12,2018,surface,2,edna_wfb_30,surface,biological,12.4,31.02,7.95,NA,NA,NA,5.3,1000,0,51.66843974,-128.1199132,sand,y,350,se,none,none,none_sand,none_sand,100,1.96163e-160,313,Metazoa,Arthropoda,Copepoda,Calanoida,Centropagidae,Centropages,0,0,TRUE,ASV34,19,Centropages abdominalis
edna0039,ASV143,motu128,Centropages abdominalis,Calanoid copepod,species,1,1,NA,NA,5,9,NA,NA,NA,NA,NA,Centropages abdominalis,Calanoid copepod,2018_wfb_surface,wfb,beach_seine,2018-07-13,2018-07-12,2018,surface,2,edna_wfb_30,surface,biological,12.4,31.02,7.95,NA,NA,NA,5.3,1000,0,51.66843974,-128.1199132,sand,y,350,se,none,none,none_sand,none_sand,100,1.96163e-160,313,Metazoa,Arthropoda,Copepoda,Calanoida,Centropagidae,Centropages,0,0,TRUE,ASV143,11,Centropages abdominalis
edna0039,ASV307,motu118,Mesocentrotus franciscanus,Red sea urchin,species,1,1,NA,NA,12,8,NA,NA,NA,NA,NA,Mesocentrotus franciscanus,Red sea urchin,2018_wfb_surface,wfb,beach_seine,2018-07-13,2018-07-12,2018,surface,2,edna_wfb_30,surface,biological,12.4,31.02,7.95,NA,NA,NA,5.3,1000,0,51.66843974,-128.1199132,sand,y,350,se,none,none,none_sand,none_sand,100,7.02982e-160,312,Metazoa,Echinodermata,Echinoidea,Camarodonta,Strongylocentrotidae,Mesocentrotus,0,0,TRUE,ASV132,8,Mesocentrotus franciscanus
edna0039,ASV232,motu204,Cecidomyiidae,Hexapod,genus,1,1,1,1,7,13,5,14,15,NA,NA,Cecidomyiidae,Hexapod,2018_wfb_surface,wfb,beach_seine,2018-07-13,2018-07-12,2018,surface,2,edna_wfb_30,surface,biological,12.4,31.02,7.95,NA,NA,NA,5.3,1000,0,51.66843974,-128.1199132,sand,y,350,se,none,none,none_sand,none_sand,100,0.00408744,30,Metazoa,Arthropoda,Arthropoda,Diptera,Cecidomyiidae,Cecidomyiidae,NA,NA,TRUE,ASV232,1,NA
edna0039,ASV354,motu313,Mitrocoma cellularia,Cross jelly,species,1,NA,NA,1,10,NA,NA,20,35,NA,19,Mitrocoma cellularia,Cross jelly,2018_wfb_surface,wfb,beach_seine,2018-07-13,2018-07-12,2018,surface,2,edna_wfb_30,surface,biological,12.4,31.02,7.95,NA,NA,NA,5.3,1000,0,51.66843974,-128.1199132,sand,y,350,se,none,none,none_sand,none_sand,100,1.4886099999999998e-156,306,Metazoa,Cnidaria,Hydrozoa,Leptothecata,Mitrocomidae,Mitrocoma,0,0,TRUE,ASV354,2,Mitrocoma cellularia
edna0039,ASV616,motu537,Mitrocoma cellularia,Cross jelly,species,1,1,NA,NA,10,7,NA,NA,NA,NA,NA,Mitrocoma cellularia,Cross jelly,2018_wfb_surface,wfb,beach_seine,2018-07-13,2018-07-12,2018,surface,2,edna_wfb_30,surface,biological,12.4,31.02,7.95,NA,NA,NA,5.3,1000,0,51.66843974,-128.1199132,sand,y,350,se,none,none,none_sand,none_sand,100,1.4886099999999998e-156,306,Metazoa,Cnidaria,Hydrozoa,Leptothecata,Mitrocomidae,Mitrocoma,0,0,TRUE,ASV616,6,Mitrocoma cellularia
edna0039,ASV739,motu643,Pseudocalanus mimus,Calanoid copepod,species,1,1,NA,NA,27,38,NA,NA,NA,NA,NA,Pseudocalanus mimus,Calanoid copepod,2018_wfb_surface,wfb,beach_seine,2018-07-13,2018-07-12,2018,surface,2,edna_wfb_30,surface,biological,12.4,31.02,7.95,NA,NA,NA,5.3,1000,0,51.66843974,-128.1199132,sand,y,350,se,none,none,none_sand,none_sand,99.67,9.19139e-154,301,Metazoa,Arthropoda,Copepoda,Calanoida,Clausocalanidae,Pseudocalanus,0,0,TRUE,ASV739,3,Pseudocalanus mimus
edna0039,ASV435,motu383,Pseudocalanus mimus,Calanoid copepod,species,1,1,1,1,36,61,15,74,70,NA,60,Pseudocalanus mimus,Calanoid copepod,2018_wfb_surface,wfb,beach_seine,2018-07-13,2018-07-12,2018,surface,2,edna_wfb_30,surface,biological,12.4,31.02,7.95,NA,NA,NA,5.3,1000,0,51.66843974,-128.1199132,sand,y,350,se,none,none,none_sand,none_sand,99.67,9.19139e-154,301,Metazoa,Arthropoda,Copepoda,Calanoida,Clausocalanidae,Pseudocalanus,0,0,TRUE,ASV435,4,Pseudocalanus mimus
edna0039,ASV613,motu536,Sabellariidae,Feather duster worm,family,1,1,NA,1,7,6,NA,NA,11,NA,7,Sabellariidae,Feather duster worm,2018_wfb_surface,wfb,beach_seine,2018-07-13,2018-07-12,2018,surface,2,edna_wfb_30,surface,biological,12.4,31.02,7.95,NA,NA,NA,5.3,1000,0,51.66843974,-128.1199132,sand,y,350,se,none,none,none_sand,none_sand,99.68,1.5051499999999994e-156,306,Metazoa,Annelida,Polychaeta,NA,Sabellariidae,NA,0,0,TRUE,ASV613,7,NA
edna0039,ASV521,motu458,Sabellariidae,Feather duster worm,family,1,1,1,1,7,5,4,8,18,NA,NA,Sabellariidae,Feather duster worm,2018_wfb_surface,wfb,beach_seine,2018-07-13,2018-07-12,2018,surface,2,edna_wfb_30,surface,biological,12.4,31.02,7.95,NA,NA,NA,5.3,1000,0,51.66843974,-128.1199132,sand,y,350,se,none,none,none_sand,none_sand,99.68,1.5051499999999994e-156,306,Metazoa,Annelida,Polychaeta,NA,Sabellariidae,NA,0,0,TRUE,ASV521,12,NA
edna0039,ASV780,motu679,Aequorea,Crystal jelly species,genus,1,NA,NA,1,6,NA,NA,NA,16,NA,NA,Aequorea,Crystal jelly species,2018_wfb_surface,wfb,beach_seine,2018-07-13,2018-07-12,2018,surface,2,edna_wfb_30,surface,biological,12.4,31.02,7.95,NA,NA,NA,5.3,1000,0,51.66843974,-128.1199132,sand,y,350,se,none,none,none_sand,none_sand,100,1.4886099999999998e-156,306,Metazoa,Cnidaria,Hydrozoa,Leptothecata,Aequoreidae,Aequorea,0,0,TRUE,ASV780,4,NA
edna0039,ASV775,motu675,Aequorea,Crystal jelly species,genus,1,1,NA,1,9,14,NA,NA,23,NA,21,Aequorea,Crystal jelly species,2018_wfb_surface,wfb,beach_seine,2018-07-13,2018-07-12,2018,surface,2,edna_wfb_30,surface,biological,12.4,31.02,7.95,NA,NA,NA,5.3,1000,0,51.66843974,-128.1199132,sand,y,350,se,none,none,none_sand,none_sand,100,1.4886099999999998e-156,306,Metazoa,Cnidaria,Hydrozoa,Leptothecata,Aequoreidae,Aequorea,0,0,TRUE,ASV775,3,NA
edna0039,ASV1580,motu1330,Sthenelais berkeleyi,Scale worm,species,1,1,NA,NA,28,51,NA,NA,NA,NA,NA,Sthenelais berkeleyi,Scale worm,2018_wfb_surface,wfb,beach_seine,2018-07-13,2018-07-12,2018,surface,2,edna_wfb_30,surface,biological,12.4,31.02,7.95,NA,NA,NA,5.3,1000,0,51.66843974,-128.1199132,sand,y,350,se,none,none,none_sand,none_sand,99.04,1.97556e-155,304,Metazoa,Annelida,Polychaeta,Phyllodocida,Sigalionidae,Sthenelais,0,0,TRUE,ASV1580,1,Sthenelais berkeleyi
edna0039,ASV806,motu702,Sthenelais berkeleyi,Scale worm,species,1,1,1,1,20,54,27,44,53,NA,35,Sthenelais berkeleyi,Scale worm,2018_wfb_surface,wfb,beach_seine,2018-07-13,2018-07-12,2018,surface,2,edna_wfb_30,surface,biological,12.4,31.02,7.95,NA,NA,NA,5.3,1000,0,51.66843974,-128.1199132,sand,y,350,se,none,none,none_sand,none_sand,99.04,1.97556e-155,304,Metazoa,Annelida,Polychaeta,Phyllodocida,Sigalionidae,Sthenelais,0,0,TRUE,ASV806,1,Sthenelais berkeleyi
edna0039,ASV1367,motu1153,Cyanea,Lions mane jellyfish species,genus,1,1,NA,1,25,42,NA,57,NA,NA,NA,Cyanea,Lions mane jellyfish species,2018_wfb_surface,wfb,beach_seine,2018-07-13,2018-07-12,2018,surface,2,edna_wfb_30,surface,biological,12.4,31.02,7.95,NA,NA,NA,5.3,1000,0,51.66843974,-128.1199132,sand,y,350,se,none,none,none_sand,none_sand,100,3.2351099999999996e-158,309,Metazoa,Cnidaria,Scyphozoa,Semaeostomeae,Cyaneidae,Cyanea,0,0,TRUE,ASV1367,2,NA
edna0039,ASV1475,motu1246,Cyanea,Lions mane jellyfish species,genus,1,1,NA,NA,21,59,NA,NA,NA,NA,NA,Cyanea,Lions mane jellyfish species,2018_wfb_surface,wfb,beach_seine,2018-07-13,2018-07-12,2018,surface,2,edna_wfb_30,surface,biological,12.4,31.02,7.95,NA,NA,NA,5.3,1000,0,51.66843974,-128.1199132,sand,y,350,se,none,none,none_sand,none_sand,100,3.2351099999999996e-158,309,Metazoa,Cnidaria,Scyphozoa,Semaeostomeae,Cyaneidae,Cyanea,0,0,TRUE,ASV1475,2,NA
edna0039,ASV753,motu492,Eupolymnia heterobranchia,Brown intertidal spaghetti worm,species,1,NA,NA,NA,11,NA,NA,NA,NA,NA,NA,Eupolymnia heterobranchia,Brown intertidal spaghetti worm,2018_wfb_surface,wfb,beach_seine,2018-07-13,2018-07-12,2018,surface,2,edna_wfb_30,surface,biological,12.4,31.02,7.95,NA,NA,NA,5.3,1000,0,51.66843974,-128.1199132,sand,y,350,se,none,none,none_sand,none_sand,100,1.4886099999999998e-156,306,Metazoa,Annelida,Polychaeta,Terebellida,Terebellidae,Eupolymnia,0,0,TRUE,ASV559,3,Eupolymnia heterobranchia
edna0039,ASV1040,motu897,Oithona similis,Cyclopoid copepod,species,1,1,1,1,7,5,3,6,NA,NA,NA,Oithona similis,Cyclopoid copepod,2018_wfb_surface,wfb,beach_seine,2018-07-13,2018-07-12,2018,surface,2,edna_wfb_30,surface,biological,12.4,31.02,7.95,NA,NA,NA,5.3,1000,0,51.66843974,-128.1199132,sand,y,350,se,none,none,none_sand,none_sand,96.17,2.0179399999999996e-140,277,Metazoa,Arthropoda,Copepoda,Cyclopoida,Oithonidae,Oithona,0,0,TRUE,ASV1040,1,Oithona similis
edna0039,ASV1776,motu989,Eupolymnia heterobranchia,Brown intertidal spaghetti worm,species,1,NA,NA,NA,5,NA,NA,NA,NA,NA,NA,Eupolymnia heterobranchia,Brown intertidal spaghetti worm,2018_wfb_surface,wfb,beach_seine,2018-07-13,2018-07-12,2018,surface,2,edna_wfb_30,surface,biological,12.4,31.02,7.95,NA,NA,NA,5.3,1000,0,51.66843974,-128.1199132,sand,y,350,se,none,none,none_sand,none_sand,100,1.4886099999999998e-156,306,Metazoa,Annelida,Polychaeta,Terebellida,Terebellidae,Eupolymnia,0,0,TRUE,ASV1154,3,Eupolymnia heterobranchia
edna0039,ASV3910,motu1419,Aurelia labiata,Moon jelly species,species,1,NA,NA,NA,9,NA,NA,NA,NA,NA,NA,Aurelia labiata,Moon jelly species,2018_wfb_surface,wfb,beach_seine,2018-07-13,2018-07-12,2018,surface,2,edna_wfb_30,surface,biological,12.4,31.02,7.95,NA,NA,NA,5.3,1000,0,51.66843974,-128.1199132,sand,y,350,se,none,none,none_sand,none_sand,99.68,9.126599999999999e-159,310,Metazoa,Cnidaria,Scyphozoa,Semaeostomeae,Ulmaridae,Aurelia,0,0,TRUE,ASV1698,4,Aurelia labiata
edna0039,ASV1722,motu1438,Aurelia labiata,Moon jelly species,species,1,1,NA,NA,9,21,NA,NA,NA,NA,NA,Aurelia labiata,Moon jelly species,2018_wfb_surface,wfb,beach_seine,2018-07-13,2018-07-12,2018,surface,2,edna_wfb_30,surface,biological,12.4,31.02,7.95,NA,NA,NA,5.3,1000,0,51.66843974,-128.1199132,sand,y,350,se,none,none,none_sand,none_sand,99.36,4.246189999999999e-157,307,Metazoa,Cnidaria,Scyphozoa,Semaeostomeae,Ulmaridae,Aurelia,0,0,TRUE,ASV1722,4,Aurelia labiata
edna0039,ASV4234,motu3319,Axiothella rubrocincta,Bamboo worm,species,1,1,NA,NA,6,6,NA,NA,NA,NA,NA,Axiothella rubrocincta,Bamboo worm,2018_wfb_surface,wfb,beach_seine,2018-07-13,2018-07-12,2018,surface,2,edna_wfb_30,surface,biological,12.4,31.02,7.95,NA,NA,NA,5.3,1000,0,51.66843974,-128.1199132,sand,y,350,se,none,none,none_sand,none_sand,100,1.4886099999999998e-156,306,Metazoa,Annelida,Polychaeta,NA,Maldanidae,Axiothella,0,0,TRUE,ASV4234,1,Axiothella rubrocincta
edna0039,ASV6049,motu190,Mytilus,Mussel species,genus,1,NA,1,NA,11,NA,8,NA,NA,NA,NA,Mytilus trossulus,Bay mussel,2018_wfb_surface,wfb,beach_seine,2018-07-13,2018-07-12,2018,surface,2,edna_wfb_30,surface,biological,12.4,31.02,7.95,NA,NA,NA,5.3,1000,0,51.66843974,-128.1199132,sand,y,350,se,none,none,none_sand,none_sand,99.68,1.5051499999999994e-156,306,Metazoa,Mollusca,Mollusca,Mytilida,Mytilidae,Mytilus,0,0,TRUE,ASV216,23,NA
edna0039,ASV2941,motu2370,Axiothella rubrocincta,Bamboo worm,species,1,1,1,1,2,9,2,10,11,NA,NA,Axiothella rubrocincta,Bamboo worm,2018_wfb_surface,wfb,beach_seine,2018-07-13,2018-07-12,2018,surface,2,edna_wfb_30,surface,biological,12.4,31.02,7.95,NA,NA,NA,5.3,1000,0,51.66843974,-128.1199132,sand,y,350,se,none,none,none_sand,none_sand,100,1.4886099999999998e-156,306,Metazoa,Annelida,Polychaeta,NA,Maldanidae,Axiothella,0,0,TRUE,ASV2941,1,Axiothella rubrocincta
edna0040,ASV25,motu22,Acartia (Acartiura) longiremis,Calanoid copepod,species,1,1,NA,1,54,79,NA,170,148,NA,195,Acartia (Acartiura) longiremis,Calanoid copepod,2018_wfb_depth,wfb,beach_seine,2018-07-13,2018-07-12,2018,depth,2,edna_wfb_00,depth,biological,10.6,31.55,7.96,NA,NA,NA,5.3,1000,0,51.66858165,-128.1194495,sand,y,350,se,none,none,none_sand,none_sand,100,1.96163e-160,313,Metazoa,Arthropoda,Copepoda,Calanoida,Acartiidae,Acartia,0,0,TRUE,ASV25,27,Acartia (Acartiura) longiremis
edna0040,ASV81,motu71,Acartia (Acartiura) longiremis,Calanoid copepod,species,1,1,NA,NA,46,92,NA,NA,NA,NA,NA,Acartia (Acartiura) longiremis,Calanoid copepod,2018_wfb_depth,wfb,beach_seine,2018-07-13,2018-07-12,2018,depth,2,edna_wfb_00,depth,biological,10.6,31.55,7.96,NA,NA,NA,5.3,1000,0,51.66858165,-128.1194495,sand,y,350,se,none,none,none_sand,none_sand,100,1.96163e-160,313,Metazoa,Arthropoda,Copepoda,Calanoida,Acartiidae,Acartia,0,0,TRUE,ASV81,23,Acartia (Acartiura) longiremis
edna0040,ASV143,motu128,Centropages abdominalis,Calanoid copepod,species,1,1,NA,NA,8,8,NA,NA,NA,NA,NA,Centropages abdominalis,Calanoid copepod,2018_wfb_depth,wfb,beach_seine,2018-07-13,2018-07-12,2018,depth,2,edna_wfb_00,depth,biological,10.6,31.55,7.96,NA,NA,NA,5.3,1000,0,51.66858165,-128.1194495,sand,y,350,se,none,none,none_sand,none_sand,100,1.96163e-160,313,Metazoa,Arthropoda,Copepoda,Calanoida,Centropagidae,Centropages,0,0,TRUE,ASV143,11,Centropages abdominalis
edna0040,ASV189,motu165,Polydora,Spionid polychaete,genus,1,1,1,1,29,36,17,37,50,NA,62,Polydora,Spionid polychaete,2018_wfb_depth,wfb,beach_seine,2018-07-13,2018-07-12,2018,depth,2,edna_wfb_00,depth,biological,10.6,31.55,7.96,NA,NA,NA,5.3,1000,0,51.66858165,-128.1194495,sand,y,350,se,none,none,none_sand,none_sand,99.04,1.97556e-155,304,Metazoa,Annelida,Annelida,Spionida,Spionidae,Polydora,0,0,TRUE,ASV189,1,NA
edna0040,ASV171,motu150,Pseudocalanus mimus,Calanoid copepod,species,1,1,1,1,50,104,37,102,153,NA,142,Pseudocalanus mimus,Calanoid copepod,2018_wfb_depth,wfb,beach_seine,2018-07-13,2018-07-12,2018,depth,2,edna_wfb_00,depth,biological,10.6,31.55,7.96,NA,NA,NA,5.3,1000,0,51.66858165,-128.1194495,sand,y,350,se,none,none,none_sand,none_sand,99.67,9.19139e-154,301,Metazoa,Arthropoda,Copepoda,Calanoida,Clausocalanidae,Pseudocalanus,0,0,TRUE,ASV171,10,Pseudocalanus mimus
edna0040,ASV343,motu303,Pseudocalanus mimus,Calanoid copepod,species,1,1,NA,NA,54,91,NA,NA,NA,NA,NA,Pseudocalanus mimus,Calanoid copepod,2018_wfb_depth,wfb,beach_seine,2018-07-13,2018-07-12,2018,depth,2,edna_wfb_00,depth,biological,10.6,31.55,7.96,NA,NA,NA,5.3,1000,0,51.66858165,-128.1194495,sand,y,350,se,none,none,none_sand,none_sand,99.67,9.19139e-154,301,Metazoa,Arthropoda,Copepoda,Calanoida,Clausocalanidae,Pseudocalanus,0,0,TRUE,ASV343,11,Pseudocalanus mimus
edna0040,ASV248,motu219,Polydora,Spionid polychaete,genus,1,1,1,1,25,34,22,27,54,NA,NA,Polydora,Spionid polychaete,2018_wfb_depth,wfb,beach_seine,2018-07-13,2018-07-12,2018,depth,2,edna_wfb_00,depth,biological,10.6,31.55,7.96,NA,NA,NA,5.3,1000,0,51.66858165,-128.1194495,sand,y,350,se,none,none,none_sand,none_sand,99.04,1.97556e-155,304,Metazoa,Annelida,Annelida,Spionida,Spionidae,Polydora,0,0,TRUE,ASV248,2,NA
edna0040,ASV307,motu118,Mesocentrotus franciscanus,Red sea urchin,species,1,NA,NA,1,3,NA,NA,10,NA,NA,NA,Mesocentrotus franciscanus,Red sea urchin,2018_wfb_depth,wfb,beach_seine,2018-07-13,2018-07-12,2018,depth,2,edna_wfb_00,depth,biological,10.6,31.55,7.96,NA,NA,NA,5.3,1000,0,51.66858165,-128.1194495,sand,y,350,se,none,none,none_sand,none_sand,100,7.02982e-160,312,Metazoa,Echinodermata,Echinoidea,Camarodonta,Strongylocentrotidae,Mesocentrotus,0,0,TRUE,ASV132,8,Mesocentrotus franciscanus
edna0040,ASV216,motu190,Mytilus trossulus,Bay mussel,species,1,1,NA,1,13,12,NA,14,21,NA,NA,Mytilus trossulus,Bay mussel,2018_wfb_depth,wfb,beach_seine,2018-07-13,2018-07-12,2018,depth,2,edna_wfb_00,depth,biological,10.6,31.55,7.96,NA,NA,NA,5.3,1000,0,51.66858165,-128.1194495,sand,y,350,se,none,none,none_sand,none_sand,100,3.2351099999999996e-158,309,Metazoa,Mollusca,Mollusca,Mytilida,Mytilidae,Mytilus,0,0,TRUE,ASV216,23,Mytilus trossulus
edna0040,ASV232,motu204,Cecidomyiidae,Hexapod,genus,1,1,1,1,14,28,10,9,34,NA,29,Cecidomyiidae,Hexapod,2018_wfb_depth,wfb,beach_seine,2018-07-13,2018-07-12,2018,depth,2,edna_wfb_00,depth,biological,10.6,31.55,7.96,NA,NA,NA,5.3,1000,0,51.66858165,-128.1194495,sand,y,350,se,none,none,none_sand,none_sand,100,0.00408744,30,Metazoa,Arthropoda,Arthropoda,Diptera,Cecidomyiidae,Cecidomyiidae,NA,NA,TRUE,ASV232,1,NA
edna0040,ASV354,motu313,Mitrocoma cellularia,Cross jelly,species,1,1,1,1,17,39,15,13,41,NA,27,Mitrocoma cellularia,Cross jelly,2018_wfb_depth,wfb,beach_seine,2018-07-13,2018-07-12,2018,depth,2,edna_wfb_00,depth,biological,10.6,31.55,7.96,NA,NA,NA,5.3,1000,0,51.66858165,-128.1194495,sand,y,350,se,none,none,none_sand,none_sand,100,1.4886099999999998e-156,306,Metazoa,Cnidaria,Hydrozoa,Leptothecata,Mitrocomidae,Mitrocoma,0,0,TRUE,ASV354,2,Mitrocoma cellularia
edna0040,ASV275,motu244,Ophiopholis kennerlyi,Daisy brittle star,species,1,1,1,1,23,48,19,88,67,NA,76,Ophiopholis kennerlyi,Daisy brittle star,2018_wfb_depth,wfb,beach_seine,2018-07-13,2018-07-12,2018,depth,2,edna_wfb_00,depth,biological,10.6,31.55,7.96,NA,NA,NA,5.3,1000,0,51.66858165,-128.1194495,sand,y,350,se,none,none,none_sand,none_sand,100,1.96163e-160,313,Metazoa,Echinodermata,Echinodermata,Amphilepidida,Ophiopholidae,Ophiopholis,0,0,TRUE,ASV275,7,Ophiopholis kennerlyi
edna0040,ASV616,motu537,Mitrocoma cellularia,Cross jelly,species,1,1,NA,NA,14,34,NA,NA,NA,NA,NA,Mitrocoma cellularia,Cross jelly,2018_wfb_depth,wfb,beach_seine,2018-07-13,2018-07-12,2018,depth,2,edna_wfb_00,depth,biological,10.6,31.55,7.96,NA,NA,NA,5.3,1000,0,51.66858165,-128.1194495,sand,y,350,se,none,none,none_sand,none_sand,100,1.4886099999999998e-156,306,Metazoa,Cnidaria,Hydrozoa,Leptothecata,Mitrocomidae,Mitrocoma,0,0,TRUE,ASV616,6,Mitrocoma cellularia
edna0040,ASV595,motu522,Cecidomyiidae,Hexapod,genus,1,1,NA,NA,8,23,NA,NA,NA,NA,NA,Cecidomyiidae,Hexapod,2018_wfb_depth,wfb,beach_seine,2018-07-13,2018-07-12,2018,depth,2,edna_wfb_00,depth,biological,10.6,31.55,7.96,NA,NA,NA,5.3,1000,0,51.66858165,-128.1194495,sand,y,350,se,none,none,none_sand,none_sand,100,0.00408744,30,Metazoa,Arthropoda,Arthropoda,Diptera,Cecidomyiidae,Cecidomyiidae,NA,NA,TRUE,ASV595,1,NA
edna0040,ASV603,motu529,Ophiopholis kennerlyi,Daisy brittle star,species,1,1,NA,NA,15,36,NA,NA,NA,NA,NA,Ophiopholis kennerlyi,Daisy brittle star,2018_wfb_depth,wfb,beach_seine,2018-07-13,2018-07-12,2018,depth,2,edna_wfb_00,depth,biological,10.6,31.55,7.96,NA,NA,NA,5.3,1000,0,51.66858165,-128.1194495,sand,y,350,se,none,none,none_sand,none_sand,100,1.96163e-160,313,Metazoa,Echinodermata,Echinodermata,Amphilepidida,Ophiopholidae,Ophiopholis,0,0,TRUE,ASV603,6,Ophiopholis kennerlyi
edna0040,ASV390,motu343,Dodecaceria,Cirratulid polychaete,genus,1,NA,NA,1,31,NA,NA,NA,163,NA,NA,Dodecaceria,Cirratulid polychaete,2018_wfb_depth,wfb,beach_seine,2018-07-13,2018-07-12,2018,depth,2,edna_wfb_00,depth,biological,10.6,31.55,7.96,NA,NA,NA,5.3,1000,0,51.66858165,-128.1194495,sand,y,350,se,none,none,none_sand,none_sand,100,1.96163e-160,313,Metazoa,Annelida,Polychaeta,Terebellida,Cirratulidae,Dodecaceria,0,0,TRUE,ASV390,6,NA
edna0040,ASV322,motu283,Dodecaceria,Cirratulid polychaete,genus,1,1,1,1,29,55,32,137,193,NA,114,Dodecaceria,Cirratulid polychaete,2018_wfb_depth,wfb,beach_seine,2018-07-13,2018-07-12,2018,depth,2,edna_wfb_00,depth,biological,10.6,31.55,7.96,NA,NA,NA,5.3,1000,0,51.66858165,-128.1194495,sand,y,350,se,none,none,none_sand,none_sand,100,1.96163e-160,313,Metazoa,Annelida,Polychaeta,Terebellida,Cirratulidae,Dodecaceria,0,0,TRUE,ASV322,5,NA
edna0040,ASV613,motu536,Sabellariidae,Feather duster worm,family,1,1,NA,1,21,45,NA,27,40,NA,NA,Sabellariidae,Feather duster worm,2018_wfb_depth,wfb,beach_seine,2018-07-13,2018-07-12,2018,depth,2,edna_wfb_00,depth,biological,10.6,31.55,7.96,NA,NA,NA,5.3,1000,0,51.66858165,-128.1194495,sand,y,350,se,none,none,none_sand,none_sand,99.68,1.5051499999999994e-156,306,Metazoa,Annelida,Polychaeta,NA,Sabellariidae,NA,0,0,TRUE,ASV613,7,NA
edna0040,ASV521,motu458,Sabellariidae,Feather duster worm,family,1,1,1,1,27,38,18,15,32,NA,34,Sabellariidae,Feather duster worm,2018_wfb_depth,wfb,beach_seine,2018-07-13,2018-07-12,2018,depth,2,edna_wfb_00,depth,biological,10.6,31.55,7.96,NA,NA,NA,5.3,1000,0,51.66858165,-128.1194495,sand,y,350,se,none,none,none_sand,none_sand,99.68,1.5051499999999994e-156,306,Metazoa,Annelida,Polychaeta,NA,Sabellariidae,NA,0,0,TRUE,ASV521,12,NA
edna0040,ASV1390,motu1174,Polycirrus,Sphagetti worm,genus,1,NA,NA,NA,46,NA,NA,NA,NA,NA,NA,Polycirrus,Sphagetti worm,2018_wfb_depth,wfb,beach_seine,2018-07-13,2018-07-12,2018,depth,2,edna_wfb_00,depth,biological,10.6,31.55,7.96,NA,NA,NA,5.3,1000,0,51.66858165,-128.1194495,sand,y,350,se,none,none,none_sand,none_sand,100,1.96163e-160,313,Metazoa,Annelida,Polychaeta,Terebellida,Terebellidae,Polycirrus,0,0,TRUE,ASV1390,2,NA
edna0040,ASV670,motu583,Synchaeta triophthalma,Rotifer,species,1,1,NA,1,9,15,NA,NA,16,NA,16,Synchaeta triophthalma,Rotifer,2018_wfb_depth,wfb,beach_seine,2018-07-13,2018-07-12,2018,depth,2,edna_wfb_00,depth,biological,10.6,31.55,7.96,NA,NA,NA,5.3,1000,0,51.66858165,-128.1194495,sand,y,350,se,none,none,none_sand,none_sand,91.99,3.511259999999999e-118,237,Metazoa,Rotifera,Eurotatoria,Ploima,Synchaetidae,Synchaeta,0,0,TRUE,ASV670,4,Synchaeta triophthalma
edna0040,ASV647,motu560,Synchaeta triophthalma,Rotifer,species,1,1,1,1,6,12,5,NA,NA,NA,9,Synchaeta triophthalma,Rotifer,2018_wfb_depth,wfb,beach_seine,2018-07-13,2018-07-12,2018,depth,2,edna_wfb_00,depth,biological,10.6,31.55,7.96,NA,NA,NA,5.3,1000,0,51.66858165,-128.1194495,sand,y,350,se,none,none,none_sand,none_sand,91.99,3.511259999999999e-118,237,Metazoa,Rotifera,Eurotatoria,Ploima,Synchaetidae,Synchaeta,0,0,TRUE,ASV647,4,Synchaeta triophthalma
edna0040,ASV1367,motu1153,Cyanea,Lions mane jellyfish species,genus,1,NA,NA,NA,5,NA,NA,NA,NA,NA,NA,Cyanea,Lions mane jellyfish species,2018_wfb_depth,wfb,beach_seine,2018-07-13,2018-07-12,2018,depth,2,edna_wfb_00,depth,biological,10.6,31.55,7.96,NA,NA,NA,5.3,1000,0,51.66858165,-128.1194495,sand,y,350,se,none,none,none_sand,none_sand,100,3.2351099999999996e-158,309,Metazoa,Cnidaria,Scyphozoa,Semaeostomeae,Cyaneidae,Cyanea,0,0,TRUE,ASV1367,2,NA
edna0040,ASV1732,motu1446,Polycirrus,Sphagetti worm,genus,1,1,NA,NA,60,92,NA,NA,NA,NA,NA,Polycirrus,Sphagetti worm,2018_wfb_depth,wfb,beach_seine,2018-07-13,2018-07-12,2018,depth,2,edna_wfb_00,depth,biological,10.6,31.55,7.96,NA,NA,NA,5.3,1000,0,51.66858165,-128.1194495,sand,y,350,se,none,none,none_sand,none_sand,100,1.96163e-160,313,Metazoa,Annelida,Polychaeta,Terebellida,Terebellidae,Polycirrus,0,0,TRUE,ASV1732,2,NA
edna0040,ASV1546,motu1303,Chaetognatha,Arrow worm,phylum,1,NA,NA,NA,4,NA,NA,NA,NA,NA,NA,Chaetognatha,Arrow worm,2018_wfb_depth,wfb,beach_seine,2018-07-13,2018-07-12,2018,depth,2,edna_wfb_00,depth,biological,10.6,31.55,7.96,NA,NA,NA,5.3,1000,0,51.66858165,-128.1194495,sand,y,350,se,none,none,none_sand,none_sand,95.02,1.63074e-81,171,Metazoa,Chaetognatha,NA,NA,NA,NA,0,0,TRUE,ASV1546,2,NA
edna0040,ASV2840,motu2298,Arthropoda,Unknown arthropod,phylum,1,NA,NA,NA,4,NA,NA,NA,NA,NA,NA,Arthropoda,Unknown arthropod,2018_wfb_depth,wfb,beach_seine,2018-07-13,2018-07-12,2018,depth,2,edna_wfb_00,depth,biological,10.6,31.55,7.96,NA,NA,NA,5.3,1000,0,51.66858165,-128.1194495,sand,y,350,se,none,none,none_sand,none_sand,95,2.34566e-5,34,Metazoa,Arthropoda,NA,NA,NA,NA,NA,NA,TRUE,ASV2840,1,NA
edna0040,ASV2881,motu2328,Coleoptera,Hexapod,order,1,NA,NA,NA,3,NA,NA,NA,NA,NA,NA,Coleoptera,Hexapod,2018_wfb_depth,wfb,beach_seine,2018-07-13,2018-07-12,2018,depth,2,edna_wfb_00,depth,biological,10.6,31.55,7.96,NA,NA,NA,5.3,1000,0,51.66858165,-128.1194495,sand,y,350,se,none,none,none_sand,none_sand,100,0.00110774,31,Metazoa,Arthropoda,Arthropoda,Coleoptera,NA,NA,NA,NA,TRUE,ASV2881,1,NA
edna0040,ASV3058,motu2462,Trinchesia albocrusta,White-crusted aeolid,species,1,1,NA,1,17,36,NA,10,46,NA,29,Trinchesia albocrusta,White-crusted aeolid,2018_wfb_depth,wfb,beach_seine,2018-07-13,2018-07-12,2018,depth,2,edna_wfb_00,depth,biological,10.6,31.55,7.96,NA,NA,NA,5.3,1000,0,51.66858165,-128.1194495,sand,y,350,se,none,none,none_sand,none_sand,99.04,1.97556e-155,304,Metazoa,Mollusca,Mollusca,Nudibranchia,Trinchesiidae,Trinchesia,0,0,TRUE,ASV3058,1,Trinchesia albocrusta
edna0040,ASV4877,motu3772,Trinchesia albocrusta,White-crusted aeolid,species,1,1,NA,NA,14,25,NA,NA,NA,NA,NA,Trinchesia albocrusta,White-crusted aeolid,2018_wfb_depth,wfb,beach_seine,2018-07-13,2018-07-12,2018,depth,2,edna_wfb_00,depth,biological,10.6,31.55,7.96,NA,NA,NA,5.3,1000,0,51.66858165,-128.1194495,sand,y,350,se,none,none,none_sand,none_sand,99.04,1.97556e-155,304,Metazoa,Mollusca,Mollusca,Nudibranchia,Trinchesiidae,Trinchesia,0,0,TRUE,ASV4877,1,Trinchesia albocrusta
edna0040,ASV6856,motu2259,Strongylocentrotus purpuratus,Purple sea urchin,species,1,NA,NA,NA,11,NA,NA,NA,NA,NA,NA,Strongylocentrotus purpuratus,Purple sea urchin,2018_wfb_depth,wfb,beach_seine,2018-07-13,2018-07-12,2018,depth,2,edna_wfb_00,depth,biological,10.6,31.55,7.96,NA,NA,NA,5.3,1000,0,51.66858165,-128.1194495,sand,y,350,se,none,none,none_sand,none_sand,99.68,9.310369999999999e-159,310,Metazoa,Echinodermata,Echinoidea,Camarodonta,Strongylocentrotidae,Strongylocentrotus,0,0,TRUE,ASV2796,2,Strongylocentrotus purpuratus
edna0040,ASV5292,motu2453,Pseudocalanus mimus,Calanoid copepod,species,1,1,NA,NA,10,20,NA,NA,NA,NA,NA,Pseudocalanus mimus,Calanoid copepod,2018_wfb_depth,wfb,beach_seine,2018-07-13,2018-07-12,2018,depth,2,edna_wfb_00,depth,biological,10.6,31.55,7.96,NA,NA,NA,5.3,1000,0,51.66858165,-128.1194495,sand,y,350,se,none,none,none_sand,none_sand,99.67,5.531789999999998e-151,296,Metazoa,Arthropoda,Copepoda,Calanoida,Clausocalanidae,Pseudocalanus,0,0,TRUE,ASV3043,3,Pseudocalanus mimus
edna0041,ASV307,motu118,Mesocentrotus franciscanus,Red sea urchin,species,1,NA,NA,NA,4,NA,NA,NA,NA,NA,NA,Mesocentrotus franciscanus,Red sea urchin,2018_wfb_surface,wfb,beach_seine,2018-07-13,2018-07-12,2018,surface,3,edna_wfb_15,surface,biological,12.1,30.5,7.99,NA,NA,NA,5.3,1000,0,51.66850793,-128.1196609,sand,y,350,se,none,none,none_sand,none_sand,100,7.02982e-160,312,Metazoa,Echinodermata,Echinoidea,Camarodonta,Strongylocentrotidae,Mesocentrotus,0,0,TRUE,ASV132,8,Mesocentrotus franciscanus
edna0041,ASV280,motu190,Mytilus,Mussel species,genus,1,NA,NA,NA,4,NA,NA,NA,NA,NA,NA,Mytilus trossulus,Bay mussel,2018_wfb_surface,wfb,beach_seine,2018-07-13,2018-07-12,2018,surface,3,edna_wfb_15,surface,biological,12.1,30.5,7.99,NA,NA,NA,5.3,1000,0,51.66850793,-128.1196609,sand,y,350,se,none,none,none_sand,none_sand,100,3.2351099999999996e-158,309,Metazoa,Mollusca,Mollusca,Mytilida,Mytilidae,Mytilus,0,0,TRUE,ASV216,23,NA
edna0041,ASV232,motu204,Cecidomyiidae,Hexapod,genus,1,1,1,1,7,6,3,9,18,NA,NA,Cecidomyiidae,Hexapod,2018_wfb_surface,wfb,beach_seine,2018-07-13,2018-07-12,2018,surface,3,edna_wfb_15,surface,biological,12.1,30.5,7.99,NA,NA,NA,5.3,1000,0,51.66850793,-128.1196609,sand,y,350,se,none,none,none_sand,none_sand,100,0.00408744,30,Metazoa,Arthropoda,Arthropoda,Diptera,Cecidomyiidae,Cecidomyiidae,NA,NA,TRUE,ASV232,1,NA
edna0041,ASV616,motu537,Mitrocoma cellularia,Cross jelly,species,1,NA,NA,NA,16,NA,NA,NA,NA,NA,NA,Mitrocoma cellularia,Cross jelly,2018_wfb_surface,wfb,beach_seine,2018-07-13,2018-07-12,2018,surface,3,edna_wfb_15,surface,biological,12.1,30.5,7.99,NA,NA,NA,5.3,1000,0,51.66850793,-128.1196609,sand,y,350,se,none,none,none_sand,none_sand,100,1.4886099999999998e-156,306,Metazoa,Cnidaria,Hydrozoa,Leptothecata,Mitrocomidae,Mitrocoma,0,0,TRUE,ASV616,6,Mitrocoma cellularia
edna0041,ASV390,motu343,Dodecaceria,Cirratulid polychaete,genus,1,1,NA,1,87,151,NA,110,NA,NA,105,Dodecaceria,Cirratulid polychaete,2018_wfb_surface,wfb,beach_seine,2018-07-13,2018-07-12,2018,surface,3,edna_wfb_15,surface,biological,12.1,30.5,7.99,NA,NA,NA,5.3,1000,0,51.66850793,-128.1196609,sand,y,350,se,none,none,none_sand,none_sand,100,1.96163e-160,313,Metazoa,Annelida,Polychaeta,Terebellida,Cirratulidae,Dodecaceria,0,0,TRUE,ASV390,6,NA
edna0041,ASV398,motu350,Synchaeta pectinata,Rotifer,species,1,NA,NA,1,3,NA,NA,NA,NA,NA,8,Synchaeta pectinata,Rotifer,2018_wfb_surface,wfb,beach_seine,2018-07-13,2018-07-12,2018,surface,3,edna_wfb_15,surface,biological,12.1,30.5,7.99,NA,NA,NA,5.3,1000,0,51.66850793,-128.1196609,sand,y,350,se,none,none,none_sand,none_sand,90.48,1.6452299999999999e-111,225,Metazoa,Rotifera,Eurotatoria,Ploima,Synchaetidae,Synchaeta,0,0,TRUE,ASV398,4,Synchaeta pectinata
edna0041,ASV322,motu283,Dodecaceria,Cirratulid polychaete,genus,1,1,1,1,64,128,54,112,115,NA,97,Dodecaceria,Cirratulid polychaete,2018_wfb_surface,wfb,beach_seine,2018-07-13,2018-07-12,2018,surface,3,edna_wfb_15,surface,biological,12.1,30.5,7.99,NA,NA,NA,5.3,1000,0,51.66850793,-128.1196609,sand,y,350,se,none,none,none_sand,none_sand,100,1.96163e-160,313,Metazoa,Annelida,Polychaeta,Terebellida,Cirratulidae,Dodecaceria,0,0,TRUE,ASV322,5,NA
edna0041,ASV739,motu643,Pseudocalanus mimus,Calanoid copepod,species,1,1,NA,NA,42,76,NA,NA,NA,NA,NA,Pseudocalanus mimus,Calanoid copepod,2018_wfb_surface,wfb,beach_seine,2018-07-13,2018-07-12,2018,surface,3,edna_wfb_15,surface,biological,12.1,30.5,7.99,NA,NA,NA,5.3,1000,0,51.66850793,-128.1196609,sand,y,350,se,none,none,none_sand,none_sand,99.67,9.19139e-154,301,Metazoa,Arthropoda,Copepoda,Calanoida,Clausocalanidae,Pseudocalanus,0,0,TRUE,ASV739,3,Pseudocalanus mimus
edna0041,ASV435,motu383,Pseudocalanus mimus,Calanoid copepod,species,1,1,1,1,71,107,45,172,150,NA,117,Pseudocalanus mimus,Calanoid copepod,2018_wfb_surface,wfb,beach_seine,2018-07-13,2018-07-12,2018,surface,3,edna_wfb_15,surface,biological,12.1,30.5,7.99,NA,NA,NA,5.3,1000,0,51.66850793,-128.1196609,sand,y,350,se,none,none,none_sand,none_sand,99.67,9.19139e-154,301,Metazoa,Arthropoda,Copepoda,Calanoida,Clausocalanidae,Pseudocalanus,0,0,TRUE,ASV435,4,Pseudocalanus mimus
edna0041,ASV625,motu545,Phascolosoma (Phascolosoma) agassizii,Agassiz peanut worm,species,1,1,NA,1,8,18,NA,27,NA,NA,NA,Phascolosoma (Phascolosoma) agassizii,Agassiz peanut worm,2018_wfb_surface,wfb,beach_seine,2018-07-13,2018-07-12,2018,surface,3,edna_wfb_15,surface,biological,12.1,30.5,7.99,NA,NA,NA,5.3,1000,0,51.66850793,-128.1196609,sand,y,350,se,none,none,none_sand,none_sand,100,1.96163e-160,313,Metazoa,Annelida,NA,Sipuncula,Phascolosomatidae,Phascolosoma,0,0,TRUE,ASV625,3,Phascolosoma (Phascolosoma) agassizii
edna0041,ASV1154,motu989,Eupolymnia heterobranchia,Brown intertidal spaghetti worm,species,1,1,NA,NA,10,32,NA,NA,NA,NA,NA,Eupolymnia heterobranchia,Brown intertidal spaghetti worm,2018_wfb_surface,wfb,beach_seine,2018-07-13,2018-07-12,2018,surface,3,edna_wfb_15,surface,biological,12.1,30.5,7.99,NA,NA,NA,5.3,1000,0,51.66850793,-128.1196609,sand,y,350,se,none,none,none_sand,none_sand,100,1.4886099999999998e-156,306,Metazoa,Annelida,Polychaeta,Terebellida,Terebellidae,Eupolymnia,0,0,TRUE,ASV1154,3,Eupolymnia heterobranchia
edna0041,ASV640,motu105,Mesocentrotus franciscanus,Red sea urchin,species,1,NA,NA,1,12,NA,NA,NA,NA,NA,14,Mesocentrotus franciscanus,Red sea urchin,2018_wfb_surface,wfb,beach_seine,2018-07-13,2018-07-12,2018,surface,3,edna_wfb_15,surface,biological,12.1,30.5,7.99,NA,NA,NA,5.3,1000,0,51.66850793,-128.1196609,sand,y,350,se,none,none,none_sand,none_sand,100,1.96163e-160,313,Metazoa,Echinodermata,Echinoidea,Camarodonta,Strongylocentrotidae,Mesocentrotus,0,0,TRUE,ASV118,8,Mesocentrotus franciscanus
edna0041,ASV780,motu679,Aequorea,Crystal jelly species,genus,1,1,1,1,21,19,13,15,21,NA,23,Aequorea,Crystal jelly species,2018_wfb_surface,wfb,beach_seine,2018-07-13,2018-07-12,2018,surface,3,edna_wfb_15,surface,biological,12.1,30.5,7.99,NA,NA,NA,5.3,1000,0,51.66850793,-128.1196609,sand,y,350,se,none,none,none_sand,none_sand,100,1.4886099999999998e-156,306,Metazoa,Cnidaria,Hydrozoa,Leptothecata,Aequoreidae,Aequorea,0,0,TRUE,ASV780,4,NA
edna0041,ASV775,motu675,Aequorea,Crystal jelly species,genus,1,1,NA,1,16,15,NA,14,23,NA,26,Aequorea,Crystal jelly species,2018_wfb_surface,wfb,beach_seine,2018-07-13,2018-07-12,2018,surface,3,edna_wfb_15,surface,biological,12.1,30.5,7.99,NA,NA,NA,5.3,1000,0,51.66850793,-128.1196609,sand,y,350,se,none,none,none_sand,none_sand,100,1.4886099999999998e-156,306,Metazoa,Cnidaria,Hydrozoa,Leptothecata,Aequoreidae,Aequorea,0,0,TRUE,ASV775,3,NA
edna0041,ASV1367,motu1153,Cyanea,Lions mane jellyfish species,genus,1,1,NA,NA,21,52,NA,NA,NA,NA,NA,Cyanea,Lions mane jellyfish species,2018_wfb_surface,wfb,beach_seine,2018-07-13,2018-07-12,2018,surface,3,edna_wfb_15,surface,biological,12.1,30.5,7.99,NA,NA,NA,5.3,1000,0,51.66850793,-128.1196609,sand,y,350,se,none,none,none_sand,none_sand,100,3.2351099999999996e-158,309,Metazoa,Cnidaria,Scyphozoa,Semaeostomeae,Cyaneidae,Cyanea,0,0,TRUE,ASV1367,2,NA
edna0041,ASV1475,motu1246,Cyanea,Lions mane jellyfish species,genus,1,1,NA,NA,23,47,NA,NA,NA,NA,NA,Cyanea,Lions mane jellyfish species,2018_wfb_surface,wfb,beach_seine,2018-07-13,2018-07-12,2018,surface,3,edna_wfb_15,surface,biological,12.1,30.5,7.99,NA,NA,NA,5.3,1000,0,51.66850793,-128.1196609,sand,y,350,se,none,none,none_sand,none_sand,100,3.2351099999999996e-158,309,Metazoa,Cnidaria,Scyphozoa,Semaeostomeae,Cyaneidae,Cyanea,0,0,TRUE,ASV1475,2,NA
edna0041,ASV3153,motu2527,Aurelia labiata,Moon jelly species,species,1,NA,1,NA,11,NA,9,NA,NA,NA,NA,Aurelia labiata,Moon jelly species,2018_wfb_surface,wfb,beach_seine,2018-07-13,2018-07-12,2018,surface,3,edna_wfb_15,surface,biological,12.1,30.5,7.99,NA,NA,NA,5.3,1000,0,51.66850793,-128.1196609,sand,y,350,se,none,none,none_sand,none_sand,99.04,1.97556e-155,304,Metazoa,Cnidaria,Scyphozoa,Semaeostomeae,Ulmaridae,Aurelia,0,0,TRUE,ASV3153,1,Aurelia labiata
edna0041,ASV2796,motu2259,Strongylocentrotus purpuratus,Purple sea urchin,species,1,1,NA,NA,8,12,NA,NA,NA,NA,NA,Strongylocentrotus purpuratus,Purple sea urchin,2018_wfb_surface,wfb,beach_seine,2018-07-13,2018-07-12,2018,surface,3,edna_wfb_15,surface,biological,12.1,30.5,7.99,NA,NA,NA,5.3,1000,0,51.66850793,-128.1196609,sand,y,350,se,none,none,none_sand,none_sand,100,1.96163e-160,313,Metazoa,Echinodermata,Echinoidea,Camarodonta,Strongylocentrotidae,Strongylocentrotus,0,0,TRUE,ASV2796,2,Strongylocentrotus purpuratus
edna0041,ASV2490,motu2027,Phacellophora camtschatica,Fried egg jellyfish,species,1,1,NA,1,3,11,NA,NA,8,NA,9,Phacellophora camtschatica,Fried egg jellyfish,2018_wfb_surface,wfb,beach_seine,2018-07-13,2018-07-12,2018,surface,3,edna_wfb_15,surface,biological,12.1,30.5,7.99,NA,NA,NA,5.3,1000,0,51.66850793,-128.1196609,sand,y,350,se,none,none,none_sand,none_sand,100,1.96163e-160,313,Metazoa,Cnidaria,Scyphozoa,Semaeostomeae,Phacellophoridae,Phacellophora,0,0,TRUE,ASV2490,1,Phacellophora camtschatica
edna0041,ASV5190,motu3992,Membranipora membranacea,Coffin box bryozoan,species,1,NA,NA,NA,7,NA,NA,NA,NA,NA,NA,Membranipora membranacea,Coffin box bryozoan,2018_wfb_surface,wfb,beach_seine,2018-07-13,2018-07-12,2018,surface,3,edna_wfb_15,surface,biological,12.1,30.5,7.99,NA,NA,NA,5.3,1000,0,51.66850793,-128.1196609,sand,y,350,se,none,none,none_sand,none_sand,99.64,4.30499e-137,271,Metazoa,Bryozoa,Bryozoa,Cheilostomatida,Membraniporidae,Membranipora,0,0,TRUE,ASV5190,1,Membranipora membranacea
edna0041,ASV1576,motu1328,Strongylocentrotus purpuratus,Purple sea urchin,species,1,1,1,NA,8,15,6,NA,NA,NA,NA,Strongylocentrotus purpuratus,Purple sea urchin,2018_wfb_surface,wfb,beach_seine,2018-07-13,2018-07-12,2018,surface,3,edna_wfb_15,surface,biological,12.1,30.5,7.99,NA,NA,NA,5.3,1000,0,51.66850793,-128.1196609,sand,y,350,se,none,none,none_sand,none_sand,100,1.96163e-160,313,Metazoa,Echinodermata,Echinoidea,Camarodonta,Strongylocentrotidae,Strongylocentrotus,0,0,TRUE,ASV1576,4,Strongylocentrotus purpuratus
edna0041,ASV4234,motu3319,Axiothella rubrocincta,Bamboo worm,species,1,1,NA,NA,3,6,NA,NA,NA,NA,NA,Axiothella rubrocincta,Bamboo worm,2018_wfb_surface,wfb,beach_seine,2018-07-13,2018-07-12,2018,surface,3,edna_wfb_15,surface,biological,12.1,30.5,7.99,NA,NA,NA,5.3,1000,0,51.66850793,-128.1196609,sand,y,350,se,none,none,none_sand,none_sand,100,1.4886099999999998e-156,306,Metazoa,Annelida,Polychaeta,NA,Maldanidae,Axiothella,0,0,TRUE,ASV4234,1,Axiothella rubrocincta
edna0041,ASV4420,motu1896,Membranipora membranacea,Coffin box bryozoan,species,1,NA,NA,NA,6,NA,NA,NA,NA,NA,NA,Membranipora membranacea,Coffin box bryozoan,2018_wfb_surface,wfb,beach_seine,2018-07-13,2018-07-12,2018,surface,3,edna_wfb_15,surface,biological,12.1,30.5,7.99,NA,NA,NA,5.3,1000,0,51.66850793,-128.1196609,sand,y,350,se,none,none,none_sand,none_sand,100,5.610619999999999e-141,278,Metazoa,Bryozoa,Gymnolaemata,Cheilostomatida,Membraniporidae,Membranipora,0,0,TRUE,ASV2302,3,Membranipora membranacea
edna0041,ASV5293,motu4064,Membranipora membranacea,Coffin box bryozoan,species,1,NA,NA,NA,10,NA,NA,NA,NA,NA,NA,Membranipora membranacea,Coffin box bryozoan,2018_wfb_surface,wfb,beach_seine,2018-07-13,2018-07-12,2018,surface,3,edna_wfb_15,surface,biological,12.1,30.5,7.99,NA,NA,NA,5.3,1000,0,51.66850793,-128.1196609,sand,y,350,se,none,none,none_sand,none_sand,99.64,4.30499e-137,271,Metazoa,Bryozoa,Bryozoa,Cheilostomatida,Membraniporidae,Membranipora,0,0,TRUE,ASV5293,1,Membranipora membranacea
edna0041,ASV2941,motu2370,Axiothella rubrocincta,Bamboo worm,species,1,1,NA,1,6,11,NA,15,12,NA,NA,Axiothella rubrocincta,Bamboo worm,2018_wfb_surface,wfb,beach_seine,2018-07-13,2018-07-12,2018,surface,3,edna_wfb_15,surface,biological,12.1,30.5,7.99,NA,NA,NA,5.3,1000,0,51.66850793,-128.1196609,sand,y,350,se,none,none,none_sand,none_sand,100,1.4886099999999998e-156,306,Metazoa,Annelida,Polychaeta,NA,Maldanidae,Axiothella,0,0,TRUE,ASV2941,1,Axiothella rubrocincta
edna0042,ASV34,motu31,Centropages abdominalis,Calanoid copepod,species,1,1,NA,1,2,6,NA,11,6,NA,15,Centropages abdominalis,Calanoid copepod,2018_wfb_depth,wfb,beach_seine,2018-07-13,2018-07-12,2018,depth,3,edna_wfb_30,depth,biological,10.6,31.64,7.97,NA,NA,NA,5.3,1000,0,51.66843974,-128.1199132,sand,y,350,se,none,none,none_sand,none_sand,100,1.96163e-160,313,Metazoa,Arthropoda,Copepoda,Calanoida,Centropagidae,Centropages,0,0,TRUE,ASV34,19,Centropages abdominalis
edna0042,ASV143,motu128,Centropages abdominalis,Calanoid copepod,species,1,1,NA,NA,4,8,NA,NA,NA,NA,NA,Centropages abdominalis,Calanoid copepod,2018_wfb_depth,wfb,beach_seine,2018-07-13,2018-07-12,2018,depth,3,edna_wfb_30,depth,biological,10.6,31.64,7.97,NA,NA,NA,5.3,1000,0,51.66843974,-128.1199132,sand,y,350,se,none,none,none_sand,none_sand,100,1.96163e-160,313,Metazoa,Arthropoda,Copepoda,Calanoida,Centropagidae,Centropages,0,0,TRUE,ASV143,11,Centropages abdominalis
edna0042,ASV233,motu74,Euchlanidae,Rotifer,family,1,1,NA,NA,25,47,NA,NA,NA,NA,NA,No Results,No Results,2018_wfb_depth,wfb,beach_seine,2018-07-13,2018-07-12,2018,depth,3,edna_wfb_30,depth,biological,10.6,31.64,7.97,NA,NA,NA,5.3,1000,0,51.66843974,-128.1199132,sand,y,350,se,none,none,none_sand,none_sand,91.35,3.005919999999998e-29,77,Metazoa,Rotifera,Rotifera,Ploima,Euchlanidae,NA,1,NA,TRUE,ASV84,2,NA
edna0042,ASV232,motu204,Cecidomyiidae,Hexapod,genus,1,1,1,1,17,57,18,47,34,NA,29,Cecidomyiidae,Hexapod,2018_wfb_depth,wfb,beach_seine,2018-07-13,2018-07-12,2018,depth,3,edna_wfb_30,depth,biological,10.6,31.64,7.97,NA,NA,NA,5.3,1000,0,51.66843974,-128.1199132,sand,y,350,se,none,none,none_sand,none_sand,100,0.00408744,30,Metazoa,Arthropoda,Arthropoda,Diptera,Cecidomyiidae,Cecidomyiidae,NA,NA,TRUE,ASV232,1,NA
edna0042,ASV275,motu244,Ophiopholis kennerlyi,Daisy brittle star,species,1,1,1,1,16,41,25,82,31,NA,50,Ophiopholis kennerlyi,Daisy brittle star,2018_wfb_depth,wfb,beach_seine,2018-07-13,2018-07-12,2018,depth,3,edna_wfb_30,depth,biological,10.6,31.64,7.97,NA,NA,NA,5.3,1000,0,51.66843974,-128.1199132,sand,y,350,se,none,none,none_sand,none_sand,100,1.96163e-160,313,Metazoa,Echinodermata,Echinodermata,Amphilepidida,Ophiopholidae,Ophiopholis,0,0,TRUE,ASV275,7,Ophiopholis kennerlyi
edna0042,ASV595,motu522,Cecidomyiidae,Hexapod,genus,1,1,NA,NA,23,48,NA,NA,NA,NA,NA,Cecidomyiidae,Hexapod,2018_wfb_depth,wfb,beach_seine,2018-07-13,2018-07-12,2018,depth,3,edna_wfb_30,depth,biological,10.6,31.64,7.97,NA,NA,NA,5.3,1000,0,51.66843974,-128.1199132,sand,y,350,se,none,none,none_sand,none_sand,100,0.00408744,30,Metazoa,Arthropoda,Arthropoda,Diptera,Cecidomyiidae,Cecidomyiidae,NA,NA,TRUE,ASV595,1,NA
edna0042,ASV603,motu529,Ophiopholis kennerlyi,Daisy brittle star,species,1,1,NA,NA,16,35,NA,NA,NA,NA,NA,Ophiopholis kennerlyi,Daisy brittle star,2018_wfb_depth,wfb,beach_seine,2018-07-13,2018-07-12,2018,depth,3,edna_wfb_30,depth,biological,10.6,31.64,7.97,NA,NA,NA,5.3,1000,0,51.66843974,-128.1199132,sand,y,350,se,none,none,none_sand,none_sand,100,1.96163e-160,313,Metazoa,Echinodermata,Echinodermata,Amphilepidida,Ophiopholidae,Ophiopholis,0,0,TRUE,ASV603,6,Ophiopholis kennerlyi
edna0042,ASV521,motu458,Sabellariidae,Feather duster worm,family,1,1,NA,NA,13,24,NA,NA,NA,NA,NA,Sabellariidae,Feather duster worm,2018_wfb_depth,wfb,beach_seine,2018-07-13,2018-07-12,2018,depth,3,edna_wfb_30,depth,biological,10.6,31.64,7.97,NA,NA,NA,5.3,1000,0,51.66843974,-128.1199132,sand,y,350,se,none,none,none_sand,none_sand,99.68,1.5051499999999994e-156,306,Metazoa,Annelida,Polychaeta,NA,Sabellariidae,NA,0,0,TRUE,ASV521,12,NA
edna0042,ASV843,motu343,Dodecaceria,Cirratulid polychaete,genus,1,1,1,NA,30,68,30,NA,NA,NA,NA,Dodecaceria,Cirratulid polychaete,2018_wfb_depth,wfb,beach_seine,2018-07-13,2018-07-12,2018,depth,3,edna_wfb_30,depth,biological,10.6,31.64,7.97,NA,NA,NA,5.3,1000,0,51.66843974,-128.1199132,sand,y,350,se,none,none,none_sand,none_sand,99.68,9.126599999999999e-159,310,Metazoa,Annelida,Polychaeta,Terebellida,Cirratulidae,Dodecaceria,0,0,TRUE,ASV390,6,NA
edna0042,ASV772,motu672,Parastenocarididae,Harpacticoid copepod,family,1,NA,NA,1,11,NA,NA,NA,7,NA,NA,Parastenocarididae,Harpacticoid copepod,2018_wfb_depth,wfb,beach_seine,2018-07-13,2018-07-12,2018,depth,3,edna_wfb_30,depth,biological,10.6,31.64,7.97,NA,NA,NA,5.3,1000,0,51.66843974,-128.1199132,sand,y,350,se,none,none,none_sand,none_sand,94.59,0.00408744,30,Metazoa,Arthropoda,Arthropoda,Harpacticoida,Parastenocarididae,NA,1,0,TRUE,ASV772,1,NA
edna0042,ASV1390,motu1174,Polycirrus,Sphagetti worm,genus,1,1,NA,1,113,186,NA,116,73,NA,73,Polycirrus,Sphagetti worm,2018_wfb_depth,wfb,beach_seine,2018-07-13,2018-07-12,2018,depth,3,edna_wfb_30,depth,biological,10.6,31.64,7.97,NA,NA,NA,5.3,1000,0,51.66843974,-128.1199132,sand,y,350,se,none,none,none_sand,none_sand,100,1.96163e-160,313,Metazoa,Annelida,Polychaeta,Terebellida,Terebellidae,Polycirrus,0,0,TRUE,ASV1390,2,NA
edna0042,ASV500,motu283,Dodecaceria,Cirratulid polychaete,genus,1,1,NA,1,33,59,NA,176,142,NA,NA,Dodecaceria,Cirratulid polychaete,2018_wfb_depth,wfb,beach_seine,2018-07-13,2018-07-12,2018,depth,3,edna_wfb_30,depth,biological,10.6,31.64,7.97,NA,NA,NA,5.3,1000,0,51.66843974,-128.1199132,sand,y,350,se,none,none,none_sand,none_sand,99.68,9.126599999999999e-159,310,Metazoa,Annelida,Polychaeta,Terebellida,Cirratulidae,Dodecaceria,0,0,TRUE,ASV322,5,NA
edna0042,ASV1289,motu1091,Chthamalus dalli,Little brown barnacle,species,1,1,NA,NA,14,25,NA,NA,NA,NA,NA,Chthamalus dalli,Little brown barnacle,2018_wfb_depth,wfb,beach_seine,2018-07-13,2018-07-12,2018,depth,3,edna_wfb_30,depth,biological,10.6,31.64,7.97,NA,NA,NA,5.3,1000,0,51.66843974,-128.1199132,sand,y,350,se,none,none,none_sand,none_sand,99.34,5.31212e-151,296,Metazoa,Arthropoda,Thecostraca,Balanomorpha,Chthamalidae,Chthamalus,0,0,TRUE,ASV1289,3,Chthamalus dalli
edna0042,ASV814,motu709,Chthamalus dalli,Little brown barnacle,species,1,1,NA,1,14,27,NA,20,19,NA,16,Chthamalus dalli,Little brown barnacle,2018_wfb_depth,wfb,beach_seine,2018-07-13,2018-07-12,2018,depth,3,edna_wfb_30,depth,biological,10.6,31.64,7.97,NA,NA,NA,5.3,1000,0,51.66843974,-128.1199132,sand,y,350,se,none,none,none_sand,none_sand,99.34,5.31212e-151,296,Metazoa,Arthropoda,Thecostraca,Balanomorpha,Chthamalidae,Chthamalus,0,0,TRUE,ASV814,5,Chthamalus dalli
edna0042,ASV1732,motu1446,Polycirrus,Sphagetti worm,genus,1,1,NA,NA,118,209,NA,NA,NA,NA,NA,Polycirrus,Sphagetti worm,2018_wfb_depth,wfb,beach_seine,2018-07-13,2018-07-12,2018,depth,3,edna_wfb_30,depth,biological,10.6,31.64,7.97,NA,NA,NA,5.3,1000,0,51.66843974,-128.1199132,sand,y,350,se,none,none,none_sand,none_sand,100,1.96163e-160,313,Metazoa,Annelida,Polychaeta,Terebellida,Terebellidae,Polycirrus,0,0,TRUE,ASV1732,2,NA
edna0042,ASV1531,motu1291,Halosydna brevisetosa,Shortscaled worm,species,1,1,1,1,21,43,15,NA,NA,NA,30,Halosydna brevisetosa,Shortscaled worm,2018_wfb_depth,wfb,beach_seine,2018-07-13,2018-07-12,2018,depth,3,edna_wfb_30,depth,biological,10.6,31.64,7.97,NA,NA,NA,5.3,1000,0,51.66843974,-128.1199132,sand,y,350,se,none,none,none_sand,none_sand,100,1.96163e-160,313,Metazoa,Annelida,Polychaeta,Phyllodocida,Polynoidae,Halosydna,0,0,TRUE,ASV1531,1,Halosydna brevisetosa
edna0042,ASV1482,motu118,Mesocentrotus franciscanus,Red sea urchin,species,1,NA,NA,NA,6,NA,NA,NA,NA,NA,NA,Mesocentrotus franciscanus,Red sea urchin,2018_wfb_depth,wfb,beach_seine,2018-07-13,2018-07-12,2018,depth,3,edna_wfb_30,depth,biological,10.6,31.64,7.97,NA,NA,NA,5.3,1000,0,51.66843974,-128.1199132,sand,y,350,se,none,none,none_sand,none_sand,100,1.96163e-160,313,Metazoa,Echinodermata,Echinoidea,Camarodonta,Strongylocentrotidae,Mesocentrotus,0,0,TRUE,ASV132,8,Mesocentrotus franciscanus
edna0042,ASV2163,motu1446,Polycirrus,Sphagetti worm,genus,1,1,NA,NA,109,193,NA,NA,NA,NA,NA,Polycirrus,Sphagetti worm,2018_wfb_depth,wfb,beach_seine,2018-07-13,2018-07-12,2018,depth,3,edna_wfb_30,depth,biological,10.6,31.64,7.97,NA,NA,NA,5.3,1000,0,51.66843974,-128.1199132,sand,y,350,se,none,none,none_sand,none_sand,99.68,9.126599999999999e-159,310,Metazoa,Annelida,Polychaeta,Terebellida,Terebellidae,Polycirrus,0,0,TRUE,ASV1732,2,NA
edna0042,ASV1376,motu1162,Phascolosoma (Phascolosoma) agassizii,Agassiz peanut worm,species,1,1,1,1,20,29,14,28,34,NA,25,Phascolosoma (Phascolosoma) agassizii,Agassiz peanut worm,2018_wfb_depth,wfb,beach_seine,2018-07-13,2018-07-12,2018,depth,3,edna_wfb_30,depth,biological,10.6,31.64,7.97,NA,NA,NA,5.3,1000,0,51.66843974,-128.1199132,sand,y,350,se,none,none,none_sand,none_sand,99.68,9.126599999999999e-159,310,Metazoa,Annelida,NA,Sipuncula,Phascolosomatidae,Phascolosoma,0,0,TRUE,ASV1376,3,Phascolosoma (Phascolosoma) agassizii
edna0042,ASV1645,motu1174,Polycirrus,Sphagetti worm,genus,1,1,NA,1,93,179,NA,118,81,NA,73,Polycirrus,Sphagetti worm,2018_wfb_depth,wfb,beach_seine,2018-07-13,2018-07-12,2018,depth,3,edna_wfb_30,depth,biological,10.6,31.64,7.97,NA,NA,NA,5.3,1000,0,51.66843974,-128.1199132,sand,y,350,se,none,none,none_sand,none_sand,99.68,9.126599999999999e-159,310,Metazoa,Annelida,Polychaeta,Terebellida,Terebellidae,Polycirrus,0,0,TRUE,ASV1390,2,NA
edna0042,ASV2222,motu1832,Phascolosoma (Phascolosoma) agassizii,Agassiz peanut worm,species,1,1,NA,1,16,40,NA,NA,35,NA,NA,Phascolosoma (Phascolosoma) agassizii,Agassiz peanut worm,2018_wfb_depth,wfb,beach_seine,2018-07-13,2018-07-12,2018,depth,3,edna_wfb_30,depth,biological,10.6,31.64,7.97,NA,NA,NA,5.3,1000,0,51.66843974,-128.1199132,sand,y,350,se,none,none,none_sand,none_sand,99.68,9.126599999999999e-159,310,Metazoa,Annelida,NA,Sipuncula,Phascolosomatidae,Phascolosoma,0,0,TRUE,ASV2222,2,Phascolosoma (Phascolosoma) agassizii
edna0042,ASV1917,motu1595,Arthropoda,Unknown arthropod,phylum,1,1,NA,NA,3,5,NA,NA,NA,NA,NA,Arthropoda,Unknown arthropod,2018_wfb_depth,wfb,beach_seine,2018-07-13,2018-07-12,2018,depth,3,edna_wfb_30,depth,biological,10.6,31.64,7.97,NA,NA,NA,5.3,1000,0,51.66843974,-128.1199132,sand,y,350,se,none,none,none_sand,none_sand,95,2.34566e-5,34,Metazoa,Arthropoda,NA,NA,NA,NA,NA,NA,TRUE,ASV1917,1,NA
edna0042,ASV3597,motu2453,Pseudocalanus mimus,Calanoid copepod,species,1,1,NA,NA,37,57,NA,NA,NA,NA,NA,Pseudocalanus mimus,Calanoid copepod,2018_wfb_depth,wfb,beach_seine,2018-07-13,2018-07-12,2018,depth,3,edna_wfb_30,depth,biological,10.6,31.64,7.97,NA,NA,NA,5.3,1000,0,51.66843974,-128.1199132,sand,y,350,se,none,none,none_sand,none_sand,99.67,5.531789999999998e-151,296,Metazoa,Arthropoda,Copepoda,Calanoida,Clausocalanidae,Pseudocalanus,0,0,TRUE,ASV3043,3,Pseudocalanus mimus
edna0042,ASV5191,motu3993,Halosydna brevisetosa,Shortscaled worm,species,1,NA,NA,NA,32,NA,NA,NA,NA,NA,NA,Halosydna brevisetosa,Shortscaled worm,2018_wfb_depth,wfb,beach_seine,2018-07-13,2018-07-12,2018,depth,3,edna_wfb_30,depth,biological,10.6,31.64,7.97,NA,NA,NA,5.3,1000,0,51.66843974,-128.1199132,sand,y,350,se,none,none,none_sand,none_sand,100,3.2351099999999996e-158,309,Metazoa,Annelida,Polychaeta,Phyllodocida,Polynoidae,Halosydna,0,0,TRUE,ASV5191,1,Halosydna brevisetosa
edna0042,ASV3581,motu1840,Pseudocalanus mimus,Calanoid copepod,species,1,1,1,NA,25,52,18,NA,NA,NA,NA,Pseudocalanus mimus,Calanoid copepod,2018_wfb_depth,wfb,beach_seine,2018-07-13,2018-07-12,2018,depth,3,edna_wfb_30,depth,biological,10.6,31.64,7.97,NA,NA,NA,5.3,1000,0,51.66843974,-128.1199132,sand,y,350,se,none,none,none_sand,none_sand,99.67,5.531789999999998e-151,296,Metazoa,Arthropoda,Copepoda,Calanoida,Clausocalanidae,Pseudocalanus,0,0,TRUE,ASV2232,3,Pseudocalanus mimus
edna0042,ASV4007,motu3142,Clione,Sea angel,genus,1,1,NA,NA,24,47,NA,NA,NA,NA,NA,Clione,Sea angel,2018_wfb_depth,wfb,beach_seine,2018-07-13,2018-07-12,2018,depth,3,edna_wfb_30,depth,biological,10.6,31.64,7.97,NA,NA,NA,5.3,1000,0,51.66843974,-128.1199132,sand,y,350,se,none,none,none_sand,none_sand,100,1.96163e-160,313,Metazoa,Mollusca,Mollusca,Pteropoda,Clionidae,Clione,0,0,TRUE,ASV4007,1,NA
edna0042,ASV2788,motu2253,Clione,Sea angel,genus,1,1,1,1,22,52,19,30,23,NA,27,Clione,Sea angel,2018_wfb_depth,wfb,beach_seine,2018-07-13,2018-07-12,2018,depth,3,edna_wfb_30,depth,biological,10.6,31.64,7.97,NA,NA,NA,5.3,1000,0,51.66843974,-128.1199132,sand,y,350,se,none,none,none_sand,none_sand,100,1.96163e-160,313,Metazoa,Mollusca,Mollusca,Pteropoda,Clionidae,Clione,0,0,TRUE,ASV2788,1,NA
edna0042,ASV4169,motu1747,Paracalanus parvus parvus,Calanoid copepod,species,1,NA,NA,NA,19,NA,NA,NA,NA,NA,NA,Paracalanus,Calanoid copepod,2018_wfb_depth,wfb,beach_seine,2018-07-13,2018-07-12,2018,depth,3,edna_wfb_30,depth,biological,10.6,31.64,7.97,NA,NA,NA,5.3,1000,0,51.66843974,-128.1199132,sand,y,350,se,none,none,none_sand,none_sand,100,1.20572e-137,272,Metazoa,Arthropoda,Copepoda,Calanoida,Paracalanidae,Paracalanus,0,0,TRUE,ASV2118,2,Paracalanus parvus parvus
edna0042,ASV3461,motu2748,Odostomia,Sea snail species,genus,1,NA,1,1,16,NA,13,28,31,NA,15,Odostomia,Sea snail species,2018_wfb_depth,wfb,beach_seine,2018-07-13,2018-07-12,2018,depth,3,edna_wfb_30,depth,biological,10.6,31.64,7.97,NA,NA,NA,5.3,1000,0,51.66843974,-128.1199132,sand,y,350,se,none,none,none_sand,none_sand,99.04,1.97556e-155,304,Metazoa,Mollusca,Gastropoda,NA,Pyramidellidae,Odostomia,0,0,TRUE,ASV3461,1,NA
edna0042,ASV6314,motu4877,Odostomia,Sea snail species,genus,1,NA,NA,NA,16,NA,NA,NA,NA,NA,NA,Odostomia,Sea snail species,2018_wfb_depth,wfb,beach_seine,2018-07-13,2018-07-12,2018,depth,3,edna_wfb_30,depth,biological,10.6,31.64,7.97,NA,NA,NA,5.3,1000,0,51.66843974,-128.1199132,sand,y,350,se,none,none,none_sand,none_sand,99.04,2.015339999999999e-155,304,Metazoa,Mollusca,Gastropoda,NA,Pyramidellidae,Odostomia,0,0,TRUE,ASV6314,1,NA
edna0043,ASV25,motu22,Acartia (Acartiura) longiremis,Calanoid copepod,species,1,1,1,1,236,541,193,347,250,NA,317,Acartia (Acartiura) longiremis,Calanoid copepod,2018_ssp_surface,ssp,beach_seine,2018-07-13,2018-07-12,2018,surface,1,edna_ssp_00,surface,biological,11.3,30.51,8.01,NA,NA,NA,4.7,1000,0,51.67909247,-128.1153275,sand,y,455,se,seagrass,zostera,seagrass_sand,zostera_sand,100,1.96163e-160,313,Metazoa,Arthropoda,Copepoda,Calanoida,Acartiidae,Acartia,0,0,TRUE,ASV25,27,Acartia (Acartiura) longiremis
edna0043,ASV81,motu71,Acartia (Acartiura) longiremis,Calanoid copepod,species,1,1,1,NA,259,526,28,NA,NA,NA,NA,Acartia (Acartiura) longiremis,Calanoid copepod,2018_ssp_surface,ssp,beach_seine,2018-07-13,2018-07-12,2018,surface,1,edna_ssp_00,surface,biological,11.3,30.51,8.01,NA,NA,NA,4.7,1000,0,51.67909247,-128.1153275,sand,y,455,se,seagrass,zostera,seagrass_sand,zostera_sand,100,1.96163e-160,313,Metazoa,Arthropoda,Copepoda,Calanoida,Acartiidae,Acartia,0,0,TRUE,ASV81,23,Acartia (Acartiura) longiremis
edna0043,ASV258,motu228,Lensia,Siphonophore,genus,1,1,NA,NA,9,22,NA,NA,NA,NA,NA,Lensia,Siphonophore,2018_ssp_surface,ssp,beach_seine,2018-07-13,2018-07-12,2018,surface,1,edna_ssp_00,surface,biological,11.3,30.51,8.01,NA,NA,NA,4.7,1000,0,51.67909247,-128.1153275,sand,y,455,se,seagrass,zostera,seagrass_sand,zostera_sand,100,0.00408744,30,Metazoa,Cnidaria,Cnidaria,Siphonophorae,Diphyidae,Lensia,0,0,TRUE,ASV258,1,NA
edna0043,ASV131,motu117,Lensia,Siphonophore,genus,1,1,NA,1,8,12,NA,10,9,NA,NA,Lensia,Siphonophore,2018_ssp_surface,ssp,beach_seine,2018-07-13,2018-07-12,2018,surface,1,edna_ssp_00,surface,biological,11.3,30.51,8.01,NA,NA,NA,4.7,1000,0,51.67909247,-128.1153275,sand,y,455,se,seagrass,zostera,seagrass_sand,zostera_sand,100,0.00408744,30,Metazoa,Cnidaria,Cnidaria,Siphonophorae,Diphyidae,Lensia,0,0,TRUE,ASV131,2,NA
edna0043,ASV343,motu303,Pseudocalanus mimus,Calanoid copepod,species,1,NA,NA,NA,57,NA,NA,NA,NA,NA,NA,Pseudocalanus mimus,Calanoid copepod,2018_ssp_surface,ssp,beach_seine,2018-07-13,2018-07-12,2018,surface,1,edna_ssp_00,surface,biological,11.3,30.51,8.01,NA,NA,NA,4.7,1000,0,51.67909247,-128.1153275,sand,y,455,se,seagrass,zostera,seagrass_sand,zostera_sand,99.67,9.19139e-154,301,Metazoa,Arthropoda,Copepoda,Calanoida,Clausocalanidae,Pseudocalanus,0,0,TRUE,ASV343,11,Pseudocalanus mimus
edna0043,ASV118,motu105,Mesocentrotus franciscanus,Red sea urchin,species,1,1,1,1,124,198,106,NA,116,NA,NA,Mesocentrotus franciscanus,Red sea urchin,2018_ssp_surface,ssp,beach_seine,2018-07-13,2018-07-12,2018,surface,1,edna_ssp_00,surface,biological,11.3,30.51,8.01,NA,NA,NA,4.7,1000,0,51.67909247,-128.1153275,sand,y,455,se,seagrass,zostera,seagrass_sand,zostera_sand,100,2.51921e-159,311,Metazoa,Echinodermata,Echinoidea,Camarodonta,Strongylocentrotidae,Mesocentrotus,0,0,TRUE,ASV118,8,Mesocentrotus franciscanus
edna0043,ASV132,motu118,Mesocentrotus franciscanus,Red sea urchin,species,1,1,1,1,96,200,109,NA,NA,NA,141,Mesocentrotus franciscanus,Red sea urchin,2018_ssp_surface,ssp,beach_seine,2018-07-13,2018-07-12,2018,surface,1,edna_ssp_00,surface,biological,11.3,30.51,8.01,NA,NA,NA,4.7,1000,0,51.67909247,-128.1153275,sand,y,455,se,seagrass,zostera,seagrass_sand,zostera_sand,100,2.51921e-159,311,Metazoa,Echinodermata,Echinoidea,Camarodonta,Strongylocentrotidae,Mesocentrotus,0,0,TRUE,ASV132,8,Mesocentrotus franciscanus
edna0043,ASV232,motu204,Cecidomyiidae,Hexapod,genus,1,1,1,1,14,31,36,4,28,NA,29,Cecidomyiidae,Hexapod,2018_ssp_surface,ssp,beach_seine,2018-07-13,2018-07-12,2018,surface,1,edna_ssp_00,surface,biological,11.3,30.51,8.01,NA,NA,NA,4.7,1000,0,51.67909247,-128.1153275,sand,y,455,se,seagrass,zostera,seagrass_sand,zostera_sand,100,0.00408744,30,Metazoa,Arthropoda,Arthropoda,Diptera,Cecidomyiidae,Cecidomyiidae,NA,NA,TRUE,ASV232,1,NA
edna0043,ASV354,motu313,Mitrocoma cellularia,Cross jelly,species,1,1,1,1,3,8,7,3,NA,NA,13,Mitrocoma cellularia,Cross jelly,2018_ssp_surface,ssp,beach_seine,2018-07-13,2018-07-12,2018,surface,1,edna_ssp_00,surface,biological,11.3,30.51,8.01,NA,NA,NA,4.7,1000,0,51.67909247,-128.1153275,sand,y,455,se,seagrass,zostera,seagrass_sand,zostera_sand,100,1.4886099999999998e-156,306,Metazoa,Cnidaria,Hydrozoa,Leptothecata,Mitrocomidae,Mitrocoma,0,0,TRUE,ASV354,2,Mitrocoma cellularia
edna0043,ASV595,motu522,Cecidomyiidae,Hexapod,genus,1,1,NA,NA,13,39,NA,NA,NA,NA,NA,Cecidomyiidae,Hexapod,2018_ssp_surface,ssp,beach_seine,2018-07-13,2018-07-12,2018,surface,1,edna_ssp_00,surface,biological,11.3,30.51,8.01,NA,NA,NA,4.7,1000,0,51.67909247,-128.1153275,sand,y,455,se,seagrass,zostera,seagrass_sand,zostera_sand,100,0.00408744,30,Metazoa,Arthropoda,Arthropoda,Diptera,Cecidomyiidae,Cecidomyiidae,NA,NA,TRUE,ASV595,1,NA
edna0043,ASV377,motu334,Synchaeta pectinata,Rotifer,species,1,NA,1,1,11,NA,17,12,17,NA,NA,Synchaeta pectinata,Rotifer,2018_ssp_surface,ssp,beach_seine,2018-07-13,2018-07-12,2018,surface,1,edna_ssp_00,surface,biological,11.3,30.51,8.01,NA,NA,NA,4.7,1000,0,51.67909247,-128.1153275,sand,y,455,se,seagrass,zostera,seagrass_sand,zostera_sand,90.48,1.6452299999999999e-111,225,Metazoa,Rotifera,Eurotatoria,Ploima,Synchaetidae,Synchaeta,0,0,TRUE,ASV377,5,Synchaeta pectinata
edna0043,ASV398,motu350,Synchaeta pectinata,Rotifer,species,1,1,1,1,6,25,17,9,14,NA,16,Synchaeta pectinata,Rotifer,2018_ssp_surface,ssp,beach_seine,2018-07-13,2018-07-12,2018,surface,1,edna_ssp_00,surface,biological,11.3,30.51,8.01,NA,NA,NA,4.7,1000,0,51.67909247,-128.1153275,sand,y,455,se,seagrass,zostera,seagrass_sand,zostera_sand,90.48,1.6452299999999999e-111,225,Metazoa,Rotifera,Eurotatoria,Ploima,Synchaetidae,Synchaeta,0,0,TRUE,ASV398,4,Synchaeta pectinata
edna0043,ASV1793,motu150,Pseudocalanus mimus,Calanoid copepod,species,1,NA,NA,NA,62,NA,NA,NA,NA,NA,NA,Pseudocalanus mimus,Calanoid copepod,2018_ssp_surface,ssp,beach_seine,2018-07-13,2018-07-12,2018,surface,1,edna_ssp_00,surface,biological,11.3,30.51,8.01,NA,NA,NA,4.7,1000,0,51.67909247,-128.1153275,sand,y,455,se,seagrass,zostera,seagrass_sand,zostera_sand,100,1.97556e-155,304,Metazoa,Arthropoda,Copepoda,Calanoida,Clausocalanidae,Pseudocalanus,0,0,TRUE,ASV171,10,Pseudocalanus mimus
edna0043,ASV1154,motu989,Eupolymnia heterobranchia,Brown intertidal spaghetti worm,species,1,NA,NA,NA,5,NA,NA,NA,NA,NA,NA,Eupolymnia heterobranchia,Brown intertidal spaghetti worm,2018_ssp_surface,ssp,beach_seine,2018-07-13,2018-07-12,2018,surface,1,edna_ssp_00,surface,biological,11.3,30.51,8.01,NA,NA,NA,4.7,1000,0,51.67909247,-128.1153275,sand,y,455,se,seagrass,zostera,seagrass_sand,zostera_sand,100,1.4886099999999998e-156,306,Metazoa,Annelida,Polychaeta,Terebellida,Terebellidae,Eupolymnia,0,0,TRUE,ASV1154,3,Eupolymnia heterobranchia
edna0043,ASV670,motu583,Synchaeta triophthalma,Rotifer,species,1,1,1,1,10,23,16,15,14,NA,20,Synchaeta triophthalma,Rotifer,2018_ssp_surface,ssp,beach_seine,2018-07-13,2018-07-12,2018,surface,1,edna_ssp_00,surface,biological,11.3,30.51,8.01,NA,NA,NA,4.7,1000,0,51.67909247,-128.1153275,sand,y,455,se,seagrass,zostera,seagrass_sand,zostera_sand,91.99,3.511259999999999e-118,237,Metazoa,Rotifera,Eurotatoria,Ploima,Synchaetidae,Synchaeta,0,0,TRUE,ASV670,4,Synchaeta triophthalma
edna0043,ASV647,motu560,Synchaeta triophthalma,Rotifer,species,1,1,1,1,16,24,18,14,17,NA,20,Synchaeta triophthalma,Rotifer,2018_ssp_surface,ssp,beach_seine,2018-07-13,2018-07-12,2018,surface,1,edna_ssp_00,surface,biological,11.3,30.51,8.01,NA,NA,NA,4.7,1000,0,51.67909247,-128.1153275,sand,y,455,se,seagrass,zostera,seagrass_sand,zostera_sand,91.99,3.511259999999999e-118,237,Metazoa,Rotifera,Eurotatoria,Ploima,Synchaetidae,Synchaeta,0,0,TRUE,ASV647,4,Synchaeta triophthalma
edna0043,ASV806,motu702,Sthenelais berkeleyi,Scale worm,species,1,NA,NA,NA,5,NA,NA,NA,NA,NA,NA,Sthenelais berkeleyi,Scale worm,2018_ssp_surface,ssp,beach_seine,2018-07-13,2018-07-12,2018,surface,1,edna_ssp_00,surface,biological,11.3,30.51,8.01,NA,NA,NA,4.7,1000,0,51.67909247,-128.1153275,sand,y,455,se,seagrass,zostera,seagrass_sand,zostera_sand,99.04,1.97556e-155,304,Metazoa,Annelida,Polychaeta,Phyllodocida,Sigalionidae,Sthenelais,0,0,TRUE,ASV806,1,Sthenelais berkeleyi
edna0043,ASV1040,motu897,Oithona similis,Cyclopoid copepod,species,1,1,1,NA,7,12,6,NA,NA,NA,NA,Oithona similis,Cyclopoid copepod,2018_ssp_surface,ssp,beach_seine,2018-07-13,2018-07-12,2018,surface,1,edna_ssp_00,surface,biological,11.3,30.51,8.01,NA,NA,NA,4.7,1000,0,51.67909247,-128.1153275,sand,y,455,se,seagrass,zostera,seagrass_sand,zostera_sand,96.17,2.0179399999999996e-140,277,Metazoa,Arthropoda,Copepoda,Cyclopoida,Oithonidae,Oithona,0,0,TRUE,ASV1040,1,Oithona similis
edna0043,ASV1384,motu1168,Membranipora membranacea,Coffin box bryozoan,species,1,1,NA,NA,14,20,NA,NA,NA,NA,NA,Membranipora membranacea,Coffin box bryozoan,2018_ssp_surface,ssp,beach_seine,2018-07-13,2018-07-12,2018,surface,1,edna_ssp_00,surface,biological,11.3,30.51,8.01,NA,NA,NA,4.7,1000,0,51.67909247,-128.1153275,sand,y,455,se,seagrass,zostera,seagrass_sand,zostera_sand,100,9.252979999999995e-139,274,Metazoa,Bryozoa,Gymnolaemata,Cheilostomatida,Membraniporidae,Membranipora,0,0,TRUE,ASV1384,2,Membranipora membranacea
edna0043,ASV1748,motu1459,Chaetognatha,Arrow worm,phylum,1,1,NA,NA,7,10,NA,NA,NA,NA,NA,Chaetognatha,Arrow worm,2018_ssp_surface,ssp,beach_seine,2018-07-13,2018-07-12,2018,surface,1,edna_ssp_00,surface,biological,11.3,30.51,8.01,NA,NA,NA,4.7,1000,0,51.67909247,-128.1153275,sand,y,455,se,seagrass,zostera,seagrass_sand,zostera_sand,95.02,1.63074e-81,171,Metazoa,Chaetognatha,NA,NA,NA,NA,0,0,TRUE,ASV1748,1,NA
edna0043,ASV1742,motu1454,Micropodarke dubia,Hesionid polychaete,species,1,NA,NA,NA,4,NA,NA,NA,NA,NA,NA,Micropodarke dubia,Hesionid polychaete,2018_ssp_surface,ssp,beach_seine,2018-07-13,2018-07-12,2018,surface,1,edna_ssp_00,surface,biological,11.3,30.51,8.01,NA,NA,NA,4.7,1000,0,51.67909247,-128.1153275,sand,y,455,se,seagrass,zostera,seagrass_sand,zostera_sand,100,1.96163e-160,313,Metazoa,Annelida,Polychaeta,Phyllodocida,Hesionidae,Micropodarke,0,0,TRUE,ASV1742,2,Micropodarke dubia
edna0043,ASV1057,motu909,Orobdella,Freshwater leech,genus,1,NA,1,NA,9,NA,10,NA,NA,NA,NA,Orobdella,Freshwater leech,2018_ssp_surface,ssp,beach_seine,2018-07-13,2018-07-12,2018,surface,1,edna_ssp_00,surface,biological,11.3,30.51,8.01,NA,NA,NA,4.7,1000,0,51.67909247,-128.1153275,sand,y,455,se,seagrass,zostera,seagrass_sand,zostera_sand,97.06,0.0011939,31,Metazoa,Annelida,Annelida,Erpobdelliformes,Orobdellidae,Orobdella,NA,NA,TRUE,ASV1057,1,NA
edna0043,ASV1329,motu1124,Littorina scutulata,Checkered periwinkle,species,1,1,1,1,26,53,21,33,32,NA,43,Littorina scutulata,Checkered periwinkle,2018_ssp_surface,ssp,beach_seine,2018-07-13,2018-07-12,2018,surface,1,edna_ssp_00,surface,biological,11.3,30.51,8.01,NA,NA,NA,4.7,1000,0,51.67909247,-128.1153275,sand,y,455,se,seagrass,zostera,seagrass_sand,zostera_sand,100,1.96163e-160,313,Metazoa,Mollusca,Gastropoda,Littorinimorpha,Littorinidae,Littorina,0,0,TRUE,ASV1329,1,Littorina scutulata
edna0043,ASV2364,motu1940,Membranipora membranacea,Coffin box bryozoan,species,1,1,NA,NA,10,18,NA,NA,NA,NA,NA,Membranipora membranacea,Coffin box bryozoan,2018_ssp_surface,ssp,beach_seine,2018-07-13,2018-07-12,2018,surface,1,edna_ssp_00,surface,biological,11.3,30.51,8.01,NA,NA,NA,4.7,1000,0,51.67909247,-128.1153275,sand,y,455,se,seagrass,zostera,seagrass_sand,zostera_sand,100,9.252979999999995e-139,274,Metazoa,Bryozoa,Gymnolaemata,Cheilostomatida,Membraniporidae,Membranipora,0,0,TRUE,ASV2364,1,Membranipora membranacea
edna0043,ASV2308,motu1901,Littorina scutulata,Checkered periwinkle,species,1,1,NA,NA,23,55,NA,NA,NA,NA,NA,Littorina scutulata,Checkered periwinkle,2018_ssp_surface,ssp,beach_seine,2018-07-13,2018-07-12,2018,surface,1,edna_ssp_00,surface,biological,11.3,30.51,8.01,NA,NA,NA,4.7,1000,0,51.67909247,-128.1153275,sand,y,455,se,seagrass,zostera,seagrass_sand,zostera_sand,100,1.96163e-160,313,Metazoa,Mollusca,Gastropoda,Littorinimorpha,Littorinidae,Littorina,0,0,TRUE,ASV2308,1,Littorina scutulata
edna0043,ASV1601,motu1133,Spionidae,Spionid polychaete,family,1,1,1,1,65,111,95,104,102,NA,88,Spionidae,Spionid polychaete,2018_ssp_surface,ssp,beach_seine,2018-07-13,2018-07-12,2018,surface,1,edna_ssp_00,surface,biological,11.3,30.51,8.01,NA,NA,NA,4.7,1000,0,51.67909247,-128.1153275,sand,y,455,se,seagrass,zostera,seagrass_sand,zostera_sand,92.7,6.41781e-46,107,Metazoa,Annelida,Annelida,Spionida,Spionidae,NA,0,0,TRUE,ASV1340,4,NA
edna0043,ASV2830,motu2172,Spionidae,Spionid polychaete,family,1,1,NA,NA,56,110,NA,NA,NA,NA,NA,Spionidae,Spionid polychaete,2018_ssp_surface,ssp,beach_seine,2018-07-13,2018-07-12,2018,surface,1,edna_ssp_00,surface,biological,11.3,30.51,8.01,NA,NA,NA,4.7,1000,0,51.67909247,-128.1153275,sand,y,455,se,seagrass,zostera,seagrass_sand,zostera_sand,92.7,6.41781e-46,107,Metazoa,Annelida,Annelida,Spionida,Spionidae,NA,0,0,TRUE,ASV2676,3,NA
edna0043,ASV1923,motu1600,Nudibranchia,Nudibranch species,order,1,1,1,1,21,30,27,32,34,NA,24,Nudibranchia,Nudibranch species,2018_ssp_surface,ssp,beach_seine,2018-07-13,2018-07-12,2018,surface,1,edna_ssp_00,surface,biological,11.3,30.51,8.01,NA,NA,NA,4.7,1000,0,51.67909247,-128.1153275,sand,y,455,se,seagrass,zostera,seagrass_sand,zostera_sand,100,1.96163e-160,313,Metazoa,Mollusca,Mollusca,Nudibranchia,NA,NA,0,0,TRUE,ASV1923,1,NA
edna0043,ASV3221,motu2578,Nudibranchia,Nudibranch species,order,1,1,NA,NA,24,24,NA,NA,NA,NA,NA,Nudibranchia,Nudibranch species,2018_ssp_surface,ssp,beach_seine,2018-07-13,2018-07-12,2018,surface,1,edna_ssp_00,surface,biological,11.3,30.51,8.01,NA,NA,NA,4.7,1000,0,51.67909247,-128.1153275,sand,y,455,se,seagrass,zostera,seagrass_sand,zostera_sand,100,1.96163e-160,313,Metazoa,Mollusca,Mollusca,Nudibranchia,NA,NA,0,0,TRUE,ASV3221,1,NA
edna0043,ASV4871,motu3768,Strongylocentrotus purpuratus,Purple sea urchin,species,1,NA,NA,NA,39,NA,NA,NA,NA,NA,NA,Strongylocentrotus purpuratus,Purple sea urchin,2018_ssp_surface,ssp,beach_seine,2018-07-13,2018-07-12,2018,surface,1,edna_ssp_00,surface,biological,11.3,30.51,8.01,NA,NA,NA,4.7,1000,0,51.67909247,-128.1153275,sand,y,455,se,seagrass,zostera,seagrass_sand,zostera_sand,99.04,1.97556e-155,304,Metazoa,Echinodermata,Echinoidea,Camarodonta,Strongylocentrotidae,Strongylocentrotus,0,0,TRUE,ASV4871,1,Strongylocentrotus purpuratus
edna0043,ASV4192,motu709,Chthamalus dalli,Little brown barnacle,species,1,NA,1,NA,30,NA,32,NA,NA,NA,NA,Chthamalus dalli,Little brown barnacle,2018_ssp_surface,ssp,beach_seine,2018-07-13,2018-07-12,2018,surface,1,edna_ssp_00,surface,biological,11.3,30.51,8.01,NA,NA,NA,4.7,1000,0,51.67909247,-128.1153275,sand,y,455,se,seagrass,zostera,seagrass_sand,zostera_sand,99.01,2.4714899999999987e-149,293,Metazoa,Arthropoda,Thecostraca,Balanomorpha,Chthamalidae,Chthamalus,0,0,TRUE,ASV814,5,Chthamalus dalli
edna0044,ASV251,motu105,Mesocentrotus franciscanus,Red sea urchin,species,1,NA,1,1,114,NA,121,NA,154,NA,NA,Mesocentrotus franciscanus,Red sea urchin,2018_ssp_depth,ssp,beach_seine,2018-07-13,2018-07-12,2018,depth,1,edna_ssp_15,depth,biological,10.8,31.46,8.02,NA,NA,NA,4.7,1000,0,51.67894579,-128.115172,sand,y,455,se,seagrass,zostera,seagrass_sand,zostera_sand,100,7.02982e-160,312,Metazoa,Echinodermata,Echinoidea,Camarodonta,Strongylocentrotidae,Mesocentrotus,0,0,TRUE,ASV118,8,Mesocentrotus franciscanus
edna0044,ASV280,motu190,Mytilus,Mussel species,genus,1,1,1,1,22,44,33,33,30,NA,43,Mytilus trossulus,Bay mussel,2018_ssp_depth,ssp,beach_seine,2018-07-13,2018-07-12,2018,depth,1,edna_ssp_15,depth,biological,10.8,31.46,8.02,NA,NA,NA,4.7,1000,0,51.67894579,-128.115172,sand,y,455,se,seagrass,zostera,seagrass_sand,zostera_sand,100,3.2351099999999996e-158,309,Metazoa,Mollusca,Mollusca,Mytilida,Mytilidae,Mytilus,0,0,TRUE,ASV216,23,NA
edna0044,ASV270,motu199,Mytilus,Mussel species,genus,1,1,1,1,19,45,36,24,21,NA,44,Mytilus trossulus,Bay mussel,2018_ssp_depth,ssp,beach_seine,2018-07-13,2018-07-12,2018,depth,1,edna_ssp_15,depth,biological,10.8,31.46,8.02,NA,NA,NA,4.7,1000,0,51.67894579,-128.115172,sand,y,455,se,seagrass,zostera,seagrass_sand,zostera_sand,100,3.2351099999999996e-158,309,Metazoa,Mollusca,Mollusca,Mytilida,Mytilidae,Mytilus,0,0,TRUE,ASV226,18,NA
edna0044,ASV132,motu118,Mesocentrotus franciscanus,Red sea urchin,species,1,NA,1,1,131,NA,136,129,NA,NA,130,Mesocentrotus franciscanus,Red sea urchin,2018_ssp_depth,ssp,beach_seine,2018-07-13,2018-07-12,2018,depth,1,edna_ssp_15,depth,biological,10.8,31.46,8.02,NA,NA,NA,4.7,1000,0,51.67894579,-128.115172,sand,y,455,se,seagrass,zostera,seagrass_sand,zostera_sand,100,2.51921e-159,311,Metazoa,Echinodermata,Echinoidea,Camarodonta,Strongylocentrotidae,Mesocentrotus,0,0,TRUE,ASV132,8,Mesocentrotus franciscanus
edna0044,ASV285,motu244,Ophiopholis,Brittle star species,genus,1,1,1,1,40,67,37,57,84,NA,47,Ophiopholis kennerlyi,Daisy brittle star,2018_ssp_depth,ssp,beach_seine,2018-07-13,2018-07-12,2018,depth,1,edna_ssp_15,depth,biological,10.8,31.46,8.02,NA,NA,NA,4.7,1000,0,51.67894579,-128.115172,sand,y,455,se,seagrass,zostera,seagrass_sand,zostera_sand,100,1.96163e-160,313,Metazoa,Echinodermata,Echinodermata,Amphilepidida,Ophiopholidae,Ophiopholis,0,0,TRUE,ASV275,7,NA
edna0044,ASV605,motu529,Ophiopholis,Brittle star species,genus,1,1,NA,NA,33,62,NA,NA,NA,NA,NA,Ophiopholis kennerlyi,Daisy brittle star,2018_ssp_depth,ssp,beach_seine,2018-07-13,2018-07-12,2018,depth,1,edna_ssp_15,depth,biological,10.8,31.46,8.02,NA,NA,NA,4.7,1000,0,51.67894579,-128.115172,sand,y,455,se,seagrass,zostera,seagrass_sand,zostera_sand,100,1.96163e-160,313,Metazoa,Echinodermata,Echinodermata,Amphilepidida,Ophiopholidae,Ophiopholis,0,0,TRUE,ASV603,6,NA
edna0044,ASV595,motu522,Cecidomyiidae,Hexapod,genus,1,1,NA,NA,5,21,NA,NA,NA,NA,NA,Cecidomyiidae,Hexapod,2018_ssp_depth,ssp,beach_seine,2018-07-13,2018-07-12,2018,depth,1,edna_ssp_15,depth,biological,10.8,31.46,8.02,NA,NA,NA,4.7,1000,0,51.67894579,-128.115172,sand,y,455,se,seagrass,zostera,seagrass_sand,zostera_sand,100,0.00408744,30,Metazoa,Arthropoda,Arthropoda,Diptera,Cecidomyiidae,Cecidomyiidae,NA,NA,TRUE,ASV595,1,NA
edna0044,ASV390,motu343,Dodecaceria,Cirratulid polychaete,genus,1,1,NA,NA,61,114,NA,NA,NA,NA,NA,Dodecaceria,Cirratulid polychaete,2018_ssp_depth,ssp,beach_seine,2018-07-13,2018-07-12,2018,depth,1,edna_ssp_15,depth,biological,10.8,31.46,8.02,NA,NA,NA,4.7,1000,0,51.67894579,-128.115172,sand,y,455,se,seagrass,zostera,seagrass_sand,zostera_sand,100,1.96163e-160,313,Metazoa,Annelida,Polychaeta,Terebellida,Cirratulidae,Dodecaceria,0,0,TRUE,ASV390,6,NA
edna0044,ASV322,motu283,Dodecaceria,Cirratulid polychaete,genus,1,1,NA,1,65,133,NA,75,NA,NA,NA,Dodecaceria,Cirratulid polychaete,2018_ssp_depth,ssp,beach_seine,2018-07-13,2018-07-12,2018,depth,1,edna_ssp_15,depth,biological,10.8,31.46,8.02,NA,NA,NA,4.7,1000,0,51.67894579,-128.115172,sand,y,455,se,seagrass,zostera,seagrass_sand,zostera_sand,100,1.96163e-160,313,Metazoa,Annelida,Polychaeta,Terebellida,Cirratulidae,Dodecaceria,0,0,TRUE,ASV322,5,NA
edna0044,ASV634,motu517,Balanus,Barnacle species,genus,1,1,NA,1,8,4,NA,NA,8,NA,9,Balanus,Barnacle species,2018_ssp_depth,ssp,beach_seine,2018-07-13,2018-07-12,2018,depth,1,edna_ssp_15,depth,biological,10.8,31.46,8.02,NA,NA,NA,4.7,1000,0,51.67894579,-128.115172,sand,y,455,se,seagrass,zostera,seagrass_sand,zostera_sand,100,1.4886099999999998e-156,306,Metazoa,Arthropoda,Arthropoda,Balanomorpha,Balanidae,Balanus,0,0,TRUE,ASV587,10,NA
edna0044,ASV613,motu536,Sabellariidae,Feather duster worm,family,1,1,1,1,29,45,24,NA,38,NA,NA,Sabellariidae,Feather duster worm,2018_ssp_depth,ssp,beach_seine,2018-07-13,2018-07-12,2018,depth,1,edna_ssp_15,depth,biological,10.8,31.46,8.02,NA,NA,NA,4.7,1000,0,51.67894579,-128.115172,sand,y,455,se,seagrass,zostera,seagrass_sand,zostera_sand,99.68,1.5051499999999994e-156,306,Metazoa,Annelida,Polychaeta,NA,Sabellariidae,NA,0,0,TRUE,ASV613,7,NA
edna0044,ASV521,motu458,Sabellariidae,Feather duster worm,family,1,1,1,1,29,49,31,NA,34,NA,NA,Sabellariidae,Feather duster worm,2018_ssp_depth,ssp,beach_seine,2018-07-13,2018-07-12,2018,depth,1,edna_ssp_15,depth,biological,10.8,31.46,8.02,NA,NA,NA,4.7,1000,0,51.67894579,-128.115172,sand,y,455,se,seagrass,zostera,seagrass_sand,zostera_sand,99.68,1.5051499999999994e-156,306,Metazoa,Annelida,Polychaeta,NA,Sabellariidae,NA,0,0,TRUE,ASV521,12,NA
edna0044,ASV559,motu492,Eupolymnia heterobranchia,Brown intertidal spaghetti worm,species,1,1,NA,1,11,21,NA,18,NA,NA,NA,Eupolymnia heterobranchia,Brown intertidal spaghetti worm,2018_ssp_depth,ssp,beach_seine,2018-07-13,2018-07-12,2018,depth,1,edna_ssp_15,depth,biological,10.8,31.46,8.02,NA,NA,NA,4.7,1000,0,51.67894579,-128.115172,sand,y,455,se,seagrass,zostera,seagrass_sand,zostera_sand,100,1.4886099999999998e-156,306,Metazoa,Annelida,Polychaeta,Terebellida,Terebellidae,Eupolymnia,0,0,TRUE,ASV559,3,Eupolymnia heterobranchia
edna0044,ASV1390,motu1174,Polycirrus,Sphagetti worm,genus,1,NA,NA,NA,144,NA,NA,NA,NA,NA,NA,Polycirrus,Sphagetti worm,2018_ssp_depth,ssp,beach_seine,2018-07-13,2018-07-12,2018,depth,1,edna_ssp_15,depth,biological,10.8,31.46,8.02,NA,NA,NA,4.7,1000,0,51.67894579,-128.115172,sand,y,455,se,seagrass,zostera,seagrass_sand,zostera_sand,100,1.96163e-160,313,Metazoa,Annelida,Polychaeta,Terebellida,Terebellidae,Polycirrus,0,0,TRUE,ASV1390,2,NA
edna0044,ASV978,motu848,Halosydna brevisetosa,Shortscaled worm,species,1,1,NA,NA,38,116,NA,NA,NA,NA,NA,Halosydna brevisetosa,Shortscaled worm,2018_ssp_depth,ssp,beach_seine,2018-07-13,2018-07-12,2018,depth,1,edna_ssp_15,depth,biological,10.8,31.46,8.02,NA,NA,NA,4.7,1000,0,51.67894579,-128.115172,sand,y,455,se,seagrass,zostera,seagrass_sand,zostera_sand,100,1.96163e-160,313,Metazoa,Annelida,Polychaeta,Phyllodocida,Polynoidae,Halosydna,0,0,TRUE,ASV978,4,Halosydna brevisetosa
edna0044,ASV1187,motu1015,Balanus,Barnacle species,genus,1,1,NA,NA,10,14,NA,NA,NA,NA,NA,Balanus,Barnacle species,2018_ssp_depth,ssp,beach_seine,2018-07-13,2018-07-12,2018,depth,1,edna_ssp_15,depth,biological,10.8,31.46,8.02,NA,NA,NA,4.7,1000,0,51.67894579,-128.115172,sand,y,455,se,seagrass,zostera,seagrass_sand,zostera_sand,100,1.4886099999999998e-156,306,Metazoa,Arthropoda,Arthropoda,Balanomorpha,Balanidae,Balanus,0,0,TRUE,ASV1187,5,NA
edna0044,ASV624,motu544,Halosydna brevisetosa,Shortscaled worm,species,1,1,1,1,49,102,71,NA,160,NA,NA,Halosydna brevisetosa,Shortscaled worm,2018_ssp_depth,ssp,beach_seine,2018-07-13,2018-07-12,2018,depth,1,edna_ssp_15,depth,biological,10.8,31.46,8.02,NA,NA,NA,4.7,1000,0,51.67894579,-128.115172,sand,y,455,se,seagrass,zostera,seagrass_sand,zostera_sand,100,1.96163e-160,313,Metazoa,Annelida,Polychaeta,Phyllodocida,Polynoidae,Halosydna,0,0,TRUE,ASV624,4,Halosydna brevisetosa
edna0044,ASV1522,motu989,Eupolymnia heterobranchia,Brown intertidal spaghetti worm,species,1,NA,NA,NA,11,NA,NA,NA,NA,NA,NA,Eupolymnia heterobranchia,Brown intertidal spaghetti worm,2018_ssp_depth,ssp,beach_seine,2018-07-13,2018-07-12,2018,depth,1,edna_ssp_15,depth,biological,10.8,31.46,8.02,NA,NA,NA,4.7,1000,0,51.67894579,-128.115172,sand,y,455,se,seagrass,zostera,seagrass_sand,zostera_sand,99.67,6.925819999999995e-155,303,Metazoa,Annelida,Polychaeta,Terebellida,Terebellidae,Eupolymnia,0,0,TRUE,ASV1154,3,Eupolymnia heterobranchia
edna0044,ASV944,motu821,Phascolosoma (Phascolosoma) agassizii,Agassiz peanut worm,species,1,NA,NA,NA,11,NA,NA,NA,NA,NA,NA,Phascolosoma (Phascolosoma) agassizii,Agassiz peanut worm,2018_ssp_depth,ssp,beach_seine,2018-07-13,2018-07-12,2018,depth,1,edna_ssp_15,depth,biological,10.8,31.46,8.02,NA,NA,NA,4.7,1000,0,51.67894579,-128.115172,sand,y,455,se,seagrass,zostera,seagrass_sand,zostera_sand,100,1.96163e-160,313,Metazoa,Annelida,NA,Sipuncula,Phascolosomatidae,Phascolosoma,0,0,TRUE,ASV944,3,Phascolosoma (Phascolosoma) agassizii
edna0044,ASV1040,motu897,Oithona similis,Cyclopoid copepod,species,1,1,NA,1,6,9,NA,NA,14,NA,NA,Oithona similis,Cyclopoid copepod,2018_ssp_depth,ssp,beach_seine,2018-07-13,2018-07-12,2018,depth,1,edna_ssp_15,depth,biological,10.8,31.46,8.02,NA,NA,NA,4.7,1000,0,51.67894579,-128.115172,sand,y,455,se,seagrass,zostera,seagrass_sand,zostera_sand,96.17,2.0179399999999996e-140,277,Metazoa,Arthropoda,Copepoda,Cyclopoida,Oithonidae,Oithona,0,0,TRUE,ASV1040,1,Oithona similis
edna0044,ASV1502,motu1269,Oithona similis,Cyclopoid copepod,species,1,1,NA,NA,5,11,NA,NA,NA,NA,NA,Oithona similis,Cyclopoid copepod,2018_ssp_depth,ssp,beach_seine,2018-07-13,2018-07-12,2018,depth,1,edna_ssp_15,depth,biological,10.8,31.46,8.02,NA,NA,NA,4.7,1000,0,51.67894579,-128.115172,sand,y,455,se,seagrass,zostera,seagrass_sand,zostera_sand,96.17,2.0179399999999996e-140,277,Metazoa,Arthropoda,Copepoda,Cyclopoida,Oithonidae,Oithona,0,0,TRUE,ASV1502,1,Oithona similis
edna0044,ASV989,motu859,Polycirrus,Sphagetti worm,genus,1,1,1,1,145,265,72,73,244,NA,85,Polycirrus,Sphagetti worm,2018_ssp_depth,ssp,beach_seine,2018-07-13,2018-07-12,2018,depth,1,edna_ssp_15,depth,biological,10.8,31.46,8.02,NA,NA,NA,4.7,1000,0,51.67894579,-128.115172,sand,y,455,se,seagrass,zostera,seagrass_sand,zostera_sand,100,2.51921e-159,311,Metazoa,Annelida,Polychaeta,Terebellida,Terebellidae,Polycirrus,0,0,TRUE,ASV989,2,NA
edna0044,ASV801,motu697,Micropodarke dubia,Hesionid polychaete,species,1,1,1,1,10,20,17,12,NA,NA,13,Micropodarke dubia,Hesionid polychaete,2018_ssp_depth,ssp,beach_seine,2018-07-13,2018-07-12,2018,depth,1,edna_ssp_15,depth,biological,10.8,31.46,8.02,NA,NA,NA,4.7,1000,0,51.67894579,-128.115172,sand,y,455,se,seagrass,zostera,seagrass_sand,zostera_sand,100,1.96163e-160,313,Metazoa,Annelida,Polychaeta,Phyllodocida,Hesionidae,Micropodarke,0,0,TRUE,ASV801,2,Micropodarke dubia
edna0044,ASV1742,motu1454,Micropodarke dubia,Hesionid polychaete,species,1,1,NA,NA,17,23,NA,NA,NA,NA,NA,Micropodarke dubia,Hesionid polychaete,2018_ssp_depth,ssp,beach_seine,2018-07-13,2018-07-12,2018,depth,1,edna_ssp_15,depth,biological,10.8,31.46,8.02,NA,NA,NA,4.7,1000,0,51.67894579,-128.115172,sand,y,455,se,seagrass,zostera,seagrass_sand,zostera_sand,100,1.96163e-160,313,Metazoa,Annelida,Polychaeta,Phyllodocida,Hesionidae,Micropodarke,0,0,TRUE,ASV1742,2,Micropodarke dubia
edna0044,ASV2364,motu1940,Membranipora membranacea,Coffin box bryozoan,species,1,1,NA,NA,8,7,NA,NA,NA,NA,NA,Membranipora membranacea,Coffin box bryozoan,2018_ssp_depth,ssp,beach_seine,2018-07-13,2018-07-12,2018,depth,1,edna_ssp_15,depth,biological,10.8,31.46,8.02,NA,NA,NA,4.7,1000,0,51.67894579,-128.115172,sand,y,455,se,seagrass,zostera,seagrass_sand,zostera_sand,100,9.252979999999995e-139,274,Metazoa,Bryozoa,Gymnolaemata,Cheilostomatida,Membraniporidae,Membranipora,0,0,TRUE,ASV2364,1,Membranipora membranacea
edna0044,ASV2031,motu1681,Membranipora membranacea,Coffin box bryozoan,species,1,NA,NA,NA,6,NA,NA,NA,NA,NA,NA,Membranipora membranacea,Coffin box bryozoan,2018_ssp_depth,ssp,beach_seine,2018-07-13,2018-07-12,2018,depth,1,edna_ssp_15,depth,biological,10.8,31.46,8.02,NA,NA,NA,4.7,1000,0,51.67894579,-128.115172,sand,y,455,se,seagrass,zostera,seagrass_sand,zostera_sand,100,9.252979999999995e-139,274,Metazoa,Bryozoa,Gymnolaemata,Cheilostomatida,Membraniporidae,Membranipora,0,0,TRUE,ASV2031,1,Membranipora membranacea
edna0044,ASV1599,motu1332,Mytilus californianus,California mussel,species,1,1,1,NA,3,11,8,NA,NA,NA,NA,Mytilus californianus,California mussel,2018_ssp_depth,ssp,beach_seine,2018-07-13,2018-07-12,2018,depth,1,edna_ssp_15,depth,biological,10.8,31.46,8.02,NA,NA,NA,4.7,1000,0,51.67894579,-128.115172,sand,y,455,se,seagrass,zostera,seagrass_sand,zostera_sand,100,3.2351099999999996e-158,309,Metazoa,Mollusca,Bivalvia,Mytilida,Mytilidae,Mytilus,0,0,TRUE,ASV1582,5,Mytilus californianus
edna0044,ASV2984,motu848,Halosydna brevisetosa,Shortscaled worm,species,1,1,NA,NA,42,104,NA,NA,NA,NA,NA,Halosydna brevisetosa,Shortscaled worm,2018_ssp_depth,ssp,beach_seine,2018-07-13,2018-07-12,2018,depth,1,edna_ssp_15,depth,biological,10.8,31.46,8.02,NA,NA,NA,4.7,1000,0,51.67894579,-128.115172,sand,y,455,se,seagrass,zostera,seagrass_sand,zostera_sand,99.68,9.126599999999999e-159,310,Metazoa,Annelida,Polychaeta,Phyllodocida,Polynoidae,Halosydna,0,0,TRUE,ASV978,4,Halosydna brevisetosa
edna0044,ASV2840,motu2298,Arthropoda,Unknown arthropod,phylum,1,NA,NA,NA,2,NA,NA,NA,NA,NA,NA,Arthropoda,Unknown arthropod,2018_ssp_depth,ssp,beach_seine,2018-07-13,2018-07-12,2018,depth,1,edna_ssp_15,depth,biological,10.8,31.46,8.02,NA,NA,NA,4.7,1000,0,51.67894579,-128.115172,sand,y,455,se,seagrass,zostera,seagrass_sand,zostera_sand,95,2.34566e-5,34,Metazoa,Arthropoda,NA,NA,NA,NA,NA,NA,TRUE,ASV2840,1,NA
edna0044,ASV2594,motu544,Halosydna brevisetosa,Shortscaled worm,species,1,1,1,NA,39,89,74,NA,NA,NA,NA,Halosydna brevisetosa,Shortscaled worm,2018_ssp_depth,ssp,beach_seine,2018-07-13,2018-07-12,2018,depth,1,edna_ssp_15,depth,biological,10.8,31.46,8.02,NA,NA,NA,4.7,1000,0,51.67894579,-128.115172,sand,y,455,se,seagrass,zostera,seagrass_sand,zostera_sand,99.68,9.126599999999999e-159,310,Metazoa,Annelida,Polychaeta,Phyllodocida,Polynoidae,Halosydna,0,0,TRUE,ASV624,4,Halosydna brevisetosa
edna0044,ASV2525,motu1469,Halosydna brevisetosa,Shortscaled worm,species,1,1,1,1,39,59,41,NA,51,NA,25,Halosydna brevisetosa,Shortscaled worm,2018_ssp_depth,ssp,beach_seine,2018-07-13,2018-07-12,2018,depth,1,edna_ssp_15,depth,biological,10.8,31.46,8.02,NA,NA,NA,4.7,1000,0,51.67894579,-128.115172,sand,y,455,se,seagrass,zostera,seagrass_sand,zostera_sand,98.97,3.352919999999999e-143,282,Metazoa,Annelida,Polychaeta,Phyllodocida,Polynoidae,Halosydna,0,0,TRUE,ASV1758,2,Halosydna brevisetosa
edna0044,ASV3512,motu2791,Halosydna brevisetosa,Shortscaled worm,species,1,1,NA,NA,35,64,NA,NA,NA,NA,NA,Halosydna brevisetosa,Shortscaled worm,2018_ssp_depth,ssp,beach_seine,2018-07-13,2018-07-12,2018,depth,1,edna_ssp_15,depth,biological,10.8,31.46,8.02,NA,NA,NA,4.7,1000,0,51.67894579,-128.115172,sand,y,455,se,seagrass,zostera,seagrass_sand,zostera_sand,98.97,3.352919999999999e-143,282,Metazoa,Annelida,Polychaeta,Phyllodocida,Polynoidae,Halosydna,0,0,TRUE,ASV3512,2,Halosydna brevisetosa
edna0044,ASV2757,motu2230,Diplostomida,Flatworm,order,1,1,NA,NA,3,4,NA,NA,NA,NA,NA,Diplostomida,Flatworm,2018_ssp_depth,ssp,beach_seine,2018-07-13,2018-07-12,2018,depth,1,edna_ssp_15,depth,biological,10.8,31.46,8.02,NA,NA,NA,4.7,1000,0,51.67894579,-128.115172,sand,y,455,se,seagrass,zostera,seagrass_sand,zostera_sand,96.88,0.0144888,29,Metazoa,Platyhelminthes,Platyhelminthes,Diplostomida,NA,NA,0,0,TRUE,ASV2757,1,NA
edna0044,ASV3873,motu3042,Neosabellaria cementarium,Cemented sandmason tubeworm,species,1,NA,1,NA,10,NA,15,NA,NA,NA,NA,Neosabellaria cementarium,Cemented sandmason tubeworm,2018_ssp_depth,ssp,beach_seine,2018-07-13,2018-07-12,2018,depth,1,edna_ssp_15,depth,biological,10.8,31.46,8.02,NA,NA,NA,4.7,1000,0,51.67894579,-128.115172,sand,y,455,se,seagrass,zostera,seagrass_sand,zostera_sand,99.36,4.246189999999999e-157,307,Metazoa,Annelida,Polychaeta,NA,Sabellariidae,Neosabellaria,0,0,TRUE,ASV3873,3,Neosabellaria cementarium
edna0044,ASV2852,motu2305,Coleoptera,Hexapod,order,1,NA,NA,NA,3,NA,NA,NA,NA,NA,NA,Coleoptera,Hexapod,2018_ssp_depth,ssp,beach_seine,2018-07-13,2018-07-12,2018,depth,1,edna_ssp_15,depth,biological,10.8,31.46,8.02,NA,NA,NA,4.7,1000,0,51.67894579,-128.115172,sand,y,455,se,seagrass,zostera,seagrass_sand,zostera_sand,100,0.00110774,31,Metazoa,Arthropoda,Arthropoda,Coleoptera,NA,NA,NA,NA,TRUE,ASV2852,1,NA
edna0044,ASV4838,motu3744,Ameira,Harpacticoid copepod,genus,1,NA,NA,NA,3,NA,NA,NA,NA,NA,NA,Ameira,Harpacticoid copepod,2018_ssp_depth,ssp,beach_seine,2018-07-13,2018-07-12,2018,depth,1,edna_ssp_15,depth,biological,10.8,31.46,8.02,NA,NA,NA,4.7,1000,0,51.67894579,-128.115172,sand,y,455,se,seagrass,zostera,seagrass_sand,zostera_sand,100,3.2351099999999996e-158,309,Metazoa,Arthropoda,Copepoda,Harpacticoida,Ameiridae,Ameira,0,0,TRUE,ASV4838,1,NA
edna0045,ASV25,motu22,Acartia (Acartiura) longiremis,Calanoid copepod,species,1,1,1,1,158,247,105,201,317,NA,244,Acartia (Acartiura) longiremis,Calanoid copepod,2018_ssp_surface,ssp,beach_seine,2018-07-13,2018-07-12,2018,surface,2,edna_ssp_30,surface,biological,11.5,30.62,8.03,NA,NA,NA,4.5,1000,0,51.67882714,-128.114958,sand,y,455,se,seagrass,zostera,seagrass_sand,zostera_sand,100,1.96163e-160,313,Metazoa,Arthropoda,Copepoda,Calanoida,Acartiidae,Acartia,0,0,TRUE,ASV25,27,Acartia (Acartiura) longiremis
edna0045,ASV81,motu71,Acartia (Acartiura) longiremis,Calanoid copepod,species,1,1,NA,1,147,259,NA,62,NA,NA,NA,Acartia (Acartiura) longiremis,Calanoid copepod,2018_ssp_surface,ssp,beach_seine,2018-07-13,2018-07-12,2018,surface,2,edna_ssp_30,surface,biological,11.5,30.62,8.03,NA,NA,NA,4.5,1000,0,51.67882714,-128.114958,sand,y,455,se,seagrass,zostera,seagrass_sand,zostera_sand,100,1.96163e-160,313,Metazoa,Arthropoda,Copepoda,Calanoida,Acartiidae,Acartia,0,0,TRUE,ASV81,23,Acartia (Acartiura) longiremis
edna0045,ASV226,motu199,Mytilus trossulus,Bay mussel,species,1,1,1,1,25,28,28,48,NA,NA,NA,Mytilus trossulus,Bay mussel,2018_ssp_surface,ssp,beach_seine,2018-07-13,2018-07-12,2018,surface,2,edna_ssp_30,surface,biological,11.5,30.62,8.03,NA,NA,NA,4.5,1000,0,51.67882714,-128.114958,sand,y,455,se,seagrass,zostera,seagrass_sand,zostera_sand,100,3.2351099999999996e-158,309,Metazoa,Mollusca,Mollusca,Mytilida,Mytilidae,Mytilus,0,0,TRUE,ASV226,18,Mytilus trossulus
edna0045,ASV216,motu190,Mytilus trossulus,Bay mussel,species,1,NA,NA,1,31,NA,NA,NA,43,NA,40,Mytilus trossulus,Bay mussel,2018_ssp_surface,ssp,beach_seine,2018-07-13,2018-07-12,2018,surface,2,edna_ssp_30,surface,biological,11.5,30.62,8.03,NA,NA,NA,4.5,1000,0,51.67882714,-128.114958,sand,y,455,se,seagrass,zostera,seagrass_sand,zostera_sand,100,3.2351099999999996e-158,309,Metazoa,Mollusca,Mollusca,Mytilida,Mytilidae,Mytilus,0,0,TRUE,ASV216,23,Mytilus trossulus
edna0045,ASV118,motu105,Mesocentrotus franciscanus,Red sea urchin,species,1,NA,NA,NA,7,NA,NA,NA,NA,NA,NA,Mesocentrotus franciscanus,Red sea urchin,2018_ssp_surface,ssp,beach_seine,2018-07-13,2018-07-12,2018,surface,2,edna_ssp_30,surface,biological,11.5,30.62,8.03,NA,NA,NA,4.5,1000,0,51.67882714,-128.114958,sand,y,455,se,seagrass,zostera,seagrass_sand,zostera_sand,100,2.51921e-159,311,Metazoa,Echinodermata,Echinoidea,Camarodonta,Strongylocentrotidae,Mesocentrotus,0,0,TRUE,ASV118,8,Mesocentrotus franciscanus
edna0045,ASV242,motu213,Balanus glandula,Acorn barnacle,species,1,1,1,1,90,150,124,172,126,NA,120,Balanus glandula,Acorn barnacle,2018_ssp_surface,ssp,beach_seine,2018-07-13,2018-07-12,2018,surface,2,edna_ssp_30,surface,biological,11.5,30.62,8.03,NA,NA,NA,4.5,1000,0,51.67882714,-128.114958,sand,y,455,se,seagrass,zostera,seagrass_sand,zostera_sand,100,3.2351099999999996e-158,309,Metazoa,Arthropoda,Thecostraca,Balanomorpha,Balanidae,Balanus,0,0,TRUE,ASV242,15,Balanus glandula
edna0045,ASV447,motu394,Balanus glandula,Acorn barnacle,species,1,1,NA,NA,87,155,NA,NA,NA,NA,NA,Balanus glandula,Acorn barnacle,2018_ssp_surface,ssp,beach_seine,2018-07-13,2018-07-12,2018,surface,2,edna_ssp_30,surface,biological,11.5,30.62,8.03,NA,NA,NA,4.5,1000,0,51.67882714,-128.114958,sand,y,455,se,seagrass,zostera,seagrass_sand,zostera_sand,100,3.2351099999999996e-158,309,Metazoa,Arthropoda,Thecostraca,Balanomorpha,Balanidae,Balanus,0,0,TRUE,ASV447,12,Balanus glandula
edna0045,ASV132,motu118,Mesocentrotus franciscanus,Red sea urchin,species,1,NA,NA,1,6,NA,NA,NA,NA,NA,8,Mesocentrotus franciscanus,Red sea urchin,2018_ssp_surface,ssp,beach_seine,2018-07-13,2018-07-12,2018,surface,2,edna_ssp_30,surface,biological,11.5,30.62,8.03,NA,NA,NA,4.5,1000,0,51.67882714,-128.114958,sand,y,455,se,seagrass,zostera,seagrass_sand,zostera_sand,100,2.51921e-159,311,Metazoa,Echinodermata,Echinoidea,Camarodonta,Strongylocentrotidae,Mesocentrotus,0,0,TRUE,ASV132,8,Mesocentrotus franciscanus
edna0045,ASV205,motu181,Pseudocalanus mimus,Calanoid copepod,species,1,1,1,1,35,58,34,NA,33,NA,33,Pseudocalanus mimus,Calanoid copepod,2018_ssp_surface,ssp,beach_seine,2018-07-13,2018-07-12,2018,surface,2,edna_ssp_30,surface,biological,11.5,30.62,8.03,NA,NA,NA,4.5,1000,0,51.67882714,-128.114958,sand,y,455,se,seagrass,zostera,seagrass_sand,zostera_sand,100,1.18898e-152,299,Metazoa,Arthropoda,Copepoda,Calanoida,Clausocalanidae,Pseudocalanus,0,0,TRUE,ASV205,8,Pseudocalanus mimus
edna0045,ASV275,motu244,Ophiopholis kennerlyi,Daisy brittle star,species,1,1,NA,1,5,8,NA,NA,NA,NA,5,Ophiopholis kennerlyi,Daisy brittle star,2018_ssp_surface,ssp,beach_seine,2018-07-13,2018-07-12,2018,surface,2,edna_ssp_30,surface,biological,11.5,30.62,8.03,NA,NA,NA,4.5,1000,0,51.67882714,-128.114958,sand,y,455,se,seagrass,zostera,seagrass_sand,zostera_sand,100,1.96163e-160,313,Metazoa,Echinodermata,Echinodermata,Amphilepidida,Ophiopholidae,Ophiopholis,0,0,TRUE,ASV275,7,Ophiopholis kennerlyi
edna0045,ASV616,motu537,Mitrocoma cellularia,Cross jelly,species,1,NA,NA,NA,4,NA,NA,NA,NA,NA,NA,Mitrocoma cellularia,Cross jelly,2018_ssp_surface,ssp,beach_seine,2018-07-13,2018-07-12,2018,surface,2,edna_ssp_30,surface,biological,11.5,30.62,8.03,NA,NA,NA,4.5,1000,0,51.67882714,-128.114958,sand,y,455,se,seagrass,zostera,seagrass_sand,zostera_sand,100,1.4886099999999998e-156,306,Metazoa,Cnidaria,Hydrozoa,Leptothecata,Mitrocomidae,Mitrocoma,0,0,TRUE,ASV616,6,Mitrocoma cellularia
edna0045,ASV525,motu461,Chthamalus dalli,Little brown barnacle,species,1,1,1,1,29,39,30,37,NA,NA,NA,Chthamalus dalli,Little brown barnacle,2018_ssp_surface,ssp,beach_seine,2018-07-13,2018-07-12,2018,surface,2,edna_ssp_30,surface,biological,11.5,30.62,8.03,NA,NA,NA,4.5,1000,0,51.67882714,-128.114958,sand,y,455,se,seagrass,zostera,seagrass_sand,zostera_sand,99.04,7.1053799999999944e-155,303,Metazoa,Arthropoda,Thecostraca,Balanomorpha,Chthamalidae,Chthamalus,0,0,TRUE,ASV525,2,Chthamalus dalli
edna0045,ASV498,motu441,Clytia gregaria,Gregarious jellyfish,species,1,1,1,1,4,4,4,3,NA,NA,NA,Clytia gregaria,Gregarious jellyfish,2018_ssp_surface,ssp,beach_seine,2018-07-13,2018-07-12,2018,surface,2,edna_ssp_30,surface,biological,11.5,30.62,8.03,NA,NA,NA,4.5,1000,0,51.67882714,-128.114958,sand,y,455,se,seagrass,zostera,seagrass_sand,zostera_sand,99.68,9.126599999999999e-159,310,Metazoa,Cnidaria,Hydrozoa,Leptothecata,Campanulariidae,Clytia,0,0,TRUE,ASV498,2,Clytia gregaria
edna0045,ASV891,motu775,Chthamalus dalli,Little brown barnacle,species,1,1,NA,NA,21,41,NA,NA,NA,NA,NA,Chthamalus dalli,Little brown barnacle,2018_ssp_surface,ssp,beach_seine,2018-07-13,2018-07-12,2018,surface,2,edna_ssp_30,surface,biological,11.5,30.62,8.03,NA,NA,NA,4.5,1000,0,51.67882714,-128.114958,sand,y,455,se,seagrass,zostera,seagrass_sand,zostera_sand,99.04,7.1053799999999944e-155,303,Metazoa,Arthropoda,Thecostraca,Balanomorpha,Chthamalidae,Chthamalus,0,0,TRUE,ASV891,1,Chthamalus dalli
edna0045,ASV625,motu545,Phascolosoma (Phascolosoma) agassizii,Agassiz peanut worm,species,1,1,NA,1,47,77,NA,103,101,NA,NA,Phascolosoma (Phascolosoma) agassizii,Agassiz peanut worm,2018_ssp_surface,ssp,beach_seine,2018-07-13,2018-07-12,2018,surface,2,edna_ssp_30,surface,biological,11.5,30.62,8.03,NA,NA,NA,4.5,1000,0,51.67882714,-128.114958,sand,y,455,se,seagrass,zostera,seagrass_sand,zostera_sand,100,1.96163e-160,313,Metazoa,Annelida,NA,Sipuncula,Phascolosomatidae,Phascolosoma,0,0,TRUE,ASV625,3,Phascolosoma (Phascolosoma) agassizii
edna0045,ASV559,motu492,Eupolymnia heterobranchia,Brown intertidal spaghetti worm,species,1,1,1,1,146,289,70,255,237,NA,160,Eupolymnia heterobranchia,Brown intertidal spaghetti worm,2018_ssp_surface,ssp,beach_seine,2018-07-13,2018-07-12,2018,surface,2,edna_ssp_30,surface,biological,11.5,30.62,8.03,NA,NA,NA,4.5,1000,0,51.67882714,-128.114958,sand,y,455,se,seagrass,zostera,seagrass_sand,zostera_sand,100,1.4886099999999998e-156,306,Metazoa,Annelida,Polychaeta,Terebellida,Terebellidae,Eupolymnia,0,0,TRUE,ASV559,3,Eupolymnia heterobranchia
edna0045,ASV1154,motu989,Eupolymnia heterobranchia,Brown intertidal spaghetti worm,species,1,1,NA,NA,141,236,NA,NA,NA,NA,NA,Eupolymnia heterobranchia,Brown intertidal spaghetti worm,2018_ssp_surface,ssp,beach_seine,2018-07-13,2018-07-12,2018,surface,2,edna_ssp_30,surface,biological,11.5,30.62,8.03,NA,NA,NA,4.5,1000,0,51.67882714,-128.114958,sand,y,455,se,seagrass,zostera,seagrass_sand,zostera_sand,100,1.4886099999999998e-156,306,Metazoa,Annelida,Polychaeta,Terebellida,Terebellidae,Eupolymnia,0,0,TRUE,ASV1154,3,Eupolymnia heterobranchia
edna0045,ASV542,motu476,Phascolosoma (Phascolosoma) agassizii,Agassiz peanut worm,species,1,1,1,1,41,60,60,101,95,NA,92,Phascolosoma (Phascolosoma) agassizii,Agassiz peanut worm,2018_ssp_surface,ssp,beach_seine,2018-07-13,2018-07-12,2018,surface,2,edna_ssp_30,surface,biological,11.5,30.62,8.03,NA,NA,NA,4.5,1000,0,51.67882714,-128.114958,sand,y,455,se,seagrass,zostera,seagrass_sand,zostera_sand,100,1.96163e-160,313,Metazoa,Annelida,NA,Sipuncula,Phascolosomatidae,Phascolosoma,0,0,TRUE,ASV542,4,Phascolosoma (Phascolosoma) agassizii
edna0045,ASV733,motu637,Phyllodocida,Polychaete,order,1,NA,NA,NA,3,NA,NA,NA,NA,NA,NA,Phyllodocida,Polychaete,2018_ssp_surface,ssp,beach_seine,2018-07-13,2018-07-12,2018,surface,2,edna_ssp_30,surface,biological,11.5,30.62,8.03,NA,NA,NA,4.5,1000,0,51.67882714,-128.114958,sand,y,455,se,seagrass,zostera,seagrass_sand,zostera_sand,100,0.0603188,28,Metazoa,Annelida,Annelida,Phyllodocida,NA,NA,0,0,TRUE,ASV733,1,NA
edna0045,ASV1013,motu876,Orobdella,Freshwater leech,genus,1,1,NA,NA,6,6,NA,NA,NA,NA,NA,Orobdella,Freshwater leech,2018_ssp_surface,ssp,beach_seine,2018-07-13,2018-07-12,2018,surface,2,edna_ssp_30,surface,biological,11.5,30.62,8.03,NA,NA,NA,4.5,1000,0,51.67882714,-128.114958,sand,y,455,se,seagrass,zostera,seagrass_sand,zostera_sand,97.06,0.00121031,31,Metazoa,Annelida,Annelida,Erpobdelliformes,Orobdellidae,Orobdella,NA,NA,TRUE,ASV1013,1,NA
edna0045,ASV1580,motu1330,Sthenelais berkeleyi,Scale worm,species,1,1,NA,NA,29,70,NA,NA,NA,NA,NA,Sthenelais berkeleyi,Scale worm,2018_ssp_surface,ssp,beach_seine,2018-07-13,2018-07-12,2018,surface,2,edna_ssp_30,surface,biological,11.5,30.62,8.03,NA,NA,NA,4.5,1000,0,51.67882714,-128.114958,sand,y,455,se,seagrass,zostera,seagrass_sand,zostera_sand,99.04,1.97556e-155,304,Metazoa,Annelida,Polychaeta,Phyllodocida,Sigalionidae,Sthenelais,0,0,TRUE,ASV1580,1,Sthenelais berkeleyi
edna0045,ASV806,motu702,Sthenelais berkeleyi,Scale worm,species,1,1,1,1,41,79,59,68,46,NA,26,Sthenelais berkeleyi,Scale worm,2018_ssp_surface,ssp,beach_seine,2018-07-13,2018-07-12,2018,surface,2,edna_ssp_30,surface,biological,11.5,30.62,8.03,NA,NA,NA,4.5,1000,0,51.67882714,-128.114958,sand,y,455,se,seagrass,zostera,seagrass_sand,zostera_sand,99.04,1.97556e-155,304,Metazoa,Annelida,Polychaeta,Phyllodocida,Sigalionidae,Sthenelais,0,0,TRUE,ASV806,1,Sthenelais berkeleyi
edna0045,ASV838,motu729,Strongylocentrotus purpuratus,Purple sea urchin,species,1,1,1,NA,29,55,43,NA,NA,NA,NA,Strongylocentrotus purpuratus,Purple sea urchin,2018_ssp_surface,ssp,beach_seine,2018-07-13,2018-07-12,2018,surface,2,edna_ssp_30,surface,biological,11.5,30.62,8.03,NA,NA,NA,4.5,1000,0,51.67882714,-128.114958,sand,y,455,se,seagrass,zostera,seagrass_sand,zostera_sand,100,1.96163e-160,313,Metazoa,Echinodermata,Echinoidea,Camarodonta,Strongylocentrotidae,Strongylocentrotus,0,0,TRUE,ASV838,2,Strongylocentrotus purpuratus
edna0045,ASV1748,motu1459,Chaetognatha,Arrow worm,phylum,1,1,NA,NA,7,13,NA,NA,NA,NA,NA,Chaetognatha,Arrow worm,2018_ssp_surface,ssp,beach_seine,2018-07-13,2018-07-12,2018,surface,2,edna_ssp_30,surface,biological,11.5,30.62,8.03,NA,NA,NA,4.5,1000,0,51.67882714,-128.114958,sand,y,455,se,seagrass,zostera,seagrass_sand,zostera_sand,95.02,1.63074e-81,171,Metazoa,Chaetognatha,NA,NA,NA,NA,0,0,TRUE,ASV1748,1,NA
edna0045,ASV1529,motu1289,Apostichopus californicus,California sea cucumber,species,1,1,1,1,85,151,108,121,95,NA,62,Apostichopus californicus,California sea cucumber,2018_ssp_surface,ssp,beach_seine,2018-07-13,2018-07-12,2018,surface,2,edna_ssp_30,surface,biological,11.5,30.62,8.03,NA,NA,NA,4.5,1000,0,51.67882714,-128.114958,sand,y,455,se,seagrass,zostera,seagrass_sand,zostera_sand,99.36,4.246189999999999e-157,307,Metazoa,Echinodermata,Holothuroidea,Synallactida,Stichopodidae,Apostichopus,0,0,TRUE,ASV1529,1,Apostichopus californicus
edna0045,ASV2434,motu1986,Apostichopus californicus,California sea cucumber,species,1,1,NA,NA,80,155,NA,NA,NA,NA,NA,Apostichopus californicus,California sea cucumber,2018_ssp_surface,ssp,beach_seine,2018-07-13,2018-07-12,2018,surface,2,edna_ssp_30,surface,biological,11.5,30.62,8.03,NA,NA,NA,4.5,1000,0,51.67882714,-128.114958,sand,y,455,se,seagrass,zostera,seagrass_sand,zostera_sand,99.36,4.246189999999999e-157,307,Metazoa,Echinodermata,Holothuroidea,Synallactida,Stichopodidae,Apostichopus,0,0,TRUE,ASV2434,1,Apostichopus californicus
edna0045,ASV1803,motu544,Halosydna brevisetosa,Shortscaled worm,species,1,1,1,1,66,61,76,102,139,NA,NA,Halosydna brevisetosa,Shortscaled worm,2018_ssp_surface,ssp,beach_seine,2018-07-13,2018-07-12,2018,surface,2,edna_ssp_30,surface,biological,11.5,30.62,8.03,NA,NA,NA,4.5,1000,0,51.67882714,-128.114958,sand,y,455,se,seagrass,zostera,seagrass_sand,zostera_sand,99.68,9.126599999999999e-159,310,Metazoa,Annelida,Polychaeta,Phyllodocida,Polynoidae,Halosydna,0,0,TRUE,ASV624,4,Halosydna brevisetosa
edna0045,ASV3012,motu2427,Membranipora membranacea,Coffin box bryozoan,species,1,1,NA,NA,17,23,NA,NA,NA,NA,NA,Membranipora membranacea,Coffin box bryozoan,2018_ssp_surface,ssp,beach_seine,2018-07-13,2018-07-12,2018,surface,2,edna_ssp_30,surface,biological,11.5,30.62,8.03,NA,NA,NA,4.5,1000,0,51.67882714,-128.114958,sand,y,455,se,seagrass,zostera,seagrass_sand,zostera_sand,99.63,3.26565e-133,264,Metazoa,Bryozoa,Gymnolaemata,Cheilostomatida,Membraniporidae,Membranipora,0,0,TRUE,ASV3012,1,Membranipora membranacea
edna0045,ASV1291,motu1092,Metridium senile,Plumose anemone,species,1,NA,NA,1,50,NA,NA,114,155,NA,107,Metridium senile,Plumose anemone,2018_ssp_surface,ssp,beach_seine,2018-07-13,2018-07-12,2018,surface,2,edna_ssp_30,surface,biological,11.5,30.62,8.03,NA,NA,NA,4.5,1000,0,51.67882714,-128.114958,sand,y,455,se,seagrass,zostera,seagrass_sand,zostera_sand,100,1.4886099999999998e-156,306,Metazoa,Cnidaria,Anthozoa,Actiniaria,Metridiidae,Metridium,0,0,TRUE,ASV1291,2,Metridium senile
edna0045,ASV3346,motu2667,Membranipora membranacea,Coffin box bryozoan,species,1,1,NA,NA,9,16,NA,NA,NA,NA,NA,Membranipora membranacea,Coffin box bryozoan,2018_ssp_surface,ssp,beach_seine,2018-07-13,2018-07-12,2018,surface,2,edna_ssp_30,surface,biological,11.5,30.62,8.03,NA,NA,NA,4.5,1000,0,51.67882714,-128.114958,sand,y,455,se,seagrass,zostera,seagrass_sand,zostera_sand,99.63,3.26565e-133,264,Metazoa,Bryozoa,Gymnolaemata,Cheilostomatida,Membraniporidae,Membranipora,0,0,TRUE,ASV3346,1,Membranipora membranacea
edna0045,ASV1917,motu1595,Arthropoda,Unknown arthropod,phylum,1,1,NA,NA,5,6,NA,NA,NA,NA,NA,Arthropoda,Unknown arthropod,2018_ssp_surface,ssp,beach_seine,2018-07-13,2018-07-12,2018,surface,2,edna_ssp_30,surface,biological,11.5,30.62,8.03,NA,NA,NA,4.5,1000,0,51.67882714,-128.114958,sand,y,455,se,seagrass,zostera,seagrass_sand,zostera_sand,95,2.34566e-5,34,Metazoa,Arthropoda,NA,NA,NA,NA,NA,NA,TRUE,ASV1917,1,NA
edna0045,ASV2897,motu22,Acartia (Acartiura) longiremis,Calanoid copepod,species,1,1,1,NA,37,61,60,NA,NA,NA,NA,Acartia (Acartiura) longiremis,Calanoid copepod,2018_ssp_surface,ssp,beach_seine,2018-07-13,2018-07-12,2018,surface,2,edna_ssp_30,surface,biological,11.5,30.62,8.03,NA,NA,NA,4.5,1000,0,51.67882714,-128.114958,sand,y,455,se,seagrass,zostera,seagrass_sand,zostera_sand,100,1.96163e-160,313,Metazoa,Arthropoda,Copepoda,Calanoida,Acartiidae,Acartia,0,0,TRUE,ASV25,27,Acartia (Acartiura) longiremis
edna0045,ASV2801,motu2264,Synchaeta triophthalma,Rotifer,species,1,1,1,1,5,4,4,7,NA,NA,NA,Synchaeta triophthalma,Rotifer,2018_ssp_surface,ssp,beach_seine,2018-07-13,2018-07-12,2018,surface,2,edna_ssp_30,surface,biological,11.5,30.62,8.03,NA,NA,NA,4.5,1000,0,51.67882714,-128.114958,sand,y,455,se,seagrass,zostera,seagrass_sand,zostera_sand,91.35,7.600549999999996e-115,231,Metazoa,Rotifera,Eurotatoria,Ploima,Synchaetidae,Synchaeta,0,0,TRUE,ASV2801,1,Synchaeta triophthalma
edna0045,ASV2902,motu2343,Tubulanus,Ribbon worm,genus,1,1,NA,1,21,37,NA,58,30,NA,NA,Tubulanus,Ribbon worm,2018_ssp_surface,ssp,beach_seine,2018-07-13,2018-07-12,2018,surface,2,edna_ssp_30,surface,biological,11.5,30.62,8.03,NA,NA,NA,4.5,1000,0,51.67882714,-128.114958,sand,y,455,se,seagrass,zostera,seagrass_sand,zostera_sand,100,7.1053799999999944e-155,303,Metazoa,Nemertea,Palaeonemertea,Tubulaniformes,Tubulanidae,Tubulanus,0,0,TRUE,ASV2902,2,NA
edna0045,ASV4232,motu3317,Tubulanus,Ribbon worm,genus,1,1,NA,NA,17,36,NA,NA,NA,NA,NA,Tubulanus,Ribbon worm,2018_ssp_surface,ssp,beach_seine,2018-07-13,2018-07-12,2018,surface,2,edna_ssp_30,surface,biological,11.5,30.62,8.03,NA,NA,NA,4.5,1000,0,51.67882714,-128.114958,sand,y,455,se,seagrass,zostera,seagrass_sand,zostera_sand,100,7.1053799999999944e-155,303,Metazoa,Nemertea,Palaeonemertea,Tubulaniformes,Tubulanidae,Tubulanus,0,0,TRUE,ASV4232,1,NA
edna0046,ASV25,motu22,Acartia (Acartiura) longiremis,Calanoid copepod,species,1,1,NA,1,26,33,NA,NA,39,NA,30,Acartia (Acartiura) longiremis,Calanoid copepod,2018_ssp_depth,ssp,beach_seine,2018-07-13,2018-07-12,2018,depth,2,edna_ssp_00,depth,biological,10.8,31.21,8.01,NA,NA,NA,4.3,1000,0,51.67909247,-128.1153275,sand,y,455,se,seagrass,zostera,seagrass_sand,zostera_sand,100,1.96163e-160,313,Metazoa,Arthropoda,Copepoda,Calanoida,Acartiidae,Acartia,0,0,TRUE,ASV25,27,Acartia (Acartiura) longiremis
edna0046,ASV81,motu71,Acartia (Acartiura) longiremis,Calanoid copepod,species,1,1,NA,NA,35,51,NA,NA,NA,NA,NA,Acartia (Acartiura) longiremis,Calanoid copepod,2018_ssp_depth,ssp,beach_seine,2018-07-13,2018-07-12,2018,depth,2,edna_ssp_00,depth,biological,10.8,31.21,8.01,NA,NA,NA,4.3,1000,0,51.67909247,-128.1153275,sand,y,455,se,seagrass,zostera,seagrass_sand,zostera_sand,100,1.96163e-160,313,Metazoa,Arthropoda,Copepoda,Calanoida,Acartiidae,Acartia,0,0,TRUE,ASV81,23,Acartia (Acartiura) longiremis
edna0046,ASV131,motu117,Lensia,Siphonophore,genus,1,1,NA,NA,7,12,NA,NA,NA,NA,NA,Lensia,Siphonophore,2018_ssp_depth,ssp,beach_seine,2018-07-13,2018-07-12,2018,depth,2,edna_ssp_00,depth,biological,10.8,31.21,8.01,NA,NA,NA,4.3,1000,0,51.67909247,-128.1153275,sand,y,455,se,seagrass,zostera,seagrass_sand,zostera_sand,100,0.00408744,30,Metazoa,Cnidaria,Cnidaria,Siphonophorae,Diphyidae,Lensia,0,0,TRUE,ASV131,2,NA
edna0046,ASV280,motu190,Mytilus,Mussel species,genus,1,1,1,1,39,51,37,66,59,NA,66,Mytilus trossulus,Bay mussel,2018_ssp_depth,ssp,beach_seine,2018-07-13,2018-07-12,2018,depth,2,edna_ssp_00,depth,biological,10.8,31.21,8.01,NA,NA,NA,4.3,1000,0,51.67909247,-128.1153275,sand,y,455,se,seagrass,zostera,seagrass_sand,zostera_sand,100,3.2351099999999996e-158,309,Metazoa,Mollusca,Mollusca,Mytilida,Mytilidae,Mytilus,0,0,TRUE,ASV216,23,NA
edna0046,ASV270,motu199,Mytilus,Mussel species,genus,1,1,1,1,28,57,33,79,56,NA,54,Mytilus trossulus,Bay mussel,2018_ssp_depth,ssp,beach_seine,2018-07-13,2018-07-12,2018,depth,2,edna_ssp_00,depth,biological,10.8,31.21,8.01,NA,NA,NA,4.3,1000,0,51.67909247,-128.1153275,sand,y,455,se,seagrass,zostera,seagrass_sand,zostera_sand,100,3.2351099999999996e-158,309,Metazoa,Mollusca,Mollusca,Mytilida,Mytilidae,Mytilus,0,0,TRUE,ASV226,18,NA
edna0046,ASV232,motu204,Cecidomyiidae,Hexapod,genus,1,1,1,1,7,15,12,9,18,NA,14,Cecidomyiidae,Hexapod,2018_ssp_depth,ssp,beach_seine,2018-07-13,2018-07-12,2018,depth,2,edna_ssp_00,depth,biological,10.8,31.21,8.01,NA,NA,NA,4.3,1000,0,51.67909247,-128.1153275,sand,y,455,se,seagrass,zostera,seagrass_sand,zostera_sand,100,0.00408744,30,Metazoa,Arthropoda,Arthropoda,Diptera,Cecidomyiidae,Cecidomyiidae,NA,NA,TRUE,ASV232,1,NA
edna0046,ASV536,motu470,Paracalanus parvus parvus,Calanoid copepod,species,1,NA,NA,NA,6,NA,NA,NA,NA,NA,NA,Paracalanus parvus parvus,Calanoid copepod,2018_ssp_depth,ssp,beach_seine,2018-07-13,2018-07-12,2018,depth,2,edna_ssp_00,depth,biological,10.8,31.21,8.01,NA,NA,NA,4.3,1000,0,51.67909247,-128.1153275,sand,y,455,se,seagrass,zostera,seagrass_sand,zostera_sand,100,1.17454e-132,263,Metazoa,Arthropoda,Copepoda,Calanoida,Paracalanidae,Paracalanus,0,0,TRUE,ASV536,6,Paracalanus parvus parvus
edna0046,ASV625,motu545,Phascolosoma (Phascolosoma) agassizii,Agassiz peanut worm,species,1,1,NA,1,15,21,NA,38,31,NA,NA,Phascolosoma (Phascolosoma) agassizii,Agassiz peanut worm,2018_ssp_depth,ssp,beach_seine,2018-07-13,2018-07-12,2018,depth,2,edna_ssp_00,depth,biological,10.8,31.21,8.01,NA,NA,NA,4.3,1000,0,51.67909247,-128.1153275,sand,y,455,se,seagrass,zostera,seagrass_sand,zostera_sand,100,1.96163e-160,313,Metazoa,Annelida,NA,Sipuncula,Phascolosomatidae,Phascolosoma,0,0,TRUE,ASV625,3,Phascolosoma (Phascolosoma) agassizii
edna0046,ASV559,motu492,Eupolymnia heterobranchia,Brown intertidal spaghetti worm,species,1,1,NA,NA,4,7,NA,NA,NA,NA,NA,Eupolymnia heterobranchia,Brown intertidal spaghetti worm,2018_ssp_depth,ssp,beach_seine,2018-07-13,2018-07-12,2018,depth,2,edna_ssp_00,depth,biological,10.8,31.21,8.01,NA,NA,NA,4.3,1000,0,51.67909247,-128.1153275,sand,y,455,se,seagrass,zostera,seagrass_sand,zostera_sand,100,1.4886099999999998e-156,306,Metazoa,Annelida,Polychaeta,Terebellida,Terebellidae,Eupolymnia,0,0,TRUE,ASV559,3,Eupolymnia heterobranchia
edna0046,ASV542,motu476,Phascolosoma (Phascolosoma) agassizii,Agassiz peanut worm,species,1,1,1,1,14,37,17,42,30,NA,22,Phascolosoma (Phascolosoma) agassizii,Agassiz peanut worm,2018_ssp_depth,ssp,beach_seine,2018-07-13,2018-07-12,2018,depth,2,edna_ssp_00,depth,biological,10.8,31.21,8.01,NA,NA,NA,4.3,1000,0,51.67909247,-128.1153275,sand,y,455,se,seagrass,zostera,seagrass_sand,zostera_sand,100,1.96163e-160,313,Metazoa,Annelida,NA,Sipuncula,Phascolosomatidae,Phascolosoma,0,0,TRUE,ASV542,4,Phascolosoma (Phascolosoma) agassizii
edna0046,ASV706,motu615,Trochidae,Sea snail species,family,1,1,1,1,247,394,280,534,519,NA,385,Trochidae,Sea snail species,2018_ssp_depth,ssp,beach_seine,2018-07-13,2018-07-12,2018,depth,2,edna_ssp_00,depth,biological,10.8,31.21,8.01,NA,NA,NA,4.3,1000,0,51.67909247,-128.1153275,sand,y,455,se,seagrass,zostera,seagrass_sand,zostera_sand,93.06,4.0016e-18,57,Metazoa,Mollusca,Mollusca,Trochida,Trochidae,NA,0,0,TRUE,ASV706,1,NA
edna0046,ASV838,motu729,Strongylocentrotus purpuratus,Purple sea urchin,species,1,NA,NA,1,15,NA,NA,24,NA,NA,NA,Strongylocentrotus purpuratus,Purple sea urchin,2018_ssp_depth,ssp,beach_seine,2018-07-13,2018-07-12,2018,depth,2,edna_ssp_00,depth,biological,10.8,31.21,8.01,NA,NA,NA,4.3,1000,0,51.67909247,-128.1153275,sand,y,455,se,seagrass,zostera,seagrass_sand,zostera_sand,100,1.96163e-160,313,Metazoa,Echinodermata,Echinoidea,Camarodonta,Strongylocentrotidae,Strongylocentrotus,0,0,TRUE,ASV838,2,Strongylocentrotus purpuratus
edna0046,ASV2608,motu343,Dodecaceria,Cirratulid polychaete,genus,1,NA,NA,NA,80,NA,NA,NA,NA,NA,NA,Dodecaceria,Cirratulid polychaete,2018_ssp_depth,ssp,beach_seine,2018-07-13,2018-07-12,2018,depth,2,edna_ssp_00,depth,biological,10.8,31.21,8.01,NA,NA,NA,4.3,1000,0,51.67909247,-128.1153275,sand,y,455,se,seagrass,zostera,seagrass_sand,zostera_sand,99.68,9.126599999999999e-159,310,Metazoa,Annelida,Polychaeta,Terebellida,Cirratulidae,Dodecaceria,0,0,TRUE,ASV390,6,NA
edna0046,ASV2469,motu2011,Siphonenteron,Ribbon worm,genus,1,1,NA,NA,16,16,NA,NA,NA,NA,NA,Siphonenteron,Ribbon worm,2018_ssp_depth,ssp,beach_seine,2018-07-13,2018-07-12,2018,depth,2,edna_ssp_00,depth,biological,10.8,31.21,8.01,NA,NA,NA,4.3,1000,0,51.67909247,-128.1153275,sand,y,455,se,seagrass,zostera,seagrass_sand,zostera_sand,100,1.96163e-160,313,Metazoa,Nemertea,Pilidiophora,Heteronemertea,Lineidae,Siphonenteron,0,0,TRUE,ASV2469,1,NA
edna0046,ASV2047,motu283,Dodecaceria,Cirratulid polychaete,genus,1,NA,NA,1,72,NA,NA,132,NA,NA,NA,Dodecaceria,Cirratulid polychaete,2018_ssp_depth,ssp,beach_seine,2018-07-13,2018-07-12,2018,depth,2,edna_ssp_00,depth,biological,10.8,31.21,8.01,NA,NA,NA,4.3,1000,0,51.67909247,-128.1153275,sand,y,455,se,seagrass,zostera,seagrass_sand,zostera_sand,99.68,9.126599999999999e-159,310,Metazoa,Annelida,Polychaeta,Terebellida,Cirratulidae,Dodecaceria,0,0,TRUE,ASV322,5,NA
edna0046,ASV1382,motu1166,Balanus nubilus,Giant acorn barnacle,species,1,1,NA,NA,19,34,NA,NA,NA,NA,NA,Balanus nubilus,Giant acorn barnacle,2018_ssp_depth,ssp,beach_seine,2018-07-13,2018-07-12,2018,depth,2,edna_ssp_00,depth,biological,10.8,31.21,8.01,NA,NA,NA,4.3,1000,0,51.67909247,-128.1153275,sand,y,455,se,seagrass,zostera,seagrass_sand,zostera_sand,99.68,9.126599999999999e-159,310,Metazoa,Arthropoda,Thecostraca,Balanomorpha,Balanidae,Balanus,0,0,TRUE,ASV1382,4,Balanus nubilus
edna0046,ASV1957,motu1626,Balanus nubilus,Giant acorn barnacle,species,1,1,NA,NA,22,29,NA,NA,NA,NA,NA,Balanus nubilus,Giant acorn barnacle,2018_ssp_depth,ssp,beach_seine,2018-07-13,2018-07-12,2018,depth,2,edna_ssp_00,depth,biological,10.8,31.21,8.01,NA,NA,NA,4.3,1000,0,51.67909247,-128.1153275,sand,y,455,se,seagrass,zostera,seagrass_sand,zostera_sand,99.68,9.126599999999999e-159,310,Metazoa,Arthropoda,Thecostraca,Balanomorpha,Balanidae,Balanus,0,0,TRUE,ASV1957,3,Balanus nubilus
edna0046,ASV1593,motu976,Metridia pacifica,Calanoid copepod,species,1,NA,NA,NA,3,NA,NA,NA,NA,NA,NA,Metridia pacifica,Calanoid copepod,2018_ssp_depth,ssp,beach_seine,2018-07-13,2018-07-12,2018,depth,2,edna_ssp_00,depth,biological,10.8,31.21,8.01,NA,NA,NA,4.3,1000,0,51.67909247,-128.1153275,sand,y,455,se,seagrass,zostera,seagrass_sand,zostera_sand,100,1.96163e-160,313,Metazoa,Arthropoda,Copepoda,Calanoida,Metridinidae,Metridia,0,0,TRUE,ASV1137,4,Metridia pacifica
edna0046,ASV3030,motu2172,Spionidae,Spionid polychaete,family,1,1,NA,NA,47,93,NA,NA,NA,NA,NA,Spionidae,Spionid polychaete,2018_ssp_depth,ssp,beach_seine,2018-07-13,2018-07-12,2018,depth,2,edna_ssp_00,depth,biological,10.8,31.21,8.01,NA,NA,NA,4.3,1000,0,51.67909247,-128.1153275,sand,y,455,se,seagrass,zostera,seagrass_sand,zostera_sand,92.7,6.41781e-46,107,Metazoa,Annelida,Annelida,Spionida,Spionidae,NA,0,0,TRUE,ASV2676,3,NA
edna0046,ASV1955,motu1133,Spionidae,Spionid polychaete,family,1,1,1,1,44,73,65,88,102,NA,NA,Spionidae,Spionid polychaete,2018_ssp_depth,ssp,beach_seine,2018-07-13,2018-07-12,2018,depth,2,edna_ssp_00,depth,biological,10.8,31.21,8.01,NA,NA,NA,4.3,1000,0,51.67909247,-128.1153275,sand,y,455,se,seagrass,zostera,seagrass_sand,zostera_sand,92.7,6.41781e-46,107,Metazoa,Annelida,Annelida,Spionida,Spionidae,NA,0,0,TRUE,ASV1340,4,NA
edna0046,ASV3712,motu2929,Pseudocalanus mimus,Calanoid copepod,species,1,1,NA,NA,33,54,NA,NA,NA,NA,NA,Pseudocalanus mimus,Calanoid copepod,2018_ssp_depth,ssp,beach_seine,2018-07-13,2018-07-12,2018,depth,2,edna_ssp_00,depth,biological,10.8,31.21,8.01,NA,NA,NA,4.3,1000,0,51.67909247,-128.1153275,sand,y,455,se,seagrass,zostera,seagrass_sand,zostera_sand,99,1.1974199999999999e-147,290,Metazoa,Arthropoda,Copepoda,Calanoida,Clausocalanidae,Pseudocalanus,0,0,TRUE,ASV3712,1,Pseudocalanus mimus
edna0046,ASV2211,motu1824,Pseudocalanus mimus,Calanoid copepod,species,1,1,1,1,29,48,45,52,70,NA,48,Pseudocalanus mimus,Calanoid copepod,2018_ssp_depth,ssp,beach_seine,2018-07-13,2018-07-12,2018,depth,2,edna_ssp_00,depth,biological,10.8,31.21,8.01,NA,NA,NA,4.3,1000,0,51.67909247,-128.1153275,sand,y,455,se,seagrass,zostera,seagrass_sand,zostera_sand,99,1.1974199999999999e-147,290,Metazoa,Arthropoda,Copepoda,Calanoida,Clausocalanidae,Pseudocalanus,0,0,TRUE,ASV2211,1,Pseudocalanus mimus
edna0046,ASV5030,motu1896,Membranipora membranacea,Coffin box bryozoan,species,1,1,NA,NA,4,4,NA,NA,NA,NA,NA,Membranipora membranacea,Coffin box bryozoan,2018_ssp_depth,ssp,beach_seine,2018-07-13,2018-07-12,2018,depth,2,edna_ssp_00,depth,biological,10.8,31.21,8.01,NA,NA,NA,4.3,1000,0,51.67909247,-128.1153275,sand,y,455,se,seagrass,zostera,seagrass_sand,zostera_sand,99.64,7.2578e-140,276,Metazoa,Bryozoa,Gymnolaemata,Cheilostomatida,Membraniporidae,Membranipora,0,0,TRUE,ASV2302,3,Membranipora membranacea
edna0046,ASV5290,motu4062,Neosabellaria cementarium,Cemented sandmason tubeworm,species,1,NA,NA,NA,3,NA,NA,NA,NA,NA,NA,Neosabellaria cementarium,Cemented sandmason tubeworm,2018_ssp_depth,ssp,beach_seine,2018-07-13,2018-07-12,2018,depth,2,edna_ssp_00,depth,biological,10.8,31.21,8.01,NA,NA,NA,4.3,1000,0,51.67909247,-128.1153275,sand,y,455,se,seagrass,zostera,seagrass_sand,zostera_sand,99.04,1.97556e-155,304,Metazoa,Annelida,Polychaeta,NA,Sabellariidae,Neosabellaria,0,0,TRUE,ASV5290,1,Neosabellaria cementarium
edna0046,ASV4112,motu3042,Neosabellaria cementarium,Cemented sandmason tubeworm,species,1,NA,NA,NA,3,NA,NA,NA,NA,NA,NA,Neosabellaria cementarium,Cemented sandmason tubeworm,2018_ssp_depth,ssp,beach_seine,2018-07-13,2018-07-12,2018,depth,2,edna_ssp_00,depth,biological,10.8,31.21,8.01,NA,NA,NA,4.3,1000,0,51.67909247,-128.1153275,sand,y,455,se,seagrass,zostera,seagrass_sand,zostera_sand,99.04,1.97556e-155,304,Metazoa,Annelida,Polychaeta,NA,Sabellariidae,Neosabellaria,0,0,TRUE,ASV3873,3,Neosabellaria cementarium
edna0047,ASV81,motu71,Acartia (Acartiura) longiremis,Calanoid copepod,species,1,1,NA,NA,36,35,NA,NA,NA,NA,NA,Acartia (Acartiura) longiremis,Calanoid copepod,2018_ssp_surface,ssp,beach_seine,2018-07-13,2018-07-12,2018,surface,3,edna_ssp_15,surface,biological,11,31,8.01,NA,NA,NA,4.3,1000,0,51.67894579,-128.115172,sand,y,455,se,seagrass,zostera,seagrass_sand,zostera_sand,100,1.96163e-160,313,Metazoa,Arthropoda,Copepoda,Calanoida,Acartiidae,Acartia,0,0,TRUE,ASV81,23,Acartia (Acartiura) longiremis
edna0047,ASV34,motu31,Centropages abdominalis,Calanoid copepod,species,1,1,1,1,81,156,114,246,299,NA,226,Centropages abdominalis,Calanoid copepod,2018_ssp_surface,ssp,beach_seine,2018-07-13,2018-07-12,2018,surface,3,edna_ssp_15,surface,biological,11,31,8.01,NA,NA,NA,4.3,1000,0,51.67894579,-128.115172,sand,y,455,se,seagrass,zostera,seagrass_sand,zostera_sand,100,1.96163e-160,313,Metazoa,Arthropoda,Copepoda,Calanoida,Centropagidae,Centropages,0,0,TRUE,ASV34,19,Centropages abdominalis
edna0047,ASV143,motu128,Centropages abdominalis,Calanoid copepod,species,1,1,NA,NA,80,148,NA,NA,NA,NA,NA,Centropages abdominalis,Calanoid copepod,2018_ssp_surface,ssp,beach_seine,2018-07-13,2018-07-12,2018,surface,3,edna_ssp_15,surface,biological,11,31,8.01,NA,NA,NA,4.3,1000,0,51.67894579,-128.115172,sand,y,455,se,seagrass,zostera,seagrass_sand,zostera_sand,100,1.96163e-160,313,Metazoa,Arthropoda,Copepoda,Calanoida,Centropagidae,Centropages,0,0,TRUE,ASV143,11,Centropages abdominalis
edna0047,ASV131,motu117,Lensia,Siphonophore,genus,1,1,1,1,4,9,6,NA,14,NA,NA,Lensia,Siphonophore,2018_ssp_surface,ssp,beach_seine,2018-07-13,2018-07-12,2018,surface,3,edna_ssp_15,surface,biological,11,31,8.01,NA,NA,NA,4.3,1000,0,51.67894579,-128.115172,sand,y,455,se,seagrass,zostera,seagrass_sand,zostera_sand,100,0.00408744,30,Metazoa,Cnidaria,Cnidaria,Siphonophorae,Diphyidae,Lensia,0,0,TRUE,ASV131,2,NA
edna0047,ASV118,motu105,Mesocentrotus franciscanus,Red sea urchin,species,1,NA,NA,1,3,NA,NA,18,NA,NA,NA,Mesocentrotus franciscanus,Red sea urchin,2018_ssp_surface,ssp,beach_seine,2018-07-13,2018-07-12,2018,surface,3,edna_ssp_15,surface,biological,11,31,8.01,NA,NA,NA,4.3,1000,0,51.67894579,-128.115172,sand,y,455,se,seagrass,zostera,seagrass_sand,zostera_sand,100,2.51921e-159,311,Metazoa,Echinodermata,Echinoidea,Camarodonta,Strongylocentrotidae,Mesocentrotus,0,0,TRUE,ASV118,8,Mesocentrotus franciscanus
edna0047,ASV280,motu190,Mytilus,Mussel species,genus,1,1,NA,1,27,52,NA,NA,43,NA,49,Mytilus trossulus,Bay mussel,2018_ssp_surface,ssp,beach_seine,2018-07-13,2018-07-12,2018,surface,3,edna_ssp_15,surface,biological,11,31,8.01,NA,NA,NA,4.3,1000,0,51.67894579,-128.115172,sand,y,455,se,seagrass,zostera,seagrass_sand,zostera_sand,100,3.2351099999999996e-158,309,Metazoa,Mollusca,Mollusca,Mytilida,Mytilidae,Mytilus,0,0,TRUE,ASV216,23,NA
edna0047,ASV232,motu204,Cecidomyiidae,Hexapod,genus,1,1,1,1,15,21,21,21,27,NA,45,Cecidomyiidae,Hexapod,2018_ssp_surface,ssp,beach_seine,2018-07-13,2018-07-12,2018,surface,3,edna_ssp_15,surface,biological,11,31,8.01,NA,NA,NA,4.3,1000,0,51.67894579,-128.115172,sand,y,455,se,seagrass,zostera,seagrass_sand,zostera_sand,100,0.00408744,30,Metazoa,Arthropoda,Arthropoda,Diptera,Cecidomyiidae,Cecidomyiidae,NA,NA,TRUE,ASV232,1,NA
edna0047,ASV595,motu522,Cecidomyiidae,Hexapod,genus,1,1,NA,NA,16,28,NA,NA,NA,NA,NA,Cecidomyiidae,Hexapod,2018_ssp_surface,ssp,beach_seine,2018-07-13,2018-07-12,2018,surface,3,edna_ssp_15,surface,biological,11,31,8.01,NA,NA,NA,4.3,1000,0,51.67894579,-128.115172,sand,y,455,se,seagrass,zostera,seagrass_sand,zostera_sand,100,0.00408744,30,Metazoa,Arthropoda,Arthropoda,Diptera,Cecidomyiidae,Cecidomyiidae,NA,NA,TRUE,ASV595,1,NA
edna0047,ASV536,motu470,Paracalanus parvus parvus,Calanoid copepod,species,1,1,NA,1,5,7,NA,NA,NA,NA,4,Paracalanus parvus parvus,Calanoid copepod,2018_ssp_surface,ssp,beach_seine,2018-07-13,2018-07-12,2018,surface,3,edna_ssp_15,surface,biological,11,31,8.01,NA,NA,NA,4.3,1000,0,51.67894579,-128.115172,sand,y,455,se,seagrass,zostera,seagrass_sand,zostera_sand,100,1.17454e-132,263,Metazoa,Arthropoda,Copepoda,Calanoida,Paracalanidae,Paracalanus,0,0,TRUE,ASV536,6,Paracalanus parvus parvus
edna0047,ASV583,motu283,Dodecaceria,Cirratulid polychaete,genus,1,NA,NA,1,52,NA,NA,158,191,NA,168,Dodecaceria,Cirratulid polychaete,2018_ssp_surface,ssp,beach_seine,2018-07-13,2018-07-12,2018,surface,3,edna_ssp_15,surface,biological,11,31,8.01,NA,NA,NA,4.3,1000,0,51.67894579,-128.115172,sand,y,455,se,seagrass,zostera,seagrass_sand,zostera_sand,100,1.96163e-160,313,Metazoa,Annelida,Polychaeta,Terebellida,Cirratulidae,Dodecaceria,0,0,TRUE,ASV322,5,NA
edna0047,ASV695,motu605,Dodecaceria,Cirratulid polychaete,genus,1,1,NA,1,49,93,NA,NA,NA,NA,134,Dodecaceria,Cirratulid polychaete,2018_ssp_surface,ssp,beach_seine,2018-07-13,2018-07-12,2018,surface,3,edna_ssp_15,surface,biological,11,31,8.01,NA,NA,NA,4.3,1000,0,51.67894579,-128.115172,sand,y,455,se,seagrass,zostera,seagrass_sand,zostera_sand,100,1.96163e-160,313,Metazoa,Annelida,Polychaeta,Terebellida,Cirratulidae,Dodecaceria,0,0,TRUE,ASV695,1,NA
edna0047,ASV640,motu105,Mesocentrotus franciscanus,Red sea urchin,species,1,NA,NA,1,3,NA,NA,NA,NA,NA,37,Mesocentrotus franciscanus,Red sea urchin,2018_ssp_surface,ssp,beach_seine,2018-07-13,2018-07-12,2018,surface,3,edna_ssp_15,surface,biological,11,31,8.01,NA,NA,NA,4.3,1000,0,51.67894579,-128.115172,sand,y,455,se,seagrass,zostera,seagrass_sand,zostera_sand,100,1.96163e-160,313,Metazoa,Echinodermata,Echinoidea,Camarodonta,Strongylocentrotidae,Mesocentrotus,0,0,TRUE,ASV118,8,Mesocentrotus franciscanus
edna0047,ASV838,motu729,Strongylocentrotus purpuratus,Purple sea urchin,species,1,1,1,1,14,30,21,27,32,NA,26,Strongylocentrotus purpuratus,Purple sea urchin,2018_ssp_surface,ssp,beach_seine,2018-07-13,2018-07-12,2018,surface,3,edna_ssp_15,surface,biological,11,31,8.01,NA,NA,NA,4.3,1000,0,51.67894579,-128.115172,sand,y,455,se,seagrass,zostera,seagrass_sand,zostera_sand,100,1.96163e-160,313,Metazoa,Echinodermata,Echinoidea,Camarodonta,Strongylocentrotidae,Strongylocentrotus,0,0,TRUE,ASV838,2,Strongylocentrotus purpuratus
edna0047,ASV795,motu692,Phascolosoma (Phascolosoma) agassizii,Agassiz peanut worm,species,1,NA,NA,NA,8,NA,NA,NA,NA,NA,NA,Phascolosoma (Phascolosoma) agassizii,Agassiz peanut worm,2018_ssp_surface,ssp,beach_seine,2018-07-13,2018-07-12,2018,surface,3,edna_ssp_15,surface,biological,11,31,8.01,NA,NA,NA,4.3,1000,0,51.67894579,-128.115172,sand,y,455,se,seagrass,zostera,seagrass_sand,zostera_sand,100,1.96163e-160,313,Metazoa,Annelida,NA,Sipuncula,Phascolosomatidae,Phascolosoma,0,0,TRUE,ASV795,3,Phascolosoma (Phascolosoma) agassizii
edna0047,ASV1057,motu909,Orobdella,Freshwater leech,genus,1,NA,NA,NA,3,NA,NA,NA,NA,NA,NA,Orobdella,Freshwater leech,2018_ssp_surface,ssp,beach_seine,2018-07-13,2018-07-12,2018,surface,3,edna_ssp_15,surface,biological,11,31,8.01,NA,NA,NA,4.3,1000,0,51.67894579,-128.115172,sand,y,455,se,seagrass,zostera,seagrass_sand,zostera_sand,97.06,0.0011939,31,Metazoa,Annelida,Annelida,Erpobdelliformes,Orobdellidae,Orobdella,NA,NA,TRUE,ASV1057,1,NA
edna0047,ASV1984,motu1645,Strongylocentrotus purpuratus,Purple sea urchin,species,1,1,NA,NA,16,22,NA,NA,NA,NA,NA,Strongylocentrotus purpuratus,Purple sea urchin,2018_ssp_surface,ssp,beach_seine,2018-07-13,2018-07-12,2018,surface,3,edna_ssp_15,surface,biological,11,31,8.01,NA,NA,NA,4.3,1000,0,51.67894579,-128.115172,sand,y,455,se,seagrass,zostera,seagrass_sand,zostera_sand,100,1.96163e-160,313,Metazoa,Echinodermata,Echinoidea,Camarodonta,Strongylocentrotidae,Strongylocentrotus,0,0,TRUE,ASV1984,1,Strongylocentrotus purpuratus
edna0047,ASV2469,motu2011,Siphonenteron,Ribbon worm,genus,1,1,NA,NA,20,31,NA,NA,NA,NA,NA,Siphonenteron,Ribbon worm,2018_ssp_surface,ssp,beach_seine,2018-07-13,2018-07-12,2018,surface,3,edna_ssp_15,surface,biological,11,31,8.01,NA,NA,NA,4.3,1000,0,51.67894579,-128.115172,sand,y,455,se,seagrass,zostera,seagrass_sand,zostera_sand,100,1.96163e-160,313,Metazoa,Nemertea,Pilidiophora,Heteronemertea,Lineidae,Siphonenteron,0,0,TRUE,ASV2469,1,NA
edna0047,ASV2402,motu1965,Chaetognatha,Arrow worm,phylum,1,NA,NA,NA,7,NA,NA,NA,NA,NA,NA,Chaetognatha,Arrow worm,2018_ssp_surface,ssp,beach_seine,2018-07-13,2018-07-12,2018,surface,3,edna_ssp_15,surface,biological,11,31,8.01,NA,NA,NA,4.3,1000,0,51.67894579,-128.115172,sand,y,455,se,seagrass,zostera,seagrass_sand,zostera_sand,96.52,1.6192399999999998e-86,180,Metazoa,Chaetognatha,NA,NA,NA,NA,0,0,TRUE,ASV2402,1,NA
edna0047,ASV1755,motu1466,Siphonenteron,Ribbon worm,genus,1,1,1,1,21,37,26,NA,43,NA,36,Siphonenteron,Ribbon worm,2018_ssp_surface,ssp,beach_seine,2018-07-13,2018-07-12,2018,surface,3,edna_ssp_15,surface,biological,11,31,8.01,NA,NA,NA,4.3,1000,0,51.67894579,-128.115172,sand,y,455,se,seagrass,zostera,seagrass_sand,zostera_sand,100,1.96163e-160,313,Metazoa,Nemertea,Pilidiophora,Heteronemertea,Lineidae,Siphonenteron,0,0,TRUE,ASV1755,2,NA
edna0047,ASV3357,motu1166,Balanus nubilus,Giant acorn barnacle,species,1,NA,1,1,17,NA,29,31,35,NA,NA,Balanus nubilus,Giant acorn barnacle,2018_ssp_surface,ssp,beach_seine,2018-07-13,2018-07-12,2018,surface,3,edna_ssp_15,surface,biological,11,31,8.01,NA,NA,NA,4.3,1000,0,51.67894579,-128.115172,sand,y,455,se,seagrass,zostera,seagrass_sand,zostera_sand,100,1.96163e-160,313,Metazoa,Arthropoda,Thecostraca,Balanomorpha,Balanidae,Balanus,0,0,TRUE,ASV1382,4,Balanus nubilus
edna0047,ASV4234,motu3319,Axiothella rubrocincta,Bamboo worm,species,1,NA,NA,NA,3,NA,NA,NA,NA,NA,NA,Axiothella rubrocincta,Bamboo worm,2018_ssp_surface,ssp,beach_seine,2018-07-13,2018-07-12,2018,surface,3,edna_ssp_15,surface,biological,11,31,8.01,NA,NA,NA,4.3,1000,0,51.67894579,-128.115172,sand,y,455,se,seagrass,zostera,seagrass_sand,zostera_sand,100,1.4886099999999998e-156,306,Metazoa,Annelida,Polychaeta,NA,Maldanidae,Axiothella,0,0,TRUE,ASV4234,1,Axiothella rubrocincta
edna0047,ASV3295,motu2629,Malmgreniella nigralba,Scale worm,species,1,1,1,1,6,18,15,NA,14,NA,13,Malmgreniella nigralba,Scale worm,2018_ssp_surface,ssp,beach_seine,2018-07-13,2018-07-12,2018,surface,3,edna_ssp_15,surface,biological,11,31,8.01,NA,NA,NA,4.3,1000,0,51.67894579,-128.115172,sand,y,455,se,seagrass,zostera,seagrass_sand,zostera_sand,100,2.5555499999999983e-154,302,Metazoa,Annelida,Polychaeta,Phyllodocida,Polynoidae,Malmgreniella,0,0,TRUE,ASV3295,1,Malmgreniella nigralba
edna0048,ASV25,motu22,Acartia (Acartiura) longiremis,Calanoid copepod,species,1,1,1,1,50,76,54,136,90,NA,138,Acartia (Acartiura) longiremis,Calanoid copepod,2018_ssp_depth,ssp,beach_seine,2018-07-13,2018-07-12,2018,depth,3,edna_ssp_30,depth,biological,10.8,31.42,8.01,NA,NA,NA,4.3,1000,0,51.67882714,-128.114958,sand,y,455,se,seagrass,zostera,seagrass_sand,zostera_sand,100,1.96163e-160,313,Metazoa,Arthropoda,Copepoda,Calanoida,Acartiidae,Acartia,0,0,TRUE,ASV25,27,Acartia (Acartiura) longiremis
edna0048,ASV81,motu71,Acartia (Acartiura) longiremis,Calanoid copepod,species,1,1,NA,NA,51,71,NA,NA,NA,NA,NA,Acartia (Acartiura) longiremis,Calanoid copepod,2018_ssp_depth,ssp,beach_seine,2018-07-13,2018-07-12,2018,depth,3,edna_ssp_30,depth,biological,10.8,31.42,8.01,NA,NA,NA,4.3,1000,0,51.67882714,-128.114958,sand,y,455,se,seagrass,zostera,seagrass_sand,zostera_sand,100,1.96163e-160,313,Metazoa,Arthropoda,Copepoda,Calanoida,Acartiidae,Acartia,0,0,TRUE,ASV81,23,Acartia (Acartiura) longiremis
edna0048,ASV258,motu228,Lensia,Siphonophore,genus,1,NA,NA,NA,4,NA,NA,NA,NA,NA,NA,Lensia,Siphonophore,2018_ssp_depth,ssp,beach_seine,2018-07-13,2018-07-12,2018,depth,3,edna_ssp_30,depth,biological,10.8,31.42,8.01,NA,NA,NA,4.3,1000,0,51.67882714,-128.114958,sand,y,455,se,seagrass,zostera,seagrass_sand,zostera_sand,100,0.00408744,30,Metazoa,Cnidaria,Cnidaria,Siphonophorae,Diphyidae,Lensia,0,0,TRUE,ASV258,1,NA
edna0048,ASV171,motu150,Pseudocalanus mimus,Calanoid copepod,species,1,1,1,1,81,146,94,184,158,NA,239,Pseudocalanus mimus,Calanoid copepod,2018_ssp_depth,ssp,beach_seine,2018-07-13,2018-07-12,2018,depth,3,edna_ssp_30,depth,biological,10.8,31.42,8.01,NA,NA,NA,4.3,1000,0,51.67882714,-128.114958,sand,y,455,se,seagrass,zostera,seagrass_sand,zostera_sand,99.67,9.19139e-154,301,Metazoa,Arthropoda,Copepoda,Calanoida,Clausocalanidae,Pseudocalanus,0,0,TRUE,ASV171,10,Pseudocalanus mimus
edna0048,ASV343,motu303,Pseudocalanus mimus,Calanoid copepod,species,1,1,NA,NA,77,141,NA,NA,NA,NA,NA,Pseudocalanus mimus,Calanoid copepod,2018_ssp_depth,ssp,beach_seine,2018-07-13,2018-07-12,2018,depth,3,edna_ssp_30,depth,biological,10.8,31.42,8.01,NA,NA,NA,4.3,1000,0,51.67882714,-128.114958,sand,y,455,se,seagrass,zostera,seagrass_sand,zostera_sand,99.67,9.19139e-154,301,Metazoa,Arthropoda,Copepoda,Calanoida,Clausocalanidae,Pseudocalanus,0,0,TRUE,ASV343,11,Pseudocalanus mimus
edna0048,ASV233,motu74,Euchlanidae,Rotifer,family,1,1,NA,NA,27,50,NA,NA,NA,NA,NA,No Results,No Results,2018_ssp_depth,ssp,beach_seine,2018-07-13,2018-07-12,2018,depth,3,edna_ssp_30,depth,biological,10.8,31.42,8.01,NA,NA,NA,4.3,1000,0,51.67882714,-128.114958,sand,y,455,se,seagrass,zostera,seagrass_sand,zostera_sand,91.35,3.005919999999998e-29,77,Metazoa,Rotifera,Rotifera,Ploima,Euchlanidae,NA,1,NA,TRUE,ASV84,2,NA
edna0048,ASV270,motu199,Mytilus,Mussel species,genus,1,1,1,1,24,50,20,46,47,NA,91,Mytilus trossulus,Bay mussel,2018_ssp_depth,ssp,beach_seine,2018-07-13,2018-07-12,2018,depth,3,edna_ssp_30,depth,biological,10.8,31.42,8.01,NA,NA,NA,4.3,1000,0,51.67882714,-128.114958,sand,y,455,se,seagrass,zostera,seagrass_sand,zostera_sand,100,3.2351099999999996e-158,309,Metazoa,Mollusca,Mollusca,Mytilida,Mytilidae,Mytilus,0,0,TRUE,ASV226,18,NA
edna0048,ASV452,motu183,Euchlanidae,Rotifer,family,1,NA,NA,NA,62,NA,NA,NA,NA,NA,NA,No Results,No Results,2018_ssp_depth,ssp,beach_seine,2018-07-13,2018-07-12,2018,depth,3,edna_ssp_30,depth,biological,10.8,31.42,8.01,NA,NA,NA,4.3,1000,0,51.67882714,-128.114958,sand,y,455,se,seagrass,zostera,seagrass_sand,zostera_sand,91.35,3.005919999999998e-29,77,Metazoa,Rotifera,Rotifera,Ploima,Euchlanidae,NA,1,NA,TRUE,ASV208,2,NA
edna0048,ASV232,motu204,Cecidomyiidae,Hexapod,genus,1,1,1,1,29,62,38,47,76,NA,88,Cecidomyiidae,Hexapod,2018_ssp_depth,ssp,beach_seine,2018-07-13,2018-07-12,2018,depth,3,edna_ssp_30,depth,biological,10.8,31.42,8.01,NA,NA,NA,4.3,1000,0,51.67882714,-128.114958,sand,y,455,se,seagrass,zostera,seagrass_sand,zostera_sand,100,0.00408744,30,Metazoa,Arthropoda,Arthropoda,Diptera,Cecidomyiidae,Cecidomyiidae,NA,NA,TRUE,ASV232,1,NA
edna0048,ASV354,motu313,Mitrocoma cellularia,Cross jelly,species,1,NA,1,NA,11,NA,28,NA,NA,NA,NA,Mitrocoma cellularia,Cross jelly,2018_ssp_depth,ssp,beach_seine,2018-07-13,2018-07-12,2018,depth,3,edna_ssp_30,depth,biological,10.8,31.42,8.01,NA,NA,NA,4.3,1000,0,51.67882714,-128.114958,sand,y,455,se,seagrass,zostera,seagrass_sand,zostera_sand,100,1.4886099999999998e-156,306,Metazoa,Cnidaria,Hydrozoa,Leptothecata,Mitrocomidae,Mitrocoma,0,0,TRUE,ASV354,2,Mitrocoma cellularia
edna0048,ASV285,motu244,Ophiopholis,Brittle star species,genus,1,1,1,1,97,186,106,269,220,NA,262,Ophiopholis kennerlyi,Daisy brittle star,2018_ssp_depth,ssp,beach_seine,2018-07-13,2018-07-12,2018,depth,3,edna_ssp_30,depth,biological,10.8,31.42,8.01,NA,NA,NA,4.3,1000,0,51.67882714,-128.114958,sand,y,455,se,seagrass,zostera,seagrass_sand,zostera_sand,100,1.96163e-160,313,Metazoa,Echinodermata,Echinodermata,Amphilepidida,Ophiopholidae,Ophiopholis,0,0,TRUE,ASV275,7,NA
edna0048,ASV616,motu537,Mitrocoma cellularia,Cross jelly,species,1,NA,NA,NA,8,NA,NA,NA,NA,NA,NA,Mitrocoma cellularia,Cross jelly,2018_ssp_depth,ssp,beach_seine,2018-07-13,2018-07-12,2018,depth,3,edna_ssp_30,depth,biological,10.8,31.42,8.01,NA,NA,NA,4.3,1000,0,51.67882714,-128.114958,sand,y,455,se,seagrass,zostera,seagrass_sand,zostera_sand,100,1.4886099999999998e-156,306,Metazoa,Cnidaria,Hydrozoa,Leptothecata,Mitrocomidae,Mitrocoma,0,0,TRUE,ASV616,6,Mitrocoma cellularia
edna0048,ASV605,motu529,Ophiopholis,Brittle star species,genus,1,1,NA,NA,102,188,NA,NA,NA,NA,NA,Ophiopholis kennerlyi,Daisy brittle star,2018_ssp_depth,ssp,beach_seine,2018-07-13,2018-07-12,2018,depth,3,edna_ssp_30,depth,biological,10.8,31.42,8.01,NA,NA,NA,4.3,1000,0,51.67882714,-128.114958,sand,y,455,se,seagrass,zostera,seagrass_sand,zostera_sand,100,1.96163e-160,313,Metazoa,Echinodermata,Echinodermata,Amphilepidida,Ophiopholidae,Ophiopholis,0,0,TRUE,ASV603,6,NA
edna0048,ASV595,motu522,Cecidomyiidae,Hexapod,genus,1,1,NA,NA,31,59,NA,NA,NA,NA,NA,Cecidomyiidae,Hexapod,2018_ssp_depth,ssp,beach_seine,2018-07-13,2018-07-12,2018,depth,3,edna_ssp_30,depth,biological,10.8,31.42,8.01,NA,NA,NA,4.3,1000,0,51.67882714,-128.114958,sand,y,455,se,seagrass,zostera,seagrass_sand,zostera_sand,100,0.00408744,30,Metazoa,Arthropoda,Arthropoda,Diptera,Cecidomyiidae,Cecidomyiidae,NA,NA,TRUE,ASV595,1,NA
edna0048,ASV377,motu334,Synchaeta pectinata,Rotifer,species,1,NA,NA,1,7,NA,NA,26,31,NA,29,Synchaeta pectinata,Rotifer,2018_ssp_depth,ssp,beach_seine,2018-07-13,2018-07-12,2018,depth,3,edna_ssp_30,depth,biological,10.8,31.42,8.01,NA,NA,NA,4.3,1000,0,51.67882714,-128.114958,sand,y,455,se,seagrass,zostera,seagrass_sand,zostera_sand,90.48,1.6452299999999999e-111,225,Metazoa,Rotifera,Eurotatoria,Ploima,Synchaetidae,Synchaeta,0,0,TRUE,ASV377,5,Synchaeta pectinata
edna0048,ASV398,motu350,Synchaeta pectinata,Rotifer,species,1,NA,1,1,10,NA,16,18,26,NA,24,Synchaeta pectinata,Rotifer,2018_ssp_depth,ssp,beach_seine,2018-07-13,2018-07-12,2018,depth,3,edna_ssp_30,depth,biological,10.8,31.42,8.01,NA,NA,NA,4.3,1000,0,51.67882714,-128.114958,sand,y,455,se,seagrass,zostera,seagrass_sand,zostera_sand,90.48,1.6452299999999999e-111,225,Metazoa,Rotifera,Eurotatoria,Ploima,Synchaetidae,Synchaeta,0,0,TRUE,ASV398,4,Synchaeta pectinata
edna0048,ASV322,motu283,Dodecaceria,Cirratulid polychaete,genus,1,1,1,1,57,103,77,77,NA,NA,81,Dodecaceria,Cirratulid polychaete,2018_ssp_depth,ssp,beach_seine,2018-07-13,2018-07-12,2018,depth,3,edna_ssp_30,depth,biological,10.8,31.42,8.01,NA,NA,NA,4.3,1000,0,51.67882714,-128.114958,sand,y,455,se,seagrass,zostera,seagrass_sand,zostera_sand,100,1.96163e-160,313,Metazoa,Annelida,Polychaeta,Terebellida,Cirratulidae,Dodecaceria,0,0,TRUE,ASV322,5,NA
edna0048,ASV843,motu343,Dodecaceria,Cirratulid polychaete,genus,1,NA,NA,NA,51,NA,NA,NA,NA,NA,NA,Dodecaceria,Cirratulid polychaete,2018_ssp_depth,ssp,beach_seine,2018-07-13,2018-07-12,2018,depth,3,edna_ssp_30,depth,biological,10.8,31.42,8.01,NA,NA,NA,4.3,1000,0,51.67882714,-128.114958,sand,y,455,se,seagrass,zostera,seagrass_sand,zostera_sand,99.68,9.126599999999999e-159,310,Metazoa,Annelida,Polychaeta,Terebellida,Cirratulidae,Dodecaceria,0,0,TRUE,ASV390,6,NA
edna0048,ASV559,motu492,Eupolymnia heterobranchia,Brown intertidal spaghetti worm,species,1,1,1,NA,17,38,23,NA,NA,NA,NA,Eupolymnia heterobranchia,Brown intertidal spaghetti worm,2018_ssp_depth,ssp,beach_seine,2018-07-13,2018-07-12,2018,depth,3,edna_ssp_30,depth,biological,10.8,31.42,8.01,NA,NA,NA,4.3,1000,0,51.67882714,-128.114958,sand,y,455,se,seagrass,zostera,seagrass_sand,zostera_sand,100,1.4886099999999998e-156,306,Metazoa,Annelida,Polychaeta,Terebellida,Terebellidae,Eupolymnia,0,0,TRUE,ASV559,3,Eupolymnia heterobranchia
edna0048,ASV916,motu796,Panopea generosa,Pacific geoduck,species,1,1,NA,NA,18,24,NA,NA,NA,NA,NA,Panopea generosa,Pacific geoduck,2018_ssp_depth,ssp,beach_seine,2018-07-13,2018-07-12,2018,depth,3,edna_ssp_30,depth,biological,10.8,31.42,8.01,NA,NA,NA,4.3,1000,0,51.67882714,-128.114958,sand,y,455,se,seagrass,zostera,seagrass_sand,zostera_sand,100,1.96163e-160,313,Metazoa,Mollusca,Bivalvia,Adapedonta,Hiatellidae,Panopea,0,0,TRUE,ASV916,4,Panopea generosa
edna0048,ASV1154,motu989,Eupolymnia heterobranchia,Brown intertidal spaghetti worm,species,1,1,NA,NA,16,31,NA,NA,NA,NA,NA,Eupolymnia heterobranchia,Brown intertidal spaghetti worm,2018_ssp_depth,ssp,beach_seine,2018-07-13,2018-07-12,2018,depth,3,edna_ssp_30,depth,biological,10.8,31.42,8.01,NA,NA,NA,4.3,1000,0,51.67882714,-128.114958,sand,y,455,se,seagrass,zostera,seagrass_sand,zostera_sand,100,1.4886099999999998e-156,306,Metazoa,Annelida,Polychaeta,Terebellida,Terebellidae,Eupolymnia,0,0,TRUE,ASV1154,3,Eupolymnia heterobranchia
edna0048,ASV640,motu105,Mesocentrotus franciscanus,Red sea urchin,species,1,1,NA,NA,11,12,NA,NA,NA,NA,NA,Mesocentrotus franciscanus,Red sea urchin,2018_ssp_depth,ssp,beach_seine,2018-07-13,2018-07-12,2018,depth,3,edna_ssp_30,depth,biological,10.8,31.42,8.01,NA,NA,NA,4.3,1000,0,51.67882714,-128.114958,sand,y,455,se,seagrass,zostera,seagrass_sand,zostera_sand,100,1.96163e-160,313,Metazoa,Echinodermata,Echinoidea,Camarodonta,Strongylocentrotidae,Mesocentrotus,0,0,TRUE,ASV118,8,Mesocentrotus franciscanus
edna0048,ASV558,motu491,Pseudocalanus mimus,Calanoid copepod,species,1,1,1,1,37,70,42,104,NA,NA,136,Pseudocalanus mimus,Calanoid copepod,2018_ssp_depth,ssp,beach_seine,2018-07-13,2018-07-12,2018,depth,3,edna_ssp_30,depth,biological,10.8,31.42,8.01,NA,NA,NA,4.3,1000,0,51.67882714,-128.114958,sand,y,455,se,seagrass,zostera,seagrass_sand,zostera_sand,100,7.1053799999999944e-155,303,Metazoa,Arthropoda,Copepoda,Calanoida,Clausocalanidae,Pseudocalanus,0,0,TRUE,ASV558,1,Pseudocalanus mimus
edna0048,ASV978,motu848,Halosydna brevisetosa,Shortscaled worm,species,1,1,NA,NA,93,122,NA,NA,NA,NA,NA,Halosydna brevisetosa,Shortscaled worm,2018_ssp_depth,ssp,beach_seine,2018-07-13,2018-07-12,2018,depth,3,edna_ssp_30,depth,biological,10.8,31.42,8.01,NA,NA,NA,4.3,1000,0,51.67882714,-128.114958,sand,y,455,se,seagrass,zostera,seagrass_sand,zostera_sand,100,1.96163e-160,313,Metazoa,Annelida,Polychaeta,Phyllodocida,Polynoidae,Halosydna,0,0,TRUE,ASV978,4,Halosydna brevisetosa
edna0048,ASV960,motu833,Pseudocalanus mimus,Calanoid copepod,species,1,1,NA,NA,30,65,NA,NA,NA,NA,NA,Pseudocalanus mimus,Calanoid copepod,2018_ssp_depth,ssp,beach_seine,2018-07-13,2018-07-12,2018,depth,3,edna_ssp_30,depth,biological,10.8,31.42,8.01,NA,NA,NA,4.3,1000,0,51.67882714,-128.114958,sand,y,455,se,seagrass,zostera,seagrass_sand,zostera_sand,100,7.1053799999999944e-155,303,Metazoa,Arthropoda,Copepoda,Calanoida,Clausocalanidae,Pseudocalanus,0,0,TRUE,ASV960,1,Pseudocalanus mimus
edna0048,ASV624,motu544,Halosydna brevisetosa,Shortscaled worm,species,1,1,1,1,70,128,84,202,193,NA,220,Halosydna brevisetosa,Shortscaled worm,2018_ssp_depth,ssp,beach_seine,2018-07-13,2018-07-12,2018,depth,3,edna_ssp_30,depth,biological,10.8,31.42,8.01,NA,NA,NA,4.3,1000,0,51.67882714,-128.114958,sand,y,455,se,seagrass,zostera,seagrass_sand,zostera_sand,100,1.96163e-160,313,Metazoa,Annelida,Polychaeta,Phyllodocida,Polynoidae,Halosydna,0,0,TRUE,ASV624,4,Halosydna brevisetosa
edna0048,ASV1176,motu1007,Balanus nubilus,Giant acorn barnacle,species,1,1,1,1,213,376,79,321,NA,NA,NA,Balanus nubilus,Giant acorn barnacle,2018_ssp_depth,ssp,beach_seine,2018-07-13,2018-07-12,2018,depth,3,edna_ssp_30,depth,biological,10.8,31.42,8.01,NA,NA,NA,4.3,1000,0,51.67882714,-128.114958,sand,y,455,se,seagrass,zostera,seagrass_sand,zostera_sand,99.04,1.97556e-155,304,Metazoa,Arthropoda,Thecostraca,Balanomorpha,Balanidae,Balanus,0,0,TRUE,ASV1176,1,Balanus nubilus
edna0048,ASV1732,motu1446,Polycirrus,Sphagetti worm,genus,1,NA,NA,NA,2,NA,NA,NA,NA,NA,NA,Polycirrus,Sphagetti worm,2018_ssp_depth,ssp,beach_seine,2018-07-13,2018-07-12,2018,depth,3,edna_ssp_30,depth,biological,10.8,31.42,8.01,NA,NA,NA,4.3,1000,0,51.67882714,-128.114958,sand,y,455,se,seagrass,zostera,seagrass_sand,zostera_sand,100,1.96163e-160,313,Metazoa,Annelida,Polychaeta,Terebellida,Terebellidae,Polycirrus,0,0,TRUE,ASV1732,2,NA
edna0048,ASV1611,motu1353,Balanus nubilus,Giant acorn barnacle,species,1,1,NA,NA,154,407,NA,NA,NA,NA,NA,Balanus nubilus,Giant acorn barnacle,2018_ssp_depth,ssp,beach_seine,2018-07-13,2018-07-12,2018,depth,3,edna_ssp_30,depth,biological,10.8,31.42,8.01,NA,NA,NA,4.3,1000,0,51.67882714,-128.114958,sand,y,455,se,seagrass,zostera,seagrass_sand,zostera_sand,99.04,1.97556e-155,304,Metazoa,Arthropoda,Thecostraca,Balanomorpha,Balanidae,Balanus,0,0,TRUE,ASV1611,1,Balanus nubilus
edna0048,ASV1482,motu118,Mesocentrotus franciscanus,Red sea urchin,species,1,NA,NA,NA,7,NA,NA,NA,NA,NA,NA,Mesocentrotus franciscanus,Red sea urchin,2018_ssp_depth,ssp,beach_seine,2018-07-13,2018-07-12,2018,depth,3,edna_ssp_30,depth,biological,10.8,31.42,8.01,NA,NA,NA,4.3,1000,0,51.67882714,-128.114958,sand,y,455,se,seagrass,zostera,seagrass_sand,zostera_sand,100,1.96163e-160,313,Metazoa,Echinodermata,Echinoidea,Camarodonta,Strongylocentrotidae,Mesocentrotus,0,0,TRUE,ASV132,8,Mesocentrotus franciscanus
edna0048,ASV1293,motu1094,Asteriidae,Sea star,family,1,1,NA,NA,6,3,NA,NA,NA,NA,NA,Asteriidae,Sea star,2018_ssp_depth,ssp,beach_seine,2018-07-13,2018-07-12,2018,depth,3,edna_ssp_30,depth,biological,10.8,31.42,8.01,NA,NA,NA,4.3,1000,0,51.67882714,-128.114958,sand,y,455,se,seagrass,zostera,seagrass_sand,zostera_sand,100,1.96163e-160,313,Metazoa,Echinodermata,Echinodermata,Forcipulatida,Asteriidae,NA,0,0,TRUE,ASV1293,1,NA
edna0048,ASV1097,motu944,Dodecaceria,Cirratulid polychaete,genus,1,NA,1,NA,20,NA,37,NA,NA,NA,NA,Dodecaceria,Cirratulid polychaete,2018_ssp_depth,ssp,beach_seine,2018-07-13,2018-07-12,2018,depth,3,edna_ssp_30,depth,biological,10.8,31.42,8.01,NA,NA,NA,4.3,1000,0,51.67882714,-128.114958,sand,y,455,se,seagrass,zostera,seagrass_sand,zostera_sand,100,1.96163e-160,313,Metazoa,Annelida,Polychaeta,Terebellida,Cirratulidae,Dodecaceria,0,0,TRUE,ASV1097,6,NA
edna0048,ASV2796,motu2259,Strongylocentrotus purpuratus,Purple sea urchin,species,1,NA,NA,NA,6,NA,NA,NA,NA,NA,NA,Strongylocentrotus purpuratus,Purple sea urchin,2018_ssp_depth,ssp,beach_seine,2018-07-13,2018-07-12,2018,depth,3,edna_ssp_30,depth,biological,10.8,31.42,8.01,NA,NA,NA,4.3,1000,0,51.67882714,-128.114958,sand,y,455,se,seagrass,zostera,seagrass_sand,zostera_sand,100,1.96163e-160,313,Metazoa,Echinodermata,Echinoidea,Camarodonta,Strongylocentrotidae,Strongylocentrotus,0,0,TRUE,ASV2796,2,Strongylocentrotus purpuratus
edna0048,ASV3356,motu2675,Chaetognatha,Arrow worm,phylum,1,1,NA,NA,5,8,NA,NA,NA,NA,NA,Chaetognatha,Arrow worm,2018_ssp_depth,ssp,beach_seine,2018-07-13,2018-07-12,2018,depth,3,edna_ssp_30,depth,biological,10.8,31.42,8.01,NA,NA,NA,4.3,1000,0,51.67882714,-128.114958,sand,y,455,se,seagrass,zostera,seagrass_sand,zostera_sand,98.01,1.6078299999999998e-91,189,Metazoa,Chaetognatha,NA,NA,NA,NA,0,0,TRUE,ASV3356,1,NA
edna0048,ASV4128,motu190,Mytilus,Mussel species,genus,1,NA,1,NA,20,NA,45,NA,NA,NA,NA,Mytilus trossulus,Bay mussel,2018_ssp_depth,ssp,beach_seine,2018-07-13,2018-07-12,2018,depth,3,edna_ssp_30,depth,biological,10.8,31.42,8.01,NA,NA,NA,4.3,1000,0,51.67882714,-128.114958,sand,y,455,se,seagrass,zostera,seagrass_sand,zostera_sand,99.68,1.5051499999999994e-156,306,Metazoa,Mollusca,Mollusca,Mytilida,Mytilidae,Mytilus,0,0,TRUE,ASV216,23,NA
edna0048,ASV1319,motu1116,Clytia gregaria,Gregarious jellyfish,species,1,1,1,NA,3,5,4,NA,NA,NA,NA,Clytia gregaria,Gregarious jellyfish,2018_ssp_depth,ssp,beach_seine,2018-07-13,2018-07-12,2018,depth,3,edna_ssp_30,depth,biological,10.8,31.42,8.01,NA,NA,NA,4.3,1000,0,51.67882714,-128.114958,sand,y,455,se,seagrass,zostera,seagrass_sand,zostera_sand,99.67,6.925819999999995e-155,303,Metazoa,Cnidaria,Hydrozoa,Leptothecata,Campanulariidae,Clytia,0,0,TRUE,ASV1319,3,Clytia gregaria
edna0048,ASV4838,motu3744,Ameira,Harpacticoid copepod,genus,1,1,NA,1,4,10,NA,NA,NA,NA,13,Ameira,Harpacticoid copepod,2018_ssp_depth,ssp,beach_seine,2018-07-13,2018-07-12,2018,depth,3,edna_ssp_30,depth,biological,10.8,31.42,8.01,NA,NA,NA,4.3,1000,0,51.67882714,-128.114958,sand,y,455,se,seagrass,zostera,seagrass_sand,zostera_sand,100,3.2351099999999996e-158,309,Metazoa,Arthropoda,Copepoda,Harpacticoida,Ameiridae,Ameira,0,0,TRUE,ASV4838,1,NA
edna0049,ASV34,motu31,Centropages abdominalis,Calanoid copepod,species,1,1,1,1,63,107,114,218,273,NA,175,Centropages abdominalis,Calanoid copepod,2018_ppo_surface,ppo,beach_seine,2018-07-13,2018-07-11,2018,surface,1,edna_ppo_00,surface,biological,14.4,28.28,8.31,NA,NA,NA,6.5,1000,0,51.65821943,-128.113325,mud,n,100,p,seagrass,zostera,seagrass_mud,zostera_mud,100,1.96163e-160,313,Metazoa,Arthropoda,Copepoda,Calanoida,Centropagidae,Centropages,0,0,TRUE,ASV34,19,Centropages abdominalis
edna0049,ASV143,motu128,Centropages abdominalis,Calanoid copepod,species,1,1,NA,NA,53,102,NA,NA,NA,NA,NA,Centropages abdominalis,Calanoid copepod,2018_ppo_surface,ppo,beach_seine,2018-07-13,2018-07-11,2018,surface,1,edna_ppo_00,surface,biological,14.4,28.28,8.31,NA,NA,NA,6.5,1000,0,51.65821943,-128.113325,mud,n,100,p,seagrass,zostera,seagrass_mud,zostera_mud,100,1.96163e-160,313,Metazoa,Arthropoda,Copepoda,Calanoida,Centropagidae,Centropages,0,0,TRUE,ASV143,11,Centropages abdominalis
edna0049,ASV258,motu228,Lensia,Siphonophore,genus,1,1,NA,NA,21,36,NA,NA,NA,NA,NA,Lensia,Siphonophore,2018_ppo_surface,ppo,beach_seine,2018-07-13,2018-07-11,2018,surface,1,edna_ppo_00,surface,biological,14.4,28.28,8.31,NA,NA,NA,6.5,1000,0,51.65821943,-128.113325,mud,n,100,p,seagrass,zostera,seagrass_mud,zostera_mud,100,0.00408744,30,Metazoa,Cnidaria,Cnidaria,Siphonophorae,Diphyidae,Lensia,0,0,TRUE,ASV258,1,NA
edna0049,ASV131,motu117,Lensia,Siphonophore,genus,1,1,1,1,18,41,25,27,45,NA,40,Lensia,Siphonophore,2018_ppo_surface,ppo,beach_seine,2018-07-13,2018-07-11,2018,surface,1,edna_ppo_00,surface,biological,14.4,28.28,8.31,NA,NA,NA,6.5,1000,0,51.65821943,-128.113325,mud,n,100,p,seagrass,zostera,seagrass_mud,zostera_mud,100,0.00408744,30,Metazoa,Cnidaria,Cnidaria,Siphonophorae,Diphyidae,Lensia,0,0,TRUE,ASV131,2,NA
edna0049,ASV280,motu190,Mytilus,Mussel species,genus,1,1,NA,1,51,65,NA,NA,105,NA,112,Mytilus trossulus,Bay mussel,2018_ppo_surface,ppo,beach_seine,2018-07-13,2018-07-11,2018,surface,1,edna_ppo_00,surface,biological,14.4,28.28,8.31,NA,NA,NA,6.5,1000,0,51.65821943,-128.113325,mud,n,100,p,seagrass,zostera,seagrass_mud,zostera_mud,100,3.2351099999999996e-158,309,Metazoa,Mollusca,Mollusca,Mytilida,Mytilidae,Mytilus,0,0,TRUE,ASV216,23,NA
edna0049,ASV324,motu285,Paracalanus parvus parvus,Calanoid copepod,species,1,1,1,1,68,90,92,162,151,NA,122,Paracalanus parvus parvus,Calanoid copepod,2018_ppo_surface,ppo,beach_seine,2018-07-13,2018-07-11,2018,surface,1,edna_ppo_00,surface,biological,14.4,28.28,8.31,NA,NA,NA,6.5,1000,0,51.65821943,-128.113325,mud,n,100,p,seagrass,zostera,seagrass_mud,zostera_mud,100,1.17454e-132,263,Metazoa,Arthropoda,Copepoda,Calanoida,Paracalanidae,Paracalanus,0,0,TRUE,ASV324,6,Paracalanus parvus parvus
edna0049,ASV536,motu470,Paracalanus parvus parvus,Calanoid copepod,species,1,1,NA,NA,61,98,NA,NA,NA,NA,NA,Paracalanus parvus parvus,Calanoid copepod,2018_ppo_surface,ppo,beach_seine,2018-07-13,2018-07-11,2018,surface,1,edna_ppo_00,surface,biological,14.4,28.28,8.31,NA,NA,NA,6.5,1000,0,51.65821943,-128.113325,mud,n,100,p,seagrass,zostera,seagrass_mud,zostera_mud,100,1.17454e-132,263,Metazoa,Arthropoda,Copepoda,Calanoida,Paracalanidae,Paracalanus,0,0,TRUE,ASV536,6,Paracalanus parvus parvus
edna0049,ASV733,motu637,Phyllodocida,Polychaete,order,1,1,1,NA,18,27,25,NA,NA,NA,NA,Phyllodocida,Polychaete,2018_ppo_surface,ppo,beach_seine,2018-07-13,2018-07-11,2018,surface,1,edna_ppo_00,surface,biological,14.4,28.28,8.31,NA,NA,NA,6.5,1000,0,51.65821943,-128.113325,mud,n,100,p,seagrass,zostera,seagrass_mud,zostera_mud,100,0.0603188,28,Metazoa,Annelida,Annelida,Phyllodocida,NA,NA,0,0,TRUE,ASV733,1,NA
edna0049,ASV647,motu560,Synchaeta triophthalma,Rotifer,species,1,1,1,1,10,19,20,NA,56,NA,17,Synchaeta triophthalma,Rotifer,2018_ppo_surface,ppo,beach_seine,2018-07-13,2018-07-11,2018,surface,1,edna_ppo_00,surface,biological,14.4,28.28,8.31,NA,NA,NA,6.5,1000,0,51.65821943,-128.113325,mud,n,100,p,seagrass,zostera,seagrass_mud,zostera_mud,91.99,3.511259999999999e-118,237,Metazoa,Rotifera,Eurotatoria,Ploima,Synchaetidae,Synchaeta,0,0,TRUE,ASV647,4,Synchaeta triophthalma
edna0049,ASV1013,motu876,Orobdella,Freshwater leech,genus,1,1,NA,NA,3,5,NA,NA,NA,NA,NA,Orobdella,Freshwater leech,2018_ppo_surface,ppo,beach_seine,2018-07-13,2018-07-11,2018,surface,1,edna_ppo_00,surface,biological,14.4,28.28,8.31,NA,NA,NA,6.5,1000,0,51.65821943,-128.113325,mud,n,100,p,seagrass,zostera,seagrass_mud,zostera_mud,97.06,0.00121031,31,Metazoa,Annelida,Annelida,Erpobdelliformes,Orobdellidae,Orobdella,NA,NA,TRUE,ASV1013,1,NA
edna0049,ASV679,motu591,Phyllodocida,Polychaete,order,1,1,1,1,13,30,31,NA,12,NA,NA,Phyllodocida,Polychaete,2018_ppo_surface,ppo,beach_seine,2018-07-13,2018-07-11,2018,surface,1,edna_ppo_00,surface,biological,14.4,28.28,8.31,NA,NA,NA,6.5,1000,0,51.65821943,-128.113325,mud,n,100,p,seagrass,zostera,seagrass_mud,zostera_mud,100,0.0603188,28,Metazoa,Annelida,Annelida,Phyllodocida,NA,NA,0,0,TRUE,ASV679,1,NA
edna0049,ASV1384,motu1168,Membranipora membranacea,Coffin box bryozoan,species,1,NA,NA,NA,8,NA,NA,NA,NA,NA,NA,Membranipora membranacea,Coffin box bryozoan,2018_ppo_surface,ppo,beach_seine,2018-07-13,2018-07-11,2018,surface,1,edna_ppo_00,surface,biological,14.4,28.28,8.31,NA,NA,NA,6.5,1000,0,51.65821943,-128.113325,mud,n,100,p,seagrass,zostera,seagrass_mud,zostera_mud,100,9.252979999999995e-139,274,Metazoa,Bryozoa,Gymnolaemata,Cheilostomatida,Membraniporidae,Membranipora,0,0,TRUE,ASV1384,2,Membranipora membranacea
edna0049,ASV1742,motu1454,Micropodarke dubia,Hesionid polychaete,species,1,NA,NA,NA,7,NA,NA,NA,NA,NA,NA,Micropodarke dubia,Hesionid polychaete,2018_ppo_surface,ppo,beach_seine,2018-07-13,2018-07-11,2018,surface,1,edna_ppo_00,surface,biological,14.4,28.28,8.31,NA,NA,NA,6.5,1000,0,51.65821943,-128.113325,mud,n,100,p,seagrass,zostera,seagrass_mud,zostera_mud,100,1.96163e-160,313,Metazoa,Annelida,Polychaeta,Phyllodocida,Hesionidae,Micropodarke,0,0,TRUE,ASV1742,2,Micropodarke dubia
edna0049,ASV1068,motu920,Arthropoda,Unknown arthropod,phylum,1,1,NA,NA,15,29,NA,NA,NA,NA,NA,Arthropoda,Unknown arthropod,2018_ppo_surface,ppo,beach_seine,2018-07-13,2018-07-11,2018,surface,1,edna_ppo_00,surface,biological,14.4,28.28,8.31,NA,NA,NA,6.5,1000,0,51.65821943,-128.113325,mud,n,100,p,seagrass,zostera,seagrass_mud,zostera_mud,94.87,8.78538e-5,33,Metazoa,Arthropoda,NA,NA,NA,NA,NA,NA,TRUE,ASV1068,4,NA
edna0049,ASV1356,motu1143,Pisaster brevispinus,Pink sea star,species,1,1,1,1,83,155,114,182,115,NA,124,Pisaster brevispinus,Pink sea star,2018_ppo_surface,ppo,beach_seine,2018-07-13,2018-07-11,2018,surface,1,edna_ppo_00,surface,biological,14.4,28.28,8.31,NA,NA,NA,6.5,1000,0,51.65821943,-128.113325,mud,n,100,p,seagrass,zostera,seagrass_mud,zostera_mud,100,1.96163e-160,313,Metazoa,Echinodermata,Asteroidea,Forcipulatida,Asteriidae,Pisaster,0,0,TRUE,ASV1356,1,Pisaster brevispinus
edna0049,ASV2448,motu1996,Pisaster brevispinus,Pink sea star,species,1,1,NA,NA,66,166,NA,NA,NA,NA,NA,Pisaster brevispinus,Pink sea star,2018_ppo_surface,ppo,beach_seine,2018-07-13,2018-07-11,2018,surface,1,edna_ppo_00,surface,biological,14.4,28.28,8.31,NA,NA,NA,6.5,1000,0,51.65821943,-128.113325,mud,n,100,p,seagrass,zostera,seagrass_mud,zostera_mud,100,1.96163e-160,313,Metazoa,Echinodermata,Asteroidea,Forcipulatida,Asteriidae,Pisaster,0,0,TRUE,ASV2448,1,Pisaster brevispinus
edna0049,ASV2840,motu2298,Arthropoda,Unknown arthropod,phylum,1,1,NA,NA,4,4,NA,NA,NA,NA,NA,Arthropoda,Unknown arthropod,2018_ppo_surface,ppo,beach_seine,2018-07-13,2018-07-11,2018,surface,1,edna_ppo_00,surface,biological,14.4,28.28,8.31,NA,NA,NA,6.5,1000,0,51.65821943,-128.113325,mud,n,100,p,seagrass,zostera,seagrass_mud,zostera_mud,95,2.34566e-5,34,Metazoa,Arthropoda,NA,NA,NA,NA,NA,NA,TRUE,ASV2840,1,NA
edna0049,ASV3266,motu2608,Arthropoda,Unknown arthropod,phylum,1,1,NA,NA,3,4,NA,NA,NA,NA,NA,Arthropoda,Unknown arthropod,2018_ppo_surface,ppo,beach_seine,2018-07-13,2018-07-11,2018,surface,1,edna_ppo_00,surface,biological,14.4,28.28,8.31,NA,NA,NA,6.5,1000,0,51.65821943,-128.113325,mud,n,100,p,seagrass,zostera,seagrass_mud,zostera_mud,100,0.014701,29,Metazoa,Arthropoda,NA,NA,NA,NA,NA,NA,TRUE,ASV3266,1,NA
edna0049,ASV3048,motu2456,Semibalanus balanoides,Common rock barnacle,species,1,1,NA,1,2,3,NA,NA,19,NA,NA,Semibalanus balanoides,Common rock barnacle,2018_ppo_surface,ppo,beach_seine,2018-07-13,2018-07-11,2018,surface,1,edna_ppo_00,surface,biological,14.4,28.28,8.31,NA,NA,NA,6.5,1000,0,51.65821943,-128.113325,mud,n,100,p,seagrass,zostera,seagrass_mud,zostera_mud,100,1.96163e-160,313,Metazoa,Arthropoda,Thecostraca,Balanomorpha,Balanidae,Semibalanus,0,0,TRUE,ASV3048,1,Semibalanus balanoides
edna0049,ASV2376,motu1949,Euphausia pacifica,North Pacific krill,species,1,1,1,1,8,7,5,13,NA,NA,16,Euphausia pacifica,North Pacific krill,2018_ppo_surface,ppo,beach_seine,2018-07-13,2018-07-11,2018,surface,1,edna_ppo_00,surface,biological,14.4,28.28,8.31,NA,NA,NA,6.5,1000,0,51.65821943,-128.113325,mud,n,100,p,seagrass,zostera,seagrass_mud,zostera_mud,100,3.2351099999999996e-158,309,Metazoa,Arthropoda,Malacostraca,Euphausiacea,Euphausiidae,Euphausia,0,0,TRUE,ASV2376,1,Euphausia pacifica
edna0049,ASV4194,motu3289,Synchaeta triophthalma,Rotifer,species,1,NA,NA,NA,20,NA,NA,NA,NA,NA,NA,Synchaeta triophthalma,Rotifer,2018_ppo_surface,ppo,beach_seine,2018-07-13,2018-07-11,2018,surface,1,edna_ppo_00,surface,biological,14.4,28.28,8.31,NA,NA,NA,6.5,1000,0,51.65821943,-128.113325,mud,n,100,p,seagrass,zostera,seagrass_mud,zostera_mud,91.83,7.600549999999996e-115,231,Metazoa,Rotifera,Eurotatoria,Ploima,Synchaetidae,Synchaeta,0,0,TRUE,ASV4194,1,Synchaeta triophthalma
edna0049,ASV2782,motu902,Arthropoda,Unknown arthropod,phylum,1,NA,1,NA,17,NA,19,NA,NA,NA,NA,Arthropoda,Unknown arthropod,2018_ppo_surface,ppo,beach_seine,2018-07-13,2018-07-11,2018,surface,1,edna_ppo_00,surface,biological,14.4,28.28,8.31,NA,NA,NA,6.5,1000,0,51.65821943,-128.113325,mud,n,100,p,seagrass,zostera,seagrass_mud,zostera_mud,94.87,8.78538e-5,33,Metazoa,Arthropoda,NA,NA,NA,NA,NA,NA,TRUE,ASV1046,4,NA
edna0049,ASV3017,motu2432,Euphausia pacifica,North Pacific krill,species,1,NA,NA,1,6,NA,NA,10,NA,NA,NA,Euphausia pacifica,North Pacific krill,2018_ppo_surface,ppo,beach_seine,2018-07-13,2018-07-11,2018,surface,1,edna_ppo_00,surface,biological,14.4,28.28,8.31,NA,NA,NA,6.5,1000,0,51.65821943,-128.113325,mud,n,100,p,seagrass,zostera,seagrass_mud,zostera_mud,100,3.2351099999999996e-158,309,Metazoa,Arthropoda,Malacostraca,Euphausiacea,Euphausiidae,Euphausia,0,0,TRUE,ASV3017,1,Euphausia pacifica
edna0050,ASV25,motu22,Acartia (Acartiura) longiremis,Calanoid copepod,species,1,1,1,1,254,534,123,442,572,NA,322,Acartia (Acartiura) longiremis,Calanoid copepod,2018_ppo_depth,ppo,beach_seine,2018-07-13,2018-07-11,2018,depth,1,edna_ppo_15,depth,biological,10.8,30.81,8.03,NA,NA,NA,6.5,1000,0,51.65810573,-128.1131937,mud,n,100,p,seagrass,zostera,seagrass_mud,zostera_mud,100,1.96163e-160,313,Metazoa,Arthropoda,Copepoda,Calanoida,Acartiidae,Acartia,0,0,TRUE,ASV25,27,Acartia (Acartiura) longiremis
edna0050,ASV81,motu71,Acartia (Acartiura) longiremis,Calanoid copepod,species,1,1,NA,1,261,503,NA,36,NA,NA,NA,Acartia (Acartiura) longiremis,Calanoid copepod,2018_ppo_depth,ppo,beach_seine,2018-07-13,2018-07-11,2018,depth,1,edna_ppo_15,depth,biological,10.8,30.81,8.03,NA,NA,NA,6.5,1000,0,51.65810573,-128.1131937,mud,n,100,p,seagrass,zostera,seagrass_mud,zostera_mud,100,1.96163e-160,313,Metazoa,Arthropoda,Copepoda,Calanoida,Acartiidae,Acartia,0,0,TRUE,ASV81,23,Acartia (Acartiura) longiremis
edna0050,ASV34,motu31,Centropages abdominalis,Calanoid copepod,species,1,1,1,1,75,151,73,218,233,NA,126,Centropages abdominalis,Calanoid copepod,2018_ppo_depth,ppo,beach_seine,2018-07-13,2018-07-11,2018,depth,1,edna_ppo_15,depth,biological,10.8,30.81,8.03,NA,NA,NA,6.5,1000,0,51.65810573,-128.1131937,mud,n,100,p,seagrass,zostera,seagrass_mud,zostera_mud,100,1.96163e-160,313,Metazoa,Arthropoda,Copepoda,Calanoida,Centropagidae,Centropages,0,0,TRUE,ASV34,19,Centropages abdominalis
edna0050,ASV143,motu128,Centropages abdominalis,Calanoid copepod,species,1,1,NA,NA,73,148,NA,NA,NA,NA,NA,Centropages abdominalis,Calanoid copepod,2018_ppo_depth,ppo,beach_seine,2018-07-13,2018-07-11,2018,depth,1,edna_ppo_15,depth,biological,10.8,30.81,8.03,NA,NA,NA,6.5,1000,0,51.65810573,-128.1131937,mud,n,100,p,seagrass,zostera,seagrass_mud,zostera_mud,100,1.96163e-160,313,Metazoa,Arthropoda,Copepoda,Calanoida,Centropagidae,Centropages,0,0,TRUE,ASV143,11,Centropages abdominalis
edna0050,ASV171,motu150,Pseudocalanus mimus,Calanoid copepod,species,1,1,1,1,108,182,79,218,193,NA,245,Pseudocalanus mimus,Calanoid copepod,2018_ppo_depth,ppo,beach_seine,2018-07-13,2018-07-11,2018,depth,1,edna_ppo_15,depth,biological,10.8,30.81,8.03,NA,NA,NA,6.5,1000,0,51.65810573,-128.1131937,mud,n,100,p,seagrass,zostera,seagrass_mud,zostera_mud,99.67,9.19139e-154,301,Metazoa,Arthropoda,Copepoda,Calanoida,Clausocalanidae,Pseudocalanus,0,0,TRUE,ASV171,10,Pseudocalanus mimus
edna0050,ASV343,motu303,Pseudocalanus mimus,Calanoid copepod,species,1,1,NA,1,59,108,NA,62,NA,NA,NA,Pseudocalanus mimus,Calanoid copepod,2018_ppo_depth,ppo,beach_seine,2018-07-13,2018-07-11,2018,depth,1,edna_ppo_15,depth,biological,10.8,30.81,8.03,NA,NA,NA,6.5,1000,0,51.65810573,-128.1131937,mud,n,100,p,seagrass,zostera,seagrass_mud,zostera_mud,99.67,9.19139e-154,301,Metazoa,Arthropoda,Copepoda,Calanoida,Clausocalanidae,Pseudocalanus,0,0,TRUE,ASV343,11,Pseudocalanus mimus
edna0050,ASV226,motu199,Mytilus trossulus,Bay mussel,species,1,NA,NA,NA,15,NA,NA,NA,NA,NA,NA,Mytilus trossulus,Bay mussel,2018_ppo_depth,ppo,beach_seine,2018-07-13,2018-07-11,2018,depth,1,edna_ppo_15,depth,biological,10.8,30.81,8.03,NA,NA,NA,6.5,1000,0,51.65810573,-128.1131937,mud,n,100,p,seagrass,zostera,seagrass_mud,zostera_mud,100,3.2351099999999996e-158,309,Metazoa,Mollusca,Mollusca,Mytilida,Mytilidae,Mytilus,0,0,TRUE,ASV226,18,Mytilus trossulus
edna0050,ASV233,motu74,Euchlanidae,Rotifer,family,1,1,NA,1,37,54,NA,68,55,NA,NA,No Results,No Results,2018_ppo_depth,ppo,beach_seine,2018-07-13,2018-07-11,2018,depth,1,edna_ppo_15,depth,biological,10.8,30.81,8.03,NA,NA,NA,6.5,1000,0,51.65810573,-128.1131937,mud,n,100,p,seagrass,zostera,seagrass_mud,zostera_mud,91.35,3.005919999999998e-29,77,Metazoa,Rotifera,Rotifera,Ploima,Euchlanidae,NA,1,NA,TRUE,ASV84,2,NA
edna0050,ASV416,motu366,Pseudocalanus mimus,Calanoid copepod,species,1,1,NA,NA,35,71,NA,NA,NA,NA,NA,Pseudocalanus mimus,Calanoid copepod,2018_ppo_depth,ppo,beach_seine,2018-07-13,2018-07-11,2018,depth,1,edna_ppo_15,depth,biological,10.8,30.81,8.03,NA,NA,NA,6.5,1000,0,51.65810573,-128.1131937,mud,n,100,p,seagrass,zostera,seagrass_mud,zostera_mud,100,1.18898e-152,299,Metazoa,Arthropoda,Copepoda,Calanoida,Clausocalanidae,Pseudocalanus,0,0,TRUE,ASV416,7,Pseudocalanus mimus
edna0050,ASV354,motu313,Mitrocoma cellularia,Cross jelly,species,1,1,1,1,16,18,8,19,41,NA,34,Mitrocoma cellularia,Cross jelly,2018_ppo_depth,ppo,beach_seine,2018-07-13,2018-07-11,2018,depth,1,edna_ppo_15,depth,biological,10.8,30.81,8.03,NA,NA,NA,6.5,1000,0,51.65810573,-128.1131937,mud,n,100,p,seagrass,zostera,seagrass_mud,zostera_mud,100,1.4886099999999998e-156,306,Metazoa,Cnidaria,Hydrozoa,Leptothecata,Mitrocomidae,Mitrocoma,0,0,TRUE,ASV354,2,Mitrocoma cellularia
edna0050,ASV377,motu334,Synchaeta pectinata,Rotifer,species,1,1,1,1,140,256,134,246,329,NA,182,Synchaeta pectinata,Rotifer,2018_ppo_depth,ppo,beach_seine,2018-07-13,2018-07-11,2018,depth,1,edna_ppo_15,depth,biological,10.8,30.81,8.03,NA,NA,NA,6.5,1000,0,51.65810573,-128.1131937,mud,n,100,p,seagrass,zostera,seagrass_mud,zostera_mud,90.48,1.6452299999999999e-111,225,Metazoa,Rotifera,Eurotatoria,Ploima,Synchaetidae,Synchaeta,0,0,TRUE,ASV377,5,Synchaeta pectinata
edna0050,ASV398,motu350,Synchaeta pectinata,Rotifer,species,1,1,1,1,135,264,86,259,281,NA,145,Synchaeta pectinata,Rotifer,2018_ppo_depth,ppo,beach_seine,2018-07-13,2018-07-11,2018,depth,1,edna_ppo_15,depth,biological,10.8,30.81,8.03,NA,NA,NA,6.5,1000,0,51.65810573,-128.1131937,mud,n,100,p,seagrass,zostera,seagrass_mud,zostera_mud,90.48,1.6452299999999999e-111,225,Metazoa,Rotifera,Eurotatoria,Ploima,Synchaetidae,Synchaeta,0,0,TRUE,ASV398,4,Synchaeta pectinata
edna0050,ASV1793,motu150,Pseudocalanus mimus,Calanoid copepod,species,1,NA,NA,NA,52,NA,NA,NA,NA,NA,NA,Pseudocalanus mimus,Calanoid copepod,2018_ppo_depth,ppo,beach_seine,2018-07-13,2018-07-11,2018,depth,1,edna_ppo_15,depth,biological,10.8,30.81,8.03,NA,NA,NA,6.5,1000,0,51.65810573,-128.1131937,mud,n,100,p,seagrass,zostera,seagrass_mud,zostera_mud,100,1.97556e-155,304,Metazoa,Arthropoda,Copepoda,Calanoida,Clausocalanidae,Pseudocalanus,0,0,TRUE,ASV171,10,Pseudocalanus mimus
edna0050,ASV634,motu517,Balanus,Barnacle species,genus,1,1,NA,1,25,25,NA,29,43,NA,NA,Balanus,Barnacle species,2018_ppo_depth,ppo,beach_seine,2018-07-13,2018-07-11,2018,depth,1,edna_ppo_15,depth,biological,10.8,30.81,8.03,NA,NA,NA,6.5,1000,0,51.65810573,-128.1131937,mud,n,100,p,seagrass,zostera,seagrass_mud,zostera_mud,100,1.4886099999999998e-156,306,Metazoa,Arthropoda,Arthropoda,Balanomorpha,Balanidae,Balanus,0,0,TRUE,ASV587,10,NA
edna0050,ASV713,motu350,Synchaeta pectinata,Rotifer,species,1,1,1,1,88,158,53,145,172,NA,99,Synchaeta pectinata,Rotifer,2018_ppo_depth,ppo,beach_seine,2018-07-13,2018-07-11,2018,depth,1,edna_ppo_15,depth,biological,10.8,30.81,8.03,NA,NA,NA,6.5,1000,0,51.65810573,-128.1131937,mud,n,100,p,seagrass,zostera,seagrass_mud,zostera_mud,90.79,3.5361899999999996e-113,228,Metazoa,Rotifera,Eurotatoria,Ploima,Synchaetidae,Synchaeta,0,0,TRUE,ASV398,4,Synchaeta pectinata
edna0050,ASV674,motu334,Synchaeta pectinata,Rotifer,species,1,1,1,1,98,183,68,177,212,NA,100,Synchaeta pectinata,Rotifer,2018_ppo_depth,ppo,beach_seine,2018-07-13,2018-07-11,2018,depth,1,edna_ppo_15,depth,biological,10.8,30.81,8.03,NA,NA,NA,6.5,1000,0,51.65810573,-128.1131937,mud,n,100,p,seagrass,zostera,seagrass_mud,zostera_mud,90.79,3.5361899999999996e-113,228,Metazoa,Rotifera,Eurotatoria,Ploima,Synchaetidae,Synchaeta,0,0,TRUE,ASV377,5,Synchaeta pectinata
edna0050,ASV670,motu583,Synchaeta triophthalma,Rotifer,species,1,1,1,1,21,53,27,59,84,NA,44,Synchaeta triophthalma,Rotifer,2018_ppo_depth,ppo,beach_seine,2018-07-13,2018-07-11,2018,depth,1,edna_ppo_15,depth,biological,10.8,30.81,8.03,NA,NA,NA,6.5,1000,0,51.65810573,-128.1131937,mud,n,100,p,seagrass,zostera,seagrass_mud,zostera_mud,91.99,3.511259999999999e-118,237,Metazoa,Rotifera,Eurotatoria,Ploima,Synchaetidae,Synchaeta,0,0,TRUE,ASV670,4,Synchaeta triophthalma
edna0050,ASV647,motu560,Synchaeta triophthalma,Rotifer,species,1,1,1,1,28,53,18,62,103,NA,53,Synchaeta triophthalma,Rotifer,2018_ppo_depth,ppo,beach_seine,2018-07-13,2018-07-11,2018,depth,1,edna_ppo_15,depth,biological,10.8,30.81,8.03,NA,NA,NA,6.5,1000,0,51.65810573,-128.1131937,mud,n,100,p,seagrass,zostera,seagrass_mud,zostera_mud,91.99,3.511259999999999e-118,237,Metazoa,Rotifera,Eurotatoria,Ploima,Synchaetidae,Synchaeta,0,0,TRUE,ASV647,4,Synchaeta triophthalma
edna0050,ASV1137,motu976,Metridia pacifica,Calanoid copepod,species,1,NA,1,1,22,NA,26,66,59,NA,38,Metridia pacifica,Calanoid copepod,2018_ppo_depth,ppo,beach_seine,2018-07-13,2018-07-11,2018,depth,1,edna_ppo_15,depth,biological,10.8,30.81,8.03,NA,NA,NA,6.5,1000,0,51.65810573,-128.1131937,mud,n,100,p,seagrass,zostera,seagrass_mud,zostera_mud,100,1.96163e-160,313,Metazoa,Arthropoda,Copepoda,Calanoida,Metridinidae,Metridia,0,0,TRUE,ASV1137,4,Metridia pacifica
edna0050,ASV1057,motu909,Orobdella,Freshwater leech,genus,1,1,NA,NA,24,50,NA,NA,NA,NA,NA,Orobdella,Freshwater leech,2018_ppo_depth,ppo,beach_seine,2018-07-13,2018-07-11,2018,depth,1,edna_ppo_15,depth,biological,10.8,30.81,8.03,NA,NA,NA,6.5,1000,0,51.65810573,-128.1131937,mud,n,100,p,seagrass,zostera,seagrass_mud,zostera_mud,97.06,0.0011939,31,Metazoa,Annelida,Annelida,Erpobdelliformes,Orobdellidae,Orobdella,NA,NA,TRUE,ASV1057,1,NA
edna0050,ASV1763,motu476,Phascolosoma (Phascolosoma) agassizii,Agassiz peanut worm,species,1,1,1,1,32,63,26,72,38,NA,39,Phascolosoma (Phascolosoma) agassizii,Agassiz peanut worm,2018_ppo_depth,ppo,beach_seine,2018-07-13,2018-07-11,2018,depth,1,edna_ppo_15,depth,biological,10.8,30.81,8.03,NA,NA,NA,6.5,1000,0,51.65810573,-128.1131937,mud,n,100,p,seagrass,zostera,seagrass_mud,zostera_mud,100,1.96163e-160,313,Metazoa,Annelida,NA,Sipuncula,Phascolosomatidae,Phascolosoma,0,0,TRUE,ASV542,4,Phascolosoma (Phascolosoma) agassizii
edna0050,ASV2131,motu545,Phascolosoma (Phascolosoma) agassizii,Agassiz peanut worm,species,1,1,NA,1,25,46,NA,NA,37,NA,29,Phascolosoma (Phascolosoma) agassizii,Agassiz peanut worm,2018_ppo_depth,ppo,beach_seine,2018-07-13,2018-07-11,2018,depth,1,edna_ppo_15,depth,biological,10.8,30.81,8.03,NA,NA,NA,6.5,1000,0,51.65810573,-128.1131937,mud,n,100,p,seagrass,zostera,seagrass_mud,zostera_mud,100,1.96163e-160,313,Metazoa,Annelida,NA,Sipuncula,Phascolosomatidae,Phascolosoma,0,0,TRUE,ASV625,3,Phascolosoma (Phascolosoma) agassizii
edna0050,ASV3207,motu2566,Glycera americana,American bloodworm,species,1,1,NA,NA,45,79,NA,NA,NA,NA,NA,Glycera americana,American bloodworm,2018_ppo_depth,ppo,beach_seine,2018-07-13,2018-07-11,2018,depth,1,edna_ppo_15,depth,biological,10.8,30.81,8.03,NA,NA,NA,6.5,1000,0,51.65810573,-128.1131937,mud,n,100,p,seagrass,zostera,seagrass_mud,zostera_mud,100,1.96163e-160,313,Metazoa,Annelida,Polychaeta,Phyllodocida,Glyceridae,Glycera,0,0,TRUE,ASV3207,1,Glycera americana
edna0050,ASV2570,motu303,Pseudocalanus mimus,Calanoid copepod,species,1,1,NA,NA,33,43,NA,NA,NA,NA,NA,Pseudocalanus mimus,Calanoid copepod,2018_ppo_depth,ppo,beach_seine,2018-07-13,2018-07-11,2018,depth,1,edna_ppo_15,depth,biological,10.8,30.81,8.03,NA,NA,NA,6.5,1000,0,51.65810573,-128.1131937,mud,n,100,p,seagrass,zostera,seagrass_mud,zostera_mud,100,4.27634e-152,298,Metazoa,Arthropoda,Copepoda,Calanoida,Clausocalanidae,Pseudocalanus,0,0,TRUE,ASV343,11,Pseudocalanus mimus
edna0050,ASV4448,motu800,Polymorphidae,Thorny headed worm,family,1,NA,NA,NA,3,NA,NA,NA,NA,NA,NA,Polymorphidae,Thorny headed worm,2018_ppo_depth,ppo,beach_seine,2018-07-13,2018-07-11,2018,depth,1,edna_ppo_15,depth,biological,10.8,30.81,8.03,NA,NA,NA,6.5,1000,0,51.65810573,-128.1131937,mud,n,100,p,seagrass,zostera,seagrass_mud,zostera_mud,94.87,8.37307e-5,33,Metazoa,Acanthocephala,Acanthocephala,Polymorphida,Polymorphidae,NA,0,0,TRUE,ASV920,3,NA
edna0050,ASV1973,motu1639,Glycera americana,American bloodworm,species,1,1,1,1,35,84,30,90,84,NA,44,Glycera americana,American bloodworm,2018_ppo_depth,ppo,beach_seine,2018-07-13,2018-07-11,2018,depth,1,edna_ppo_15,depth,biological,10.8,30.81,8.03,NA,NA,NA,6.5,1000,0,51.65810573,-128.1131937,mud,n,100,p,seagrass,zostera,seagrass_mud,zostera_mud,100,1.96163e-160,313,Metazoa,Annelida,Polychaeta,Phyllodocida,Glyceridae,Glycera,0,0,TRUE,ASV1973,1,Glycera americana
edna0051,ASV25,motu22,Acartia (Acartiura) longiremis,Calanoid copepod,species,1,1,1,1,137,371,59,336,207,NA,168,Acartia (Acartiura) longiremis,Calanoid copepod,2018_ppo_surface,ppo,beach_seine,2018-07-13,2018-07-11,2018,surface,2,edna_ppo_30,surface,biological,14.4,28.26,8.23,NA,NA,NA,6.5,1000,0,51.65799974,-128.113112,mud,n,100,p,seagrass,zostera,seagrass_mud,zostera_mud,100,1.96163e-160,313,Metazoa,Arthropoda,Copepoda,Calanoida,Acartiidae,Acartia,0,0,TRUE,ASV25,27,Acartia (Acartiura) longiremis
edna0051,ASV81,motu71,Acartia (Acartiura) longiremis,Calanoid copepod,species,1,1,NA,NA,151,299,NA,NA,NA,NA,NA,Acartia (Acartiura) longiremis,Calanoid copepod,2018_ppo_surface,ppo,beach_seine,2018-07-13,2018-07-11,2018,surface,2,edna_ppo_30,surface,biological,14.4,28.26,8.23,NA,NA,NA,6.5,1000,0,51.65799974,-128.113112,mud,n,100,p,seagrass,zostera,seagrass_mud,zostera_mud,100,1.96163e-160,313,Metazoa,Arthropoda,Copepoda,Calanoida,Acartiidae,Acartia,0,0,TRUE,ASV81,23,Acartia (Acartiura) longiremis
edna0051,ASV34,motu31,Centropages abdominalis,Calanoid copepod,species,1,1,1,1,688,1248,479,1665,1000,NA,1006,Centropages abdominalis,Calanoid copepod,2018_ppo_surface,ppo,beach_seine,2018-07-13,2018-07-11,2018,surface,2,edna_ppo_30,surface,biological,14.4,28.26,8.23,NA,NA,NA,6.5,1000,0,51.65799974,-128.113112,mud,n,100,p,seagrass,zostera,seagrass_mud,zostera_mud,100,1.96163e-160,313,Metazoa,Arthropoda,Copepoda,Calanoida,Centropagidae,Centropages,0,0,TRUE,ASV34,19,Centropages abdominalis
edna0051,ASV143,motu128,Centropages abdominalis,Calanoid copepod,species,1,1,1,1,585,1202,21,81,NA,NA,NA,Centropages abdominalis,Calanoid copepod,2018_ppo_surface,ppo,beach_seine,2018-07-13,2018-07-11,2018,surface,2,edna_ppo_30,surface,biological,14.4,28.26,8.23,NA,NA,NA,6.5,1000,0,51.65799974,-128.113112,mud,n,100,p,seagrass,zostera,seagrass_mud,zostera_mud,100,1.96163e-160,313,Metazoa,Arthropoda,Copepoda,Calanoida,Centropagidae,Centropages,0,0,TRUE,ASV143,11,Centropages abdominalis
edna0051,ASV258,motu228,Lensia,Siphonophore,genus,1,1,NA,NA,44,102,NA,NA,NA,NA,NA,Lensia,Siphonophore,2018_ppo_surface,ppo,beach_seine,2018-07-13,2018-07-11,2018,surface,2,edna_ppo_30,surface,biological,14.4,28.26,8.23,NA,NA,NA,6.5,1000,0,51.65799974,-128.113112,mud,n,100,p,seagrass,zostera,seagrass_mud,zostera_mud,100,0.00408744,30,Metazoa,Cnidaria,Cnidaria,Siphonophorae,Diphyidae,Lensia,0,0,TRUE,ASV258,1,NA
edna0051,ASV131,motu117,Lensia,Siphonophore,genus,1,1,1,1,48,106,53,152,130,NA,66,Lensia,Siphonophore,2018_ppo_surface,ppo,beach_seine,2018-07-13,2018-07-11,2018,surface,2,edna_ppo_30,surface,biological,14.4,28.26,8.23,NA,NA,NA,6.5,1000,0,51.65799974,-128.113112,mud,n,100,p,seagrass,zostera,seagrass_mud,zostera_mud,100,0.00408744,30,Metazoa,Cnidaria,Cnidaria,Siphonophorae,Diphyidae,Lensia,0,0,TRUE,ASV131,2,NA
edna0051,ASV226,motu199,Mytilus trossulus,Bay mussel,species,1,1,1,1,35,59,56,63,55,NA,52,Mytilus trossulus,Bay mussel,2018_ppo_surface,ppo,beach_seine,2018-07-13,2018-07-11,2018,surface,2,edna_ppo_30,surface,biological,14.4,28.26,8.23,NA,NA,NA,6.5,1000,0,51.65799974,-128.113112,mud,n,100,p,seagrass,zostera,seagrass_mud,zostera_mud,100,3.2351099999999996e-158,309,Metazoa,Mollusca,Mollusca,Mytilida,Mytilidae,Mytilus,0,0,TRUE,ASV226,18,Mytilus trossulus
edna0051,ASV216,motu190,Mytilus trossulus,Bay mussel,species,1,1,NA,1,53,59,NA,84,35,NA,74,Mytilus trossulus,Bay mussel,2018_ppo_surface,ppo,beach_seine,2018-07-13,2018-07-11,2018,surface,2,edna_ppo_30,surface,biological,14.4,28.26,8.23,NA,NA,NA,6.5,1000,0,51.65799974,-128.113112,mud,n,100,p,seagrass,zostera,seagrass_mud,zostera_mud,100,3.2351099999999996e-158,309,Metazoa,Mollusca,Mollusca,Mytilida,Mytilidae,Mytilus,0,0,TRUE,ASV216,23,Mytilus trossulus
edna0051,ASV242,motu213,Balanus glandula,Acorn barnacle,species,1,1,1,1,211,405,123,455,293,NA,299,Balanus glandula,Acorn barnacle,2018_ppo_surface,ppo,beach_seine,2018-07-13,2018-07-11,2018,surface,2,edna_ppo_30,surface,biological,14.4,28.26,8.23,NA,NA,NA,6.5,1000,0,51.65799974,-128.113112,mud,n,100,p,seagrass,zostera,seagrass_mud,zostera_mud,100,3.2351099999999996e-158,309,Metazoa,Arthropoda,Thecostraca,Balanomorpha,Balanidae,Balanus,0,0,TRUE,ASV242,15,Balanus glandula
edna0051,ASV233,motu74,Euchlanidae,Rotifer,family,1,1,1,1,40,73,46,NA,NA,NA,35,No Results,No Results,2018_ppo_surface,ppo,beach_seine,2018-07-13,2018-07-11,2018,surface,2,edna_ppo_30,surface,biological,14.4,28.26,8.23,NA,NA,NA,6.5,1000,0,51.65799974,-128.113112,mud,n,100,p,seagrass,zostera,seagrass_mud,zostera_mud,91.35,3.005919999999998e-29,77,Metazoa,Rotifera,Rotifera,Ploima,Euchlanidae,NA,1,NA,TRUE,ASV84,2,NA
edna0051,ASV447,motu394,Balanus glandula,Acorn barnacle,species,1,1,NA,NA,220,349,NA,NA,NA,NA,NA,Balanus glandula,Acorn barnacle,2018_ppo_surface,ppo,beach_seine,2018-07-13,2018-07-11,2018,surface,2,edna_ppo_30,surface,biological,14.4,28.26,8.23,NA,NA,NA,6.5,1000,0,51.65799974,-128.113112,mud,n,100,p,seagrass,zostera,seagrass_mud,zostera_mud,100,3.2351099999999996e-158,309,Metazoa,Arthropoda,Thecostraca,Balanomorpha,Balanidae,Balanus,0,0,TRUE,ASV447,12,Balanus glandula
edna0051,ASV205,motu181,Pseudocalanus mimus,Calanoid copepod,species,1,1,1,1,58,119,52,252,134,NA,175,Pseudocalanus mimus,Calanoid copepod,2018_ppo_surface,ppo,beach_seine,2018-07-13,2018-07-11,2018,surface,2,edna_ppo_30,surface,biological,14.4,28.26,8.23,NA,NA,NA,6.5,1000,0,51.65799974,-128.113112,mud,n,100,p,seagrass,zostera,seagrass_mud,zostera_mud,100,1.18898e-152,299,Metazoa,Arthropoda,Copepoda,Calanoida,Clausocalanidae,Pseudocalanus,0,0,TRUE,ASV205,8,Pseudocalanus mimus
edna0051,ASV416,motu366,Pseudocalanus mimus,Calanoid copepod,species,1,1,NA,NA,59,135,NA,NA,NA,NA,NA,Pseudocalanus mimus,Calanoid copepod,2018_ppo_surface,ppo,beach_seine,2018-07-13,2018-07-11,2018,surface,2,edna_ppo_30,surface,biological,14.4,28.26,8.23,NA,NA,NA,6.5,1000,0,51.65799974,-128.113112,mud,n,100,p,seagrass,zostera,seagrass_mud,zostera_mud,100,1.18898e-152,299,Metazoa,Arthropoda,Copepoda,Calanoida,Clausocalanidae,Pseudocalanus,0,0,TRUE,ASV416,7,Pseudocalanus mimus
edna0051,ASV536,motu470,Paracalanus parvus parvus,Calanoid copepod,species,1,NA,NA,NA,21,NA,NA,NA,NA,NA,NA,Paracalanus parvus parvus,Calanoid copepod,2018_ppo_surface,ppo,beach_seine,2018-07-13,2018-07-11,2018,surface,2,edna_ppo_30,surface,biological,14.4,28.26,8.23,NA,NA,NA,6.5,1000,0,51.65799974,-128.113112,mud,n,100,p,seagrass,zostera,seagrass_mud,zostera_mud,100,1.17454e-132,263,Metazoa,Arthropoda,Copepoda,Calanoida,Paracalanidae,Paracalanus,0,0,TRUE,ASV536,6,Paracalanus parvus parvus
edna0051,ASV865,motu753,Parastenocarididae,Harpacticoid copepod,family,1,1,NA,NA,25,60,NA,NA,NA,NA,NA,Parastenocarididae,Harpacticoid copepod,2018_ppo_surface,ppo,beach_seine,2018-07-13,2018-07-11,2018,surface,2,edna_ppo_30,surface,biological,14.4,28.26,8.23,NA,NA,NA,6.5,1000,0,51.65799974,-128.113112,mud,n,100,p,seagrass,zostera,seagrass_mud,zostera_mud,94.59,0.00408744,30,Metazoa,Arthropoda,Arthropoda,Harpacticoida,Parastenocarididae,NA,1,0,TRUE,ASV865,1,NA
edna0051,ASV634,motu517,Balanus,Barnacle species,genus,1,1,1,1,277,514,129,284,159,NA,204,Balanus,Barnacle species,2018_ppo_surface,ppo,beach_seine,2018-07-13,2018-07-11,2018,surface,2,edna_ppo_30,surface,biological,14.4,28.26,8.23,NA,NA,NA,6.5,1000,0,51.65799974,-128.113112,mud,n,100,p,seagrass,zostera,seagrass_mud,zostera_mud,100,1.4886099999999998e-156,306,Metazoa,Arthropoda,Arthropoda,Balanomorpha,Balanidae,Balanus,0,0,TRUE,ASV587,10,NA
edna0051,ASV1187,motu1015,Balanus,Barnacle species,genus,1,1,NA,NA,175,426,NA,NA,NA,NA,NA,Balanus,Barnacle species,2018_ppo_surface,ppo,beach_seine,2018-07-13,2018-07-11,2018,surface,2,edna_ppo_30,surface,biological,14.4,28.26,8.23,NA,NA,NA,6.5,1000,0,51.65799974,-128.113112,mud,n,100,p,seagrass,zostera,seagrass_mud,zostera_mud,100,1.4886099999999998e-156,306,Metazoa,Arthropoda,Arthropoda,Balanomorpha,Balanidae,Balanus,0,0,TRUE,ASV1187,5,NA
edna0051,ASV1303,motu517,Balanus,Barnacle species,genus,1,1,1,1,161,263,57,142,97,NA,110,Balanus,Barnacle species,2018_ppo_surface,ppo,beach_seine,2018-07-13,2018-07-11,2018,surface,2,edna_ppo_30,surface,biological,14.4,28.26,8.23,NA,NA,NA,6.5,1000,0,51.65799974,-128.113112,mud,n,100,p,seagrass,zostera,seagrass_mud,zostera_mud,99.67,6.925819999999995e-155,303,Metazoa,Arthropoda,Arthropoda,Balanomorpha,Balanidae,Balanus,0,0,TRUE,ASV587,10,NA
edna0051,ASV1048,motu285,Paracalanus,Calanoid copepod,genus,1,1,1,1,28,44,18,9,9,NA,17,Paracalanus parvus parvus,Calanoid copepod,2018_ppo_surface,ppo,beach_seine,2018-07-13,2018-07-11,2018,surface,2,edna_ppo_30,surface,biological,14.4,28.26,8.23,NA,NA,NA,6.5,1000,0,51.65799974,-128.113112,mud,n,100,p,seagrass,zostera,seagrass_mud,zostera_mud,99.67,1.14177e-152,299,Metazoa,Arthropoda,Arthropoda,Calanoida,Paracalanidae,Paracalanus,0,0,TRUE,ASV324,6,NA
edna0051,ASV1231,motu213,Balanus glandula,Acorn barnacle,species,1,1,1,1,130,179,80,235,156,NA,143,Balanus glandula,Acorn barnacle,2018_ppo_surface,ppo,beach_seine,2018-07-13,2018-07-11,2018,surface,2,edna_ppo_30,surface,biological,14.4,28.26,8.23,NA,NA,NA,6.5,1000,0,51.65799974,-128.113112,mud,n,100,p,seagrass,zostera,seagrass_mud,zostera_mud,99.68,1.5051499999999994e-156,306,Metazoa,Arthropoda,Thecostraca,Balanomorpha,Balanidae,Balanus,0,0,TRUE,ASV242,15,Balanus glandula
edna0051,ASV801,motu697,Micropodarke dubia,Hesionid polychaete,species,1,1,1,1,25,51,22,8,NA,NA,13,Micropodarke dubia,Hesionid polychaete,2018_ppo_surface,ppo,beach_seine,2018-07-13,2018-07-11,2018,surface,2,edna_ppo_30,surface,biological,14.4,28.26,8.23,NA,NA,NA,6.5,1000,0,51.65799974,-128.113112,mud,n,100,p,seagrass,zostera,seagrass_mud,zostera_mud,100,1.96163e-160,313,Metazoa,Annelida,Polychaeta,Phyllodocida,Hesionidae,Micropodarke,0,0,TRUE,ASV801,2,Micropodarke dubia
edna0051,ASV1492,motu1259,Membranipora membranacea,Coffin box bryozoan,species,1,1,NA,NA,6,4,NA,NA,NA,NA,NA,Membranipora membranacea,Coffin box bryozoan,2018_ppo_surface,ppo,beach_seine,2018-07-13,2018-07-11,2018,surface,2,edna_ppo_30,surface,biological,14.4,28.26,8.23,NA,NA,NA,6.5,1000,0,51.65799974,-128.113112,mud,n,100,p,seagrass,zostera,seagrass_mud,zostera_mud,100,9.252979999999995e-139,274,Metazoa,Bryozoa,Gymnolaemata,Cheilostomatida,Membraniporidae,Membranipora,0,0,TRUE,ASV1492,2,Membranipora membranacea
edna0051,ASV1967,motu1015,Balanus,Barnacle species,genus,1,1,NA,NA,124,244,NA,NA,NA,NA,NA,Balanus,Barnacle species,2018_ppo_surface,ppo,beach_seine,2018-07-13,2018-07-11,2018,surface,2,edna_ppo_30,surface,biological,14.4,28.26,8.23,NA,NA,NA,6.5,1000,0,51.65799974,-128.113112,mud,n,100,p,seagrass,zostera,seagrass_mud,zostera_mud,99.67,6.925819999999995e-155,303,Metazoa,Arthropoda,Arthropoda,Balanomorpha,Balanidae,Balanus,0,0,TRUE,ASV1187,5,NA
edna0051,ASV2255,motu394,Balanus glandula,Acorn barnacle,species,1,1,NA,NA,107,174,NA,NA,NA,NA,NA,Balanus glandula,Acorn barnacle,2018_ppo_surface,ppo,beach_seine,2018-07-13,2018-07-11,2018,surface,2,edna_ppo_30,surface,biological,14.4,28.26,8.23,NA,NA,NA,6.5,1000,0,51.65799974,-128.113112,mud,n,100,p,seagrass,zostera,seagrass_mud,zostera_mud,99.68,1.5051499999999994e-156,306,Metazoa,Arthropoda,Thecostraca,Balanomorpha,Balanidae,Balanus,0,0,TRUE,ASV447,12,Balanus glandula
edna0051,ASV2792,motu2255,Platynereis,Ragworm,genus,1,NA,NA,NA,76,NA,NA,NA,NA,NA,NA,Platynereis,Ragworm,2018_ppo_surface,ppo,beach_seine,2018-07-13,2018-07-11,2018,surface,2,edna_ppo_30,surface,biological,14.4,28.26,8.23,NA,NA,NA,6.5,1000,0,51.65799974,-128.113112,mud,n,100,p,seagrass,zostera,seagrass_mud,zostera_mud,100,5.334159999999996e-156,305,Metazoa,Annelida,Polychaeta,Phyllodocida,Nereididae,Platynereis,0,0,TRUE,ASV2792,1,NA
edna0051,ASV2580,motu2094,Balanus glandula,Acorn barnacle,species,1,1,NA,NA,77,126,NA,NA,NA,NA,NA,Balanus glandula,Acorn barnacle,2018_ppo_surface,ppo,beach_seine,2018-07-13,2018-07-11,2018,surface,2,edna_ppo_30,surface,biological,14.4,28.26,8.23,NA,NA,NA,6.5,1000,0,51.65799974,-128.113112,mud,n,100,p,seagrass,zostera,seagrass_mud,zostera_mud,99.68,9.126599999999999e-159,310,Metazoa,Arthropoda,Thecostraca,Balanomorpha,Balanidae,Balanus,0,0,TRUE,ASV2580,1,Balanus glandula
edna0051,ASV1632,motu1371,Acartia (Acartiura) longiremis,Calanoid copepod,species,1,1,1,1,74,148,29,140,103,NA,57,Acartia (Acartiura) longiremis,Calanoid copepod,2018_ppo_surface,ppo,beach_seine,2018-07-13,2018-07-11,2018,surface,2,edna_ppo_30,surface,biological,14.4,28.26,8.23,NA,NA,NA,6.5,1000,0,51.65799974,-128.113112,mud,n,100,p,seagrass,zostera,seagrass_mud,zostera_mud,99.36,4.246189999999999e-157,307,Metazoa,Arthropoda,Copepoda,Calanoida,Acartiidae,Acartia,0,0,TRUE,ASV1632,1,Acartia (Acartiura) longiremis
edna0051,ASV1810,motu1507,Balanus glandula,Acorn barnacle,species,1,1,1,1,73,155,46,109,58,NA,NA,Balanus glandula,Acorn barnacle,2018_ppo_surface,ppo,beach_seine,2018-07-13,2018-07-11,2018,surface,2,edna_ppo_30,surface,biological,14.4,28.26,8.23,NA,NA,NA,6.5,1000,0,51.65799974,-128.113112,mud,n,100,p,seagrass,zostera,seagrass_mud,zostera_mud,99.68,9.126599999999999e-159,310,Metazoa,Arthropoda,Thecostraca,Balanomorpha,Balanidae,Balanus,0,0,TRUE,ASV1810,1,Balanus glandula
edna0051,ASV2503,motu2038,Acartia (Acartiura) longiremis,Calanoid copepod,species,1,1,NA,NA,64,155,NA,NA,NA,NA,NA,Acartia (Acartiura) longiremis,Calanoid copepod,2018_ppo_surface,ppo,beach_seine,2018-07-13,2018-07-11,2018,surface,2,edna_ppo_30,surface,biological,14.4,28.26,8.23,NA,NA,NA,6.5,1000,0,51.65799974,-128.113112,mud,n,100,p,seagrass,zostera,seagrass_mud,zostera_mud,99.36,4.246189999999999e-157,307,Metazoa,Arthropoda,Copepoda,Calanoida,Acartiidae,Acartia,0,0,TRUE,ASV2503,1,Acartia (Acartiura) longiremis
edna0051,ASV2978,motu2404,Balanus glandula,Acorn barnacle,species,1,1,NA,NA,49,98,NA,NA,NA,NA,NA,Balanus glandula,Acorn barnacle,2018_ppo_surface,ppo,beach_seine,2018-07-13,2018-07-11,2018,surface,2,edna_ppo_30,surface,biological,14.4,28.26,8.23,NA,NA,NA,6.5,1000,0,51.65799974,-128.113112,mud,n,100,p,seagrass,zostera,seagrass_mud,zostera_mud,99.35,7.002779999999996e-155,303,Metazoa,Arthropoda,Thecostraca,Balanomorpha,Balanidae,Balanus,0,0,TRUE,ASV2978,1,Balanus glandula
edna0051,ASV2127,motu1756,Balanus glandula,Acorn barnacle,species,1,1,1,1,46,96,31,78,62,NA,NA,Balanus glandula,Acorn barnacle,2018_ppo_surface,ppo,beach_seine,2018-07-13,2018-07-11,2018,surface,2,edna_ppo_30,surface,biological,14.4,28.26,8.23,NA,NA,NA,6.5,1000,0,51.65799974,-128.113112,mud,n,100,p,seagrass,zostera,seagrass_mud,zostera_mud,99.35,7.002779999999996e-155,303,Metazoa,Arthropoda,Thecostraca,Balanomorpha,Balanidae,Balanus,0,0,TRUE,ASV2127,1,Balanus glandula
edna0051,ASV2848,motu128,Centropages abdominalis,Calanoid copepod,species,1,1,NA,NA,42,122,NA,NA,NA,NA,NA,Centropages abdominalis,Calanoid copepod,2018_ppo_surface,ppo,beach_seine,2018-07-13,2018-07-11,2018,surface,2,edna_ppo_30,surface,biological,14.4,28.26,8.23,NA,NA,NA,6.5,1000,0,51.65799974,-128.113112,mud,n,100,p,seagrass,zostera,seagrass_mud,zostera_mud,99.68,9.126599999999999e-159,310,Metazoa,Arthropoda,Copepoda,Calanoida,Centropagidae,Centropages,0,0,TRUE,ASV143,11,Centropages abdominalis
edna0051,ASV3171,motu2538,Semibalanus balanoides,Common rock barnacle,species,1,1,NA,NA,9,9,NA,NA,NA,NA,NA,Semibalanus balanoides,Common rock barnacle,2018_ppo_surface,ppo,beach_seine,2018-07-13,2018-07-11,2018,surface,2,edna_ppo_30,surface,biological,14.4,28.26,8.23,NA,NA,NA,6.5,1000,0,51.65799974,-128.113112,mud,n,100,p,seagrass,zostera,seagrass_mud,zostera_mud,100,1.96163e-160,313,Metazoa,Arthropoda,Thecostraca,Balanomorpha,Balanidae,Semibalanus,0,0,TRUE,ASV3171,1,Semibalanus balanoides
edna0051,ASV3048,motu2456,Semibalanus balanoides,Common rock barnacle,species,1,1,NA,NA,10,8,NA,NA,NA,NA,NA,Semibalanus balanoides,Common rock barnacle,2018_ppo_surface,ppo,beach_seine,2018-07-13,2018-07-11,2018,surface,2,edna_ppo_30,surface,biological,14.4,28.26,8.23,NA,NA,NA,6.5,1000,0,51.65799974,-128.113112,mud,n,100,p,seagrass,zostera,seagrass_mud,zostera_mud,100,1.96163e-160,313,Metazoa,Arthropoda,Thecostraca,Balanomorpha,Balanidae,Semibalanus,0,0,TRUE,ASV3048,1,Semibalanus balanoides
edna0051,ASV5421,motu4160,Melanochlamys diomedea,Albatross aglaja,species,1,NA,NA,NA,28,NA,NA,NA,NA,NA,NA,Melanochlamys diomedea,Albatross aglaja,2018_ppo_surface,ppo,beach_seine,2018-07-13,2018-07-11,2018,surface,2,edna_ppo_30,surface,biological,14.4,28.26,8.23,NA,NA,NA,6.5,1000,0,51.65799974,-128.113112,mud,n,100,p,seagrass,zostera,seagrass_mud,zostera_mud,99.67,6.925819999999995e-155,303,Metazoa,Mollusca,Gastropoda,Cephalaspidea,Aglajidae,Melanochlamys,0,0,TRUE,ASV5421,1,Melanochlamys diomedea
edna0051,ASV3017,motu2432,Euphausia pacifica,North Pacific krill,species,1,1,NA,1,6,8,NA,NA,NA,NA,2,Euphausia pacifica,North Pacific krill,2018_ppo_surface,ppo,beach_seine,2018-07-13,2018-07-11,2018,surface,2,edna_ppo_30,surface,biological,14.4,28.26,8.23,NA,NA,NA,6.5,1000,0,51.65799974,-128.113112,mud,n,100,p,seagrass,zostera,seagrass_mud,zostera_mud,100,3.2351099999999996e-158,309,Metazoa,Arthropoda,Malacostraca,Euphausiacea,Euphausiidae,Euphausia,0,0,TRUE,ASV3017,1,Euphausia pacifica
edna0051,ASV5085,motu3915,Leukoma staminea,Pacific littleneck clam,species,1,NA,NA,NA,3,NA,NA,NA,NA,NA,NA,Leukoma staminea,Pacific littleneck clam,2018_ppo_surface,ppo,beach_seine,2018-07-13,2018-07-11,2018,surface,2,edna_ppo_30,surface,biological,14.4,28.26,8.23,NA,NA,NA,6.5,1000,0,51.65799974,-128.113112,mud,n,100,p,seagrass,zostera,seagrass_mud,zostera_mud,100,1.54896e-146,288,Metazoa,Mollusca,Bivalvia,Venerida,Veneridae,Leukoma,0,0,TRUE,ASV5085,1,Leukoma staminea
edna0051,ASV3903,motu3067,Potential chimera,Potential chimera,species,1,NA,NA,NA,2,NA,NA,NA,NA,NA,NA,Potential chimera,Potential chimera,2018_ppo_surface,ppo,beach_seine,2018-07-13,2018-07-11,2018,surface,2,edna_ppo_30,surface,biological,14.4,28.26,8.23,NA,NA,NA,6.5,1000,0,51.65799974,-128.113112,mud,n,100,p,seagrass,zostera,seagrass_mud,zostera_mud,94.44,0.00380707,30,Metazoa,Arthropoda,Arthropoda,Decapoda,NA,NA,0,0,TRUE,ASV3903,1,Potential chimera
edna0052,ASV25,motu22,Acartia (Acartiura) longiremis,Calanoid copepod,species,1,1,1,1,490,786,216,595,541,NA,496,Acartia (Acartiura) longiremis,Calanoid copepod,2018_ppo_depth,ppo,beach_seine,2018-07-13,2018-07-11,2018,depth,2,edna_ppo_00,depth,biological,11.1,30.58,8.08,NA,NA,NA,6.5,1000,0,51.65821943,-128.113325,mud,n,100,p,seagrass,zostera,seagrass_mud,zostera_mud,100,1.96163e-160,313,Metazoa,Arthropoda,Copepoda,Calanoida,Acartiidae,Acartia,0,0,TRUE,ASV25,27,Acartia (Acartiura) longiremis
edna0052,ASV81,motu71,Acartia (Acartiura) longiremis,Calanoid copepod,species,1,1,NA,1,496,822,NA,141,NA,NA,NA,Acartia (Acartiura) longiremis,Calanoid copepod,2018_ppo_depth,ppo,beach_seine,2018-07-13,2018-07-11,2018,depth,2,edna_ppo_00,depth,biological,11.1,30.58,8.08,NA,NA,NA,6.5,1000,0,51.65821943,-128.113325,mud,n,100,p,seagrass,zostera,seagrass_mud,zostera_mud,100,1.96163e-160,313,Metazoa,Arthropoda,Copepoda,Calanoida,Acartiidae,Acartia,0,0,TRUE,ASV81,23,Acartia (Acartiura) longiremis
edna0052,ASV34,motu31,Centropages abdominalis,Calanoid copepod,species,1,1,1,1,108,234,74,284,167,NA,159,Centropages abdominalis,Calanoid copepod,2018_ppo_depth,ppo,beach_seine,2018-07-13,2018-07-11,2018,depth,2,edna_ppo_00,depth,biological,11.1,30.58,8.08,NA,NA,NA,6.5,1000,0,51.65821943,-128.113325,mud,n,100,p,seagrass,zostera,seagrass_mud,zostera_mud,100,1.96163e-160,313,Metazoa,Arthropoda,Copepoda,Calanoida,Centropagidae,Centropages,0,0,TRUE,ASV34,19,Centropages abdominalis
edna0052,ASV143,motu128,Centropages abdominalis,Calanoid copepod,species,1,1,NA,NA,101,244,NA,NA,NA,NA,NA,Centropages abdominalis,Calanoid copepod,2018_ppo_depth,ppo,beach_seine,2018-07-13,2018-07-11,2018,depth,2,edna_ppo_00,depth,biological,11.1,30.58,8.08,NA,NA,NA,6.5,1000,0,51.65821943,-128.113325,mud,n,100,p,seagrass,zostera,seagrass_mud,zostera_mud,100,1.96163e-160,313,Metazoa,Arthropoda,Copepoda,Calanoida,Centropagidae,Centropages,0,0,TRUE,ASV143,11,Centropages abdominalis
edna0052,ASV171,motu150,Pseudocalanus mimus,Calanoid copepod,species,1,1,1,1,182,325,129,210,193,NA,196,Pseudocalanus mimus,Calanoid copepod,2018_ppo_depth,ppo,beach_seine,2018-07-13,2018-07-11,2018,depth,2,edna_ppo_00,depth,biological,11.1,30.58,8.08,NA,NA,NA,6.5,1000,0,51.65821943,-128.113325,mud,n,100,p,seagrass,zostera,seagrass_mud,zostera_mud,99.67,9.19139e-154,301,Metazoa,Arthropoda,Copepoda,Calanoida,Clausocalanidae,Pseudocalanus,0,0,TRUE,ASV171,10,Pseudocalanus mimus
edna0052,ASV343,motu303,Pseudocalanus mimus,Calanoid copepod,species,1,1,1,1,171,315,19,75,NA,NA,NA,Pseudocalanus mimus,Calanoid copepod,2018_ppo_depth,ppo,beach_seine,2018-07-13,2018-07-11,2018,depth,2,edna_ppo_00,depth,biological,11.1,30.58,8.08,NA,NA,NA,6.5,1000,0,51.65821943,-128.113325,mud,n,100,p,seagrass,zostera,seagrass_mud,zostera_mud,99.67,9.19139e-154,301,Metazoa,Arthropoda,Copepoda,Calanoida,Clausocalanidae,Pseudocalanus,0,0,TRUE,ASV343,11,Pseudocalanus mimus
edna0052,ASV205,motu181,Pseudocalanus mimus,Calanoid copepod,species,1,1,1,1,170,333,172,207,174,NA,165,Pseudocalanus mimus,Calanoid copepod,2018_ppo_depth,ppo,beach_seine,2018-07-13,2018-07-11,2018,depth,2,edna_ppo_00,depth,biological,11.1,30.58,8.08,NA,NA,NA,6.5,1000,0,51.65821943,-128.113325,mud,n,100,p,seagrass,zostera,seagrass_mud,zostera_mud,100,1.18898e-152,299,Metazoa,Arthropoda,Copepoda,Calanoida,Clausocalanidae,Pseudocalanus,0,0,TRUE,ASV205,8,Pseudocalanus mimus
edna0052,ASV416,motu366,Pseudocalanus mimus,Calanoid copepod,species,1,1,NA,1,187,381,NA,61,NA,NA,NA,Pseudocalanus mimus,Calanoid copepod,2018_ppo_depth,ppo,beach_seine,2018-07-13,2018-07-11,2018,depth,2,edna_ppo_00,depth,biological,11.1,30.58,8.08,NA,NA,NA,6.5,1000,0,51.65821943,-128.113325,mud,n,100,p,seagrass,zostera,seagrass_mud,zostera_mud,100,1.18898e-152,299,Metazoa,Arthropoda,Copepoda,Calanoida,Clausocalanidae,Pseudocalanus,0,0,TRUE,ASV416,7,Pseudocalanus mimus
edna0052,ASV377,motu334,Synchaeta pectinata,Rotifer,species,1,1,1,1,162,210,68,113,148,NA,103,Synchaeta pectinata,Rotifer,2018_ppo_depth,ppo,beach_seine,2018-07-13,2018-07-11,2018,depth,2,edna_ppo_00,depth,biological,11.1,30.58,8.08,NA,NA,NA,6.5,1000,0,51.65821943,-128.113325,mud,n,100,p,seagrass,zostera,seagrass_mud,zostera_mud,90.48,1.6452299999999999e-111,225,Metazoa,Rotifera,Eurotatoria,Ploima,Synchaetidae,Synchaeta,0,0,TRUE,ASV377,5,Synchaeta pectinata
edna0052,ASV398,motu350,Synchaeta pectinata,Rotifer,species,1,1,1,1,124,174,74,104,105,NA,113,Synchaeta pectinata,Rotifer,2018_ppo_depth,ppo,beach_seine,2018-07-13,2018-07-11,2018,depth,2,edna_ppo_00,depth,biological,11.1,30.58,8.08,NA,NA,NA,6.5,1000,0,51.65821943,-128.113325,mud,n,100,p,seagrass,zostera,seagrass_mud,zostera_mud,90.48,1.6452299999999999e-111,225,Metazoa,Rotifera,Eurotatoria,Ploima,Synchaetidae,Synchaeta,0,0,TRUE,ASV398,4,Synchaeta pectinata
edna0052,ASV739,motu643,Pseudocalanus mimus,Calanoid copepod,species,1,1,NA,NA,114,187,NA,NA,NA,NA,NA,Pseudocalanus mimus,Calanoid copepod,2018_ppo_depth,ppo,beach_seine,2018-07-13,2018-07-11,2018,depth,2,edna_ppo_00,depth,biological,11.1,30.58,8.08,NA,NA,NA,6.5,1000,0,51.65821943,-128.113325,mud,n,100,p,seagrass,zostera,seagrass_mud,zostera_mud,99.67,9.19139e-154,301,Metazoa,Arthropoda,Copepoda,Calanoida,Clausocalanidae,Pseudocalanus,0,0,TRUE,ASV739,3,Pseudocalanus mimus
edna0052,ASV435,motu383,Pseudocalanus mimus,Calanoid copepod,species,1,1,1,1,89,171,78,94,NA,NA,77,Pseudocalanus mimus,Calanoid copepod,2018_ppo_depth,ppo,beach_seine,2018-07-13,2018-07-11,2018,depth,2,edna_ppo_00,depth,biological,11.1,30.58,8.08,NA,NA,NA,6.5,1000,0,51.65821943,-128.113325,mud,n,100,p,seagrass,zostera,seagrass_mud,zostera_mud,99.67,9.19139e-154,301,Metazoa,Arthropoda,Copepoda,Calanoida,Clausocalanidae,Pseudocalanus,0,0,TRUE,ASV435,4,Pseudocalanus mimus
edna0052,ASV834,motu128,Centropages abdominalis,Calanoid copepod,species,1,1,NA,NA,175,348,NA,NA,NA,NA,NA,Centropages abdominalis,Calanoid copepod,2018_ppo_depth,ppo,beach_seine,2018-07-13,2018-07-11,2018,depth,2,edna_ppo_00,depth,biological,11.1,30.58,8.08,NA,NA,NA,6.5,1000,0,51.65821943,-128.113325,mud,n,100,p,seagrass,zostera,seagrass_mud,zostera_mud,99.68,9.126599999999999e-159,310,Metazoa,Arthropoda,Copepoda,Calanoida,Centropagidae,Centropages,0,0,TRUE,ASV143,11,Centropages abdominalis
edna0052,ASV1793,motu150,Pseudocalanus mimus,Calanoid copepod,species,1,NA,NA,NA,57,NA,NA,NA,NA,NA,NA,Pseudocalanus mimus,Calanoid copepod,2018_ppo_depth,ppo,beach_seine,2018-07-13,2018-07-11,2018,depth,2,edna_ppo_00,depth,biological,11.1,30.58,8.08,NA,NA,NA,6.5,1000,0,51.65821943,-128.113325,mud,n,100,p,seagrass,zostera,seagrass_mud,zostera_mud,100,1.97556e-155,304,Metazoa,Arthropoda,Copepoda,Calanoida,Clausocalanidae,Pseudocalanus,0,0,TRUE,ASV171,10,Pseudocalanus mimus
edna0052,ASV1883,motu303,Pseudocalanus mimus,Calanoid copepod,species,1,NA,NA,NA,89,NA,NA,NA,NA,NA,NA,Pseudocalanus mimus,Calanoid copepod,2018_ppo_depth,ppo,beach_seine,2018-07-13,2018-07-11,2018,depth,2,edna_ppo_00,depth,biological,11.1,30.58,8.08,NA,NA,NA,6.5,1000,0,51.65821943,-128.113325,mud,n,100,p,seagrass,zostera,seagrass_mud,zostera_mud,100,1.97556e-155,304,Metazoa,Arthropoda,Copepoda,Calanoida,Clausocalanidae,Pseudocalanus,0,0,TRUE,ASV343,11,Pseudocalanus mimus
edna0052,ASV365,motu31,Centropages abdominalis,Calanoid copepod,species,1,1,1,1,209,322,120,428,222,NA,247,Centropages abdominalis,Calanoid copepod,2018_ppo_depth,ppo,beach_seine,2018-07-13,2018-07-11,2018,depth,2,edna_ppo_00,depth,biological,11.1,30.58,8.08,NA,NA,NA,6.5,1000,0,51.65821943,-128.113325,mud,n,100,p,seagrass,zostera,seagrass_mud,zostera_mud,99.68,9.126599999999999e-159,310,Metazoa,Arthropoda,Copepoda,Calanoida,Centropagidae,Centropages,0,0,TRUE,ASV34,19,Centropages abdominalis
edna0052,ASV713,motu350,Synchaeta pectinata,Rotifer,species,1,1,1,1,41,92,23,45,47,NA,43,Synchaeta pectinata,Rotifer,2018_ppo_depth,ppo,beach_seine,2018-07-13,2018-07-11,2018,depth,2,edna_ppo_00,depth,biological,11.1,30.58,8.08,NA,NA,NA,6.5,1000,0,51.65821943,-128.113325,mud,n,100,p,seagrass,zostera,seagrass_mud,zostera_mud,90.79,3.5361899999999996e-113,228,Metazoa,Rotifera,Eurotatoria,Ploima,Synchaetidae,Synchaeta,0,0,TRUE,ASV398,4,Synchaeta pectinata
edna0052,ASV791,motu688,Microstomum compositum,Flatworm,species,1,1,1,1,333,536,181,320,297,NA,261,Microstomum compositum,Flatworm,2018_ppo_depth,ppo,beach_seine,2018-07-13,2018-07-11,2018,depth,2,edna_ppo_00,depth,biological,11.1,30.58,8.08,NA,NA,NA,6.5,1000,0,51.65821943,-128.113325,mud,n,100,p,seagrass,zostera,seagrass_mud,zostera_mud,97.96,6.7599699999999975e-140,276,Metazoa,Platyhelminthes,NA,Dolichomicrostomida,Microstomidae,Microstomum,1,0,TRUE,ASV791,1,Microstomum compositum
edna0052,ASV750,motu654,Orobdella,Freshwater leech,genus,1,1,NA,1,30,79,NA,14,NA,NA,NA,Orobdella,Freshwater leech,2018_ppo_depth,ppo,beach_seine,2018-07-13,2018-07-11,2018,depth,2,edna_ppo_00,depth,biological,11.1,30.58,8.08,NA,NA,NA,6.5,1000,0,51.65821943,-128.113325,mud,n,100,p,seagrass,zostera,seagrass_mud,zostera_mud,97.06,0.00121031,31,Metazoa,Annelida,Annelida,Erpobdelliformes,Orobdellidae,Orobdella,NA,NA,TRUE,ASV750,1,NA
edna0052,ASV733,motu637,Phyllodocida,Polychaete,order,1,NA,NA,NA,3,NA,NA,NA,NA,NA,NA,Phyllodocida,Polychaete,2018_ppo_depth,ppo,beach_seine,2018-07-13,2018-07-11,2018,depth,2,edna_ppo_00,depth,biological,11.1,30.58,8.08,NA,NA,NA,6.5,1000,0,51.65821943,-128.113325,mud,n,100,p,seagrass,zostera,seagrass_mud,zostera_mud,100,0.0603188,28,Metazoa,Annelida,Annelida,Phyllodocida,NA,NA,0,0,TRUE,ASV733,1,NA
edna0052,ASV558,motu491,Pseudocalanus mimus,Calanoid copepod,species,1,1,1,1,22,41,21,52,NA,NA,NA,Pseudocalanus mimus,Calanoid copepod,2018_ppo_depth,ppo,beach_seine,2018-07-13,2018-07-11,2018,depth,2,edna_ppo_00,depth,biological,11.1,30.58,8.08,NA,NA,NA,6.5,1000,0,51.65821943,-128.113325,mud,n,100,p,seagrass,zostera,seagrass_mud,zostera_mud,100,7.1053799999999944e-155,303,Metazoa,Arthropoda,Copepoda,Calanoida,Clausocalanidae,Pseudocalanus,0,0,TRUE,ASV558,1,Pseudocalanus mimus
edna0052,ASV670,motu583,Synchaeta triophthalma,Rotifer,species,1,1,1,1,40,61,32,49,39,NA,44,Synchaeta triophthalma,Rotifer,2018_ppo_depth,ppo,beach_seine,2018-07-13,2018-07-11,2018,depth,2,edna_ppo_00,depth,biological,11.1,30.58,8.08,NA,NA,NA,6.5,1000,0,51.65821943,-128.113325,mud,n,100,p,seagrass,zostera,seagrass_mud,zostera_mud,91.99,3.511259999999999e-118,237,Metazoa,Rotifera,Eurotatoria,Ploima,Synchaetidae,Synchaeta,0,0,TRUE,ASV670,4,Synchaeta triophthalma
edna0052,ASV647,motu560,Synchaeta triophthalma,Rotifer,species,1,1,1,1,45,68,22,71,42,NA,46,Synchaeta triophthalma,Rotifer,2018_ppo_depth,ppo,beach_seine,2018-07-13,2018-07-11,2018,depth,2,edna_ppo_00,depth,biological,11.1,30.58,8.08,NA,NA,NA,6.5,1000,0,51.65821943,-128.113325,mud,n,100,p,seagrass,zostera,seagrass_mud,zostera_mud,91.99,3.511259999999999e-118,237,Metazoa,Rotifera,Eurotatoria,Ploima,Synchaetidae,Synchaeta,0,0,TRUE,ASV647,4,Synchaeta triophthalma
edna0052,ASV1059,motu911,Pleurobrachia bachei,Pacific sea gooseberry,species,1,1,1,1,45,63,19,12,32,NA,38,Pleurobrachia bachei,Pacific sea gooseberry,2018_ppo_depth,ppo,beach_seine,2018-07-13,2018-07-11,2018,depth,2,edna_ppo_00,depth,biological,11.1,30.58,8.08,NA,NA,NA,6.5,1000,0,51.65821943,-128.113325,mud,n,100,p,seagrass,zostera,seagrass_mud,zostera_mud,100,1.96163e-160,313,Metazoa,Ctenophora,Tentaculata,Cydippida,Cydippidae,Pleurobrachia,0,0,TRUE,ASV1059,3,Pleurobrachia bachei
edna0052,ASV1070,motu922,Pleurobrachia bachei,Pacific sea gooseberry,species,1,1,1,1,39,62,30,5,37,NA,42,Pleurobrachia bachei,Pacific sea gooseberry,2018_ppo_depth,ppo,beach_seine,2018-07-13,2018-07-11,2018,depth,2,edna_ppo_00,depth,biological,11.1,30.58,8.08,NA,NA,NA,6.5,1000,0,51.65821943,-128.113325,mud,n,100,p,seagrass,zostera,seagrass_mud,zostera_mud,100,1.96163e-160,313,Metazoa,Ctenophora,Tentaculata,Cydippida,Cydippidae,Pleurobrachia,0,0,TRUE,ASV1070,7,Pleurobrachia bachei
edna0052,ASV1046,motu902,Arthropoda,Unknown arthropod,phylum,1,NA,1,1,8,NA,7,6,NA,NA,NA,Arthropoda,Unknown arthropod,2018_ppo_depth,ppo,beach_seine,2018-07-13,2018-07-11,2018,depth,2,edna_ppo_00,depth,biological,11.1,30.58,8.08,NA,NA,NA,6.5,1000,0,51.65821943,-128.113325,mud,n,100,p,seagrass,zostera,seagrass_mud,zostera_mud,94.87,8.78538e-5,33,Metazoa,Arthropoda,NA,NA,NA,NA,NA,NA,TRUE,ASV1046,4,NA
edna0052,ASV1443,motu1220,Orobdella,Freshwater leech,genus,1,NA,NA,NA,41,NA,NA,NA,NA,NA,NA,Orobdella,Freshwater leech,2018_ppo_depth,ppo,beach_seine,2018-07-13,2018-07-11,2018,depth,2,edna_ppo_00,depth,biological,11.1,30.58,8.08,NA,NA,NA,6.5,1000,0,51.65821943,-128.113325,mud,n,100,p,seagrass,zostera,seagrass_mud,zostera_mud,97.06,0.0011939,31,Metazoa,Annelida,Annelida,Erpobdelliformes,Orobdellidae,Orobdella,NA,NA,TRUE,ASV1443,1,NA
edna0052,ASV986,motu856,Microstomum compositum,Flatworm,species,1,1,1,1,105,142,196,337,308,NA,245,Microstomum compositum,Flatworm,2018_ppo_depth,ppo,beach_seine,2018-07-13,2018-07-11,2018,depth,2,edna_ppo_00,depth,biological,11.1,30.58,8.08,NA,NA,NA,6.5,1000,0,51.65821943,-128.113325,mud,n,100,p,seagrass,zostera,seagrass_mud,zostera_mud,97.96,6.7599699999999975e-140,276,Metazoa,Platyhelminthes,NA,Dolichomicrostomida,Microstomidae,Microstomum,1,0,TRUE,ASV986,1,Microstomum compositum
edna0052,ASV2484,motu128,Centropages abdominalis,Calanoid copepod,species,1,1,NA,NA,80,143,NA,NA,NA,NA,NA,Centropages abdominalis,Calanoid copepod,2018_ppo_depth,ppo,beach_seine,2018-07-13,2018-07-11,2018,depth,2,edna_ppo_00,depth,biological,11.1,30.58,8.08,NA,NA,NA,6.5,1000,0,51.65821943,-128.113325,mud,n,100,p,seagrass,zostera,seagrass_mud,zostera_mud,99.68,9.126599999999999e-159,310,Metazoa,Arthropoda,Copepoda,Calanoida,Centropagidae,Centropages,0,0,TRUE,ASV143,11,Centropages abdominalis
edna0052,ASV1515,motu31,Centropages abdominalis,Calanoid copepod,species,1,1,1,1,75,138,61,149,79,NA,82,Centropages abdominalis,Calanoid copepod,2018_ppo_depth,ppo,beach_seine,2018-07-13,2018-07-11,2018,depth,2,edna_ppo_00,depth,biological,11.1,30.58,8.08,NA,NA,NA,6.5,1000,0,51.65821943,-128.113325,mud,n,100,p,seagrass,zostera,seagrass_mud,zostera_mud,99.68,9.126599999999999e-159,310,Metazoa,Arthropoda,Copepoda,Calanoida,Centropagidae,Centropages,0,0,TRUE,ASV34,19,Centropages abdominalis
edna0052,ASV2403,motu150,Pseudocalanus mimus,Calanoid copepod,species,1,1,1,NA,73,127,43,NA,NA,NA,NA,Pseudocalanus mimus,Calanoid copepod,2018_ppo_depth,ppo,beach_seine,2018-07-13,2018-07-11,2018,depth,2,edna_ppo_00,depth,biological,11.1,30.58,8.08,NA,NA,NA,6.5,1000,0,51.65821943,-128.113325,mud,n,100,p,seagrass,zostera,seagrass_mud,zostera_mud,99.34,4.27634e-152,298,Metazoa,Arthropoda,Copepoda,Calanoida,Clausocalanidae,Pseudocalanus,0,0,TRUE,ASV171,10,Pseudocalanus mimus
edna0052,ASV2617,motu303,Pseudocalanus mimus,Calanoid copepod,species,1,1,NA,NA,69,130,NA,NA,NA,NA,NA,Pseudocalanus mimus,Calanoid copepod,2018_ppo_depth,ppo,beach_seine,2018-07-13,2018-07-11,2018,depth,2,edna_ppo_00,depth,biological,11.1,30.58,8.08,NA,NA,NA,6.5,1000,0,51.65821943,-128.113325,mud,n,100,p,seagrass,zostera,seagrass_mud,zostera_mud,99.34,4.27634e-152,298,Metazoa,Arthropoda,Copepoda,Calanoida,Clausocalanidae,Pseudocalanus,0,0,TRUE,ASV343,11,Pseudocalanus mimus
edna0052,ASV2195,motu1812,Corynidae,Athecate hydroid,family,1,NA,NA,1,23,NA,NA,NA,17,NA,NA,Corynidae,Athecate hydroid,2018_ppo_depth,ppo,beach_seine,2018-07-13,2018-07-11,2018,depth,2,edna_ppo_00,depth,biological,11.1,30.58,8.08,NA,NA,NA,6.5,1000,0,51.65821943,-128.113325,mud,n,100,p,seagrass,zostera,seagrass_mud,zostera_mud,94.12,1.5934199999999998e-126,252,Metazoa,Cnidaria,Cnidaria,Anthoathecata,Corynidae,NA,0,0,TRUE,ASV2195,2,NA
edna0052,ASV1587,motu1337,Armandia brevis,Opheliid polychaete,species,1,1,NA,NA,6,10,NA,NA,NA,NA,NA,Armandia brevis,Opheliid polychaete,2018_ppo_depth,ppo,beach_seine,2018-07-13,2018-07-11,2018,depth,2,edna_ppo_00,depth,biological,11.1,30.58,8.08,NA,NA,NA,6.5,1000,0,51.65821943,-128.113325,mud,n,100,p,seagrass,zostera,seagrass_mud,zostera_mud,100,2.1076299999999988e-175,340,Metazoa,Annelida,Polychaeta,NA,Opheliidae,Armandia,0,0,TRUE,ASV1587,2,Armandia brevis
edna0052,ASV2709,motu2195,Halitholus,Athecate hydroid,genus,1,1,NA,NA,16,34,NA,NA,NA,NA,NA,Halitholus,Athecate hydroid,2018_ppo_depth,ppo,beach_seine,2018-07-13,2018-07-11,2018,depth,2,edna_ppo_00,depth,biological,11.1,30.58,8.08,NA,NA,NA,6.5,1000,0,51.65821943,-128.113325,mud,n,100,p,seagrass,zostera,seagrass_mud,zostera_mud,98.72,9.19139e-154,301,Metazoa,Cnidaria,Cnidaria,Anthoathecata,Pandeidae,Halitholus,0,0,TRUE,ASV2709,1,NA
edna0052,ASV1672,motu150,Pseudocalanus mimus,Calanoid copepod,species,1,1,1,1,39,68,35,88,62,NA,77,Pseudocalanus mimus,Calanoid copepod,2018_ppo_depth,ppo,beach_seine,2018-07-13,2018-07-11,2018,depth,2,edna_ppo_00,depth,biological,11.1,30.58,8.08,NA,NA,NA,6.5,1000,0,51.65821943,-128.113325,mud,n,100,p,seagrass,zostera,seagrass_mud,zostera_mud,99.34,4.27634e-152,298,Metazoa,Arthropoda,Copepoda,Calanoida,Clausocalanidae,Pseudocalanus,0,0,TRUE,ASV171,10,Pseudocalanus mimus
edna0052,ASV2392,motu1271,Aequorea,Crystal jelly species,genus,1,1,1,1,35,73,31,33,32,NA,41,Aequorea,Crystal jelly species,2018_ppo_depth,ppo,beach_seine,2018-07-13,2018-07-11,2018,depth,2,edna_ppo_00,depth,biological,11.1,30.58,8.08,NA,NA,NA,6.5,1000,0,51.65821943,-128.113325,mud,n,100,p,seagrass,zostera,seagrass_mud,zostera_mud,99.67,6.925819999999995e-155,303,Metazoa,Cnidaria,Hydrozoa,Leptothecata,Aequoreidae,Aequorea,0,0,TRUE,ASV1506,2,NA
edna0052,ASV3266,motu2608,Arthropoda,Unknown arthropod,phylum,1,NA,NA,NA,5,NA,NA,NA,NA,NA,NA,Arthropoda,Unknown arthropod,2018_ppo_depth,ppo,beach_seine,2018-07-13,2018-07-11,2018,depth,2,edna_ppo_00,depth,biological,11.1,30.58,8.08,NA,NA,NA,6.5,1000,0,51.65821943,-128.113325,mud,n,100,p,seagrass,zostera,seagrass_mud,zostera_mud,100,0.014701,29,Metazoa,Arthropoda,NA,NA,NA,NA,NA,NA,TRUE,ASV3266,1,NA
edna0052,ASV1604,motu1348,Halitholus,Athecate hydroid,genus,1,1,1,1,13,37,10,13,11,NA,26,Halitholus,Athecate hydroid,2018_ppo_depth,ppo,beach_seine,2018-07-13,2018-07-11,2018,depth,2,edna_ppo_00,depth,biological,11.1,30.58,8.08,NA,NA,NA,6.5,1000,0,51.65821943,-128.113325,mud,n,100,p,seagrass,zostera,seagrass_mud,zostera_mud,98.72,9.19139e-154,301,Metazoa,Cnidaria,Cnidaria,Anthoathecata,Pandeidae,Halitholus,0,0,TRUE,ASV1604,2,NA
edna0052,ASV2371,motu1234,Aequorea,Crystal jelly species,genus,1,1,1,1,30,71,35,30,34,NA,51,Aequorea,Crystal jelly species,2018_ppo_depth,ppo,beach_seine,2018-07-13,2018-07-11,2018,depth,2,edna_ppo_00,depth,biological,11.1,30.58,8.08,NA,NA,NA,6.5,1000,0,51.65821943,-128.113325,mud,n,100,p,seagrass,zostera,seagrass_mud,zostera_mud,99.67,6.925819999999995e-155,303,Metazoa,Cnidaria,Hydrozoa,Leptothecata,Aequoreidae,Aequorea,0,0,TRUE,ASV1463,2,NA
edna0053,ASV25,motu22,Acartia (Acartiura) longiremis,Calanoid copepod,species,1,1,1,1,211,475,86,139,225,NA,357,Acartia (Acartiura) longiremis,Calanoid copepod,2018_ppo_surface,ppo,beach_seine,2018-07-13,2018-07-11,2018,surface,3,edna_ppo_15,surface,biological,14.3,28.32,8.32,NA,NA,NA,4.5,1000,0,51.65810573,-128.1131937,mud,n,100,p,seagrass,zostera,seagrass_mud,zostera_mud,100,1.96163e-160,313,Metazoa,Arthropoda,Copepoda,Calanoida,Acartiidae,Acartia,0,0,TRUE,ASV25,27,Acartia (Acartiura) longiremis
edna0053,ASV81,motu71,Acartia (Acartiura) longiremis,Calanoid copepod,species,1,1,NA,NA,316,473,NA,NA,NA,NA,NA,Acartia (Acartiura) longiremis,Calanoid copepod,2018_ppo_surface,ppo,beach_seine,2018-07-13,2018-07-11,2018,surface,3,edna_ppo_15,surface,biological,14.3,28.32,8.32,NA,NA,NA,4.5,1000,0,51.65810573,-128.1131937,mud,n,100,p,seagrass,zostera,seagrass_mud,zostera_mud,100,1.96163e-160,313,Metazoa,Arthropoda,Copepoda,Calanoida,Acartiidae,Acartia,0,0,TRUE,ASV81,23,Acartia (Acartiura) longiremis
edna0053,ASV34,motu31,Centropages abdominalis,Calanoid copepod,species,1,1,1,1,312,646,246,226,245,NA,455,Centropages abdominalis,Calanoid copepod,2018_ppo_surface,ppo,beach_seine,2018-07-13,2018-07-11,2018,surface,3,edna_ppo_15,surface,biological,14.3,28.32,8.32,NA,NA,NA,4.5,1000,0,51.65810573,-128.1131937,mud,n,100,p,seagrass,zostera,seagrass_mud,zostera_mud,100,1.96163e-160,313,Metazoa,Arthropoda,Copepoda,Calanoida,Centropagidae,Centropages,0,0,TRUE,ASV34,19,Centropages abdominalis
edna0053,ASV143,motu128,Centropages abdominalis,Calanoid copepod,species,1,1,NA,NA,327,624,NA,NA,NA,NA,NA,Centropages abdominalis,Calanoid copepod,2018_ppo_surface,ppo,beach_seine,2018-07-13,2018-07-11,2018,surface,3,edna_ppo_15,surface,biological,14.3,28.32,8.32,NA,NA,NA,4.5,1000,0,51.65810573,-128.1131937,mud,n,100,p,seagrass,zostera,seagrass_mud,zostera_mud,100,1.96163e-160,313,Metazoa,Arthropoda,Copepoda,Calanoida,Centropagidae,Centropages,0,0,TRUE,ASV143,11,Centropages abdominalis
edna0053,ASV258,motu228,Lensia,Siphonophore,genus,1,1,NA,NA,55,117,NA,NA,NA,NA,NA,Lensia,Siphonophore,2018_ppo_surface,ppo,beach_seine,2018-07-13,2018-07-11,2018,surface,3,edna_ppo_15,surface,biological,14.3,28.32,8.32,NA,NA,NA,4.5,1000,0,51.65810573,-128.1131937,mud,n,100,p,seagrass,zostera,seagrass_mud,zostera_mud,100,0.00408744,30,Metazoa,Cnidaria,Cnidaria,Siphonophorae,Diphyidae,Lensia,0,0,TRUE,ASV258,1,NA
edna0053,ASV131,motu117,Lensia,Siphonophore,genus,1,1,1,1,53,132,42,133,NA,NA,64,Lensia,Siphonophore,2018_ppo_surface,ppo,beach_seine,2018-07-13,2018-07-11,2018,surface,3,edna_ppo_15,surface,biological,14.3,28.32,8.32,NA,NA,NA,4.5,1000,0,51.65810573,-128.1131937,mud,n,100,p,seagrass,zostera,seagrass_mud,zostera_mud,100,0.00408744,30,Metazoa,Cnidaria,Cnidaria,Siphonophorae,Diphyidae,Lensia,0,0,TRUE,ASV131,2,NA
edna0053,ASV226,motu199,Mytilus trossulus,Bay mussel,species,1,1,1,1,63,64,43,NA,30,NA,NA,Mytilus trossulus,Bay mussel,2018_ppo_surface,ppo,beach_seine,2018-07-13,2018-07-11,2018,surface,3,edna_ppo_15,surface,biological,14.3,28.32,8.32,NA,NA,NA,4.5,1000,0,51.65810573,-128.1131937,mud,n,100,p,seagrass,zostera,seagrass_mud,zostera_mud,100,3.2351099999999996e-158,309,Metazoa,Mollusca,Mollusca,Mytilida,Mytilidae,Mytilus,0,0,TRUE,ASV226,18,Mytilus trossulus
edna0053,ASV216,motu190,Mytilus trossulus,Bay mussel,species,1,1,1,1,56,81,47,NA,36,NA,49,Mytilus trossulus,Bay mussel,2018_ppo_surface,ppo,beach_seine,2018-07-13,2018-07-11,2018,surface,3,edna_ppo_15,surface,biological,14.3,28.32,8.32,NA,NA,NA,4.5,1000,0,51.65810573,-128.1131937,mud,n,100,p,seagrass,zostera,seagrass_mud,zostera_mud,100,3.2351099999999996e-158,309,Metazoa,Mollusca,Mollusca,Mytilida,Mytilidae,Mytilus,0,0,TRUE,ASV216,23,Mytilus trossulus
edna0053,ASV242,motu213,Balanus glandula,Acorn barnacle,species,1,1,NA,1,74,132,NA,NA,NA,NA,109,Balanus glandula,Acorn barnacle,2018_ppo_surface,ppo,beach_seine,2018-07-13,2018-07-11,2018,surface,3,edna_ppo_15,surface,biological,14.3,28.32,8.32,NA,NA,NA,4.5,1000,0,51.65810573,-128.1131937,mud,n,100,p,seagrass,zostera,seagrass_mud,zostera_mud,100,3.2351099999999996e-158,309,Metazoa,Arthropoda,Thecostraca,Balanomorpha,Balanidae,Balanus,0,0,TRUE,ASV242,15,Balanus glandula
edna0053,ASV447,motu394,Balanus glandula,Acorn barnacle,species,1,1,NA,NA,54,117,NA,NA,NA,NA,NA,Balanus glandula,Acorn barnacle,2018_ppo_surface,ppo,beach_seine,2018-07-13,2018-07-11,2018,surface,3,edna_ppo_15,surface,biological,14.3,28.32,8.32,NA,NA,NA,4.5,1000,0,51.65810573,-128.1131937,mud,n,100,p,seagrass,zostera,seagrass_mud,zostera_mud,100,3.2351099999999996e-158,309,Metazoa,Arthropoda,Thecostraca,Balanomorpha,Balanidae,Balanus,0,0,TRUE,ASV447,12,Balanus glandula
edna0053,ASV744,motu648,Evasterias troschelii,False ochre star,species,1,1,NA,NA,4,9,NA,NA,NA,NA,NA,Evasterias troschelii,False ochre star,2018_ppo_surface,ppo,beach_seine,2018-07-13,2018-07-11,2018,surface,3,edna_ppo_15,surface,biological,14.3,28.32,8.32,NA,NA,NA,4.5,1000,0,51.65810573,-128.1131937,mud,n,100,p,seagrass,zostera,seagrass_mud,zostera_mud,100,1.96163e-160,313,Metazoa,Echinodermata,Asteroidea,Forcipulatida,Asteriidae,Evasterias,0,0,TRUE,ASV744,1,Evasterias troschelii
edna0053,ASV467,motu412,Saxidomus,Washington clam species,genus,1,1,1,1,50,56,28,52,31,NA,65,Saxidomus,Washington clam species,2018_ppo_surface,ppo,beach_seine,2018-07-13,2018-07-11,2018,surface,3,edna_ppo_15,surface,biological,14.3,28.32,8.32,NA,NA,NA,4.5,1000,0,51.65810573,-128.1131937,mud,n,100,p,seagrass,zostera,seagrass_mud,zostera_mud,100,1.96163e-160,313,Metazoa,Mollusca,Mollusca,Venerida,Veneridae,Saxidomus,0,0,TRUE,ASV467,12,NA
edna0053,ASV865,motu753,Parastenocarididae,Harpacticoid copepod,family,1,1,NA,NA,23,65,NA,NA,NA,NA,NA,Parastenocarididae,Harpacticoid copepod,2018_ppo_surface,ppo,beach_seine,2018-07-13,2018-07-11,2018,surface,3,edna_ppo_15,surface,biological,14.3,28.32,8.32,NA,NA,NA,4.5,1000,0,51.65810573,-128.1131937,mud,n,100,p,seagrass,zostera,seagrass_mud,zostera_mud,94.59,0.00408744,30,Metazoa,Arthropoda,Arthropoda,Harpacticoida,Parastenocarididae,NA,1,0,TRUE,ASV865,1,NA
edna0053,ASV637,motu554,Alia carinata,Carinate dove shell,species,1,1,1,1,291,528,112,9,186,NA,276,Alia carinata,Carinate dove shell,2018_ppo_surface,ppo,beach_seine,2018-07-13,2018-07-11,2018,surface,3,edna_ppo_15,surface,biological,14.3,28.32,8.32,NA,NA,NA,4.5,1000,0,51.65810573,-128.1131937,mud,n,100,p,seagrass,zostera,seagrass_mud,zostera_mud,100,3.2351099999999996e-158,309,Metazoa,Mollusca,Gastropoda,Neogastropoda,Columbellidae,Alia,0,0,TRUE,ASV637,1,Alia carinata
edna0053,ASV1020,motu882,Alia carinata,Carinate dove shell,species,1,1,NA,NA,279,549,NA,NA,NA,NA,NA,Alia carinata,Carinate dove shell,2018_ppo_surface,ppo,beach_seine,2018-07-13,2018-07-11,2018,surface,3,edna_ppo_15,surface,biological,14.3,28.32,8.32,NA,NA,NA,4.5,1000,0,51.65810573,-128.1131937,mud,n,100,p,seagrass,zostera,seagrass_mud,zostera_mud,100,3.2351099999999996e-158,309,Metazoa,Mollusca,Gastropoda,Neogastropoda,Columbellidae,Alia,0,0,TRUE,ASV1020,1,Alia carinata
edna0053,ASV920,motu800,Polymorphidae,Thorny headed worm,family,1,NA,NA,NA,6,NA,NA,NA,NA,NA,NA,Polymorphidae,Thorny headed worm,2018_ppo_surface,ppo,beach_seine,2018-07-13,2018-07-11,2018,surface,3,edna_ppo_15,surface,biological,14.3,28.32,8.32,NA,NA,NA,4.5,1000,0,51.65810573,-128.1131937,mud,n,100,p,seagrass,zostera,seagrass_mud,zostera_mud,94.87,8.37307e-5,33,Metazoa,Acanthocephala,Acanthocephala,Polymorphida,Polymorphidae,NA,0,0,TRUE,ASV920,3,NA
edna0053,ASV670,motu583,Synchaeta triophthalma,Rotifer,species,1,1,1,1,9,15,9,NA,7,NA,8,Synchaeta triophthalma,Rotifer,2018_ppo_surface,ppo,beach_seine,2018-07-13,2018-07-11,2018,surface,3,edna_ppo_15,surface,biological,14.3,28.32,8.32,NA,NA,NA,4.5,1000,0,51.65810573,-128.1131937,mud,n,100,p,seagrass,zostera,seagrass_mud,zostera_mud,91.99,3.511259999999999e-118,237,Metazoa,Rotifera,Eurotatoria,Ploima,Synchaetidae,Synchaeta,0,0,TRUE,ASV670,4,Synchaeta triophthalma
edna0053,ASV647,motu560,Synchaeta triophthalma,Rotifer,species,1,1,1,1,7,15,13,5,7,NA,11,Synchaeta triophthalma,Rotifer,2018_ppo_surface,ppo,beach_seine,2018-07-13,2018-07-11,2018,surface,3,edna_ppo_15,surface,biological,14.3,28.32,8.32,NA,NA,NA,4.5,1000,0,51.65810573,-128.1131937,mud,n,100,p,seagrass,zostera,seagrass_mud,zostera_mud,91.99,3.511259999999999e-118,237,Metazoa,Rotifera,Eurotatoria,Ploima,Synchaetidae,Synchaeta,0,0,TRUE,ASV647,4,Synchaeta triophthalma
edna0053,ASV1029,motu891,Lottia scutum,Plate limpet,species,1,1,1,1,158,251,39,141,91,NA,153,Lottia scutum,Plate limpet,2018_ppo_surface,ppo,beach_seine,2018-07-13,2018-07-11,2018,surface,3,edna_ppo_15,surface,biological,14.3,28.32,8.32,NA,NA,NA,4.5,1000,0,51.65810573,-128.1131937,mud,n,100,p,seagrass,zostera,seagrass_mud,zostera_mud,100,3.150669999999998e-153,300,Metazoa,Mollusca,Mollusca,NA,Lottiidae,Lottia,0,0,TRUE,ASV1029,1,Lottia scutum
edna0053,ASV1585,motu1335,Lottia scutum,Plate limpet,species,1,1,NA,NA,155,265,NA,NA,NA,NA,NA,Lottia scutum,Plate limpet,2018_ppo_surface,ppo,beach_seine,2018-07-13,2018-07-11,2018,surface,3,edna_ppo_15,surface,biological,14.3,28.32,8.32,NA,NA,NA,4.5,1000,0,51.65810573,-128.1131937,mud,n,100,p,seagrass,zostera,seagrass_mud,zostera_mud,100,3.150669999999998e-153,300,Metazoa,Mollusca,Mollusca,NA,Lottiidae,Lottia,0,0,TRUE,ASV1585,1,Lottia scutum
edna0053,ASV679,motu591,Phyllodocida,Polychaete,order,1,1,NA,NA,10,11,NA,NA,NA,NA,NA,Phyllodocida,Polychaete,2018_ppo_surface,ppo,beach_seine,2018-07-13,2018-07-11,2018,surface,3,edna_ppo_15,surface,biological,14.3,28.32,8.32,NA,NA,NA,4.5,1000,0,51.65810573,-128.1131937,mud,n,100,p,seagrass,zostera,seagrass_mud,zostera_mud,100,0.0603188,28,Metazoa,Annelida,Annelida,Phyllodocida,NA,NA,0,0,TRUE,ASV679,1,NA
edna0053,ASV1040,motu897,Oithona similis,Cyclopoid copepod,species,1,NA,NA,NA,8,NA,NA,NA,NA,NA,NA,Oithona similis,Cyclopoid copepod,2018_ppo_surface,ppo,beach_seine,2018-07-13,2018-07-11,2018,surface,3,edna_ppo_15,surface,biological,14.3,28.32,8.32,NA,NA,NA,4.5,1000,0,51.65810573,-128.1131937,mud,n,100,p,seagrass,zostera,seagrass_mud,zostera_mud,96.17,2.0179399999999996e-140,277,Metazoa,Arthropoda,Copepoda,Cyclopoida,Oithonidae,Oithona,0,0,TRUE,ASV1040,1,Oithona similis
edna0053,ASV1635,motu394,Balanus glandula,Acorn barnacle,species,1,1,NA,NA,49,97,NA,NA,NA,NA,NA,Balanus glandula,Acorn barnacle,2018_ppo_surface,ppo,beach_seine,2018-07-13,2018-07-11,2018,surface,3,edna_ppo_15,surface,biological,14.3,28.32,8.32,NA,NA,NA,4.5,1000,0,51.65810573,-128.1131937,mud,n,100,p,seagrass,zostera,seagrass_mud,zostera_mud,99.68,1.5051499999999994e-156,306,Metazoa,Arthropoda,Thecostraca,Balanomorpha,Balanidae,Balanus,0,0,TRUE,ASV447,12,Balanus glandula
edna0053,ASV966,motu213,Balanus glandula,Acorn barnacle,species,1,1,NA,1,48,93,NA,NA,47,NA,NA,Balanus glandula,Acorn barnacle,2018_ppo_surface,ppo,beach_seine,2018-07-13,2018-07-11,2018,surface,3,edna_ppo_15,surface,biological,14.3,28.32,8.32,NA,NA,NA,4.5,1000,0,51.65810573,-128.1131937,mud,n,100,p,seagrass,zostera,seagrass_mud,zostera_mud,99.68,1.5051499999999994e-156,306,Metazoa,Arthropoda,Thecostraca,Balanomorpha,Balanidae,Balanus,0,0,TRUE,ASV242,15,Balanus glandula
edna0053,ASV1137,motu976,Metridia pacifica,Calanoid copepod,species,1,1,1,1,115,227,94,69,59,NA,133,Metridia pacifica,Calanoid copepod,2018_ppo_surface,ppo,beach_seine,2018-07-13,2018-07-11,2018,surface,3,edna_ppo_15,surface,biological,14.3,28.32,8.32,NA,NA,NA,4.5,1000,0,51.65810573,-128.1131937,mud,n,100,p,seagrass,zostera,seagrass_mud,zostera_mud,100,1.96163e-160,313,Metazoa,Arthropoda,Copepoda,Calanoida,Metridinidae,Metridia,0,0,TRUE,ASV1137,4,Metridia pacifica
edna0053,ASV1555,motu1310,Metridia pacifica,Calanoid copepod,species,1,1,NA,1,98,208,NA,74,NA,NA,NA,Metridia pacifica,Calanoid copepod,2018_ppo_surface,ppo,beach_seine,2018-07-13,2018-07-11,2018,surface,3,edna_ppo_15,surface,biological,14.3,28.32,8.32,NA,NA,NA,4.5,1000,0,51.65810573,-128.1131937,mud,n,100,p,seagrass,zostera,seagrass_mud,zostera_mud,100,1.96163e-160,313,Metazoa,Arthropoda,Copepoda,Calanoida,Metridinidae,Metridia,0,0,TRUE,ASV1555,6,Metridia pacifica
edna0053,ASV1569,motu1322,Clinocardium nuttallii,Basket cockle,species,1,1,1,1,7,10,6,NA,NA,NA,9,Clinocardium nuttallii,Basket cockle,2018_ppo_surface,ppo,beach_seine,2018-07-13,2018-07-11,2018,surface,3,edna_ppo_15,surface,biological,14.3,28.32,8.32,NA,NA,NA,4.5,1000,0,51.65810573,-128.1131937,mud,n,100,p,seagrass,zostera,seagrass_mud,zostera_mud,100,2.4540699999999983e-154,302,Metazoa,Mollusca,Bivalvia,Cardiida,Cardiidae,Clinocardium,0,0,TRUE,ASV1569,2,Clinocardium nuttallii
edna0053,ASV1570,motu1323,Pleurobrachia bachei,Pacific sea gooseberry,species,1,1,1,1,9,21,6,NA,NA,NA,21,Pleurobrachia bachei,Pacific sea gooseberry,2018_ppo_surface,ppo,beach_seine,2018-07-13,2018-07-11,2018,surface,3,edna_ppo_15,surface,biological,14.3,28.32,8.32,NA,NA,NA,4.5,1000,0,51.65810573,-128.1131937,mud,n,100,p,seagrass,zostera,seagrass_mud,zostera_mud,99.68,9.126599999999999e-159,310,Metazoa,Ctenophora,Tentaculata,Cydippida,Cydippidae,Pleurobrachia,0,0,TRUE,ASV1570,1,Pleurobrachia bachei
edna0053,ASV1813,motu213,Balanus glandula,Acorn barnacle,species,1,1,1,1,52,103,43,NA,113,NA,129,Balanus glandula,Acorn barnacle,2018_ppo_surface,ppo,beach_seine,2018-07-13,2018-07-11,2018,surface,3,edna_ppo_15,surface,biological,14.3,28.32,8.32,NA,NA,NA,4.5,1000,0,51.65810573,-128.1131937,mud,n,100,p,seagrass,zostera,seagrass_mud,zostera_mud,99.68,1.5051499999999994e-156,306,Metazoa,Arthropoda,Thecostraca,Balanomorpha,Balanidae,Balanus,0,0,TRUE,ASV242,15,Balanus glandula
edna0053,ASV2952,motu394,Balanus glandula,Acorn barnacle,species,1,1,NA,NA,48,103,NA,NA,NA,NA,NA,Balanus glandula,Acorn barnacle,2018_ppo_surface,ppo,beach_seine,2018-07-13,2018-07-11,2018,surface,3,edna_ppo_15,surface,biological,14.3,28.32,8.32,NA,NA,NA,4.5,1000,0,51.65810573,-128.1131937,mud,n,100,p,seagrass,zostera,seagrass_mud,zostera_mud,99.68,1.5051499999999994e-156,306,Metazoa,Arthropoda,Thecostraca,Balanomorpha,Balanidae,Balanus,0,0,TRUE,ASV447,12,Balanus glandula
edna0053,ASV3001,motu22,Acartia (Acartiura) longiremis,Calanoid copepod,species,1,1,NA,NA,45,99,NA,NA,NA,NA,NA,Acartia (Acartiura) longiremis,Calanoid copepod,2018_ppo_surface,ppo,beach_seine,2018-07-13,2018-07-11,2018,surface,3,edna_ppo_15,surface,biological,14.3,28.32,8.32,NA,NA,NA,4.5,1000,0,51.65810573,-128.1131937,mud,n,100,p,seagrass,zostera,seagrass_mud,zostera_mud,99.68,9.126599999999999e-159,310,Metazoa,Arthropoda,Copepoda,Calanoida,Acartiidae,Acartia,0,0,TRUE,ASV25,27,Acartia (Acartiura) longiremis
edna0053,ASV3416,motu394,Balanus glandula,Acorn barnacle,species,1,1,NA,NA,41,66,NA,NA,NA,NA,NA,Balanus glandula,Acorn barnacle,2018_ppo_surface,ppo,beach_seine,2018-07-13,2018-07-11,2018,surface,3,edna_ppo_15,surface,biological,14.3,28.32,8.32,NA,NA,NA,4.5,1000,0,51.65810573,-128.1131937,mud,n,100,p,seagrass,zostera,seagrass_mud,zostera_mud,99.35,7.002779999999996e-155,303,Metazoa,Arthropoda,Thecostraca,Balanomorpha,Balanidae,Balanus,0,0,TRUE,ASV447,12,Balanus glandula
edna0053,ASV3232,motu334,Synchaeta pectinata,Rotifer,species,1,NA,NA,NA,12,NA,NA,NA,NA,NA,NA,Synchaeta pectinata,Rotifer,2018_ppo_surface,ppo,beach_seine,2018-07-13,2018-07-11,2018,surface,3,edna_ppo_15,surface,biological,14.3,28.32,8.32,NA,NA,NA,4.5,1000,0,51.65810573,-128.1131937,mud,n,100,p,seagrass,zostera,seagrass_mud,zostera_mud,90.16,7.65451e-110,222,Metazoa,Rotifera,Eurotatoria,Ploima,Synchaetidae,Synchaeta,0,0,TRUE,ASV377,5,Synchaeta pectinata
edna0053,ASV3171,motu2538,Semibalanus balanoides,Common rock barnacle,species,1,1,NA,NA,9,18,NA,NA,NA,NA,NA,Semibalanus balanoides,Common rock barnacle,2018_ppo_surface,ppo,beach_seine,2018-07-13,2018-07-11,2018,surface,3,edna_ppo_15,surface,biological,14.3,28.32,8.32,NA,NA,NA,4.5,1000,0,51.65810573,-128.1131937,mud,n,100,p,seagrass,zostera,seagrass_mud,zostera_mud,100,1.96163e-160,313,Metazoa,Arthropoda,Thecostraca,Balanomorpha,Balanidae,Semibalanus,0,0,TRUE,ASV3171,1,Semibalanus balanoides
edna0053,ASV2315,motu213,Balanus glandula,Acorn barnacle,species,1,1,1,1,34,77,35,NA,38,NA,80,Balanus glandula,Acorn barnacle,2018_ppo_surface,ppo,beach_seine,2018-07-13,2018-07-11,2018,surface,3,edna_ppo_15,surface,biological,14.3,28.32,8.32,NA,NA,NA,4.5,1000,0,51.65810573,-128.1131937,mud,n,100,p,seagrass,zostera,seagrass_mud,zostera_mud,99.35,7.002779999999996e-155,303,Metazoa,Arthropoda,Thecostraca,Balanomorpha,Balanidae,Balanus,0,0,TRUE,ASV242,15,Balanus glandula
edna0053,ASV3351,motu22,Acartia (Acartiura) longiremis,Calanoid copepod,species,1,1,NA,NA,33,79,NA,NA,NA,NA,NA,Acartia (Acartiura) longiremis,Calanoid copepod,2018_ppo_surface,ppo,beach_seine,2018-07-13,2018-07-11,2018,surface,3,edna_ppo_15,surface,biological,14.3,28.32,8.32,NA,NA,NA,4.5,1000,0,51.65810573,-128.1131937,mud,n,100,p,seagrass,zostera,seagrass_mud,zostera_mud,99.68,9.126599999999999e-159,310,Metazoa,Arthropoda,Copepoda,Calanoida,Acartiidae,Acartia,0,0,TRUE,ASV25,27,Acartia (Acartiura) longiremis
edna0053,ASV3048,motu2456,Semibalanus balanoides,Common rock barnacle,species,1,1,NA,1,13,25,NA,NA,NA,NA,10,Semibalanus balanoides,Common rock barnacle,2018_ppo_surface,ppo,beach_seine,2018-07-13,2018-07-11,2018,surface,3,edna_ppo_15,surface,biological,14.3,28.32,8.32,NA,NA,NA,4.5,1000,0,51.65810573,-128.1131937,mud,n,100,p,seagrass,zostera,seagrass_mud,zostera_mud,100,1.96163e-160,313,Metazoa,Arthropoda,Thecostraca,Balanomorpha,Balanidae,Semibalanus,0,0,TRUE,ASV3048,1,Semibalanus balanoides
edna0053,ASV2376,motu1949,Euphausia pacifica,North Pacific krill,species,1,1,1,1,6,10,3,NA,NA,NA,12,Euphausia pacifica,North Pacific krill,2018_ppo_surface,ppo,beach_seine,2018-07-13,2018-07-11,2018,surface,3,edna_ppo_15,surface,biological,14.3,28.32,8.32,NA,NA,NA,4.5,1000,0,51.65810573,-128.1131937,mud,n,100,p,seagrass,zostera,seagrass_mud,zostera_mud,100,3.2351099999999996e-158,309,Metazoa,Arthropoda,Malacostraca,Euphausiacea,Euphausiidae,Euphausia,0,0,TRUE,ASV2376,1,Euphausia pacifica
edna0053,ASV5661,motu748,Saxidomus gigantea,Butter clam,species,1,NA,NA,NA,24,NA,NA,NA,NA,NA,NA,Saxidomus,Washington clam species,2018_ppo_surface,ppo,beach_seine,2018-07-13,2018-07-11,2018,surface,3,edna_ppo_15,surface,biological,14.3,28.32,8.32,NA,NA,NA,4.5,1000,0,51.65810573,-128.1131937,mud,n,100,p,seagrass,zostera,seagrass_mud,zostera_mud,99.68,9.126599999999999e-159,310,Metazoa,Mollusca,Mollusca,Venerida,Veneridae,Saxidomus,0,0,TRUE,ASV860,4,Saxidomus gigantea
edna0053,ASV3531,motu350,Synchaeta pectinata,Rotifer,species,1,1,NA,1,12,11,NA,2,NA,NA,NA,Synchaeta pectinata,Rotifer,2018_ppo_surface,ppo,beach_seine,2018-07-13,2018-07-11,2018,surface,3,edna_ppo_15,surface,biological,14.3,28.32,8.32,NA,NA,NA,4.5,1000,0,51.65810573,-128.1131937,mud,n,100,p,seagrass,zostera,seagrass_mud,zostera_mud,90.16,7.65451e-110,222,Metazoa,Rotifera,Eurotatoria,Ploima,Synchaetidae,Synchaeta,0,0,TRUE,ASV398,4,Synchaeta pectinata
edna0054,ASV25,motu22,Acartia (Acartiura) longiremis,Calanoid copepod,species,1,1,1,1,492,1070,252,792,873,NA,370,Acartia (Acartiura) longiremis,Calanoid copepod,2018_ppo_depth,ppo,beach_seine,2018-07-13,2018-07-11,2018,depth,3,edna_ppo_30,depth,biological,11.3,30.35,8.1,NA,NA,NA,4.5,1000,0,51.65799974,-128.113112,mud,n,100,p,seagrass,zostera,seagrass_mud,zostera_mud,100,1.96163e-160,313,Metazoa,Arthropoda,Copepoda,Calanoida,Acartiidae,Acartia,0,0,TRUE,ASV25,27,Acartia (Acartiura) longiremis
edna0054,ASV81,motu71,Acartia (Acartiura) longiremis,Calanoid copepod,species,1,1,1,1,457,994,33,171,50,NA,NA,Acartia (Acartiura) longiremis,Calanoid copepod,2018_ppo_depth,ppo,beach_seine,2018-07-13,2018-07-11,2018,depth,3,edna_ppo_30,depth,biological,11.3,30.35,8.1,NA,NA,NA,4.5,1000,0,51.65799974,-128.113112,mud,n,100,p,seagrass,zostera,seagrass_mud,zostera_mud,100,1.96163e-160,313,Metazoa,Arthropoda,Copepoda,Calanoida,Acartiidae,Acartia,0,0,TRUE,ASV81,23,Acartia (Acartiura) longiremis
edna0054,ASV34,motu31,Centropages abdominalis,Calanoid copepod,species,1,NA,1,1,9,NA,6,12,NA,NA,NA,Centropages abdominalis,Calanoid copepod,2018_ppo_depth,ppo,beach_seine,2018-07-13,2018-07-11,2018,depth,3,edna_ppo_30,depth,biological,11.3,30.35,8.1,NA,NA,NA,4.5,1000,0,51.65799974,-128.113112,mud,n,100,p,seagrass,zostera,seagrass_mud,zostera_mud,100,1.96163e-160,313,Metazoa,Arthropoda,Copepoda,Calanoida,Centropagidae,Centropages,0,0,TRUE,ASV34,19,Centropages abdominalis
edna0054,ASV258,motu228,Lensia,Siphonophore,genus,1,1,NA,NA,20,56,NA,NA,NA,NA,NA,Lensia,Siphonophore,2018_ppo_depth,ppo,beach_seine,2018-07-13,2018-07-11,2018,depth,3,edna_ppo_30,depth,biological,11.3,30.35,8.1,NA,NA,NA,4.5,1000,0,51.65799974,-128.113112,mud,n,100,p,seagrass,zostera,seagrass_mud,zostera_mud,100,0.00408744,30,Metazoa,Cnidaria,Cnidaria,Siphonophorae,Diphyidae,Lensia,0,0,TRUE,ASV258,1,NA
edna0054,ASV171,motu150,Pseudocalanus mimus,Calanoid copepod,species,1,1,1,1,97,180,69,189,149,NA,109,Pseudocalanus mimus,Calanoid copepod,2018_ppo_depth,ppo,beach_seine,2018-07-13,2018-07-11,2018,depth,3,edna_ppo_30,depth,biological,11.3,30.35,8.1,NA,NA,NA,4.5,1000,0,51.65799974,-128.113112,mud,n,100,p,seagrass,zostera,seagrass_mud,zostera_mud,99.67,9.19139e-154,301,Metazoa,Arthropoda,Copepoda,Calanoida,Clausocalanidae,Pseudocalanus,0,0,TRUE,ASV171,10,Pseudocalanus mimus
edna0054,ASV343,motu303,Pseudocalanus mimus,Calanoid copepod,species,1,1,NA,NA,116,206,NA,NA,NA,NA,NA,Pseudocalanus mimus,Calanoid copepod,2018_ppo_depth,ppo,beach_seine,2018-07-13,2018-07-11,2018,depth,3,edna_ppo_30,depth,biological,11.3,30.35,8.1,NA,NA,NA,4.5,1000,0,51.65799974,-128.113112,mud,n,100,p,seagrass,zostera,seagrass_mud,zostera_mud,99.67,9.19139e-154,301,Metazoa,Arthropoda,Copepoda,Calanoida,Clausocalanidae,Pseudocalanus,0,0,TRUE,ASV343,11,Pseudocalanus mimus
edna0054,ASV377,motu334,Synchaeta pectinata,Rotifer,species,1,1,1,1,94,96,47,83,78,NA,73,Synchaeta pectinata,Rotifer,2018_ppo_depth,ppo,beach_seine,2018-07-13,2018-07-11,2018,depth,3,edna_ppo_30,depth,biological,11.3,30.35,8.1,NA,NA,NA,4.5,1000,0,51.65799974,-128.113112,mud,n,100,p,seagrass,zostera,seagrass_mud,zostera_mud,90.48,1.6452299999999999e-111,225,Metazoa,Rotifera,Eurotatoria,Ploima,Synchaetidae,Synchaeta,0,0,TRUE,ASV377,5,Synchaeta pectinata
edna0054,ASV398,motu350,Synchaeta pectinata,Rotifer,species,1,1,1,1,68,98,35,74,75,NA,41,Synchaeta pectinata,Rotifer,2018_ppo_depth,ppo,beach_seine,2018-07-13,2018-07-11,2018,depth,3,edna_ppo_30,depth,biological,11.3,30.35,8.1,NA,NA,NA,4.5,1000,0,51.65799974,-128.113112,mud,n,100,p,seagrass,zostera,seagrass_mud,zostera_mud,90.48,1.6452299999999999e-111,225,Metazoa,Rotifera,Eurotatoria,Ploima,Synchaetidae,Synchaeta,0,0,TRUE,ASV398,4,Synchaeta pectinata
edna0054,ASV920,motu800,Polymorphidae,Thorny headed worm,family,1,1,1,1,32,55,26,31,35,NA,23,Polymorphidae,Thorny headed worm,2018_ppo_depth,ppo,beach_seine,2018-07-13,2018-07-11,2018,depth,3,edna_ppo_30,depth,biological,11.3,30.35,8.1,NA,NA,NA,4.5,1000,0,51.65799974,-128.113112,mud,n,100,p,seagrass,zostera,seagrass_mud,zostera_mud,94.87,8.37307e-5,33,Metazoa,Acanthocephala,Acanthocephala,Polymorphida,Polymorphidae,NA,0,0,TRUE,ASV920,3,NA
edna0054,ASV1228,motu71,Acartia (Acartiura) longiremis,Calanoid copepod,species,1,1,NA,1,63,130,NA,18,1,NA,NA,Acartia (Acartiura) longiremis,Calanoid copepod,2018_ppo_depth,ppo,beach_seine,2018-07-13,2018-07-11,2018,depth,3,edna_ppo_30,depth,biological,11.3,30.35,8.1,NA,NA,NA,4.5,1000,0,51.65799974,-128.113112,mud,n,100,p,seagrass,zostera,seagrass_mud,zostera_mud,99.68,9.126599999999999e-159,310,Metazoa,Arthropoda,Copepoda,Calanoida,Acartiidae,Acartia,0,0,TRUE,ASV81,23,Acartia (Acartiura) longiremis
edna0054,ASV1712,motu1430,Cistenides granulata,Trumpet worm,species,1,1,NA,NA,33,40,NA,NA,NA,NA,NA,Cistenides granulata,Trumpet worm,2018_ppo_depth,ppo,beach_seine,2018-07-13,2018-07-11,2018,depth,3,edna_ppo_30,depth,biological,11.3,30.35,8.1,NA,NA,NA,4.5,1000,0,51.65799974,-128.113112,mud,n,100,p,seagrass,zostera,seagrass_mud,zostera_mud,100,1.96163e-160,313,Metazoa,Annelida,Polychaeta,Terebellida,Pectinariidae,Pectinaria,0,0,TRUE,ASV1712,1,Cistenides granulata
edna0054,ASV3066,motu281,Pseudocalanus newmani,Calanoid copepod,species,1,NA,NA,NA,137,NA,NA,NA,NA,NA,NA,Pseudocalanus newmani,Calanoid copepod,2018_ppo_depth,ppo,beach_seine,2018-07-13,2018-07-11,2018,depth,3,edna_ppo_30,depth,biological,11.3,30.35,8.1,NA,NA,NA,4.5,1000,0,51.65799974,-128.113112,mud,n,100,p,seagrass,zostera,seagrass_mud,zostera_mud,99.36,4.246189999999999e-157,307,Metazoa,Arthropoda,Copepoda,Calanoida,Clausocalanidae,Pseudocalanus,0,0,TRUE,ASV320,6,Pseudocalanus newmani
edna0054,ASV2302,motu1896,Membranipora membranacea,Coffin box bryozoan,species,1,1,NA,NA,99,168,NA,NA,NA,NA,NA,Membranipora membranacea,Coffin box bryozoan,2018_ppo_depth,ppo,beach_seine,2018-07-13,2018-07-11,2018,depth,3,edna_ppo_30,depth,biological,11.3,30.35,8.1,NA,NA,NA,4.5,1000,0,51.65799974,-128.113112,mud,n,100,p,seagrass,zostera,seagrass_mud,zostera_mud,100,5.610619999999999e-141,278,Metazoa,Bryozoa,Gymnolaemata,Cheilostomatida,Membraniporidae,Membranipora,0,0,TRUE,ASV2302,3,Membranipora membranacea
edna0054,ASV1410,motu1191,Membranipora membranacea,Coffin box bryozoan,species,1,1,1,1,93,168,43,174,159,NA,97,Membranipora membranacea,Coffin box bryozoan,2018_ppo_depth,ppo,beach_seine,2018-07-13,2018-07-11,2018,depth,3,edna_ppo_30,depth,biological,11.3,30.35,8.1,NA,NA,NA,4.5,1000,0,51.65799974,-128.113112,mud,n,100,p,seagrass,zostera,seagrass_mud,zostera_mud,100,5.610619999999999e-141,278,Metazoa,Bryozoa,Gymnolaemata,Cheilostomatida,Membraniporidae,Membranipora,0,0,TRUE,ASV1410,2,Membranipora membranacea
edna0054,ASV2651,motu2153,Clinocardium nuttallii,Basket cockle,species,1,1,NA,NA,9,10,NA,NA,NA,NA,NA,Clinocardium nuttallii,Basket cockle,2018_ppo_depth,ppo,beach_seine,2018-07-13,2018-07-11,2018,depth,3,edna_ppo_30,depth,biological,11.3,30.35,8.1,NA,NA,NA,4.5,1000,0,51.65799974,-128.113112,mud,n,100,p,seagrass,zostera,seagrass_mud,zostera_mud,100,2.4540699999999983e-154,302,Metazoa,Mollusca,Bivalvia,Cardiida,Cardiidae,Clinocardium,0,0,TRUE,ASV2651,1,Clinocardium nuttallii
edna0054,ASV1570,motu1323,Pleurobrachia bachei,Pacific sea gooseberry,species,1,1,1,1,14,24,11,13,8,NA,6,Pleurobrachia bachei,Pacific sea gooseberry,2018_ppo_depth,ppo,beach_seine,2018-07-13,2018-07-11,2018,depth,3,edna_ppo_30,depth,biological,11.3,30.35,8.1,NA,NA,NA,4.5,1000,0,51.65799974,-128.113112,mud,n,100,p,seagrass,zostera,seagrass_mud,zostera_mud,99.68,9.126599999999999e-159,310,Metazoa,Ctenophora,Tentaculata,Cydippida,Cydippidae,Pleurobrachia,0,0,TRUE,ASV1570,1,Pleurobrachia bachei
edna0054,ASV3029,motu2441,Corynidae,Athecate hydroid,family,1,1,NA,NA,17,36,NA,NA,NA,NA,NA,Corynidae,Athecate hydroid,2018_ppo_depth,ppo,beach_seine,2018-07-13,2018-07-11,2018,depth,3,edna_ppo_30,depth,biological,11.3,30.35,8.1,NA,NA,NA,4.5,1000,0,51.65799974,-128.113112,mud,n,100,p,seagrass,zostera,seagrass_mud,zostera_mud,94.12,1.5934199999999998e-126,252,Metazoa,Cnidaria,Cnidaria,Anthoathecata,Corynidae,NA,0,0,TRUE,ASV3029,2,NA
edna0054,ASV2925,motu2360,Corynidae,Athecate hydroid,family,1,1,NA,1,20,27,NA,NA,10,NA,NA,Corynidae,Athecate hydroid,2018_ppo_depth,ppo,beach_seine,2018-07-13,2018-07-11,2018,depth,3,edna_ppo_30,depth,biological,11.3,30.35,8.1,NA,NA,NA,4.5,1000,0,51.65799974,-128.113112,mud,n,100,p,seagrass,zostera,seagrass_mud,zostera_mud,93.79,7.41348e-125,249,Metazoa,Cnidaria,Cnidaria,Anthoathecata,Corynidae,NA,0,0,TRUE,ASV2925,2,NA
edna0055,ASV25,motu22,Acartia (Acartiura) longiremis,Calanoid copepod,species,1,1,1,1,82,186,51,167,139,NA,155,Acartia (Acartiura) longiremis,Calanoid copepod,2018_hdo_surface,hdo,beach_seine,2018-07-13,2018-07-11,2018,surface,1,edna_hdo_00,surface,biological,15.1,27.77,8.23,NA,NA,NA,4.8,1000,0,51.65501227,-128.1295942,mud,n,320,p,seagrass,zostera,seagrass_mud,zostera_mud,100,1.96163e-160,313,Metazoa,Arthropoda,Copepoda,Calanoida,Acartiidae,Acartia,0,0,TRUE,ASV25,27,Acartia (Acartiura) longiremis
edna0055,ASV81,motu71,Acartia (Acartiura) longiremis,Calanoid copepod,species,1,1,NA,NA,71,196,NA,NA,NA,NA,NA,Acartia (Acartiura) longiremis,Calanoid copepod,2018_hdo_surface,hdo,beach_seine,2018-07-13,2018-07-11,2018,surface,1,edna_hdo_00,surface,biological,15.1,27.77,8.23,NA,NA,NA,4.8,1000,0,51.65501227,-128.1295942,mud,n,320,p,seagrass,zostera,seagrass_mud,zostera_mud,100,1.96163e-160,313,Metazoa,Arthropoda,Copepoda,Calanoida,Acartiidae,Acartia,0,0,TRUE,ASV81,23,Acartia (Acartiura) longiremis
edna0055,ASV34,motu31,Centropages abdominalis,Calanoid copepod,species,1,1,1,1,17,34,13,37,37,NA,31,Centropages abdominalis,Calanoid copepod,2018_hdo_surface,hdo,beach_seine,2018-07-13,2018-07-11,2018,surface,1,edna_hdo_00,surface,biological,15.1,27.77,8.23,NA,NA,NA,4.8,1000,0,51.65501227,-128.1295942,mud,n,320,p,seagrass,zostera,seagrass_mud,zostera_mud,100,1.96163e-160,313,Metazoa,Arthropoda,Copepoda,Calanoida,Centropagidae,Centropages,0,0,TRUE,ASV34,19,Centropages abdominalis
edna0055,ASV143,motu128,Centropages abdominalis,Calanoid copepod,species,1,1,NA,NA,15,30,NA,NA,NA,NA,NA,Centropages abdominalis,Calanoid copepod,2018_hdo_surface,hdo,beach_seine,2018-07-13,2018-07-11,2018,surface,1,edna_hdo_00,surface,biological,15.1,27.77,8.23,NA,NA,NA,4.8,1000,0,51.65501227,-128.1295942,mud,n,320,p,seagrass,zostera,seagrass_mud,zostera_mud,100,1.96163e-160,313,Metazoa,Arthropoda,Copepoda,Calanoida,Centropagidae,Centropages,0,0,TRUE,ASV143,11,Centropages abdominalis
edna0055,ASV258,motu228,Lensia,Siphonophore,genus,1,1,NA,NA,153,326,NA,NA,NA,NA,NA,Lensia,Siphonophore,2018_hdo_surface,hdo,beach_seine,2018-07-13,2018-07-11,2018,surface,1,edna_hdo_00,surface,biological,15.1,27.77,8.23,NA,NA,NA,4.8,1000,0,51.65501227,-128.1295942,mud,n,320,p,seagrass,zostera,seagrass_mud,zostera_mud,100,0.00408744,30,Metazoa,Cnidaria,Cnidaria,Siphonophorae,Diphyidae,Lensia,0,0,TRUE,ASV258,1,NA
edna0055,ASV131,motu117,Lensia,Siphonophore,genus,1,1,1,1,159,292,113,278,203,NA,210,Lensia,Siphonophore,2018_hdo_surface,hdo,beach_seine,2018-07-13,2018-07-11,2018,surface,1,edna_hdo_00,surface,biological,15.1,27.77,8.23,NA,NA,NA,4.8,1000,0,51.65501227,-128.1295942,mud,n,320,p,seagrass,zostera,seagrass_mud,zostera_mud,100,0.00408744,30,Metazoa,Cnidaria,Cnidaria,Siphonophorae,Diphyidae,Lensia,0,0,TRUE,ASV131,2,NA
edna0055,ASV171,motu150,Pseudocalanus mimus,Calanoid copepod,species,1,1,1,1,29,26,25,62,50,NA,61,Pseudocalanus mimus,Calanoid copepod,2018_hdo_surface,hdo,beach_seine,2018-07-13,2018-07-11,2018,surface,1,edna_hdo_00,surface,biological,15.1,27.77,8.23,NA,NA,NA,4.8,1000,0,51.65501227,-128.1295942,mud,n,320,p,seagrass,zostera,seagrass_mud,zostera_mud,99.67,9.19139e-154,301,Metazoa,Arthropoda,Copepoda,Calanoida,Clausocalanidae,Pseudocalanus,0,0,TRUE,ASV171,10,Pseudocalanus mimus
edna0055,ASV233,motu74,Euchlanidae,Rotifer,family,1,1,1,1,93,201,80,127,103,NA,108,No Results,No Results,2018_hdo_surface,hdo,beach_seine,2018-07-13,2018-07-11,2018,surface,1,edna_hdo_00,surface,biological,15.1,27.77,8.23,NA,NA,NA,4.8,1000,0,51.65501227,-128.1295942,mud,n,320,p,seagrass,zostera,seagrass_mud,zostera_mud,91.35,3.005919999999998e-29,77,Metazoa,Rotifera,Rotifera,Ploima,Euchlanidae,NA,1,NA,TRUE,ASV84,2,NA
edna0055,ASV377,motu334,Synchaeta pectinata,Rotifer,species,1,1,1,1,10,5,6,7,11,NA,8,Synchaeta pectinata,Rotifer,2018_hdo_surface,hdo,beach_seine,2018-07-13,2018-07-11,2018,surface,1,edna_hdo_00,surface,biological,15.1,27.77,8.23,NA,NA,NA,4.8,1000,0,51.65501227,-128.1295942,mud,n,320,p,seagrass,zostera,seagrass_mud,zostera_mud,90.48,1.6452299999999999e-111,225,Metazoa,Rotifera,Eurotatoria,Ploima,Synchaetidae,Synchaeta,0,0,TRUE,ASV377,5,Synchaeta pectinata
edna0055,ASV520,motu457,Evasterias troschelii,False ochre star,species,1,1,NA,1,12,19,NA,14,20,NA,13,Evasterias troschelii,False ochre star,2018_hdo_surface,hdo,beach_seine,2018-07-13,2018-07-11,2018,surface,1,edna_hdo_00,surface,biological,15.1,27.77,8.23,NA,NA,NA,4.8,1000,0,51.65501227,-128.1295942,mud,n,320,p,seagrass,zostera,seagrass_mud,zostera_mud,100,1.96163e-160,313,Metazoa,Echinodermata,Asteroidea,Forcipulatida,Asteriidae,Evasterias,0,0,TRUE,ASV520,1,Evasterias troschelii
edna0055,ASV398,motu350,Synchaeta pectinata,Rotifer,species,1,1,NA,1,5,10,NA,5,6,NA,10,Synchaeta pectinata,Rotifer,2018_hdo_surface,hdo,beach_seine,2018-07-13,2018-07-11,2018,surface,1,edna_hdo_00,surface,biological,15.1,27.77,8.23,NA,NA,NA,4.8,1000,0,51.65501227,-128.1295942,mud,n,320,p,seagrass,zostera,seagrass_mud,zostera_mud,90.48,1.6452299999999999e-111,225,Metazoa,Rotifera,Eurotatoria,Ploima,Synchaetidae,Synchaeta,0,0,TRUE,ASV398,4,Synchaeta pectinata
edna0055,ASV865,motu753,Parastenocarididae,Harpacticoid copepod,family,1,1,NA,NA,37,83,NA,NA,NA,NA,NA,Parastenocarididae,Harpacticoid copepod,2018_hdo_surface,hdo,beach_seine,2018-07-13,2018-07-11,2018,surface,1,edna_hdo_00,surface,biological,15.1,27.77,8.23,NA,NA,NA,4.8,1000,0,51.65501227,-128.1295942,mud,n,320,p,seagrass,zostera,seagrass_mud,zostera_mud,94.59,0.00408744,30,Metazoa,Arthropoda,Arthropoda,Harpacticoida,Parastenocarididae,NA,1,0,TRUE,ASV865,1,NA
edna0055,ASV780,motu679,Aequorea,Crystal jelly species,genus,1,1,1,1,52,103,43,45,NA,NA,96,Aequorea,Crystal jelly species,2018_hdo_surface,hdo,beach_seine,2018-07-13,2018-07-11,2018,surface,1,edna_hdo_00,surface,biological,15.1,27.77,8.23,NA,NA,NA,4.8,1000,0,51.65501227,-128.1295942,mud,n,320,p,seagrass,zostera,seagrass_mud,zostera_mud,100,1.4886099999999998e-156,306,Metazoa,Cnidaria,Hydrozoa,Leptothecata,Aequoreidae,Aequorea,0,0,TRUE,ASV780,4,NA
edna0055,ASV775,motu675,Aequorea,Crystal jelly species,genus,1,1,1,1,53,89,45,46,58,NA,77,Aequorea,Crystal jelly species,2018_hdo_surface,hdo,beach_seine,2018-07-13,2018-07-11,2018,surface,1,edna_hdo_00,surface,biological,15.1,27.77,8.23,NA,NA,NA,4.8,1000,0,51.65501227,-128.1295942,mud,n,320,p,seagrass,zostera,seagrass_mud,zostera_mud,100,1.4886099999999998e-156,306,Metazoa,Cnidaria,Hydrozoa,Leptothecata,Aequoreidae,Aequorea,0,0,TRUE,ASV775,3,NA
edna0055,ASV1048,motu285,Paracalanus,Calanoid copepod,genus,1,1,1,1,55,132,59,30,51,NA,38,Paracalanus parvus parvus,Calanoid copepod,2018_hdo_surface,hdo,beach_seine,2018-07-13,2018-07-11,2018,surface,1,edna_hdo_00,surface,biological,15.1,27.77,8.23,NA,NA,NA,4.8,1000,0,51.65501227,-128.1295942,mud,n,320,p,seagrass,zostera,seagrass_mud,zostera_mud,99.67,1.14177e-152,299,Metazoa,Arthropoda,Arthropoda,Calanoida,Paracalanidae,Paracalanus,0,0,TRUE,ASV324,6,NA
edna0055,ASV2138,motu470,Paracalanus,Calanoid copepod,genus,1,1,NA,NA,49,117,NA,NA,NA,NA,NA,Paracalanus parvus parvus,Calanoid copepod,2018_hdo_surface,hdo,beach_seine,2018-07-13,2018-07-11,2018,surface,1,edna_hdo_00,surface,biological,15.1,27.77,8.23,NA,NA,NA,4.8,1000,0,51.65501227,-128.1295942,mud,n,320,p,seagrass,zostera,seagrass_mud,zostera_mud,99.67,1.14177e-152,299,Metazoa,Arthropoda,Arthropoda,Calanoida,Paracalanidae,Paracalanus,0,0,TRUE,ASV536,6,NA
edna0055,ASV3171,motu2538,Semibalanus balanoides,Common rock barnacle,species,1,1,NA,NA,8,15,NA,NA,NA,NA,NA,Semibalanus balanoides,Common rock barnacle,2018_hdo_surface,hdo,beach_seine,2018-07-13,2018-07-11,2018,surface,1,edna_hdo_00,surface,biological,15.1,27.77,8.23,NA,NA,NA,4.8,1000,0,51.65501227,-128.1295942,mud,n,320,p,seagrass,zostera,seagrass_mud,zostera_mud,100,1.96163e-160,313,Metazoa,Arthropoda,Thecostraca,Balanomorpha,Balanidae,Semibalanus,0,0,TRUE,ASV3171,1,Semibalanus balanoides
edna0055,ASV2491,motu2028,Mytilus,Mussel species,genus,1,1,1,1,32,32,24,NA,NA,NA,30,Mytilus,Mussel species,2018_hdo_surface,hdo,beach_seine,2018-07-13,2018-07-11,2018,surface,1,edna_hdo_00,surface,biological,15.1,27.77,8.23,NA,NA,NA,4.8,1000,0,51.65501227,-128.1295942,mud,n,320,p,seagrass,zostera,seagrass_mud,zostera_mud,100,3.2351099999999996e-158,309,Metazoa,Mollusca,Mollusca,Mytilida,Mytilidae,Mytilus,0,0,TRUE,ASV2491,3,NA
edna0056,ASV81,motu71,Acartia (Acartiura) longiremis,Calanoid copepod,species,1,1,NA,NA,66,142,NA,NA,NA,NA,NA,Acartia (Acartiura) longiremis,Calanoid copepod,2018_hdo_depth,hdo,beach_seine,2018-07-13,2018-07-11,2018,depth,1,edna_hdo_15,depth,biological,10.7,30.95,7.94,NA,NA,NA,4.8,1000,0,51.65508561,-128.1293971,mud,n,320,p,seagrass,zostera,seagrass_mud,zostera_mud,100,1.96163e-160,313,Metazoa,Arthropoda,Copepoda,Calanoida,Acartiidae,Acartia,0,0,TRUE,ASV81,23,Acartia (Acartiura) longiremis
edna0056,ASV34,motu31,Centropages abdominalis,Calanoid copepod,species,1,1,1,1,338,716,310,562,434,NA,412,Centropages abdominalis,Calanoid copepod,2018_hdo_depth,hdo,beach_seine,2018-07-13,2018-07-11,2018,depth,1,edna_hdo_15,depth,biological,10.7,30.95,7.94,NA,NA,NA,4.8,1000,0,51.65508561,-128.1293971,mud,n,320,p,seagrass,zostera,seagrass_mud,zostera_mud,100,1.96163e-160,313,Metazoa,Arthropoda,Copepoda,Calanoida,Centropagidae,Centropages,0,0,TRUE,ASV34,19,Centropages abdominalis
edna0056,ASV143,motu128,Centropages abdominalis,Calanoid copepod,species,1,1,NA,NA,318,643,NA,NA,NA,NA,NA,Centropages abdominalis,Calanoid copepod,2018_hdo_depth,hdo,beach_seine,2018-07-13,2018-07-11,2018,depth,1,edna_hdo_15,depth,biological,10.7,30.95,7.94,NA,NA,NA,4.8,1000,0,51.65508561,-128.1293971,mud,n,320,p,seagrass,zostera,seagrass_mud,zostera_mud,100,1.96163e-160,313,Metazoa,Arthropoda,Copepoda,Calanoida,Centropagidae,Centropages,0,0,TRUE,ASV143,11,Centropages abdominalis
edna0056,ASV258,motu228,Lensia,Siphonophore,genus,1,1,NA,NA,58,145,NA,NA,NA,NA,NA,Lensia,Siphonophore,2018_hdo_depth,hdo,beach_seine,2018-07-13,2018-07-11,2018,depth,1,edna_hdo_15,depth,biological,10.7,30.95,7.94,NA,NA,NA,4.8,1000,0,51.65508561,-128.1293971,mud,n,320,p,seagrass,zostera,seagrass_mud,zostera_mud,100,0.00408744,30,Metazoa,Cnidaria,Cnidaria,Siphonophorae,Diphyidae,Lensia,0,0,TRUE,ASV258,1,NA
edna0056,ASV131,motu117,Lensia,Siphonophore,genus,1,1,1,1,64,170,44,162,85,NA,65,Lensia,Siphonophore,2018_hdo_depth,hdo,beach_seine,2018-07-13,2018-07-11,2018,depth,1,edna_hdo_15,depth,biological,10.7,30.95,7.94,NA,NA,NA,4.8,1000,0,51.65508561,-128.1293971,mud,n,320,p,seagrass,zostera,seagrass_mud,zostera_mud,100,0.00408744,30,Metazoa,Cnidaria,Cnidaria,Siphonophorae,Diphyidae,Lensia,0,0,TRUE,ASV131,2,NA
edna0056,ASV171,motu150,Pseudocalanus mimus,Calanoid copepod,species,1,1,NA,NA,63,104,NA,NA,NA,NA,NA,Pseudocalanus mimus,Calanoid copepod,2018_hdo_depth,hdo,beach_seine,2018-07-13,2018-07-11,2018,depth,1,edna_hdo_15,depth,biological,10.7,30.95,7.94,NA,NA,NA,4.8,1000,0,51.65508561,-128.1293971,mud,n,320,p,seagrass,zostera,seagrass_mud,zostera_mud,99.67,9.19139e-154,301,Metazoa,Arthropoda,Copepoda,Calanoida,Clausocalanidae,Pseudocalanus,0,0,TRUE,ASV171,10,Pseudocalanus mimus
edna0056,ASV343,motu303,Pseudocalanus mimus,Calanoid copepod,species,1,1,1,NA,70,157,16,NA,NA,NA,NA,Pseudocalanus mimus,Calanoid copepod,2018_hdo_depth,hdo,beach_seine,2018-07-13,2018-07-11,2018,depth,1,edna_hdo_15,depth,biological,10.7,30.95,7.94,NA,NA,NA,4.8,1000,0,51.65508561,-128.1293971,mud,n,320,p,seagrass,zostera,seagrass_mud,zostera_mud,99.67,9.19139e-154,301,Metazoa,Arthropoda,Copepoda,Calanoida,Clausocalanidae,Pseudocalanus,0,0,TRUE,ASV343,11,Pseudocalanus mimus
edna0056,ASV226,motu199,Mytilus trossulus,Bay mussel,species,1,1,1,1,12,41,10,24,23,NA,13,Mytilus trossulus,Bay mussel,2018_hdo_depth,hdo,beach_seine,2018-07-13,2018-07-11,2018,depth,1,edna_hdo_15,depth,biological,10.7,30.95,7.94,NA,NA,NA,4.8,1000,0,51.65508561,-128.1293971,mud,n,320,p,seagrass,zostera,seagrass_mud,zostera_mud,100,3.2351099999999996e-158,309,Metazoa,Mollusca,Mollusca,Mytilida,Mytilidae,Mytilus,0,0,TRUE,ASV226,18,Mytilus trossulus
edna0056,ASV216,motu190,Mytilus trossulus,Bay mussel,species,1,1,1,1,14,43,19,23,27,NA,NA,Mytilus trossulus,Bay mussel,2018_hdo_depth,hdo,beach_seine,2018-07-13,2018-07-11,2018,depth,1,edna_hdo_15,depth,biological,10.7,30.95,7.94,NA,NA,NA,4.8,1000,0,51.65508561,-128.1293971,mud,n,320,p,seagrass,zostera,seagrass_mud,zostera_mud,100,3.2351099999999996e-158,309,Metazoa,Mollusca,Mollusca,Mytilida,Mytilidae,Mytilus,0,0,TRUE,ASV216,23,Mytilus trossulus
edna0056,ASV233,motu74,Euchlanidae,Rotifer,family,1,1,NA,1,57,81,NA,115,NA,NA,71,No Results,No Results,2018_hdo_depth,hdo,beach_seine,2018-07-13,2018-07-11,2018,depth,1,edna_hdo_15,depth,biological,10.7,30.95,7.94,NA,NA,NA,4.8,1000,0,51.65508561,-128.1293971,mud,n,320,p,seagrass,zostera,seagrass_mud,zostera_mud,91.35,3.005919999999998e-29,77,Metazoa,Rotifera,Rotifera,Ploima,Euchlanidae,NA,1,NA,TRUE,ASV84,2,NA
edna0056,ASV324,motu285,Paracalanus parvus parvus,Calanoid copepod,species,1,1,1,1,145,336,115,136,145,NA,137,Paracalanus parvus parvus,Calanoid copepod,2018_hdo_depth,hdo,beach_seine,2018-07-13,2018-07-11,2018,depth,1,edna_hdo_15,depth,biological,10.7,30.95,7.94,NA,NA,NA,4.8,1000,0,51.65508561,-128.1293971,mud,n,320,p,seagrass,zostera,seagrass_mud,zostera_mud,100,1.17454e-132,263,Metazoa,Arthropoda,Copepoda,Calanoida,Paracalanidae,Paracalanus,0,0,TRUE,ASV324,6,Paracalanus parvus parvus
edna0056,ASV462,motu407,Kellia suborbicularis,Suborbicular kellyclam,species,1,1,1,1,8,16,8,9,13,NA,NA,Kellia suborbicularis,Suborbicular kellyclam,2018_hdo_depth,hdo,beach_seine,2018-07-13,2018-07-11,2018,depth,1,edna_hdo_15,depth,biological,10.7,30.95,7.94,NA,NA,NA,4.8,1000,0,51.65508561,-128.1293971,mud,n,320,p,seagrass,zostera,seagrass_mud,zostera_mud,98.4,4.27634e-152,298,Metazoa,Mollusca,Bivalvia,Galeommatida,Lasaeidae,Kellia,0,0,TRUE,ASV462,4,Kellia suborbicularis
edna0056,ASV536,motu470,Paracalanus parvus parvus,Calanoid copepod,species,1,1,1,NA,151,312,41,NA,NA,NA,NA,Paracalanus parvus parvus,Calanoid copepod,2018_hdo_depth,hdo,beach_seine,2018-07-13,2018-07-11,2018,depth,1,edna_hdo_15,depth,biological,10.7,30.95,7.94,NA,NA,NA,4.8,1000,0,51.65508561,-128.1293971,mud,n,320,p,seagrass,zostera,seagrass_mud,zostera_mud,100,1.17454e-132,263,Metazoa,Arthropoda,Copepoda,Calanoida,Paracalanidae,Paracalanus,0,0,TRUE,ASV536,6,Paracalanus parvus parvus
edna0056,ASV377,motu334,Synchaeta pectinata,Rotifer,species,1,1,1,1,28,50,25,18,NA,NA,19,Synchaeta pectinata,Rotifer,2018_hdo_depth,hdo,beach_seine,2018-07-13,2018-07-11,2018,depth,1,edna_hdo_15,depth,biological,10.7,30.95,7.94,NA,NA,NA,4.8,1000,0,51.65508561,-128.1293971,mud,n,320,p,seagrass,zostera,seagrass_mud,zostera_mud,90.48,1.6452299999999999e-111,225,Metazoa,Rotifera,Eurotatoria,Ploima,Synchaetidae,Synchaeta,0,0,TRUE,ASV377,5,Synchaeta pectinata
edna0056,ASV520,motu457,Evasterias troschelii,False ochre star,species,1,1,1,1,7,18,5,21,NA,NA,8,Evasterias troschelii,False ochre star,2018_hdo_depth,hdo,beach_seine,2018-07-13,2018-07-11,2018,depth,1,edna_hdo_15,depth,biological,10.7,30.95,7.94,NA,NA,NA,4.8,1000,0,51.65508561,-128.1293971,mud,n,320,p,seagrass,zostera,seagrass_mud,zostera_mud,100,1.96163e-160,313,Metazoa,Echinodermata,Asteroidea,Forcipulatida,Asteriidae,Evasterias,0,0,TRUE,ASV520,1,Evasterias troschelii
edna0056,ASV398,motu350,Synchaeta pectinata,Rotifer,species,1,1,1,1,23,51,22,NA,11,NA,NA,Synchaeta pectinata,Rotifer,2018_hdo_depth,hdo,beach_seine,2018-07-13,2018-07-11,2018,depth,1,edna_hdo_15,depth,biological,10.7,30.95,7.94,NA,NA,NA,4.8,1000,0,51.65508561,-128.1293971,mud,n,320,p,seagrass,zostera,seagrass_mud,zostera_mud,90.48,1.6452299999999999e-111,225,Metazoa,Rotifera,Eurotatoria,Ploima,Synchaetidae,Synchaeta,0,0,TRUE,ASV398,4,Synchaeta pectinata
edna0056,ASV744,motu648,Evasterias troschelii,False ochre star,species,1,1,NA,NA,9,15,NA,NA,NA,NA,NA,Evasterias troschelii,False ochre star,2018_hdo_depth,hdo,beach_seine,2018-07-13,2018-07-11,2018,depth,1,edna_hdo_15,depth,biological,10.7,30.95,7.94,NA,NA,NA,4.8,1000,0,51.65508561,-128.1293971,mud,n,320,p,seagrass,zostera,seagrass_mud,zostera_mud,100,1.96163e-160,313,Metazoa,Echinodermata,Asteroidea,Forcipulatida,Asteriidae,Evasterias,0,0,TRUE,ASV744,1,Evasterias troschelii
edna0056,ASV417,motu213,Balanus glandula,Acorn barnacle,species,1,1,1,1,431,791,209,656,589,NA,404,Balanus glandula,Acorn barnacle,2018_hdo_depth,hdo,beach_seine,2018-07-13,2018-07-11,2018,depth,1,edna_hdo_15,depth,biological,10.7,30.95,7.94,NA,NA,NA,4.8,1000,0,51.65508561,-128.1293971,mud,n,320,p,seagrass,zostera,seagrass_mud,zostera_mud,99.68,1.5051499999999994e-156,306,Metazoa,Arthropoda,Thecostraca,Balanomorpha,Balanidae,Balanus,0,0,TRUE,ASV242,15,Balanus glandula
edna0056,ASV739,motu643,Pseudocalanus mimus,Calanoid copepod,species,1,1,NA,NA,86,178,NA,NA,NA,NA,NA,Pseudocalanus mimus,Calanoid copepod,2018_hdo_depth,hdo,beach_seine,2018-07-13,2018-07-11,2018,depth,1,edna_hdo_15,depth,biological,10.7,30.95,7.94,NA,NA,NA,4.8,1000,0,51.65508561,-128.1293971,mud,n,320,p,seagrass,zostera,seagrass_mud,zostera_mud,99.67,9.19139e-154,301,Metazoa,Arthropoda,Copepoda,Calanoida,Clausocalanidae,Pseudocalanus,0,0,TRUE,ASV739,3,Pseudocalanus mimus
edna0056,ASV760,motu394,Balanus glandula,Acorn barnacle,species,1,1,NA,NA,391,818,NA,NA,NA,NA,NA,Balanus glandula,Acorn barnacle,2018_hdo_depth,hdo,beach_seine,2018-07-13,2018-07-11,2018,depth,1,edna_hdo_15,depth,biological,10.7,30.95,7.94,NA,NA,NA,4.8,1000,0,51.65508561,-128.1293971,mud,n,320,p,seagrass,zostera,seagrass_mud,zostera_mud,99.68,1.5051499999999994e-156,306,Metazoa,Arthropoda,Thecostraca,Balanomorpha,Balanidae,Balanus,0,0,TRUE,ASV447,12,Balanus glandula
edna0056,ASV435,motu383,Pseudocalanus mimus,Calanoid copepod,species,1,1,1,1,54,127,69,47,44,NA,NA,Pseudocalanus mimus,Calanoid copepod,2018_hdo_depth,hdo,beach_seine,2018-07-13,2018-07-11,2018,depth,1,edna_hdo_15,depth,biological,10.7,30.95,7.94,NA,NA,NA,4.8,1000,0,51.65508561,-128.1293971,mud,n,320,p,seagrass,zostera,seagrass_mud,zostera_mud,99.67,9.19139e-154,301,Metazoa,Arthropoda,Copepoda,Calanoida,Clausocalanidae,Pseudocalanus,0,0,TRUE,ASV435,4,Pseudocalanus mimus
edna0056,ASV632,motu22,Acartia (Acartiura) longiremis,Calanoid copepod,species,1,1,1,1,109,308,76,257,178,NA,172,Acartia (Acartiura) longiremis,Calanoid copepod,2018_hdo_depth,hdo,beach_seine,2018-07-13,2018-07-11,2018,depth,1,edna_hdo_15,depth,biological,10.7,30.95,7.94,NA,NA,NA,4.8,1000,0,51.65508561,-128.1293971,mud,n,320,p,seagrass,zostera,seagrass_mud,zostera_mud,99.68,9.126599999999999e-159,310,Metazoa,Arthropoda,Copepoda,Calanoida,Acartiidae,Acartia,0,0,TRUE,ASV25,27,Acartia (Acartiura) longiremis
edna0056,ASV865,motu753,Parastenocarididae,Harpacticoid copepod,family,1,1,NA,NA,45,89,NA,NA,NA,NA,NA,Parastenocarididae,Harpacticoid copepod,2018_hdo_depth,hdo,beach_seine,2018-07-13,2018-07-11,2018,depth,1,edna_hdo_15,depth,biological,10.7,30.95,7.94,NA,NA,NA,4.8,1000,0,51.65508561,-128.1293971,mud,n,320,p,seagrass,zostera,seagrass_mud,zostera_mud,94.59,0.00408744,30,Metazoa,Arthropoda,Arthropoda,Harpacticoida,Parastenocarididae,NA,1,0,TRUE,ASV865,1,NA
edna0056,ASV834,motu128,Centropages abdominalis,Calanoid copepod,species,1,1,NA,NA,31,65,NA,NA,NA,NA,NA,Centropages abdominalis,Calanoid copepod,2018_hdo_depth,hdo,beach_seine,2018-07-13,2018-07-11,2018,depth,1,edna_hdo_15,depth,biological,10.7,30.95,7.94,NA,NA,NA,4.8,1000,0,51.65508561,-128.1293971,mud,n,320,p,seagrass,zostera,seagrass_mud,zostera_mud,99.68,9.126599999999999e-159,310,Metazoa,Arthropoda,Copepoda,Calanoida,Centropagidae,Centropages,0,0,TRUE,ASV143,11,Centropages abdominalis
edna0056,ASV1793,motu150,Pseudocalanus mimus,Calanoid copepod,species,1,NA,NA,NA,10,NA,NA,NA,NA,NA,NA,Pseudocalanus mimus,Calanoid copepod,2018_hdo_depth,hdo,beach_seine,2018-07-13,2018-07-11,2018,depth,1,edna_hdo_15,depth,biological,10.7,30.95,7.94,NA,NA,NA,4.8,1000,0,51.65508561,-128.1293971,mud,n,320,p,seagrass,zostera,seagrass_mud,zostera_mud,100,1.97556e-155,304,Metazoa,Arthropoda,Copepoda,Calanoida,Clausocalanidae,Pseudocalanus,0,0,TRUE,ASV171,10,Pseudocalanus mimus
edna0056,ASV952,motu71,Acartia (Acartiura) longiremis,Calanoid copepod,species,1,1,NA,NA,109,277,NA,NA,NA,NA,NA,Acartia (Acartiura) longiremis,Calanoid copepod,2018_hdo_depth,hdo,beach_seine,2018-07-13,2018-07-11,2018,depth,1,edna_hdo_15,depth,biological,10.7,30.95,7.94,NA,NA,NA,4.8,1000,0,51.65508561,-128.1293971,mud,n,320,p,seagrass,zostera,seagrass_mud,zostera_mud,99.68,9.126599999999999e-159,310,Metazoa,Arthropoda,Copepoda,Calanoida,Acartiidae,Acartia,0,0,TRUE,ASV81,23,Acartia (Acartiura) longiremis
edna0056,ASV666,motu579,Balanus glandula,Acorn barnacle,species,1,1,1,1,413,764,171,461,401,NA,320,Balanus glandula,Acorn barnacle,2018_hdo_depth,hdo,beach_seine,2018-07-13,2018-07-11,2018,depth,1,edna_hdo_15,depth,biological,10.7,30.95,7.94,NA,NA,NA,4.8,1000,0,51.65508561,-128.1293971,mud,n,320,p,seagrass,zostera,seagrass_mud,zostera_mud,99.68,1.5051499999999994e-156,306,Metazoa,Arthropoda,Thecostraca,Balanomorpha,Balanidae,Balanus,0,0,TRUE,ASV666,1,Balanus glandula
edna0056,ASV1883,motu303,Pseudocalanus mimus,Calanoid copepod,species,1,NA,NA,NA,4,NA,NA,NA,NA,NA,NA,Pseudocalanus mimus,Calanoid copepod,2018_hdo_depth,hdo,beach_seine,2018-07-13,2018-07-11,2018,depth,1,edna_hdo_15,depth,biological,10.7,30.95,7.94,NA,NA,NA,4.8,1000,0,51.65508561,-128.1293971,mud,n,320,p,seagrass,zostera,seagrass_mud,zostera_mud,100,1.97556e-155,304,Metazoa,Arthropoda,Copepoda,Calanoida,Clausocalanidae,Pseudocalanus,0,0,TRUE,ASV343,11,Pseudocalanus mimus
edna0056,ASV1090,motu938,Balanus glandula,Acorn barnacle,species,1,1,NA,NA,367,767,NA,NA,NA,NA,NA,Balanus glandula,Acorn barnacle,2018_hdo_depth,hdo,beach_seine,2018-07-13,2018-07-11,2018,depth,1,edna_hdo_15,depth,biological,10.7,30.95,7.94,NA,NA,NA,4.8,1000,0,51.65508561,-128.1293971,mud,n,320,p,seagrass,zostera,seagrass_mud,zostera_mud,99.68,1.5051499999999994e-156,306,Metazoa,Arthropoda,Thecostraca,Balanomorpha,Balanidae,Balanus,0,0,TRUE,ASV1090,1,Balanus glandula
edna0056,ASV733,motu637,Phyllodocida,Polychaete,order,1,1,1,1,21,38,14,NA,NA,NA,5,Phyllodocida,Polychaete,2018_hdo_depth,hdo,beach_seine,2018-07-13,2018-07-11,2018,depth,1,edna_hdo_15,depth,biological,10.7,30.95,7.94,NA,NA,NA,4.8,1000,0,51.65508561,-128.1293971,mud,n,320,p,seagrass,zostera,seagrass_mud,zostera_mud,100,0.0603188,28,Metazoa,Annelida,Annelida,Phyllodocida,NA,NA,0,0,TRUE,ASV733,1,NA
edna0056,ASV679,motu591,Phyllodocida,Polychaete,order,1,1,1,NA,15,39,19,NA,NA,NA,NA,Phyllodocida,Polychaete,2018_hdo_depth,hdo,beach_seine,2018-07-13,2018-07-11,2018,depth,1,edna_hdo_15,depth,biological,10.7,30.95,7.94,NA,NA,NA,4.8,1000,0,51.65508561,-128.1293971,mud,n,320,p,seagrass,zostera,seagrass_mud,zostera_mud,100,0.0603188,28,Metazoa,Annelida,Annelida,Phyllodocida,NA,NA,0,0,TRUE,ASV679,1,NA
edna0056,ASV1040,motu897,Oithona similis,Cyclopoid copepod,species,1,1,NA,NA,4,4,NA,NA,NA,NA,NA,Oithona similis,Cyclopoid copepod,2018_hdo_depth,hdo,beach_seine,2018-07-13,2018-07-11,2018,depth,1,edna_hdo_15,depth,biological,10.7,30.95,7.94,NA,NA,NA,4.8,1000,0,51.65508561,-128.1293971,mud,n,320,p,seagrass,zostera,seagrass_mud,zostera_mud,96.17,2.0179399999999996e-140,277,Metazoa,Arthropoda,Copepoda,Cyclopoida,Oithonidae,Oithona,0,0,TRUE,ASV1040,1,Oithona similis
edna0056,ASV1374,motu1160,Ergasilida,Cyclopoid copepod,order,1,1,NA,1,60,149,NA,54,NA,NA,NA,Ergasilida,Cyclopoid copepod,2018_hdo_depth,hdo,beach_seine,2018-07-13,2018-07-11,2018,depth,1,edna_hdo_15,depth,biological,10.7,30.95,7.94,NA,NA,NA,4.8,1000,0,51.65508561,-128.1293971,mud,n,320,p,seagrass,zostera,seagrass_mud,zostera_mud,100,1.96163e-160,313,Metazoa,Arthropoda,Copepoda,Cyclopoida,NA,NA,0,0,FALSE,ASV1374,1,NA
edna0056,ASV939,motu816,Ergasilida,Cyclopoid copepod,order,1,1,1,1,67,170,53,NA,38,NA,37,Ergasilida,Cyclopoid copepod,2018_hdo_depth,hdo,beach_seine,2018-07-13,2018-07-11,2018,depth,1,edna_hdo_15,depth,biological,10.7,30.95,7.94,NA,NA,NA,4.8,1000,0,51.65508561,-128.1293971,mud,n,320,p,seagrass,zostera,seagrass_mud,zostera_mud,100,1.96163e-160,313,Metazoa,Arthropoda,Copepoda,Cyclopoida,NA,NA,0,0,FALSE,ASV939,1,NA
edna0056,ASV2925,motu2360,Corynidae,Athecate hydroid,family,1,1,NA,1,10,15,NA,3,13,NA,11,Corynidae,Athecate hydroid,2018_hdo_depth,hdo,beach_seine,2018-07-13,2018-07-11,2018,depth,1,edna_hdo_15,depth,biological,10.7,30.95,7.94,NA,NA,NA,4.8,1000,0,51.65508561,-128.1293971,mud,n,320,p,seagrass,zostera,seagrass_mud,zostera_mud,93.79,7.41348e-125,249,Metazoa,Cnidaria,Cnidaria,Anthoathecata,Corynidae,NA,0,0,TRUE,ASV2925,2,NA
edna0056,ASV3663,motu524,Strongylocentrotus droebachiensis,Green sea urcin,species,1,NA,NA,NA,3,NA,NA,NA,NA,NA,NA,Strongylocentrotus droebachiensis,Green sea urcin,2018_hdo_depth,hdo,beach_seine,2018-07-13,2018-07-11,2018,depth,1,edna_hdo_15,depth,biological,10.7,30.95,7.94,NA,NA,NA,4.8,1000,0,51.65508561,-128.1293971,mud,n,320,p,seagrass,zostera,seagrass_mud,zostera_mud,99.68,9.126599999999999e-159,310,Metazoa,Echinodermata,Echinodermata,Camarodonta,Strongylocentrotidae,Strongylocentrotus,0,0,TRUE,ASV598,2,Strongylocentrotus droebachiensis
edna0059,ASV25,motu22,Acartia (Acartiura) longiremis,Calanoid copepod,species,1,1,1,1,207,384,90,370,274,NA,286,Acartia (Acartiura) longiremis,Calanoid copepod,2018_hdo_surface,hdo,beach_seine,2018-07-13,2018-07-11,2018,surface,3,edna_hdo_15,surface,biological,14.2,28.64,8.26,NA,NA,NA,5.9,1000,0,51.65508561,-128.1293971,mud,n,320,p,seagrass,zostera,seagrass_mud,zostera_mud,100,1.96163e-160,313,Metazoa,Arthropoda,Copepoda,Calanoida,Acartiidae,Acartia,0,0,TRUE,ASV25,27,Acartia (Acartiura) longiremis
edna0059,ASV81,motu71,Acartia (Acartiura) longiremis,Calanoid copepod,species,1,1,NA,NA,218,368,NA,NA,NA,NA,NA,Acartia (Acartiura) longiremis,Calanoid copepod,2018_hdo_surface,hdo,beach_seine,2018-07-13,2018-07-11,2018,surface,3,edna_hdo_15,surface,biological,14.2,28.64,8.26,NA,NA,NA,5.9,1000,0,51.65508561,-128.1293971,mud,n,320,p,seagrass,zostera,seagrass_mud,zostera_mud,100,1.96163e-160,313,Metazoa,Arthropoda,Copepoda,Calanoida,Acartiidae,Acartia,0,0,TRUE,ASV81,23,Acartia (Acartiura) longiremis
edna0059,ASV34,motu31,Centropages abdominalis,Calanoid copepod,species,1,1,1,1,884,1675,650,2083,1011,NA,1682,Centropages abdominalis,Calanoid copepod,2018_hdo_surface,hdo,beach_seine,2018-07-13,2018-07-11,2018,surface,3,edna_hdo_15,surface,biological,14.2,28.64,8.26,NA,NA,NA,5.9,1000,0,51.65508561,-128.1293971,mud,n,320,p,seagrass,zostera,seagrass_mud,zostera_mud,100,1.96163e-160,313,Metazoa,Arthropoda,Copepoda,Calanoida,Centropagidae,Centropages,0,0,TRUE,ASV34,19,Centropages abdominalis
edna0059,ASV143,motu128,Centropages abdominalis,Calanoid copepod,species,1,1,1,1,894,1627,28,114,47,NA,101,Centropages abdominalis,Calanoid copepod,2018_hdo_surface,hdo,beach_seine,2018-07-13,2018-07-11,2018,surface,3,edna_hdo_15,surface,biological,14.2,28.64,8.26,NA,NA,NA,5.9,1000,0,51.65508561,-128.1293971,mud,n,320,p,seagrass,zostera,seagrass_mud,zostera_mud,100,1.96163e-160,313,Metazoa,Arthropoda,Copepoda,Calanoida,Centropagidae,Centropages,0,0,TRUE,ASV143,11,Centropages abdominalis
edna0059,ASV258,motu228,Lensia,Siphonophore,genus,1,1,NA,NA,91,193,NA,NA,NA,NA,NA,Lensia,Siphonophore,2018_hdo_surface,hdo,beach_seine,2018-07-13,2018-07-11,2018,surface,3,edna_hdo_15,surface,biological,14.2,28.64,8.26,NA,NA,NA,5.9,1000,0,51.65508561,-128.1293971,mud,n,320,p,seagrass,zostera,seagrass_mud,zostera_mud,100,0.00408744,30,Metazoa,Cnidaria,Cnidaria,Siphonophorae,Diphyidae,Lensia,0,0,TRUE,ASV258,1,NA
edna0059,ASV131,motu117,Lensia,Siphonophore,genus,1,1,1,1,113,170,63,152,84,NA,112,Lensia,Siphonophore,2018_hdo_surface,hdo,beach_seine,2018-07-13,2018-07-11,2018,surface,3,edna_hdo_15,surface,biological,14.2,28.64,8.26,NA,NA,NA,5.9,1000,0,51.65508561,-128.1293971,mud,n,320,p,seagrass,zostera,seagrass_mud,zostera_mud,100,0.00408744,30,Metazoa,Cnidaria,Cnidaria,Siphonophorae,Diphyidae,Lensia,0,0,TRUE,ASV131,2,NA
edna0059,ASV233,motu74,Euchlanidae,Rotifer,family,1,1,NA,NA,32,55,NA,NA,NA,NA,NA,No Results,No Results,2018_hdo_surface,hdo,beach_seine,2018-07-13,2018-07-11,2018,surface,3,edna_hdo_15,surface,biological,14.2,28.64,8.26,NA,NA,NA,5.9,1000,0,51.65508561,-128.1293971,mud,n,320,p,seagrass,zostera,seagrass_mud,zostera_mud,91.35,3.005919999999998e-29,77,Metazoa,Rotifera,Rotifera,Ploima,Euchlanidae,NA,1,NA,TRUE,ASV84,2,NA
edna0059,ASV205,motu181,Pseudocalanus mimus,Calanoid copepod,species,1,1,1,1,34,55,30,28,25,NA,8,Pseudocalanus mimus,Calanoid copepod,2018_hdo_surface,hdo,beach_seine,2018-07-13,2018-07-11,2018,surface,3,edna_hdo_15,surface,biological,14.2,28.64,8.26,NA,NA,NA,5.9,1000,0,51.65508561,-128.1293971,mud,n,320,p,seagrass,zostera,seagrass_mud,zostera_mud,100,1.18898e-152,299,Metazoa,Arthropoda,Copepoda,Calanoida,Clausocalanidae,Pseudocalanus,0,0,TRUE,ASV205,8,Pseudocalanus mimus
edna0059,ASV416,motu366,Pseudocalanus mimus,Calanoid copepod,species,1,1,NA,NA,33,41,NA,NA,NA,NA,NA,Pseudocalanus mimus,Calanoid copepod,2018_hdo_surface,hdo,beach_seine,2018-07-13,2018-07-11,2018,surface,3,edna_hdo_15,surface,biological,14.2,28.64,8.26,NA,NA,NA,5.9,1000,0,51.65508561,-128.1293971,mud,n,320,p,seagrass,zostera,seagrass_mud,zostera_mud,100,1.18898e-152,299,Metazoa,Arthropoda,Copepoda,Calanoida,Clausocalanidae,Pseudocalanus,0,0,TRUE,ASV416,7,Pseudocalanus mimus
edna0059,ASV520,motu457,Evasterias troschelii,False ochre star,species,1,1,NA,1,18,11,NA,7,NA,NA,NA,Evasterias troschelii,False ochre star,2018_hdo_surface,hdo,beach_seine,2018-07-13,2018-07-11,2018,surface,3,edna_hdo_15,surface,biological,14.2,28.64,8.26,NA,NA,NA,5.9,1000,0,51.65508561,-128.1293971,mud,n,320,p,seagrass,zostera,seagrass_mud,zostera_mud,100,1.96163e-160,313,Metazoa,Echinodermata,Asteroidea,Forcipulatida,Asteriidae,Evasterias,0,0,TRUE,ASV520,1,Evasterias troschelii
edna0059,ASV744,motu648,Evasterias troschelii,False ochre star,species,1,1,NA,NA,7,15,NA,NA,NA,NA,NA,Evasterias troschelii,False ochre star,2018_hdo_surface,hdo,beach_seine,2018-07-13,2018-07-11,2018,surface,3,edna_hdo_15,surface,biological,14.2,28.64,8.26,NA,NA,NA,5.9,1000,0,51.65508561,-128.1293971,mud,n,320,p,seagrass,zostera,seagrass_mud,zostera_mud,100,1.96163e-160,313,Metazoa,Echinodermata,Asteroidea,Forcipulatida,Asteriidae,Evasterias,0,0,TRUE,ASV744,1,Evasterias troschelii
edna0059,ASV865,motu753,Parastenocarididae,Harpacticoid copepod,family,1,1,NA,NA,23,69,NA,NA,NA,NA,NA,Parastenocarididae,Harpacticoid copepod,2018_hdo_surface,hdo,beach_seine,2018-07-13,2018-07-11,2018,surface,3,edna_hdo_15,surface,biological,14.2,28.64,8.26,NA,NA,NA,5.9,1000,0,51.65508561,-128.1293971,mud,n,320,p,seagrass,zostera,seagrass_mud,zostera_mud,94.59,0.00408744,30,Metazoa,Arthropoda,Arthropoda,Harpacticoida,Parastenocarididae,NA,1,0,TRUE,ASV865,1,NA
edna0059,ASV674,motu334,Synchaeta pectinata,Rotifer,species,1,NA,NA,1,9,NA,NA,23,NA,NA,NA,Synchaeta pectinata,Rotifer,2018_hdo_surface,hdo,beach_seine,2018-07-13,2018-07-11,2018,surface,3,edna_hdo_15,surface,biological,14.2,28.64,8.26,NA,NA,NA,5.9,1000,0,51.65508561,-128.1293971,mud,n,320,p,seagrass,zostera,seagrass_mud,zostera_mud,90.79,3.5361899999999996e-113,228,Metazoa,Rotifera,Eurotatoria,Ploima,Synchaetidae,Synchaeta,0,0,TRUE,ASV377,5,Synchaeta pectinata
edna0059,ASV733,motu637,Phyllodocida,Polychaete,order,1,1,NA,NA,11,15,NA,NA,NA,NA,NA,Phyllodocida,Polychaete,2018_hdo_surface,hdo,beach_seine,2018-07-13,2018-07-11,2018,surface,3,edna_hdo_15,surface,biological,14.2,28.64,8.26,NA,NA,NA,5.9,1000,0,51.65508561,-128.1293971,mud,n,320,p,seagrass,zostera,seagrass_mud,zostera_mud,100,0.0603188,28,Metazoa,Annelida,Annelida,Phyllodocida,NA,NA,0,0,TRUE,ASV733,1,NA
edna0059,ASV780,motu679,Aequorea,Crystal jelly species,genus,1,1,1,1,12,33,27,34,17,NA,NA,Aequorea,Crystal jelly species,2018_hdo_surface,hdo,beach_seine,2018-07-13,2018-07-11,2018,surface,3,edna_hdo_15,surface,biological,14.2,28.64,8.26,NA,NA,NA,5.9,1000,0,51.65508561,-128.1293971,mud,n,320,p,seagrass,zostera,seagrass_mud,zostera_mud,100,1.4886099999999998e-156,306,Metazoa,Cnidaria,Hydrozoa,Leptothecata,Aequoreidae,Aequorea,0,0,TRUE,ASV780,4,NA
edna0059,ASV775,motu675,Aequorea,Crystal jelly species,genus,1,1,1,1,23,28,11,28,16,NA,25,Aequorea,Crystal jelly species,2018_hdo_surface,hdo,beach_seine,2018-07-13,2018-07-11,2018,surface,3,edna_hdo_15,surface,biological,14.2,28.64,8.26,NA,NA,NA,5.9,1000,0,51.65508561,-128.1293971,mud,n,320,p,seagrass,zostera,seagrass_mud,zostera_mud,100,1.4886099999999998e-156,306,Metazoa,Cnidaria,Hydrozoa,Leptothecata,Aequoreidae,Aequorea,0,0,TRUE,ASV775,3,NA
edna0059,ASV679,motu591,Phyllodocida,Polychaete,order,1,NA,1,NA,13,NA,8,NA,NA,NA,NA,Phyllodocida,Polychaete,2018_hdo_surface,hdo,beach_seine,2018-07-13,2018-07-11,2018,surface,3,edna_hdo_15,surface,biological,14.2,28.64,8.26,NA,NA,NA,5.9,1000,0,51.65508561,-128.1293971,mud,n,320,p,seagrass,zostera,seagrass_mud,zostera_mud,100,0.0603188,28,Metazoa,Annelida,Annelida,Phyllodocida,NA,NA,0,0,TRUE,ASV679,1,NA
edna0059,ASV1475,motu1246,Cyanea,Lions mane jellyfish species,genus,1,NA,NA,NA,2,NA,NA,NA,NA,NA,NA,Cyanea,Lions mane jellyfish species,2018_hdo_surface,hdo,beach_seine,2018-07-13,2018-07-11,2018,surface,3,edna_hdo_15,surface,biological,14.2,28.64,8.26,NA,NA,NA,5.9,1000,0,51.65508561,-128.1293971,mud,n,320,p,seagrass,zostera,seagrass_mud,zostera_mud,100,3.2351099999999996e-158,309,Metazoa,Cnidaria,Scyphozoa,Semaeostomeae,Cyaneidae,Cyanea,0,0,TRUE,ASV1475,2,NA
edna0059,ASV1040,motu897,Oithona similis,Cyclopoid copepod,species,1,1,1,1,7,18,9,16,NA,NA,NA,Oithona similis,Cyclopoid copepod,2018_hdo_surface,hdo,beach_seine,2018-07-13,2018-07-11,2018,surface,3,edna_hdo_15,surface,biological,14.2,28.64,8.26,NA,NA,NA,5.9,1000,0,51.65508561,-128.1293971,mud,n,320,p,seagrass,zostera,seagrass_mud,zostera_mud,96.17,2.0179399999999996e-140,277,Metazoa,Arthropoda,Copepoda,Cyclopoida,Oithonidae,Oithona,0,0,TRUE,ASV1040,1,Oithona similis
edna0059,ASV1807,motu1506,Balanus glandula,Acorn barnacle,species,1,1,NA,NA,187,254,NA,NA,NA,NA,NA,Balanus glandula,Acorn barnacle,2018_hdo_surface,hdo,beach_seine,2018-07-13,2018-07-11,2018,surface,3,edna_hdo_15,surface,biological,14.2,28.64,8.26,NA,NA,NA,5.9,1000,0,51.65508561,-128.1293971,mud,n,320,p,seagrass,zostera,seagrass_mud,zostera_mud,99.67,6.925819999999995e-155,303,Metazoa,Arthropoda,Thecostraca,Balanomorpha,Balanidae,Balanus,0,0,TRUE,ASV1807,1,Balanus glandula
edna0059,ASV1445,motu1221,Cistenides granulata,Trumpet worm,species,1,1,NA,NA,30,53,NA,NA,NA,NA,NA,Cistenides granulata,Trumpet worm,2018_hdo_surface,hdo,beach_seine,2018-07-13,2018-07-11,2018,surface,3,edna_hdo_15,surface,biological,14.2,28.64,8.26,NA,NA,NA,5.9,1000,0,51.65508561,-128.1293971,mud,n,320,p,seagrass,zostera,seagrass_mud,zostera_mud,100,1.4886099999999998e-156,306,Metazoa,Annelida,Polychaeta,Terebellida,Pectinariidae,Pectinaria,0,0,TRUE,ASV1445,1,Cistenides granulata
edna0059,ASV1502,motu1269,Oithona similis,Cyclopoid copepod,species,1,1,NA,NA,18,21,NA,NA,NA,NA,NA,Oithona similis,Cyclopoid copepod,2018_hdo_surface,hdo,beach_seine,2018-07-13,2018-07-11,2018,surface,3,edna_hdo_15,surface,biological,14.2,28.64,8.26,NA,NA,NA,5.9,1000,0,51.65508561,-128.1293971,mud,n,320,p,seagrass,zostera,seagrass_mud,zostera_mud,96.17,2.0179399999999996e-140,277,Metazoa,Arthropoda,Copepoda,Cyclopoida,Oithonidae,Oithona,0,0,TRUE,ASV1502,1,Oithona similis
edna0059,ASV1800,motu1500,Balanus glandula,Acorn barnacle,species,1,1,NA,NA,158,287,NA,NA,NA,NA,NA,Balanus glandula,Acorn barnacle,2018_hdo_surface,hdo,beach_seine,2018-07-13,2018-07-11,2018,surface,3,edna_hdo_15,surface,biological,14.2,28.64,8.26,NA,NA,NA,5.9,1000,0,51.65508561,-128.1293971,mud,n,320,p,seagrass,zostera,seagrass_mud,zostera_mud,99.67,6.925819999999995e-155,303,Metazoa,Arthropoda,Thecostraca,Balanomorpha,Balanidae,Balanus,0,0,TRUE,ASV1800,1,Balanus glandula
edna0059,ASV1712,motu1430,Cistenides granulata,Trumpet worm,species,1,NA,NA,NA,39,NA,NA,NA,NA,NA,NA,Cistenides granulata,Trumpet worm,2018_hdo_surface,hdo,beach_seine,2018-07-13,2018-07-11,2018,surface,3,edna_hdo_15,surface,biological,14.2,28.64,8.26,NA,NA,NA,5.9,1000,0,51.65508561,-128.1293971,mud,n,320,p,seagrass,zostera,seagrass_mud,zostera_mud,100,1.96163e-160,313,Metazoa,Annelida,Polychaeta,Terebellida,Pectinariidae,Pectinaria,0,0,TRUE,ASV1712,1,Cistenides granulata
edna0059,ASV801,motu697,Micropodarke dubia,Hesionid polychaete,species,1,1,NA,1,4,13,NA,8,NA,NA,NA,Micropodarke dubia,Hesionid polychaete,2018_hdo_surface,hdo,beach_seine,2018-07-13,2018-07-11,2018,surface,3,edna_hdo_15,surface,biological,14.2,28.64,8.26,NA,NA,NA,5.9,1000,0,51.65508561,-128.1293971,mud,n,320,p,seagrass,zostera,seagrass_mud,zostera_mud,100,1.96163e-160,313,Metazoa,Annelida,Polychaeta,Phyllodocida,Hesionidae,Micropodarke,0,0,TRUE,ASV801,2,Micropodarke dubia
edna0059,ASV1057,motu909,Orobdella,Freshwater leech,genus,1,NA,1,1,14,NA,6,NA,NA,NA,7,Orobdella,Freshwater leech,2018_hdo_surface,hdo,beach_seine,2018-07-13,2018-07-11,2018,surface,3,edna_hdo_15,surface,biological,14.2,28.64,8.26,NA,NA,NA,5.9,1000,0,51.65508561,-128.1293971,mud,n,320,p,seagrass,zostera,seagrass_mud,zostera_mud,97.06,0.0011939,31,Metazoa,Annelida,Annelida,Erpobdelliformes,Orobdellidae,Orobdella,NA,NA,TRUE,ASV1057,1,NA
edna0059,ASV1767,motu31,Centropages abdominalis,Calanoid copepod,species,1,1,1,1,39,99,44,109,59,NA,113,Centropages abdominalis,Calanoid copepod,2018_hdo_surface,hdo,beach_seine,2018-07-13,2018-07-11,2018,surface,3,edna_hdo_15,surface,biological,14.2,28.64,8.26,NA,NA,NA,5.9,1000,0,51.65508561,-128.1293971,mud,n,320,p,seagrass,zostera,seagrass_mud,zostera_mud,99.36,4.246189999999999e-157,307,Metazoa,Arthropoda,Copepoda,Calanoida,Centropagidae,Centropages,0,0,TRUE,ASV34,19,Centropages abdominalis
edna0059,ASV3266,motu2608,Arthropoda,Unknown arthropod,phylum,1,NA,NA,NA,4,NA,NA,NA,NA,NA,NA,Arthropoda,Unknown arthropod,2018_hdo_surface,hdo,beach_seine,2018-07-13,2018-07-11,2018,surface,3,edna_hdo_15,surface,biological,14.2,28.64,8.26,NA,NA,NA,5.9,1000,0,51.65508561,-128.1293971,mud,n,320,p,seagrass,zostera,seagrass_mud,zostera_mud,100,0.014701,29,Metazoa,Arthropoda,NA,NA,NA,NA,NA,NA,TRUE,ASV3266,1,NA
edna0059,ASV3292,motu128,Centropages abdominalis,Calanoid copepod,species,1,1,NA,NA,26,91,NA,NA,NA,NA,NA,Centropages abdominalis,Calanoid copepod,2018_hdo_surface,hdo,beach_seine,2018-07-13,2018-07-11,2018,surface,3,edna_hdo_15,surface,biological,14.2,28.64,8.26,NA,NA,NA,5.9,1000,0,51.65508561,-128.1293971,mud,n,320,p,seagrass,zostera,seagrass_mud,zostera_mud,99.36,4.246189999999999e-157,307,Metazoa,Arthropoda,Copepoda,Calanoida,Centropagidae,Centropages,0,0,TRUE,ASV143,11,Centropages abdominalis
edna0059,ASV2928,motu557,Macoma nasuta,Bent-nosed clam,species,1,1,1,1,6,7,3,12,4,NA,NA,Macoma nasuta,Bent-nosed clam,2018_hdo_surface,hdo,beach_seine,2018-07-13,2018-07-11,2018,surface,3,edna_hdo_15,surface,biological,14.2,28.64,8.26,NA,NA,NA,5.9,1000,0,51.65508561,-128.1293971,mud,n,320,p,seagrass,zostera,seagrass_mud,zostera_mud,99.36,4.246189999999999e-157,307,Metazoa,Mollusca,Bivalvia,Cardiida,Tellinidae,Macoma,0,0,TRUE,ASV643,4,Macoma nasuta
edna0059,ASV2797,motu2260,Armandia brevis,Opheliid polychaete,species,1,NA,NA,1,4,NA,NA,NA,7,NA,8,Armandia brevis,Opheliid polychaete,2018_hdo_surface,hdo,beach_seine,2018-07-13,2018-07-11,2018,surface,3,edna_hdo_15,surface,biological,14.2,28.64,8.26,NA,NA,NA,5.9,1000,0,51.65508561,-128.1293971,mud,n,320,p,seagrass,zostera,seagrass_mud,zostera_mud,100,2.708459999999999e-174,338,Metazoa,Annelida,Polychaeta,NA,Opheliidae,Armandia,0,0,TRUE,ASV2797,1,Armandia brevis
edna0060,ASV25,motu22,Acartia (Acartiura) longiremis,Calanoid copepod,species,1,1,1,1,365,653,168,691,575,NA,444,Acartia (Acartiura) longiremis,Calanoid copepod,2018_hdo_depth,hdo,beach_seine,2018-07-13,2018-07-11,2018,depth,3,edna_hdo_30,depth,biological,10.6,31,7.95,NA,NA,NA,5.9,1000,0,51.6551346,-128.1292625,mud,n,320,p,seagrass,zostera,seagrass_mud,zostera_mud,100,1.96163e-160,313,Metazoa,Arthropoda,Copepoda,Calanoida,Acartiidae,Acartia,0,0,TRUE,ASV25,27,Acartia (Acartiura) longiremis
edna0060,ASV81,motu71,Acartia (Acartiura) longiremis,Calanoid copepod,species,1,1,NA,1,346,632,NA,71,43,NA,NA,Acartia (Acartiura) longiremis,Calanoid copepod,2018_hdo_depth,hdo,beach_seine,2018-07-13,2018-07-11,2018,depth,3,edna_hdo_30,depth,biological,10.6,31,7.95,NA,NA,NA,5.9,1000,0,51.6551346,-128.1292625,mud,n,320,p,seagrass,zostera,seagrass_mud,zostera_mud,100,1.96163e-160,313,Metazoa,Arthropoda,Copepoda,Calanoida,Acartiidae,Acartia,0,0,TRUE,ASV81,23,Acartia (Acartiura) longiremis
edna0060,ASV258,motu228,Lensia,Siphonophore,genus,1,1,NA,NA,11,10,NA,NA,NA,NA,NA,Lensia,Siphonophore,2018_hdo_depth,hdo,beach_seine,2018-07-13,2018-07-11,2018,depth,3,edna_hdo_30,depth,biological,10.6,31,7.95,NA,NA,NA,5.9,1000,0,51.6551346,-128.1292625,mud,n,320,p,seagrass,zostera,seagrass_mud,zostera_mud,100,0.00408744,30,Metazoa,Cnidaria,Cnidaria,Siphonophorae,Diphyidae,Lensia,0,0,TRUE,ASV258,1,NA
edna0060,ASV171,motu150,Pseudocalanus mimus,Calanoid copepod,species,1,1,1,1,67,122,81,235,154,NA,193,Pseudocalanus mimus,Calanoid copepod,2018_hdo_depth,hdo,beach_seine,2018-07-13,2018-07-11,2018,depth,3,edna_hdo_30,depth,biological,10.6,31,7.95,NA,NA,NA,5.9,1000,0,51.6551346,-128.1292625,mud,n,320,p,seagrass,zostera,seagrass_mud,zostera_mud,99.67,9.19139e-154,301,Metazoa,Arthropoda,Copepoda,Calanoida,Clausocalanidae,Pseudocalanus,0,0,TRUE,ASV171,10,Pseudocalanus mimus
edna0060,ASV343,motu303,Pseudocalanus mimus,Calanoid copepod,species,1,1,NA,NA,78,124,NA,NA,NA,NA,NA,Pseudocalanus mimus,Calanoid copepod,2018_hdo_depth,hdo,beach_seine,2018-07-13,2018-07-11,2018,depth,3,edna_hdo_30,depth,biological,10.6,31,7.95,NA,NA,NA,5.9,1000,0,51.6551346,-128.1292625,mud,n,320,p,seagrass,zostera,seagrass_mud,zostera_mud,99.67,9.19139e-154,301,Metazoa,Arthropoda,Copepoda,Calanoida,Clausocalanidae,Pseudocalanus,0,0,TRUE,ASV343,11,Pseudocalanus mimus
edna0060,ASV280,motu190,Mytilus,Mussel species,genus,1,1,1,1,12,20,8,18,NA,NA,20,Mytilus trossulus,Bay mussel,2018_hdo_depth,hdo,beach_seine,2018-07-13,2018-07-11,2018,depth,3,edna_hdo_30,depth,biological,10.6,31,7.95,NA,NA,NA,5.9,1000,0,51.6551346,-128.1292625,mud,n,320,p,seagrass,zostera,seagrass_mud,zostera_mud,100,3.2351099999999996e-158,309,Metazoa,Mollusca,Mollusca,Mytilida,Mytilidae,Mytilus,0,0,TRUE,ASV216,23,NA
edna0060,ASV270,motu199,Mytilus,Mussel species,genus,1,1,1,1,18,19,7,22,12,NA,16,Mytilus trossulus,Bay mussel,2018_hdo_depth,hdo,beach_seine,2018-07-13,2018-07-11,2018,depth,3,edna_hdo_30,depth,biological,10.6,31,7.95,NA,NA,NA,5.9,1000,0,51.6551346,-128.1292625,mud,n,320,p,seagrass,zostera,seagrass_mud,zostera_mud,100,3.2351099999999996e-158,309,Metazoa,Mollusca,Mollusca,Mytilida,Mytilidae,Mytilus,0,0,TRUE,ASV226,18,NA
edna0060,ASV205,motu181,Pseudocalanus mimus,Calanoid copepod,species,1,1,1,1,40,71,37,136,78,NA,105,Pseudocalanus mimus,Calanoid copepod,2018_hdo_depth,hdo,beach_seine,2018-07-13,2018-07-11,2018,depth,3,edna_hdo_30,depth,biological,10.6,31,7.95,NA,NA,NA,5.9,1000,0,51.6551346,-128.1292625,mud,n,320,p,seagrass,zostera,seagrass_mud,zostera_mud,100,1.18898e-152,299,Metazoa,Arthropoda,Copepoda,Calanoida,Clausocalanidae,Pseudocalanus,0,0,TRUE,ASV205,8,Pseudocalanus mimus
edna0060,ASV416,motu366,Pseudocalanus mimus,Calanoid copepod,species,1,1,NA,NA,48,91,NA,NA,NA,NA,NA,Pseudocalanus mimus,Calanoid copepod,2018_hdo_depth,hdo,beach_seine,2018-07-13,2018-07-11,2018,depth,3,edna_hdo_30,depth,biological,10.6,31,7.95,NA,NA,NA,5.9,1000,0,51.6551346,-128.1292625,mud,n,320,p,seagrass,zostera,seagrass_mud,zostera_mud,100,1.18898e-152,299,Metazoa,Arthropoda,Copepoda,Calanoida,Clausocalanidae,Pseudocalanus,0,0,TRUE,ASV416,7,Pseudocalanus mimus
edna0060,ASV324,motu285,Paracalanus parvus parvus,Calanoid copepod,species,1,1,1,1,15,16,12,29,27,NA,31,Paracalanus parvus parvus,Calanoid copepod,2018_hdo_depth,hdo,beach_seine,2018-07-13,2018-07-11,2018,depth,3,edna_hdo_30,depth,biological,10.6,31,7.95,NA,NA,NA,5.9,1000,0,51.6551346,-128.1292625,mud,n,320,p,seagrass,zostera,seagrass_mud,zostera_mud,100,1.17454e-132,263,Metazoa,Arthropoda,Copepoda,Calanoida,Paracalanidae,Paracalanus,0,0,TRUE,ASV324,6,Paracalanus parvus parvus
edna0060,ASV462,motu407,Kellia suborbicularis,Suborbicular kellyclam,species,1,1,1,1,157,204,59,128,258,NA,129,Kellia suborbicularis,Suborbicular kellyclam,2018_hdo_depth,hdo,beach_seine,2018-07-13,2018-07-11,2018,depth,3,edna_hdo_30,depth,biological,10.6,31,7.95,NA,NA,NA,5.9,1000,0,51.6551346,-128.1292625,mud,n,320,p,seagrass,zostera,seagrass_mud,zostera_mud,98.4,4.27634e-152,298,Metazoa,Mollusca,Bivalvia,Galeommatida,Lasaeidae,Kellia,0,0,TRUE,ASV462,4,Kellia suborbicularis
edna0060,ASV536,motu470,Paracalanus parvus parvus,Calanoid copepod,species,1,1,NA,1,15,21,NA,NA,31,NA,NA,Paracalanus parvus parvus,Calanoid copepod,2018_hdo_depth,hdo,beach_seine,2018-07-13,2018-07-11,2018,depth,3,edna_hdo_30,depth,biological,10.6,31,7.95,NA,NA,NA,5.9,1000,0,51.6551346,-128.1292625,mud,n,320,p,seagrass,zostera,seagrass_mud,zostera_mud,100,1.17454e-132,263,Metazoa,Arthropoda,Copepoda,Calanoida,Paracalanidae,Paracalanus,0,0,TRUE,ASV536,6,Paracalanus parvus parvus
edna0060,ASV654,motu567,Kellia suborbicularis,Suborbicular kellyclam,species,1,1,NA,NA,122,200,NA,NA,NA,NA,NA,Kellia suborbicularis,Suborbicular kellyclam,2018_hdo_depth,hdo,beach_seine,2018-07-13,2018-07-11,2018,depth,3,edna_hdo_30,depth,biological,10.6,31,7.95,NA,NA,NA,5.9,1000,0,51.6551346,-128.1292625,mud,n,320,p,seagrass,zostera,seagrass_mud,zostera_mud,98.4,4.27634e-152,298,Metazoa,Mollusca,Bivalvia,Galeommatida,Lasaeidae,Kellia,0,0,TRUE,ASV654,4,Kellia suborbicularis
edna0060,ASV377,motu334,Synchaeta pectinata,Rotifer,species,1,1,1,1,92,111,61,131,145,NA,123,Synchaeta pectinata,Rotifer,2018_hdo_depth,hdo,beach_seine,2018-07-13,2018-07-11,2018,depth,3,edna_hdo_30,depth,biological,10.6,31,7.95,NA,NA,NA,5.9,1000,0,51.6551346,-128.1292625,mud,n,320,p,seagrass,zostera,seagrass_mud,zostera_mud,90.48,1.6452299999999999e-111,225,Metazoa,Rotifera,Eurotatoria,Ploima,Synchaetidae,Synchaeta,0,0,TRUE,ASV377,5,Synchaeta pectinata
edna0060,ASV398,motu350,Synchaeta pectinata,Rotifer,species,1,1,1,1,74,138,50,152,138,NA,113,Synchaeta pectinata,Rotifer,2018_hdo_depth,hdo,beach_seine,2018-07-13,2018-07-11,2018,depth,3,edna_hdo_30,depth,biological,10.6,31,7.95,NA,NA,NA,5.9,1000,0,51.6551346,-128.1292625,mud,n,320,p,seagrass,zostera,seagrass_mud,zostera_mud,90.48,1.6452299999999999e-111,225,Metazoa,Rotifera,Eurotatoria,Ploima,Synchaetidae,Synchaeta,0,0,TRUE,ASV398,4,Synchaeta pectinata
edna0060,ASV336,motu296,Pseudocalanus newmani,Calanoid copepod,species,1,1,NA,1,57,139,NA,192,149,NA,157,Pseudocalanus newmani,Calanoid copepod,2018_hdo_depth,hdo,beach_seine,2018-07-13,2018-07-11,2018,depth,3,edna_hdo_30,depth,biological,10.6,31,7.95,NA,NA,NA,5.9,1000,0,51.6551346,-128.1292625,mud,n,320,p,seagrass,zostera,seagrass_mud,zostera_mud,100,1.96163e-160,313,Metazoa,Arthropoda,Copepoda,Calanoida,Clausocalanidae,Pseudocalanus,0,0,TRUE,ASV336,4,Pseudocalanus newmani
edna0060,ASV632,motu22,Acartia (Acartiura) longiremis,Calanoid copepod,species,1,1,NA,NA,43,80,NA,NA,NA,NA,NA,Acartia (Acartiura) longiremis,Calanoid copepod,2018_hdo_depth,hdo,beach_seine,2018-07-13,2018-07-11,2018,depth,3,edna_hdo_30,depth,biological,10.6,31,7.95,NA,NA,NA,5.9,1000,0,51.6551346,-128.1292625,mud,n,320,p,seagrass,zostera,seagrass_mud,zostera_mud,99.68,9.126599999999999e-159,310,Metazoa,Arthropoda,Copepoda,Calanoida,Acartiidae,Acartia,0,0,TRUE,ASV25,27,Acartia (Acartiura) longiremis
edna0060,ASV623,motu543,Balanus,Barnacle species,genus,1,1,1,1,53,77,43,139,83,NA,122,Balanus,Barnacle species,2018_hdo_depth,hdo,beach_seine,2018-07-13,2018-07-11,2018,depth,3,edna_hdo_30,depth,biological,10.6,31,7.95,NA,NA,NA,5.9,1000,0,51.6551346,-128.1292625,mud,n,320,p,seagrass,zostera,seagrass_mud,zostera_mud,100,1.4886099999999998e-156,306,Metazoa,Arthropoda,Arthropoda,Balanomorpha,Balanidae,Balanus,0,0,TRUE,ASV623,7,NA
edna0060,ASV1095,motu942,Balanus,Barnacle species,genus,1,1,NA,NA,63,74,NA,NA,NA,NA,NA,Balanus,Barnacle species,2018_hdo_depth,hdo,beach_seine,2018-07-13,2018-07-11,2018,depth,3,edna_hdo_30,depth,biological,10.6,31,7.95,NA,NA,NA,5.9,1000,0,51.6551346,-128.1292625,mud,n,320,p,seagrass,zostera,seagrass_mud,zostera_mud,100,1.4886099999999998e-156,306,Metazoa,Arthropoda,Arthropoda,Balanomorpha,Balanidae,Balanus,0,0,TRUE,ASV1095,4,NA
edna0060,ASV713,motu350,Synchaeta pectinata,Rotifer,species,1,1,1,1,47,77,28,88,83,NA,95,Synchaeta pectinata,Rotifer,2018_hdo_depth,hdo,beach_seine,2018-07-13,2018-07-11,2018,depth,3,edna_hdo_30,depth,biological,10.6,31,7.95,NA,NA,NA,5.9,1000,0,51.6551346,-128.1292625,mud,n,320,p,seagrass,zostera,seagrass_mud,zostera_mud,90.79,3.5361899999999996e-113,228,Metazoa,Rotifera,Eurotatoria,Ploima,Synchaetidae,Synchaeta,0,0,TRUE,ASV398,4,Synchaeta pectinata
edna0060,ASV1006,motu281,Pseudocalanus newmani,Calanoid copepod,species,1,NA,NA,NA,87,NA,NA,NA,NA,NA,NA,Pseudocalanus newmani,Calanoid copepod,2018_hdo_depth,hdo,beach_seine,2018-07-13,2018-07-11,2018,depth,3,edna_hdo_30,depth,biological,10.6,31,7.95,NA,NA,NA,5.9,1000,0,51.6551346,-128.1292625,mud,n,320,p,seagrass,zostera,seagrass_mud,zostera_mud,99.68,9.126599999999999e-159,310,Metazoa,Arthropoda,Copepoda,Calanoida,Clausocalanidae,Pseudocalanus,0,0,TRUE,ASV320,6,Pseudocalanus newmani
edna0060,ASV750,motu654,Orobdella,Freshwater leech,genus,1,NA,NA,1,7,NA,NA,25,21,NA,NA,Orobdella,Freshwater leech,2018_hdo_depth,hdo,beach_seine,2018-07-13,2018-07-11,2018,depth,3,edna_hdo_30,depth,biological,10.6,31,7.95,NA,NA,NA,5.9,1000,0,51.6551346,-128.1292625,mud,n,320,p,seagrass,zostera,seagrass_mud,zostera_mud,97.06,0.00121031,31,Metazoa,Annelida,Annelida,Erpobdelliformes,Orobdellidae,Orobdella,NA,NA,TRUE,ASV750,1,NA
edna0060,ASV674,motu334,Synchaeta pectinata,Rotifer,species,1,1,1,1,48,89,42,101,84,NA,99,Synchaeta pectinata,Rotifer,2018_hdo_depth,hdo,beach_seine,2018-07-13,2018-07-11,2018,depth,3,edna_hdo_30,depth,biological,10.6,31,7.95,NA,NA,NA,5.9,1000,0,51.6551346,-128.1292625,mud,n,320,p,seagrass,zostera,seagrass_mud,zostera_mud,90.79,3.5361899999999996e-113,228,Metazoa,Rotifera,Eurotatoria,Ploima,Synchaetidae,Synchaeta,0,0,TRUE,ASV377,5,Synchaeta pectinata
edna0060,ASV670,motu583,Synchaeta triophthalma,Rotifer,species,1,1,1,1,16,40,18,45,29,NA,54,Synchaeta triophthalma,Rotifer,2018_hdo_depth,hdo,beach_seine,2018-07-13,2018-07-11,2018,depth,3,edna_hdo_30,depth,biological,10.6,31,7.95,NA,NA,NA,5.9,1000,0,51.6551346,-128.1292625,mud,n,320,p,seagrass,zostera,seagrass_mud,zostera_mud,91.99,3.511259999999999e-118,237,Metazoa,Rotifera,Eurotatoria,Ploima,Synchaetidae,Synchaeta,0,0,TRUE,ASV670,4,Synchaeta triophthalma
edna0060,ASV647,motu560,Synchaeta triophthalma,Rotifer,species,1,1,1,1,24,41,18,50,34,NA,34,Synchaeta triophthalma,Rotifer,2018_hdo_depth,hdo,beach_seine,2018-07-13,2018-07-11,2018,depth,3,edna_hdo_30,depth,biological,10.6,31,7.95,NA,NA,NA,5.9,1000,0,51.6551346,-128.1292625,mud,n,320,p,seagrass,zostera,seagrass_mud,zostera_mud,91.99,3.511259999999999e-118,237,Metazoa,Rotifera,Eurotatoria,Ploima,Synchaetidae,Synchaeta,0,0,TRUE,ASV647,4,Synchaeta triophthalma
edna0060,ASV780,motu679,Aequorea,Crystal jelly species,genus,1,NA,NA,NA,4,NA,NA,NA,NA,NA,NA,Aequorea,Crystal jelly species,2018_hdo_depth,hdo,beach_seine,2018-07-13,2018-07-11,2018,depth,3,edna_hdo_30,depth,biological,10.6,31,7.95,NA,NA,NA,5.9,1000,0,51.6551346,-128.1292625,mud,n,320,p,seagrass,zostera,seagrass_mud,zostera_mud,100,1.4886099999999998e-156,306,Metazoa,Cnidaria,Hydrozoa,Leptothecata,Aequoreidae,Aequorea,0,0,TRUE,ASV780,4,NA
edna0060,ASV1013,motu876,Orobdella,Freshwater leech,genus,1,NA,NA,1,6,NA,NA,38,NA,NA,NA,Orobdella,Freshwater leech,2018_hdo_depth,hdo,beach_seine,2018-07-13,2018-07-11,2018,depth,3,edna_hdo_30,depth,biological,10.6,31,7.95,NA,NA,NA,5.9,1000,0,51.6551346,-128.1292625,mud,n,320,p,seagrass,zostera,seagrass_mud,zostera_mud,97.06,0.00121031,31,Metazoa,Annelida,Annelida,Erpobdelliformes,Orobdellidae,Orobdella,NA,NA,TRUE,ASV1013,1,NA
edna0060,ASV1521,motu1283,Polymorphidae,Thorny headed worm,family,1,1,NA,NA,16,35,NA,NA,NA,NA,NA,Polymorphidae,Thorny headed worm,2018_hdo_depth,hdo,beach_seine,2018-07-13,2018-07-11,2018,depth,3,edna_hdo_30,depth,biological,10.6,31,7.95,NA,NA,NA,5.9,1000,0,51.6551346,-128.1292625,mud,n,320,p,seagrass,zostera,seagrass_mud,zostera_mud,94.87,8.37307e-5,33,Metazoa,Acanthocephala,Acanthocephala,Polymorphida,Polymorphidae,NA,0,0,TRUE,ASV1521,2,NA
edna0060,ASV1502,motu1269,Oithona similis,Cyclopoid copepod,species,1,1,NA,NA,2,4,NA,NA,NA,NA,NA,Oithona similis,Cyclopoid copepod,2018_hdo_depth,hdo,beach_seine,2018-07-13,2018-07-11,2018,depth,3,edna_hdo_30,depth,biological,10.6,31,7.95,NA,NA,NA,5.9,1000,0,51.6551346,-128.1292625,mud,n,320,p,seagrass,zostera,seagrass_mud,zostera_mud,96.17,2.0179399999999996e-140,277,Metazoa,Arthropoda,Copepoda,Cyclopoida,Oithonidae,Oithona,0,0,TRUE,ASV1502,1,Oithona similis
edna0060,ASV1986,motu22,Acartia (Acartiura) longiremis,Calanoid copepod,species,1,1,NA,NA,33,44,NA,NA,NA,NA,NA,Acartia (Acartiura) longiremis,Calanoid copepod,2018_hdo_depth,hdo,beach_seine,2018-07-13,2018-07-11,2018,depth,3,edna_hdo_30,depth,biological,10.6,31,7.95,NA,NA,NA,5.9,1000,0,51.6551346,-128.1292625,mud,n,320,p,seagrass,zostera,seagrass_mud,zostera_mud,99.68,9.126599999999999e-159,310,Metazoa,Arthropoda,Copepoda,Calanoida,Acartiidae,Acartia,0,0,TRUE,ASV25,27,Acartia (Acartiura) longiremis
edna0060,ASV1808,motu1310,Metridia pacifica,Calanoid copepod,species,1,1,NA,1,42,83,NA,NA,NA,NA,66,Metridia pacifica,Calanoid copepod,2018_hdo_depth,hdo,beach_seine,2018-07-13,2018-07-11,2018,depth,3,edna_hdo_30,depth,biological,10.6,31,7.95,NA,NA,NA,5.9,1000,0,51.6551346,-128.1292625,mud,n,320,p,seagrass,zostera,seagrass_mud,zostera_mud,100,1.96163e-160,313,Metazoa,Arthropoda,Copepoda,Calanoida,Metridinidae,Metridia,0,0,TRUE,ASV1555,6,Metridia pacifica
edna0060,ASV1728,motu1165,Pseudocalanus mimus,Calanoid copepod,species,1,1,NA,NA,39,62,NA,NA,NA,NA,NA,Pseudocalanus mimus,Calanoid copepod,2018_hdo_depth,hdo,beach_seine,2018-07-13,2018-07-11,2018,depth,3,edna_hdo_30,depth,biological,10.6,31,7.95,NA,NA,NA,5.9,1000,0,51.6551346,-128.1292625,mud,n,320,p,seagrass,zostera,seagrass_mud,zostera_mud,100,1.18898e-152,299,Metazoa,Arthropoda,Copepoda,Calanoida,Clausocalanidae,Pseudocalanus,0,0,TRUE,ASV1381,2,Pseudocalanus mimus
edna0060,ASV1330,motu22,Acartia (Acartiura) longiremis,Calanoid copepod,species,1,1,1,1,99,179,45,328,NA,NA,167,Acartia (Acartiura) longiremis,Calanoid copepod,2018_hdo_depth,hdo,beach_seine,2018-07-13,2018-07-11,2018,depth,3,edna_hdo_30,depth,biological,10.6,31,7.95,NA,NA,NA,5.9,1000,0,51.6551346,-128.1292625,mud,n,320,p,seagrass,zostera,seagrass_mud,zostera_mud,99.68,9.126599999999999e-159,310,Metazoa,Arthropoda,Copepoda,Calanoida,Acartiidae,Acartia,0,0,TRUE,ASV25,27,Acartia (Acartiura) longiremis
edna0060,ASV2356,motu71,Acartia (Acartiura) longiremis,Calanoid copepod,species,1,1,NA,NA,94,161,NA,NA,NA,NA,NA,Acartia (Acartiura) longiremis,Calanoid copepod,2018_hdo_depth,hdo,beach_seine,2018-07-13,2018-07-11,2018,depth,3,edna_hdo_30,depth,biological,10.6,31,7.95,NA,NA,NA,5.9,1000,0,51.6551346,-128.1292625,mud,n,320,p,seagrass,zostera,seagrass_mud,zostera_mud,99.68,9.126599999999999e-159,310,Metazoa,Arthropoda,Copepoda,Calanoida,Acartiidae,Acartia,0,0,TRUE,ASV81,23,Acartia (Acartiura) longiremis
edna0060,ASV2195,motu1812,Corynidae,Athecate hydroid,family,1,1,1,1,29,36,9,10,NA,NA,37,Corynidae,Athecate hydroid,2018_hdo_depth,hdo,beach_seine,2018-07-13,2018-07-11,2018,depth,3,edna_hdo_30,depth,biological,10.6,31,7.95,NA,NA,NA,5.9,1000,0,51.6551346,-128.1292625,mud,n,320,p,seagrass,zostera,seagrass_mud,zostera_mud,94.12,1.5934199999999998e-126,252,Metazoa,Cnidaria,Cnidaria,Anthoathecata,Corynidae,NA,0,0,TRUE,ASV2195,2,NA
edna0060,ASV1593,motu976,Metridia pacifica,Calanoid copepod,species,1,1,NA,1,43,61,NA,95,51,NA,82,Metridia pacifica,Calanoid copepod,2018_hdo_depth,hdo,beach_seine,2018-07-13,2018-07-11,2018,depth,3,edna_hdo_30,depth,biological,10.6,31,7.95,NA,NA,NA,5.9,1000,0,51.6551346,-128.1292625,mud,n,320,p,seagrass,zostera,seagrass_mud,zostera_mud,100,1.96163e-160,313,Metazoa,Arthropoda,Copepoda,Calanoida,Metridinidae,Metridia,0,0,TRUE,ASV1137,4,Metridia pacifica
edna0060,ASV1981,motu22,Acartia (Acartiura) longiremis,Calanoid copepod,species,1,1,NA,1,50,84,NA,95,78,NA,56,Acartia (Acartiura) longiremis,Calanoid copepod,2018_hdo_depth,hdo,beach_seine,2018-07-13,2018-07-11,2018,depth,3,edna_hdo_30,depth,biological,10.6,31,7.95,NA,NA,NA,5.9,1000,0,51.6551346,-128.1292625,mud,n,320,p,seagrass,zostera,seagrass_mud,zostera_mud,99.68,9.126599999999999e-159,310,Metazoa,Arthropoda,Copepoda,Calanoida,Acartiidae,Acartia,0,0,TRUE,ASV25,27,Acartia (Acartiura) longiremis
edna0060,ASV2709,motu2195,Halitholus,Athecate hydroid,genus,1,1,NA,NA,32,58,NA,NA,NA,NA,NA,Halitholus,Athecate hydroid,2018_hdo_depth,hdo,beach_seine,2018-07-13,2018-07-11,2018,depth,3,edna_hdo_30,depth,biological,10.6,31,7.95,NA,NA,NA,5.9,1000,0,51.6551346,-128.1292625,mud,n,320,p,seagrass,zostera,seagrass_mud,zostera_mud,98.72,9.19139e-154,301,Metazoa,Cnidaria,Cnidaria,Anthoathecata,Pandeidae,Halitholus,0,0,TRUE,ASV2709,1,NA
edna0060,ASV1266,motu1074,Cistenides granulata,Trumpet worm,species,1,NA,NA,NA,12,NA,NA,NA,NA,NA,NA,Cistenides granulata,Trumpet worm,2018_hdo_depth,hdo,beach_seine,2018-07-13,2018-07-11,2018,depth,3,edna_hdo_30,depth,biological,10.6,31,7.95,NA,NA,NA,5.9,1000,0,51.6551346,-128.1292625,mud,n,320,p,seagrass,zostera,seagrass_mud,zostera_mud,100,2.51921e-159,311,Metazoa,Annelida,Polychaeta,Terebellida,Pectinariidae,Pectinaria,0,0,TRUE,ASV1266,1,Cistenides granulata
edna0060,ASV1603,motu1347,Armandia brevis,Opheliid polychaete,species,1,1,1,1,42,74,47,NA,NA,NA,150,Armandia brevis,Opheliid polychaete,2018_hdo_depth,hdo,beach_seine,2018-07-13,2018-07-11,2018,depth,3,edna_hdo_30,depth,biological,10.6,31,7.95,NA,NA,NA,5.9,1000,0,51.6551346,-128.1292625,mud,n,320,p,seagrass,zostera,seagrass_mud,zostera_mud,100,3.4804099999999994e-173,336,Metazoa,Annelida,Polychaeta,NA,Opheliidae,Armandia,0,0,TRUE,ASV1603,1,Armandia brevis
edna0060,ASV2570,motu303,Pseudocalanus mimus,Calanoid copepod,species,1,1,NA,NA,7,14,NA,NA,NA,NA,NA,Pseudocalanus mimus,Calanoid copepod,2018_hdo_depth,hdo,beach_seine,2018-07-13,2018-07-11,2018,depth,3,edna_hdo_30,depth,biological,10.6,31,7.95,NA,NA,NA,5.9,1000,0,51.6551346,-128.1292625,mud,n,320,p,seagrass,zostera,seagrass_mud,zostera_mud,100,4.27634e-152,298,Metazoa,Arthropoda,Copepoda,Calanoida,Clausocalanidae,Pseudocalanus,0,0,TRUE,ASV343,11,Pseudocalanus mimus
edna0060,ASV2538,motu2065,Proboscidactyla flavicirrata,Athecate hydroid,species,1,1,1,1,39,48,29,NA,42,NA,55,Proboscidactyla flavicirrata,Athecate hydroid,2018_hdo_depth,hdo,beach_seine,2018-07-13,2018-07-11,2018,depth,3,edna_hdo_30,depth,biological,10.6,31,7.95,NA,NA,NA,5.9,1000,0,51.6551346,-128.1292625,mud,n,320,p,seagrass,zostera,seagrass_mud,zostera_mud,98.37,3.245149999999998e-148,291,Metazoa,Cnidaria,Hydrozoa,Anthoathecata,Proboscidactylidae,Proboscidactyla,0,0,TRUE,ASV2538,1,Proboscidactyla flavicirrata
edna0060,ASV1391,motu1175,Cistenides granulata,Trumpet worm,species,1,NA,1,1,10,NA,6,NA,15,NA,10,Cistenides granulata,Trumpet worm,2018_hdo_depth,hdo,beach_seine,2018-07-13,2018-07-11,2018,depth,3,edna_hdo_30,depth,biological,10.6,31,7.95,NA,NA,NA,5.9,1000,0,51.6551346,-128.1292625,mud,n,320,p,seagrass,zostera,seagrass_mud,zostera_mud,100,2.51921e-159,311,Metazoa,Annelida,Polychaeta,Terebellida,Pectinariidae,Pectinaria,0,0,TRUE,ASV1391,1,Cistenides granulata
edna0060,ASV4448,motu800,Polymorphidae,Thorny headed worm,family,1,NA,NA,NA,33,NA,NA,NA,NA,NA,NA,Polymorphidae,Thorny headed worm,2018_hdo_depth,hdo,beach_seine,2018-07-13,2018-07-11,2018,depth,3,edna_hdo_30,depth,biological,10.6,31,7.95,NA,NA,NA,5.9,1000,0,51.6551346,-128.1292625,mud,n,320,p,seagrass,zostera,seagrass_mud,zostera_mud,94.87,8.37307e-5,33,Metazoa,Acanthocephala,Acanthocephala,Polymorphida,Polymorphidae,NA,0,0,TRUE,ASV920,3,NA
edna0060,ASV1716,motu1434,Armandia brevis,Opheliid polychaete,species,1,1,1,1,34,81,33,76,113,NA,NA,Armandia brevis,Opheliid polychaete,2018_hdo_depth,hdo,beach_seine,2018-07-13,2018-07-11,2018,depth,3,edna_hdo_30,depth,biological,10.6,31,7.95,NA,NA,NA,5.9,1000,0,51.6551346,-128.1292625,mud,n,320,p,seagrass,zostera,seagrass_mud,zostera_mud,100,2.1076299999999988e-175,340,Metazoa,Annelida,Polychaeta,NA,Opheliidae,Armandia,0,0,TRUE,ASV1716,1,Armandia brevis
edna0060,ASV1604,motu1348,Halitholus,Athecate hydroid,genus,1,1,1,1,20,59,21,52,53,NA,68,Halitholus,Athecate hydroid,2018_hdo_depth,hdo,beach_seine,2018-07-13,2018-07-11,2018,depth,3,edna_hdo_30,depth,biological,10.6,31,7.95,NA,NA,NA,5.9,1000,0,51.6551346,-128.1292625,mud,n,320,p,seagrass,zostera,seagrass_mud,zostera_mud,98.72,9.19139e-154,301,Metazoa,Cnidaria,Cnidaria,Anthoathecata,Pandeidae,Halitholus,0,0,TRUE,ASV1604,2,NA
edna0060,ASV3695,motu2918,Pseudocalanus mimus,Calanoid copepod,species,1,1,NA,NA,32,56,NA,NA,NA,NA,NA,Pseudocalanus mimus,Calanoid copepod,2018_hdo_depth,hdo,beach_seine,2018-07-13,2018-07-11,2018,depth,3,edna_hdo_30,depth,biological,10.6,31,7.95,NA,NA,NA,5.9,1000,0,51.6551346,-128.1292625,mud,n,320,p,seagrass,zostera,seagrass_mud,zostera_mud,99.33,2.5736899999999995e-149,293,Metazoa,Arthropoda,Copepoda,Calanoida,Clausocalanidae,Pseudocalanus,0,0,TRUE,ASV3695,1,Pseudocalanus mimus
edna0060,ASV3335,motu181,Pseudocalanus mimus,Calanoid copepod,species,1,1,1,NA,30,60,23,NA,NA,NA,NA,Pseudocalanus mimus,Calanoid copepod,2018_hdo_depth,hdo,beach_seine,2018-07-13,2018-07-11,2018,depth,3,edna_hdo_30,depth,biological,10.6,31,7.95,NA,NA,NA,5.9,1000,0,51.6551346,-128.1292625,mud,n,320,p,seagrass,zostera,seagrass_mud,zostera_mud,99.33,2.5736899999999995e-149,293,Metazoa,Arthropoda,Copepoda,Calanoida,Clausocalanidae,Pseudocalanus,0,0,TRUE,ASV205,8,Pseudocalanus mimus
edna0060,ASV3912,motu3072,Corynidae,Athecate hydroid,family,1,1,NA,NA,18,28,NA,NA,NA,NA,NA,Corynidae,Athecate hydroid,2018_hdo_depth,hdo,beach_seine,2018-07-13,2018-07-11,2018,depth,3,edna_hdo_30,depth,biological,10.6,31,7.95,NA,NA,NA,5.9,1000,0,51.6551346,-128.1292625,mud,n,320,p,seagrass,zostera,seagrass_mud,zostera_mud,94.12,1.5934199999999998e-126,252,Metazoa,Cnidaria,Cnidaria,Anthoathecata,Corynidae,NA,0,0,TRUE,ASV3912,1,NA
edna0061,ASV258,motu228,Lensia,Siphonophore,genus,1,1,NA,NA,10,8,NA,NA,NA,NA,NA,Lensia,Siphonophore,2018_gog1_surface,gog1,beach_seine,2018-07-15,2018-07-14,2018,surface,1,edna_gog1_00,surface,biological,13.4,31.43,8.07,13.4,31.2,8.09,2,1000,0,51.92391076,-128.4691706,mud,n,200,se,seagrass,zostera,seagrass_mud,zostera_mud,100,0.00408744,30,Metazoa,Cnidaria,Cnidaria,Siphonophorae,Diphyidae,Lensia,0,0,TRUE,ASV258,1,NA
edna0061,ASV131,motu117,Lensia,Siphonophore,genus,1,1,1,1,5,13,7,13,NA,NA,NA,Lensia,Siphonophore,2018_gog1_surface,gog1,beach_seine,2018-07-15,2018-07-14,2018,surface,1,edna_gog1_00,surface,biological,13.4,31.43,8.07,13.4,31.2,8.09,2,1000,0,51.92391076,-128.4691706,mud,n,200,se,seagrass,zostera,seagrass_mud,zostera_mud,100,0.00408744,30,Metazoa,Cnidaria,Cnidaria,Siphonophorae,Diphyidae,Lensia,0,0,TRUE,ASV131,2,NA
edna0061,ASV171,motu150,Pseudocalanus mimus,Calanoid copepod,species,1,1,NA,1,43,69,NA,NA,133,NA,NA,Pseudocalanus mimus,Calanoid copepod,2018_gog1_surface,gog1,beach_seine,2018-07-15,2018-07-14,2018,surface,1,edna_gog1_00,surface,biological,13.4,31.43,8.07,13.4,31.2,8.09,2,1000,0,51.92391076,-128.4691706,mud,n,200,se,seagrass,zostera,seagrass_mud,zostera_mud,99.67,9.19139e-154,301,Metazoa,Arthropoda,Copepoda,Calanoida,Clausocalanidae,Pseudocalanus,0,0,TRUE,ASV171,10,Pseudocalanus mimus
edna0061,ASV343,motu303,Pseudocalanus mimus,Calanoid copepod,species,1,1,NA,NA,52,66,NA,NA,NA,NA,NA,Pseudocalanus mimus,Calanoid copepod,2018_gog1_surface,gog1,beach_seine,2018-07-15,2018-07-14,2018,surface,1,edna_gog1_00,surface,biological,13.4,31.43,8.07,13.4,31.2,8.09,2,1000,0,51.92391076,-128.4691706,mud,n,200,se,seagrass,zostera,seagrass_mud,zostera_mud,99.67,9.19139e-154,301,Metazoa,Arthropoda,Copepoda,Calanoida,Clausocalanidae,Pseudocalanus,0,0,TRUE,ASV343,11,Pseudocalanus mimus
edna0061,ASV4987,motu3852,Portunion conformis,Parasitic isopod,species,1,1,NA,NA,9,6,NA,NA,NA,NA,NA,Portunion conformis,Parasitic isopod,2018_gog1_surface,gog1,beach_seine,2018-07-15,2018-07-14,2018,surface,1,edna_gog1_00,surface,biological,13.4,31.43,8.07,13.4,31.2,8.09,2,1000,0,51.92391076,-128.4691706,mud,n,200,se,seagrass,zostera,seagrass_mud,zostera_mud,100,3.2825099999999985e-158,309,Metazoa,Arthropoda,Malacostraca,Isopoda,Entoniscidae,Portunion,0,0,TRUE,ASV4987,1,Portunion conformis
edna0061,ASV3953,motu3106,Ectopleura marina,Pink-mouth hydroid,species,1,1,1,1,4,6,5,9,10,NA,7,Ectopleura marina,Pink-mouth hydroid,2018_gog1_surface,gog1,beach_seine,2018-07-15,2018-07-14,2018,surface,1,edna_gog1_00,surface,biological,13.4,31.43,8.07,13.4,31.2,8.09,2,1000,0,51.92391076,-128.4691706,mud,n,200,se,seagrass,zostera,seagrass_mud,zostera_mud,97.76,9.256649999999999e-149,292,Metazoa,Cnidaria,Hydrozoa,Anthoathecata,Tubulariidae,Ectopleura,0,0,TRUE,ASV3953,1,Ectopleura marina
edna0062,ASV25,motu22,Acartia (Acartiura) longiremis,Calanoid copepod,species,1,1,1,1,41,60,31,140,82,NA,115,Acartia (Acartiura) longiremis,Calanoid copepod,2018_gog1_surface,gog1,beach_seine,2018-07-15,2018-07-14,2018,surface,2,edna_gog1_15,surface,biological,13.5,31.49,8.06,13.4,31.39,8.08,2,1000,0,51.92402533,-128.4691053,mud,n,200,se,seagrass,zostera,seagrass_mud,zostera_mud,100,1.96163e-160,313,Metazoa,Arthropoda,Copepoda,Calanoida,Acartiidae,Acartia,0,0,TRUE,ASV25,27,Acartia (Acartiura) longiremis
edna0062,ASV81,motu71,Acartia (Acartiura) longiremis,Calanoid copepod,species,1,1,NA,NA,42,61,NA,NA,NA,NA,NA,Acartia (Acartiura) longiremis,Calanoid copepod,2018_gog1_surface,gog1,beach_seine,2018-07-15,2018-07-14,2018,surface,2,edna_gog1_15,surface,biological,13.5,31.49,8.06,13.4,31.39,8.08,2,1000,0,51.92402533,-128.4691053,mud,n,200,se,seagrass,zostera,seagrass_mud,zostera_mud,100,1.96163e-160,313,Metazoa,Arthropoda,Copepoda,Calanoida,Acartiidae,Acartia,0,0,TRUE,ASV81,23,Acartia (Acartiura) longiremis
edna0062,ASV258,motu228,Lensia,Siphonophore,genus,1,NA,NA,NA,2,NA,NA,NA,NA,NA,NA,Lensia,Siphonophore,2018_gog1_surface,gog1,beach_seine,2018-07-15,2018-07-14,2018,surface,2,edna_gog1_15,surface,biological,13.5,31.49,8.06,13.4,31.39,8.08,2,1000,0,51.92402533,-128.4691053,mud,n,200,se,seagrass,zostera,seagrass_mud,zostera_mud,100,0.00408744,30,Metazoa,Cnidaria,Cnidaria,Siphonophorae,Diphyidae,Lensia,0,0,TRUE,ASV258,1,NA
edna0062,ASV131,motu117,Lensia,Siphonophore,genus,1,1,NA,NA,4,4,NA,NA,NA,NA,NA,Lensia,Siphonophore,2018_gog1_surface,gog1,beach_seine,2018-07-15,2018-07-14,2018,surface,2,edna_gog1_15,surface,biological,13.5,31.49,8.06,13.4,31.39,8.08,2,1000,0,51.92402533,-128.4691053,mud,n,200,se,seagrass,zostera,seagrass_mud,zostera_mud,100,0.00408744,30,Metazoa,Cnidaria,Cnidaria,Siphonophorae,Diphyidae,Lensia,0,0,TRUE,ASV131,2,NA
edna0062,ASV171,motu150,Pseudocalanus mimus,Calanoid copepod,species,1,NA,1,NA,15,NA,20,NA,NA,NA,NA,Pseudocalanus mimus,Calanoid copepod,2018_gog1_surface,gog1,beach_seine,2018-07-15,2018-07-14,2018,surface,2,edna_gog1_15,surface,biological,13.5,31.49,8.06,13.4,31.39,8.08,2,1000,0,51.92402533,-128.4691053,mud,n,200,se,seagrass,zostera,seagrass_mud,zostera_mud,99.67,9.19139e-154,301,Metazoa,Arthropoda,Copepoda,Calanoida,Clausocalanidae,Pseudocalanus,0,0,TRUE,ASV171,10,Pseudocalanus mimus
edna0062,ASV343,motu303,Pseudocalanus mimus,Calanoid copepod,species,1,NA,NA,NA,17,NA,NA,NA,NA,NA,NA,Pseudocalanus mimus,Calanoid copepod,2018_gog1_surface,gog1,beach_seine,2018-07-15,2018-07-14,2018,surface,2,edna_gog1_15,surface,biological,13.5,31.49,8.06,13.4,31.39,8.08,2,1000,0,51.92402533,-128.4691053,mud,n,200,se,seagrass,zostera,seagrass_mud,zostera_mud,99.67,9.19139e-154,301,Metazoa,Arthropoda,Copepoda,Calanoida,Clausocalanidae,Pseudocalanus,0,0,TRUE,ASV343,11,Pseudocalanus mimus
edna0062,ASV713,motu350,Synchaeta pectinata,Rotifer,species,1,1,NA,1,2,2,NA,NA,NA,NA,3,Synchaeta pectinata,Rotifer,2018_gog1_surface,gog1,beach_seine,2018-07-15,2018-07-14,2018,surface,2,edna_gog1_15,surface,biological,13.5,31.49,8.06,13.4,31.39,8.08,2,1000,0,51.92402533,-128.4691053,mud,n,200,se,seagrass,zostera,seagrass_mud,zostera_mud,90.79,3.5361899999999996e-113,228,Metazoa,Rotifera,Eurotatoria,Ploima,Synchaetidae,Synchaeta,0,0,TRUE,ASV398,4,Synchaeta pectinata
edna0062,ASV670,motu583,Synchaeta triophthalma,Rotifer,species,1,1,1,1,4,11,8,27,19,NA,30,Synchaeta triophthalma,Rotifer,2018_gog1_surface,gog1,beach_seine,2018-07-15,2018-07-14,2018,surface,2,edna_gog1_15,surface,biological,13.5,31.49,8.06,13.4,31.39,8.08,2,1000,0,51.92402533,-128.4691053,mud,n,200,se,seagrass,zostera,seagrass_mud,zostera_mud,91.99,3.511259999999999e-118,237,Metazoa,Rotifera,Eurotatoria,Ploima,Synchaetidae,Synchaeta,0,0,TRUE,ASV670,4,Synchaeta triophthalma
edna0062,ASV647,motu560,Synchaeta triophthalma,Rotifer,species,1,1,NA,1,11,14,NA,14,18,NA,29,Synchaeta triophthalma,Rotifer,2018_gog1_surface,gog1,beach_seine,2018-07-15,2018-07-14,2018,surface,2,edna_gog1_15,surface,biological,13.5,31.49,8.06,13.4,31.39,8.08,2,1000,0,51.92402533,-128.4691053,mud,n,200,se,seagrass,zostera,seagrass_mud,zostera_mud,91.99,3.511259999999999e-118,237,Metazoa,Rotifera,Eurotatoria,Ploima,Synchaetidae,Synchaeta,0,0,TRUE,ASV647,4,Synchaeta triophthalma
edna0062,ASV1374,motu1160,Ergasilida,Cyclopoid copepod,order,1,NA,NA,1,15,NA,NA,NA,12,NA,NA,Ergasilida,Cyclopoid copepod,2018_gog1_surface,gog1,beach_seine,2018-07-15,2018-07-14,2018,surface,2,edna_gog1_15,surface,biological,13.5,31.49,8.06,13.4,31.39,8.08,2,1000,0,51.92402533,-128.4691053,mud,n,200,se,seagrass,zostera,seagrass_mud,zostera_mud,100,1.96163e-160,313,Metazoa,Arthropoda,Copepoda,Cyclopoida,NA,NA,0,0,FALSE,ASV1374,1,NA
edna0062,ASV939,motu816,Ergasilida,Cyclopoid copepod,order,1,1,1,1,8,17,10,NA,15,NA,NA,Ergasilida,Cyclopoid copepod,2018_gog1_surface,gog1,beach_seine,2018-07-15,2018-07-14,2018,surface,2,edna_gog1_15,surface,biological,13.5,31.49,8.06,13.4,31.39,8.08,2,1000,0,51.92402533,-128.4691053,mud,n,200,se,seagrass,zostera,seagrass_mud,zostera_mud,100,1.96163e-160,313,Metazoa,Arthropoda,Copepoda,Cyclopoida,NA,NA,0,0,FALSE,ASV939,1,NA
edna0062,ASV2999,motu2417,Harmothoe imbricata,Scale worm,species,1,1,NA,NA,30,39,NA,NA,NA,NA,NA,Harmothoe imbricata,Scale worm,2018_gog1_surface,gog1,beach_seine,2018-07-15,2018-07-14,2018,surface,2,edna_gog1_15,surface,biological,13.5,31.49,8.06,13.4,31.39,8.08,2,1000,0,51.92402533,-128.4691053,mud,n,200,se,seagrass,zostera,seagrass_mud,zostera_mud,100,6.848869999999996e-155,303,Metazoa,Annelida,Polychaeta,Phyllodocida,Polynoidae,Harmothoe,0,0,TRUE,ASV2999,1,Harmothoe imbricata
edna0062,ASV1799,motu1499,Harmothoe imbricata,Scale worm,species,1,1,NA,1,26,53,NA,54,67,NA,104,Harmothoe imbricata,Scale worm,2018_gog1_surface,gog1,beach_seine,2018-07-15,2018-07-14,2018,surface,2,edna_gog1_15,surface,biological,13.5,31.49,8.06,13.4,31.39,8.08,2,1000,0,51.92402533,-128.4691053,mud,n,200,se,seagrass,zostera,seagrass_mud,zostera_mud,100,6.848869999999996e-155,303,Metazoa,Annelida,Polychaeta,Phyllodocida,Polynoidae,Harmothoe,0,0,TRUE,ASV1799,1,Harmothoe imbricata
edna0062,ASV2541,motu2067,Pseudopolydora bassarginensis,Spionid polychaete,species,1,1,1,1,19,37,11,54,37,NA,55,Pseudopolydora bassarginensis,Spionid polychaete,2018_gog1_surface,gog1,beach_seine,2018-07-15,2018-07-14,2018,surface,2,edna_gog1_15,surface,biological,13.5,31.49,8.06,13.4,31.39,8.08,2,1000,0,51.92402533,-128.4691053,mud,n,200,se,seagrass,zostera,seagrass_mud,zostera_mud,99.35,3.22227e-153,300,Metazoa,Annelida,Polychaeta,Spionida,Spionidae,Pseudopolydora,0,0,TRUE,ASV2541,1,Pseudopolydora bassarginensis
edna0062,ASV3016,motu2431,Bomolochus cuneatus,Cyclopoid copepod,species,1,NA,1,1,18,NA,10,26,38,NA,51,Bomolochus cuneatus,Cyclopoid copepod,2018_gog1_surface,gog1,beach_seine,2018-07-15,2018-07-14,2018,surface,2,edna_gog1_15,surface,biological,13.5,31.49,8.06,13.4,31.39,8.08,2,1000,0,51.92402533,-128.4691053,mud,n,200,se,seagrass,zostera,seagrass_mud,zostera_mud,99.68,9.126599999999999e-159,310,Metazoa,Arthropoda,Copepoda,Cyclopoida,Bomolochidae,Bomolochus,0,0,TRUE,ASV3016,1,Bomolochus cuneatus
edna0062,ASV4534,motu3527,Portunion conformis,Parasitic isopod,species,1,NA,NA,1,4,NA,NA,NA,NA,NA,15,Portunion conformis,Parasitic isopod,2018_gog1_surface,gog1,beach_seine,2018-07-15,2018-07-14,2018,surface,2,edna_gog1_15,surface,biological,13.5,31.49,8.06,13.4,31.39,8.08,2,1000,0,51.92402533,-128.4691053,mud,n,200,se,seagrass,zostera,seagrass_mud,zostera_mud,100,3.2825099999999985e-158,309,Metazoa,Arthropoda,Malacostraca,Isopoda,Entoniscidae,Portunion,0,0,TRUE,ASV4534,1,Portunion conformis
edna0062,ASV3953,motu3106,Ectopleura marina,Pink-mouth hydroid,species,1,1,1,1,2,6,3,6,NA,NA,7,Ectopleura marina,Pink-mouth hydroid,2018_gog1_surface,gog1,beach_seine,2018-07-15,2018-07-14,2018,surface,2,edna_gog1_15,surface,biological,13.5,31.49,8.06,13.4,31.39,8.08,2,1000,0,51.92402533,-128.4691053,mud,n,200,se,seagrass,zostera,seagrass_mud,zostera_mud,97.76,9.256649999999999e-149,292,Metazoa,Cnidaria,Hydrozoa,Anthoathecata,Tubulariidae,Ectopleura,0,0,TRUE,ASV3953,1,Ectopleura marina
edna0063,ASV25,motu22,Acartia (Acartiura) longiremis,Calanoid copepod,species,1,1,1,1,11,35,15,NA,NA,NA,28,Acartia (Acartiura) longiremis,Calanoid copepod,2018_gog1_surface,gog1,beach_seine,2018-07-15,2018-07-14,2018,surface,3,edna_gog1_30,surface,biological,13.4,31.41,8.06,13.3,31.39,8.07,2,1000,0,51.92409382,-128.4690359,mud,n,200,se,seagrass,zostera,seagrass_mud,zostera_mud,100,1.96163e-160,313,Metazoa,Arthropoda,Copepoda,Calanoida,Acartiidae,Acartia,0,0,TRUE,ASV25,27,Acartia (Acartiura) longiremis
edna0063,ASV81,motu71,Acartia (Acartiura) longiremis,Calanoid copepod,species,1,1,NA,NA,13,50,NA,NA,NA,NA,NA,Acartia (Acartiura) longiremis,Calanoid copepod,2018_gog1_surface,gog1,beach_seine,2018-07-15,2018-07-14,2018,surface,3,edna_gog1_30,surface,biological,13.4,31.41,8.06,13.3,31.39,8.07,2,1000,0,51.92409382,-128.4690359,mud,n,200,se,seagrass,zostera,seagrass_mud,zostera_mud,100,1.96163e-160,313,Metazoa,Arthropoda,Copepoda,Calanoida,Acartiidae,Acartia,0,0,TRUE,ASV81,23,Acartia (Acartiura) longiremis
edna0063,ASV171,motu150,Pseudocalanus mimus,Calanoid copepod,species,1,1,1,1,16,70,38,NA,NA,NA,56,Pseudocalanus mimus,Calanoid copepod,2018_gog1_surface,gog1,beach_seine,2018-07-15,2018-07-14,2018,surface,3,edna_gog1_30,surface,biological,13.4,31.41,8.06,13.3,31.39,8.07,2,1000,0,51.92409382,-128.4690359,mud,n,200,se,seagrass,zostera,seagrass_mud,zostera_mud,99.67,9.19139e-154,301,Metazoa,Arthropoda,Copepoda,Calanoida,Clausocalanidae,Pseudocalanus,0,0,TRUE,ASV171,10,Pseudocalanus mimus
edna0063,ASV343,motu303,Pseudocalanus mimus,Calanoid copepod,species,1,1,NA,NA,39,63,NA,NA,NA,NA,NA,Pseudocalanus mimus,Calanoid copepod,2018_gog1_surface,gog1,beach_seine,2018-07-15,2018-07-14,2018,surface,3,edna_gog1_30,surface,biological,13.4,31.41,8.06,13.3,31.39,8.07,2,1000,0,51.92409382,-128.4690359,mud,n,200,se,seagrass,zostera,seagrass_mud,zostera_mud,99.67,9.19139e-154,301,Metazoa,Arthropoda,Copepoda,Calanoida,Clausocalanidae,Pseudocalanus,0,0,TRUE,ASV343,11,Pseudocalanus mimus
edna0063,ASV205,motu181,Pseudocalanus mimus,Calanoid copepod,species,1,1,1,NA,25,52,36,NA,NA,NA,NA,Pseudocalanus mimus,Calanoid copepod,2018_gog1_surface,gog1,beach_seine,2018-07-15,2018-07-14,2018,surface,3,edna_gog1_30,surface,biological,13.4,31.41,8.06,13.3,31.39,8.07,2,1000,0,51.92409382,-128.4690359,mud,n,200,se,seagrass,zostera,seagrass_mud,zostera_mud,100,1.18898e-152,299,Metazoa,Arthropoda,Copepoda,Calanoida,Clausocalanidae,Pseudocalanus,0,0,TRUE,ASV205,8,Pseudocalanus mimus
edna0063,ASV416,motu366,Pseudocalanus mimus,Calanoid copepod,species,1,1,NA,NA,41,73,NA,NA,NA,NA,NA,Pseudocalanus mimus,Calanoid copepod,2018_gog1_surface,gog1,beach_seine,2018-07-15,2018-07-14,2018,surface,3,edna_gog1_30,surface,biological,13.4,31.41,8.06,13.3,31.39,8.07,2,1000,0,51.92409382,-128.4690359,mud,n,200,se,seagrass,zostera,seagrass_mud,zostera_mud,100,1.18898e-152,299,Metazoa,Arthropoda,Copepoda,Calanoida,Clausocalanidae,Pseudocalanus,0,0,TRUE,ASV416,7,Pseudocalanus mimus
edna0063,ASV739,motu643,Pseudocalanus mimus,Calanoid copepod,species,1,1,NA,NA,36,62,NA,NA,NA,NA,NA,Pseudocalanus mimus,Calanoid copepod,2018_gog1_surface,gog1,beach_seine,2018-07-15,2018-07-14,2018,surface,3,edna_gog1_30,surface,biological,13.4,31.41,8.06,13.3,31.39,8.07,2,1000,0,51.92409382,-128.4690359,mud,n,200,se,seagrass,zostera,seagrass_mud,zostera_mud,99.67,9.19139e-154,301,Metazoa,Arthropoda,Copepoda,Calanoida,Clausocalanidae,Pseudocalanus,0,0,TRUE,ASV739,3,Pseudocalanus mimus
edna0063,ASV435,motu383,Pseudocalanus mimus,Calanoid copepod,species,1,1,NA,NA,15,61,NA,NA,NA,NA,NA,Pseudocalanus mimus,Calanoid copepod,2018_gog1_surface,gog1,beach_seine,2018-07-15,2018-07-14,2018,surface,3,edna_gog1_30,surface,biological,13.4,31.41,8.06,13.3,31.39,8.07,2,1000,0,51.92409382,-128.4690359,mud,n,200,se,seagrass,zostera,seagrass_mud,zostera_mud,99.67,9.19139e-154,301,Metazoa,Arthropoda,Copepoda,Calanoida,Clausocalanidae,Pseudocalanus,0,0,TRUE,ASV435,4,Pseudocalanus mimus
edna0063,ASV1793,motu150,Pseudocalanus mimus,Calanoid copepod,species,1,NA,NA,NA,5,NA,NA,NA,NA,NA,NA,Pseudocalanus mimus,Calanoid copepod,2018_gog1_surface,gog1,beach_seine,2018-07-15,2018-07-14,2018,surface,3,edna_gog1_30,surface,biological,13.4,31.41,8.06,13.3,31.39,8.07,2,1000,0,51.92409382,-128.4690359,mud,n,200,se,seagrass,zostera,seagrass_mud,zostera_mud,100,1.97556e-155,304,Metazoa,Arthropoda,Copepoda,Calanoida,Clausocalanidae,Pseudocalanus,0,0,TRUE,ASV171,10,Pseudocalanus mimus
edna0063,ASV1883,motu303,Pseudocalanus mimus,Calanoid copepod,species,1,NA,NA,NA,9,NA,NA,NA,NA,NA,NA,Pseudocalanus mimus,Calanoid copepod,2018_gog1_surface,gog1,beach_seine,2018-07-15,2018-07-14,2018,surface,3,edna_gog1_30,surface,biological,13.4,31.41,8.06,13.3,31.39,8.07,2,1000,0,51.92409382,-128.4690359,mud,n,200,se,seagrass,zostera,seagrass_mud,zostera_mud,100,1.97556e-155,304,Metazoa,Arthropoda,Copepoda,Calanoida,Clausocalanidae,Pseudocalanus,0,0,TRUE,ASV343,11,Pseudocalanus mimus
edna0063,ASV670,motu583,Synchaeta triophthalma,Rotifer,species,1,1,1,1,29,45,14,26,16,NA,32,Synchaeta triophthalma,Rotifer,2018_gog1_surface,gog1,beach_seine,2018-07-15,2018-07-14,2018,surface,3,edna_gog1_30,surface,biological,13.4,31.41,8.06,13.3,31.39,8.07,2,1000,0,51.92409382,-128.4690359,mud,n,200,se,seagrass,zostera,seagrass_mud,zostera_mud,91.99,3.511259999999999e-118,237,Metazoa,Rotifera,Eurotatoria,Ploima,Synchaetidae,Synchaeta,0,0,TRUE,ASV670,4,Synchaeta triophthalma
edna0063,ASV647,motu560,Synchaeta triophthalma,Rotifer,species,1,1,1,1,25,40,20,31,21,NA,28,Synchaeta triophthalma,Rotifer,2018_gog1_surface,gog1,beach_seine,2018-07-15,2018-07-14,2018,surface,3,edna_gog1_30,surface,biological,13.4,31.41,8.06,13.3,31.39,8.07,2,1000,0,51.92409382,-128.4690359,mud,n,200,se,seagrass,zostera,seagrass_mud,zostera_mud,91.99,3.511259999999999e-118,237,Metazoa,Rotifera,Eurotatoria,Ploima,Synchaetidae,Synchaeta,0,0,TRUE,ASV647,4,Synchaeta triophthalma
edna0063,ASV1417,motu383,Pseudocalanus mimus,Calanoid copepod,species,1,NA,NA,NA,8,NA,NA,NA,NA,NA,NA,Pseudocalanus mimus,Calanoid copepod,2018_gog1_surface,gog1,beach_seine,2018-07-15,2018-07-14,2018,surface,3,edna_gog1_30,surface,biological,13.4,31.41,8.06,13.3,31.39,8.07,2,1000,0,51.92409382,-128.4690359,mud,n,200,se,seagrass,zostera,seagrass_mud,zostera_mud,100,1.18898e-152,299,Metazoa,Arthropoda,Copepoda,Calanoida,Clausocalanidae,Pseudocalanus,0,0,TRUE,ASV435,4,Pseudocalanus mimus
edna0063,ASV2999,motu2417,Harmothoe imbricata,Scale worm,species,1,1,NA,NA,27,48,NA,NA,NA,NA,NA,Harmothoe imbricata,Scale worm,2018_gog1_surface,gog1,beach_seine,2018-07-15,2018-07-14,2018,surface,3,edna_gog1_30,surface,biological,13.4,31.41,8.06,13.3,31.39,8.07,2,1000,0,51.92409382,-128.4690359,mud,n,200,se,seagrass,zostera,seagrass_mud,zostera_mud,100,6.848869999999996e-155,303,Metazoa,Annelida,Polychaeta,Phyllodocida,Polynoidae,Harmothoe,0,0,TRUE,ASV2999,1,Harmothoe imbricata
edna0063,ASV3205,motu150,Pseudocalanus mimus,Calanoid copepod,species,1,NA,NA,NA,3,NA,NA,NA,NA,NA,NA,Pseudocalanus mimus,Calanoid copepod,2018_gog1_surface,gog1,beach_seine,2018-07-15,2018-07-14,2018,surface,3,edna_gog1_30,surface,biological,13.4,31.41,8.06,13.3,31.39,8.07,2,1000,0,51.92409382,-128.4690359,mud,n,200,se,seagrass,zostera,seagrass_mud,zostera_mud,99.67,9.19139e-154,301,Metazoa,Arthropoda,Copepoda,Calanoida,Clausocalanidae,Pseudocalanus,0,0,TRUE,ASV171,10,Pseudocalanus mimus
edna0063,ASV1799,motu1499,Harmothoe imbricata,Scale worm,species,1,1,NA,1,22,36,NA,30,17,NA,37,Harmothoe imbricata,Scale worm,2018_gog1_surface,gog1,beach_seine,2018-07-15,2018-07-14,2018,surface,3,edna_gog1_30,surface,biological,13.4,31.41,8.06,13.3,31.39,8.07,2,1000,0,51.92409382,-128.4690359,mud,n,200,se,seagrass,zostera,seagrass_mud,zostera_mud,100,6.848869999999996e-155,303,Metazoa,Annelida,Polychaeta,Phyllodocida,Polynoidae,Harmothoe,0,0,TRUE,ASV1799,1,Harmothoe imbricata
edna0063,ASV1924,motu1601,Hydrozoa,Hydrozoan,class,1,1,1,1,40,78,36,31,70,NA,131,Hydrozoa,Hydrozoan,2018_gog1_surface,gog1,beach_seine,2018-07-15,2018-07-14,2018,surface,3,edna_gog1_30,surface,biological,13.4,31.41,8.06,13.3,31.39,8.07,2,1000,0,51.92409382,-128.4690359,mud,n,200,se,seagrass,zostera,seagrass_mud,zostera_mud,99.68,9.126599999999999e-159,310,Metazoa,Cnidaria,Cnidaria,NA,NA,NA,0,0,TRUE,ASV1924,1,NA
edna0063,ASV3377,motu2690,Hydrozoa,Hydrozoan,class,1,1,NA,NA,38,72,NA,NA,NA,NA,NA,Hydrozoa,Hydrozoan,2018_gog1_surface,gog1,beach_seine,2018-07-15,2018-07-14,2018,surface,3,edna_gog1_30,surface,biological,13.4,31.41,8.06,13.3,31.39,8.07,2,1000,0,51.92409382,-128.4690359,mud,n,200,se,seagrass,zostera,seagrass_mud,zostera_mud,99.68,9.126599999999999e-159,310,Metazoa,Cnidaria,Cnidaria,NA,NA,NA,0,0,TRUE,ASV3377,1,NA
edna0063,ASV2413,motu1971,Ferkeria,Other arachnid,genus,1,1,NA,NA,3,6,NA,NA,NA,NA,NA,Ferkeria,Other arachnid,2018_gog1_surface,gog1,beach_seine,2018-07-15,2018-07-14,2018,surface,3,edna_gog1_30,surface,biological,13.4,31.41,8.06,13.3,31.39,8.07,2,1000,0,51.92409382,-128.4690359,mud,n,200,se,seagrass,zostera,seagrass_mud,zostera_mud,97.06,0.00112005,31,Metazoa,Arthropoda,Arthropoda,Grassatores,NA,Ferkeria,NA,NA,TRUE,ASV2413,1,NA
edna0063,ASV7795,motu6141,Eunicidae,Eunicid polychaete species,family,1,NA,NA,NA,2,NA,NA,NA,NA,NA,NA,Eunicidae,Eunicid polychaete species,2018_gog1_surface,gog1,beach_seine,2018-07-15,2018-07-14,2018,surface,3,edna_gog1_30,surface,biological,13.4,31.41,8.06,13.3,31.39,8.07,2,1000,0,51.92409382,-128.4690359,mud,n,200,se,seagrass,zostera,seagrass_mud,zostera_mud,100,3.1885e-4,32,Metazoa,Annelida,Annelida,Eunicida,Eunicidae,NA,0,0,TRUE,ASV7795,1,NA
edna0071,ASV81,motu71,Acartia (Acartiura) longiremis,Calanoid copepod,species,1,1,NA,NA,11,15,NA,NA,NA,NA,NA,Acartia (Acartiura) longiremis,Calanoid copepod,2018_kis1_surface,kis1,beach_seine,2018-07-15,2018-07-13,2018,surface,2,edna_kis1_15,surface,biological,13.8,30.95,8.15,13.5,30.97,8.13,4.5,1000,0,51.8111452,-128.2293129,sand,n,25,sp,seagrass,zostera,seagrass_sand,zostera_sand,100,1.96163e-160,313,Metazoa,Arthropoda,Copepoda,Calanoida,Acartiidae,Acartia,0,0,TRUE,ASV81,23,Acartia (Acartiura) longiremis
edna0071,ASV34,motu31,Centropages abdominalis,Calanoid copepod,species,1,1,1,1,28,56,29,94,48,NA,71,Centropages abdominalis,Calanoid copepod,2018_kis1_surface,kis1,beach_seine,2018-07-15,2018-07-13,2018,surface,2,edna_kis1_15,surface,biological,13.8,30.95,8.15,13.5,30.97,8.13,4.5,1000,0,51.8111452,-128.2293129,sand,n,25,sp,seagrass,zostera,seagrass_sand,zostera_sand,100,1.96163e-160,313,Metazoa,Arthropoda,Copepoda,Calanoida,Centropagidae,Centropages,0,0,TRUE,ASV34,19,Centropages abdominalis
edna0071,ASV143,motu128,Centropages abdominalis,Calanoid copepod,species,1,1,NA,NA,27,56,NA,NA,NA,NA,NA,Centropages abdominalis,Calanoid copepod,2018_kis1_surface,kis1,beach_seine,2018-07-15,2018-07-13,2018,surface,2,edna_kis1_15,surface,biological,13.8,30.95,8.15,13.5,30.97,8.13,4.5,1000,0,51.8111452,-128.2293129,sand,n,25,sp,seagrass,zostera,seagrass_sand,zostera_sand,100,1.96163e-160,313,Metazoa,Arthropoda,Copepoda,Calanoida,Centropagidae,Centropages,0,0,TRUE,ASV143,11,Centropages abdominalis
edna0071,ASV131,motu117,Lensia,Siphonophore,genus,1,1,NA,1,6,9,NA,10,6,NA,8,Lensia,Siphonophore,2018_kis1_surface,kis1,beach_seine,2018-07-15,2018-07-13,2018,surface,2,edna_kis1_15,surface,biological,13.8,30.95,8.15,13.5,30.97,8.13,4.5,1000,0,51.8111452,-128.2293129,sand,n,25,sp,seagrass,zostera,seagrass_sand,zostera_sand,100,0.00408744,30,Metazoa,Cnidaria,Cnidaria,Siphonophorae,Diphyidae,Lensia,0,0,TRUE,ASV131,2,NA
edna0071,ASV171,motu150,Pseudocalanus mimus,Calanoid copepod,species,1,1,NA,NA,18,19,NA,NA,NA,NA,NA,Pseudocalanus mimus,Calanoid copepod,2018_kis1_surface,kis1,beach_seine,2018-07-15,2018-07-13,2018,surface,2,edna_kis1_15,surface,biological,13.8,30.95,8.15,13.5,30.97,8.13,4.5,1000,0,51.8111452,-128.2293129,sand,n,25,sp,seagrass,zostera,seagrass_sand,zostera_sand,99.67,9.19139e-154,301,Metazoa,Arthropoda,Copepoda,Calanoida,Clausocalanidae,Pseudocalanus,0,0,TRUE,ASV171,10,Pseudocalanus mimus
edna0071,ASV232,motu204,Cecidomyiidae,Hexapod,genus,1,1,1,1,6,6,6,12,NA,NA,NA,Cecidomyiidae,Hexapod,2018_kis1_surface,kis1,beach_seine,2018-07-15,2018-07-13,2018,surface,2,edna_kis1_15,surface,biological,13.8,30.95,8.15,13.5,30.97,8.13,4.5,1000,0,51.8111452,-128.2293129,sand,n,25,sp,seagrass,zostera,seagrass_sand,zostera_sand,100,0.00408744,30,Metazoa,Arthropoda,Arthropoda,Diptera,Cecidomyiidae,Cecidomyiidae,NA,NA,TRUE,ASV232,1,NA
edna0071,ASV595,motu522,Cecidomyiidae,Hexapod,genus,1,1,NA,NA,4,7,NA,NA,NA,NA,NA,Cecidomyiidae,Hexapod,2018_kis1_surface,kis1,beach_seine,2018-07-15,2018-07-13,2018,surface,2,edna_kis1_15,surface,biological,13.8,30.95,8.15,13.5,30.97,8.13,4.5,1000,0,51.8111452,-128.2293129,sand,n,25,sp,seagrass,zostera,seagrass_sand,zostera_sand,100,0.00408744,30,Metazoa,Arthropoda,Arthropoda,Diptera,Cecidomyiidae,Cecidomyiidae,NA,NA,TRUE,ASV595,1,NA
edna0071,ASV467,motu412,Saxidomus,Washington clam species,genus,1,1,1,1,9,27,11,20,14,NA,26,Saxidomus,Washington clam species,2018_kis1_surface,kis1,beach_seine,2018-07-15,2018-07-13,2018,surface,2,edna_kis1_15,surface,biological,13.8,30.95,8.15,13.5,30.97,8.13,4.5,1000,0,51.8111452,-128.2293129,sand,n,25,sp,seagrass,zostera,seagrass_sand,zostera_sand,100,1.96163e-160,313,Metazoa,Mollusca,Mollusca,Venerida,Veneridae,Saxidomus,0,0,TRUE,ASV467,12,NA
edna0071,ASV860,motu748,Saxidomus,Washington clam species,genus,1,1,NA,NA,12,39,NA,NA,NA,NA,NA,Saxidomus,Washington clam species,2018_kis1_surface,kis1,beach_seine,2018-07-15,2018-07-13,2018,surface,2,edna_kis1_15,surface,biological,13.8,30.95,8.15,13.5,30.97,8.13,4.5,1000,0,51.8111452,-128.2293129,sand,n,25,sp,seagrass,zostera,seagrass_sand,zostera_sand,100,1.96163e-160,313,Metazoa,Mollusca,Mollusca,Venerida,Veneridae,Saxidomus,0,0,TRUE,ASV860,4,NA
edna0071,ASV1006,motu281,Pseudocalanus newmani,Calanoid copepod,species,1,NA,NA,NA,28,NA,NA,NA,NA,NA,NA,Pseudocalanus newmani,Calanoid copepod,2018_kis1_surface,kis1,beach_seine,2018-07-15,2018-07-13,2018,surface,2,edna_kis1_15,surface,biological,13.8,30.95,8.15,13.5,30.97,8.13,4.5,1000,0,51.8111452,-128.2293129,sand,n,25,sp,seagrass,zostera,seagrass_sand,zostera_sand,99.68,9.126599999999999e-159,310,Metazoa,Arthropoda,Copepoda,Calanoida,Clausocalanidae,Pseudocalanus,0,0,TRUE,ASV320,6,Pseudocalanus newmani
edna0071,ASV1374,motu1160,Ergasilida,Cyclopoid copepod,order,1,1,1,NA,17,24,12,NA,NA,NA,NA,Ergasilida,Cyclopoid copepod,2018_kis1_surface,kis1,beach_seine,2018-07-15,2018-07-13,2018,surface,2,edna_kis1_15,surface,biological,13.8,30.95,8.15,13.5,30.97,8.13,4.5,1000,0,51.8111452,-128.2293129,sand,n,25,sp,seagrass,zostera,seagrass_sand,zostera_sand,100,1.96163e-160,313,Metazoa,Arthropoda,Copepoda,Cyclopoida,NA,NA,0,0,FALSE,ASV1374,1,NA
edna0071,ASV939,motu816,Ergasilida,Cyclopoid copepod,order,1,NA,NA,1,12,NA,NA,47,32,NA,58,Ergasilida,Cyclopoid copepod,2018_kis1_surface,kis1,beach_seine,2018-07-15,2018-07-13,2018,surface,2,edna_kis1_15,surface,biological,13.8,30.95,8.15,13.5,30.97,8.13,4.5,1000,0,51.8111452,-128.2293129,sand,n,25,sp,seagrass,zostera,seagrass_sand,zostera_sand,100,1.96163e-160,313,Metazoa,Arthropoda,Copepoda,Cyclopoida,NA,NA,0,0,FALSE,ASV939,1,NA
edna0071,ASV1059,motu911,Pleurobrachia bachei,Pacific sea gooseberry,species,1,1,1,1,7,26,12,18,9,NA,9,Pleurobrachia bachei,Pacific sea gooseberry,2018_kis1_surface,kis1,beach_seine,2018-07-15,2018-07-13,2018,surface,2,edna_kis1_15,surface,biological,13.8,30.95,8.15,13.5,30.97,8.13,4.5,1000,0,51.8111452,-128.2293129,sand,n,25,sp,seagrass,zostera,seagrass_sand,zostera_sand,100,1.96163e-160,313,Metazoa,Ctenophora,Tentaculata,Cydippida,Cydippidae,Pleurobrachia,0,0,TRUE,ASV1059,3,Pleurobrachia bachei
edna0071,ASV1070,motu922,Pleurobrachia bachei,Pacific sea gooseberry,species,1,1,1,1,11,31,3,17,6,NA,9,Pleurobrachia bachei,Pacific sea gooseberry,2018_kis1_surface,kis1,beach_seine,2018-07-15,2018-07-13,2018,surface,2,edna_kis1_15,surface,biological,13.8,30.95,8.15,13.5,30.97,8.13,4.5,1000,0,51.8111452,-128.2293129,sand,n,25,sp,seagrass,zostera,seagrass_sand,zostera_sand,100,1.96163e-160,313,Metazoa,Ctenophora,Tentaculata,Cydippida,Cydippidae,Pleurobrachia,0,0,TRUE,ASV1070,7,Pleurobrachia bachei
edna0071,ASV1046,motu902,Arthropoda,Unknown arthropod,phylum,1,1,1,1,22,41,23,30,19,NA,17,Arthropoda,Unknown arthropod,2018_kis1_surface,kis1,beach_seine,2018-07-15,2018-07-13,2018,surface,2,edna_kis1_15,surface,biological,13.8,30.95,8.15,13.5,30.97,8.13,4.5,1000,0,51.8111452,-128.2293129,sand,n,25,sp,seagrass,zostera,seagrass_sand,zostera_sand,94.87,8.78538e-5,33,Metazoa,Arthropoda,NA,NA,NA,NA,NA,NA,TRUE,ASV1046,4,NA
edna0071,ASV801,motu697,Micropodarke dubia,Hesionid polychaete,species,1,1,1,1,33,62,26,41,41,NA,32,Micropodarke dubia,Hesionid polychaete,2018_kis1_surface,kis1,beach_seine,2018-07-15,2018-07-13,2018,surface,2,edna_kis1_15,surface,biological,13.8,30.95,8.15,13.5,30.97,8.13,4.5,1000,0,51.8111452,-128.2293129,sand,n,25,sp,seagrass,zostera,seagrass_sand,zostera_sand,100,1.96163e-160,313,Metazoa,Annelida,Polychaeta,Phyllodocida,Hesionidae,Micropodarke,0,0,TRUE,ASV801,2,Micropodarke dubia
edna0071,ASV1742,motu1454,Micropodarke dubia,Hesionid polychaete,species,1,1,NA,NA,20,49,NA,NA,NA,NA,NA,Micropodarke dubia,Hesionid polychaete,2018_kis1_surface,kis1,beach_seine,2018-07-15,2018-07-13,2018,surface,2,edna_kis1_15,surface,biological,13.8,30.95,8.15,13.5,30.97,8.13,4.5,1000,0,51.8111452,-128.2293129,sand,n,25,sp,seagrass,zostera,seagrass_sand,zostera_sand,100,1.96163e-160,313,Metazoa,Annelida,Polychaeta,Phyllodocida,Hesionidae,Micropodarke,0,0,TRUE,ASV1742,2,Micropodarke dubia
edna0071,ASV1068,motu920,Arthropoda,Unknown arthropod,phylum,1,1,1,1,26,64,28,31,24,NA,22,Arthropoda,Unknown arthropod,2018_kis1_surface,kis1,beach_seine,2018-07-15,2018-07-13,2018,surface,2,edna_kis1_15,surface,biological,13.8,30.95,8.15,13.5,30.97,8.13,4.5,1000,0,51.8111452,-128.2293129,sand,n,25,sp,seagrass,zostera,seagrass_sand,zostera_sand,94.87,8.78538e-5,33,Metazoa,Arthropoda,NA,NA,NA,NA,NA,NA,TRUE,ASV1068,4,NA
edna0071,ASV1791,motu1494,Saxidomus nuttalli,California butterclam,species,1,NA,NA,NA,6,NA,NA,NA,NA,NA,NA,Saxidomus nuttalli,California butterclam,2018_kis1_surface,kis1,beach_seine,2018-07-15,2018-07-13,2018,surface,2,edna_kis1_15,surface,biological,13.8,30.95,8.15,13.5,30.97,8.13,4.5,1000,0,51.8111452,-128.2293129,sand,n,25,sp,seagrass,zostera,seagrass_sand,zostera_sand,99.68,4.246189999999999e-157,307,Metazoa,Mollusca,Bivalvia,Venerida,Veneridae,Saxidomus,0,0,TRUE,ASV1791,2,Saxidomus nuttalli
edna0071,ASV1467,motu1238,Tubulanus sexlineatus,Six lined ribbon worm,species,1,1,1,1,9,23,14,NA,20,NA,27,Tubulanus sexlineatus,Six lined ribbon worm,2018_kis1_surface,kis1,beach_seine,2018-07-15,2018-07-13,2018,surface,2,edna_kis1_15,surface,biological,13.8,30.95,8.15,13.5,30.97,8.13,4.5,1000,0,51.8111452,-128.2293129,sand,n,25,sp,seagrass,zostera,seagrass_sand,zostera_sand,100,1.96163e-160,313,Metazoa,Nemertea,Palaeonemertea,Tubulaniformes,Tubulanidae,Tubulanus,0,0,TRUE,ASV1467,1,Tubulanus sexlineatus
edna0071,ASV2352,motu1933,Tubulanus sexlineatus,Six lined ribbon worm,species,1,1,NA,NA,8,23,NA,NA,NA,NA,NA,Tubulanus sexlineatus,Six lined ribbon worm,2018_kis1_surface,kis1,beach_seine,2018-07-15,2018-07-13,2018,surface,2,edna_kis1_15,surface,biological,13.8,30.95,8.15,13.5,30.97,8.13,4.5,1000,0,51.8111452,-128.2293129,sand,n,25,sp,seagrass,zostera,seagrass_sand,zostera_sand,100,1.96163e-160,313,Metazoa,Nemertea,Palaeonemertea,Tubulaniformes,Tubulanidae,Tubulanus,0,0,TRUE,ASV2352,1,Tubulanus sexlineatus
edna0071,ASV1082,motu932,Obelia dichotoma,Sea thread hydroid,species,1,1,1,1,12,57,21,51,38,NA,47,Obelia dichotoma,Sea thread hydroid,2018_kis1_surface,kis1,beach_seine,2018-07-15,2018-07-13,2018,surface,2,edna_kis1_15,surface,biological,13.8,30.95,8.15,13.5,30.97,8.13,4.5,1000,0,51.8111452,-128.2293129,sand,n,25,sp,seagrass,zostera,seagrass_sand,zostera_sand,100,5.353989999999996e-156,305,Metazoa,Cnidaria,Hydrozoa,Leptothecata,Campanulariidae,Obelia,0,0,TRUE,ASV1082,1,Obelia dichotoma
edna0071,ASV3043,motu2453,Pseudocalanus mimus,Calanoid copepod,species,1,1,NA,NA,51,46,NA,NA,NA,NA,NA,Pseudocalanus mimus,Calanoid copepod,2018_kis1_surface,kis1,beach_seine,2018-07-15,2018-07-13,2018,surface,2,edna_kis1_15,surface,biological,13.8,30.95,8.15,13.5,30.97,8.13,4.5,1000,0,51.8111452,-128.2293129,sand,n,25,sp,seagrass,zostera,seagrass_sand,zostera_sand,100,1.18898e-152,299,Metazoa,Arthropoda,Copepoda,Calanoida,Clausocalanidae,Pseudocalanus,0,0,TRUE,ASV3043,3,Pseudocalanus mimus
edna0071,ASV2203,motu1819,Obelia dichotoma,Sea thread hydroid,species,1,1,NA,NA,16,48,NA,NA,NA,NA,NA,Obelia dichotoma,Sea thread hydroid,2018_kis1_surface,kis1,beach_seine,2018-07-15,2018-07-13,2018,surface,2,edna_kis1_15,surface,biological,13.8,30.95,8.15,13.5,30.97,8.13,4.5,1000,0,51.8111452,-128.2293129,sand,n,25,sp,seagrass,zostera,seagrass_sand,zostera_sand,100,5.353989999999996e-156,305,Metazoa,Cnidaria,Hydrozoa,Leptothecata,Campanulariidae,Obelia,0,0,TRUE,ASV2203,1,Obelia dichotoma
edna0071,ASV2948,motu2377,Phoronis ijimai,Horseshoe worm,species,1,1,NA,NA,37,93,NA,NA,NA,NA,NA,Phoronis ijimai,Horseshoe worm,2018_kis1_surface,kis1,beach_seine,2018-07-15,2018-07-13,2018,surface,2,edna_kis1_15,surface,biological,13.8,30.95,8.15,13.5,30.97,8.13,4.5,1000,0,51.8111452,-128.2293129,sand,n,25,sp,seagrass,zostera,seagrass_sand,zostera_sand,98.08,1.9895899999999988e-150,295,Metazoa,Phoronida,NA,NA,Phoronidae,Phoronis,0,0,TRUE,ASV2948,1,Phoronis ijimai
edna0071,ASV1741,motu1453,Phoronis ijimai,Horseshoe worm,species,1,1,1,1,39,89,44,123,52,NA,87,Phoronis ijimai,Horseshoe worm,2018_kis1_surface,kis1,beach_seine,2018-07-15,2018-07-13,2018,surface,2,edna_kis1_15,surface,biological,13.8,30.95,8.15,13.5,30.97,8.13,4.5,1000,0,51.8111452,-128.2293129,sand,n,25,sp,seagrass,zostera,seagrass_sand,zostera_sand,98.08,1.9895899999999988e-150,295,Metazoa,Phoronida,NA,NA,Phoronidae,Phoronis,0,0,TRUE,ASV1741,1,Phoronis ijimai
edna0071,ASV2232,motu1840,Pseudocalanus mimus,Calanoid copepod,species,1,1,1,1,19,38,31,74,34,NA,51,Pseudocalanus mimus,Calanoid copepod,2018_kis1_surface,kis1,beach_seine,2018-07-15,2018-07-13,2018,surface,2,edna_kis1_15,surface,biological,13.8,30.95,8.15,13.5,30.97,8.13,4.5,1000,0,51.8111452,-128.2293129,sand,n,25,sp,seagrass,zostera,seagrass_sand,zostera_sand,100,1.18898e-152,299,Metazoa,Arthropoda,Copepoda,Calanoida,Clausocalanidae,Pseudocalanus,0,0,TRUE,ASV2232,3,Pseudocalanus mimus
edna0071,ASV2801,motu2264,Synchaeta triophthalma,Rotifer,species,1,NA,1,1,29,NA,15,27,NA,NA,28,Synchaeta triophthalma,Rotifer,2018_kis1_surface,kis1,beach_seine,2018-07-15,2018-07-13,2018,surface,2,edna_kis1_15,surface,biological,13.8,30.95,8.15,13.5,30.97,8.13,4.5,1000,0,51.8111452,-128.2293129,sand,n,25,sp,seagrass,zostera,seagrass_sand,zostera_sand,91.35,7.600549999999996e-115,231,Metazoa,Rotifera,Eurotatoria,Ploima,Synchaetidae,Synchaeta,0,0,TRUE,ASV2801,1,Synchaeta triophthalma
edna0071,ASV3827,motu2791,Halosydna brevisetosa,Shortscaled worm,species,1,NA,NA,NA,2,NA,NA,NA,NA,NA,NA,Halosydna brevisetosa,Shortscaled worm,2018_kis1_surface,kis1,beach_seine,2018-07-15,2018-07-13,2018,surface,2,edna_kis1_15,surface,biological,13.8,30.95,8.15,13.5,30.97,8.13,4.5,1000,0,51.8111452,-128.2293129,sand,n,25,sp,seagrass,zostera,seagrass_sand,zostera_sand,99.31,7.206629999999995e-145,285,Metazoa,Annelida,Polychaeta,Phyllodocida,Polynoidae,Halosydna,0,0,TRUE,ASV3512,2,Halosydna brevisetosa
edna0071,ASV3036,motu2447,Saccocirrus,Polychaete,genus,1,NA,NA,1,7,NA,NA,21,8,NA,NA,Saccocirrus,Polychaete,2018_kis1_surface,kis1,beach_seine,2018-07-15,2018-07-13,2018,surface,2,edna_kis1_15,surface,biological,13.8,30.95,8.15,13.5,30.97,8.13,4.5,1000,0,51.8111452,-128.2293129,sand,n,25,sp,seagrass,zostera,seagrass_sand,zostera_sand,100,2.4540699999999983e-154,302,Metazoa,Annelida,Polychaeta,NA,Saccocirridae,Saccocirrus,0,0,TRUE,ASV3036,1,NA
edna0071,ASV7795,motu6141,Eunicidae,Eunicid polychaete species,family,1,NA,NA,NA,2,NA,NA,NA,NA,NA,NA,Eunicidae,Eunicid polychaete species,2018_kis1_surface,kis1,beach_seine,2018-07-15,2018-07-13,2018,surface,2,edna_kis1_15,surface,biological,13.8,30.95,8.15,13.5,30.97,8.13,4.5,1000,0,51.8111452,-128.2293129,sand,n,25,sp,seagrass,zostera,seagrass_sand,zostera_sand,100,3.1885e-4,32,Metazoa,Annelida,Annelida,Eunicida,Eunicidae,NA,0,0,TRUE,ASV7795,1,NA
edna0072,ASV25,motu22,Acartia (Acartiura) longiremis,Calanoid copepod,species,1,1,1,1,67,153,35,185,143,NA,137,Acartia (Acartiura) longiremis,Calanoid copepod,2018_kis1_surface,kis1,beach_seine,2018-07-15,2018-07-13,2018,surface,3,edna_kis1_30,surface,biological,13.6,30.95,8.13,13.3,31.03,8.11,4.5,1000,0,51.81116654,-128.2295305,sand,n,25,sp,seagrass,zostera,seagrass_sand,zostera_sand,100,1.96163e-160,313,Metazoa,Arthropoda,Copepoda,Calanoida,Acartiidae,Acartia,0,0,TRUE,ASV25,27,Acartia (Acartiura) longiremis
edna0072,ASV81,motu71,Acartia (Acartiura) longiremis,Calanoid copepod,species,1,1,NA,NA,77,137,NA,NA,NA,NA,NA,Acartia (Acartiura) longiremis,Calanoid copepod,2018_kis1_surface,kis1,beach_seine,2018-07-15,2018-07-13,2018,surface,3,edna_kis1_30,surface,biological,13.6,30.95,8.13,13.3,31.03,8.11,4.5,1000,0,51.81116654,-128.2295305,sand,n,25,sp,seagrass,zostera,seagrass_sand,zostera_sand,100,1.96163e-160,313,Metazoa,Arthropoda,Copepoda,Calanoida,Acartiidae,Acartia,0,0,TRUE,ASV81,23,Acartia (Acartiura) longiremis
edna0072,ASV34,motu31,Centropages abdominalis,Calanoid copepod,species,1,1,1,1,19,35,18,51,62,NA,40,Centropages abdominalis,Calanoid copepod,2018_kis1_surface,kis1,beach_seine,2018-07-15,2018-07-13,2018,surface,3,edna_kis1_30,surface,biological,13.6,30.95,8.13,13.3,31.03,8.11,4.5,1000,0,51.81116654,-128.2295305,sand,n,25,sp,seagrass,zostera,seagrass_sand,zostera_sand,100,1.96163e-160,313,Metazoa,Arthropoda,Copepoda,Calanoida,Centropagidae,Centropages,0,0,TRUE,ASV34,19,Centropages abdominalis
edna0072,ASV143,motu128,Centropages abdominalis,Calanoid copepod,species,1,1,NA,NA,16,39,NA,NA,NA,NA,NA,Centropages abdominalis,Calanoid copepod,2018_kis1_surface,kis1,beach_seine,2018-07-15,2018-07-13,2018,surface,3,edna_kis1_30,surface,biological,13.6,30.95,8.13,13.3,31.03,8.11,4.5,1000,0,51.81116654,-128.2295305,sand,n,25,sp,seagrass,zostera,seagrass_sand,zostera_sand,100,1.96163e-160,313,Metazoa,Arthropoda,Copepoda,Calanoida,Centropagidae,Centropages,0,0,TRUE,ASV143,11,Centropages abdominalis
edna0072,ASV258,motu228,Lensia,Siphonophore,genus,1,1,NA,NA,6,5,NA,NA,NA,NA,NA,Lensia,Siphonophore,2018_kis1_surface,kis1,beach_seine,2018-07-15,2018-07-13,2018,surface,3,edna_kis1_30,surface,biological,13.6,30.95,8.13,13.3,31.03,8.11,4.5,1000,0,51.81116654,-128.2295305,sand,n,25,sp,seagrass,zostera,seagrass_sand,zostera_sand,100,0.00408744,30,Metazoa,Cnidaria,Cnidaria,Siphonophorae,Diphyidae,Lensia,0,0,TRUE,ASV258,1,NA
edna0072,ASV343,motu303,Pseudocalanus mimus,Calanoid copepod,species,1,NA,NA,NA,24,NA,NA,NA,NA,NA,NA,Pseudocalanus mimus,Calanoid copepod,2018_kis1_surface,kis1,beach_seine,2018-07-15,2018-07-13,2018,surface,3,edna_kis1_30,surface,biological,13.6,30.95,8.13,13.3,31.03,8.11,4.5,1000,0,51.81116654,-128.2295305,sand,n,25,sp,seagrass,zostera,seagrass_sand,zostera_sand,99.67,9.19139e-154,301,Metazoa,Arthropoda,Copepoda,Calanoida,Clausocalanidae,Pseudocalanus,0,0,TRUE,ASV343,11,Pseudocalanus mimus
edna0072,ASV354,motu313,Mitrocoma cellularia,Cross jelly,species,1,1,NA,NA,5,8,NA,NA,NA,NA,NA,Mitrocoma cellularia,Cross jelly,2018_kis1_surface,kis1,beach_seine,2018-07-15,2018-07-13,2018,surface,3,edna_kis1_30,surface,biological,13.6,30.95,8.13,13.3,31.03,8.11,4.5,1000,0,51.81116654,-128.2295305,sand,n,25,sp,seagrass,zostera,seagrass_sand,zostera_sand,100,1.4886099999999998e-156,306,Metazoa,Cnidaria,Hydrozoa,Leptothecata,Mitrocomidae,Mitrocoma,0,0,TRUE,ASV354,2,Mitrocoma cellularia
edna0072,ASV275,motu244,Ophiopholis kennerlyi,Daisy brittle star,species,1,1,NA,1,55,64,NA,98,100,NA,71,Ophiopholis kennerlyi,Daisy brittle star,2018_kis1_surface,kis1,beach_seine,2018-07-15,2018-07-13,2018,surface,3,edna_kis1_30,surface,biological,13.6,30.95,8.13,13.3,31.03,8.11,4.5,1000,0,51.81116654,-128.2295305,sand,n,25,sp,seagrass,zostera,seagrass_sand,zostera_sand,100,1.96163e-160,313,Metazoa,Echinodermata,Echinodermata,Amphilepidida,Ophiopholidae,Ophiopholis,0,0,TRUE,ASV275,7,Ophiopholis kennerlyi
edna0072,ASV324,motu285,Paracalanus parvus parvus,Calanoid copepod,species,1,1,NA,1,5,10,NA,5,5,NA,NA,Paracalanus parvus parvus,Calanoid copepod,2018_kis1_surface,kis1,beach_seine,2018-07-15,2018-07-13,2018,surface,3,edna_kis1_30,surface,biological,13.6,30.95,8.13,13.3,31.03,8.11,4.5,1000,0,51.81116654,-128.2295305,sand,n,25,sp,seagrass,zostera,seagrass_sand,zostera_sand,100,1.17454e-132,263,Metazoa,Arthropoda,Copepoda,Calanoida,Paracalanidae,Paracalanus,0,0,TRUE,ASV324,6,Paracalanus parvus parvus
edna0072,ASV605,motu529,Ophiopholis,Brittle star species,genus,1,1,NA,NA,49,54,NA,NA,NA,NA,NA,Ophiopholis kennerlyi,Daisy brittle star,2018_kis1_surface,kis1,beach_seine,2018-07-15,2018-07-13,2018,surface,3,edna_kis1_30,surface,biological,13.6,30.95,8.13,13.3,31.03,8.11,4.5,1000,0,51.81116654,-128.2295305,sand,n,25,sp,seagrass,zostera,seagrass_sand,zostera_sand,100,1.96163e-160,313,Metazoa,Echinodermata,Echinodermata,Amphilepidida,Ophiopholidae,Ophiopholis,0,0,TRUE,ASV603,6,NA
edna0072,ASV595,motu522,Cecidomyiidae,Hexapod,genus,1,1,NA,NA,5,6,NA,NA,NA,NA,NA,Cecidomyiidae,Hexapod,2018_kis1_surface,kis1,beach_seine,2018-07-15,2018-07-13,2018,surface,3,edna_kis1_30,surface,biological,13.6,30.95,8.13,13.3,31.03,8.11,4.5,1000,0,51.81116654,-128.2295305,sand,n,25,sp,seagrass,zostera,seagrass_sand,zostera_sand,100,0.00408744,30,Metazoa,Arthropoda,Arthropoda,Diptera,Cecidomyiidae,Cecidomyiidae,NA,NA,TRUE,ASV595,1,NA
edna0072,ASV536,motu470,Paracalanus parvus parvus,Calanoid copepod,species,1,1,NA,NA,6,14,NA,NA,NA,NA,NA,Paracalanus parvus parvus,Calanoid copepod,2018_kis1_surface,kis1,beach_seine,2018-07-15,2018-07-13,2018,surface,3,edna_kis1_30,surface,biological,13.6,30.95,8.13,13.3,31.03,8.11,4.5,1000,0,51.81116654,-128.2295305,sand,n,25,sp,seagrass,zostera,seagrass_sand,zostera_sand,100,1.17454e-132,263,Metazoa,Arthropoda,Copepoda,Calanoida,Paracalanidae,Paracalanus,0,0,TRUE,ASV536,6,Paracalanus parvus parvus
edna0072,ASV352,motu311,Synchaeta vorax,Rotifer,species,1,1,1,1,30,40,14,48,34,NA,27,Synchaeta vorax,Rotifer,2018_kis1_surface,kis1,beach_seine,2018-07-15,2018-07-13,2018,surface,3,edna_kis1_30,surface,biological,13.6,30.95,8.13,13.3,31.03,8.11,4.5,1000,0,51.81116654,-128.2295305,sand,n,25,sp,seagrass,zostera,seagrass_sand,zostera_sand,98.08,7.129989999999999e-150,294,Metazoa,Rotifera,Eurotatoria,Ploima,Synchaetidae,Synchaeta,0,0,TRUE,ASV352,4,Synchaeta vorax
edna0072,ASV346,motu306,Synchaeta vorax,Rotifer,species,1,1,1,1,26,33,19,52,41,NA,23,Synchaeta vorax,Rotifer,2018_kis1_surface,kis1,beach_seine,2018-07-15,2018-07-13,2018,surface,3,edna_kis1_30,surface,biological,13.6,30.95,8.13,13.3,31.03,8.11,4.5,1000,0,51.81116654,-128.2295305,sand,n,25,sp,seagrass,zostera,seagrass_sand,zostera_sand,98.08,7.129989999999999e-150,294,Metazoa,Rotifera,Eurotatoria,Ploima,Synchaetidae,Synchaeta,0,0,TRUE,ASV346,5,Synchaeta vorax
edna0072,ASV623,motu543,Balanus,Barnacle species,genus,1,1,NA,1,8,14,NA,19,11,NA,18,Balanus,Barnacle species,2018_kis1_surface,kis1,beach_seine,2018-07-15,2018-07-13,2018,surface,3,edna_kis1_30,surface,biological,13.6,30.95,8.13,13.3,31.03,8.11,4.5,1000,0,51.81116654,-128.2295305,sand,n,25,sp,seagrass,zostera,seagrass_sand,zostera_sand,100,1.4886099999999998e-156,306,Metazoa,Arthropoda,Arthropoda,Balanomorpha,Balanidae,Balanus,0,0,TRUE,ASV623,7,NA
edna0072,ASV1095,motu942,Balanus,Barnacle species,genus,1,1,NA,NA,4,19,NA,NA,NA,NA,NA,Balanus,Barnacle species,2018_kis1_surface,kis1,beach_seine,2018-07-15,2018-07-13,2018,surface,3,edna_kis1_30,surface,biological,13.6,30.95,8.13,13.3,31.03,8.11,4.5,1000,0,51.81116654,-128.2295305,sand,n,25,sp,seagrass,zostera,seagrass_sand,zostera_sand,100,1.4886099999999998e-156,306,Metazoa,Arthropoda,Arthropoda,Balanomorpha,Balanidae,Balanus,0,0,TRUE,ASV1095,4,NA
edna0072,ASV916,motu796,Panopea generosa,Pacific geoduck,species,1,1,NA,NA,99,220,NA,NA,NA,NA,NA,Panopea generosa,Pacific geoduck,2018_kis1_surface,kis1,beach_seine,2018-07-15,2018-07-13,2018,surface,3,edna_kis1_30,surface,biological,13.6,30.95,8.13,13.3,31.03,8.11,4.5,1000,0,51.81116654,-128.2295305,sand,n,25,sp,seagrass,zostera,seagrass_sand,zostera_sand,100,1.96163e-160,313,Metazoa,Mollusca,Bivalvia,Adapedonta,Hiatellidae,Panopea,0,0,TRUE,ASV916,4,Panopea generosa
edna0072,ASV558,motu491,Pseudocalanus mimus,Calanoid copepod,species,1,1,1,1,23,53,25,NA,NA,NA,25,Pseudocalanus mimus,Calanoid copepod,2018_kis1_surface,kis1,beach_seine,2018-07-15,2018-07-13,2018,surface,3,edna_kis1_30,surface,biological,13.6,30.95,8.13,13.3,31.03,8.11,4.5,1000,0,51.81116654,-128.2295305,sand,n,25,sp,seagrass,zostera,seagrass_sand,zostera_sand,100,7.1053799999999944e-155,303,Metazoa,Arthropoda,Copepoda,Calanoida,Clausocalanidae,Pseudocalanus,0,0,TRUE,ASV558,1,Pseudocalanus mimus
edna0072,ASV1289,motu1091,Chthamalus dalli,Little brown barnacle,species,1,1,NA,NA,18,33,NA,NA,NA,NA,NA,Chthamalus dalli,Little brown barnacle,2018_kis1_surface,kis1,beach_seine,2018-07-15,2018-07-13,2018,surface,3,edna_kis1_30,surface,biological,13.6,30.95,8.13,13.3,31.03,8.11,4.5,1000,0,51.81116654,-128.2295305,sand,n,25,sp,seagrass,zostera,seagrass_sand,zostera_sand,99.34,5.31212e-151,296,Metazoa,Arthropoda,Thecostraca,Balanomorpha,Chthamalidae,Chthamalus,0,0,TRUE,ASV1289,3,Chthamalus dalli
edna0072,ASV780,motu679,Aequorea,Crystal jelly species,genus,1,1,1,1,80,153,64,184,158,NA,149,Aequorea,Crystal jelly species,2018_kis1_surface,kis1,beach_seine,2018-07-15,2018-07-13,2018,surface,3,edna_kis1_30,surface,biological,13.6,30.95,8.13,13.3,31.03,8.11,4.5,1000,0,51.81116654,-128.2295305,sand,n,25,sp,seagrass,zostera,seagrass_sand,zostera_sand,100,1.4886099999999998e-156,306,Metazoa,Cnidaria,Hydrozoa,Leptothecata,Aequoreidae,Aequorea,0,0,TRUE,ASV780,4,NA
edna0072,ASV775,motu675,Aequorea,Crystal jelly species,genus,1,1,1,1,72,143,69,207,161,NA,150,Aequorea,Crystal jelly species,2018_kis1_surface,kis1,beach_seine,2018-07-15,2018-07-13,2018,surface,3,edna_kis1_30,surface,biological,13.6,30.95,8.13,13.3,31.03,8.11,4.5,1000,0,51.81116654,-128.2295305,sand,n,25,sp,seagrass,zostera,seagrass_sand,zostera_sand,100,1.4886099999999998e-156,306,Metazoa,Cnidaria,Hydrozoa,Leptothecata,Aequoreidae,Aequorea,0,0,TRUE,ASV775,3,NA
edna0072,ASV1374,motu1160,Ergasilida,Cyclopoid copepod,order,1,NA,NA,NA,11,NA,NA,NA,NA,NA,NA,Ergasilida,Cyclopoid copepod,2018_kis1_surface,kis1,beach_seine,2018-07-15,2018-07-13,2018,surface,3,edna_kis1_30,surface,biological,13.6,30.95,8.13,13.3,31.03,8.11,4.5,1000,0,51.81116654,-128.2295305,sand,n,25,sp,seagrass,zostera,seagrass_sand,zostera_sand,100,1.96163e-160,313,Metazoa,Arthropoda,Copepoda,Cyclopoida,NA,NA,0,0,FALSE,ASV1374,1,NA
edna0072,ASV814,motu709,Chthamalus dalli,Little brown barnacle,species,1,1,1,1,19,33,16,42,32,NA,39,Chthamalus dalli,Little brown barnacle,2018_kis1_surface,kis1,beach_seine,2018-07-15,2018-07-13,2018,surface,3,edna_kis1_30,surface,biological,13.6,30.95,8.13,13.3,31.03,8.11,4.5,1000,0,51.81116654,-128.2295305,sand,n,25,sp,seagrass,zostera,seagrass_sand,zostera_sand,99.34,5.31212e-151,296,Metazoa,Arthropoda,Thecostraca,Balanomorpha,Chthamalidae,Chthamalus,0,0,TRUE,ASV814,5,Chthamalus dalli
edna0072,ASV939,motu816,Ergasilida,Cyclopoid copepod,order,1,1,1,NA,7,25,14,NA,NA,NA,NA,Ergasilida,Cyclopoid copepod,2018_kis1_surface,kis1,beach_seine,2018-07-15,2018-07-13,2018,surface,3,edna_kis1_30,surface,biological,13.6,30.95,8.13,13.3,31.03,8.11,4.5,1000,0,51.81116654,-128.2295305,sand,n,25,sp,seagrass,zostera,seagrass_sand,zostera_sand,100,1.96163e-160,313,Metazoa,Arthropoda,Copepoda,Cyclopoida,NA,NA,0,0,FALSE,ASV939,1,NA
edna0072,ASV1079,motu930,Scolelepis (Scolelepis) squamata,Spionid polychaete,species,1,1,NA,1,170,320,NA,229,207,NA,219,Scolelepis (Scolelepis) squamata,Spionid polychaete,2018_kis1_surface,kis1,beach_seine,2018-07-15,2018-07-13,2018,surface,3,edna_kis1_30,surface,biological,13.6,30.95,8.13,13.3,31.03,8.11,4.5,1000,0,51.81116654,-128.2295305,sand,n,25,sp,seagrass,zostera,seagrass_sand,zostera_sand,99.68,9.126599999999999e-159,310,Metazoa,Annelida,Polychaeta,Spionida,Spionidae,Scolelepis,0,0,TRUE,ASV1079,2,Scolelepis (Scolelepis) squamata
edna0072,ASV1860,motu1550,Scolelepis (Scolelepis) squamata,Spionid polychaete,species,1,1,NA,NA,134,280,NA,NA,NA,NA,NA,Scolelepis (Scolelepis) squamata,Spionid polychaete,2018_kis1_surface,kis1,beach_seine,2018-07-15,2018-07-13,2018,surface,3,edna_kis1_30,surface,biological,13.6,30.95,8.13,13.3,31.03,8.11,4.5,1000,0,51.81116654,-128.2295305,sand,n,25,sp,seagrass,zostera,seagrass_sand,zostera_sand,99.68,9.126599999999999e-159,310,Metazoa,Annelida,Polychaeta,Spionida,Spionidae,Scolelepis,0,0,TRUE,ASV1860,1,Scolelepis (Scolelepis) squamata
edna0072,ASV1046,motu902,Arthropoda,Unknown arthropod,phylum,1,1,1,1,14,14,9,83,89,NA,61,Arthropoda,Unknown arthropod,2018_kis1_surface,kis1,beach_seine,2018-07-15,2018-07-13,2018,surface,3,edna_kis1_30,surface,biological,13.6,30.95,8.13,13.3,31.03,8.11,4.5,1000,0,51.81116654,-128.2295305,sand,n,25,sp,seagrass,zostera,seagrass_sand,zostera_sand,94.87,8.78538e-5,33,Metazoa,Arthropoda,NA,NA,NA,NA,NA,NA,TRUE,ASV1046,4,NA
edna0072,ASV801,motu697,Micropodarke dubia,Hesionid polychaete,species,1,1,NA,1,4,9,NA,10,NA,NA,NA,Micropodarke dubia,Hesionid polychaete,2018_kis1_surface,kis1,beach_seine,2018-07-15,2018-07-13,2018,surface,3,edna_kis1_30,surface,biological,13.6,30.95,8.13,13.3,31.03,8.11,4.5,1000,0,51.81116654,-128.2295305,sand,n,25,sp,seagrass,zostera,seagrass_sand,zostera_sand,100,1.96163e-160,313,Metazoa,Annelida,Polychaeta,Phyllodocida,Hesionidae,Micropodarke,0,0,TRUE,ASV801,2,Micropodarke dubia
edna0072,ASV1742,motu1454,Micropodarke dubia,Hesionid polychaete,species,1,1,NA,NA,9,8,NA,NA,NA,NA,NA,Micropodarke dubia,Hesionid polychaete,2018_kis1_surface,kis1,beach_seine,2018-07-15,2018-07-13,2018,surface,3,edna_kis1_30,surface,biological,13.6,30.95,8.13,13.3,31.03,8.11,4.5,1000,0,51.81116654,-128.2295305,sand,n,25,sp,seagrass,zostera,seagrass_sand,zostera_sand,100,1.96163e-160,313,Metazoa,Annelida,Polychaeta,Phyllodocida,Hesionidae,Micropodarke,0,0,TRUE,ASV1742,2,Micropodarke dubia
edna0072,ASV1153,motu988,Epilabidocera longipedata,Calanoid copepod,species,1,1,1,1,115,205,102,237,192,NA,165,Epilabidocera longipedata,Calanoid copepod,2018_kis1_surface,kis1,beach_seine,2018-07-15,2018-07-13,2018,surface,3,edna_kis1_30,surface,biological,13.6,30.95,8.13,13.3,31.03,8.11,4.5,1000,0,51.81116654,-128.2295305,sand,n,25,sp,seagrass,zostera,seagrass_sand,zostera_sand,99.02,1.2852e-97,200,Metazoa,Arthropoda,Copepoda,Calanoida,Pontellidae,Epilabidocera,0,0,TRUE,ASV1153,2,Epilabidocera longipedata
edna0072,ASV1118,motu962,Epilabidocera longipedata,Calanoid copepod,species,1,1,1,1,106,193,99,260,212,NA,199,Epilabidocera longipedata,Calanoid copepod,2018_kis1_surface,kis1,beach_seine,2018-07-15,2018-07-13,2018,surface,3,edna_kis1_30,surface,biological,13.6,30.95,8.13,13.3,31.03,8.11,4.5,1000,0,51.81116654,-128.2295305,sand,n,25,sp,seagrass,zostera,seagrass_sand,zostera_sand,99.02,1.2852e-97,200,Metazoa,Arthropoda,Copepoda,Calanoida,Pontellidae,Epilabidocera,0,0,TRUE,ASV1118,2,Epilabidocera longipedata
edna0072,ASV1853,motu1544,Panopea generosa,Pacific geoduck,species,1,NA,NA,NA,94,NA,NA,NA,NA,NA,NA,Panopea generosa,Pacific geoduck,2018_kis1_surface,kis1,beach_seine,2018-07-15,2018-07-13,2018,surface,3,edna_kis1_30,surface,biological,13.6,30.95,8.13,13.3,31.03,8.11,4.5,1000,0,51.81116654,-128.2295305,sand,n,25,sp,seagrass,zostera,seagrass_sand,zostera_sand,100,7.02982e-160,312,Metazoa,Mollusca,Bivalvia,Adapedonta,Hiatellidae,Panopea,0,0,TRUE,ASV1853,3,Panopea generosa
edna0072,ASV1082,motu932,Obelia dichotoma,Sea thread hydroid,species,1,1,1,1,12,21,6,30,16,NA,10,Obelia dichotoma,Sea thread hydroid,2018_kis1_surface,kis1,beach_seine,2018-07-15,2018-07-13,2018,surface,3,edna_kis1_30,surface,biological,13.6,30.95,8.13,13.3,31.03,8.11,4.5,1000,0,51.81116654,-128.2295305,sand,n,25,sp,seagrass,zostera,seagrass_sand,zostera_sand,100,5.353989999999996e-156,305,Metazoa,Cnidaria,Hydrozoa,Leptothecata,Campanulariidae,Obelia,0,0,TRUE,ASV1082,1,Obelia dichotoma
edna0072,ASV1569,motu1322,Clinocardium nuttallii,Basket cockle,species,1,1,1,NA,6,9,5,NA,NA,NA,NA,Clinocardium nuttallii,Basket cockle,2018_kis1_surface,kis1,beach_seine,2018-07-15,2018-07-13,2018,surface,3,edna_kis1_30,surface,biological,13.6,30.95,8.13,13.3,31.03,8.11,4.5,1000,0,51.81116654,-128.2295305,sand,n,25,sp,seagrass,zostera,seagrass_sand,zostera_sand,100,2.4540699999999983e-154,302,Metazoa,Mollusca,Bivalvia,Cardiida,Cardiidae,Clinocardium,0,0,TRUE,ASV1569,2,Clinocardium nuttallii
edna0072,ASV2203,motu1819,Obelia dichotoma,Sea thread hydroid,species,1,1,NA,NA,7,12,NA,NA,NA,NA,NA,Obelia dichotoma,Sea thread hydroid,2018_kis1_surface,kis1,beach_seine,2018-07-15,2018-07-13,2018,surface,3,edna_kis1_30,surface,biological,13.6,30.95,8.13,13.3,31.03,8.11,4.5,1000,0,51.81116654,-128.2295305,sand,n,25,sp,seagrass,zostera,seagrass_sand,zostera_sand,100,5.353989999999996e-156,305,Metazoa,Cnidaria,Hydrozoa,Leptothecata,Campanulariidae,Obelia,0,0,TRUE,ASV2203,1,Obelia dichotoma
edna0072,ASV1371,motu1157,Evadne nordmanni,Predatory water flea species,species,1,1,1,1,54,106,49,215,179,NA,158,Evadne nordmanni,Predatory water flea species,2018_kis1_surface,kis1,beach_seine,2018-07-15,2018-07-13,2018,surface,3,edna_kis1_30,surface,biological,13.6,30.95,8.13,13.3,31.03,8.11,4.5,1000,0,51.81116654,-128.2295305,sand,n,25,sp,seagrass,zostera,seagrass_sand,zostera_sand,100,1.96163e-160,313,Metazoa,Arthropoda,Branchiopoda,Onychopoda,Podonidae,Evadne,0,0,TRUE,ASV1371,1,Evadne nordmanni
edna0072,ASV1304,motu1104,Haliotis kamtschatkana,Northern abalone,species,1,1,1,1,34,64,37,NA,145,NA,NA,Haliotis kamtschatkana,Northern abalone,2018_kis1_surface,kis1,beach_seine,2018-07-15,2018-07-13,2018,surface,3,edna_kis1_30,surface,biological,13.6,30.95,8.13,13.3,31.03,8.11,4.5,1000,0,51.81116654,-128.2295305,sand,n,25,sp,seagrass,zostera,seagrass_sand,zostera_sand,100,1.96163e-160,313,Metazoa,Mollusca,Mollusca,Lepetellida,Haliotidae,Haliotis,0,0,TRUE,ASV1304,9,Haliotis kamtschatkana
edna0072,ASV1396,motu1178,Evadne nordmanni,Predatory water flea species,species,1,1,1,1,43,120,38,204,183,NA,147,Evadne nordmanni,Predatory water flea species,2018_kis1_surface,kis1,beach_seine,2018-07-15,2018-07-13,2018,surface,3,edna_kis1_30,surface,biological,13.6,30.95,8.13,13.3,31.03,8.11,4.5,1000,0,51.81116654,-128.2295305,sand,n,25,sp,seagrass,zostera,seagrass_sand,zostera_sand,100,1.96163e-160,313,Metazoa,Arthropoda,Branchiopoda,Onychopoda,Podonidae,Evadne,0,0,TRUE,ASV1396,2,Evadne nordmanni
edna0072,ASV991,motu860,Eurytemora americana,Brackish calanoid,species,1,1,1,1,28,41,32,NA,NA,NA,25,Eurytemora americana,Brackish calanoid,2018_kis1_surface,kis1,beach_seine,2018-07-15,2018-07-13,2018,surface,3,edna_kis1_30,surface,biological,13.6,30.95,8.13,13.3,31.03,8.11,4.5,1000,0,51.81116654,-128.2295305,sand,n,25,sp,seagrass,zostera,seagrass_sand,zostera_sand,100,7.206629999999995e-145,285,Metazoa,Arthropoda,Copepoda,Calanoida,Temoridae,Eurytemora,0,0,TRUE,ASV991,1,Eurytemora americana
edna0072,ASV842,motu733,Eurytemora americana,Brackish calanoid,species,1,1,1,1,26,55,20,51,NA,NA,24,Eurytemora americana,Brackish calanoid,2018_kis1_surface,kis1,beach_seine,2018-07-15,2018-07-13,2018,surface,3,edna_kis1_30,surface,biological,13.6,30.95,8.13,13.3,31.03,8.11,4.5,1000,0,51.81116654,-128.2295305,sand,n,25,sp,seagrass,zostera,seagrass_sand,zostera_sand,100,7.206629999999995e-145,285,Metazoa,Arthropoda,Copepoda,Calanoida,Temoridae,Eurytemora,0,0,TRUE,ASV842,1,Eurytemora americana
edna0072,ASV3224,motu2581,Humilaria kennerleyi,Kennerleys venus,species,1,NA,NA,NA,4,NA,NA,NA,NA,NA,NA,Humilaria kennerleyi,Kennerleys venus,2018_kis1_surface,kis1,beach_seine,2018-07-15,2018-07-13,2018,surface,3,edna_kis1_30,surface,biological,13.6,30.95,8.13,13.3,31.03,8.11,4.5,1000,0,51.81116654,-128.2295305,sand,n,25,sp,seagrass,zostera,seagrass_sand,zostera_sand,100,1.96163e-160,313,Metazoa,Mollusca,Bivalvia,Venerida,Veneridae,Humilaria,0,0,TRUE,ASV3224,2,Humilaria kennerleyi
edna0073,ASV25,motu22,Acartia (Acartiura) longiremis,Calanoid copepod,species,1,1,1,1,43,79,29,48,52,NA,53,Acartia (Acartiura) longiremis,Calanoid copepod,2018_hab2_surface,hab2,beach_seine,2018-07-15,2018-07-12,2018,surface,1,edna_hab2_00,surface,biological,12.8,31.38,8.02,11.1,31.68,7.99,4.5,1000,0,51.66375908,-128.1431094,sand,n,1000,se,none,none,none_sand,none_sand,100,1.96163e-160,313,Metazoa,Arthropoda,Copepoda,Calanoida,Acartiidae,Acartia,0,0,TRUE,ASV25,27,Acartia (Acartiura) longiremis
edna0073,ASV81,motu71,Acartia (Acartiura) longiremis,Calanoid copepod,species,1,1,NA,NA,49,91,NA,NA,NA,NA,NA,Acartia (Acartiura) longiremis,Calanoid copepod,2018_hab2_surface,hab2,beach_seine,2018-07-15,2018-07-12,2018,surface,1,edna_hab2_00,surface,biological,12.8,31.38,8.02,11.1,31.68,7.99,4.5,1000,0,51.66375908,-128.1431094,sand,n,1000,se,none,none,none_sand,none_sand,100,1.96163e-160,313,Metazoa,Arthropoda,Copepoda,Calanoida,Acartiidae,Acartia,0,0,TRUE,ASV81,23,Acartia (Acartiura) longiremis
edna0073,ASV258,motu228,Lensia,Siphonophore,genus,1,1,NA,NA,10,16,NA,NA,NA,NA,NA,Lensia,Siphonophore,2018_hab2_surface,hab2,beach_seine,2018-07-15,2018-07-12,2018,surface,1,edna_hab2_00,surface,biological,12.8,31.38,8.02,11.1,31.68,7.99,4.5,1000,0,51.66375908,-128.1431094,sand,n,1000,se,none,none,none_sand,none_sand,100,0.00408744,30,Metazoa,Cnidaria,Cnidaria,Siphonophorae,Diphyidae,Lensia,0,0,TRUE,ASV258,1,NA
edna0073,ASV131,motu117,Lensia,Siphonophore,genus,1,1,1,1,13,23,15,NA,10,NA,8,Lensia,Siphonophore,2018_hab2_surface,hab2,beach_seine,2018-07-15,2018-07-12,2018,surface,1,edna_hab2_00,surface,biological,12.8,31.38,8.02,11.1,31.68,7.99,4.5,1000,0,51.66375908,-128.1431094,sand,n,1000,se,none,none,none_sand,none_sand,100,0.00408744,30,Metazoa,Cnidaria,Cnidaria,Siphonophorae,Diphyidae,Lensia,0,0,TRUE,ASV131,2,NA
edna0073,ASV251,motu105,Mesocentrotus franciscanus,Red sea urchin,species,1,NA,1,1,354,NA,188,NA,316,NA,NA,Mesocentrotus franciscanus,Red sea urchin,2018_hab2_surface,hab2,beach_seine,2018-07-15,2018-07-12,2018,surface,1,edna_hab2_00,surface,biological,12.8,31.38,8.02,11.1,31.68,7.99,4.5,1000,0,51.66375908,-128.1431094,sand,n,1000,se,none,none,none_sand,none_sand,100,7.02982e-160,312,Metazoa,Echinodermata,Echinoidea,Camarodonta,Strongylocentrotidae,Mesocentrotus,0,0,TRUE,ASV118,8,Mesocentrotus franciscanus
edna0073,ASV216,motu190,Mytilus trossulus,Bay mussel,species,1,1,NA,1,8,9,NA,NA,8,NA,NA,Mytilus trossulus,Bay mussel,2018_hab2_surface,hab2,beach_seine,2018-07-15,2018-07-12,2018,surface,1,edna_hab2_00,surface,biological,12.8,31.38,8.02,11.1,31.68,7.99,4.5,1000,0,51.66375908,-128.1431094,sand,n,1000,se,none,none,none_sand,none_sand,100,3.2351099999999996e-158,309,Metazoa,Mollusca,Mollusca,Mytilida,Mytilidae,Mytilus,0,0,TRUE,ASV216,23,Mytilus trossulus
edna0073,ASV132,motu118,Mesocentrotus franciscanus,Red sea urchin,species,1,1,1,1,212,583,180,NA,277,NA,287,Mesocentrotus franciscanus,Red sea urchin,2018_hab2_surface,hab2,beach_seine,2018-07-15,2018-07-12,2018,surface,1,edna_hab2_00,surface,biological,12.8,31.38,8.02,11.1,31.68,7.99,4.5,1000,0,51.66375908,-128.1431094,sand,n,1000,se,none,none,none_sand,none_sand,100,2.51921e-159,311,Metazoa,Echinodermata,Echinoidea,Camarodonta,Strongylocentrotidae,Mesocentrotus,0,0,TRUE,ASV132,8,Mesocentrotus franciscanus
edna0073,ASV354,motu313,Mitrocoma cellularia,Cross jelly,species,1,1,1,1,78,135,74,72,46,NA,60,Mitrocoma cellularia,Cross jelly,2018_hab2_surface,hab2,beach_seine,2018-07-15,2018-07-12,2018,surface,1,edna_hab2_00,surface,biological,12.8,31.38,8.02,11.1,31.68,7.99,4.5,1000,0,51.66375908,-128.1431094,sand,n,1000,se,none,none,none_sand,none_sand,100,1.4886099999999998e-156,306,Metazoa,Cnidaria,Hydrozoa,Leptothecata,Mitrocomidae,Mitrocoma,0,0,TRUE,ASV354,2,Mitrocoma cellularia
edna0073,ASV616,motu537,Mitrocoma cellularia,Cross jelly,species,1,1,NA,NA,60,148,NA,NA,NA,NA,NA,Mitrocoma cellularia,Cross jelly,2018_hab2_surface,hab2,beach_seine,2018-07-15,2018-07-12,2018,surface,1,edna_hab2_00,surface,biological,12.8,31.38,8.02,11.1,31.68,7.99,4.5,1000,0,51.66375908,-128.1431094,sand,n,1000,se,none,none,none_sand,none_sand,100,1.4886099999999998e-156,306,Metazoa,Cnidaria,Hydrozoa,Leptothecata,Mitrocomidae,Mitrocoma,0,0,TRUE,ASV616,6,Mitrocoma cellularia
edna0073,ASV498,motu441,Clytia gregaria,Gregarious jellyfish,species,1,1,1,1,41,69,32,39,41,NA,NA,Clytia gregaria,Gregarious jellyfish,2018_hab2_surface,hab2,beach_seine,2018-07-15,2018-07-12,2018,surface,1,edna_hab2_00,surface,biological,12.8,31.38,8.02,11.1,31.68,7.99,4.5,1000,0,51.66375908,-128.1431094,sand,n,1000,se,none,none,none_sand,none_sand,99.68,9.126599999999999e-159,310,Metazoa,Cnidaria,Hydrozoa,Leptothecata,Campanulariidae,Clytia,0,0,TRUE,ASV498,2,Clytia gregaria
edna0073,ASV634,motu517,Balanus,Barnacle species,genus,1,1,NA,1,10,13,NA,6,NA,NA,NA,Balanus,Barnacle species,2018_hab2_surface,hab2,beach_seine,2018-07-15,2018-07-12,2018,surface,1,edna_hab2_00,surface,biological,12.8,31.38,8.02,11.1,31.68,7.99,4.5,1000,0,51.66375908,-128.1431094,sand,n,1000,se,none,none,none_sand,none_sand,100,1.4886099999999998e-156,306,Metazoa,Arthropoda,Arthropoda,Balanomorpha,Balanidae,Balanus,0,0,TRUE,ASV587,10,NA
edna0073,ASV1038,motu895,Clytia gregaria,Gregarious jellyfish,species,1,1,NA,NA,29,77,NA,NA,NA,NA,NA,Clytia gregaria,Gregarious jellyfish,2018_hab2_surface,hab2,beach_seine,2018-07-15,2018-07-12,2018,surface,1,edna_hab2_00,surface,biological,12.8,31.38,8.02,11.1,31.68,7.99,4.5,1000,0,51.66375908,-128.1431094,sand,n,1000,se,none,none,none_sand,none_sand,99.68,9.126599999999999e-159,310,Metazoa,Cnidaria,Hydrozoa,Leptothecata,Campanulariidae,Clytia,0,0,TRUE,ASV1038,2,Clytia gregaria
edna0073,ASV750,motu654,Orobdella,Freshwater leech,genus,1,1,NA,NA,17,24,NA,NA,NA,NA,NA,Orobdella,Freshwater leech,2018_hab2_surface,hab2,beach_seine,2018-07-15,2018-07-12,2018,surface,1,edna_hab2_00,surface,biological,12.8,31.38,8.02,11.1,31.68,7.99,4.5,1000,0,51.66375908,-128.1431094,sand,n,1000,se,none,none,none_sand,none_sand,97.06,0.00121031,31,Metazoa,Annelida,Annelida,Erpobdelliformes,Orobdellidae,Orobdella,NA,NA,TRUE,ASV750,1,NA
edna0073,ASV542,motu476,Phascolosoma (Phascolosoma) agassizii,Agassiz peanut worm,species,1,NA,NA,1,25,NA,NA,NA,26,NA,NA,Phascolosoma (Phascolosoma) agassizii,Agassiz peanut worm,2018_hab2_surface,hab2,beach_seine,2018-07-15,2018-07-12,2018,surface,1,edna_hab2_00,surface,biological,12.8,31.38,8.02,11.1,31.68,7.99,4.5,1000,0,51.66375908,-128.1431094,sand,n,1000,se,none,none,none_sand,none_sand,100,1.96163e-160,313,Metazoa,Annelida,NA,Sipuncula,Phascolosomatidae,Phascolosoma,0,0,TRUE,ASV542,4,Phascolosoma (Phascolosoma) agassizii
edna0073,ASV1187,motu1015,Balanus,Barnacle species,genus,1,1,NA,NA,6,8,NA,NA,NA,NA,NA,Balanus,Barnacle species,2018_hab2_surface,hab2,beach_seine,2018-07-15,2018-07-12,2018,surface,1,edna_hab2_00,surface,biological,12.8,31.38,8.02,11.1,31.68,7.99,4.5,1000,0,51.66375908,-128.1431094,sand,n,1000,se,none,none,none_sand,none_sand,100,1.4886099999999998e-156,306,Metazoa,Arthropoda,Arthropoda,Balanomorpha,Balanidae,Balanus,0,0,TRUE,ASV1187,5,NA
edna0073,ASV780,motu679,Aequorea,Crystal jelly species,genus,1,1,1,1,30,63,25,21,NA,NA,31,Aequorea,Crystal jelly species,2018_hab2_surface,hab2,beach_seine,2018-07-15,2018-07-12,2018,surface,1,edna_hab2_00,surface,biological,12.8,31.38,8.02,11.1,31.68,7.99,4.5,1000,0,51.66375908,-128.1431094,sand,n,1000,se,none,none,none_sand,none_sand,100,1.4886099999999998e-156,306,Metazoa,Cnidaria,Hydrozoa,Leptothecata,Aequoreidae,Aequorea,0,0,TRUE,ASV780,4,NA
edna0073,ASV775,motu675,Aequorea,Crystal jelly species,genus,1,1,1,1,17,51,32,25,NA,NA,NA,Aequorea,Crystal jelly species,2018_hab2_surface,hab2,beach_seine,2018-07-15,2018-07-12,2018,surface,1,edna_hab2_00,surface,biological,12.8,31.38,8.02,11.1,31.68,7.99,4.5,1000,0,51.66375908,-128.1431094,sand,n,1000,se,none,none,none_sand,none_sand,100,1.4886099999999998e-156,306,Metazoa,Cnidaria,Hydrozoa,Leptothecata,Aequoreidae,Aequorea,0,0,TRUE,ASV775,3,NA
edna0073,ASV1013,motu876,Orobdella,Freshwater leech,genus,1,1,1,NA,14,20,11,NA,NA,NA,NA,Orobdella,Freshwater leech,2018_hab2_surface,hab2,beach_seine,2018-07-15,2018-07-12,2018,surface,1,edna_hab2_00,surface,biological,12.8,31.38,8.02,11.1,31.68,7.99,4.5,1000,0,51.66375908,-128.1431094,sand,n,1000,se,none,none,none_sand,none_sand,97.06,0.00121031,31,Metazoa,Annelida,Annelida,Erpobdelliformes,Orobdellidae,Orobdella,NA,NA,TRUE,ASV1013,1,NA
edna0073,ASV1040,motu897,Oithona similis,Cyclopoid copepod,species,1,1,NA,1,13,29,NA,NA,8,NA,NA,Oithona similis,Cyclopoid copepod,2018_hab2_surface,hab2,beach_seine,2018-07-15,2018-07-12,2018,surface,1,edna_hab2_00,surface,biological,12.8,31.38,8.02,11.1,31.68,7.99,4.5,1000,0,51.66375908,-128.1431094,sand,n,1000,se,none,none,none_sand,none_sand,96.17,2.0179399999999996e-140,277,Metazoa,Arthropoda,Copepoda,Cyclopoida,Oithonidae,Oithona,0,0,TRUE,ASV1040,1,Oithona similis
edna0073,ASV1502,motu1269,Oithona similis,Cyclopoid copepod,species,1,1,NA,NA,14,26,NA,NA,NA,NA,NA,Oithona similis,Cyclopoid copepod,2018_hab2_surface,hab2,beach_seine,2018-07-15,2018-07-12,2018,surface,1,edna_hab2_00,surface,biological,12.8,31.38,8.02,11.1,31.68,7.99,4.5,1000,0,51.66375908,-128.1431094,sand,n,1000,se,none,none,none_sand,none_sand,96.17,2.0179399999999996e-140,277,Metazoa,Arthropoda,Copepoda,Cyclopoida,Oithonidae,Oithona,0,0,TRUE,ASV1502,1,Oithona similis
edna0073,ASV1546,motu1303,Chaetognatha,Arrow worm,phylum,1,1,NA,NA,20,13,NA,NA,NA,NA,NA,Chaetognatha,Arrow worm,2018_hab2_surface,hab2,beach_seine,2018-07-15,2018-07-12,2018,surface,1,edna_hab2_00,surface,biological,12.8,31.38,8.02,11.1,31.68,7.99,4.5,1000,0,51.66375908,-128.1431094,sand,n,1000,se,none,none,none_sand,none_sand,95.02,1.63074e-81,171,Metazoa,Chaetognatha,NA,NA,NA,NA,0,0,TRUE,ASV1546,2,NA
edna0073,ASV1467,motu1238,Tubulanus sexlineatus,Six lined ribbon worm,species,1,1,NA,1,37,39,NA,39,25,NA,20,Tubulanus sexlineatus,Six lined ribbon worm,2018_hab2_surface,hab2,beach_seine,2018-07-15,2018-07-12,2018,surface,1,edna_hab2_00,surface,biological,12.8,31.38,8.02,11.1,31.68,7.99,4.5,1000,0,51.66375908,-128.1431094,sand,n,1000,se,none,none,none_sand,none_sand,100,1.96163e-160,313,Metazoa,Nemertea,Palaeonemertea,Tubulaniformes,Tubulanidae,Tubulanus,0,0,TRUE,ASV1467,1,Tubulanus sexlineatus
edna0073,ASV2352,motu1933,Tubulanus sexlineatus,Six lined ribbon worm,species,1,1,NA,NA,28,61,NA,NA,NA,NA,NA,Tubulanus sexlineatus,Six lined ribbon worm,2018_hab2_surface,hab2,beach_seine,2018-07-15,2018-07-12,2018,surface,1,edna_hab2_00,surface,biological,12.8,31.38,8.02,11.1,31.68,7.99,4.5,1000,0,51.66375908,-128.1431094,sand,n,1000,se,none,none,none_sand,none_sand,100,1.96163e-160,313,Metazoa,Nemertea,Palaeonemertea,Tubulaniformes,Tubulanidae,Tubulanus,0,0,TRUE,ASV2352,1,Tubulanus sexlineatus
edna0073,ASV2426,motu1978,Paleanotus bellis,Golden petal worm,species,1,1,NA,NA,30,41,NA,NA,NA,NA,NA,Paleanotus bellis,Golden petal worm,2018_hab2_surface,hab2,beach_seine,2018-07-15,2018-07-12,2018,surface,1,edna_hab2_00,surface,biological,12.8,31.38,8.02,11.1,31.68,7.99,4.5,1000,0,51.66375908,-128.1431094,sand,n,1000,se,none,none,none_sand,none_sand,100,3.2351099999999996e-158,309,Metazoa,Annelida,Polychaeta,Phyllodocida,Chrysopetalidae,Paleanotus,0,0,TRUE,ASV2426,2,Paleanotus bellis
edna0073,ASV1654,motu1388,Paleanotus bellis,Golden petal worm,species,1,1,NA,1,21,35,NA,29,28,NA,31,Paleanotus bellis,Golden petal worm,2018_hab2_surface,hab2,beach_seine,2018-07-15,2018-07-12,2018,surface,1,edna_hab2_00,surface,biological,12.8,31.38,8.02,11.1,31.68,7.99,4.5,1000,0,51.66375908,-128.1431094,sand,n,1000,se,none,none,none_sand,none_sand,100,3.2351099999999996e-158,309,Metazoa,Annelida,Polychaeta,Phyllodocida,Chrysopetalidae,Paleanotus,0,0,TRUE,ASV1654,4,Paleanotus bellis
edna0073,ASV1923,motu1600,Nudibranchia,Nudibranch species,order,1,1,NA,1,3,6,NA,5,NA,NA,NA,Nudibranchia,Nudibranch species,2018_hab2_surface,hab2,beach_seine,2018-07-15,2018-07-12,2018,surface,1,edna_hab2_00,surface,biological,12.8,31.38,8.02,11.1,31.68,7.99,4.5,1000,0,51.66375908,-128.1431094,sand,n,1000,se,none,none,none_sand,none_sand,100,1.96163e-160,313,Metazoa,Mollusca,Mollusca,Nudibranchia,NA,NA,0,0,TRUE,ASV1923,1,NA
edna0073,ASV2490,motu2027,Phacellophora camtschatica,Fried egg jellyfish,species,1,1,NA,NA,2,5,NA,NA,NA,NA,NA,Phacellophora camtschatica,Fried egg jellyfish,2018_hab2_surface,hab2,beach_seine,2018-07-15,2018-07-12,2018,surface,1,edna_hab2_00,surface,biological,12.8,31.38,8.02,11.1,31.68,7.99,4.5,1000,0,51.66375908,-128.1431094,sand,n,1000,se,none,none,none_sand,none_sand,100,1.96163e-160,313,Metazoa,Cnidaria,Scyphozoa,Semaeostomeae,Phacellophoridae,Phacellophora,0,0,TRUE,ASV2490,1,Phacellophora camtschatica
edna0073,ASV2807,motu1655,Notomastus,Capitellid polychaete,genus,1,1,NA,NA,9,13,NA,NA,NA,NA,NA,Notomastus,Capitellid polychaete,2018_hab2_surface,hab2,beach_seine,2018-07-15,2018-07-12,2018,surface,1,edna_hab2_00,surface,biological,12.8,31.38,8.02,11.1,31.68,7.99,4.5,1000,0,51.66375908,-128.1431094,sand,n,1000,se,none,none,none_sand,none_sand,100,1.96163e-160,313,Metazoa,Annelida,Polychaeta,NA,Capitellidae,Notomastus,0,0,TRUE,ASV1997,2,NA
edna0073,ASV2773,motu2242,Diplostomida,Flatworm,order,1,NA,NA,NA,7,NA,NA,NA,NA,NA,NA,Diplostomida,Flatworm,2018_hab2_surface,hab2,beach_seine,2018-07-15,2018-07-12,2018,surface,1,edna_hab2_00,surface,biological,12.8,31.38,8.02,11.1,31.68,7.99,4.5,1000,0,51.66375908,-128.1431094,sand,n,1000,se,none,none,none_sand,none_sand,96.88,0.0144888,29,Metazoa,Platyhelminthes,Platyhelminthes,Diplostomida,NA,NA,0,0,TRUE,ASV2773,1,NA
edna0073,ASV4390,motu1246,Cyanea,Lions mane jellyfish species,genus,1,1,NA,NA,6,23,NA,NA,NA,NA,NA,Cyanea,Lions mane jellyfish species,2018_hab2_surface,hab2,beach_seine,2018-07-15,2018-07-12,2018,surface,1,edna_hab2_00,surface,biological,12.8,31.38,8.02,11.1,31.68,7.99,4.5,1000,0,51.66375908,-128.1431094,sand,n,1000,se,none,none,none_sand,none_sand,100,3.2351099999999996e-158,309,Metazoa,Cnidaria,Scyphozoa,Semaeostomeae,Cyaneidae,Cyanea,0,0,TRUE,ASV1475,2,NA
edna0074,ASV25,motu22,Acartia (Acartiura) longiremis,Calanoid copepod,species,1,1,1,1,32,65,33,74,68,NA,46,Acartia (Acartiura) longiremis,Calanoid copepod,2018_hab2_surface,hab2,beach_seine,2018-07-15,2018-07-12,2018,surface,2,edna_hab2_15,surface,biological,12.3,31.38,8.02,11.2,31.69,7.98,5,1000,0,51.66377693,-128.1433209,sand,n,1000,se,none,none,none_sand,none_sand,100,1.96163e-160,313,Metazoa,Arthropoda,Copepoda,Calanoida,Acartiidae,Acartia,0,0,TRUE,ASV25,27,Acartia (Acartiura) longiremis
edna0074,ASV81,motu71,Acartia (Acartiura) longiremis,Calanoid copepod,species,1,1,NA,NA,22,83,NA,NA,NA,NA,NA,Acartia (Acartiura) longiremis,Calanoid copepod,2018_hab2_surface,hab2,beach_seine,2018-07-15,2018-07-12,2018,surface,2,edna_hab2_15,surface,biological,12.3,31.38,8.02,11.2,31.69,7.98,5,1000,0,51.66377693,-128.1433209,sand,n,1000,se,none,none,none_sand,none_sand,100,1.96163e-160,313,Metazoa,Arthropoda,Copepoda,Calanoida,Acartiidae,Acartia,0,0,TRUE,ASV81,23,Acartia (Acartiura) longiremis
edna0074,ASV132,motu118,Mesocentrotus franciscanus,Red sea urchin,species,1,1,1,1,9,7,5,NA,NA,NA,12,Mesocentrotus franciscanus,Red sea urchin,2018_hab2_surface,hab2,beach_seine,2018-07-15,2018-07-12,2018,surface,2,edna_hab2_15,surface,biological,12.3,31.38,8.02,11.2,31.69,7.98,5,1000,0,51.66377693,-128.1433209,sand,n,1000,se,none,none,none_sand,none_sand,100,2.51921e-159,311,Metazoa,Echinodermata,Echinoidea,Camarodonta,Strongylocentrotidae,Mesocentrotus,0,0,TRUE,ASV132,8,Mesocentrotus franciscanus
edna0074,ASV232,motu204,Cecidomyiidae,Hexapod,genus,1,1,1,1,11,12,12,19,16,NA,13,Cecidomyiidae,Hexapod,2018_hab2_surface,hab2,beach_seine,2018-07-15,2018-07-12,2018,surface,2,edna_hab2_15,surface,biological,12.3,31.38,8.02,11.2,31.69,7.98,5,1000,0,51.66377693,-128.1433209,sand,n,1000,se,none,none,none_sand,none_sand,100,0.00408744,30,Metazoa,Arthropoda,Arthropoda,Diptera,Cecidomyiidae,Cecidomyiidae,NA,NA,TRUE,ASV232,1,NA
edna0074,ASV595,motu522,Cecidomyiidae,Hexapod,genus,1,1,NA,NA,10,23,NA,NA,NA,NA,NA,Cecidomyiidae,Hexapod,2018_hab2_surface,hab2,beach_seine,2018-07-15,2018-07-12,2018,surface,2,edna_hab2_15,surface,biological,12.3,31.38,8.02,11.2,31.69,7.98,5,1000,0,51.66377693,-128.1433209,sand,n,1000,se,none,none,none_sand,none_sand,100,0.00408744,30,Metazoa,Arthropoda,Arthropoda,Diptera,Cecidomyiidae,Cecidomyiidae,NA,NA,TRUE,ASV595,1,NA
edna0074,ASV377,motu334,Synchaeta pectinata,Rotifer,species,1,1,1,1,5,7,6,6,NA,NA,4,Synchaeta pectinata,Rotifer,2018_hab2_surface,hab2,beach_seine,2018-07-15,2018-07-12,2018,surface,2,edna_hab2_15,surface,biological,12.3,31.38,8.02,11.2,31.69,7.98,5,1000,0,51.66377693,-128.1433209,sand,n,1000,se,none,none,none_sand,none_sand,90.48,1.6452299999999999e-111,225,Metazoa,Rotifera,Eurotatoria,Ploima,Synchaetidae,Synchaeta,0,0,TRUE,ASV377,5,Synchaeta pectinata
edna0074,ASV498,motu441,Clytia gregaria,Gregarious jellyfish,species,1,1,NA,1,27,70,NA,55,58,NA,44,Clytia gregaria,Gregarious jellyfish,2018_hab2_surface,hab2,beach_seine,2018-07-15,2018-07-12,2018,surface,2,edna_hab2_15,surface,biological,12.3,31.38,8.02,11.2,31.69,7.98,5,1000,0,51.66377693,-128.1433209,sand,n,1000,se,none,none,none_sand,none_sand,99.68,9.126599999999999e-159,310,Metazoa,Cnidaria,Hydrozoa,Leptothecata,Campanulariidae,Clytia,0,0,TRUE,ASV498,2,Clytia gregaria
edna0074,ASV613,motu536,Sabellariidae,Feather duster worm,family,1,1,1,1,7,11,7,23,NA,NA,19,Sabellariidae,Feather duster worm,2018_hab2_surface,hab2,beach_seine,2018-07-15,2018-07-12,2018,surface,2,edna_hab2_15,surface,biological,12.3,31.38,8.02,11.2,31.69,7.98,5,1000,0,51.66377693,-128.1433209,sand,n,1000,se,none,none,none_sand,none_sand,99.68,1.5051499999999994e-156,306,Metazoa,Annelida,Polychaeta,NA,Sabellariidae,NA,0,0,TRUE,ASV613,7,NA
edna0074,ASV365,motu31,Centropages abdominalis,Calanoid copepod,species,1,NA,NA,NA,4,NA,NA,NA,NA,NA,NA,Centropages abdominalis,Calanoid copepod,2018_hab2_surface,hab2,beach_seine,2018-07-15,2018-07-12,2018,surface,2,edna_hab2_15,surface,biological,12.3,31.38,8.02,11.2,31.69,7.98,5,1000,0,51.66377693,-128.1433209,sand,n,1000,se,none,none,none_sand,none_sand,99.68,9.126599999999999e-159,310,Metazoa,Arthropoda,Copepoda,Calanoida,Centropagidae,Centropages,0,0,TRUE,ASV34,19,Centropages abdominalis
edna0074,ASV1038,motu895,Clytia gregaria,Gregarious jellyfish,species,1,1,NA,NA,20,52,NA,NA,NA,NA,NA,Clytia gregaria,Gregarious jellyfish,2018_hab2_surface,hab2,beach_seine,2018-07-15,2018-07-12,2018,surface,2,edna_hab2_15,surface,biological,12.3,31.38,8.02,11.2,31.69,7.98,5,1000,0,51.66377693,-128.1433209,sand,n,1000,se,none,none,none_sand,none_sand,99.68,9.126599999999999e-159,310,Metazoa,Cnidaria,Hydrozoa,Leptothecata,Campanulariidae,Clytia,0,0,TRUE,ASV1038,2,Clytia gregaria
edna0074,ASV1287,motu1015,Balanus,Barnacle species,genus,1,1,NA,NA,13,26,NA,NA,NA,NA,NA,Balanus,Barnacle species,2018_hab2_surface,hab2,beach_seine,2018-07-15,2018-07-12,2018,surface,2,edna_hab2_15,surface,biological,12.3,31.38,8.02,11.2,31.69,7.98,5,1000,0,51.66377693,-128.1433209,sand,n,1000,se,none,none,none_sand,none_sand,99.67,6.925819999999995e-155,303,Metazoa,Arthropoda,Arthropoda,Balanomorpha,Balanidae,Balanus,0,0,TRUE,ASV1187,5,NA
edna0074,ASV780,motu679,Aequorea,Crystal jelly species,genus,1,1,NA,1,5,14,NA,13,14,NA,NA,Aequorea,Crystal jelly species,2018_hab2_surface,hab2,beach_seine,2018-07-15,2018-07-12,2018,surface,2,edna_hab2_15,surface,biological,12.3,31.38,8.02,11.2,31.69,7.98,5,1000,0,51.66377693,-128.1433209,sand,n,1000,se,none,none,none_sand,none_sand,100,1.4886099999999998e-156,306,Metazoa,Cnidaria,Hydrozoa,Leptothecata,Aequoreidae,Aequorea,0,0,TRUE,ASV780,4,NA
edna0074,ASV775,motu675,Aequorea,Crystal jelly species,genus,1,1,1,1,7,11,5,NA,15,NA,NA,Aequorea,Crystal jelly species,2018_hab2_surface,hab2,beach_seine,2018-07-15,2018-07-12,2018,surface,2,edna_hab2_15,surface,biological,12.3,31.38,8.02,11.2,31.69,7.98,5,1000,0,51.66377693,-128.1433209,sand,n,1000,se,none,none,none_sand,none_sand,100,1.4886099999999998e-156,306,Metazoa,Cnidaria,Hydrozoa,Leptothecata,Aequoreidae,Aequorea,0,0,TRUE,ASV775,3,NA
edna0074,ASV1580,motu1330,Sthenelais berkeleyi,Scale worm,species,1,1,NA,NA,44,82,NA,NA,NA,NA,NA,Sthenelais berkeleyi,Scale worm,2018_hab2_surface,hab2,beach_seine,2018-07-15,2018-07-12,2018,surface,2,edna_hab2_15,surface,biological,12.3,31.38,8.02,11.2,31.69,7.98,5,1000,0,51.66377693,-128.1433209,sand,n,1000,se,none,none,none_sand,none_sand,99.04,1.97556e-155,304,Metazoa,Annelida,Polychaeta,Phyllodocida,Sigalionidae,Sthenelais,0,0,TRUE,ASV1580,1,Sthenelais berkeleyi
edna0074,ASV806,motu702,Sthenelais berkeleyi,Scale worm,species,1,1,1,1,39,72,35,64,54,NA,40,Sthenelais berkeleyi,Scale worm,2018_hab2_surface,hab2,beach_seine,2018-07-15,2018-07-12,2018,surface,2,edna_hab2_15,surface,biological,12.3,31.38,8.02,11.2,31.69,7.98,5,1000,0,51.66377693,-128.1433209,sand,n,1000,se,none,none,none_sand,none_sand,99.04,1.97556e-155,304,Metazoa,Annelida,Polychaeta,Phyllodocida,Sigalionidae,Sthenelais,0,0,TRUE,ASV806,1,Sthenelais berkeleyi
edna0074,ASV1805,motu1504,Cistenides granulata,Trumpet worm,species,1,NA,NA,1,9,NA,NA,NA,NA,NA,20,Cistenides granulata,Trumpet worm,2018_hab2_surface,hab2,beach_seine,2018-07-15,2018-07-12,2018,surface,2,edna_hab2_15,surface,biological,12.3,31.38,8.02,11.2,31.69,7.98,5,1000,0,51.66377693,-128.1433209,sand,n,1000,se,none,none,none_sand,none_sand,100,1.4886099999999998e-156,306,Metazoa,Annelida,Polychaeta,Terebellida,Pectinariidae,Pectinaria,0,0,TRUE,ASV1805,1,Cistenides granulata
edna0074,ASV1470,motu1241,Cistenides granulata,Trumpet worm,species,1,1,NA,1,14,28,NA,NA,NA,NA,16,Cistenides granulata,Trumpet worm,2018_hab2_surface,hab2,beach_seine,2018-07-15,2018-07-12,2018,surface,2,edna_hab2_15,surface,biological,12.3,31.38,8.02,11.2,31.69,7.98,5,1000,0,51.66377693,-128.1433209,sand,n,1000,se,none,none,none_sand,none_sand,100,1.96163e-160,313,Metazoa,Annelida,Polychaeta,Terebellida,Pectinariidae,Pectinaria,0,0,TRUE,ASV1470,1,Cistenides granulata
edna0074,ASV3910,motu1419,Aurelia labiata,Moon jelly species,species,1,NA,NA,NA,10,NA,NA,NA,NA,NA,NA,Aurelia labiata,Moon jelly species,2018_hab2_surface,hab2,beach_seine,2018-07-15,2018-07-12,2018,surface,2,edna_hab2_15,surface,biological,12.3,31.38,8.02,11.2,31.69,7.98,5,1000,0,51.66377693,-128.1433209,sand,n,1000,se,none,none,none_sand,none_sand,99.68,9.126599999999999e-159,310,Metazoa,Cnidaria,Scyphozoa,Semaeostomeae,Ulmaridae,Aurelia,0,0,TRUE,ASV1698,4,Aurelia labiata
edna0074,ASV1743,motu821,Phascolosoma (Phascolosoma) agassizii,Agassiz peanut worm,species,1,1,NA,1,74,89,NA,101,101,NA,112,Phascolosoma (Phascolosoma) agassizii,Agassiz peanut worm,2018_hab2_surface,hab2,beach_seine,2018-07-15,2018-07-12,2018,surface,2,edna_hab2_15,surface,biological,12.3,31.38,8.02,11.2,31.69,7.98,5,1000,0,51.66377693,-128.1433209,sand,n,1000,se,none,none,none_sand,none_sand,99.68,9.126599999999999e-159,310,Metazoa,Annelida,NA,Sipuncula,Phascolosomatidae,Phascolosoma,0,0,TRUE,ASV944,3,Phascolosoma (Phascolosoma) agassizii
edna0074,ASV1649,motu692,Phascolosoma (Phascolosoma) agassizii,Agassiz peanut worm,species,1,1,1,1,61,121,50,106,114,NA,91,Phascolosoma (Phascolosoma) agassizii,Agassiz peanut worm,2018_hab2_surface,hab2,beach_seine,2018-07-15,2018-07-12,2018,surface,2,edna_hab2_15,surface,biological,12.3,31.38,8.02,11.2,31.69,7.98,5,1000,0,51.66377693,-128.1433209,sand,n,1000,se,none,none,none_sand,none_sand,99.68,9.126599999999999e-159,310,Metazoa,Annelida,NA,Sipuncula,Phascolosomatidae,Phascolosoma,0,0,TRUE,ASV795,3,Phascolosoma (Phascolosoma) agassizii
edna0074,ASV2948,motu2377,Phoronis ijimai,Horseshoe worm,species,1,1,NA,NA,5,7,NA,NA,NA,NA,NA,Phoronis ijimai,Horseshoe worm,2018_hab2_surface,hab2,beach_seine,2018-07-15,2018-07-12,2018,surface,2,edna_hab2_15,surface,biological,12.3,31.38,8.02,11.2,31.69,7.98,5,1000,0,51.66377693,-128.1433209,sand,n,1000,se,none,none,none_sand,none_sand,98.08,1.9895899999999988e-150,295,Metazoa,Phoronida,NA,NA,Phoronidae,Phoronis,0,0,TRUE,ASV2948,1,Phoronis ijimai
edna0074,ASV2490,motu2027,Phacellophora camtschatica,Fried egg jellyfish,species,1,1,NA,1,9,5,NA,NA,3,NA,NA,Phacellophora camtschatica,Fried egg jellyfish,2018_hab2_surface,hab2,beach_seine,2018-07-15,2018-07-12,2018,surface,2,edna_hab2_15,surface,biological,12.3,31.38,8.02,11.2,31.69,7.98,5,1000,0,51.66377693,-128.1433209,sand,n,1000,se,none,none,none_sand,none_sand,100,1.96163e-160,313,Metazoa,Cnidaria,Scyphozoa,Semaeostomeae,Phacellophoridae,Phacellophora,0,0,TRUE,ASV2490,1,Phacellophora camtschatica
edna0074,ASV2807,motu1655,Notomastus,Capitellid polychaete,genus,1,1,NA,NA,9,13,NA,NA,NA,NA,NA,Notomastus,Capitellid polychaete,2018_hab2_surface,hab2,beach_seine,2018-07-15,2018-07-12,2018,surface,2,edna_hab2_15,surface,biological,12.3,31.38,8.02,11.2,31.69,7.98,5,1000,0,51.66377693,-128.1433209,sand,n,1000,se,none,none,none_sand,none_sand,100,1.96163e-160,313,Metazoa,Annelida,Polychaeta,NA,Capitellidae,Notomastus,0,0,TRUE,ASV1997,2,NA
edna0074,ASV2414,motu1743,Notomastus,Capitellid polychaete,genus,1,1,NA,1,7,8,NA,12,NA,NA,10,Notomastus,Capitellid polychaete,2018_hab2_surface,hab2,beach_seine,2018-07-15,2018-07-12,2018,surface,2,edna_hab2_15,surface,biological,12.3,31.38,8.02,11.2,31.69,7.98,5,1000,0,51.66377693,-128.1433209,sand,n,1000,se,none,none,none_sand,none_sand,100,1.96163e-160,313,Metazoa,Annelida,Polychaeta,NA,Capitellidae,Notomastus,0,0,TRUE,ASV2114,2,NA
edna0074,ASV3696,motu2919,Phacellophora camtschatica,Fried egg jellyfish,species,1,1,NA,NA,4,5,NA,NA,NA,NA,NA,Phacellophora camtschatica,Fried egg jellyfish,2018_hab2_surface,hab2,beach_seine,2018-07-15,2018-07-12,2018,surface,2,edna_hab2_15,surface,biological,12.3,31.38,8.02,11.2,31.69,7.98,5,1000,0,51.66377693,-128.1433209,sand,n,1000,se,none,none,none_sand,none_sand,100,1.96163e-160,313,Metazoa,Cnidaria,Scyphozoa,Semaeostomeae,Phacellophoridae,Phacellophora,0,0,TRUE,ASV3696,1,Phacellophora camtschatica
edna0074,ASV2532,motu1388,Paleanotus bellis,Golden petal worm,species,1,1,1,1,11,20,17,15,24,NA,8,Paleanotus bellis,Golden petal worm,2018_hab2_surface,hab2,beach_seine,2018-07-15,2018-07-12,2018,surface,2,edna_hab2_15,surface,biological,12.3,31.38,8.02,11.2,31.69,7.98,5,1000,0,51.66377693,-128.1433209,sand,n,1000,se,none,none,none_sand,none_sand,99.68,1.5051499999999994e-156,306,Metazoa,Annelida,Polychaeta,Phyllodocida,Chrysopetalidae,Paleanotus,0,0,TRUE,ASV1654,4,Paleanotus bellis
edna0074,ASV4027,motu1978,Paleanotus bellis,Golden petal worm,species,1,1,NA,NA,11,17,NA,NA,NA,NA,NA,Paleanotus bellis,Golden petal worm,2018_hab2_surface,hab2,beach_seine,2018-07-15,2018-07-12,2018,surface,2,edna_hab2_15,surface,biological,12.3,31.38,8.02,11.2,31.69,7.98,5,1000,0,51.66377693,-128.1433209,sand,n,1000,se,none,none,none_sand,none_sand,99.68,1.5051499999999994e-156,306,Metazoa,Annelida,Polychaeta,Phyllodocida,Chrysopetalidae,Paleanotus,0,0,TRUE,ASV2426,2,Paleanotus bellis
edna0074,ASV4390,motu1246,Cyanea,Lions mane jellyfish species,genus,1,1,NA,NA,7,3,NA,NA,NA,NA,NA,Cyanea,Lions mane jellyfish species,2018_hab2_surface,hab2,beach_seine,2018-07-15,2018-07-12,2018,surface,2,edna_hab2_15,surface,biological,12.3,31.38,8.02,11.2,31.69,7.98,5,1000,0,51.66377693,-128.1433209,sand,n,1000,se,none,none,none_sand,none_sand,100,3.2351099999999996e-158,309,Metazoa,Cnidaria,Scyphozoa,Semaeostomeae,Cyaneidae,Cyanea,0,0,TRUE,ASV1475,2,NA
edna0074,ASV7797,motu6143,Vesiculariidae,Bryozoan,family,1,NA,NA,NA,2,NA,NA,NA,NA,NA,NA,Vesiculariidae,Bryozoan,2018_hab2_surface,hab2,beach_seine,2018-07-15,2018-07-12,2018,surface,2,edna_hab2_15,surface,biological,12.3,31.38,8.02,11.2,31.69,7.98,5,1000,0,51.66377693,-128.1433209,sand,n,1000,se,none,none,none_sand,none_sand,91.64,5.927319999999993e-106,215,Metazoa,Bryozoa,Bryozoa,Ctenostomatida,Vesiculariidae,NA,0,0,TRUE,ASV7797,1,NA
edna0075,ASV25,motu22,Acartia (Acartiura) longiremis,Calanoid copepod,species,1,1,NA,1,33,61,NA,128,120,NA,NA,Acartia (Acartiura) longiremis,Calanoid copepod,2018_hab2_surface,hab2,beach_seine,2018-07-15,2018-07-12,2018,surface,3,edna_hab2_30,surface,biological,12.4,31.4,8.03,11.2,31.69,7.99,5,1000,0,51.66379541,-128.143518,sand,n,1000,se,none,none,none_sand,none_sand,100,1.96163e-160,313,Metazoa,Arthropoda,Copepoda,Calanoida,Acartiidae,Acartia,0,0,TRUE,ASV25,27,Acartia (Acartiura) longiremis
edna0075,ASV81,motu71,Acartia (Acartiura) longiremis,Calanoid copepod,species,1,1,NA,NA,24,54,NA,NA,NA,NA,NA,Acartia (Acartiura) longiremis,Calanoid copepod,2018_hab2_surface,hab2,beach_seine,2018-07-15,2018-07-12,2018,surface,3,edna_hab2_30,surface,biological,12.4,31.4,8.03,11.2,31.69,7.99,5,1000,0,51.66379541,-128.143518,sand,n,1000,se,none,none,none_sand,none_sand,100,1.96163e-160,313,Metazoa,Arthropoda,Copepoda,Calanoida,Acartiidae,Acartia,0,0,TRUE,ASV81,23,Acartia (Acartiura) longiremis
edna0075,ASV34,motu31,Centropages abdominalis,Calanoid copepod,species,1,1,NA,1,9,11,NA,36,48,NA,9,Centropages abdominalis,Calanoid copepod,2018_hab2_surface,hab2,beach_seine,2018-07-15,2018-07-12,2018,surface,3,edna_hab2_30,surface,biological,12.4,31.4,8.03,11.2,31.69,7.99,5,1000,0,51.66379541,-128.143518,sand,n,1000,se,none,none,none_sand,none_sand,100,1.96163e-160,313,Metazoa,Arthropoda,Copepoda,Calanoida,Centropagidae,Centropages,0,0,TRUE,ASV34,19,Centropages abdominalis
edna0075,ASV143,motu128,Centropages abdominalis,Calanoid copepod,species,1,1,NA,NA,7,16,NA,NA,NA,NA,NA,Centropages abdominalis,Calanoid copepod,2018_hab2_surface,hab2,beach_seine,2018-07-15,2018-07-12,2018,surface,3,edna_hab2_30,surface,biological,12.4,31.4,8.03,11.2,31.69,7.99,5,1000,0,51.66379541,-128.143518,sand,n,1000,se,none,none,none_sand,none_sand,100,1.96163e-160,313,Metazoa,Arthropoda,Copepoda,Calanoida,Centropagidae,Centropages,0,0,TRUE,ASV143,11,Centropages abdominalis
edna0075,ASV258,motu228,Lensia,Siphonophore,genus,1,1,NA,NA,3,7,NA,NA,NA,NA,NA,Lensia,Siphonophore,2018_hab2_surface,hab2,beach_seine,2018-07-15,2018-07-12,2018,surface,3,edna_hab2_30,surface,biological,12.4,31.4,8.03,11.2,31.69,7.99,5,1000,0,51.66379541,-128.143518,sand,n,1000,se,none,none,none_sand,none_sand,100,0.00408744,30,Metazoa,Cnidaria,Cnidaria,Siphonophorae,Diphyidae,Lensia,0,0,TRUE,ASV258,1,NA
edna0075,ASV171,motu150,Pseudocalanus mimus,Calanoid copepod,species,1,1,1,1,57,129,75,265,274,NA,158,Pseudocalanus mimus,Calanoid copepod,2018_hab2_surface,hab2,beach_seine,2018-07-15,2018-07-12,2018,surface,3,edna_hab2_30,surface,biological,12.4,31.4,8.03,11.2,31.69,7.99,5,1000,0,51.66379541,-128.143518,sand,n,1000,se,none,none,none_sand,none_sand,99.67,9.19139e-154,301,Metazoa,Arthropoda,Copepoda,Calanoida,Clausocalanidae,Pseudocalanus,0,0,TRUE,ASV171,10,Pseudocalanus mimus
edna0075,ASV343,motu303,Pseudocalanus mimus,Calanoid copepod,species,1,1,NA,NA,57,111,NA,NA,NA,NA,NA,Pseudocalanus mimus,Calanoid copepod,2018_hab2_surface,hab2,beach_seine,2018-07-15,2018-07-12,2018,surface,3,edna_hab2_30,surface,biological,12.4,31.4,8.03,11.2,31.69,7.99,5,1000,0,51.66379541,-128.143518,sand,n,1000,se,none,none,none_sand,none_sand,99.67,9.19139e-154,301,Metazoa,Arthropoda,Copepoda,Calanoida,Clausocalanidae,Pseudocalanus,0,0,TRUE,ASV343,11,Pseudocalanus mimus
edna0075,ASV118,motu105,Mesocentrotus franciscanus,Red sea urchin,species,1,1,1,1,211,434,146,1076,907,NA,473,Mesocentrotus franciscanus,Red sea urchin,2018_hab2_surface,hab2,beach_seine,2018-07-15,2018-07-12,2018,surface,3,edna_hab2_30,surface,biological,12.4,31.4,8.03,11.2,31.69,7.99,5,1000,0,51.66379541,-128.143518,sand,n,1000,se,none,none,none_sand,none_sand,100,2.51921e-159,311,Metazoa,Echinodermata,Echinoidea,Camarodonta,Strongylocentrotidae,Mesocentrotus,0,0,TRUE,ASV118,8,Mesocentrotus franciscanus
edna0075,ASV233,motu74,Euchlanidae,Rotifer,family,1,NA,NA,NA,32,NA,NA,NA,NA,NA,NA,No Results,No Results,2018_hab2_surface,hab2,beach_seine,2018-07-15,2018-07-12,2018,surface,3,edna_hab2_30,surface,biological,12.4,31.4,8.03,11.2,31.69,7.99,5,1000,0,51.66379541,-128.143518,sand,n,1000,se,none,none,none_sand,none_sand,91.35,3.005919999999998e-29,77,Metazoa,Rotifera,Rotifera,Ploima,Euchlanidae,NA,1,NA,TRUE,ASV84,2,NA
edna0075,ASV280,motu190,Mytilus,Mussel species,genus,1,1,NA,1,9,24,NA,13,16,NA,NA,Mytilus trossulus,Bay mussel,2018_hab2_surface,hab2,beach_seine,2018-07-15,2018-07-12,2018,surface,3,edna_hab2_30,surface,biological,12.4,31.4,8.03,11.2,31.69,7.99,5,1000,0,51.66379541,-128.143518,sand,n,1000,se,none,none,none_sand,none_sand,100,3.2351099999999996e-158,309,Metazoa,Mollusca,Mollusca,Mytilida,Mytilidae,Mytilus,0,0,TRUE,ASV216,23,NA
edna0075,ASV270,motu199,Mytilus,Mussel species,genus,1,1,1,1,7,20,9,25,20,NA,NA,Mytilus trossulus,Bay mussel,2018_hab2_surface,hab2,beach_seine,2018-07-15,2018-07-12,2018,surface,3,edna_hab2_30,surface,biological,12.4,31.4,8.03,11.2,31.69,7.99,5,1000,0,51.66379541,-128.143518,sand,n,1000,se,none,none,none_sand,none_sand,100,3.2351099999999996e-158,309,Metazoa,Mollusca,Mollusca,Mytilida,Mytilidae,Mytilus,0,0,TRUE,ASV226,18,NA
edna0075,ASV132,motu118,Mesocentrotus franciscanus,Red sea urchin,species,1,NA,1,1,136,NA,135,904,884,NA,437,Mesocentrotus franciscanus,Red sea urchin,2018_hab2_surface,hab2,beach_seine,2018-07-15,2018-07-12,2018,surface,3,edna_hab2_30,surface,biological,12.4,31.4,8.03,11.2,31.69,7.99,5,1000,0,51.66379541,-128.143518,sand,n,1000,se,none,none,none_sand,none_sand,100,2.51921e-159,311,Metazoa,Echinodermata,Echinoidea,Camarodonta,Strongylocentrotidae,Mesocentrotus,0,0,TRUE,ASV132,8,Mesocentrotus franciscanus
edna0075,ASV205,motu181,Pseudocalanus mimus,Calanoid copepod,species,1,1,1,1,107,203,90,337,407,NA,189,Pseudocalanus mimus,Calanoid copepod,2018_hab2_surface,hab2,beach_seine,2018-07-15,2018-07-12,2018,surface,3,edna_hab2_30,surface,biological,12.4,31.4,8.03,11.2,31.69,7.99,5,1000,0,51.66379541,-128.143518,sand,n,1000,se,none,none,none_sand,none_sand,100,1.18898e-152,299,Metazoa,Arthropoda,Copepoda,Calanoida,Clausocalanidae,Pseudocalanus,0,0,TRUE,ASV205,8,Pseudocalanus mimus
edna0075,ASV416,motu366,Pseudocalanus mimus,Calanoid copepod,species,1,1,NA,1,89,195,NA,112,83,NA,90,Pseudocalanus mimus,Calanoid copepod,2018_hab2_surface,hab2,beach_seine,2018-07-15,2018-07-12,2018,surface,3,edna_hab2_30,surface,biological,12.4,31.4,8.03,11.2,31.69,7.99,5,1000,0,51.66379541,-128.143518,sand,n,1000,se,none,none,none_sand,none_sand,100,1.18898e-152,299,Metazoa,Arthropoda,Copepoda,Calanoida,Clausocalanidae,Pseudocalanus,0,0,TRUE,ASV416,7,Pseudocalanus mimus
edna0075,ASV613,motu536,Sabellariidae,Feather duster worm,family,1,1,NA,1,14,32,NA,15,33,NA,NA,Sabellariidae,Feather duster worm,2018_hab2_surface,hab2,beach_seine,2018-07-15,2018-07-12,2018,surface,3,edna_hab2_30,surface,biological,12.4,31.4,8.03,11.2,31.69,7.99,5,1000,0,51.66379541,-128.143518,sand,n,1000,se,none,none,none_sand,none_sand,99.68,1.5051499999999994e-156,306,Metazoa,Annelida,Polychaeta,NA,Sabellariidae,NA,0,0,TRUE,ASV613,7,NA
edna0075,ASV521,motu458,Sabellariidae,Feather duster worm,family,1,1,1,1,13,32,20,11,24,NA,12,Sabellariidae,Feather duster worm,2018_hab2_surface,hab2,beach_seine,2018-07-15,2018-07-12,2018,surface,3,edna_hab2_30,surface,biological,12.4,31.4,8.03,11.2,31.69,7.99,5,1000,0,51.66379541,-128.143518,sand,n,1000,se,none,none,none_sand,none_sand,99.68,1.5051499999999994e-156,306,Metazoa,Annelida,Polychaeta,NA,Sabellariidae,NA,0,0,TRUE,ASV521,12,NA
edna0075,ASV625,motu545,Phascolosoma (Phascolosoma) agassizii,Agassiz peanut worm,species,1,1,NA,NA,12,19,NA,NA,NA,NA,NA,Phascolosoma (Phascolosoma) agassizii,Agassiz peanut worm,2018_hab2_surface,hab2,beach_seine,2018-07-15,2018-07-12,2018,surface,3,edna_hab2_30,surface,biological,12.4,31.4,8.03,11.2,31.69,7.99,5,1000,0,51.66379541,-128.143518,sand,n,1000,se,none,none,none_sand,none_sand,100,1.96163e-160,313,Metazoa,Annelida,NA,Sipuncula,Phascolosomatidae,Phascolosoma,0,0,TRUE,ASV625,3,Phascolosoma (Phascolosoma) agassizii
edna0075,ASV542,motu476,Phascolosoma (Phascolosoma) agassizii,Agassiz peanut worm,species,1,NA,NA,1,10,NA,NA,33,NA,NA,NA,Phascolosoma (Phascolosoma) agassizii,Agassiz peanut worm,2018_hab2_surface,hab2,beach_seine,2018-07-15,2018-07-12,2018,surface,3,edna_hab2_30,surface,biological,12.4,31.4,8.03,11.2,31.69,7.99,5,1000,0,51.66379541,-128.143518,sand,n,1000,se,none,none,none_sand,none_sand,100,1.96163e-160,313,Metazoa,Annelida,NA,Sipuncula,Phascolosomatidae,Phascolosoma,0,0,TRUE,ASV542,4,Phascolosoma (Phascolosoma) agassizii
edna0075,ASV558,motu491,Pseudocalanus mimus,Calanoid copepod,species,1,1,1,1,140,295,162,407,480,NA,406,Pseudocalanus mimus,Calanoid copepod,2018_hab2_surface,hab2,beach_seine,2018-07-15,2018-07-12,2018,surface,3,edna_hab2_30,surface,biological,12.4,31.4,8.03,11.2,31.69,7.99,5,1000,0,51.66379541,-128.143518,sand,n,1000,se,none,none,none_sand,none_sand,100,7.1053799999999944e-155,303,Metazoa,Arthropoda,Copepoda,Calanoida,Clausocalanidae,Pseudocalanus,0,0,TRUE,ASV558,1,Pseudocalanus mimus
edna0075,ASV960,motu833,Pseudocalanus mimus,Calanoid copepod,species,1,1,1,1,147,303,49,126,140,NA,118,Pseudocalanus mimus,Calanoid copepod,2018_hab2_surface,hab2,beach_seine,2018-07-15,2018-07-12,2018,surface,3,edna_hab2_30,surface,biological,12.4,31.4,8.03,11.2,31.69,7.99,5,1000,0,51.66379541,-128.143518,sand,n,1000,se,none,none,none_sand,none_sand,100,7.1053799999999944e-155,303,Metazoa,Arthropoda,Copepoda,Calanoida,Clausocalanidae,Pseudocalanus,0,0,TRUE,ASV960,1,Pseudocalanus mimus
edna0075,ASV801,motu697,Micropodarke dubia,Hesionid polychaete,species,1,1,1,1,11,31,9,7,22,NA,14,Micropodarke dubia,Hesionid polychaete,2018_hab2_surface,hab2,beach_seine,2018-07-15,2018-07-12,2018,surface,3,edna_hab2_30,surface,biological,12.4,31.4,8.03,11.2,31.69,7.99,5,1000,0,51.66379541,-128.143518,sand,n,1000,se,none,none,none_sand,none_sand,100,1.96163e-160,313,Metazoa,Annelida,Polychaeta,Phyllodocida,Hesionidae,Micropodarke,0,0,TRUE,ASV801,2,Micropodarke dubia
edna0075,ASV1742,motu1454,Micropodarke dubia,Hesionid polychaete,species,1,1,NA,NA,11,9,NA,NA,NA,NA,NA,Micropodarke dubia,Hesionid polychaete,2018_hab2_surface,hab2,beach_seine,2018-07-15,2018-07-12,2018,surface,3,edna_hab2_30,surface,biological,12.4,31.4,8.03,11.2,31.69,7.99,5,1000,0,51.66379541,-128.143518,sand,n,1000,se,none,none,none_sand,none_sand,100,1.96163e-160,313,Metazoa,Annelida,Polychaeta,Phyllodocida,Hesionidae,Micropodarke,0,0,TRUE,ASV1742,2,Micropodarke dubia
edna0075,ASV2426,motu1978,Paleanotus bellis,Golden petal worm,species,1,1,NA,NA,9,17,NA,NA,NA,NA,NA,Paleanotus bellis,Golden petal worm,2018_hab2_surface,hab2,beach_seine,2018-07-15,2018-07-12,2018,surface,3,edna_hab2_30,surface,biological,12.4,31.4,8.03,11.2,31.69,7.99,5,1000,0,51.66379541,-128.143518,sand,n,1000,se,none,none,none_sand,none_sand,100,3.2351099999999996e-158,309,Metazoa,Annelida,Polychaeta,Phyllodocida,Chrysopetalidae,Paleanotus,0,0,TRUE,ASV2426,2,Paleanotus bellis
edna0075,ASV1654,motu1388,Paleanotus bellis,Golden petal worm,species,1,1,NA,1,3,17,NA,20,14,NA,10,Paleanotus bellis,Golden petal worm,2018_hab2_surface,hab2,beach_seine,2018-07-15,2018-07-12,2018,surface,3,edna_hab2_30,surface,biological,12.4,31.4,8.03,11.2,31.69,7.99,5,1000,0,51.66379541,-128.143518,sand,n,1000,se,none,none,none_sand,none_sand,100,3.2351099999999996e-158,309,Metazoa,Annelida,Polychaeta,Phyllodocida,Chrysopetalidae,Paleanotus,0,0,TRUE,ASV1654,4,Paleanotus bellis
edna0075,ASV4709,motu1166,Balanus nubilus,Giant acorn barnacle,species,1,NA,NA,NA,43,NA,NA,NA,NA,NA,NA,Balanus nubilus,Giant acorn barnacle,2018_hab2_surface,hab2,beach_seine,2018-07-15,2018-07-12,2018,surface,3,edna_hab2_30,surface,biological,12.4,31.4,8.03,11.2,31.69,7.99,5,1000,0,51.66379541,-128.143518,sand,n,1000,se,none,none,none_sand,none_sand,99.36,4.246189999999999e-157,307,Metazoa,Arthropoda,Thecostraca,Balanomorpha,Balanidae,Balanus,0,0,TRUE,ASV1382,4,Balanus nubilus
edna0075,ASV2490,motu2027,Phacellophora camtschatica,Fried egg jellyfish,species,1,NA,NA,1,4,NA,NA,NA,6,NA,5,Phacellophora camtschatica,Fried egg jellyfish,2018_hab2_surface,hab2,beach_seine,2018-07-15,2018-07-12,2018,surface,3,edna_hab2_30,surface,biological,12.4,31.4,8.03,11.2,31.69,7.99,5,1000,0,51.66379541,-128.143518,sand,n,1000,se,none,none,none_sand,none_sand,100,1.96163e-160,313,Metazoa,Cnidaria,Scyphozoa,Semaeostomeae,Phacellophoridae,Phacellophora,0,0,TRUE,ASV2490,1,Phacellophora camtschatica
edna0075,ASV5136,motu3115,Balanus nubilus,Giant acorn barnacle,species,1,NA,NA,NA,33,NA,NA,NA,NA,NA,NA,Balanus nubilus,Giant acorn barnacle,2018_hab2_surface,hab2,beach_seine,2018-07-15,2018-07-12,2018,surface,3,edna_hab2_30,surface,biological,12.4,31.4,8.03,11.2,31.69,7.99,5,1000,0,51.66379541,-128.143518,sand,n,1000,se,none,none,none_sand,none_sand,99.35,7.002779999999996e-155,303,Metazoa,Arthropoda,Thecostraca,Balanomorpha,Balanidae,Balanus,0,0,TRUE,ASV3965,3,Balanus nubilus
edna0075,ASV1921,motu1598,Humilaria kennerleyi,Kennerleys venus,species,1,1,NA,NA,7,8,NA,NA,NA,NA,NA,Humilaria kennerleyi,Kennerleys venus,2018_hab2_surface,hab2,beach_seine,2018-07-15,2018-07-12,2018,surface,3,edna_hab2_30,surface,biological,12.4,31.4,8.03,11.2,31.69,7.99,5,1000,0,51.66379541,-128.143518,sand,n,1000,se,none,none,none_sand,none_sand,100,1.96163e-160,313,Metazoa,Mollusca,Bivalvia,Venerida,Veneridae,Humilaria,0,0,TRUE,ASV1921,2,Humilaria kennerleyi
edna0075,ASV1462,motu1233,Clytia gregaria,Gregarious jellyfish,species,1,NA,NA,NA,13,NA,NA,NA,NA,NA,NA,Clytia gregaria,Gregarious jellyfish,2018_hab2_surface,hab2,beach_seine,2018-07-15,2018-07-12,2018,surface,3,edna_hab2_30,surface,biological,12.4,31.4,8.03,11.2,31.69,7.99,5,1000,0,51.66379541,-128.143518,sand,n,1000,se,none,none,none_sand,none_sand,99.67,6.925819999999995e-155,303,Metazoa,Cnidaria,Hydrozoa,Leptothecata,Campanulariidae,Clytia,0,0,TRUE,ASV1462,2,Clytia gregaria
edna0075,ASV1319,motu1116,Clytia gregaria,Gregarious jellyfish,species,1,NA,NA,1,13,NA,NA,20,27,NA,24,Clytia gregaria,Gregarious jellyfish,2018_hab2_surface,hab2,beach_seine,2018-07-15,2018-07-12,2018,surface,3,edna_hab2_30,surface,biological,12.4,31.4,8.03,11.2,31.69,7.99,5,1000,0,51.66379541,-128.143518,sand,n,1000,se,none,none,none_sand,none_sand,99.67,6.925819999999995e-155,303,Metazoa,Cnidaria,Hydrozoa,Leptothecata,Campanulariidae,Clytia,0,0,TRUE,ASV1319,3,Clytia gregaria
edna0075,ASV2398,motu1962,Pholoides asperus,Scale worm,species,1,1,1,1,15,34,31,58,76,NA,30,Pholoides asperus,Scale worm,2018_hab2_surface,hab2,beach_seine,2018-07-15,2018-07-12,2018,surface,3,edna_hab2_30,surface,biological,12.4,31.4,8.03,11.2,31.69,7.99,5,1000,0,51.66379541,-128.143518,sand,n,1000,se,none,none,none_sand,none_sand,100,1.96163e-160,313,Metazoa,Annelida,Polychaeta,Phyllodocida,Sigalionidae,Pholoides,0,0,TRUE,ASV2398,1,Pholoides asperus
edna0075,ASV4366,motu3408,Pholoides asperus,Scale worm,species,1,1,NA,NA,14,40,NA,NA,NA,NA,NA,Pholoides asperus,Scale worm,2018_hab2_surface,hab2,beach_seine,2018-07-15,2018-07-12,2018,surface,3,edna_hab2_30,surface,biological,12.4,31.4,8.03,11.2,31.69,7.99,5,1000,0,51.66379541,-128.143518,sand,n,1000,se,none,none,none_sand,none_sand,100,1.96163e-160,313,Metazoa,Annelida,Polychaeta,Phyllodocida,Sigalionidae,Pholoides,0,0,TRUE,ASV4366,1,Pholoides asperus
edna0077,ASV258,motu228,Lensia,Siphonophore,genus,1,1,NA,NA,10,18,NA,NA,NA,NA,NA,Lensia,Siphonophore,2018_triquet_depth,triquet,kelp,2018-07-16,NA,2018,depth,1,edna_triquet_15,depth,biological,13.3,31.1,8.15,NA,NA,NA,5.7,1000,0,51.80352819,-128.2545227,rock,NA,NA,NA,macroalgae,macrocystis,macroalgae_rock,macrocystis_rock,100,0.00408744,30,Metazoa,Cnidaria,Cnidaria,Siphonophorae,Diphyidae,Lensia,0,0,TRUE,ASV258,1,NA
edna0077,ASV232,motu204,Cecidomyiidae,Hexapod,genus,1,1,1,1,4,11,3,32,13,NA,22,Cecidomyiidae,Hexapod,2018_triquet_depth,triquet,kelp,2018-07-16,NA,2018,depth,1,edna_triquet_15,depth,biological,13.3,31.1,8.15,NA,NA,NA,5.7,1000,0,51.80352819,-128.2545227,rock,NA,NA,NA,macroalgae,macrocystis,macroalgae_rock,macrocystis_rock,100,0.00408744,30,Metazoa,Arthropoda,Arthropoda,Diptera,Cecidomyiidae,Cecidomyiidae,NA,NA,TRUE,ASV232,1,NA
edna0077,ASV616,motu537,Mitrocoma cellularia,Cross jelly,species,1,1,NA,NA,4,8,NA,NA,NA,NA,NA,Mitrocoma cellularia,Cross jelly,2018_triquet_depth,triquet,kelp,2018-07-16,NA,2018,depth,1,edna_triquet_15,depth,biological,13.3,31.1,8.15,NA,NA,NA,5.7,1000,0,51.80352819,-128.2545227,rock,NA,NA,NA,macroalgae,macrocystis,macroalgae_rock,macrocystis_rock,100,1.4886099999999998e-156,306,Metazoa,Cnidaria,Hydrozoa,Leptothecata,Mitrocomidae,Mitrocoma,0,0,TRUE,ASV616,6,Mitrocoma cellularia
edna0077,ASV1287,motu1015,Balanus,Barnacle species,genus,1,1,NA,NA,24,27,NA,NA,NA,NA,NA,Balanus,Barnacle species,2018_triquet_depth,triquet,kelp,2018-07-16,NA,2018,depth,1,edna_triquet_15,depth,biological,13.3,31.1,8.15,NA,NA,NA,5.7,1000,0,51.80352819,-128.2545227,rock,NA,NA,NA,macroalgae,macrocystis,macroalgae_rock,macrocystis_rock,99.67,6.925819999999995e-155,303,Metazoa,Arthropoda,Arthropoda,Balanomorpha,Balanidae,Balanus,0,0,TRUE,ASV1187,5,NA
edna0077,ASV750,motu654,Orobdella,Freshwater leech,genus,1,NA,NA,1,3,NA,NA,6,NA,NA,NA,Orobdella,Freshwater leech,2018_triquet_depth,triquet,kelp,2018-07-16,NA,2018,depth,1,edna_triquet_15,depth,biological,13.3,31.1,8.15,NA,NA,NA,5.7,1000,0,51.80352819,-128.2545227,rock,NA,NA,NA,macroalgae,macrocystis,macroalgae_rock,macrocystis_rock,97.06,0.00121031,31,Metazoa,Annelida,Annelida,Erpobdelliformes,Orobdellidae,Orobdella,NA,NA,TRUE,ASV750,1,NA
edna0077,ASV587,motu517,Balanus,Barnacle species,genus,1,1,1,1,17,27,18,31,NA,NA,NA,Balanus,Barnacle species,2018_triquet_depth,triquet,kelp,2018-07-16,NA,2018,depth,1,edna_triquet_15,depth,biological,13.3,31.1,8.15,NA,NA,NA,5.7,1000,0,51.80352819,-128.2545227,rock,NA,NA,NA,macroalgae,macrocystis,macroalgae_rock,macrocystis_rock,99.67,6.925819999999995e-155,303,Metazoa,Arthropoda,Arthropoda,Balanomorpha,Balanidae,Balanus,0,0,TRUE,ASV587,10,NA
edna0077,ASV1374,motu1160,Ergasilida,Cyclopoid copepod,order,1,1,1,1,21,62,29,NA,13,NA,NA,Ergasilida,Cyclopoid copepod,2018_triquet_depth,triquet,kelp,2018-07-16,NA,2018,depth,1,edna_triquet_15,depth,biological,13.3,31.1,8.15,NA,NA,NA,5.7,1000,0,51.80352819,-128.2545227,rock,NA,NA,NA,macroalgae,macrocystis,macroalgae_rock,macrocystis_rock,100,1.96163e-160,313,Metazoa,Arthropoda,Copepoda,Cyclopoida,NA,NA,0,0,FALSE,ASV1374,1,NA
edna0077,ASV2268,motu1868,Balanus,Barnacle species,genus,1,1,1,1,36,61,19,87,17,NA,57,Balanus,Barnacle species,2018_triquet_depth,triquet,kelp,2018-07-16,NA,2018,depth,1,edna_triquet_15,depth,biological,13.3,31.1,8.15,NA,NA,NA,5.7,1000,0,51.80352819,-128.2545227,rock,NA,NA,NA,macroalgae,macrocystis,macroalgae_rock,macrocystis_rock,98.69,6.974989999999997e-150,294,Metazoa,Arthropoda,Arthropoda,Balanomorpha,Balanidae,Balanus,0,0,TRUE,ASV2268,1,NA
edna0077,ASV2953,motu2381,Ergasilida,Cyclopoid copepod,order,1,NA,NA,1,15,NA,NA,15,NA,NA,16,Ergasilida,Cyclopoid copepod,2018_triquet_depth,triquet,kelp,2018-07-16,NA,2018,depth,1,edna_triquet_15,depth,biological,13.3,31.1,8.15,NA,NA,NA,5.7,1000,0,51.80352819,-128.2545227,rock,NA,NA,NA,macroalgae,macrocystis,macroalgae_rock,macrocystis_rock,100,3.2351099999999996e-158,309,Metazoa,Arthropoda,Copepoda,Cyclopoida,NA,NA,0,0,FALSE,ASV2953,1,NA
edna0077,ASV3933,motu3090,Balanus,Barnacle species,genus,1,1,NA,NA,20,55,NA,NA,NA,NA,NA,Balanus,Barnacle species,2018_triquet_depth,triquet,kelp,2018-07-16,NA,2018,depth,1,edna_triquet_15,depth,biological,13.3,31.1,8.15,NA,NA,NA,5.7,1000,0,51.80352819,-128.2545227,rock,NA,NA,NA,macroalgae,macrocystis,macroalgae_rock,macrocystis_rock,98.69,6.974989999999997e-150,294,Metazoa,Arthropoda,Arthropoda,Balanomorpha,Balanidae,Balanus,0,0,TRUE,ASV3933,1,NA
edna0077,ASV5968,motu4588,Halosydna brevisetosa,Shortscaled worm,species,1,NA,NA,NA,20,NA,NA,NA,NA,NA,NA,Halosydna brevisetosa,Shortscaled worm,2018_triquet_depth,triquet,kelp,2018-07-16,NA,2018,depth,1,edna_triquet_15,depth,biological,13.3,31.1,8.15,NA,NA,NA,5.7,1000,0,51.80352819,-128.2545227,rock,NA,NA,NA,macroalgae,macrocystis,macroalgae_rock,macrocystis_rock,99.36,4.246189999999999e-157,307,Metazoa,Annelida,Polychaeta,Phyllodocida,Polynoidae,Halosydna,0,0,TRUE,ASV5968,1,Halosydna brevisetosa
edna0118,ASV25,motu22,Acartia (Acartiura) longiremis,Calanoid copepod,species,1,1,NA,1,28,78,NA,101,114,NA,184,Acartia (Acartiura) longiremis,Calanoid copepod,2018_pruth-bay_surface,pruth bay,seagrass,2018-08-16,NA,2018,surface,1,edna_pr_i3_00,repeat-surface,biological,NA,NA,NA,NA,NA,NA,3,1000,0,51.64585977,-128.1195476,sand,NA,NA,NA,seagrass,zostera,seagrass_sand,zostera_sand,100,1.96163e-160,313,Metazoa,Arthropoda,Copepoda,Calanoida,Acartiidae,Acartia,0,0,TRUE,ASV25,27,Acartia (Acartiura) longiremis
edna0118,ASV81,motu71,Acartia (Acartiura) longiremis,Calanoid copepod,species,1,1,NA,NA,28,69,NA,NA,NA,NA,NA,Acartia (Acartiura) longiremis,Calanoid copepod,2018_pruth-bay_surface,pruth bay,seagrass,2018-08-16,NA,2018,surface,1,edna_pr_i3_00,repeat-surface,biological,NA,NA,NA,NA,NA,NA,3,1000,0,51.64585977,-128.1195476,sand,NA,NA,NA,seagrass,zostera,seagrass_sand,zostera_sand,100,1.96163e-160,313,Metazoa,Arthropoda,Copepoda,Calanoida,Acartiidae,Acartia,0,0,TRUE,ASV81,23,Acartia (Acartiura) longiremis
edna0118,ASV352,motu311,Synchaeta vorax,Rotifer,species,1,1,1,1,22,40,21,28,61,NA,89,Synchaeta vorax,Rotifer,2018_pruth-bay_surface,pruth bay,seagrass,2018-08-16,NA,2018,surface,1,edna_pr_i3_00,repeat-surface,biological,NA,NA,NA,NA,NA,NA,3,1000,0,51.64585977,-128.1195476,sand,NA,NA,NA,seagrass,zostera,seagrass_sand,zostera_sand,98.08,7.129989999999999e-150,294,Metazoa,Rotifera,Eurotatoria,Ploima,Synchaetidae,Synchaeta,0,0,TRUE,ASV352,4,Synchaeta vorax
edna0118,ASV346,motu306,Synchaeta vorax,Rotifer,species,1,1,1,1,30,40,26,34,61,NA,114,Synchaeta vorax,Rotifer,2018_pruth-bay_surface,pruth bay,seagrass,2018-08-16,NA,2018,surface,1,edna_pr_i3_00,repeat-surface,biological,NA,NA,NA,NA,NA,NA,3,1000,0,51.64585977,-128.1195476,sand,NA,NA,NA,seagrass,zostera,seagrass_sand,zostera_sand,98.08,7.129989999999999e-150,294,Metazoa,Rotifera,Eurotatoria,Ploima,Synchaetidae,Synchaeta,0,0,TRUE,ASV346,5,Synchaeta vorax
edna0118,ASV670,motu583,Synchaeta triophthalma,Rotifer,species,1,1,1,1,5,4,2,NA,7,NA,18,Synchaeta triophthalma,Rotifer,2018_pruth-bay_surface,pruth bay,seagrass,2018-08-16,NA,2018,surface,1,edna_pr_i3_00,repeat-surface,biological,NA,NA,NA,NA,NA,NA,3,1000,0,51.64585977,-128.1195476,sand,NA,NA,NA,seagrass,zostera,seagrass_sand,zostera_sand,91.99,3.511259999999999e-118,237,Metazoa,Rotifera,Eurotatoria,Ploima,Synchaetidae,Synchaeta,0,0,TRUE,ASV670,4,Synchaeta triophthalma
edna0118,ASV3876,motu285,Paracalanus,Calanoid copepod,genus,1,NA,NA,NA,2,NA,NA,NA,NA,NA,NA,Paracalanus parvus parvus,Calanoid copepod,2018_pruth-bay_surface,pruth bay,seagrass,2018-08-16,NA,2018,surface,1,edna_pr_i3_00,repeat-surface,biological,NA,NA,NA,NA,NA,NA,3,1000,0,51.64585977,-128.1195476,sand,NA,NA,NA,seagrass,zostera,seagrass_sand,zostera_sand,99.34,5.31212e-151,296,Metazoa,Arthropoda,Arthropoda,Calanoida,Paracalanidae,Paracalanus,0,0,TRUE,ASV324,6,NA
edna0078,ASV258,motu228,Lensia,Siphonophore,genus,1,1,NA,NA,16,32,NA,NA,NA,NA,NA,Lensia,Siphonophore,2018_triquet_surface,triquet,kelp,2018-07-16,NA,2018,surface,2,edna_triquet_30,surface,biological,14.6,30.7,8.15,NA,NA,NA,5,1000,0,51.80345632,-128.2547138,rock,NA,NA,NA,macroalgae,macrocystis,macroalgae_rock,macrocystis_rock,100,0.00408744,30,Metazoa,Cnidaria,Cnidaria,Siphonophorae,Diphyidae,Lensia,0,0,TRUE,ASV258,1,NA
edna0078,ASV171,motu150,Pseudocalanus mimus,Calanoid copepod,species,1,1,1,1,21,38,14,35,12,NA,30,Pseudocalanus mimus,Calanoid copepod,2018_triquet_surface,triquet,kelp,2018-07-16,NA,2018,surface,2,edna_triquet_30,surface,biological,14.6,30.7,8.15,NA,NA,NA,5,1000,0,51.80345632,-128.2547138,rock,NA,NA,NA,macroalgae,macrocystis,macroalgae_rock,macrocystis_rock,99.67,9.19139e-154,301,Metazoa,Arthropoda,Copepoda,Calanoida,Clausocalanidae,Pseudocalanus,0,0,TRUE,ASV171,10,Pseudocalanus mimus
edna0078,ASV343,motu303,Pseudocalanus mimus,Calanoid copepod,species,1,1,NA,1,16,39,NA,NA,9,NA,NA,Pseudocalanus mimus,Calanoid copepod,2018_triquet_surface,triquet,kelp,2018-07-16,NA,2018,surface,2,edna_triquet_30,surface,biological,14.6,30.7,8.15,NA,NA,NA,5,1000,0,51.80345632,-128.2547138,rock,NA,NA,NA,macroalgae,macrocystis,macroalgae_rock,macrocystis_rock,99.67,9.19139e-154,301,Metazoa,Arthropoda,Copepoda,Calanoida,Clausocalanidae,Pseudocalanus,0,0,TRUE,ASV343,11,Pseudocalanus mimus
edna0078,ASV447,motu394,Balanus glandula,Acorn barnacle,species,1,NA,NA,NA,2,NA,NA,NA,NA,NA,NA,Balanus glandula,Acorn barnacle,2018_triquet_surface,triquet,kelp,2018-07-16,NA,2018,surface,2,edna_triquet_30,surface,biological,14.6,30.7,8.15,NA,NA,NA,5,1000,0,51.80345632,-128.2547138,rock,NA,NA,NA,macroalgae,macrocystis,macroalgae_rock,macrocystis_rock,100,3.2351099999999996e-158,309,Metazoa,Arthropoda,Thecostraca,Balanomorpha,Balanidae,Balanus,0,0,TRUE,ASV447,12,Balanus glandula
edna0078,ASV232,motu204,Cecidomyiidae,Hexapod,genus,1,1,NA,1,7,11,NA,14,NA,NA,NA,Cecidomyiidae,Hexapod,2018_triquet_surface,triquet,kelp,2018-07-16,NA,2018,surface,2,edna_triquet_30,surface,biological,14.6,30.7,8.15,NA,NA,NA,5,1000,0,51.80345632,-128.2547138,rock,NA,NA,NA,macroalgae,macrocystis,macroalgae_rock,macrocystis_rock,100,0.00408744,30,Metazoa,Arthropoda,Arthropoda,Diptera,Cecidomyiidae,Cecidomyiidae,NA,NA,TRUE,ASV232,1,NA
edna0078,ASV354,motu313,Mitrocoma cellularia,Cross jelly,species,1,1,1,1,234,498,124,208,171,NA,220,Mitrocoma cellularia,Cross jelly,2018_triquet_surface,triquet,kelp,2018-07-16,NA,2018,surface,2,edna_triquet_30,surface,biological,14.6,30.7,8.15,NA,NA,NA,5,1000,0,51.80345632,-128.2547138,rock,NA,NA,NA,macroalgae,macrocystis,macroalgae_rock,macrocystis_rock,100,1.4886099999999998e-156,306,Metazoa,Cnidaria,Hydrozoa,Leptothecata,Mitrocomidae,Mitrocoma,0,0,TRUE,ASV354,2,Mitrocoma cellularia
edna0078,ASV616,motu537,Mitrocoma cellularia,Cross jelly,species,1,1,NA,NA,260,478,NA,NA,NA,NA,NA,Mitrocoma cellularia,Cross jelly,2018_triquet_surface,triquet,kelp,2018-07-16,NA,2018,surface,2,edna_triquet_30,surface,biological,14.6,30.7,8.15,NA,NA,NA,5,1000,0,51.80345632,-128.2547138,rock,NA,NA,NA,macroalgae,macrocystis,macroalgae_rock,macrocystis_rock,100,1.4886099999999998e-156,306,Metazoa,Cnidaria,Hydrozoa,Leptothecata,Mitrocomidae,Mitrocoma,0,0,TRUE,ASV616,6,Mitrocoma cellularia
edna0078,ASV520,motu457,Evasterias troschelii,False ochre star,species,1,1,NA,1,26,48,NA,21,8,NA,NA,Evasterias troschelii,False ochre star,2018_triquet_surface,triquet,kelp,2018-07-16,NA,2018,surface,2,edna_triquet_30,surface,biological,14.6,30.7,8.15,NA,NA,NA,5,1000,0,51.80345632,-128.2547138,rock,NA,NA,NA,macroalgae,macrocystis,macroalgae_rock,macrocystis_rock,100,1.96163e-160,313,Metazoa,Echinodermata,Asteroidea,Forcipulatida,Asteriidae,Evasterias,0,0,TRUE,ASV520,1,Evasterias troschelii
edna0078,ASV744,motu648,Evasterias troschelii,False ochre star,species,1,1,NA,NA,28,53,NA,NA,NA,NA,NA,Evasterias troschelii,False ochre star,2018_triquet_surface,triquet,kelp,2018-07-16,NA,2018,surface,2,edna_triquet_30,surface,biological,14.6,30.7,8.15,NA,NA,NA,5,1000,0,51.80345632,-128.2547138,rock,NA,NA,NA,macroalgae,macrocystis,macroalgae_rock,macrocystis_rock,100,1.96163e-160,313,Metazoa,Echinodermata,Asteroidea,Forcipulatida,Asteriidae,Evasterias,0,0,TRUE,ASV744,1,Evasterias troschelii
edna0078,ASV716,motu622,Chone magna,Feather duster worm,species,1,1,1,1,98,202,78,78,NA,NA,33,Chone magna,Feather duster worm,2018_triquet_surface,triquet,kelp,2018-07-16,NA,2018,surface,2,edna_triquet_30,surface,biological,14.6,30.7,8.15,NA,NA,NA,5,1000,0,51.80345632,-128.2547138,rock,NA,NA,NA,macroalgae,macrocystis,macroalgae_rock,macrocystis_rock,100,1.96163e-160,313,Metazoa,Annelida,Polychaeta,Sabellida,Sabellidae,Chone,0,0,TRUE,ASV716,2,Chone magna
edna0078,ASV1062,motu914,Chone magna,Feather duster worm,species,1,1,NA,NA,72,193,NA,NA,NA,NA,NA,Chone magna,Feather duster worm,2018_triquet_surface,triquet,kelp,2018-07-16,NA,2018,surface,2,edna_triquet_30,surface,biological,14.6,30.7,8.15,NA,NA,NA,5,1000,0,51.80345632,-128.2547138,rock,NA,NA,NA,macroalgae,macrocystis,macroalgae_rock,macrocystis_rock,100,1.96163e-160,313,Metazoa,Annelida,Polychaeta,Sabellida,Sabellidae,Chone,0,0,TRUE,ASV1062,2,Chone magna
edna0078,ASV880,motu441,Clytia gregaria,Gregarious jellyfish,species,1,1,NA,1,311,587,NA,226,NA,NA,182,Clytia gregaria,Gregarious jellyfish,2018_triquet_surface,triquet,kelp,2018-07-16,NA,2018,surface,2,edna_triquet_30,surface,biological,14.6,30.7,8.15,NA,NA,NA,5,1000,0,51.80345632,-128.2547138,rock,NA,NA,NA,macroalgae,macrocystis,macroalgae_rock,macrocystis_rock,99.36,4.246189999999999e-157,307,Metazoa,Cnidaria,Cnidaria,Leptothecata,Campanulariidae,Clytia,0,0,TRUE,ASV498,2,Clytia gregaria
edna0078,ASV750,motu654,Orobdella,Freshwater leech,genus,1,1,NA,NA,28,45,NA,NA,NA,NA,NA,Orobdella,Freshwater leech,2018_triquet_surface,triquet,kelp,2018-07-16,NA,2018,surface,2,edna_triquet_30,surface,biological,14.6,30.7,8.15,NA,NA,NA,5,1000,0,51.80345632,-128.2547138,rock,NA,NA,NA,macroalgae,macrocystis,macroalgae_rock,macrocystis_rock,97.06,0.00121031,31,Metazoa,Annelida,Annelida,Erpobdelliformes,Orobdellidae,Orobdella,NA,NA,TRUE,ASV750,1,NA
edna0078,ASV772,motu672,Parastenocarididae,Harpacticoid copepod,family,1,NA,NA,NA,8,NA,NA,NA,NA,NA,NA,Parastenocarididae,Harpacticoid copepod,2018_triquet_surface,triquet,kelp,2018-07-16,NA,2018,surface,2,edna_triquet_30,surface,biological,14.6,30.7,8.15,NA,NA,NA,5,1000,0,51.80345632,-128.2547138,rock,NA,NA,NA,macroalgae,macrocystis,macroalgae_rock,macrocystis_rock,94.59,0.00408744,30,Metazoa,Arthropoda,Arthropoda,Harpacticoida,Parastenocarididae,NA,1,0,TRUE,ASV772,1,NA
edna0078,ASV1359,motu895,Clytia gregaria,Gregarious jellyfish,species,1,1,NA,NA,207,492,NA,NA,NA,NA,NA,Clytia gregaria,Gregarious jellyfish,2018_triquet_surface,triquet,kelp,2018-07-16,NA,2018,surface,2,edna_triquet_30,surface,biological,14.6,30.7,8.15,NA,NA,NA,5,1000,0,51.80345632,-128.2547138,rock,NA,NA,NA,macroalgae,macrocystis,macroalgae_rock,macrocystis_rock,99.36,4.246189999999999e-157,307,Metazoa,Cnidaria,Cnidaria,Leptothecata,Campanulariidae,Clytia,0,0,TRUE,ASV1038,2,Clytia gregaria
edna0078,ASV1546,motu1303,Chaetognatha,Arrow worm,phylum,1,1,NA,NA,24,20,NA,NA,NA,NA,NA,Chaetognatha,Arrow worm,2018_triquet_surface,triquet,kelp,2018-07-16,NA,2018,surface,2,edna_triquet_30,surface,biological,14.6,30.7,8.15,NA,NA,NA,5,1000,0,51.80345632,-128.2547138,rock,NA,NA,NA,macroalgae,macrocystis,macroalgae_rock,macrocystis_rock,95.02,1.63074e-81,171,Metazoa,Chaetognatha,NA,NA,NA,NA,0,0,TRUE,ASV1546,2,NA
edna0078,ASV1443,motu1220,Orobdella,Freshwater leech,genus,1,1,1,1,18,29,16,NA,5,NA,NA,Orobdella,Freshwater leech,2018_triquet_surface,triquet,kelp,2018-07-16,NA,2018,surface,2,edna_triquet_30,surface,biological,14.6,30.7,8.15,NA,NA,NA,5,1000,0,51.80345632,-128.2547138,rock,NA,NA,NA,macroalgae,macrocystis,macroalgae_rock,macrocystis_rock,97.06,0.0011939,31,Metazoa,Annelida,Annelida,Erpobdelliformes,Orobdellidae,Orobdella,NA,NA,TRUE,ASV1443,1,NA
edna0078,ASV2285,motu1881,Mitrocoma cellularia,Cross jelly,species,1,1,NA,NA,100,171,NA,NA,NA,NA,NA,Mitrocoma cellularia,Cross jelly,2018_triquet_surface,triquet,kelp,2018-07-16,NA,2018,surface,2,edna_triquet_30,surface,biological,14.6,30.7,8.15,NA,NA,NA,5,1000,0,51.80345632,-128.2547138,rock,NA,NA,NA,macroalgae,macrocystis,macroalgae_rock,macrocystis_rock,98.69,6.974989999999997e-150,294,Metazoa,Cnidaria,Hydrozoa,Leptothecata,Mitrocomidae,Mitrocoma,0,0,TRUE,ASV2285,1,Mitrocoma cellularia
edna0078,ASV1488,motu1255,Mitrocoma cellularia,Cross jelly,species,1,1,1,1,95,188,55,171,47,NA,93,Mitrocoma cellularia,Cross jelly,2018_triquet_surface,triquet,kelp,2018-07-16,NA,2018,surface,2,edna_triquet_30,surface,biological,14.6,30.7,8.15,NA,NA,NA,5,1000,0,51.80345632,-128.2547138,rock,NA,NA,NA,macroalgae,macrocystis,macroalgae_rock,macrocystis_rock,98.69,6.974989999999997e-150,294,Metazoa,Cnidaria,Hydrozoa,Leptothecata,Mitrocomidae,Mitrocoma,0,0,TRUE,ASV1488,1,Mitrocoma cellularia
edna0078,ASV2335,motu1921,Ferkeria,Other arachnid,genus,1,1,1,NA,3,13,6,NA,NA,NA,NA,Ferkeria,Other arachnid,2018_triquet_surface,triquet,kelp,2018-07-16,NA,2018,surface,2,edna_triquet_30,surface,biological,14.6,30.7,8.15,NA,NA,NA,5,1000,0,51.80345632,-128.2547138,rock,NA,NA,NA,macroalgae,macrocystis,macroalgae_rock,macrocystis_rock,97.06,0.00112005,31,Metazoa,Arthropoda,Arthropoda,Grassatores,NA,Ferkeria,NA,NA,TRUE,ASV2335,1,NA
edna0080,ASV258,motu228,Lensia,Siphonophore,genus,1,1,NA,NA,28,45,NA,NA,NA,NA,NA,Lensia,Siphonophore,2018_triquet_surface,triquet,kelp,2018-07-16,NA,2018,surface,3,edna_triquet_15,surface,biological,14.9,30.94,8.15,NA,NA,NA,5.6,1000,0,51.80352819,-128.2545227,rock,NA,NA,NA,macroalgae,macrocystis,macroalgae_rock,macrocystis_rock,100,0.00408744,30,Metazoa,Cnidaria,Cnidaria,Siphonophorae,Diphyidae,Lensia,0,0,TRUE,ASV258,1,NA
edna0080,ASV131,motu117,Lensia,Siphonophore,genus,1,1,1,1,21,36,13,NA,5,NA,NA,Lensia,Siphonophore,2018_triquet_surface,triquet,kelp,2018-07-16,NA,2018,surface,3,edna_triquet_15,surface,biological,14.9,30.94,8.15,NA,NA,NA,5.6,1000,0,51.80352819,-128.2545227,rock,NA,NA,NA,macroalgae,macrocystis,macroalgae_rock,macrocystis_rock,100,0.00408744,30,Metazoa,Cnidaria,Cnidaria,Siphonophorae,Diphyidae,Lensia,0,0,TRUE,ASV131,2,NA
edna0080,ASV226,motu199,Mytilus trossulus,Bay mussel,species,1,1,NA,NA,24,50,NA,NA,NA,NA,NA,Mytilus trossulus,Bay mussel,2018_triquet_surface,triquet,kelp,2018-07-16,NA,2018,surface,3,edna_triquet_15,surface,biological,14.9,30.94,8.15,NA,NA,NA,5.6,1000,0,51.80352819,-128.2545227,rock,NA,NA,NA,macroalgae,macrocystis,macroalgae_rock,macrocystis_rock,100,3.2351099999999996e-158,309,Metazoa,Mollusca,Mollusca,Mytilida,Mytilidae,Mytilus,0,0,TRUE,ASV226,18,Mytilus trossulus
edna0080,ASV216,motu190,Mytilus trossulus,Bay mussel,species,1,1,1,1,19,48,19,NA,NA,NA,18,Mytilus trossulus,Bay mussel,2018_triquet_surface,triquet,kelp,2018-07-16,NA,2018,surface,3,edna_triquet_15,surface,biological,14.9,30.94,8.15,NA,NA,NA,5.6,1000,0,51.80352819,-128.2545227,rock,NA,NA,NA,macroalgae,macrocystis,macroalgae_rock,macrocystis_rock,100,3.2351099999999996e-158,309,Metazoa,Mollusca,Mollusca,Mytilida,Mytilidae,Mytilus,0,0,TRUE,ASV216,23,Mytilus trossulus
edna0080,ASV354,motu313,Mitrocoma cellularia,Cross jelly,species,1,1,1,1,217,390,104,220,194,NA,259,Mitrocoma cellularia,Cross jelly,2018_triquet_surface,triquet,kelp,2018-07-16,NA,2018,surface,3,edna_triquet_15,surface,biological,14.9,30.94,8.15,NA,NA,NA,5.6,1000,0,51.80352819,-128.2545227,rock,NA,NA,NA,macroalgae,macrocystis,macroalgae_rock,macrocystis_rock,100,1.4886099999999998e-156,306,Metazoa,Cnidaria,Hydrozoa,Leptothecata,Mitrocomidae,Mitrocoma,0,0,TRUE,ASV354,2,Mitrocoma cellularia
edna0080,ASV616,motu537,Mitrocoma cellularia,Cross jelly,species,1,1,NA,NA,208,367,NA,NA,NA,NA,NA,Mitrocoma cellularia,Cross jelly,2018_triquet_surface,triquet,kelp,2018-07-16,NA,2018,surface,3,edna_triquet_15,surface,biological,14.9,30.94,8.15,NA,NA,NA,5.6,1000,0,51.80352819,-128.2545227,rock,NA,NA,NA,macroalgae,macrocystis,macroalgae_rock,macrocystis_rock,100,1.4886099999999998e-156,306,Metazoa,Cnidaria,Hydrozoa,Leptothecata,Mitrocomidae,Mitrocoma,0,0,TRUE,ASV616,6,Mitrocoma cellularia
edna0080,ASV498,motu441,Clytia gregaria,Gregarious jellyfish,species,1,NA,NA,NA,6,NA,NA,NA,NA,NA,NA,Clytia gregaria,Gregarious jellyfish,2018_triquet_surface,triquet,kelp,2018-07-16,NA,2018,surface,3,edna_triquet_15,surface,biological,14.9,30.94,8.15,NA,NA,NA,5.6,1000,0,51.80352819,-128.2545227,rock,NA,NA,NA,macroalgae,macrocystis,macroalgae_rock,macrocystis_rock,99.68,9.126599999999999e-159,310,Metazoa,Cnidaria,Hydrozoa,Leptothecata,Campanulariidae,Clytia,0,0,TRUE,ASV498,2,Clytia gregaria
edna0080,ASV716,motu622,Chone magna,Feather duster worm,species,1,1,1,1,141,274,69,75,55,NA,69,Chone magna,Feather duster worm,2018_triquet_surface,triquet,kelp,2018-07-16,NA,2018,surface,3,edna_triquet_15,surface,biological,14.9,30.94,8.15,NA,NA,NA,5.6,1000,0,51.80352819,-128.2545227,rock,NA,NA,NA,macroalgae,macrocystis,macroalgae_rock,macrocystis_rock,100,1.96163e-160,313,Metazoa,Annelida,Polychaeta,Sabellida,Sabellidae,Chone,0,0,TRUE,ASV716,2,Chone magna
edna0080,ASV1062,motu914,Chone magna,Feather duster worm,species,1,1,NA,NA,142,325,NA,NA,NA,NA,NA,Chone magna,Feather duster worm,2018_triquet_surface,triquet,kelp,2018-07-16,NA,2018,surface,3,edna_triquet_15,surface,biological,14.9,30.94,8.15,NA,NA,NA,5.6,1000,0,51.80352819,-128.2545227,rock,NA,NA,NA,macroalgae,macrocystis,macroalgae_rock,macrocystis_rock,100,1.96163e-160,313,Metazoa,Annelida,Polychaeta,Sabellida,Sabellidae,Chone,0,0,TRUE,ASV1062,2,Chone magna
edna0080,ASV1013,motu876,Orobdella,Freshwater leech,genus,1,1,NA,NA,26,32,NA,NA,NA,NA,NA,Orobdella,Freshwater leech,2018_triquet_surface,triquet,kelp,2018-07-16,NA,2018,surface,3,edna_triquet_15,surface,biological,14.9,30.94,8.15,NA,NA,NA,5.6,1000,0,51.80352819,-128.2545227,rock,NA,NA,NA,macroalgae,macrocystis,macroalgae_rock,macrocystis_rock,97.06,0.00121031,31,Metazoa,Annelida,Annelida,Erpobdelliformes,Orobdellidae,Orobdella,NA,NA,TRUE,ASV1013,1,NA
edna0080,ASV1475,motu1246,Cyanea,Lions mane jellyfish species,genus,1,1,NA,NA,6,15,NA,NA,NA,NA,NA,Cyanea,Lions mane jellyfish species,2018_triquet_surface,triquet,kelp,2018-07-16,NA,2018,surface,3,edna_triquet_15,surface,biological,14.9,30.94,8.15,NA,NA,NA,5.6,1000,0,51.80352819,-128.2545227,rock,NA,NA,NA,macroalgae,macrocystis,macroalgae_rock,macrocystis_rock,100,3.2351099999999996e-158,309,Metazoa,Cnidaria,Scyphozoa,Semaeostomeae,Cyaneidae,Cyanea,0,0,TRUE,ASV1475,2,NA
edna0080,ASV1546,motu1303,Chaetognatha,Arrow worm,phylum,1,NA,NA,NA,14,NA,NA,NA,NA,NA,NA,Chaetognatha,Arrow worm,2018_triquet_surface,triquet,kelp,2018-07-16,NA,2018,surface,3,edna_triquet_15,surface,biological,14.9,30.94,8.15,NA,NA,NA,5.6,1000,0,51.80352819,-128.2545227,rock,NA,NA,NA,macroalgae,macrocystis,macroalgae_rock,macrocystis_rock,95.02,1.63074e-81,171,Metazoa,Chaetognatha,NA,NA,NA,NA,0,0,TRUE,ASV1546,2,NA
edna0080,ASV1046,motu902,Arthropoda,Unknown arthropod,phylum,1,1,1,NA,11,32,7,NA,NA,NA,NA,Arthropoda,Unknown arthropod,2018_triquet_surface,triquet,kelp,2018-07-16,NA,2018,surface,3,edna_triquet_15,surface,biological,14.9,30.94,8.15,NA,NA,NA,5.6,1000,0,51.80352819,-128.2545227,rock,NA,NA,NA,macroalgae,macrocystis,macroalgae_rock,macrocystis_rock,94.87,8.78538e-5,33,Metazoa,Arthropoda,NA,NA,NA,NA,NA,NA,TRUE,ASV1046,4,NA
edna0080,ASV2395,motu537,Mitrocoma cellularia,Cross jelly,species,1,1,NA,NA,92,152,NA,NA,NA,NA,NA,Mitrocoma cellularia,Cross jelly,2018_triquet_surface,triquet,kelp,2018-07-16,NA,2018,surface,3,edna_triquet_15,surface,biological,14.9,30.94,8.15,NA,NA,NA,5.6,1000,0,51.80352819,-128.2545227,rock,NA,NA,NA,macroalgae,macrocystis,macroalgae_rock,macrocystis_rock,99.35,3.22227e-153,300,Metazoa,Cnidaria,Hydrozoa,Leptothecata,Mitrocomidae,Mitrocoma,0,0,TRUE,ASV616,6,Mitrocoma cellularia
edna0080,ASV2469,motu2011,Siphonenteron,Ribbon worm,genus,1,1,NA,NA,19,47,NA,NA,NA,NA,NA,Siphonenteron,Ribbon worm,2018_triquet_surface,triquet,kelp,2018-07-16,NA,2018,surface,3,edna_triquet_15,surface,biological,14.9,30.94,8.15,NA,NA,NA,5.6,1000,0,51.80352819,-128.2545227,rock,NA,NA,NA,macroalgae,macrocystis,macroalgae_rock,macrocystis_rock,100,1.96163e-160,313,Metazoa,Nemertea,Pilidiophora,Heteronemertea,Lineidae,Siphonenteron,0,0,TRUE,ASV2469,1,NA
edna0080,ASV1637,motu1375,Mitrocoma cellularia,Cross jelly,species,1,1,1,1,74,173,37,103,68,NA,92,Mitrocoma cellularia,Cross jelly,2018_triquet_surface,triquet,kelp,2018-07-16,NA,2018,surface,3,edna_triquet_15,surface,biological,14.9,30.94,8.15,NA,NA,NA,5.6,1000,0,51.80352819,-128.2545227,rock,NA,NA,NA,macroalgae,macrocystis,macroalgae_rock,macrocystis_rock,99.35,3.22227e-153,300,Metazoa,Cnidaria,Hydrozoa,Leptothecata,Mitrocomidae,Mitrocoma,0,0,TRUE,ASV1637,1,Mitrocoma cellularia
edna0080,ASV1082,motu932,Obelia dichotoma,Sea thread hydroid,species,1,NA,NA,NA,4,NA,NA,NA,NA,NA,NA,Obelia dichotoma,Sea thread hydroid,2018_triquet_surface,triquet,kelp,2018-07-16,NA,2018,surface,3,edna_triquet_15,surface,biological,14.9,30.94,8.15,NA,NA,NA,5.6,1000,0,51.80352819,-128.2545227,rock,NA,NA,NA,macroalgae,macrocystis,macroalgae_rock,macrocystis_rock,100,5.353989999999996e-156,305,Metazoa,Cnidaria,Hydrozoa,Leptothecata,Campanulariidae,Obelia,0,0,TRUE,ASV1082,1,Obelia dichotoma
edna0080,ASV1755,motu1466,Siphonenteron,Ribbon worm,genus,1,1,1,1,27,49,26,NA,NA,NA,37,Siphonenteron,Ribbon worm,2018_triquet_surface,triquet,kelp,2018-07-16,NA,2018,surface,3,edna_triquet_15,surface,biological,14.9,30.94,8.15,NA,NA,NA,5.6,1000,0,51.80352819,-128.2545227,rock,NA,NA,NA,macroalgae,macrocystis,macroalgae_rock,macrocystis_rock,100,1.96163e-160,313,Metazoa,Nemertea,Pilidiophora,Heteronemertea,Lineidae,Siphonenteron,0,0,TRUE,ASV1755,2,NA
edna0080,ASV3072,motu920,Arthropoda,Unknown arthropod,phylum,1,1,NA,NA,13,34,NA,NA,NA,NA,NA,Arthropoda,Unknown arthropod,2018_triquet_surface,triquet,kelp,2018-07-16,NA,2018,surface,3,edna_triquet_15,surface,biological,14.9,30.94,8.15,NA,NA,NA,5.6,1000,0,51.80352819,-128.2545227,rock,NA,NA,NA,macroalgae,macrocystis,macroalgae_rock,macrocystis_rock,94.87,8.78538e-5,33,Metazoa,Arthropoda,NA,NA,NA,NA,NA,NA,TRUE,ASV1068,4,NA
edna0080,ASV3534,motu2809,Polypogon,Hexapod,genus,1,NA,NA,NA,5,NA,NA,NA,NA,NA,NA,Polypogon,Hexapod,2018_triquet_surface,triquet,kelp,2018-07-16,NA,2018,surface,3,edna_triquet_15,surface,biological,14.9,30.94,8.15,NA,NA,NA,5.6,1000,0,51.80352819,-128.2545227,rock,NA,NA,NA,macroalgae,macrocystis,macroalgae_rock,macrocystis_rock,95.12,6.79151e-6,35,Metazoa,Arthropoda,Arthropoda,Lepidoptera,Noctuoidea,Polypogon,NA,NA,TRUE,ASV3534,1,NA
edna0080,ASV5429,motu4167,Cecidomyiidae,Hexapod,genus,1,NA,NA,NA,3,NA,NA,NA,NA,NA,NA,Cecidomyiidae,Hexapod,2018_triquet_surface,triquet,kelp,2018-07-16,NA,2018,surface,3,edna_triquet_15,surface,biological,14.9,30.94,8.15,NA,NA,NA,5.6,1000,0,51.80352819,-128.2545227,rock,NA,NA,NA,macroalgae,macrocystis,macroalgae_rock,macrocystis_rock,95,2.44266e-5,34,Metazoa,Arthropoda,Arthropoda,Diptera,Cecidomyiidae,Cecidomyiidae,NA,NA,TRUE,ASV5429,1,NA
edna0080,ASV2852,motu2305,Coleoptera,Hexapod,order,1,NA,NA,NA,3,NA,NA,NA,NA,NA,NA,Coleoptera,Hexapod,2018_triquet_surface,triquet,kelp,2018-07-16,NA,2018,surface,3,edna_triquet_15,surface,biological,14.9,30.94,8.15,NA,NA,NA,5.6,1000,0,51.80352819,-128.2545227,rock,NA,NA,NA,macroalgae,macrocystis,macroalgae_rock,macrocystis_rock,100,0.00110774,31,Metazoa,Arthropoda,Arthropoda,Coleoptera,NA,NA,NA,NA,TRUE,ASV2852,1,NA
edna0081,ASV258,motu228,Lensia,Siphonophore,genus,1,1,NA,NA,7,8,NA,NA,NA,NA,NA,Lensia,Siphonophore,2018_triquet_depth,triquet,kelp,2018-07-16,NA,2018,depth,3,edna_triquet_30,depth,biological,13.3,31.07,8.14,NA,NA,NA,5.6,1000,0,51.80345632,-128.2547138,rock,NA,NA,NA,macroalgae,macrocystis,macroalgae_rock,macrocystis_rock,100,0.00408744,30,Metazoa,Cnidaria,Cnidaria,Siphonophorae,Diphyidae,Lensia,0,0,TRUE,ASV258,1,NA
edna0081,ASV616,motu537,Mitrocoma cellularia,Cross jelly,species,1,1,NA,NA,3,13,NA,NA,NA,NA,NA,Mitrocoma cellularia,Cross jelly,2018_triquet_depth,triquet,kelp,2018-07-16,NA,2018,depth,3,edna_triquet_30,depth,biological,13.3,31.07,8.14,NA,NA,NA,5.6,1000,0,51.80345632,-128.2547138,rock,NA,NA,NA,macroalgae,macrocystis,macroalgae_rock,macrocystis_rock,100,1.4886099999999998e-156,306,Metazoa,Cnidaria,Hydrozoa,Leptothecata,Mitrocomidae,Mitrocoma,0,0,TRUE,ASV616,6,Mitrocoma cellularia
edna0081,ASV417,motu213,Balanus glandula,Acorn barnacle,species,1,NA,NA,NA,7,NA,NA,NA,NA,NA,NA,Balanus glandula,Acorn barnacle,2018_triquet_depth,triquet,kelp,2018-07-16,NA,2018,depth,3,edna_triquet_30,depth,biological,13.3,31.07,8.14,NA,NA,NA,5.6,1000,0,51.80345632,-128.2547138,rock,NA,NA,NA,macroalgae,macrocystis,macroalgae_rock,macrocystis_rock,99.68,1.5051499999999994e-156,306,Metazoa,Arthropoda,Thecostraca,Balanomorpha,Balanidae,Balanus,0,0,TRUE,ASV242,15,Balanus glandula
edna0081,ASV346,motu306,Synchaeta vorax,Rotifer,species,1,1,NA,1,7,7,NA,NA,NA,NA,6,Synchaeta vorax,Rotifer,2018_triquet_depth,triquet,kelp,2018-07-16,NA,2018,depth,3,edna_triquet_30,depth,biological,13.3,31.07,8.14,NA,NA,NA,5.6,1000,0,51.80345632,-128.2547138,rock,NA,NA,NA,macroalgae,macrocystis,macroalgae_rock,macrocystis_rock,98.08,7.129989999999999e-150,294,Metazoa,Rotifera,Eurotatoria,Ploima,Synchaetidae,Synchaeta,0,0,TRUE,ASV346,5,Synchaeta vorax
edna0081,ASV498,motu441,Clytia gregaria,Gregarious jellyfish,species,1,1,NA,NA,8,7,NA,NA,NA,NA,NA,Clytia gregaria,Gregarious jellyfish,2018_triquet_depth,triquet,kelp,2018-07-16,NA,2018,depth,3,edna_triquet_30,depth,biological,13.3,31.07,8.14,NA,NA,NA,5.6,1000,0,51.80345632,-128.2547138,rock,NA,NA,NA,macroalgae,macrocystis,macroalgae_rock,macrocystis_rock,99.68,9.126599999999999e-159,310,Metazoa,Cnidaria,Hydrozoa,Leptothecata,Campanulariidae,Clytia,0,0,TRUE,ASV498,2,Clytia gregaria
edna0081,ASV637,motu554,Alia carinata,Carinate dove shell,species,1,1,1,1,89,195,43,116,108,NA,191,Alia carinata,Carinate dove shell,2018_triquet_depth,triquet,kelp,2018-07-16,NA,2018,depth,3,edna_triquet_30,depth,biological,13.3,31.07,8.14,NA,NA,NA,5.6,1000,0,51.80345632,-128.2547138,rock,NA,NA,NA,macroalgae,macrocystis,macroalgae_rock,macrocystis_rock,100,3.2351099999999996e-158,309,Metazoa,Mollusca,Gastropoda,Neogastropoda,Columbellidae,Alia,0,0,TRUE,ASV637,1,Alia carinata
edna0081,ASV634,motu517,Balanus,Barnacle species,genus,1,1,1,1,23,36,10,44,25,NA,63,Balanus,Barnacle species,2018_triquet_depth,triquet,kelp,2018-07-16,NA,2018,depth,3,edna_triquet_30,depth,biological,13.3,31.07,8.14,NA,NA,NA,5.6,1000,0,51.80345632,-128.2547138,rock,NA,NA,NA,macroalgae,macrocystis,macroalgae_rock,macrocystis_rock,100,1.4886099999999998e-156,306,Metazoa,Arthropoda,Arthropoda,Balanomorpha,Balanidae,Balanus,0,0,TRUE,ASV587,10,NA
edna0081,ASV1020,motu882,Alia carinata,Carinate dove shell,species,1,1,NA,NA,82,173,NA,NA,NA,NA,NA,Alia carinata,Carinate dove shell,2018_triquet_depth,triquet,kelp,2018-07-16,NA,2018,depth,3,edna_triquet_30,depth,biological,13.3,31.07,8.14,NA,NA,NA,5.6,1000,0,51.80345632,-128.2547138,rock,NA,NA,NA,macroalgae,macrocystis,macroalgae_rock,macrocystis_rock,100,3.2351099999999996e-158,309,Metazoa,Mollusca,Gastropoda,Neogastropoda,Columbellidae,Alia,0,0,TRUE,ASV1020,1,Alia carinata
edna0081,ASV1287,motu1015,Balanus,Barnacle species,genus,1,NA,NA,NA,26,NA,NA,NA,NA,NA,NA,Balanus,Barnacle species,2018_triquet_depth,triquet,kelp,2018-07-16,NA,2018,depth,3,edna_triquet_30,depth,biological,13.3,31.07,8.14,NA,NA,NA,5.6,1000,0,51.80345632,-128.2547138,rock,NA,NA,NA,macroalgae,macrocystis,macroalgae_rock,macrocystis_rock,99.67,6.925819999999995e-155,303,Metazoa,Arthropoda,Arthropoda,Balanomorpha,Balanidae,Balanus,0,0,TRUE,ASV1187,5,NA
edna0081,ASV733,motu637,Phyllodocida,Polychaete,order,1,1,1,1,5,10,4,NA,6,NA,NA,Phyllodocida,Polychaete,2018_triquet_depth,triquet,kelp,2018-07-16,NA,2018,depth,3,edna_triquet_30,depth,biological,13.3,31.07,8.14,NA,NA,NA,5.6,1000,0,51.80345632,-128.2547138,rock,NA,NA,NA,macroalgae,macrocystis,macroalgae_rock,macrocystis_rock,100,0.0603188,28,Metazoa,Annelida,Annelida,Phyllodocida,NA,NA,0,0,TRUE,ASV733,1,NA
edna0081,ASV1228,motu71,Acartia (Acartiura) longiremis,Calanoid copepod,species,1,1,NA,NA,41,90,NA,NA,NA,NA,NA,Acartia (Acartiura) longiremis,Calanoid copepod,2018_triquet_depth,triquet,kelp,2018-07-16,NA,2018,depth,3,edna_triquet_30,depth,biological,13.3,31.07,8.14,NA,NA,NA,5.6,1000,0,51.80345632,-128.2547138,rock,NA,NA,NA,macroalgae,macrocystis,macroalgae_rock,macrocystis_rock,99.68,9.126599999999999e-159,310,Metazoa,Arthropoda,Copepoda,Calanoida,Acartiidae,Acartia,0,0,TRUE,ASV81,23,Acartia (Acartiura) longiremis
edna0081,ASV622,motu22,Acartia (Acartiura) longiremis,Calanoid copepod,species,1,1,1,1,43,96,48,63,42,NA,99,Acartia (Acartiura) longiremis,Calanoid copepod,2018_triquet_depth,triquet,kelp,2018-07-16,NA,2018,depth,3,edna_triquet_30,depth,biological,13.3,31.07,8.14,NA,NA,NA,5.6,1000,0,51.80345632,-128.2547138,rock,NA,NA,NA,macroalgae,macrocystis,macroalgae_rock,macrocystis_rock,99.68,9.126599999999999e-159,310,Metazoa,Arthropoda,Copepoda,Calanoida,Acartiidae,Acartia,0,0,TRUE,ASV25,27,Acartia (Acartiura) longiremis
edna0081,ASV1384,motu1168,Membranipora membranacea,Coffin box bryozoan,species,1,NA,NA,NA,5,NA,NA,NA,NA,NA,NA,Membranipora membranacea,Coffin box bryozoan,2018_triquet_depth,triquet,kelp,2018-07-16,NA,2018,depth,3,edna_triquet_30,depth,biological,13.3,31.07,8.14,NA,NA,NA,5.6,1000,0,51.80345632,-128.2547138,rock,NA,NA,NA,macroalgae,macrocystis,macroalgae_rock,macrocystis_rock,100,9.252979999999995e-139,274,Metazoa,Bryozoa,Gymnolaemata,Cheilostomatida,Membraniporidae,Membranipora,0,0,TRUE,ASV1384,2,Membranipora membranacea
edna0081,ASV801,motu697,Micropodarke dubia,Hesionid polychaete,species,1,1,1,NA,4,4,3,NA,NA,NA,NA,Micropodarke dubia,Hesionid polychaete,2018_triquet_depth,triquet,kelp,2018-07-16,NA,2018,depth,3,edna_triquet_30,depth,biological,13.3,31.07,8.14,NA,NA,NA,5.6,1000,0,51.80345632,-128.2547138,rock,NA,NA,NA,macroalgae,macrocystis,macroalgae_rock,macrocystis_rock,100,1.96163e-160,313,Metazoa,Annelida,Polychaeta,Phyllodocida,Hesionidae,Micropodarke,0,0,TRUE,ASV801,2,Micropodarke dubia
edna0081,ASV1332,motu1125,Pollicipes polymerus,Gooseneck barnacle,species,1,1,1,1,87,84,57,100,88,NA,110,Pollicipes polymerus,Gooseneck barnacle,2018_triquet_depth,triquet,kelp,2018-07-16,NA,2018,depth,3,edna_triquet_30,depth,biological,13.3,31.07,8.14,NA,NA,NA,5.6,1000,0,51.80345632,-128.2547138,rock,NA,NA,NA,macroalgae,macrocystis,macroalgae_rock,macrocystis_rock,100,3.2351099999999996e-158,309,Metazoa,Arthropoda,Thecostraca,Pollicipedomorpha,Pollicipedidae,Pollicipes,0,0,TRUE,ASV1332,2,Pollicipes polymerus
edna0081,ASV1477,motu1247,Pollicipes polymerus,Gooseneck barnacle,species,1,1,1,1,60,91,46,69,68,NA,103,Pollicipes polymerus,Gooseneck barnacle,2018_triquet_depth,triquet,kelp,2018-07-16,NA,2018,depth,3,edna_triquet_30,depth,biological,13.3,31.07,8.14,NA,NA,NA,5.6,1000,0,51.80345632,-128.2547138,rock,NA,NA,NA,macroalgae,macrocystis,macroalgae_rock,macrocystis_rock,100,3.2351099999999996e-158,309,Metazoa,Arthropoda,Thecostraca,Pollicipedomorpha,Pollicipedidae,Pollicipes,0,0,TRUE,ASV1477,2,Pollicipes polymerus
edna0081,ASV2025,motu1675,Euryte,Cyclopoid copepod,genus,1,1,1,1,38,73,38,45,42,NA,103,Euryte,Cyclopoid copepod,2018_triquet_depth,triquet,kelp,2018-07-16,NA,2018,depth,3,edna_triquet_30,depth,biological,13.3,31.07,8.14,NA,NA,NA,5.6,1000,0,51.80345632,-128.2547138,rock,NA,NA,NA,macroalgae,macrocystis,macroalgae_rock,macrocystis_rock,97.73,1.526599999999999e-146,288,Metazoa,Arthropoda,Copepoda,Cyclopoida,Euryteidae,Euryte,0,0,TRUE,ASV2025,2,NA
edna0081,ASV2092,motu1729,Euryte,Cyclopoid copepod,genus,1,1,1,1,35,75,29,36,45,NA,104,Euryte,Cyclopoid copepod,2018_triquet_depth,triquet,kelp,2018-07-16,NA,2018,depth,3,edna_triquet_30,depth,biological,13.3,31.07,8.14,NA,NA,NA,5.6,1000,0,51.80345632,-128.2547138,rock,NA,NA,NA,macroalgae,macrocystis,macroalgae_rock,macrocystis_rock,97.73,1.526599999999999e-146,288,Metazoa,Arthropoda,Copepoda,Cyclopoida,Euryteidae,Euryte,0,0,TRUE,ASV2092,2,NA
edna0082,ASV25,motu22,Acartia (Acartiura) longiremis,Calanoid copepod,species,1,1,1,1,72,161,74,180,66,NA,143,Acartia (Acartiura) longiremis,Calanoid copepod,2018_manley_surface,manley,kelp,2018-07-16,NA,2018,surface,1,edna_manley_00,surface,biological,13.8,30.69,8.22,11.6,31.19,8.07,7.5,1000,0,51.80108298,-128.1997573,rock,NA,NA,NA,macroalgae,macrocystis,macroalgae_rock,macrocystis_rock,100,1.96163e-160,313,Metazoa,Arthropoda,Copepoda,Calanoida,Acartiidae,Acartia,0,0,TRUE,ASV25,27,Acartia (Acartiura) longiremis
edna0082,ASV81,motu71,Acartia (Acartiura) longiremis,Calanoid copepod,species,1,1,NA,NA,74,158,NA,NA,NA,NA,NA,Acartia (Acartiura) longiremis,Calanoid copepod,2018_manley_surface,manley,kelp,2018-07-16,NA,2018,surface,1,edna_manley_00,surface,biological,13.8,30.69,8.22,11.6,31.19,8.07,7.5,1000,0,51.80108298,-128.1997573,rock,NA,NA,NA,macroalgae,macrocystis,macroalgae_rock,macrocystis_rock,100,1.96163e-160,313,Metazoa,Arthropoda,Copepoda,Calanoida,Acartiidae,Acartia,0,0,TRUE,ASV81,23,Acartia (Acartiura) longiremis
edna0082,ASV34,motu31,Centropages abdominalis,Calanoid copepod,species,1,1,1,1,129,224,107,279,157,NA,253,Centropages abdominalis,Calanoid copepod,2018_manley_surface,manley,kelp,2018-07-16,NA,2018,surface,1,edna_manley_00,surface,biological,13.8,30.69,8.22,11.6,31.19,8.07,7.5,1000,0,51.80108298,-128.1997573,rock,NA,NA,NA,macroalgae,macrocystis,macroalgae_rock,macrocystis_rock,100,1.96163e-160,313,Metazoa,Arthropoda,Copepoda,Calanoida,Centropagidae,Centropages,0,0,TRUE,ASV34,19,Centropages abdominalis
edna0082,ASV143,motu128,Centropages abdominalis,Calanoid copepod,species,1,1,NA,NA,131,233,NA,NA,NA,NA,NA,Centropages abdominalis,Calanoid copepod,2018_manley_surface,manley,kelp,2018-07-16,NA,2018,surface,1,edna_manley_00,surface,biological,13.8,30.69,8.22,11.6,31.19,8.07,7.5,1000,0,51.80108298,-128.1997573,rock,NA,NA,NA,macroalgae,macrocystis,macroalgae_rock,macrocystis_rock,100,1.96163e-160,313,Metazoa,Arthropoda,Copepoda,Calanoida,Centropagidae,Centropages,0,0,TRUE,ASV143,11,Centropages abdominalis
edna0082,ASV258,motu228,Lensia,Siphonophore,genus,1,1,NA,NA,34,109,NA,NA,NA,NA,NA,Lensia,Siphonophore,2018_manley_surface,manley,kelp,2018-07-16,NA,2018,surface,1,edna_manley_00,surface,biological,13.8,30.69,8.22,11.6,31.19,8.07,7.5,1000,0,51.80108298,-128.1997573,rock,NA,NA,NA,macroalgae,macrocystis,macroalgae_rock,macrocystis_rock,100,0.00408744,30,Metazoa,Cnidaria,Cnidaria,Siphonophorae,Diphyidae,Lensia,0,0,TRUE,ASV258,1,NA
edna0082,ASV131,motu117,Lensia,Siphonophore,genus,1,1,1,1,45,83,31,69,79,NA,64,Lensia,Siphonophore,2018_manley_surface,manley,kelp,2018-07-16,NA,2018,surface,1,edna_manley_00,surface,biological,13.8,30.69,8.22,11.6,31.19,8.07,7.5,1000,0,51.80108298,-128.1997573,rock,NA,NA,NA,macroalgae,macrocystis,macroalgae_rock,macrocystis_rock,100,0.00408744,30,Metazoa,Cnidaria,Cnidaria,Siphonophorae,Diphyidae,Lensia,0,0,TRUE,ASV131,2,NA
edna0082,ASV251,motu105,Mesocentrotus franciscanus,Red sea urchin,species,1,1,1,1,165,316,134,NA,NA,NA,281,Mesocentrotus franciscanus,Red sea urchin,2018_manley_surface,manley,kelp,2018-07-16,NA,2018,surface,1,edna_manley_00,surface,biological,13.8,30.69,8.22,11.6,31.19,8.07,7.5,1000,0,51.80108298,-128.1997573,rock,NA,NA,NA,macroalgae,macrocystis,macroalgae_rock,macrocystis_rock,100,7.02982e-160,312,Metazoa,Echinodermata,Echinoidea,Camarodonta,Strongylocentrotidae,Mesocentrotus,0,0,TRUE,ASV118,8,Mesocentrotus franciscanus
edna0082,ASV132,motu118,Mesocentrotus franciscanus,Red sea urchin,species,1,NA,1,1,175,NA,128,NA,142,NA,252,Mesocentrotus franciscanus,Red sea urchin,2018_manley_surface,manley,kelp,2018-07-16,NA,2018,surface,1,edna_manley_00,surface,biological,13.8,30.69,8.22,11.6,31.19,8.07,7.5,1000,0,51.80108298,-128.1997573,rock,NA,NA,NA,macroalgae,macrocystis,macroalgae_rock,macrocystis_rock,100,2.51921e-159,311,Metazoa,Echinodermata,Echinoidea,Camarodonta,Strongylocentrotidae,Mesocentrotus,0,0,TRUE,ASV132,8,Mesocentrotus franciscanus
edna0082,ASV285,motu244,Ophiopholis,Brittle star species,genus,1,1,NA,1,75,93,NA,91,52,NA,60,Ophiopholis kennerlyi,Daisy brittle star,2018_manley_surface,manley,kelp,2018-07-16,NA,2018,surface,1,edna_manley_00,surface,biological,13.8,30.69,8.22,11.6,31.19,8.07,7.5,1000,0,51.80108298,-128.1997573,rock,NA,NA,NA,macroalgae,macrocystis,macroalgae_rock,macrocystis_rock,100,1.96163e-160,313,Metazoa,Echinodermata,Echinodermata,Amphilepidida,Ophiopholidae,Ophiopholis,0,0,TRUE,ASV275,7,NA
edna0082,ASV605,motu529,Ophiopholis,Brittle star species,genus,1,1,NA,NA,71,71,NA,NA,NA,NA,NA,Ophiopholis kennerlyi,Daisy brittle star,2018_manley_surface,manley,kelp,2018-07-16,NA,2018,surface,1,edna_manley_00,surface,biological,13.8,30.69,8.22,11.6,31.19,8.07,7.5,1000,0,51.80108298,-128.1997573,rock,NA,NA,NA,macroalgae,macrocystis,macroalgae_rock,macrocystis_rock,100,1.96163e-160,313,Metazoa,Echinodermata,Echinodermata,Amphilepidida,Ophiopholidae,Ophiopholis,0,0,TRUE,ASV603,6,NA
edna0082,ASV390,motu343,Dodecaceria,Cirratulid polychaete,genus,1,NA,NA,1,50,NA,NA,88,64,NA,NA,Dodecaceria,Cirratulid polychaete,2018_manley_surface,manley,kelp,2018-07-16,NA,2018,surface,1,edna_manley_00,surface,biological,13.8,30.69,8.22,11.6,31.19,8.07,7.5,1000,0,51.80108298,-128.1997573,rock,NA,NA,NA,macroalgae,macrocystis,macroalgae_rock,macrocystis_rock,100,1.96163e-160,313,Metazoa,Annelida,Polychaeta,Terebellida,Cirratulidae,Dodecaceria,0,0,TRUE,ASV390,6,NA
edna0082,ASV352,motu311,Synchaeta vorax,Rotifer,species,1,1,1,1,68,90,42,76,38,NA,78,Synchaeta vorax,Rotifer,2018_manley_surface,manley,kelp,2018-07-16,NA,2018,surface,1,edna_manley_00,surface,biological,13.8,30.69,8.22,11.6,31.19,8.07,7.5,1000,0,51.80108298,-128.1997573,rock,NA,NA,NA,macroalgae,macrocystis,macroalgae_rock,macrocystis_rock,98.08,7.129989999999999e-150,294,Metazoa,Rotifera,Eurotatoria,Ploima,Synchaetidae,Synchaeta,0,0,TRUE,ASV352,4,Synchaeta vorax
edna0082,ASV346,motu306,Synchaeta vorax,Rotifer,species,1,1,1,1,42,75,60,71,33,NA,67,Synchaeta vorax,Rotifer,2018_manley_surface,manley,kelp,2018-07-16,NA,2018,surface,1,edna_manley_00,surface,biological,13.8,30.69,8.22,11.6,31.19,8.07,7.5,1000,0,51.80108298,-128.1997573,rock,NA,NA,NA,macroalgae,macrocystis,macroalgae_rock,macrocystis_rock,98.08,7.129989999999999e-150,294,Metazoa,Rotifera,Eurotatoria,Ploima,Synchaetidae,Synchaeta,0,0,TRUE,ASV346,5,Synchaeta vorax
edna0082,ASV613,motu536,Sabellariidae,Feather duster worm,family,1,NA,NA,NA,20,NA,NA,NA,NA,NA,NA,Sabellariidae,Feather duster worm,2018_manley_surface,manley,kelp,2018-07-16,NA,2018,surface,1,edna_manley_00,surface,biological,13.8,30.69,8.22,11.6,31.19,8.07,7.5,1000,0,51.80108298,-128.1997573,rock,NA,NA,NA,macroalgae,macrocystis,macroalgae_rock,macrocystis_rock,99.68,1.5051499999999994e-156,306,Metazoa,Annelida,Polychaeta,NA,Sabellariidae,NA,0,0,TRUE,ASV613,7,NA
edna0082,ASV625,motu545,Phascolosoma (Phascolosoma) agassizii,Agassiz peanut worm,species,1,1,1,1,74,154,20,84,29,NA,64,Phascolosoma (Phascolosoma) agassizii,Agassiz peanut worm,2018_manley_surface,manley,kelp,2018-07-16,NA,2018,surface,1,edna_manley_00,surface,biological,13.8,30.69,8.22,11.6,31.19,8.07,7.5,1000,0,51.80108298,-128.1997573,rock,NA,NA,NA,macroalgae,macrocystis,macroalgae_rock,macrocystis_rock,100,1.96163e-160,313,Metazoa,Annelida,NA,Sipuncula,Phascolosomatidae,Phascolosoma,0,0,TRUE,ASV625,3,Phascolosoma (Phascolosoma) agassizii
edna0082,ASV750,motu654,Orobdella,Freshwater leech,genus,1,1,1,NA,18,26,16,NA,NA,NA,NA,Orobdella,Freshwater leech,2018_manley_surface,manley,kelp,2018-07-16,NA,2018,surface,1,edna_manley_00,surface,biological,13.8,30.69,8.22,11.6,31.19,8.07,7.5,1000,0,51.80108298,-128.1997573,rock,NA,NA,NA,macroalgae,macrocystis,macroalgae_rock,macrocystis_rock,97.06,0.00121031,31,Metazoa,Annelida,Annelida,Erpobdelliformes,Orobdellidae,Orobdella,NA,NA,TRUE,ASV750,1,NA
edna0082,ASV733,motu637,Phyllodocida,Polychaete,order,1,NA,NA,NA,3,NA,NA,NA,NA,NA,NA,Phyllodocida,Polychaete,2018_manley_surface,manley,kelp,2018-07-16,NA,2018,surface,1,edna_manley_00,surface,biological,13.8,30.69,8.22,11.6,31.19,8.07,7.5,1000,0,51.80108298,-128.1997573,rock,NA,NA,NA,macroalgae,macrocystis,macroalgae_rock,macrocystis_rock,100,0.0603188,28,Metazoa,Annelida,Annelida,Phyllodocida,NA,NA,0,0,TRUE,ASV733,1,NA
edna0082,ASV944,motu821,Phascolosoma (Phascolosoma) agassizii,Agassiz peanut worm,species,1,1,1,1,53,96,44,109,NA,NA,63,Phascolosoma (Phascolosoma) agassizii,Agassiz peanut worm,2018_manley_surface,manley,kelp,2018-07-16,NA,2018,surface,1,edna_manley_00,surface,biological,13.8,30.69,8.22,11.6,31.19,8.07,7.5,1000,0,51.80108298,-128.1997573,rock,NA,NA,NA,macroalgae,macrocystis,macroalgae_rock,macrocystis_rock,100,1.96163e-160,313,Metazoa,Annelida,NA,Sipuncula,Phascolosomatidae,Phascolosoma,0,0,TRUE,ASV944,3,Phascolosoma (Phascolosoma) agassizii
edna0082,ASV1384,motu1168,Membranipora membranacea,Coffin box bryozoan,species,1,1,NA,NA,34,46,NA,NA,NA,NA,NA,Membranipora membranacea,Coffin box bryozoan,2018_manley_surface,manley,kelp,2018-07-16,NA,2018,surface,1,edna_manley_00,surface,biological,13.8,30.69,8.22,11.6,31.19,8.07,7.5,1000,0,51.80108298,-128.1997573,rock,NA,NA,NA,macroalgae,macrocystis,macroalgae_rock,macrocystis_rock,100,9.252979999999995e-139,274,Metazoa,Bryozoa,Gymnolaemata,Cheilostomatida,Membraniporidae,Membranipora,0,0,TRUE,ASV1384,2,Membranipora membranacea
edna0082,ASV939,motu816,Ergasilida,Cyclopoid copepod,order,1,1,1,NA,7,7,2,NA,NA,NA,NA,Ergasilida,Cyclopoid copepod,2018_manley_surface,manley,kelp,2018-07-16,NA,2018,surface,1,edna_manley_00,surface,biological,13.8,30.69,8.22,11.6,31.19,8.07,7.5,1000,0,51.80108298,-128.1997573,rock,NA,NA,NA,macroalgae,macrocystis,macroalgae_rock,macrocystis_rock,100,1.96163e-160,313,Metazoa,Arthropoda,Copepoda,Cyclopoida,NA,NA,0,0,FALSE,ASV939,1,NA
edna0082,ASV1502,motu1269,Oithona similis,Cyclopoid copepod,species,1,NA,NA,NA,4,NA,NA,NA,NA,NA,NA,Oithona similis,Cyclopoid copepod,2018_manley_surface,manley,kelp,2018-07-16,NA,2018,surface,1,edna_manley_00,surface,biological,13.8,30.69,8.22,11.6,31.19,8.07,7.5,1000,0,51.80108298,-128.1997573,rock,NA,NA,NA,macroalgae,macrocystis,macroalgae_rock,macrocystis_rock,96.17,2.0179399999999996e-140,277,Metazoa,Arthropoda,Copepoda,Cyclopoida,Oithonidae,Oithona,0,0,TRUE,ASV1502,1,Oithona similis
edna0082,ASV795,motu692,Phascolosoma (Phascolosoma) agassizii,Agassiz peanut worm,species,1,1,1,1,46,97,42,116,62,NA,56,Phascolosoma (Phascolosoma) agassizii,Agassiz peanut worm,2018_manley_surface,manley,kelp,2018-07-16,NA,2018,surface,1,edna_manley_00,surface,biological,13.8,30.69,8.22,11.6,31.19,8.07,7.5,1000,0,51.80108298,-128.1997573,rock,NA,NA,NA,macroalgae,macrocystis,macroalgae_rock,macrocystis_rock,100,1.96163e-160,313,Metazoa,Annelida,NA,Sipuncula,Phascolosomatidae,Phascolosoma,0,0,TRUE,ASV795,3,Phascolosoma (Phascolosoma) agassizii
edna0082,ASV1236,motu1048,Chthamalus dalli,Little brown barnacle,species,1,1,NA,1,20,38,NA,32,NA,NA,48,Chthamalus dalli,Little brown barnacle,2018_manley_surface,manley,kelp,2018-07-16,NA,2018,surface,1,edna_manley_00,surface,biological,13.8,30.69,8.22,11.6,31.19,8.07,7.5,1000,0,51.80108298,-128.1997573,rock,NA,NA,NA,macroalgae,macrocystis,macroalgae_rock,macrocystis_rock,99.67,1.14177e-152,299,Metazoa,Arthropoda,Thecostraca,Balanomorpha,Chthamalidae,Chthamalus,0,0,TRUE,ASV1236,2,Chthamalus dalli
edna0082,ASV1048,motu285,Paracalanus,Calanoid copepod,genus,1,NA,NA,NA,4,NA,NA,NA,NA,NA,NA,Paracalanus parvus parvus,Calanoid copepod,2018_manley_surface,manley,kelp,2018-07-16,NA,2018,surface,1,edna_manley_00,surface,biological,13.8,30.69,8.22,11.6,31.19,8.07,7.5,1000,0,51.80108298,-128.1997573,rock,NA,NA,NA,macroalgae,macrocystis,macroalgae_rock,macrocystis_rock,99.67,1.14177e-152,299,Metazoa,Arthropoda,Arthropoda,Calanoida,Paracalanidae,Paracalanus,0,0,TRUE,ASV324,6,NA
edna0082,ASV801,motu697,Micropodarke dubia,Hesionid polychaete,species,1,1,1,1,9,24,11,13,NA,NA,17,Micropodarke dubia,Hesionid polychaete,2018_manley_surface,manley,kelp,2018-07-16,NA,2018,surface,1,edna_manley_00,surface,biological,13.8,30.69,8.22,11.6,31.19,8.07,7.5,1000,0,51.80108298,-128.1997573,rock,NA,NA,NA,macroalgae,macrocystis,macroalgae_rock,macrocystis_rock,100,1.96163e-160,313,Metazoa,Annelida,Polychaeta,Phyllodocida,Hesionidae,Micropodarke,0,0,TRUE,ASV801,2,Micropodarke dubia
edna0082,ASV1492,motu1259,Membranipora membranacea,Coffin box bryozoan,species,1,1,NA,NA,20,40,NA,NA,NA,NA,NA,Membranipora membranacea,Coffin box bryozoan,2018_manley_surface,manley,kelp,2018-07-16,NA,2018,surface,1,edna_manley_00,surface,biological,13.8,30.69,8.22,11.6,31.19,8.07,7.5,1000,0,51.80108298,-128.1997573,rock,NA,NA,NA,macroalgae,macrocystis,macroalgae_rock,macrocystis_rock,100,9.252979999999995e-139,274,Metazoa,Bryozoa,Gymnolaemata,Cheilostomatida,Membraniporidae,Membranipora,0,0,TRUE,ASV1492,2,Membranipora membranacea
edna0082,ASV2151,motu914,Chone magna,Feather duster worm,species,1,1,NA,NA,76,139,NA,NA,NA,NA,NA,Chone magna,Feather duster worm,2018_manley_surface,manley,kelp,2018-07-16,NA,2018,surface,1,edna_manley_00,surface,biological,13.8,30.69,8.22,11.6,31.19,8.07,7.5,1000,0,51.80108298,-128.1997573,rock,NA,NA,NA,macroalgae,macrocystis,macroalgae_rock,macrocystis_rock,100,1.96163e-160,313,Metazoa,Annelida,Polychaeta,Sabellida,Sabellidae,Chone,0,0,TRUE,ASV1062,2,Chone magna
edna0082,ASV1340,motu1133,Spionidae,Spionid polychaete,family,1,1,1,1,96,216,86,161,112,NA,138,Spionidae,Spionid polychaete,2018_manley_surface,manley,kelp,2018-07-16,NA,2018,surface,1,edna_manley_00,surface,biological,13.8,30.69,8.22,11.6,31.19,8.07,7.5,1000,0,51.80108298,-128.1997573,rock,NA,NA,NA,macroalgae,macrocystis,macroalgae_rock,macrocystis_rock,92.7,6.41781e-46,107,Metazoa,Annelida,Annelida,Spionida,Spionidae,NA,0,0,TRUE,ASV1340,4,NA
edna0082,ASV1270,motu622,Chone magna,Feather duster worm,species,1,1,1,1,58,149,65,154,73,NA,101,Chone magna,Feather duster worm,2018_manley_surface,manley,kelp,2018-07-16,NA,2018,surface,1,edna_manley_00,surface,biological,13.8,30.69,8.22,11.6,31.19,8.07,7.5,1000,0,51.80108298,-128.1997573,rock,NA,NA,NA,macroalgae,macrocystis,macroalgae_rock,macrocystis_rock,100,1.96163e-160,313,Metazoa,Annelida,Polychaeta,Sabellida,Sabellidae,Chone,0,0,TRUE,ASV716,2,Chone magna
edna0082,ASV1467,motu1238,Tubulanus sexlineatus,Six lined ribbon worm,species,1,1,1,1,28,33,16,30,NA,NA,22,Tubulanus sexlineatus,Six lined ribbon worm,2018_manley_surface,manley,kelp,2018-07-16,NA,2018,surface,1,edna_manley_00,surface,biological,13.8,30.69,8.22,11.6,31.19,8.07,7.5,1000,0,51.80108298,-128.1997573,rock,NA,NA,NA,macroalgae,macrocystis,macroalgae_rock,macrocystis_rock,100,1.96163e-160,313,Metazoa,Nemertea,Palaeonemertea,Tubulaniformes,Tubulanidae,Tubulanus,0,0,TRUE,ASV1467,1,Tubulanus sexlineatus
edna0082,ASV3739,motu2226,Spionidae,Spionid polychaete,family,1,NA,NA,NA,85,NA,NA,NA,NA,NA,NA,Spionidae,Spionid polychaete,2018_manley_surface,manley,kelp,2018-07-16,NA,2018,surface,1,edna_manley_00,surface,biological,13.8,30.69,8.22,11.6,31.19,8.07,7.5,1000,0,51.80108298,-128.1997573,rock,NA,NA,NA,macroalgae,macrocystis,macroalgae_rock,macrocystis_rock,92.7,6.39464e-46,107,Metazoa,Annelida,Annelida,Spionida,Spionidae,NA,0,0,TRUE,ASV2752,2,NA
edna0082,ASV2352,motu1933,Tubulanus sexlineatus,Six lined ribbon worm,species,1,1,NA,NA,19,49,NA,NA,NA,NA,NA,Tubulanus sexlineatus,Six lined ribbon worm,2018_manley_surface,manley,kelp,2018-07-16,NA,2018,surface,1,edna_manley_00,surface,biological,13.8,30.69,8.22,11.6,31.19,8.07,7.5,1000,0,51.80108298,-128.1997573,rock,NA,NA,NA,macroalgae,macrocystis,macroalgae_rock,macrocystis_rock,100,1.96163e-160,313,Metazoa,Nemertea,Palaeonemertea,Tubulaniformes,Tubulanidae,Tubulanus,0,0,TRUE,ASV2352,1,Tubulanus sexlineatus
edna0082,ASV1563,motu1317,Centropages abdominalis,Calanoid copepod,species,1,1,1,1,31,60,26,86,44,NA,64,Centropages abdominalis,Calanoid copepod,2018_manley_surface,manley,kelp,2018-07-16,NA,2018,surface,1,edna_manley_00,surface,biological,13.8,30.69,8.22,11.6,31.19,8.07,7.5,1000,0,51.80108298,-128.1997573,rock,NA,NA,NA,macroalgae,macrocystis,macroalgae_rock,macrocystis_rock,100,1.96163e-160,313,Metazoa,Arthropoda,Copepoda,Calanoida,Centropagidae,Centropages,0,0,TRUE,ASV1563,1,Centropages abdominalis
edna0082,ASV1082,motu932,Obelia dichotoma,Sea thread hydroid,species,1,1,1,1,5,18,7,7,2,NA,13,Obelia dichotoma,Sea thread hydroid,2018_manley_surface,manley,kelp,2018-07-16,NA,2018,surface,1,edna_manley_00,surface,biological,13.8,30.69,8.22,11.6,31.19,8.07,7.5,1000,0,51.80108298,-128.1997573,rock,NA,NA,NA,macroalgae,macrocystis,macroalgae_rock,macrocystis_rock,100,5.353989999999996e-156,305,Metazoa,Cnidaria,Hydrozoa,Leptothecata,Campanulariidae,Obelia,0,0,TRUE,ASV1082,1,Obelia dichotoma
edna0082,ASV2203,motu1819,Obelia dichotoma,Sea thread hydroid,species,1,1,NA,NA,12,18,NA,NA,NA,NA,NA,Obelia dichotoma,Sea thread hydroid,2018_manley_surface,manley,kelp,2018-07-16,NA,2018,surface,1,edna_manley_00,surface,biological,13.8,30.69,8.22,11.6,31.19,8.07,7.5,1000,0,51.80108298,-128.1997573,rock,NA,NA,NA,macroalgae,macrocystis,macroalgae_rock,macrocystis_rock,100,5.353989999999996e-156,305,Metazoa,Cnidaria,Hydrozoa,Leptothecata,Campanulariidae,Obelia,0,0,TRUE,ASV2203,1,Obelia dichotoma
edna0082,ASV1337,motu1130,Dodecaceria,Cirratulid polychaete,genus,1,NA,NA,1,38,NA,NA,140,NA,NA,NA,Dodecaceria,Cirratulid polychaete,2018_manley_surface,manley,kelp,2018-07-16,NA,2018,surface,1,edna_manley_00,surface,biological,13.8,30.69,8.22,11.6,31.19,8.07,7.5,1000,0,51.80108298,-128.1997573,rock,NA,NA,NA,macroalgae,macrocystis,macroalgae_rock,macrocystis_rock,100,2.51921e-159,311,Metazoa,Annelida,Polychaeta,Terebellida,Cirratulidae,Dodecaceria,0,0,TRUE,ASV1337,1,NA
edna0082,ASV2441,motu1991,Halosydna brevisetosa,Shortscaled worm,species,1,1,NA,1,37,91,NA,106,NA,NA,NA,Halosydna brevisetosa,Shortscaled worm,2018_manley_surface,manley,kelp,2018-07-16,NA,2018,surface,1,edna_manley_00,surface,biological,13.8,30.69,8.22,11.6,31.19,8.07,7.5,1000,0,51.80108298,-128.1997573,rock,NA,NA,NA,macroalgae,macrocystis,macroalgae_rock,macrocystis_rock,99.36,4.246189999999999e-157,307,Metazoa,Annelida,Polychaeta,Phyllodocida,Polynoidae,Halosydna,0,0,TRUE,ASV2441,1,Halosydna brevisetosa
edna0082,ASV2413,motu1971,Ferkeria,Other arachnid,genus,1,1,NA,1,6,14,NA,5,6,NA,NA,Ferkeria,Other arachnid,2018_manley_surface,manley,kelp,2018-07-16,NA,2018,surface,1,edna_manley_00,surface,biological,13.8,30.69,8.22,11.6,31.19,8.07,7.5,1000,0,51.80108298,-128.1997573,rock,NA,NA,NA,macroalgae,macrocystis,macroalgae_rock,macrocystis_rock,97.06,0.00112005,31,Metazoa,Arthropoda,Arthropoda,Grassatores,NA,Ferkeria,NA,NA,TRUE,ASV2413,1,NA
edna0082,ASV2335,motu1921,Ferkeria,Other arachnid,genus,1,1,1,1,7,14,7,13,NA,NA,6,Ferkeria,Other arachnid,2018_manley_surface,manley,kelp,2018-07-16,NA,2018,surface,1,edna_manley_00,surface,biological,13.8,30.69,8.22,11.6,31.19,8.07,7.5,1000,0,51.80108298,-128.1997573,rock,NA,NA,NA,macroalgae,macrocystis,macroalgae_rock,macrocystis_rock,97.06,0.00112005,31,Metazoa,Arthropoda,Arthropoda,Grassatores,NA,Ferkeria,NA,NA,TRUE,ASV2335,1,NA
edna0082,ASV1855,motu1546,Tegula pulligo,Dusky tegula,species,1,1,NA,1,10,22,NA,NA,NA,NA,15,Tegula pulligo,Dusky tegula,2018_manley_surface,manley,kelp,2018-07-16,NA,2018,surface,1,edna_manley_00,surface,biological,13.8,30.69,8.22,11.6,31.19,8.07,7.5,1000,0,51.80108298,-128.1997573,rock,NA,NA,NA,macroalgae,macrocystis,macroalgae_rock,macrocystis_rock,100,3.2351099999999996e-158,309,Metazoa,Mollusca,Gastropoda,Trochida,Tegulidae,Tegula,0,0,TRUE,ASV1855,2,Tegula pulligo
edna0082,ASV4028,motu3158,Tegula pulligo,Dusky tegula,species,1,1,NA,NA,10,22,NA,NA,NA,NA,NA,Tegula pulligo,Dusky tegula,2018_manley_surface,manley,kelp,2018-07-16,NA,2018,surface,1,edna_manley_00,surface,biological,13.8,30.69,8.22,11.6,31.19,8.07,7.5,1000,0,51.80108298,-128.1997573,rock,NA,NA,NA,macroalgae,macrocystis,macroalgae_rock,macrocystis_rock,100,3.2351099999999996e-158,309,Metazoa,Mollusca,Gastropoda,Trochida,Tegulidae,Tegula,0,0,TRUE,ASV4028,1,Tegula pulligo
edna0084,ASV25,motu22,Acartia (Acartiura) longiremis,Calanoid copepod,species,1,1,1,1,99,198,82,191,132,NA,238,Acartia (Acartiura) longiremis,Calanoid copepod,2018_manley_surface,manley,kelp,2018-07-16,NA,2018,surface,3,edna_manley_30,surface,biological,14.2,30.63,8.22,12.7,30.95,8.16,5.7,1000,0,51.80136642,-128.199517,rock,NA,NA,NA,macroalgae,macrocystis,macroalgae_rock,macrocystis_rock,100,1.96163e-160,313,Metazoa,Arthropoda,Copepoda,Calanoida,Acartiidae,Acartia,0,0,TRUE,ASV25,27,Acartia (Acartiura) longiremis
edna0084,ASV81,motu71,Acartia (Acartiura) longiremis,Calanoid copepod,species,1,1,NA,NA,94,226,NA,NA,NA,NA,NA,Acartia (Acartiura) longiremis,Calanoid copepod,2018_manley_surface,manley,kelp,2018-07-16,NA,2018,surface,3,edna_manley_30,surface,biological,14.2,30.63,8.22,12.7,30.95,8.16,5.7,1000,0,51.80136642,-128.199517,rock,NA,NA,NA,macroalgae,macrocystis,macroalgae_rock,macrocystis_rock,100,1.96163e-160,313,Metazoa,Arthropoda,Copepoda,Calanoida,Acartiidae,Acartia,0,0,TRUE,ASV81,23,Acartia (Acartiura) longiremis
edna0084,ASV34,motu31,Centropages abdominalis,Calanoid copepod,species,1,1,1,1,80,195,73,144,130,NA,224,Centropages abdominalis,Calanoid copepod,2018_manley_surface,manley,kelp,2018-07-16,NA,2018,surface,3,edna_manley_30,surface,biological,14.2,30.63,8.22,12.7,30.95,8.16,5.7,1000,0,51.80136642,-128.199517,rock,NA,NA,NA,macroalgae,macrocystis,macroalgae_rock,macrocystis_rock,100,1.96163e-160,313,Metazoa,Arthropoda,Copepoda,Calanoida,Centropagidae,Centropages,0,0,TRUE,ASV34,19,Centropages abdominalis
edna0084,ASV143,motu128,Centropages abdominalis,Calanoid copepod,species,1,1,NA,NA,80,201,NA,NA,NA,NA,NA,Centropages abdominalis,Calanoid copepod,2018_manley_surface,manley,kelp,2018-07-16,NA,2018,surface,3,edna_manley_30,surface,biological,14.2,30.63,8.22,12.7,30.95,8.16,5.7,1000,0,51.80136642,-128.199517,rock,NA,NA,NA,macroalgae,macrocystis,macroalgae_rock,macrocystis_rock,100,1.96163e-160,313,Metazoa,Arthropoda,Copepoda,Calanoida,Centropagidae,Centropages,0,0,TRUE,ASV143,11,Centropages abdominalis
edna0084,ASV258,motu228,Lensia,Siphonophore,genus,1,1,NA,NA,34,58,NA,NA,NA,NA,NA,Lensia,Siphonophore,2018_manley_surface,manley,kelp,2018-07-16,NA,2018,surface,3,edna_manley_30,surface,biological,14.2,30.63,8.22,12.7,30.95,8.16,5.7,1000,0,51.80136642,-128.199517,rock,NA,NA,NA,macroalgae,macrocystis,macroalgae_rock,macrocystis_rock,100,0.00408744,30,Metazoa,Cnidaria,Cnidaria,Siphonophorae,Diphyidae,Lensia,0,0,TRUE,ASV258,1,NA
edna0084,ASV131,motu117,Lensia,Siphonophore,genus,1,1,1,1,30,46,17,19,NA,NA,16,Lensia,Siphonophore,2018_manley_surface,manley,kelp,2018-07-16,NA,2018,surface,3,edna_manley_30,surface,biological,14.2,30.63,8.22,12.7,30.95,8.16,5.7,1000,0,51.80136642,-128.199517,rock,NA,NA,NA,macroalgae,macrocystis,macroalgae_rock,macrocystis_rock,100,0.00408744,30,Metazoa,Cnidaria,Cnidaria,Siphonophorae,Diphyidae,Lensia,0,0,TRUE,ASV131,2,NA
edna0084,ASV171,motu150,Pseudocalanus mimus,Calanoid copepod,species,1,1,1,1,176,260,217,183,255,NA,335,Pseudocalanus mimus,Calanoid copepod,2018_manley_surface,manley,kelp,2018-07-16,NA,2018,surface,3,edna_manley_30,surface,biological,14.2,30.63,8.22,12.7,30.95,8.16,5.7,1000,0,51.80136642,-128.199517,rock,NA,NA,NA,macroalgae,macrocystis,macroalgae_rock,macrocystis_rock,99.67,9.19139e-154,301,Metazoa,Arthropoda,Copepoda,Calanoida,Clausocalanidae,Pseudocalanus,0,0,TRUE,ASV171,10,Pseudocalanus mimus
edna0084,ASV343,motu303,Pseudocalanus mimus,Calanoid copepod,species,1,1,1,NA,152,317,15,NA,NA,NA,NA,Pseudocalanus mimus,Calanoid copepod,2018_manley_surface,manley,kelp,2018-07-16,NA,2018,surface,3,edna_manley_30,surface,biological,14.2,30.63,8.22,12.7,30.95,8.16,5.7,1000,0,51.80136642,-128.199517,rock,NA,NA,NA,macroalgae,macrocystis,macroalgae_rock,macrocystis_rock,99.67,9.19139e-154,301,Metazoa,Arthropoda,Copepoda,Calanoida,Clausocalanidae,Pseudocalanus,0,0,TRUE,ASV343,11,Pseudocalanus mimus
edna0084,ASV251,motu105,Mesocentrotus franciscanus,Red sea urchin,species,1,1,1,1,262,792,192,NA,422,NA,NA,Mesocentrotus franciscanus,Red sea urchin,2018_manley_surface,manley,kelp,2018-07-16,NA,2018,surface,3,edna_manley_30,surface,biological,14.2,30.63,8.22,12.7,30.95,8.16,5.7,1000,0,51.80136642,-128.199517,rock,NA,NA,NA,macroalgae,macrocystis,macroalgae_rock,macrocystis_rock,100,7.02982e-160,312,Metazoa,Echinodermata,Echinoidea,Camarodonta,Strongylocentrotidae,Mesocentrotus,0,0,TRUE,ASV118,8,Mesocentrotus franciscanus
edna0084,ASV307,motu118,Mesocentrotus franciscanus,Red sea urchin,species,1,1,1,1,232,776,157,92,90,NA,115,Mesocentrotus franciscanus,Red sea urchin,2018_manley_surface,manley,kelp,2018-07-16,NA,2018,surface,3,edna_manley_30,surface,biological,14.2,30.63,8.22,12.7,30.95,8.16,5.7,1000,0,51.80136642,-128.199517,rock,NA,NA,NA,macroalgae,macrocystis,macroalgae_rock,macrocystis_rock,100,7.02982e-160,312,Metazoa,Echinodermata,Echinoidea,Camarodonta,Strongylocentrotidae,Mesocentrotus,0,0,TRUE,ASV132,8,Mesocentrotus franciscanus
edna0084,ASV205,motu181,Pseudocalanus mimus,Calanoid copepod,species,1,1,1,1,43,84,62,60,65,NA,107,Pseudocalanus mimus,Calanoid copepod,2018_manley_surface,manley,kelp,2018-07-16,NA,2018,surface,3,edna_manley_30,surface,biological,14.2,30.63,8.22,12.7,30.95,8.16,5.7,1000,0,51.80136642,-128.199517,rock,NA,NA,NA,macroalgae,macrocystis,macroalgae_rock,macrocystis_rock,100,1.18898e-152,299,Metazoa,Arthropoda,Copepoda,Calanoida,Clausocalanidae,Pseudocalanus,0,0,TRUE,ASV205,8,Pseudocalanus mimus
edna0084,ASV416,motu366,Pseudocalanus mimus,Calanoid copepod,species,1,1,NA,NA,42,85,NA,NA,NA,NA,NA,Pseudocalanus mimus,Calanoid copepod,2018_manley_surface,manley,kelp,2018-07-16,NA,2018,surface,3,edna_manley_30,surface,biological,14.2,30.63,8.22,12.7,30.95,8.16,5.7,1000,0,51.80136642,-128.199517,rock,NA,NA,NA,macroalgae,macrocystis,macroalgae_rock,macrocystis_rock,100,1.18898e-152,299,Metazoa,Arthropoda,Copepoda,Calanoida,Clausocalanidae,Pseudocalanus,0,0,TRUE,ASV416,7,Pseudocalanus mimus
edna0084,ASV275,motu244,Ophiopholis kennerlyi,Daisy brittle star,species,1,1,NA,1,14,35,NA,NA,17,NA,NA,Ophiopholis kennerlyi,Daisy brittle star,2018_manley_surface,manley,kelp,2018-07-16,NA,2018,surface,3,edna_manley_30,surface,biological,14.2,30.63,8.22,12.7,30.95,8.16,5.7,1000,0,51.80136642,-128.199517,rock,NA,NA,NA,macroalgae,macrocystis,macroalgae_rock,macrocystis_rock,100,1.96163e-160,313,Metazoa,Echinodermata,Echinodermata,Amphilepidida,Ophiopholidae,Ophiopholis,0,0,TRUE,ASV275,7,Ophiopholis kennerlyi
edna0084,ASV603,motu529,Ophiopholis kennerlyi,Daisy brittle star,species,1,1,NA,NA,19,34,NA,NA,NA,NA,NA,Ophiopholis kennerlyi,Daisy brittle star,2018_manley_surface,manley,kelp,2018-07-16,NA,2018,surface,3,edna_manley_30,surface,biological,14.2,30.63,8.22,12.7,30.95,8.16,5.7,1000,0,51.80136642,-128.199517,rock,NA,NA,NA,macroalgae,macrocystis,macroalgae_rock,macrocystis_rock,100,1.96163e-160,313,Metazoa,Echinodermata,Echinodermata,Amphilepidida,Ophiopholidae,Ophiopholis,0,0,TRUE,ASV603,6,Ophiopholis kennerlyi
edna0084,ASV390,motu343,Dodecaceria,Cirratulid polychaete,genus,1,1,1,1,464,894,324,NA,962,NA,1415,Dodecaceria,Cirratulid polychaete,2018_manley_surface,manley,kelp,2018-07-16,NA,2018,surface,3,edna_manley_30,surface,biological,14.2,30.63,8.22,12.7,30.95,8.16,5.7,1000,0,51.80136642,-128.199517,rock,NA,NA,NA,macroalgae,macrocystis,macroalgae_rock,macrocystis_rock,100,1.96163e-160,313,Metazoa,Annelida,Polychaeta,Terebellida,Cirratulidae,Dodecaceria,0,0,TRUE,ASV390,6,NA
edna0084,ASV352,motu311,Synchaeta vorax,Rotifer,species,1,1,1,1,94,187,72,84,76,NA,114,Synchaeta vorax,Rotifer,2018_manley_surface,manley,kelp,2018-07-16,NA,2018,surface,3,edna_manley_30,surface,biological,14.2,30.63,8.22,12.7,30.95,8.16,5.7,1000,0,51.80136642,-128.199517,rock,NA,NA,NA,macroalgae,macrocystis,macroalgae_rock,macrocystis_rock,98.08,7.129989999999999e-150,294,Metazoa,Rotifera,Eurotatoria,Ploima,Synchaetidae,Synchaeta,0,0,TRUE,ASV352,4,Synchaeta vorax
edna0084,ASV322,motu283,Dodecaceria,Cirratulid polychaete,genus,1,1,1,1,380,799,271,852,802,NA,1276,Dodecaceria,Cirratulid polychaete,2018_manley_surface,manley,kelp,2018-07-16,NA,2018,surface,3,edna_manley_30,surface,biological,14.2,30.63,8.22,12.7,30.95,8.16,5.7,1000,0,51.80136642,-128.199517,rock,NA,NA,NA,macroalgae,macrocystis,macroalgae_rock,macrocystis_rock,100,1.96163e-160,313,Metazoa,Annelida,Polychaeta,Terebellida,Cirratulidae,Dodecaceria,0,0,TRUE,ASV322,5,NA
edna0084,ASV346,motu306,Synchaeta vorax,Rotifer,species,1,1,1,1,79,140,64,68,77,NA,90,Synchaeta vorax,Rotifer,2018_manley_surface,manley,kelp,2018-07-16,NA,2018,surface,3,edna_manley_30,surface,biological,14.2,30.63,8.22,12.7,30.95,8.16,5.7,1000,0,51.80136642,-128.199517,rock,NA,NA,NA,macroalgae,macrocystis,macroalgae_rock,macrocystis_rock,98.08,7.129989999999999e-150,294,Metazoa,Rotifera,Eurotatoria,Ploima,Synchaetidae,Synchaeta,0,0,TRUE,ASV346,5,Synchaeta vorax
edna0084,ASV739,motu643,Pseudocalanus mimus,Calanoid copepod,species,1,1,NA,NA,41,100,NA,NA,NA,NA,NA,Pseudocalanus mimus,Calanoid copepod,2018_manley_surface,manley,kelp,2018-07-16,NA,2018,surface,3,edna_manley_30,surface,biological,14.2,30.63,8.22,12.7,30.95,8.16,5.7,1000,0,51.80136642,-128.199517,rock,NA,NA,NA,macroalgae,macrocystis,macroalgae_rock,macrocystis_rock,99.67,9.19139e-154,301,Metazoa,Arthropoda,Copepoda,Calanoida,Clausocalanidae,Pseudocalanus,0,0,TRUE,ASV739,3,Pseudocalanus mimus
edna0084,ASV435,motu383,Pseudocalanus mimus,Calanoid copepod,species,1,1,NA,NA,26,79,NA,NA,NA,NA,NA,Pseudocalanus mimus,Calanoid copepod,2018_manley_surface,manley,kelp,2018-07-16,NA,2018,surface,3,edna_manley_30,surface,biological,14.2,30.63,8.22,12.7,30.95,8.16,5.7,1000,0,51.80136642,-128.199517,rock,NA,NA,NA,macroalgae,macrocystis,macroalgae_rock,macrocystis_rock,99.67,9.19139e-154,301,Metazoa,Arthropoda,Copepoda,Calanoida,Clausocalanidae,Pseudocalanus,0,0,TRUE,ASV435,4,Pseudocalanus mimus
edna0084,ASV1793,motu150,Pseudocalanus mimus,Calanoid copepod,species,1,NA,NA,NA,32,NA,NA,NA,NA,NA,NA,Pseudocalanus mimus,Calanoid copepod,2018_manley_surface,manley,kelp,2018-07-16,NA,2018,surface,3,edna_manley_30,surface,biological,14.2,30.63,8.22,12.7,30.95,8.16,5.7,1000,0,51.80136642,-128.199517,rock,NA,NA,NA,macroalgae,macrocystis,macroalgae_rock,macrocystis_rock,100,1.97556e-155,304,Metazoa,Arthropoda,Copepoda,Calanoida,Clausocalanidae,Pseudocalanus,0,0,TRUE,ASV171,10,Pseudocalanus mimus
edna0084,ASV1883,motu303,Pseudocalanus mimus,Calanoid copepod,species,1,NA,NA,NA,40,NA,NA,NA,NA,NA,NA,Pseudocalanus mimus,Calanoid copepod,2018_manley_surface,manley,kelp,2018-07-16,NA,2018,surface,3,edna_manley_30,surface,biological,14.2,30.63,8.22,12.7,30.95,8.16,5.7,1000,0,51.80136642,-128.199517,rock,NA,NA,NA,macroalgae,macrocystis,macroalgae_rock,macrocystis_rock,100,1.97556e-155,304,Metazoa,Arthropoda,Copepoda,Calanoida,Clausocalanidae,Pseudocalanus,0,0,TRUE,ASV343,11,Pseudocalanus mimus
edna0084,ASV716,motu622,Chone magna,Feather duster worm,species,1,1,1,1,50,133,53,73,65,NA,102,Chone magna,Feather duster worm,2018_manley_surface,manley,kelp,2018-07-16,NA,2018,surface,3,edna_manley_30,surface,biological,14.2,30.63,8.22,12.7,30.95,8.16,5.7,1000,0,51.80136642,-128.199517,rock,NA,NA,NA,macroalgae,macrocystis,macroalgae_rock,macrocystis_rock,100,1.96163e-160,313,Metazoa,Annelida,Polychaeta,Sabellida,Sabellidae,Chone,0,0,TRUE,ASV716,2,Chone magna
edna0084,ASV843,motu343,Dodecaceria,Cirratulid polychaete,genus,1,1,1,NA,152,468,157,NA,NA,NA,NA,Dodecaceria,Cirratulid polychaete,2018_manley_surface,manley,kelp,2018-07-16,NA,2018,surface,3,edna_manley_30,surface,biological,14.2,30.63,8.22,12.7,30.95,8.16,5.7,1000,0,51.80136642,-128.199517,rock,NA,NA,NA,macroalgae,macrocystis,macroalgae_rock,macrocystis_rock,99.68,9.126599999999999e-159,310,Metazoa,Annelida,Polychaeta,Terebellida,Cirratulidae,Dodecaceria,0,0,TRUE,ASV390,6,NA
edna0084,ASV1087,motu71,Acartia (Acartiura) longiremis,Calanoid copepod,species,1,1,NA,NA,31,80,NA,NA,NA,NA,NA,Acartia (Acartiura) longiremis,Calanoid copepod,2018_manley_surface,manley,kelp,2018-07-16,NA,2018,surface,3,edna_manley_30,surface,biological,14.2,30.63,8.22,12.7,30.95,8.16,5.7,1000,0,51.80136642,-128.199517,rock,NA,NA,NA,macroalgae,macrocystis,macroalgae_rock,macrocystis_rock,99.68,9.126599999999999e-159,310,Metazoa,Arthropoda,Copepoda,Calanoida,Acartiidae,Acartia,0,0,TRUE,ASV81,23,Acartia (Acartiura) longiremis
edna0084,ASV1062,motu914,Chone magna,Feather duster worm,species,1,1,NA,NA,48,107,NA,NA,NA,NA,NA,Chone magna,Feather duster worm,2018_manley_surface,manley,kelp,2018-07-16,NA,2018,surface,3,edna_manley_30,surface,biological,14.2,30.63,8.22,12.7,30.95,8.16,5.7,1000,0,51.80136642,-128.199517,rock,NA,NA,NA,macroalgae,macrocystis,macroalgae_rock,macrocystis_rock,100,1.96163e-160,313,Metazoa,Annelida,Polychaeta,Sabellida,Sabellidae,Chone,0,0,TRUE,ASV1062,2,Chone magna
edna0084,ASV880,motu441,Clytia gregaria,Gregarious jellyfish,species,1,1,1,1,27,38,18,NA,72,NA,95,Clytia gregaria,Gregarious jellyfish,2018_manley_surface,manley,kelp,2018-07-16,NA,2018,surface,3,edna_manley_30,surface,biological,14.2,30.63,8.22,12.7,30.95,8.16,5.7,1000,0,51.80136642,-128.199517,rock,NA,NA,NA,macroalgae,macrocystis,macroalgae_rock,macrocystis_rock,99.36,4.246189999999999e-157,307,Metazoa,Cnidaria,Cnidaria,Leptothecata,Campanulariidae,Clytia,0,0,TRUE,ASV498,2,Clytia gregaria
edna0084,ASV1027,motu889,Balanus nubilus,Giant acorn barnacle,species,1,1,1,1,58,133,68,93,NA,NA,137,Balanus nubilus,Giant acorn barnacle,2018_manley_surface,manley,kelp,2018-07-16,NA,2018,surface,3,edna_manley_30,surface,biological,14.2,30.63,8.22,12.7,30.95,8.16,5.7,1000,0,51.80136642,-128.199517,rock,NA,NA,NA,macroalgae,macrocystis,macroalgae_rock,macrocystis_rock,99.04,1.97556e-155,304,Metazoa,Arthropoda,Thecostraca,Balanomorpha,Balanidae,Balanus,0,0,TRUE,ASV1027,1,Balanus nubilus
edna0084,ASV583,motu283,Dodecaceria,Cirratulid polychaete,genus,1,1,1,1,166,345,160,342,325,NA,658,Dodecaceria,Cirratulid polychaete,2018_manley_surface,manley,kelp,2018-07-16,NA,2018,surface,3,edna_manley_30,surface,biological,14.2,30.63,8.22,12.7,30.95,8.16,5.7,1000,0,51.80136642,-128.199517,rock,NA,NA,NA,macroalgae,macrocystis,macroalgae_rock,macrocystis_rock,100,1.96163e-160,313,Metazoa,Annelida,Polychaeta,Terebellida,Cirratulidae,Dodecaceria,0,0,TRUE,ASV322,5,NA
edna0084,ASV542,motu476,Phascolosoma (Phascolosoma) agassizii,Agassiz peanut worm,species,1,NA,1,1,20,NA,14,17,20,NA,18,Phascolosoma (Phascolosoma) agassizii,Agassiz peanut worm,2018_manley_surface,manley,kelp,2018-07-16,NA,2018,surface,3,edna_manley_30,surface,biological,14.2,30.63,8.22,12.7,30.95,8.16,5.7,1000,0,51.80136642,-128.199517,rock,NA,NA,NA,macroalgae,macrocystis,macroalgae_rock,macrocystis_rock,100,1.96163e-160,313,Metazoa,Annelida,NA,Sipuncula,Phascolosomatidae,Phascolosoma,0,0,TRUE,ASV542,4,Phascolosoma (Phascolosoma) agassizii
edna0084,ASV733,motu637,Phyllodocida,Polychaete,order,1,1,1,NA,19,17,7,NA,NA,NA,NA,Phyllodocida,Polychaete,2018_manley_surface,manley,kelp,2018-07-16,NA,2018,surface,3,edna_manley_30,surface,biological,14.2,30.63,8.22,12.7,30.95,8.16,5.7,1000,0,51.80136642,-128.199517,rock,NA,NA,NA,macroalgae,macrocystis,macroalgae_rock,macrocystis_rock,100,0.0603188,28,Metazoa,Annelida,Annelida,Phyllodocida,NA,NA,0,0,TRUE,ASV733,1,NA
edna0084,ASV695,motu605,Dodecaceria,Cirratulid polychaete,genus,1,1,1,1,162,409,112,422,NA,NA,668,Dodecaceria,Cirratulid polychaete,2018_manley_surface,manley,kelp,2018-07-16,NA,2018,surface,3,edna_manley_30,surface,biological,14.2,30.63,8.22,12.7,30.95,8.16,5.7,1000,0,51.80136642,-128.199517,rock,NA,NA,NA,macroalgae,macrocystis,macroalgae_rock,macrocystis_rock,100,1.96163e-160,313,Metazoa,Annelida,Polychaeta,Terebellida,Cirratulidae,Dodecaceria,0,0,TRUE,ASV695,1,NA
edna0084,ASV500,motu283,Dodecaceria,Cirratulid polychaete,genus,1,1,1,1,147,440,147,413,394,NA,668,Dodecaceria,Cirratulid polychaete,2018_manley_surface,manley,kelp,2018-07-16,NA,2018,surface,3,edna_manley_30,surface,biological,14.2,30.63,8.22,12.7,30.95,8.16,5.7,1000,0,51.80136642,-128.199517,rock,NA,NA,NA,macroalgae,macrocystis,macroalgae_rock,macrocystis_rock,99.68,9.126599999999999e-159,310,Metazoa,Annelida,Polychaeta,Terebellida,Cirratulidae,Dodecaceria,0,0,TRUE,ASV322,5,NA
edna0084,ASV558,motu491,Pseudocalanus mimus,Calanoid copepod,species,1,1,1,1,30,50,35,NA,NA,NA,105,Pseudocalanus mimus,Calanoid copepod,2018_manley_surface,manley,kelp,2018-07-16,NA,2018,surface,3,edna_manley_30,surface,biological,14.2,30.63,8.22,12.7,30.95,8.16,5.7,1000,0,51.80136642,-128.199517,rock,NA,NA,NA,macroalgae,macrocystis,macroalgae_rock,macrocystis_rock,100,7.1053799999999944e-155,303,Metazoa,Arthropoda,Copepoda,Calanoida,Clausocalanidae,Pseudocalanus,0,0,TRUE,ASV558,1,Pseudocalanus mimus
edna0084,ASV1359,motu895,Clytia gregaria,Gregarious jellyfish,species,1,1,NA,NA,20,43,NA,NA,NA,NA,NA,Clytia gregaria,Gregarious jellyfish,2018_manley_surface,manley,kelp,2018-07-16,NA,2018,surface,3,edna_manley_30,surface,biological,14.2,30.63,8.22,12.7,30.95,8.16,5.7,1000,0,51.80136642,-128.199517,rock,NA,NA,NA,macroalgae,macrocystis,macroalgae_rock,macrocystis_rock,99.36,4.246189999999999e-157,307,Metazoa,Cnidaria,Cnidaria,Leptothecata,Campanulariidae,Clytia,0,0,TRUE,ASV1038,2,Clytia gregaria
edna0084,ASV320,motu281,Pseudocalanus newmani,Calanoid copepod,species,1,1,1,1,17,41,16,35,41,NA,35,Pseudocalanus newmani,Calanoid copepod,2018_manley_surface,manley,kelp,2018-07-16,NA,2018,surface,3,edna_manley_30,surface,biological,14.2,30.63,8.22,12.7,30.95,8.16,5.7,1000,0,51.80136642,-128.199517,rock,NA,NA,NA,macroalgae,macrocystis,macroalgae_rock,macrocystis_rock,100,1.96163e-160,313,Metazoa,Arthropoda,Copepoda,Calanoida,Clausocalanidae,Pseudocalanus,0,0,TRUE,ASV320,6,Pseudocalanus newmani
edna0084,ASV1013,motu876,Orobdella,Freshwater leech,genus,1,1,NA,1,7,17,NA,24,NA,NA,NA,Orobdella,Freshwater leech,2018_manley_surface,manley,kelp,2018-07-16,NA,2018,surface,3,edna_manley_30,surface,biological,14.2,30.63,8.22,12.7,30.95,8.16,5.7,1000,0,51.80136642,-128.199517,rock,NA,NA,NA,macroalgae,macrocystis,macroalgae_rock,macrocystis_rock,97.06,0.00121031,31,Metazoa,Annelida,Annelida,Erpobdelliformes,Orobdellidae,Orobdella,NA,NA,TRUE,ASV1013,1,NA
edna0084,ASV1526,motu1287,Myxicola aesthetica,Feather duster worm,species,1,1,NA,NA,35,84,NA,NA,NA,NA,NA,Myxicola aesthetica,Feather duster worm,2018_manley_surface,manley,kelp,2018-07-16,NA,2018,surface,3,edna_manley_30,surface,biological,14.2,30.63,8.22,12.7,30.95,8.16,5.7,1000,0,51.80136642,-128.199517,rock,NA,NA,NA,macroalgae,macrocystis,macroalgae_rock,macrocystis_rock,100,1.96163e-160,313,Metazoa,Annelida,Polychaeta,Sabellida,Sabellidae,Myxicola,0,0,TRUE,ASV1526,2,Myxicola aesthetica
edna0084,ASV1384,motu1168,Membranipora membranacea,Coffin box bryozoan,species,1,1,NA,NA,6,21,NA,NA,NA,NA,NA,Membranipora membranacea,Coffin box bryozoan,2018_manley_surface,manley,kelp,2018-07-16,NA,2018,surface,3,edna_manley_30,surface,biological,14.2,30.63,8.22,12.7,30.95,8.16,5.7,1000,0,51.80136642,-128.199517,rock,NA,NA,NA,macroalgae,macrocystis,macroalgae_rock,macrocystis_rock,100,9.252979999999995e-139,274,Metazoa,Bryozoa,Gymnolaemata,Cheilostomatida,Membraniporidae,Membranipora,0,0,TRUE,ASV1384,2,Membranipora membranacea
edna0084,ASV1374,motu1160,Ergasilida,Cyclopoid copepod,order,1,1,NA,NA,59,178,NA,NA,NA,NA,NA,Ergasilida,Cyclopoid copepod,2018_manley_surface,manley,kelp,2018-07-16,NA,2018,surface,3,edna_manley_30,surface,biological,14.2,30.63,8.22,12.7,30.95,8.16,5.7,1000,0,51.80136642,-128.199517,rock,NA,NA,NA,macroalgae,macrocystis,macroalgae_rock,macrocystis_rock,100,1.96163e-160,313,Metazoa,Arthropoda,Copepoda,Cyclopoida,NA,NA,0,0,FALSE,ASV1374,1,NA
edna0084,ASV1635,motu394,Balanus glandula,Acorn barnacle,species,1,1,NA,NA,47,78,NA,NA,NA,NA,NA,Balanus glandula,Acorn barnacle,2018_manley_surface,manley,kelp,2018-07-16,NA,2018,surface,3,edna_manley_30,surface,biological,14.2,30.63,8.22,12.7,30.95,8.16,5.7,1000,0,51.80136642,-128.199517,rock,NA,NA,NA,macroalgae,macrocystis,macroalgae_rock,macrocystis_rock,99.68,1.5051499999999994e-156,306,Metazoa,Arthropoda,Thecostraca,Balanomorpha,Balanidae,Balanus,0,0,TRUE,ASV447,12,Balanus glandula
edna0084,ASV966,motu213,Balanus glandula,Acorn barnacle,species,1,1,1,1,41,83,46,75,75,NA,75,Balanus glandula,Acorn barnacle,2018_manley_surface,manley,kelp,2018-07-16,NA,2018,surface,3,edna_manley_30,surface,biological,14.2,30.63,8.22,12.7,30.95,8.16,5.7,1000,0,51.80136642,-128.199517,rock,NA,NA,NA,macroalgae,macrocystis,macroalgae_rock,macrocystis_rock,99.68,1.5051499999999994e-156,306,Metazoa,Arthropoda,Thecostraca,Balanomorpha,Balanidae,Balanus,0,0,TRUE,ASV242,15,Balanus glandula
edna0084,ASV939,motu816,Ergasilida,Cyclopoid copepod,order,1,1,1,1,74,155,67,45,56,NA,65,Ergasilida,Cyclopoid copepod,2018_manley_surface,manley,kelp,2018-07-16,NA,2018,surface,3,edna_manley_30,surface,biological,14.2,30.63,8.22,12.7,30.95,8.16,5.7,1000,0,51.80136642,-128.199517,rock,NA,NA,NA,macroalgae,macrocystis,macroalgae_rock,macrocystis_rock,100,1.96163e-160,313,Metazoa,Arthropoda,Copepoda,Cyclopoida,NA,NA,0,0,FALSE,ASV939,1,NA
edna0084,ASV1531,motu1291,Halosydna brevisetosa,Shortscaled worm,species,1,1,NA,NA,60,133,NA,NA,NA,NA,NA,Halosydna brevisetosa,Shortscaled worm,2018_manley_surface,manley,kelp,2018-07-16,NA,2018,surface,3,edna_manley_30,surface,biological,14.2,30.63,8.22,12.7,30.95,8.16,5.7,1000,0,51.80136642,-128.199517,rock,NA,NA,NA,macroalgae,macrocystis,macroalgae_rock,macrocystis_rock,100,1.96163e-160,313,Metazoa,Annelida,Polychaeta,Phyllodocida,Polynoidae,Halosydna,0,0,TRUE,ASV1531,1,Halosydna brevisetosa
edna0084,ASV2327,motu1915,Balanus nubilus,Giant acorn barnacle,species,1,NA,NA,NA,70,NA,NA,NA,NA,NA,NA,Balanus nubilus,Giant acorn barnacle,2018_manley_surface,manley,kelp,2018-07-16,NA,2018,surface,3,edna_manley_30,surface,biological,14.2,30.63,8.22,12.7,30.95,8.16,5.7,1000,0,51.80136642,-128.199517,rock,NA,NA,NA,macroalgae,macrocystis,macroalgae_rock,macrocystis_rock,99.03,3.258079999999998e-153,300,Metazoa,Arthropoda,Thecostraca,Balanomorpha,Balanidae,Balanus,0,0,TRUE,ASV2327,1,Balanus nubilus
edna0084,ASV801,motu697,Micropodarke dubia,Hesionid polychaete,species,1,1,1,1,16,38,13,161,219,NA,236,Micropodarke dubia,Hesionid polychaete,2018_manley_surface,manley,kelp,2018-07-16,NA,2018,surface,3,edna_manley_30,surface,biological,14.2,30.63,8.22,12.7,30.95,8.16,5.7,1000,0,51.80136642,-128.199517,rock,NA,NA,NA,macroalgae,macrocystis,macroalgae_rock,macrocystis_rock,100,1.96163e-160,313,Metazoa,Annelida,Polychaeta,Phyllodocida,Hesionidae,Micropodarke,0,0,TRUE,ASV801,2,Micropodarke dubia
edna0084,ASV1742,motu1454,Micropodarke dubia,Hesionid polychaete,species,1,1,NA,NA,20,29,NA,NA,NA,NA,NA,Micropodarke dubia,Hesionid polychaete,2018_manley_surface,manley,kelp,2018-07-16,NA,2018,surface,3,edna_manley_30,surface,biological,14.2,30.63,8.22,12.7,30.95,8.16,5.7,1000,0,51.80136642,-128.199517,rock,NA,NA,NA,macroalgae,macrocystis,macroalgae_rock,macrocystis_rock,100,1.96163e-160,313,Metazoa,Annelida,Polychaeta,Phyllodocida,Hesionidae,Micropodarke,0,0,TRUE,ASV1742,2,Micropodarke dubia
edna0084,ASV1125,motu968,Halosydna brevisetosa,Shortscaled worm,species,1,1,1,1,48,116,48,57,64,NA,NA,Halosydna brevisetosa,Shortscaled worm,2018_manley_surface,manley,kelp,2018-07-16,NA,2018,surface,3,edna_manley_30,surface,biological,14.2,30.63,8.22,12.7,30.95,8.16,5.7,1000,0,51.80136642,-128.199517,rock,NA,NA,NA,macroalgae,macrocystis,macroalgae_rock,macrocystis_rock,100,1.96163e-160,313,Metazoa,Annelida,Polychaeta,Phyllodocida,Polynoidae,Halosydna,0,0,TRUE,ASV1125,1,Halosydna brevisetosa
edna0084,ASV1168,motu1001,Anthopleura elegantissima,Aggregating anemone,species,1,1,1,1,10,12,6,45,45,NA,93,Anthopleura elegantissima,Aggregating anemone,2018_manley_surface,manley,kelp,2018-07-16,NA,2018,surface,3,edna_manley_30,surface,biological,14.2,30.63,8.22,12.7,30.95,8.16,5.7,1000,0,51.80136642,-128.199517,rock,NA,NA,NA,macroalgae,macrocystis,macroalgae_rock,macrocystis_rock,100,1.96163e-160,313,Metazoa,Cnidaria,Cnidaria,Actiniaria,Actiniidae,Anthopleura,0,0,TRUE,ASV1168,1,Anthopleura elegantissima
edna0084,ASV1988,motu1648,Emplectonema viride,Green ribbon worm,species,1,1,NA,NA,73,185,NA,NA,NA,NA,NA,Emplectonema viride,Green ribbon worm,2018_manley_surface,manley,kelp,2018-07-16,NA,2018,surface,3,edna_manley_30,surface,biological,14.2,30.63,8.22,12.7,30.95,8.16,5.7,1000,0,51.80136642,-128.199517,rock,NA,NA,NA,macroalgae,macrocystis,macroalgae_rock,macrocystis_rock,100,1.96163e-160,313,Metazoa,Nemertea,Hoplonemertea,Monostilifera,Emplectonematidae,Emplectonema,0,0,TRUE,ASV1988,1,Emplectonema viride
edna0084,ASV2147,motu1769,Asteriidae,Sea star,family,1,1,NA,NA,11,26,NA,NA,NA,NA,NA,Asteriidae,Sea star,2018_manley_surface,manley,kelp,2018-07-16,NA,2018,surface,3,edna_manley_30,surface,biological,14.2,30.63,8.22,12.7,30.95,8.16,5.7,1000,0,51.80136642,-128.199517,rock,NA,NA,NA,macroalgae,macrocystis,macroalgae_rock,macrocystis_rock,100,1.96163e-160,313,Metazoa,Echinodermata,Echinodermata,Forcipulatida,Asteriidae,NA,0,0,TRUE,ASV2147,1,NA
edna0084,ASV1068,motu920,Arthropoda,Unknown arthropod,phylum,1,1,1,NA,5,4,4,NA,NA,NA,NA,Arthropoda,Unknown arthropod,2018_manley_surface,manley,kelp,2018-07-16,NA,2018,surface,3,edna_manley_30,surface,biological,14.2,30.63,8.22,12.7,30.95,8.16,5.7,1000,0,51.80136642,-128.199517,rock,NA,NA,NA,macroalgae,macrocystis,macroalgae_rock,macrocystis_rock,94.87,8.78538e-5,33,Metazoa,Arthropoda,NA,NA,NA,NA,NA,NA,TRUE,ASV1068,4,NA
edna0084,ASV1091,motu939,Emplectonema viride,Green ribbon worm,species,1,1,1,1,65,141,72,164,130,NA,212,Emplectonema viride,Green ribbon worm,2018_manley_surface,manley,kelp,2018-07-16,NA,2018,surface,3,edna_manley_30,surface,biological,14.2,30.63,8.22,12.7,30.95,8.16,5.7,1000,0,51.80136642,-128.199517,rock,NA,NA,NA,macroalgae,macrocystis,macroalgae_rock,macrocystis_rock,100,1.96163e-160,313,Metazoa,Nemertea,Hoplonemertea,Monostilifera,Emplectonematidae,Emplectonema,0,0,TRUE,ASV1091,1,Emplectonema viride
edna0084,ASV2352,motu1933,Tubulanus sexlineatus,Six lined ribbon worm,species,1,1,NA,NA,3,2,NA,NA,NA,NA,NA,Tubulanus sexlineatus,Six lined ribbon worm,2018_manley_surface,manley,kelp,2018-07-16,NA,2018,surface,3,edna_manley_30,surface,biological,14.2,30.63,8.22,12.7,30.95,8.16,5.7,1000,0,51.80136642,-128.199517,rock,NA,NA,NA,macroalgae,macrocystis,macroalgae_rock,macrocystis_rock,100,1.96163e-160,313,Metazoa,Nemertea,Palaeonemertea,Tubulaniformes,Tubulanidae,Tubulanus,0,0,TRUE,ASV2352,1,Tubulanus sexlineatus
edna0084,ASV1870,motu1556,Dodecaceria,Cirratulid polychaete,genus,1,1,NA,NA,33,62,NA,NA,NA,NA,NA,Dodecaceria,Cirratulid polychaete,2018_manley_surface,manley,kelp,2018-07-16,NA,2018,surface,3,edna_manley_30,surface,biological,14.2,30.63,8.22,12.7,30.95,8.16,5.7,1000,0,51.80136642,-128.199517,rock,NA,NA,NA,macroalgae,macrocystis,macroalgae_rock,macrocystis_rock,100,1.96163e-160,313,Metazoa,Annelida,Polychaeta,Terebellida,Cirratulidae,Dodecaceria,0,0,TRUE,ASV1870,5,NA
edna0084,ASV1082,motu932,Obelia dichotoma,Sea thread hydroid,species,1,1,1,1,8,20,11,53,58,NA,105,Obelia dichotoma,Sea thread hydroid,2018_manley_surface,manley,kelp,2018-07-16,NA,2018,surface,3,edna_manley_30,surface,biological,14.2,30.63,8.22,12.7,30.95,8.16,5.7,1000,0,51.80136642,-128.199517,rock,NA,NA,NA,macroalgae,macrocystis,macroalgae_rock,macrocystis_rock,100,5.353989999999996e-156,305,Metazoa,Cnidaria,Hydrozoa,Leptothecata,Campanulariidae,Obelia,0,0,TRUE,ASV1082,1,Obelia dichotoma
edna0084,ASV1417,motu383,Pseudocalanus mimus,Calanoid copepod,species,1,1,1,1,26,77,58,66,53,NA,98,Pseudocalanus mimus,Calanoid copepod,2018_manley_surface,manley,kelp,2018-07-16,NA,2018,surface,3,edna_manley_30,surface,biological,14.2,30.63,8.22,12.7,30.95,8.16,5.7,1000,0,51.80136642,-128.199517,rock,NA,NA,NA,macroalgae,macrocystis,macroalgae_rock,macrocystis_rock,100,1.18898e-152,299,Metazoa,Arthropoda,Copepoda,Calanoida,Clausocalanidae,Pseudocalanus,0,0,TRUE,ASV435,4,Pseudocalanus mimus
edna0084,ASV4165,motu1590,Haliotis kamtschatkana,Northern abalone,species,1,NA,NA,NA,63,NA,NA,NA,NA,NA,NA,Haliotis kamtschatkana,Northern abalone,2018_manley_surface,manley,kelp,2018-07-16,NA,2018,surface,3,edna_manley_30,surface,biological,14.2,30.63,8.22,12.7,30.95,8.16,5.7,1000,0,51.80136642,-128.199517,rock,NA,NA,NA,macroalgae,macrocystis,macroalgae_rock,macrocystis_rock,99.68,3.2706599999999985e-158,309,Metazoa,Mollusca,Mollusca,Lepetellida,Haliotidae,Haliotis,0,0,TRUE,ASV1911,6,Haliotis kamtschatkana
edna0084,ASV1570,motu1323,Pleurobrachia bachei,Pacific sea gooseberry,species,1,NA,NA,1,4,NA,NA,5,3,NA,NA,Pleurobrachia bachei,Pacific sea gooseberry,2018_manley_surface,manley,kelp,2018-07-16,NA,2018,surface,3,edna_manley_30,surface,biological,14.2,30.63,8.22,12.7,30.95,8.16,5.7,1000,0,51.80136642,-128.199517,rock,NA,NA,NA,macroalgae,macrocystis,macroalgae_rock,macrocystis_rock,99.68,9.126599999999999e-159,310,Metazoa,Ctenophora,Tentaculata,Cydippida,Cydippidae,Pleurobrachia,0,0,TRUE,ASV1570,1,Pleurobrachia bachei
edna0084,ASV2203,motu1819,Obelia dichotoma,Sea thread hydroid,species,1,1,NA,NA,11,20,NA,NA,NA,NA,NA,Obelia dichotoma,Sea thread hydroid,2018_manley_surface,manley,kelp,2018-07-16,NA,2018,surface,3,edna_manley_30,surface,biological,14.2,30.63,8.22,12.7,30.95,8.16,5.7,1000,0,51.80136642,-128.199517,rock,NA,NA,NA,macroalgae,macrocystis,macroalgae_rock,macrocystis_rock,100,5.353989999999996e-156,305,Metazoa,Cnidaria,Hydrozoa,Leptothecata,Campanulariidae,Obelia,0,0,TRUE,ASV2203,1,Obelia dichotoma
edna0084,ASV3205,motu150,Pseudocalanus mimus,Calanoid copepod,species,1,1,NA,NA,20,41,NA,NA,NA,NA,NA,Pseudocalanus mimus,Calanoid copepod,2018_manley_surface,manley,kelp,2018-07-16,NA,2018,surface,3,edna_manley_30,surface,biological,14.2,30.63,8.22,12.7,30.95,8.16,5.7,1000,0,51.80136642,-128.199517,rock,NA,NA,NA,macroalgae,macrocystis,macroalgae_rock,macrocystis_rock,99.67,9.19139e-154,301,Metazoa,Arthropoda,Copepoda,Calanoida,Clausocalanidae,Pseudocalanus,0,0,TRUE,ASV171,10,Pseudocalanus mimus
edna0084,ASV2979,motu366,Pseudocalanus mimus,Calanoid copepod,species,1,1,NA,NA,47,100,NA,NA,NA,NA,NA,Pseudocalanus mimus,Calanoid copepod,2018_manley_surface,manley,kelp,2018-07-16,NA,2018,surface,3,edna_manley_30,surface,biological,14.2,30.63,8.22,12.7,30.95,8.16,5.7,1000,0,51.80136642,-128.199517,rock,NA,NA,NA,macroalgae,macrocystis,macroalgae_rock,macrocystis_rock,99.67,5.531789999999998e-151,296,Metazoa,Arthropoda,Copepoda,Calanoida,Clausocalanidae,Pseudocalanus,0,0,TRUE,ASV416,7,Pseudocalanus mimus
edna0084,ASV2407,motu643,Pseudocalanus mimus,Calanoid copepod,species,1,1,NA,NA,43,116,NA,NA,NA,NA,NA,Pseudocalanus mimus,Calanoid copepod,2018_manley_surface,manley,kelp,2018-07-16,NA,2018,surface,3,edna_manley_30,surface,biological,14.2,30.63,8.22,12.7,30.95,8.16,5.7,1000,0,51.80136642,-128.199517,rock,NA,NA,NA,macroalgae,macrocystis,macroalgae_rock,macrocystis_rock,100,1.18898e-152,299,Metazoa,Arthropoda,Copepoda,Calanoida,Clausocalanidae,Pseudocalanus,0,0,TRUE,ASV739,3,Pseudocalanus mimus
edna0084,ASV4787,motu303,Pseudocalanus mimus,Calanoid copepod,species,1,NA,NA,NA,11,NA,NA,NA,NA,NA,NA,Pseudocalanus mimus,Calanoid copepod,2018_manley_surface,manley,kelp,2018-07-16,NA,2018,surface,3,edna_manley_30,surface,biological,14.2,30.63,8.22,12.7,30.95,8.16,5.7,1000,0,51.80136642,-128.199517,rock,NA,NA,NA,macroalgae,macrocystis,macroalgae_rock,macrocystis_rock,99.67,9.19139e-154,301,Metazoa,Arthropoda,Copepoda,Calanoida,Clausocalanidae,Pseudocalanus,0,0,TRUE,ASV343,11,Pseudocalanus mimus
edna0084,ASV3221,motu2578,Nudibranchia,Nudibranch species,order,1,NA,NA,NA,3,NA,NA,NA,NA,NA,NA,Nudibranchia,Nudibranch species,2018_manley_surface,manley,kelp,2018-07-16,NA,2018,surface,3,edna_manley_30,surface,biological,14.2,30.63,8.22,12.7,30.95,8.16,5.7,1000,0,51.80136642,-128.199517,rock,NA,NA,NA,macroalgae,macrocystis,macroalgae_rock,macrocystis_rock,100,1.96163e-160,313,Metazoa,Mollusca,Mollusca,Nudibranchia,NA,NA,0,0,TRUE,ASV3221,1,NA
edna0084,ASV1937,motu181,Pseudocalanus mimus,Calanoid copepod,species,1,1,1,1,38,94,53,46,67,NA,79,Pseudocalanus mimus,Calanoid copepod,2018_manley_surface,manley,kelp,2018-07-16,NA,2018,surface,3,edna_manley_30,surface,biological,14.2,30.63,8.22,12.7,30.95,8.16,5.7,1000,0,51.80136642,-128.199517,rock,NA,NA,NA,macroalgae,macrocystis,macroalgae_rock,macrocystis_rock,99.67,5.531789999999998e-151,296,Metazoa,Arthropoda,Copepoda,Calanoida,Clausocalanidae,Pseudocalanus,0,0,TRUE,ASV205,8,Pseudocalanus mimus
edna0084,ASV3448,motu366,Pseudocalanus mimus,Calanoid copepod,species,1,1,NA,NA,36,68,NA,NA,NA,NA,NA,Pseudocalanus mimus,Calanoid copepod,2018_manley_surface,manley,kelp,2018-07-16,NA,2018,surface,3,edna_manley_30,surface,biological,14.2,30.63,8.22,12.7,30.95,8.16,5.7,1000,0,51.80136642,-128.199517,rock,NA,NA,NA,macroalgae,macrocystis,macroalgae_rock,macrocystis_rock,99.67,5.531789999999998e-151,296,Metazoa,Arthropoda,Copepoda,Calanoida,Clausocalanidae,Pseudocalanus,0,0,TRUE,ASV416,7,Pseudocalanus mimus
edna0084,ASV2796,motu2259,Strongylocentrotus purpuratus,Purple sea urchin,species,1,1,NA,NA,3,24,NA,NA,NA,NA,NA,Strongylocentrotus purpuratus,Purple sea urchin,2018_manley_surface,manley,kelp,2018-07-16,NA,2018,surface,3,edna_manley_30,surface,biological,14.2,30.63,8.22,12.7,30.95,8.16,5.7,1000,0,51.80136642,-128.199517,rock,NA,NA,NA,macroalgae,macrocystis,macroalgae_rock,macrocystis_rock,100,1.96163e-160,313,Metazoa,Echinodermata,Echinoidea,Camarodonta,Strongylocentrotidae,Strongylocentrotus,0,0,TRUE,ASV2796,2,Strongylocentrotus purpuratus
edna0084,ASV2771,motu2240,Synchaeta vorax,Rotifer,species,1,NA,1,1,33,NA,21,32,41,NA,48,Synchaeta vorax,Rotifer,2018_manley_surface,manley,kelp,2018-07-16,NA,2018,surface,3,edna_manley_30,surface,biological,14.2,30.63,8.22,12.7,30.95,8.16,5.7,1000,0,51.80136642,-128.199517,rock,NA,NA,NA,macroalgae,macrocystis,macroalgae_rock,macrocystis_rock,97.12,7.180609999999995e-145,285,Metazoa,Rotifera,Eurotatoria,Ploima,Synchaetidae,Synchaeta,0,0,TRUE,ASV2771,1,Synchaeta vorax
edna0084,ASV2583,motu2096,Synchaeta vorax,Rotifer,species,1,1,1,1,33,75,23,30,42,NA,NA,Synchaeta vorax,Rotifer,2018_manley_surface,manley,kelp,2018-07-16,NA,2018,surface,3,edna_manley_30,surface,biological,14.2,30.63,8.22,12.7,30.95,8.16,5.7,1000,0,51.80136642,-128.199517,rock,NA,NA,NA,macroalgae,macrocystis,macroalgae_rock,macrocystis_rock,97.12,7.180609999999995e-145,285,Metazoa,Rotifera,Eurotatoria,Ploima,Synchaetidae,Synchaeta,0,0,TRUE,ASV2583,1,Synchaeta vorax
edna0084,ASV1921,motu1598,Humilaria kennerleyi,Kennerleys venus,species,1,1,NA,NA,9,24,NA,NA,NA,NA,NA,Humilaria kennerleyi,Kennerleys venus,2018_manley_surface,manley,kelp,2018-07-16,NA,2018,surface,3,edna_manley_30,surface,biological,14.2,30.63,8.22,12.7,30.95,8.16,5.7,1000,0,51.80136642,-128.199517,rock,NA,NA,NA,macroalgae,macrocystis,macroalgae_rock,macrocystis_rock,100,1.96163e-160,313,Metazoa,Mollusca,Bivalvia,Venerida,Veneridae,Humilaria,0,0,TRUE,ASV1921,2,Humilaria kennerleyi
edna0084,ASV1714,motu1432,Pleurobrachia bachei,Pacific sea gooseberry,species,1,NA,1,1,6,NA,2,NA,NA,NA,3,Pleurobrachia bachei,Pacific sea gooseberry,2018_manley_surface,manley,kelp,2018-07-16,NA,2018,surface,3,edna_manley_30,surface,biological,14.2,30.63,8.22,12.7,30.95,8.16,5.7,1000,0,51.80136642,-128.199517,rock,NA,NA,NA,macroalgae,macrocystis,macroalgae_rock,macrocystis_rock,99.68,9.126599999999999e-159,310,Metazoa,Ctenophora,Tentaculata,Cydippida,Cydippidae,Pleurobrachia,0,0,TRUE,ASV1714,1,Pleurobrachia bachei
edna0084,ASV2413,motu1971,Ferkeria,Other arachnid,genus,1,1,1,1,3,10,4,3,NA,NA,7,Ferkeria,Other arachnid,2018_manley_surface,manley,kelp,2018-07-16,NA,2018,surface,3,edna_manley_30,surface,biological,14.2,30.63,8.22,12.7,30.95,8.16,5.7,1000,0,51.80136642,-128.199517,rock,NA,NA,NA,macroalgae,macrocystis,macroalgae_rock,macrocystis_rock,97.06,0.00112005,31,Metazoa,Arthropoda,Arthropoda,Grassatores,NA,Ferkeria,NA,NA,TRUE,ASV2413,1,NA
edna0084,ASV2335,motu1921,Ferkeria,Other arachnid,genus,1,1,1,1,5,14,3,6,NA,NA,NA,Ferkeria,Other arachnid,2018_manley_surface,manley,kelp,2018-07-16,NA,2018,surface,3,edna_manley_30,surface,biological,14.2,30.63,8.22,12.7,30.95,8.16,5.7,1000,0,51.80136642,-128.199517,rock,NA,NA,NA,macroalgae,macrocystis,macroalgae_rock,macrocystis_rock,97.06,0.00112005,31,Metazoa,Arthropoda,Arthropoda,Grassatores,NA,Ferkeria,NA,NA,TRUE,ASV2335,1,NA
edna0084,ASV3295,motu2629,Malmgreniella nigralba,Scale worm,species,1,1,NA,1,6,8,NA,12,8,NA,17,Malmgreniella nigralba,Scale worm,2018_manley_surface,manley,kelp,2018-07-16,NA,2018,surface,3,edna_manley_30,surface,biological,14.2,30.63,8.22,12.7,30.95,8.16,5.7,1000,0,51.80136642,-128.199517,rock,NA,NA,NA,macroalgae,macrocystis,macroalgae_rock,macrocystis_rock,100,2.5555499999999983e-154,302,Metazoa,Annelida,Polychaeta,Phyllodocida,Polynoidae,Malmgreniella,0,0,TRUE,ASV3295,1,Malmgreniella nigralba
edna0084,ASV6859,motu5334,Humilaria kennerleyi,Kennerleys venus,species,1,NA,NA,NA,8,NA,NA,NA,NA,NA,NA,Humilaria kennerleyi,Kennerleys venus,2018_manley_surface,manley,kelp,2018-07-16,NA,2018,surface,3,edna_manley_30,surface,biological,14.2,30.63,8.22,12.7,30.95,8.16,5.7,1000,0,51.80136642,-128.199517,rock,NA,NA,NA,macroalgae,macrocystis,macroalgae_rock,macrocystis_rock,100,5.441569999999996e-156,305,Metazoa,Mollusca,Bivalvia,Venerida,Veneridae,Humilaria,0,0,TRUE,ASV6859,1,Humilaria kennerleyi
edna0084,ASV3325,motu2652,Membraniporidae,Bryozoan,family,1,1,NA,NA,3,11,NA,NA,NA,NA,NA,Membraniporidae,Bryozoan,2018_manley_surface,manley,kelp,2018-07-16,NA,2018,surface,3,edna_manley_30,surface,biological,14.2,30.63,8.22,12.7,30.95,8.16,5.7,1000,0,51.80136642,-128.199517,rock,NA,NA,NA,macroalgae,macrocystis,macroalgae_rock,macrocystis_rock,90.95,6.1511e-76,161,Metazoa,Bryozoa,Bryozoa,Cheilostomatida,Membraniporidae,NA,0,0,TRUE,ASV3325,1,NA
edna0085,ASV25,motu22,Acartia (Acartiura) longiremis,Calanoid copepod,species,1,1,1,1,75,156,49,282,347,NA,407,Acartia (Acartiura) longiremis,Calanoid copepod,2018_womanley_surface,womanley,kelp,2018-07-16,NA,2018,surface,1,edna_womanley_00,surface,biological,14.3,29.8,8.23,12.7,30.84,8.17,7.5,1000,0,51.80250464,-128.2000768,rock,NA,NA,NA,macroalgae,macrocystis,macroalgae_rock,macrocystis_rock,100,1.96163e-160,313,Metazoa,Arthropoda,Copepoda,Calanoida,Acartiidae,Acartia,0,0,TRUE,ASV25,27,Acartia (Acartiura) longiremis
edna0085,ASV81,motu71,Acartia (Acartiura) longiremis,Calanoid copepod,species,1,1,NA,NA,78,147,NA,NA,NA,NA,NA,Acartia (Acartiura) longiremis,Calanoid copepod,2018_womanley_surface,womanley,kelp,2018-07-16,NA,2018,surface,1,edna_womanley_00,surface,biological,14.3,29.8,8.23,12.7,30.84,8.17,7.5,1000,0,51.80250464,-128.2000768,rock,NA,NA,NA,macroalgae,macrocystis,macroalgae_rock,macrocystis_rock,100,1.96163e-160,313,Metazoa,Arthropoda,Copepoda,Calanoida,Acartiidae,Acartia,0,0,TRUE,ASV81,23,Acartia (Acartiura) longiremis
edna0085,ASV34,motu31,Centropages abdominalis,Calanoid copepod,species,1,1,1,1,93,183,79,434,532,NA,765,Centropages abdominalis,Calanoid copepod,2018_womanley_surface,womanley,kelp,2018-07-16,NA,2018,surface,1,edna_womanley_00,surface,biological,14.3,29.8,8.23,12.7,30.84,8.17,7.5,1000,0,51.80250464,-128.2000768,rock,NA,NA,NA,macroalgae,macrocystis,macroalgae_rock,macrocystis_rock,100,1.96163e-160,313,Metazoa,Arthropoda,Copepoda,Calanoida,Centropagidae,Centropages,0,0,TRUE,ASV34,19,Centropages abdominalis
edna0085,ASV143,motu128,Centropages abdominalis,Calanoid copepod,species,1,1,NA,NA,105,181,NA,NA,NA,NA,NA,Centropages abdominalis,Calanoid copepod,2018_womanley_surface,womanley,kelp,2018-07-16,NA,2018,surface,1,edna_womanley_00,surface,biological,14.3,29.8,8.23,12.7,30.84,8.17,7.5,1000,0,51.80250464,-128.2000768,rock,NA,NA,NA,macroalgae,macrocystis,macroalgae_rock,macrocystis_rock,100,1.96163e-160,313,Metazoa,Arthropoda,Copepoda,Calanoida,Centropagidae,Centropages,0,0,TRUE,ASV143,11,Centropages abdominalis
edna0085,ASV258,motu228,Lensia,Siphonophore,genus,1,1,NA,NA,9,20,NA,NA,NA,NA,NA,Lensia,Siphonophore,2018_womanley_surface,womanley,kelp,2018-07-16,NA,2018,surface,1,edna_womanley_00,surface,biological,14.3,29.8,8.23,12.7,30.84,8.17,7.5,1000,0,51.80250464,-128.2000768,rock,NA,NA,NA,macroalgae,macrocystis,macroalgae_rock,macrocystis_rock,100,0.00408744,30,Metazoa,Cnidaria,Cnidaria,Siphonophorae,Diphyidae,Lensia,0,0,TRUE,ASV258,1,NA
edna0085,ASV131,motu117,Lensia,Siphonophore,genus,1,1,NA,1,6,12,NA,25,25,NA,25,Lensia,Siphonophore,2018_womanley_surface,womanley,kelp,2018-07-16,NA,2018,surface,1,edna_womanley_00,surface,biological,14.3,29.8,8.23,12.7,30.84,8.17,7.5,1000,0,51.80250464,-128.2000768,rock,NA,NA,NA,macroalgae,macrocystis,macroalgae_rock,macrocystis_rock,100,0.00408744,30,Metazoa,Cnidaria,Cnidaria,Siphonophorae,Diphyidae,Lensia,0,0,TRUE,ASV131,2,NA
edna0085,ASV307,motu118,Mesocentrotus franciscanus,Red sea urchin,species,1,NA,NA,1,169,NA,NA,405,NA,NA,NA,Mesocentrotus franciscanus,Red sea urchin,2018_womanley_surface,womanley,kelp,2018-07-16,NA,2018,surface,1,edna_womanley_00,surface,biological,14.3,29.8,8.23,12.7,30.84,8.17,7.5,1000,0,51.80250464,-128.2000768,rock,NA,NA,NA,macroalgae,macrocystis,macroalgae_rock,macrocystis_rock,100,7.02982e-160,312,Metazoa,Echinodermata,Echinoidea,Camarodonta,Strongylocentrotidae,Mesocentrotus,0,0,TRUE,ASV132,8,Mesocentrotus franciscanus
edna0085,ASV118,motu105,Mesocentrotus franciscanus,Red sea urchin,species,1,NA,NA,1,232,NA,NA,718,880,NA,1185,Mesocentrotus franciscanus,Red sea urchin,2018_womanley_surface,womanley,kelp,2018-07-16,NA,2018,surface,1,edna_womanley_00,surface,biological,14.3,29.8,8.23,12.7,30.84,8.17,7.5,1000,0,51.80250464,-128.2000768,rock,NA,NA,NA,macroalgae,macrocystis,macroalgae_rock,macrocystis_rock,100,2.51921e-159,311,Metazoa,Echinodermata,Echinoidea,Camarodonta,Strongylocentrotidae,Mesocentrotus,0,0,TRUE,ASV118,8,Mesocentrotus franciscanus
edna0085,ASV232,motu204,Cecidomyiidae,Hexapod,genus,1,1,1,1,9,30,8,49,43,NA,86,Cecidomyiidae,Hexapod,2018_womanley_surface,womanley,kelp,2018-07-16,NA,2018,surface,1,edna_womanley_00,surface,biological,14.3,29.8,8.23,12.7,30.84,8.17,7.5,1000,0,51.80250464,-128.2000768,rock,NA,NA,NA,macroalgae,macrocystis,macroalgae_rock,macrocystis_rock,100,0.00408744,30,Metazoa,Arthropoda,Arthropoda,Diptera,Cecidomyiidae,Cecidomyiidae,NA,NA,TRUE,ASV232,1,NA
edna0085,ASV275,motu244,Ophiopholis kennerlyi,Daisy brittle star,species,1,1,1,1,109,184,69,261,204,NA,296,Ophiopholis kennerlyi,Daisy brittle star,2018_womanley_surface,womanley,kelp,2018-07-16,NA,2018,surface,1,edna_womanley_00,surface,biological,14.3,29.8,8.23,12.7,30.84,8.17,7.5,1000,0,51.80250464,-128.2000768,rock,NA,NA,NA,macroalgae,macrocystis,macroalgae_rock,macrocystis_rock,100,1.96163e-160,313,Metazoa,Echinodermata,Echinodermata,Amphilepidida,Ophiopholidae,Ophiopholis,0,0,TRUE,ASV275,7,Ophiopholis kennerlyi
edna0085,ASV595,motu522,Cecidomyiidae,Hexapod,genus,1,1,NA,NA,12,25,NA,NA,NA,NA,NA,Cecidomyiidae,Hexapod,2018_womanley_surface,womanley,kelp,2018-07-16,NA,2018,surface,1,edna_womanley_00,surface,biological,14.3,29.8,8.23,12.7,30.84,8.17,7.5,1000,0,51.80250464,-128.2000768,rock,NA,NA,NA,macroalgae,macrocystis,macroalgae_rock,macrocystis_rock,100,0.00408744,30,Metazoa,Arthropoda,Arthropoda,Diptera,Cecidomyiidae,Cecidomyiidae,NA,NA,TRUE,ASV595,1,NA
edna0085,ASV603,motu529,Ophiopholis kennerlyi,Daisy brittle star,species,1,1,NA,NA,117,149,NA,NA,NA,NA,NA,Ophiopholis kennerlyi,Daisy brittle star,2018_womanley_surface,womanley,kelp,2018-07-16,NA,2018,surface,1,edna_womanley_00,surface,biological,14.3,29.8,8.23,12.7,30.84,8.17,7.5,1000,0,51.80250464,-128.2000768,rock,NA,NA,NA,macroalgae,macrocystis,macroalgae_rock,macrocystis_rock,100,1.96163e-160,313,Metazoa,Echinodermata,Echinodermata,Amphilepidida,Ophiopholidae,Ophiopholis,0,0,TRUE,ASV603,6,Ophiopholis kennerlyi
edna0085,ASV352,motu311,Synchaeta vorax,Rotifer,species,1,1,1,1,53,80,34,168,187,NA,245,Synchaeta vorax,Rotifer,2018_womanley_surface,womanley,kelp,2018-07-16,NA,2018,surface,1,edna_womanley_00,surface,biological,14.3,29.8,8.23,12.7,30.84,8.17,7.5,1000,0,51.80250464,-128.2000768,rock,NA,NA,NA,macroalgae,macrocystis,macroalgae_rock,macrocystis_rock,98.08,7.129989999999999e-150,294,Metazoa,Rotifera,Eurotatoria,Ploima,Synchaetidae,Synchaeta,0,0,TRUE,ASV352,4,Synchaeta vorax
edna0085,ASV346,motu306,Synchaeta vorax,Rotifer,species,1,1,1,1,43,89,38,159,189,NA,223,Synchaeta vorax,Rotifer,2018_womanley_surface,womanley,kelp,2018-07-16,NA,2018,surface,1,edna_womanley_00,surface,biological,14.3,29.8,8.23,12.7,30.84,8.17,7.5,1000,0,51.80250464,-128.2000768,rock,NA,NA,NA,macroalgae,macrocystis,macroalgae_rock,macrocystis_rock,98.08,7.129989999999999e-150,294,Metazoa,Rotifera,Eurotatoria,Ploima,Synchaetidae,Synchaeta,0,0,TRUE,ASV346,5,Synchaeta vorax
edna0085,ASV1793,motu150,Pseudocalanus mimus,Calanoid copepod,species,1,NA,NA,NA,59,NA,NA,NA,NA,NA,NA,Pseudocalanus mimus,Calanoid copepod,2018_womanley_surface,womanley,kelp,2018-07-16,NA,2018,surface,1,edna_womanley_00,surface,biological,14.3,29.8,8.23,12.7,30.84,8.17,7.5,1000,0,51.80250464,-128.2000768,rock,NA,NA,NA,macroalgae,macrocystis,macroalgae_rock,macrocystis_rock,100,1.97556e-155,304,Metazoa,Arthropoda,Copepoda,Calanoida,Clausocalanidae,Pseudocalanus,0,0,TRUE,ASV171,10,Pseudocalanus mimus
edna0085,ASV1883,motu303,Pseudocalanus mimus,Calanoid copepod,species,1,NA,NA,NA,57,NA,NA,NA,NA,NA,NA,Pseudocalanus mimus,Calanoid copepod,2018_womanley_surface,womanley,kelp,2018-07-16,NA,2018,surface,1,edna_womanley_00,surface,biological,14.3,29.8,8.23,12.7,30.84,8.17,7.5,1000,0,51.80250464,-128.2000768,rock,NA,NA,NA,macroalgae,macrocystis,macroalgae_rock,macrocystis_rock,100,1.97556e-155,304,Metazoa,Arthropoda,Copepoda,Calanoida,Clausocalanidae,Pseudocalanus,0,0,TRUE,ASV343,11,Pseudocalanus mimus
edna0085,ASV521,motu458,Sabellariidae,Feather duster worm,family,1,1,NA,1,11,15,NA,NA,37,NA,58,Sabellariidae,Feather duster worm,2018_womanley_surface,womanley,kelp,2018-07-16,NA,2018,surface,1,edna_womanley_00,surface,biological,14.3,29.8,8.23,12.7,30.84,8.17,7.5,1000,0,51.80250464,-128.2000768,rock,NA,NA,NA,macroalgae,macrocystis,macroalgae_rock,macrocystis_rock,99.68,1.5051499999999994e-156,306,Metazoa,Annelida,Polychaeta,NA,Sabellariidae,NA,0,0,TRUE,ASV521,12,NA
edna0085,ASV625,motu545,Phascolosoma (Phascolosoma) agassizii,Agassiz peanut worm,species,1,1,NA,1,30,52,NA,70,NA,NA,145,Phascolosoma (Phascolosoma) agassizii,Agassiz peanut worm,2018_womanley_surface,womanley,kelp,2018-07-16,NA,2018,surface,1,edna_womanley_00,surface,biological,14.3,29.8,8.23,12.7,30.84,8.17,7.5,1000,0,51.80250464,-128.2000768,rock,NA,NA,NA,macroalgae,macrocystis,macroalgae_rock,macrocystis_rock,100,1.96163e-160,313,Metazoa,Annelida,NA,Sipuncula,Phascolosomatidae,Phascolosoma,0,0,TRUE,ASV625,3,Phascolosoma (Phascolosoma) agassizii
edna0085,ASV542,motu476,Phascolosoma (Phascolosoma) agassizii,Agassiz peanut worm,species,1,1,1,1,25,68,20,70,104,NA,132,Phascolosoma (Phascolosoma) agassizii,Agassiz peanut worm,2018_womanley_surface,womanley,kelp,2018-07-16,NA,2018,surface,1,edna_womanley_00,surface,biological,14.3,29.8,8.23,12.7,30.84,8.17,7.5,1000,0,51.80250464,-128.2000768,rock,NA,NA,NA,macroalgae,macrocystis,macroalgae_rock,macrocystis_rock,100,1.96163e-160,313,Metazoa,Annelida,NA,Sipuncula,Phascolosomatidae,Phascolosoma,0,0,TRUE,ASV542,4,Phascolosoma (Phascolosoma) agassizii
edna0085,ASV647,motu560,Synchaeta triophthalma,Rotifer,species,1,NA,NA,1,4,NA,NA,NA,NA,NA,18,Synchaeta triophthalma,Rotifer,2018_womanley_surface,womanley,kelp,2018-07-16,NA,2018,surface,1,edna_womanley_00,surface,biological,14.3,29.8,8.23,12.7,30.84,8.17,7.5,1000,0,51.80250464,-128.2000768,rock,NA,NA,NA,macroalgae,macrocystis,macroalgae_rock,macrocystis_rock,91.99,3.511259999999999e-118,237,Metazoa,Rotifera,Eurotatoria,Ploima,Synchaetidae,Synchaeta,0,0,TRUE,ASV647,4,Synchaeta triophthalma
edna0085,ASV1059,motu911,Pleurobrachia bachei,Pacific sea gooseberry,species,1,NA,NA,NA,3,NA,NA,NA,NA,NA,NA,Pleurobrachia bachei,Pacific sea gooseberry,2018_womanley_surface,womanley,kelp,2018-07-16,NA,2018,surface,1,edna_womanley_00,surface,biological,14.3,29.8,8.23,12.7,30.84,8.17,7.5,1000,0,51.80250464,-128.2000768,rock,NA,NA,NA,macroalgae,macrocystis,macroalgae_rock,macrocystis_rock,100,1.96163e-160,313,Metazoa,Ctenophora,Tentaculata,Cydippida,Cydippidae,Pleurobrachia,0,0,TRUE,ASV1059,3,Pleurobrachia bachei
edna0085,ASV1443,motu1220,Orobdella,Freshwater leech,genus,1,NA,NA,NA,9,NA,NA,NA,NA,NA,NA,Orobdella,Freshwater leech,2018_womanley_surface,womanley,kelp,2018-07-16,NA,2018,surface,1,edna_womanley_00,surface,biological,14.3,29.8,8.23,12.7,30.84,8.17,7.5,1000,0,51.80250464,-128.2000768,rock,NA,NA,NA,macroalgae,macrocystis,macroalgae_rock,macrocystis_rock,97.06,0.0011939,31,Metazoa,Annelida,Annelida,Erpobdelliformes,Orobdellidae,Orobdella,NA,NA,TRUE,ASV1443,1,NA
edna0085,ASV1492,motu1259,Membranipora membranacea,Coffin box bryozoan,species,1,NA,NA,NA,6,NA,NA,NA,NA,NA,NA,Membranipora membranacea,Coffin box bryozoan,2018_womanley_surface,womanley,kelp,2018-07-16,NA,2018,surface,1,edna_womanley_00,surface,biological,14.3,29.8,8.23,12.7,30.84,8.17,7.5,1000,0,51.80250464,-128.2000768,rock,NA,NA,NA,macroalgae,macrocystis,macroalgae_rock,macrocystis_rock,100,9.252979999999995e-139,274,Metazoa,Bryozoa,Gymnolaemata,Cheilostomatida,Membraniporidae,Membranipora,0,0,TRUE,ASV1492,2,Membranipora membranacea
edna0085,ASV1332,motu1125,Pollicipes polymerus,Gooseneck barnacle,species,1,NA,NA,1,5,NA,NA,NA,NA,NA,6,Pollicipes polymerus,Gooseneck barnacle,2018_womanley_surface,womanley,kelp,2018-07-16,NA,2018,surface,1,edna_womanley_00,surface,biological,14.3,29.8,8.23,12.7,30.84,8.17,7.5,1000,0,51.80250464,-128.2000768,rock,NA,NA,NA,macroalgae,macrocystis,macroalgae_rock,macrocystis_rock,100,3.2351099999999996e-158,309,Metazoa,Arthropoda,Thecostraca,Pollicipedomorpha,Pollicipedidae,Pollicipes,0,0,TRUE,ASV1332,2,Pollicipes polymerus
edna0085,ASV1057,motu909,Orobdella,Freshwater leech,genus,1,NA,1,1,13,NA,11,NA,8,NA,16,Orobdella,Freshwater leech,2018_womanley_surface,womanley,kelp,2018-07-16,NA,2018,surface,1,edna_womanley_00,surface,biological,14.3,29.8,8.23,12.7,30.84,8.17,7.5,1000,0,51.80250464,-128.2000768,rock,NA,NA,NA,macroalgae,macrocystis,macroalgae_rock,macrocystis_rock,97.06,0.0011939,31,Metazoa,Annelida,Annelida,Erpobdelliformes,Orobdellidae,Orobdella,NA,NA,TRUE,ASV1057,1,NA
edna0085,ASV1477,motu1247,Pollicipes polymerus,Gooseneck barnacle,species,1,1,NA,1,4,3,NA,7,7,NA,9,Pollicipes polymerus,Gooseneck barnacle,2018_womanley_surface,womanley,kelp,2018-07-16,NA,2018,surface,1,edna_womanley_00,surface,biological,14.3,29.8,8.23,12.7,30.84,8.17,7.5,1000,0,51.80250464,-128.2000768,rock,NA,NA,NA,macroalgae,macrocystis,macroalgae_rock,macrocystis_rock,100,3.2351099999999996e-158,309,Metazoa,Arthropoda,Thecostraca,Pollicipedomorpha,Pollicipedidae,Pollicipes,0,0,TRUE,ASV1477,2,Pollicipes polymerus
edna0085,ASV2858,motu2310,Eupolymnia heterobranchia,Brown intertidal spaghetti worm,species,1,1,NA,NA,50,113,NA,NA,NA,NA,NA,Eupolymnia heterobranchia,Brown intertidal spaghetti worm,2018_womanley_surface,womanley,kelp,2018-07-16,NA,2018,surface,1,edna_womanley_00,surface,biological,14.3,29.8,8.23,12.7,30.84,8.17,7.5,1000,0,51.80250464,-128.2000768,rock,NA,NA,NA,macroalgae,macrocystis,macroalgae_rock,macrocystis_rock,98.69,6.974989999999997e-150,294,Metazoa,Annelida,Polychaeta,Terebellida,Terebellidae,Eupolymnia,0,0,TRUE,ASV2858,1,Eupolymnia heterobranchia
edna0085,ASV1584,motu1334,Eupolymnia heterobranchia,Brown intertidal spaghetti worm,species,1,1,1,1,49,95,23,150,112,NA,155,Eupolymnia heterobranchia,Brown intertidal spaghetti worm,2018_womanley_surface,womanley,kelp,2018-07-16,NA,2018,surface,1,edna_womanley_00,surface,biological,14.3,29.8,8.23,12.7,30.84,8.17,7.5,1000,0,51.80250464,-128.2000768,rock,NA,NA,NA,macroalgae,macrocystis,macroalgae_rock,macrocystis_rock,98.69,6.974989999999997e-150,294,Metazoa,Annelida,Polychaeta,Terebellida,Terebellidae,Eupolymnia,0,0,TRUE,ASV1584,1,Eupolymnia heterobranchia
edna0085,ASV3224,motu2581,Humilaria kennerleyi,Kennerleys venus,species,1,1,NA,NA,8,12,NA,NA,NA,NA,NA,Humilaria kennerleyi,Kennerleys venus,2018_womanley_surface,womanley,kelp,2018-07-16,NA,2018,surface,1,edna_womanley_00,surface,biological,14.3,29.8,8.23,12.7,30.84,8.17,7.5,1000,0,51.80250464,-128.2000768,rock,NA,NA,NA,macroalgae,macrocystis,macroalgae_rock,macrocystis_rock,100,1.96163e-160,313,Metazoa,Mollusca,Bivalvia,Venerida,Veneridae,Humilaria,0,0,TRUE,ASV3224,2,Humilaria kennerleyi
edna0085,ASV4360,motu3402,Chthamalus dalli,Little brown barnacle,species,1,NA,NA,NA,6,NA,NA,NA,NA,NA,NA,Chthamalus dalli,Little brown barnacle,2018_womanley_surface,womanley,kelp,2018-07-16,NA,2018,surface,1,edna_womanley_00,surface,biological,14.3,29.8,8.23,12.7,30.84,8.17,7.5,1000,0,51.80250464,-128.2000768,rock,NA,NA,NA,macroalgae,macrocystis,macroalgae_rock,macrocystis_rock,98.4,1.53804e-151,297,Metazoa,Arthropoda,Thecostraca,Balanomorpha,Chthamalidae,Chthamalus,0,0,TRUE,ASV4360,1,Chthamalus dalli
edna0085,ASV1855,motu1546,Tegula pulligo,Dusky tegula,species,1,1,NA,1,5,10,NA,19,16,NA,33,Tegula pulligo,Dusky tegula,2018_womanley_surface,womanley,kelp,2018-07-16,NA,2018,surface,1,edna_womanley_00,surface,biological,14.3,29.8,8.23,12.7,30.84,8.17,7.5,1000,0,51.80250464,-128.2000768,rock,NA,NA,NA,macroalgae,macrocystis,macroalgae_rock,macrocystis_rock,100,3.2351099999999996e-158,309,Metazoa,Mollusca,Gastropoda,Trochida,Tegulidae,Tegula,0,0,TRUE,ASV1855,2,Tegula pulligo
edna0085,ASV6977,motu5428,Ophiopholis kennerlyi,Daisy brittle star,species,1,NA,NA,NA,10,NA,NA,NA,NA,NA,NA,Ophiopholis kennerlyi,Daisy brittle star,2018_womanley_surface,womanley,kelp,2018-07-16,NA,2018,surface,1,edna_womanley_00,surface,biological,14.3,29.8,8.23,12.7,30.84,8.17,7.5,1000,0,51.80250464,-128.2000768,rock,NA,NA,NA,macroalgae,macrocystis,macroalgae_rock,macrocystis_rock,98.72,9.376469999999999e-154,301,Metazoa,Echinodermata,Echinodermata,Amphilepidida,Ophiopholidae,Ophiopholis,0,0,TRUE,ASV6977,1,Ophiopholis kennerlyi
edna0087,ASV25,motu22,Acartia (Acartiura) longiremis,Calanoid copepod,species,1,1,1,1,117,212,57,172,221,NA,271,Acartia (Acartiura) longiremis,Calanoid copepod,2018_womanley_surface,womanley,kelp,2018-07-16,NA,2018,surface,3,edna_womanley_30,surface,biological,14.4,30.55,8.24,12.1,31.7,8.1,6.5,1000,0,51.80230682,-128.2002313,rock,NA,NA,NA,macroalgae,macrocystis,macroalgae_rock,macrocystis_rock,100,1.96163e-160,313,Metazoa,Arthropoda,Copepoda,Calanoida,Acartiidae,Acartia,0,0,TRUE,ASV25,27,Acartia (Acartiura) longiremis
edna0087,ASV81,motu71,Acartia (Acartiura) longiremis,Calanoid copepod,species,1,1,NA,NA,106,208,NA,NA,NA,NA,NA,Acartia (Acartiura) longiremis,Calanoid copepod,2018_womanley_surface,womanley,kelp,2018-07-16,NA,2018,surface,3,edna_womanley_30,surface,biological,14.4,30.55,8.24,12.1,31.7,8.1,6.5,1000,0,51.80230682,-128.2002313,rock,NA,NA,NA,macroalgae,macrocystis,macroalgae_rock,macrocystis_rock,100,1.96163e-160,313,Metazoa,Arthropoda,Copepoda,Calanoida,Acartiidae,Acartia,0,0,TRUE,ASV81,23,Acartia (Acartiura) longiremis
edna0087,ASV34,motu31,Centropages abdominalis,Calanoid copepod,species,1,1,1,1,55,127,49,124,168,NA,295,Centropages abdominalis,Calanoid copepod,2018_womanley_surface,womanley,kelp,2018-07-16,NA,2018,surface,3,edna_womanley_30,surface,biological,14.4,30.55,8.24,12.1,31.7,8.1,6.5,1000,0,51.80230682,-128.2002313,rock,NA,NA,NA,macroalgae,macrocystis,macroalgae_rock,macrocystis_rock,100,1.96163e-160,313,Metazoa,Arthropoda,Copepoda,Calanoida,Centropagidae,Centropages,0,0,TRUE,ASV34,19,Centropages abdominalis
edna0087,ASV143,motu128,Centropages abdominalis,Calanoid copepod,species,1,1,NA,NA,64,114,NA,NA,NA,NA,NA,Centropages abdominalis,Calanoid copepod,2018_womanley_surface,womanley,kelp,2018-07-16,NA,2018,surface,3,edna_womanley_30,surface,biological,14.4,30.55,8.24,12.1,31.7,8.1,6.5,1000,0,51.80230682,-128.2002313,rock,NA,NA,NA,macroalgae,macrocystis,macroalgae_rock,macrocystis_rock,100,1.96163e-160,313,Metazoa,Arthropoda,Copepoda,Calanoida,Centropagidae,Centropages,0,0,TRUE,ASV143,11,Centropages abdominalis
edna0087,ASV258,motu228,Lensia,Siphonophore,genus,1,1,NA,NA,15,32,NA,NA,NA,NA,NA,Lensia,Siphonophore,2018_womanley_surface,womanley,kelp,2018-07-16,NA,2018,surface,3,edna_womanley_30,surface,biological,14.4,30.55,8.24,12.1,31.7,8.1,6.5,1000,0,51.80230682,-128.2002313,rock,NA,NA,NA,macroalgae,macrocystis,macroalgae_rock,macrocystis_rock,100,0.00408744,30,Metazoa,Cnidaria,Cnidaria,Siphonophorae,Diphyidae,Lensia,0,0,TRUE,ASV258,1,NA
edna0087,ASV131,motu117,Lensia,Siphonophore,genus,1,1,1,1,12,21,5,23,17,NA,14,Lensia,Siphonophore,2018_womanley_surface,womanley,kelp,2018-07-16,NA,2018,surface,3,edna_womanley_30,surface,biological,14.4,30.55,8.24,12.1,31.7,8.1,6.5,1000,0,51.80230682,-128.2002313,rock,NA,NA,NA,macroalgae,macrocystis,macroalgae_rock,macrocystis_rock,100,0.00408744,30,Metazoa,Cnidaria,Cnidaria,Siphonophorae,Diphyidae,Lensia,0,0,TRUE,ASV131,2,NA
edna0087,ASV307,motu118,Mesocentrotus franciscanus,Red sea urchin,species,1,1,1,NA,670,1252,357,NA,NA,NA,NA,Mesocentrotus franciscanus,Red sea urchin,2018_womanley_surface,womanley,kelp,2018-07-16,NA,2018,surface,3,edna_womanley_30,surface,biological,14.4,30.55,8.24,12.1,31.7,8.1,6.5,1000,0,51.80230682,-128.2002313,rock,NA,NA,NA,macroalgae,macrocystis,macroalgae_rock,macrocystis_rock,100,7.02982e-160,312,Metazoa,Echinodermata,Echinoidea,Camarodonta,Strongylocentrotidae,Mesocentrotus,0,0,TRUE,ASV132,8,Mesocentrotus franciscanus
edna0087,ASV118,motu105,Mesocentrotus franciscanus,Red sea urchin,species,1,NA,NA,1,682,NA,NA,1870,1894,NA,2673,Mesocentrotus franciscanus,Red sea urchin,2018_womanley_surface,womanley,kelp,2018-07-16,NA,2018,surface,3,edna_womanley_30,surface,biological,14.4,30.55,8.24,12.1,31.7,8.1,6.5,1000,0,51.80230682,-128.2002313,rock,NA,NA,NA,macroalgae,macrocystis,macroalgae_rock,macrocystis_rock,100,2.51921e-159,311,Metazoa,Echinodermata,Echinoidea,Camarodonta,Strongylocentrotidae,Mesocentrotus,0,0,TRUE,ASV118,8,Mesocentrotus franciscanus
edna0087,ASV242,motu213,Balanus glandula,Acorn barnacle,species,1,1,1,1,137,265,73,144,132,NA,234,Balanus glandula,Acorn barnacle,2018_womanley_surface,womanley,kelp,2018-07-16,NA,2018,surface,3,edna_womanley_30,surface,biological,14.4,30.55,8.24,12.1,31.7,8.1,6.5,1000,0,51.80230682,-128.2002313,rock,NA,NA,NA,macroalgae,macrocystis,macroalgae_rock,macrocystis_rock,100,3.2351099999999996e-158,309,Metazoa,Arthropoda,Thecostraca,Balanomorpha,Balanidae,Balanus,0,0,TRUE,ASV242,15,Balanus glandula
edna0087,ASV447,motu394,Balanus glandula,Acorn barnacle,species,1,1,NA,NA,146,227,NA,NA,NA,NA,NA,Balanus glandula,Acorn barnacle,2018_womanley_surface,womanley,kelp,2018-07-16,NA,2018,surface,3,edna_womanley_30,surface,biological,14.4,30.55,8.24,12.1,31.7,8.1,6.5,1000,0,51.80230682,-128.2002313,rock,NA,NA,NA,macroalgae,macrocystis,macroalgae_rock,macrocystis_rock,100,3.2351099999999996e-158,309,Metazoa,Arthropoda,Thecostraca,Balanomorpha,Balanidae,Balanus,0,0,TRUE,ASV447,12,Balanus glandula
edna0087,ASV232,motu204,Cecidomyiidae,Hexapod,genus,1,1,1,1,45,98,46,70,84,NA,172,Cecidomyiidae,Hexapod,2018_womanley_surface,womanley,kelp,2018-07-16,NA,2018,surface,3,edna_womanley_30,surface,biological,14.4,30.55,8.24,12.1,31.7,8.1,6.5,1000,0,51.80230682,-128.2002313,rock,NA,NA,NA,macroalgae,macrocystis,macroalgae_rock,macrocystis_rock,100,0.00408744,30,Metazoa,Arthropoda,Arthropoda,Diptera,Cecidomyiidae,Cecidomyiidae,NA,NA,TRUE,ASV232,1,NA
edna0087,ASV285,motu244,Ophiopholis,Brittle star species,genus,1,1,1,1,340,510,187,417,326,NA,473,Ophiopholis kennerlyi,Daisy brittle star,2018_womanley_surface,womanley,kelp,2018-07-16,NA,2018,surface,3,edna_womanley_30,surface,biological,14.4,30.55,8.24,12.1,31.7,8.1,6.5,1000,0,51.80230682,-128.2002313,rock,NA,NA,NA,macroalgae,macrocystis,macroalgae_rock,macrocystis_rock,100,1.96163e-160,313,Metazoa,Echinodermata,Echinodermata,Amphilepidida,Ophiopholidae,Ophiopholis,0,0,TRUE,ASV275,7,NA
edna0087,ASV275,motu244,Ophiopholis kennerlyi,Daisy brittle star,species,1,1,1,1,300,586,152,428,314,NA,429,Ophiopholis kennerlyi,Daisy brittle star,2018_womanley_surface,womanley,kelp,2018-07-16,NA,2018,surface,3,edna_womanley_30,surface,biological,14.4,30.55,8.24,12.1,31.7,8.1,6.5,1000,0,51.80230682,-128.2002313,rock,NA,NA,NA,macroalgae,macrocystis,macroalgae_rock,macrocystis_rock,100,1.96163e-160,313,Metazoa,Echinodermata,Echinodermata,Amphilepidida,Ophiopholidae,Ophiopholis,0,0,TRUE,ASV275,7,Ophiopholis kennerlyi
edna0087,ASV616,motu537,Mitrocoma cellularia,Cross jelly,species,1,NA,NA,NA,4,NA,NA,NA,NA,NA,NA,Mitrocoma cellularia,Cross jelly,2018_womanley_surface,womanley,kelp,2018-07-16,NA,2018,surface,3,edna_womanley_30,surface,biological,14.4,30.55,8.24,12.1,31.7,8.1,6.5,1000,0,51.80230682,-128.2002313,rock,NA,NA,NA,macroalgae,macrocystis,macroalgae_rock,macrocystis_rock,100,1.4886099999999998e-156,306,Metazoa,Cnidaria,Hydrozoa,Leptothecata,Mitrocomidae,Mitrocoma,0,0,TRUE,ASV616,6,Mitrocoma cellularia
edna0087,ASV605,motu529,Ophiopholis,Brittle star species,genus,1,1,NA,1,348,585,NA,35,21,NA,34,Ophiopholis kennerlyi,Daisy brittle star,2018_womanley_surface,womanley,kelp,2018-07-16,NA,2018,surface,3,edna_womanley_30,surface,biological,14.4,30.55,8.24,12.1,31.7,8.1,6.5,1000,0,51.80230682,-128.2002313,rock,NA,NA,NA,macroalgae,macrocystis,macroalgae_rock,macrocystis_rock,100,1.96163e-160,313,Metazoa,Echinodermata,Echinodermata,Amphilepidida,Ophiopholidae,Ophiopholis,0,0,TRUE,ASV603,6,NA
edna0087,ASV595,motu522,Cecidomyiidae,Hexapod,genus,1,1,NA,NA,50,88,NA,NA,NA,NA,NA,Cecidomyiidae,Hexapod,2018_womanley_surface,womanley,kelp,2018-07-16,NA,2018,surface,3,edna_womanley_30,surface,biological,14.4,30.55,8.24,12.1,31.7,8.1,6.5,1000,0,51.80230682,-128.2002313,rock,NA,NA,NA,macroalgae,macrocystis,macroalgae_rock,macrocystis_rock,100,0.00408744,30,Metazoa,Arthropoda,Arthropoda,Diptera,Cecidomyiidae,Cecidomyiidae,NA,NA,TRUE,ASV595,1,NA
edna0087,ASV603,motu529,Ophiopholis kennerlyi,Daisy brittle star,species,1,1,NA,1,301,605,NA,41,32,NA,36,Ophiopholis kennerlyi,Daisy brittle star,2018_womanley_surface,womanley,kelp,2018-07-16,NA,2018,surface,3,edna_womanley_30,surface,biological,14.4,30.55,8.24,12.1,31.7,8.1,6.5,1000,0,51.80230682,-128.2002313,rock,NA,NA,NA,macroalgae,macrocystis,macroalgae_rock,macrocystis_rock,100,1.96163e-160,313,Metazoa,Echinodermata,Echinodermata,Amphilepidida,Ophiopholidae,Ophiopholis,0,0,TRUE,ASV603,6,Ophiopholis kennerlyi
edna0087,ASV536,motu470,Paracalanus parvus parvus,Calanoid copepod,species,1,1,NA,NA,4,6,NA,NA,NA,NA,NA,Paracalanus parvus parvus,Calanoid copepod,2018_womanley_surface,womanley,kelp,2018-07-16,NA,2018,surface,3,edna_womanley_30,surface,biological,14.4,30.55,8.24,12.1,31.7,8.1,6.5,1000,0,51.80230682,-128.2002313,rock,NA,NA,NA,macroalgae,macrocystis,macroalgae_rock,macrocystis_rock,100,1.17454e-132,263,Metazoa,Arthropoda,Copepoda,Calanoida,Paracalanidae,Paracalanus,0,0,TRUE,ASV536,6,Paracalanus parvus parvus
edna0087,ASV352,motu311,Synchaeta vorax,Rotifer,species,1,1,1,1,167,281,93,220,176,NA,280,Synchaeta vorax,Rotifer,2018_womanley_surface,womanley,kelp,2018-07-16,NA,2018,surface,3,edna_womanley_30,surface,biological,14.4,30.55,8.24,12.1,31.7,8.1,6.5,1000,0,51.80230682,-128.2002313,rock,NA,NA,NA,macroalgae,macrocystis,macroalgae_rock,macrocystis_rock,98.08,7.129989999999999e-150,294,Metazoa,Rotifera,Eurotatoria,Ploima,Synchaetidae,Synchaeta,0,0,TRUE,ASV352,4,Synchaeta vorax
edna0087,ASV346,motu306,Synchaeta vorax,Rotifer,species,1,1,1,1,149,205,107,271,229,NA,328,Synchaeta vorax,Rotifer,2018_womanley_surface,womanley,kelp,2018-07-16,NA,2018,surface,3,edna_womanley_30,surface,biological,14.4,30.55,8.24,12.1,31.7,8.1,6.5,1000,0,51.80230682,-128.2002313,rock,NA,NA,NA,macroalgae,macrocystis,macroalgae_rock,macrocystis_rock,98.08,7.129989999999999e-150,294,Metazoa,Rotifera,Eurotatoria,Ploima,Synchaetidae,Synchaeta,0,0,TRUE,ASV346,5,Synchaeta vorax
edna0087,ASV467,motu412,Saxidomus,Washington clam species,genus,1,1,1,1,8,10,6,NA,NA,NA,5,Saxidomus,Washington clam species,2018_womanley_surface,womanley,kelp,2018-07-16,NA,2018,surface,3,edna_womanley_30,surface,biological,14.4,30.55,8.24,12.1,31.7,8.1,6.5,1000,0,51.80230682,-128.2002313,rock,NA,NA,NA,macroalgae,macrocystis,macroalgae_rock,macrocystis_rock,100,1.96163e-160,313,Metazoa,Mollusca,Mollusca,Venerida,Veneridae,Saxidomus,0,0,TRUE,ASV467,12,NA
edna0087,ASV860,motu748,Saxidomus,Washington clam species,genus,1,1,NA,NA,8,15,NA,NA,NA,NA,NA,Saxidomus,Washington clam species,2018_womanley_surface,womanley,kelp,2018-07-16,NA,2018,surface,3,edna_womanley_30,surface,biological,14.4,30.55,8.24,12.1,31.7,8.1,6.5,1000,0,51.80230682,-128.2002313,rock,NA,NA,NA,macroalgae,macrocystis,macroalgae_rock,macrocystis_rock,100,1.96163e-160,313,Metazoa,Mollusca,Mollusca,Venerida,Veneridae,Saxidomus,0,0,TRUE,ASV860,4,NA
edna0087,ASV613,motu536,Sabellariidae,Feather duster worm,family,1,1,NA,1,156,253,NA,238,155,NA,242,Sabellariidae,Feather duster worm,2018_womanley_surface,womanley,kelp,2018-07-16,NA,2018,surface,3,edna_womanley_30,surface,biological,14.4,30.55,8.24,12.1,31.7,8.1,6.5,1000,0,51.80230682,-128.2002313,rock,NA,NA,NA,macroalgae,macrocystis,macroalgae_rock,macrocystis_rock,99.68,1.5051499999999994e-156,306,Metazoa,Annelida,Polychaeta,NA,Sabellariidae,NA,0,0,TRUE,ASV613,7,NA
edna0087,ASV521,motu458,Sabellariidae,Feather duster worm,family,1,1,1,1,129,247,86,224,247,NA,379,Sabellariidae,Feather duster worm,2018_womanley_surface,womanley,kelp,2018-07-16,NA,2018,surface,3,edna_womanley_30,surface,biological,14.4,30.55,8.24,12.1,31.7,8.1,6.5,1000,0,51.80230682,-128.2002313,rock,NA,NA,NA,macroalgae,macrocystis,macroalgae_rock,macrocystis_rock,99.68,1.5051499999999994e-156,306,Metazoa,Annelida,Polychaeta,NA,Sabellariidae,NA,0,0,TRUE,ASV521,12,NA
edna0087,ASV625,motu545,Phascolosoma (Phascolosoma) agassizii,Agassiz peanut worm,species,1,1,1,1,69,148,48,126,92,NA,200,Phascolosoma (Phascolosoma) agassizii,Agassiz peanut worm,2018_womanley_surface,womanley,kelp,2018-07-16,NA,2018,surface,3,edna_womanley_30,surface,biological,14.4,30.55,8.24,12.1,31.7,8.1,6.5,1000,0,51.80230682,-128.2002313,rock,NA,NA,NA,macroalgae,macrocystis,macroalgae_rock,macrocystis_rock,100,1.96163e-160,313,Metazoa,Annelida,NA,Sipuncula,Phascolosomatidae,Phascolosoma,0,0,TRUE,ASV625,3,Phascolosoma (Phascolosoma) agassizii
edna0087,ASV542,motu476,Phascolosoma (Phascolosoma) agassizii,Agassiz peanut worm,species,1,1,NA,1,108,156,NA,118,105,NA,164,Phascolosoma (Phascolosoma) agassizii,Agassiz peanut worm,2018_womanley_surface,womanley,kelp,2018-07-16,NA,2018,surface,3,edna_womanley_30,surface,biological,14.4,30.55,8.24,12.1,31.7,8.1,6.5,1000,0,51.80230682,-128.2002313,rock,NA,NA,NA,macroalgae,macrocystis,macroalgae_rock,macrocystis_rock,100,1.96163e-160,313,Metazoa,Annelida,NA,Sipuncula,Phascolosomatidae,Phascolosoma,0,0,TRUE,ASV542,4,Phascolosoma (Phascolosoma) agassizii
edna0087,ASV1029,motu891,Lottia scutum,Plate limpet,species,1,1,1,1,59,92,36,77,73,NA,58,Lottia scutum,Plate limpet,2018_womanley_surface,womanley,kelp,2018-07-16,NA,2018,surface,3,edna_womanley_30,surface,biological,14.4,30.55,8.24,12.1,31.7,8.1,6.5,1000,0,51.80230682,-128.2002313,rock,NA,NA,NA,macroalgae,macrocystis,macroalgae_rock,macrocystis_rock,100,3.150669999999998e-153,300,Metazoa,Mollusca,Mollusca,NA,Lottiidae,Lottia,0,0,TRUE,ASV1029,1,Lottia scutum
edna0087,ASV1585,motu1335,Lottia scutum,Plate limpet,species,1,1,NA,NA,55,98,NA,NA,NA,NA,NA,Lottia scutum,Plate limpet,2018_womanley_surface,womanley,kelp,2018-07-16,NA,2018,surface,3,edna_womanley_30,surface,biological,14.4,30.55,8.24,12.1,31.7,8.1,6.5,1000,0,51.80230682,-128.2002313,rock,NA,NA,NA,macroalgae,macrocystis,macroalgae_rock,macrocystis_rock,100,3.150669999999998e-153,300,Metazoa,Mollusca,Mollusca,NA,Lottiidae,Lottia,0,0,TRUE,ASV1585,1,Lottia scutum
edna0087,ASV944,motu821,Phascolosoma (Phascolosoma) agassizii,Agassiz peanut worm,species,1,1,NA,1,35,66,NA,NA,55,NA,93,Phascolosoma (Phascolosoma) agassizii,Agassiz peanut worm,2018_womanley_surface,womanley,kelp,2018-07-16,NA,2018,surface,3,edna_womanley_30,surface,biological,14.4,30.55,8.24,12.1,31.7,8.1,6.5,1000,0,51.80230682,-128.2002313,rock,NA,NA,NA,macroalgae,macrocystis,macroalgae_rock,macrocystis_rock,100,1.96163e-160,313,Metazoa,Annelida,NA,Sipuncula,Phascolosomatidae,Phascolosoma,0,0,TRUE,ASV944,3,Phascolosoma (Phascolosoma) agassizii
edna0087,ASV1526,motu1287,Myxicola aesthetica,Feather duster worm,species,1,1,NA,NA,101,159,NA,NA,NA,NA,NA,Myxicola aesthetica,Feather duster worm,2018_womanley_surface,womanley,kelp,2018-07-16,NA,2018,surface,3,edna_womanley_30,surface,biological,14.4,30.55,8.24,12.1,31.7,8.1,6.5,1000,0,51.80230682,-128.2002313,rock,NA,NA,NA,macroalgae,macrocystis,macroalgae_rock,macrocystis_rock,100,1.96163e-160,313,Metazoa,Annelida,Polychaeta,Sabellida,Sabellidae,Myxicola,0,0,TRUE,ASV1526,2,Myxicola aesthetica
edna0087,ASV1123,motu244,Ophiopholis kennerlyi,Daisy brittle star,species,1,1,1,1,59,100,34,71,76,NA,NA,Ophiopholis kennerlyi,Daisy brittle star,2018_womanley_surface,womanley,kelp,2018-07-16,NA,2018,surface,3,edna_womanley_30,surface,biological,14.4,30.55,8.24,12.1,31.7,8.1,6.5,1000,0,51.80230682,-128.2002313,rock,NA,NA,NA,macroalgae,macrocystis,macroalgae_rock,macrocystis_rock,100,1.96163e-160,313,Metazoa,Echinodermata,Ophiuroidea,Amphilepidida,Ophiopholidae,Ophiopholis,0,0,TRUE,ASV275,7,Ophiopholis kennerlyi
edna0087,ASV765,motu666,Myxicola aesthetica,Feather duster worm,species,1,1,1,1,76,174,56,141,NA,NA,207,Myxicola aesthetica,Feather duster worm,2018_womanley_surface,womanley,kelp,2018-07-16,NA,2018,surface,3,edna_womanley_30,surface,biological,14.4,30.55,8.24,12.1,31.7,8.1,6.5,1000,0,51.80230682,-128.2002313,rock,NA,NA,NA,macroalgae,macrocystis,macroalgae_rock,macrocystis_rock,100,1.96163e-160,313,Metazoa,Annelida,Polychaeta,Sabellida,Sabellidae,Myxicola,0,0,TRUE,ASV765,3,Myxicola aesthetica
edna0087,ASV1443,motu1220,Orobdella,Freshwater leech,genus,1,NA,1,NA,24,NA,19,NA,NA,NA,NA,Orobdella,Freshwater leech,2018_womanley_surface,womanley,kelp,2018-07-16,NA,2018,surface,3,edna_womanley_30,surface,biological,14.4,30.55,8.24,12.1,31.7,8.1,6.5,1000,0,51.80230682,-128.2002313,rock,NA,NA,NA,macroalgae,macrocystis,macroalgae_rock,macrocystis_rock,97.06,0.0011939,31,Metazoa,Annelida,Annelida,Erpobdelliformes,Orobdellidae,Orobdella,NA,NA,TRUE,ASV1443,1,NA
edna0087,ASV801,motu697,Micropodarke dubia,Hesionid polychaete,species,1,1,1,1,2,7,5,11,NA,NA,14,Micropodarke dubia,Hesionid polychaete,2018_womanley_surface,womanley,kelp,2018-07-16,NA,2018,surface,3,edna_womanley_30,surface,biological,14.4,30.55,8.24,12.1,31.7,8.1,6.5,1000,0,51.80230682,-128.2002313,rock,NA,NA,NA,macroalgae,macrocystis,macroalgae_rock,macrocystis_rock,100,1.96163e-160,313,Metazoa,Annelida,Polychaeta,Phyllodocida,Hesionidae,Micropodarke,0,0,TRUE,ASV801,2,Micropodarke dubia
edna0087,ASV1742,motu1454,Micropodarke dubia,Hesionid polychaete,species,1,1,NA,NA,5,15,NA,NA,NA,NA,NA,Micropodarke dubia,Hesionid polychaete,2018_womanley_surface,womanley,kelp,2018-07-16,NA,2018,surface,3,edna_womanley_30,surface,biological,14.4,30.55,8.24,12.1,31.7,8.1,6.5,1000,0,51.80230682,-128.2002313,rock,NA,NA,NA,macroalgae,macrocystis,macroalgae_rock,macrocystis_rock,100,1.96163e-160,313,Metazoa,Annelida,Polychaeta,Phyllodocida,Hesionidae,Micropodarke,0,0,TRUE,ASV1742,2,Micropodarke dubia
edna0087,ASV2043,motu529,Ophiopholis kennerlyi,Daisy brittle star,species,1,1,NA,NA,43,90,NA,NA,NA,NA,NA,Ophiopholis kennerlyi,Daisy brittle star,2018_womanley_surface,womanley,kelp,2018-07-16,NA,2018,surface,3,edna_womanley_30,surface,biological,14.4,30.55,8.24,12.1,31.7,8.1,6.5,1000,0,51.80230682,-128.2002313,rock,NA,NA,NA,macroalgae,macrocystis,macroalgae_rock,macrocystis_rock,100,1.96163e-160,313,Metazoa,Echinodermata,Ophiuroidea,Amphilepidida,Ophiopholidae,Ophiopholis,0,0,TRUE,ASV603,6,Ophiopholis kennerlyi
edna0087,ASV1057,motu909,Orobdella,Freshwater leech,genus,1,NA,NA,1,21,NA,NA,NA,6,NA,7,Orobdella,Freshwater leech,2018_womanley_surface,womanley,kelp,2018-07-16,NA,2018,surface,3,edna_womanley_30,surface,biological,14.4,30.55,8.24,12.1,31.7,8.1,6.5,1000,0,51.80230682,-128.2002313,rock,NA,NA,NA,macroalgae,macrocystis,macroalgae_rock,macrocystis_rock,97.06,0.0011939,31,Metazoa,Annelida,Annelida,Erpobdelliformes,Orobdellidae,Orobdella,NA,NA,TRUE,ASV1057,1,NA
edna0087,ASV2147,motu1769,Asteriidae,Sea star,family,1,1,NA,NA,7,3,NA,NA,NA,NA,NA,Asteriidae,Sea star,2018_womanley_surface,womanley,kelp,2018-07-16,NA,2018,surface,3,edna_womanley_30,surface,biological,14.4,30.55,8.24,12.1,31.7,8.1,6.5,1000,0,51.80230682,-128.2002313,rock,NA,NA,NA,macroalgae,macrocystis,macroalgae_rock,macrocystis_rock,100,1.96163e-160,313,Metazoa,Echinodermata,Echinodermata,Forcipulatida,Asteriidae,NA,0,0,TRUE,ASV2147,1,NA
edna0087,ASV2062,motu545,Phascolosoma (Phascolosoma) agassizii,Agassiz peanut worm,species,1,1,NA,1,96,126,NA,NA,103,NA,NA,Phascolosoma (Phascolosoma) agassizii,Agassiz peanut worm,2018_womanley_surface,womanley,kelp,2018-07-16,NA,2018,surface,3,edna_womanley_30,surface,biological,14.4,30.55,8.24,12.1,31.7,8.1,6.5,1000,0,51.80230682,-128.2002313,rock,NA,NA,NA,macroalgae,macrocystis,macroalgae_rock,macrocystis_rock,99.68,9.126599999999999e-159,310,Metazoa,Annelida,NA,Sipuncula,Phascolosomatidae,Phascolosoma,0,0,TRUE,ASV625,3,Phascolosoma (Phascolosoma) agassizii
edna0087,ASV2276,motu1287,Myxicola aesthetica,Feather duster worm,species,1,1,NA,NA,58,106,NA,NA,NA,NA,NA,Myxicola aesthetica,Feather duster worm,2018_womanley_surface,womanley,kelp,2018-07-16,NA,2018,surface,3,edna_womanley_30,surface,biological,14.4,30.55,8.24,12.1,31.7,8.1,6.5,1000,0,51.80230682,-128.2002313,rock,NA,NA,NA,macroalgae,macrocystis,macroalgae_rock,macrocystis_rock,99.68,9.126599999999999e-159,310,Metazoa,Annelida,Polychaeta,Sabellida,Sabellidae,Myxicola,0,0,TRUE,ASV1526,2,Myxicola aesthetica
edna0087,ASV1528,motu244,Ophiopholis aculeata,Crevice brittle star,species,1,1,1,1,87,123,52,137,111,NA,113,Ophiopholis kennerlyi,Daisy brittle star,2018_womanley_surface,womanley,kelp,2018-07-16,NA,2018,surface,3,edna_womanley_30,surface,biological,14.4,30.55,8.24,12.1,31.7,8.1,6.5,1000,0,51.80230682,-128.2002313,rock,NA,NA,NA,macroalgae,macrocystis,macroalgae_rock,macrocystis_rock,100,1.96163e-160,313,Metazoa,Echinodermata,Echinodermata,Amphilepidida,Ophiopholidae,Ophiopholis,0,0,TRUE,ASV275,7,Ophiopholis aculeata
edna0087,ASV1082,motu932,Obelia dichotoma,Sea thread hydroid,species,1,1,NA,1,7,15,NA,NA,12,NA,12,Obelia dichotoma,Sea thread hydroid,2018_womanley_surface,womanley,kelp,2018-07-16,NA,2018,surface,3,edna_womanley_30,surface,biological,14.4,30.55,8.24,12.1,31.7,8.1,6.5,1000,0,51.80230682,-128.2002313,rock,NA,NA,NA,macroalgae,macrocystis,macroalgae_rock,macrocystis_rock,100,5.353989999999996e-156,305,Metazoa,Cnidaria,Hydrozoa,Leptothecata,Campanulariidae,Obelia,0,0,TRUE,ASV1082,1,Obelia dichotoma
edna0087,ASV1763,motu476,Phascolosoma (Phascolosoma) agassizii,Agassiz peanut worm,species,1,1,NA,1,38,67,NA,NA,NA,NA,87,Phascolosoma (Phascolosoma) agassizii,Agassiz peanut worm,2018_womanley_surface,womanley,kelp,2018-07-16,NA,2018,surface,3,edna_womanley_30,surface,biological,14.4,30.55,8.24,12.1,31.7,8.1,6.5,1000,0,51.80230682,-128.2002313,rock,NA,NA,NA,macroalgae,macrocystis,macroalgae_rock,macrocystis_rock,100,1.96163e-160,313,Metazoa,Annelida,NA,Sipuncula,Phascolosomatidae,Phascolosoma,0,0,TRUE,ASV542,4,Phascolosoma (Phascolosoma) agassizii
edna0087,ASV1552,motu1308,Myxicola infundibulum,Feather duster worm,species,1,1,1,1,70,138,23,115,95,NA,164,Myxicola infundibulum,Feather duster worm,2018_womanley_surface,womanley,kelp,2018-07-16,NA,2018,surface,3,edna_womanley_30,surface,biological,14.4,30.55,8.24,12.1,31.7,8.1,6.5,1000,0,51.80230682,-128.2002313,rock,NA,NA,NA,macroalgae,macrocystis,macroalgae_rock,macrocystis_rock,100,1.96163e-160,313,Metazoa,Annelida,Polychaeta,Sabellida,Sabellidae,Myxicola,0,0,TRUE,ASV1552,1,Myxicola infundibulum
edna0087,ASV2131,motu545,Phascolosoma (Phascolosoma) agassizii,Agassiz peanut worm,species,1,1,NA,1,44,68,NA,NA,58,NA,NA,Phascolosoma (Phascolosoma) agassizii,Agassiz peanut worm,2018_womanley_surface,womanley,kelp,2018-07-16,NA,2018,surface,3,edna_womanley_30,surface,biological,14.4,30.55,8.24,12.1,31.7,8.1,6.5,1000,0,51.80230682,-128.2002313,rock,NA,NA,NA,macroalgae,macrocystis,macroalgae_rock,macrocystis_rock,100,1.96163e-160,313,Metazoa,Annelida,NA,Sipuncula,Phascolosomatidae,Phascolosoma,0,0,TRUE,ASV625,3,Phascolosoma (Phascolosoma) agassizii
edna0087,ASV2747,motu2223,Myxicola infundibulum,Feather duster worm,species,1,1,NA,NA,68,107,NA,NA,NA,NA,NA,Myxicola infundibulum,Feather duster worm,2018_womanley_surface,womanley,kelp,2018-07-16,NA,2018,surface,3,edna_womanley_30,surface,biological,14.4,30.55,8.24,12.1,31.7,8.1,6.5,1000,0,51.80230682,-128.2002313,rock,NA,NA,NA,macroalgae,macrocystis,macroalgae_rock,macrocystis_rock,100,1.96163e-160,313,Metazoa,Annelida,Polychaeta,Sabellida,Sabellidae,Myxicola,0,0,TRUE,ASV2747,1,Myxicola infundibulum
edna0087,ASV2543,motu529,Ophiopholis aculeata,Crevice brittle star,species,1,1,NA,NA,66,146,NA,NA,NA,NA,NA,Ophiopholis kennerlyi,Daisy brittle star,2018_womanley_surface,womanley,kelp,2018-07-16,NA,2018,surface,3,edna_womanley_30,surface,biological,14.4,30.55,8.24,12.1,31.7,8.1,6.5,1000,0,51.80230682,-128.2002313,rock,NA,NA,NA,macroalgae,macrocystis,macroalgae_rock,macrocystis_rock,100,1.96163e-160,313,Metazoa,Echinodermata,Echinodermata,Amphilepidida,Ophiopholidae,Ophiopholis,0,0,TRUE,ASV603,6,Ophiopholis aculeata
edna0087,ASV1624,motu476,Phascolosoma (Phascolosoma) agassizii,Agassiz peanut worm,species,1,1,1,1,66,121,46,83,94,NA,146,Phascolosoma (Phascolosoma) agassizii,Agassiz peanut worm,2018_womanley_surface,womanley,kelp,2018-07-16,NA,2018,surface,3,edna_womanley_30,surface,biological,14.4,30.55,8.24,12.1,31.7,8.1,6.5,1000,0,51.80230682,-128.2002313,rock,NA,NA,NA,macroalgae,macrocystis,macroalgae_rock,macrocystis_rock,99.68,9.126599999999999e-159,310,Metazoa,Annelida,NA,Sipuncula,Phascolosomatidae,Phascolosoma,0,0,TRUE,ASV542,4,Phascolosoma (Phascolosoma) agassizii
edna0087,ASV2856,motu303,Pseudocalanus mimus,Calanoid copepod,species,1,1,NA,NA,59,61,NA,NA,NA,NA,NA,Pseudocalanus mimus,Calanoid copepod,2018_womanley_surface,womanley,kelp,2018-07-16,NA,2018,surface,3,edna_womanley_30,surface,biological,14.4,30.55,8.24,12.1,31.7,8.1,6.5,1000,0,51.80230682,-128.2002313,rock,NA,NA,NA,macroalgae,macrocystis,macroalgae_rock,macrocystis_rock,99.34,4.27634e-152,298,Metazoa,Arthropoda,Copepoda,Calanoida,Clausocalanidae,Pseudocalanus,0,0,TRUE,ASV343,11,Pseudocalanus mimus
edna0087,ASV1348,motu666,Myxicola aesthetica,Feather duster worm,species,1,1,NA,1,51,99,NA,125,NA,NA,133,Myxicola aesthetica,Feather duster worm,2018_womanley_surface,womanley,kelp,2018-07-16,NA,2018,surface,3,edna_womanley_30,surface,biological,14.4,30.55,8.24,12.1,31.7,8.1,6.5,1000,0,51.80230682,-128.2002313,rock,NA,NA,NA,macroalgae,macrocystis,macroalgae_rock,macrocystis_rock,99.68,9.126599999999999e-159,310,Metazoa,Annelida,Polychaeta,Sabellida,Sabellidae,Myxicola,0,0,TRUE,ASV765,3,Myxicola aesthetica
edna0087,ASV2099,motu150,Pseudocalanus mimus,Calanoid copepod,species,1,1,1,1,49,54,35,42,35,NA,60,Pseudocalanus mimus,Calanoid copepod,2018_womanley_surface,womanley,kelp,2018-07-16,NA,2018,surface,3,edna_womanley_30,surface,biological,14.4,30.55,8.24,12.1,31.7,8.1,6.5,1000,0,51.80230682,-128.2002313,rock,NA,NA,NA,macroalgae,macrocystis,macroalgae_rock,macrocystis_rock,99.34,4.27634e-152,298,Metazoa,Arthropoda,Copepoda,Calanoida,Clausocalanidae,Pseudocalanus,0,0,TRUE,ASV171,10,Pseudocalanus mimus
edna0087,ASV2467,motu944,Dodecaceria,Cirratulid polychaete,genus,1,NA,NA,NA,13,NA,NA,NA,NA,NA,NA,Dodecaceria,Cirratulid polychaete,2018_womanley_surface,womanley,kelp,2018-07-16,NA,2018,surface,3,edna_womanley_30,surface,biological,14.4,30.55,8.24,12.1,31.7,8.1,6.5,1000,0,51.80230682,-128.2002313,rock,NA,NA,NA,macroalgae,macrocystis,macroalgae_rock,macrocystis_rock,100,1.96163e-160,313,Metazoa,Annelida,Polychaeta,Terebellida,Cirratulidae,Dodecaceria,0,0,TRUE,ASV1097,6,NA
edna0087,ASV2582,motu1556,Dodecaceria,Cirratulid polychaete,genus,1,NA,NA,NA,16,NA,NA,NA,NA,NA,NA,Dodecaceria,Cirratulid polychaete,2018_womanley_surface,womanley,kelp,2018-07-16,NA,2018,surface,3,edna_womanley_30,surface,biological,14.4,30.55,8.24,12.1,31.7,8.1,6.5,1000,0,51.80230682,-128.2002313,rock,NA,NA,NA,macroalgae,macrocystis,macroalgae_rock,macrocystis_rock,100,1.96163e-160,313,Metazoa,Annelida,Polychaeta,Terebellida,Cirratulidae,Dodecaceria,0,0,TRUE,ASV1870,5,NA
edna0087,ASV3501,motu244,Ophiopholis aculeata,Crevice brittle star,species,1,1,NA,NA,42,58,NA,NA,NA,NA,NA,Ophiopholis kennerlyi,Daisy brittle star,2018_womanley_surface,womanley,kelp,2018-07-16,NA,2018,surface,3,edna_womanley_30,surface,biological,14.4,30.55,8.24,12.1,31.7,8.1,6.5,1000,0,51.80230682,-128.2002313,rock,NA,NA,NA,macroalgae,macrocystis,macroalgae_rock,macrocystis_rock,99.68,9.126599999999999e-159,310,Metazoa,Echinodermata,Echinodermata,Amphilepidida,Ophiopholidae,Ophiopholis,0,0,TRUE,ASV275,7,Ophiopholis aculeata
edna0087,ASV3266,motu2608,Arthropoda,Unknown arthropod,phylum,1,1,NA,NA,4,4,NA,NA,NA,NA,NA,Arthropoda,Unknown arthropod,2018_womanley_surface,womanley,kelp,2018-07-16,NA,2018,surface,3,edna_womanley_30,surface,biological,14.4,30.55,8.24,12.1,31.7,8.1,6.5,1000,0,51.80230682,-128.2002313,rock,NA,NA,NA,macroalgae,macrocystis,macroalgae_rock,macrocystis_rock,100,0.014701,29,Metazoa,Arthropoda,NA,NA,NA,NA,NA,NA,TRUE,ASV3266,1,NA
edna0087,ASV1921,motu1598,Humilaria kennerleyi,Kennerleys venus,species,1,1,NA,NA,11,20,NA,NA,NA,NA,NA,Humilaria kennerleyi,Kennerleys venus,2018_womanley_surface,womanley,kelp,2018-07-16,NA,2018,surface,3,edna_womanley_30,surface,biological,14.4,30.55,8.24,12.1,31.7,8.1,6.5,1000,0,51.80230682,-128.2002313,rock,NA,NA,NA,macroalgae,macrocystis,macroalgae_rock,macrocystis_rock,100,1.96163e-160,313,Metazoa,Mollusca,Bivalvia,Venerida,Veneridae,Humilaria,0,0,TRUE,ASV1921,2,Humilaria kennerleyi
edna0087,ASV2413,motu1971,Ferkeria,Other arachnid,genus,1,1,1,1,6,15,4,20,12,NA,13,Ferkeria,Other arachnid,2018_womanley_surface,womanley,kelp,2018-07-16,NA,2018,surface,3,edna_womanley_30,surface,biological,14.4,30.55,8.24,12.1,31.7,8.1,6.5,1000,0,51.80230682,-128.2002313,rock,NA,NA,NA,macroalgae,macrocystis,macroalgae_rock,macrocystis_rock,97.06,0.00112005,31,Metazoa,Arthropoda,Arthropoda,Grassatores,NA,Ferkeria,NA,NA,TRUE,ASV2413,1,NA
edna0087,ASV3658,motu1162,Phascolosoma (Phascolosoma) agassizii,Agassiz peanut worm,species,1,NA,NA,1,29,NA,NA,32,29,NA,NA,Phascolosoma (Phascolosoma) agassizii,Agassiz peanut worm,2018_womanley_surface,womanley,kelp,2018-07-16,NA,2018,surface,3,edna_womanley_30,surface,biological,14.4,30.55,8.24,12.1,31.7,8.1,6.5,1000,0,51.80230682,-128.2002313,rock,NA,NA,NA,macroalgae,macrocystis,macroalgae_rock,macrocystis_rock,99.36,4.246189999999999e-157,307,Metazoa,Annelida,NA,Sipuncula,Phascolosomatidae,Phascolosoma,0,0,TRUE,ASV1376,3,Phascolosoma (Phascolosoma) agassizii
edna0087,ASV3646,motu529,Ophiopholis aculeata,Crevice brittle star,species,1,1,NA,NA,29,62,NA,NA,NA,NA,NA,Ophiopholis kennerlyi,Daisy brittle star,2018_womanley_surface,womanley,kelp,2018-07-16,NA,2018,surface,3,edna_womanley_30,surface,biological,14.4,30.55,8.24,12.1,31.7,8.1,6.5,1000,0,51.80230682,-128.2002313,rock,NA,NA,NA,macroalgae,macrocystis,macroalgae_rock,macrocystis_rock,99.68,9.126599999999999e-159,310,Metazoa,Echinodermata,Echinodermata,Amphilepidida,Ophiopholidae,Ophiopholis,0,0,TRUE,ASV603,6,Ophiopholis aculeata
edna0087,ASV2335,motu1921,Ferkeria,Other arachnid,genus,1,1,1,1,10,11,5,9,15,NA,20,Ferkeria,Other arachnid,2018_womanley_surface,womanley,kelp,2018-07-16,NA,2018,surface,3,edna_womanley_30,surface,biological,14.4,30.55,8.24,12.1,31.7,8.1,6.5,1000,0,51.80230682,-128.2002313,rock,NA,NA,NA,macroalgae,macrocystis,macroalgae_rock,macrocystis_rock,97.06,0.00112005,31,Metazoa,Arthropoda,Arthropoda,Grassatores,NA,Ferkeria,NA,NA,TRUE,ASV2335,1,NA
edna0087,ASV5603,motu2656,Euryte,Cyclopoid copepod,genus,1,NA,NA,NA,25,NA,NA,NA,NA,NA,NA,Euryte,Cyclopoid copepod,2018_womanley_surface,womanley,kelp,2018-07-16,NA,2018,surface,3,edna_womanley_30,surface,biological,14.4,30.55,8.24,12.1,31.7,8.1,6.5,1000,0,51.80230682,-128.2002313,rock,NA,NA,NA,macroalgae,macrocystis,macroalgae_rock,macrocystis_rock,99.68,1.5051499999999994e-156,306,Metazoa,Arthropoda,Copepoda,Cyclopoida,Euryteidae,Euryte,0,0,TRUE,ASV3331,2,NA
edna0087,ASV3185,motu1887,Synchaeta vorax,Rotifer,species,1,1,1,1,16,20,5,8,20,NA,33,Synchaeta vorax,Rotifer,2018_womanley_surface,womanley,kelp,2018-07-16,NA,2018,surface,3,edna_womanley_30,surface,biological,14.4,30.55,8.24,12.1,31.7,8.1,6.5,1000,0,51.80230682,-128.2002313,rock,NA,NA,NA,macroalgae,macrocystis,macroalgae_rock,macrocystis_rock,95.13,1.20545e-132,263,Metazoa,Rotifera,Eurotatoria,Ploima,Synchaetidae,Synchaeta,0,0,TRUE,ASV2292,5,Synchaeta vorax
edna0087,ASV3829,motu1191,Membranipora membranacea,Coffin box bryozoan,species,1,1,NA,NA,12,15,NA,NA,NA,NA,NA,Membranipora membranacea,Coffin box bryozoan,2018_womanley_surface,womanley,kelp,2018-07-16,NA,2018,surface,3,edna_womanley_30,surface,biological,14.4,30.55,8.24,12.1,31.7,8.1,6.5,1000,0,51.80230682,-128.2002313,rock,NA,NA,NA,macroalgae,macrocystis,macroalgae_rock,macrocystis_rock,100,5.610619999999999e-141,278,Metazoa,Bryozoa,Gymnolaemata,Cheilostomatida,Membraniporidae,Membranipora,0,0,TRUE,ASV1410,2,Membranipora membranacea
edna0087,ASV1855,motu1546,Tegula pulligo,Dusky tegula,species,1,1,NA,1,7,8,NA,NA,3,NA,6,Tegula pulligo,Dusky tegula,2018_womanley_surface,womanley,kelp,2018-07-16,NA,2018,surface,3,edna_womanley_30,surface,biological,14.4,30.55,8.24,12.1,31.7,8.1,6.5,1000,0,51.80230682,-128.2002313,rock,NA,NA,NA,macroalgae,macrocystis,macroalgae_rock,macrocystis_rock,100,3.2351099999999996e-158,309,Metazoa,Mollusca,Gastropoda,Trochida,Tegulidae,Tegula,0,0,TRUE,ASV1855,2,Tegula pulligo
edna0087,ASV3460,motu2747,Neritidae,Nerite snail species,family,1,1,NA,1,7,20,NA,13,NA,NA,NA,Neritidae,Nerite snail species,2018_womanley_surface,womanley,kelp,2018-07-16,NA,2018,surface,3,edna_womanley_30,surface,biological,14.4,30.55,8.24,12.1,31.7,8.1,6.5,1000,0,51.80230682,-128.2002313,rock,NA,NA,NA,macroalgae,macrocystis,macroalgae_rock,macrocystis_rock,90,6.69344e-6,35,Metazoa,Mollusca,Mollusca,Cycloneritida,Neritidae,NA,0,0,TRUE,ASV3460,1,NA
edna0087,ASV3053,motu2459,Glycymeris septentrionalis,Western bittersweet,species,1,NA,NA,1,4,NA,NA,5,7,NA,NA,Glycymeris septentrionalis,Western bittersweet,2018_womanley_surface,womanley,kelp,2018-07-16,NA,2018,surface,3,edna_womanley_30,surface,biological,14.4,30.55,8.24,12.1,31.7,8.1,6.5,1000,0,51.80230682,-128.2002313,rock,NA,NA,NA,macroalgae,macrocystis,macroalgae_rock,macrocystis_rock,100,9.126599999999999e-159,310,Metazoa,Mollusca,Bivalvia,Arcida,Glycymerididae,Glycymeris,0,0,TRUE,ASV3053,1,Glycymeris septentrionalis
edna0087,ASV3061,motu2465,Synchaeta cecilia,Rotifer,species,1,1,1,1,5,10,3,NA,15,NA,8,Synchaeta cecilia,Rotifer,2018_womanley_surface,womanley,kelp,2018-07-16,NA,2018,surface,3,edna_womanley_30,surface,biological,14.4,30.55,8.24,12.1,31.7,8.1,6.5,1000,0,51.80230682,-128.2002313,rock,NA,NA,NA,macroalgae,macrocystis,macroalgae_rock,macrocystis_rock,90.73,1.2488499999999995e-107,218,Metazoa,Rotifera,Eurotatoria,Ploima,Synchaetidae,Synchaeta,0,0,TRUE,ASV3061,2,Synchaeta cecilia
edna0087,ASV3115,motu2503,Synchaeta cecilia,Rotifer,species,1,1,1,1,5,5,3,NA,7,NA,14,Synchaeta cecilia,Rotifer,2018_womanley_surface,womanley,kelp,2018-07-16,NA,2018,surface,3,edna_womanley_30,surface,biological,14.4,30.55,8.24,12.1,31.7,8.1,6.5,1000,0,51.80230682,-128.2002313,rock,NA,NA,NA,macroalgae,macrocystis,macroalgae_rock,macrocystis_rock,90.73,1.2488499999999995e-107,218,Metazoa,Rotifera,Eurotatoria,Ploima,Synchaetidae,Synchaeta,0,0,TRUE,ASV3115,1,Synchaeta cecilia
edna0087,ASV6138,motu4730,Pentatomomorpha,Hexapod,family,1,NA,NA,NA,3,NA,NA,NA,NA,NA,NA,Pentatomomorpha,Hexapod,2018_womanley_surface,womanley,kelp,2018-07-16,NA,2018,surface,3,edna_womanley_30,surface,biological,14.4,30.55,8.24,12.1,31.7,8.1,6.5,1000,0,51.80230682,-128.2002313,rock,NA,NA,NA,macroalgae,macrocystis,macroalgae_rock,macrocystis_rock,94.34,6.74363e-11,44,Metazoa,Arthropoda,Arthropoda,Hemiptera,Pentatomomorpha,NA,NA,NA,TRUE,ASV6138,1,NA
edna0088,ASV258,motu228,Lensia,Siphonophore,genus,1,NA,NA,NA,3,NA,NA,NA,NA,NA,NA,Lensia,Siphonophore,2018_west_surface,west,kelp,2018-07-17,NA,2018,surface,1,edna_west_00,surface,biological,12.5,31.77,8.07,NA,NA,NA,4.8,1000,0,NA,NA,NA,NA,NA,NA,NA,NA,NA_NA,NA_NA,100,0.00408744,30,Metazoa,Cnidaria,Cnidaria,Siphonophorae,Diphyidae,Lensia,0,0,TRUE,ASV258,1,NA
edna0088,ASV625,motu545,Phascolosoma (Phascolosoma) agassizii,Agassiz peanut worm,species,1,1,NA,1,12,21,NA,NA,51,NA,NA,Phascolosoma (Phascolosoma) agassizii,Agassiz peanut worm,2018_west_surface,west,kelp,2018-07-17,NA,2018,surface,1,edna_west_00,surface,biological,12.5,31.77,8.07,NA,NA,NA,4.8,1000,0,NA,NA,NA,NA,NA,NA,NA,NA,NA_NA,NA_NA,100,1.96163e-160,313,Metazoa,Annelida,NA,Sipuncula,Phascolosomatidae,Phascolosoma,0,0,TRUE,ASV625,3,Phascolosoma (Phascolosoma) agassizii
edna0088,ASV542,motu476,Phascolosoma (Phascolosoma) agassizii,Agassiz peanut worm,species,1,1,1,1,8,17,10,54,54,NA,69,Phascolosoma (Phascolosoma) agassizii,Agassiz peanut worm,2018_west_surface,west,kelp,2018-07-17,NA,2018,surface,1,edna_west_00,surface,biological,12.5,31.77,8.07,NA,NA,NA,4.8,1000,0,NA,NA,NA,NA,NA,NA,NA,NA,NA_NA,NA_NA,100,1.96163e-160,313,Metazoa,Annelida,NA,Sipuncula,Phascolosomatidae,Phascolosoma,0,0,TRUE,ASV542,4,Phascolosoma (Phascolosoma) agassizii
edna0088,ASV2859,motu2311,Haliclona,Sponge,genus,1,1,NA,NA,48,110,NA,NA,NA,NA,NA,Haliclona,Sponge,2018_west_surface,west,kelp,2018-07-17,NA,2018,surface,1,edna_west_00,surface,biological,12.5,31.77,8.07,NA,NA,NA,4.8,1000,0,NA,NA,NA,NA,NA,NA,NA,NA,NA_NA,NA_NA,97.02,2.5067099999999998e-139,275,Metazoa,Porifera,Demospongiae,Haplosclerida,Chalinidae,Haliclona,0,0,TRUE,ASV2859,1,NA
edna0088,ASV2006,motu1662,Haliclona,Sponge,genus,1,1,NA,1,46,77,NA,56,72,NA,97,Haliclona,Sponge,2018_west_surface,west,kelp,2018-07-17,NA,2018,surface,1,edna_west_00,surface,biological,12.5,31.77,8.07,NA,NA,NA,4.8,1000,0,NA,NA,NA,NA,NA,NA,NA,NA,NA_NA,NA_NA,97.02,2.5067099999999998e-139,275,Metazoa,Porifera,Demospongiae,Haplosclerida,Chalinidae,Haliclona,0,0,TRUE,ASV2006,1,NA
edna0089,ASV613,motu536,Sabellariidae,Feather duster worm,family,1,1,NA,1,7,22,NA,NA,20,NA,NA,Sabellariidae,Feather duster worm,2018_west_depth,west,kelp,2018-07-17,NA,2018,depth,1,edna_west_15,depth,biological,11.2,31.88,8.07,NA,NA,NA,4.8,1000,0,51.64898316,-128.1517294,NA,NA,NA,NA,macroalgae,macrocystis,macroalgae_NA,macrocystis_NA,99.68,1.5051499999999994e-156,306,Metazoa,Annelida,Polychaeta,NA,Sabellariidae,NA,0,0,TRUE,ASV613,7,NA
edna0089,ASV1779,motu1483,Orthopyxis,Thecate Hydroid,genus,1,1,1,1,30,52,17,129,95,NA,133,Orthopyxis,Thecate Hydroid,2018_west_depth,west,kelp,2018-07-17,NA,2018,depth,1,edna_west_15,depth,biological,11.2,31.88,8.07,NA,NA,NA,4.8,1000,0,51.64898316,-128.1517294,NA,NA,NA,NA,macroalgae,macrocystis,macroalgae_NA,macrocystis_NA,95.21,2.03226e-135,268,Metazoa,Cnidaria,Cnidaria,Leptothecata,Campanulariidae,Orthopyxis,0,0,TRUE,ASV1779,2,NA
edna0089,ASV3930,motu3087,Orthopyxis,Thecate Hydroid,genus,1,1,NA,NA,26,49,NA,NA,NA,NA,NA,Orthopyxis,Thecate Hydroid,2018_west_depth,west,kelp,2018-07-17,NA,2018,depth,1,edna_west_15,depth,biological,11.2,31.88,8.07,NA,NA,NA,4.8,1000,0,51.64898316,-128.1517294,NA,NA,NA,NA,macroalgae,macrocystis,macroalgae_NA,macrocystis_NA,95.21,2.03226e-135,268,Metazoa,Cnidaria,Cnidaria,Leptothecata,Campanulariidae,Orthopyxis,0,0,TRUE,ASV3930,2,NA
edna0090,ASV521,motu458,Sabellariidae,Feather duster worm,family,1,1,1,1,3,6,2,22,NA,NA,26,Sabellariidae,Feather duster worm,2018_west_surface,west,kelp,2018-07-17,NA,2018,surface,2,edna_west_30,surface,biological,13,31.75,8.06,NA,NA,NA,5.4,1000,0,51.64898937,-128.1515178,NA,NA,NA,NA,macroalgae,macrocystis,macroalgae_NA,macrocystis_NA,99.68,1.5051499999999994e-156,306,Metazoa,Annelida,Polychaeta,NA,Sabellariidae,NA,0,0,TRUE,ASV521,12,NA
edna0090,ASV750,motu654,Orobdella,Freshwater leech,genus,1,1,NA,NA,4,4,NA,NA,NA,NA,NA,Orobdella,Freshwater leech,2018_west_surface,west,kelp,2018-07-17,NA,2018,surface,2,edna_west_30,surface,biological,13,31.75,8.06,NA,NA,NA,5.4,1000,0,51.64898937,-128.1515178,NA,NA,NA,NA,macroalgae,macrocystis,macroalgae_NA,macrocystis_NA,97.06,0.00121031,31,Metazoa,Annelida,Annelida,Erpobdelliformes,Orobdellidae,Orobdella,NA,NA,TRUE,ASV750,1,NA
edna0154,ASV270,motu199,Mytilus,Mussel species,genus,1,1,1,1,3,3,2,7,NA,NA,5,Mytilus trossulus,Bay mussel,2018_choked-grid_surface,choked grid,seagrass_grid,2018-08-24,NA,2018,surface,7,choked_grid_c1,grid,biological,NA,NA,NA,NA,NA,NA,7.3,1000,0,51.67445702,-128.1202209,sand,NA,NA,NA,seagrass,zostera,seagrass_sand,zostera_sand,100,3.2351099999999996e-158,309,Metazoa,Mollusca,Mollusca,Mytilida,Mytilidae,Mytilus,0,0,TRUE,ASV226,18,NA
edna0154,ASV733,motu637,Phyllodocida,Polychaete,order,1,1,1,NA,8,12,6,NA,NA,NA,NA,Phyllodocida,Polychaete,2018_choked-grid_surface,choked grid,seagrass_grid,2018-08-24,NA,2018,surface,7,choked_grid_c1,grid,biological,NA,NA,NA,NA,NA,NA,7.3,1000,0,51.67445702,-128.1202209,sand,NA,NA,NA,seagrass,zostera,seagrass_sand,zostera_sand,100,0.0603188,28,Metazoa,Annelida,Annelida,Phyllodocida,NA,NA,0,0,TRUE,ASV733,1,NA
edna0154,ASV2364,motu1940,Membranipora membranacea,Coffin box bryozoan,species,1,NA,NA,NA,6,NA,NA,NA,NA,NA,NA,Membranipora membranacea,Coffin box bryozoan,2018_choked-grid_surface,choked grid,seagrass_grid,2018-08-24,NA,2018,surface,7,choked_grid_c1,grid,biological,NA,NA,NA,NA,NA,NA,7.3,1000,0,51.67445702,-128.1202209,sand,NA,NA,NA,seagrass,zostera,seagrass_sand,zostera_sand,100,9.252979999999995e-139,274,Metazoa,Bryozoa,Gymnolaemata,Cheilostomatida,Membraniporidae,Membranipora,0,0,TRUE,ASV2364,1,Membranipora membranacea
edna0092,ASV34,motu31,Centropages abdominalis,Calanoid copepod,species,1,1,1,1,2,19,8,14,27,NA,21,Centropages abdominalis,Calanoid copepod,2018_west_surface,west,kelp,2018-07-17,NA,2018,surface,3,edna_west_15,surface,biological,12.5,31.58,8.07,NA,NA,NA,5.8,1000,0,51.64898316,-128.1517294,NA,NA,NA,NA,macroalgae,macrocystis,macroalgae_NA,macrocystis_NA,100,1.96163e-160,313,Metazoa,Arthropoda,Copepoda,Calanoida,Centropagidae,Centropages,0,0,TRUE,ASV34,19,Centropages abdominalis
edna0092,ASV143,motu128,Centropages abdominalis,Calanoid copepod,species,1,1,NA,NA,8,10,NA,NA,NA,NA,NA,Centropages abdominalis,Calanoid copepod,2018_west_surface,west,kelp,2018-07-17,NA,2018,surface,3,edna_west_15,surface,biological,12.5,31.58,8.07,NA,NA,NA,5.8,1000,0,51.64898316,-128.1517294,NA,NA,NA,NA,macroalgae,macrocystis,macroalgae_NA,macrocystis_NA,100,1.96163e-160,313,Metazoa,Arthropoda,Copepoda,Calanoida,Centropagidae,Centropages,0,0,TRUE,ASV143,11,Centropages abdominalis
edna0092,ASV498,motu441,Clytia gregaria,Gregarious jellyfish,species,1,1,NA,1,33,55,NA,45,66,NA,87,Clytia gregaria,Gregarious jellyfish,2018_west_surface,west,kelp,2018-07-17,NA,2018,surface,3,edna_west_15,surface,biological,12.5,31.58,8.07,NA,NA,NA,5.8,1000,0,51.64898316,-128.1517294,NA,NA,NA,NA,macroalgae,macrocystis,macroalgae_NA,macrocystis_NA,99.68,9.126599999999999e-159,310,Metazoa,Cnidaria,Hydrozoa,Leptothecata,Campanulariidae,Clytia,0,0,TRUE,ASV498,2,Clytia gregaria
edna0092,ASV1038,motu895,Clytia gregaria,Gregarious jellyfish,species,1,1,NA,NA,22,44,NA,NA,NA,NA,NA,Clytia gregaria,Gregarious jellyfish,2018_west_surface,west,kelp,2018-07-17,NA,2018,surface,3,edna_west_15,surface,biological,12.5,31.58,8.07,NA,NA,NA,5.8,1000,0,51.64898316,-128.1517294,NA,NA,NA,NA,macroalgae,macrocystis,macroalgae_NA,macrocystis_NA,99.68,9.126599999999999e-159,310,Metazoa,Cnidaria,Hydrozoa,Leptothecata,Campanulariidae,Clytia,0,0,TRUE,ASV1038,2,Clytia gregaria
edna0092,ASV625,motu545,Phascolosoma (Phascolosoma) agassizii,Agassiz peanut worm,species,1,1,NA,1,21,29,NA,47,62,NA,43,Phascolosoma (Phascolosoma) agassizii,Agassiz peanut worm,2018_west_surface,west,kelp,2018-07-17,NA,2018,surface,3,edna_west_15,surface,biological,12.5,31.58,8.07,NA,NA,NA,5.8,1000,0,51.64898316,-128.1517294,NA,NA,NA,NA,macroalgae,macrocystis,macroalgae_NA,macrocystis_NA,100,1.96163e-160,313,Metazoa,Annelida,NA,Sipuncula,Phascolosomatidae,Phascolosoma,0,0,TRUE,ASV625,3,Phascolosoma (Phascolosoma) agassizii
edna0092,ASV542,motu476,Phascolosoma (Phascolosoma) agassizii,Agassiz peanut worm,species,1,1,1,1,13,45,20,37,51,NA,39,Phascolosoma (Phascolosoma) agassizii,Agassiz peanut worm,2018_west_surface,west,kelp,2018-07-17,NA,2018,surface,3,edna_west_15,surface,biological,12.5,31.58,8.07,NA,NA,NA,5.8,1000,0,51.64898316,-128.1517294,NA,NA,NA,NA,macroalgae,macrocystis,macroalgae_NA,macrocystis_NA,100,1.96163e-160,313,Metazoa,Annelida,NA,Sipuncula,Phascolosomatidae,Phascolosoma,0,0,TRUE,ASV542,4,Phascolosoma (Phascolosoma) agassizii
edna0092,ASV1384,motu1168,Membranipora membranacea,Coffin box bryozoan,species,1,1,NA,NA,11,14,NA,NA,NA,NA,NA,Membranipora membranacea,Coffin box bryozoan,2018_west_surface,west,kelp,2018-07-17,NA,2018,surface,3,edna_west_15,surface,biological,12.5,31.58,8.07,NA,NA,NA,5.8,1000,0,51.64898316,-128.1517294,NA,NA,NA,NA,macroalgae,macrocystis,macroalgae_NA,macrocystis_NA,100,9.252979999999995e-139,274,Metazoa,Bryozoa,Gymnolaemata,Cheilostomatida,Membraniporidae,Membranipora,0,0,TRUE,ASV1384,2,Membranipora membranacea
edna0092,ASV1165,motu998,Dendraster excentricus,Eccentric sand dollar,species,1,1,1,1,80,155,69,174,247,NA,278,Dendraster excentricus,Eccentric sand dollar,2018_west_surface,west,kelp,2018-07-17,NA,2018,surface,3,edna_west_15,surface,biological,12.5,31.58,8.07,NA,NA,NA,5.8,1000,0,51.64898316,-128.1517294,NA,NA,NA,NA,macroalgae,macrocystis,macroalgae_NA,macrocystis_NA,99.36,4.246189999999999e-157,307,Metazoa,Echinodermata,Echinoidea,Echinolampadacea,Dendrasteridae,Dendraster,0,0,TRUE,ASV1165,1,Dendraster excentricus
edna0092,ASV2401,motu1964,Dendraster excentricus,Eccentric sand dollar,species,1,1,NA,NA,75,168,NA,NA,NA,NA,NA,Dendraster excentricus,Eccentric sand dollar,2018_west_surface,west,kelp,2018-07-17,NA,2018,surface,3,edna_west_15,surface,biological,12.5,31.58,8.07,NA,NA,NA,5.8,1000,0,51.64898316,-128.1517294,NA,NA,NA,NA,macroalgae,macrocystis,macroalgae_NA,macrocystis_NA,99.36,4.246189999999999e-157,307,Metazoa,Echinodermata,Echinoidea,Echinolampadacea,Dendrasteridae,Dendraster,0,0,TRUE,ASV2401,1,Dendraster excentricus
edna0093,ASV498,motu441,Clytia gregaria,Gregarious jellyfish,species,1,1,1,1,142,251,111,124,491,NA,NA,Clytia gregaria,Gregarious jellyfish,2018_west_depth,west,kelp,2018-07-17,NA,2018,depth,3,edna_west_30,depth,biological,10.8,31.92,8.01,NA,NA,NA,5.8,1000,0,51.64898937,-128.1515178,NA,NA,NA,NA,macroalgae,macrocystis,macroalgae_NA,macrocystis_NA,99.68,9.126599999999999e-159,310,Metazoa,Cnidaria,Hydrozoa,Leptothecata,Campanulariidae,Clytia,0,0,TRUE,ASV498,2,Clytia gregaria
edna0093,ASV634,motu517,Balanus,Barnacle species,genus,1,1,NA,NA,16,17,NA,NA,NA,NA,NA,Balanus,Barnacle species,2018_west_depth,west,kelp,2018-07-17,NA,2018,depth,3,edna_west_30,depth,biological,10.8,31.92,8.01,NA,NA,NA,5.8,1000,0,51.64898937,-128.1515178,NA,NA,NA,NA,macroalgae,macrocystis,macroalgae_NA,macrocystis_NA,100,1.4886099999999998e-156,306,Metazoa,Arthropoda,Arthropoda,Balanomorpha,Balanidae,Balanus,0,0,TRUE,ASV587,10,NA
edna0093,ASV1038,motu895,Clytia gregaria,Gregarious jellyfish,species,1,1,NA,NA,120,249,NA,NA,NA,NA,NA,Clytia gregaria,Gregarious jellyfish,2018_west_depth,west,kelp,2018-07-17,NA,2018,depth,3,edna_west_30,depth,biological,10.8,31.92,8.01,NA,NA,NA,5.8,1000,0,51.64898937,-128.1515178,NA,NA,NA,NA,macroalgae,macrocystis,macroalgae_NA,macrocystis_NA,99.68,9.126599999999999e-159,310,Metazoa,Cnidaria,Hydrozoa,Leptothecata,Campanulariidae,Clytia,0,0,TRUE,ASV1038,2,Clytia gregaria
edna0093,ASV1059,motu911,Pleurobrachia bachei,Pacific sea gooseberry,species,1,NA,1,NA,2,NA,5,NA,NA,NA,NA,Pleurobrachia bachei,Pacific sea gooseberry,2018_west_depth,west,kelp,2018-07-17,NA,2018,depth,3,edna_west_30,depth,biological,10.8,31.92,8.01,NA,NA,NA,5.8,1000,0,51.64898937,-128.1515178,NA,NA,NA,NA,macroalgae,macrocystis,macroalgae_NA,macrocystis_NA,100,1.96163e-160,313,Metazoa,Ctenophora,Tentaculata,Cydippida,Cydippidae,Pleurobrachia,0,0,TRUE,ASV1059,3,Pleurobrachia bachei
edna0093,ASV1070,motu922,Pleurobrachia bachei,Pacific sea gooseberry,species,1,1,1,1,5,7,6,NA,7,NA,9,Pleurobrachia bachei,Pacific sea gooseberry,2018_west_depth,west,kelp,2018-07-17,NA,2018,depth,3,edna_west_30,depth,biological,10.8,31.92,8.01,NA,NA,NA,5.8,1000,0,51.64898937,-128.1515178,NA,NA,NA,NA,macroalgae,macrocystis,macroalgae_NA,macrocystis_NA,100,1.96163e-160,313,Metazoa,Ctenophora,Tentaculata,Cydippida,Cydippidae,Pleurobrachia,0,0,TRUE,ASV1070,7,Pleurobrachia bachei
edna0093,ASV1982,motu1644,Mitrocoma cellularia,Cross jelly,species,1,1,1,1,32,66,36,15,103,NA,111,Mitrocoma cellularia,Cross jelly,2018_west_depth,west,kelp,2018-07-17,NA,2018,depth,3,edna_west_30,depth,biological,10.8,31.92,8.01,NA,NA,NA,5.8,1000,0,51.64898937,-128.1515178,NA,NA,NA,NA,macroalgae,macrocystis,macroalgae_NA,macrocystis_NA,99.35,3.22227e-153,300,Metazoa,Cnidaria,Hydrozoa,Leptothecata,Mitrocomidae,Mitrocoma,0,0,TRUE,ASV1982,2,Mitrocoma cellularia
edna0093,ASV4210,motu536,Sabellariidae,Feather duster worm,family,1,NA,NA,NA,11,NA,NA,NA,NA,NA,NA,Sabellariidae,Feather duster worm,2018_west_depth,west,kelp,2018-07-17,NA,2018,depth,3,edna_west_30,depth,biological,10.8,31.92,8.01,NA,NA,NA,5.8,1000,0,51.64898937,-128.1515178,NA,NA,NA,NA,macroalgae,macrocystis,macroalgae_NA,macrocystis_NA,99.35,7.002779999999996e-155,303,Metazoa,Annelida,Polychaeta,NA,Sabellariidae,NA,0,0,TRUE,ASV613,7,NA
edna0093,ASV3561,motu537,Mitrocoma cellularia,Cross jelly,species,1,1,NA,NA,30,66,NA,NA,NA,NA,NA,Mitrocoma cellularia,Cross jelly,2018_west_depth,west,kelp,2018-07-17,NA,2018,depth,3,edna_west_30,depth,biological,10.8,31.92,8.01,NA,NA,NA,5.8,1000,0,51.64898937,-128.1515178,NA,NA,NA,NA,macroalgae,macrocystis,macroalgae_NA,macrocystis_NA,99.35,3.22227e-153,300,Metazoa,Cnidaria,Hydrozoa,Leptothecata,Mitrocomidae,Mitrocoma,0,0,TRUE,ASV616,6,Mitrocoma cellularia
edna0093,ASV4086,motu3205,Membranipora membranacea,Coffin box bryozoan,species,1,1,NA,NA,4,7,NA,NA,NA,NA,NA,Membranipora membranacea,Coffin box bryozoan,2018_west_depth,west,kelp,2018-07-17,NA,2018,depth,3,edna_west_30,depth,biological,10.8,31.92,8.01,NA,NA,NA,5.8,1000,0,51.64898937,-128.1515178,NA,NA,NA,NA,macroalgae,macrocystis,macroalgae_NA,macrocystis_NA,100,9.252979999999995e-139,274,Metazoa,Bryozoa,Gymnolaemata,Cheilostomatida,Membraniporidae,Membranipora,0,0,TRUE,ASV4086,1,Membranipora membranacea
edna0094,ASV25,motu22,Acartia (Acartiura) longiremis,Calanoid copepod,species,1,1,1,1,26,39,14,NA,48,NA,37,Acartia (Acartiura) longiremis,Calanoid copepod,2018_second_surface,second,kelp,2018-07-17,NA,2018,surface,1,edna_second_00,surface,biological,12.5,31.8,8.1,10.7,31.96,8,6.8,1000,0,51.64920671,-128.155498,rock,NA,NA,NA,macroalgae,nereocystis,macroalgae_rock,nereocystis_rock,100,1.96163e-160,313,Metazoa,Arthropoda,Copepoda,Calanoida,Acartiidae,Acartia,0,0,TRUE,ASV25,27,Acartia (Acartiura) longiremis
edna0094,ASV81,motu71,Acartia (Acartiura) longiremis,Calanoid copepod,species,1,1,NA,NA,22,41,NA,NA,NA,NA,NA,Acartia (Acartiura) longiremis,Calanoid copepod,2018_second_surface,second,kelp,2018-07-17,NA,2018,surface,1,edna_second_00,surface,biological,12.5,31.8,8.1,10.7,31.96,8,6.8,1000,0,51.64920671,-128.155498,rock,NA,NA,NA,macroalgae,nereocystis,macroalgae_rock,nereocystis_rock,100,1.96163e-160,313,Metazoa,Arthropoda,Copepoda,Calanoida,Acartiidae,Acartia,0,0,TRUE,ASV81,23,Acartia (Acartiura) longiremis
edna0094,ASV232,motu204,Cecidomyiidae,Hexapod,genus,1,NA,NA,NA,2,NA,NA,NA,NA,NA,NA,Cecidomyiidae,Hexapod,2018_second_surface,second,kelp,2018-07-17,NA,2018,surface,1,edna_second_00,surface,biological,12.5,31.8,8.1,10.7,31.96,8,6.8,1000,0,51.64920671,-128.155498,rock,NA,NA,NA,macroalgae,nereocystis,macroalgae_rock,nereocystis_rock,100,0.00408744,30,Metazoa,Arthropoda,Arthropoda,Diptera,Cecidomyiidae,Cecidomyiidae,NA,NA,TRUE,ASV232,1,NA
edna0094,ASV354,motu313,Mitrocoma cellularia,Cross jelly,species,1,1,1,1,4,10,3,NA,12,NA,NA,Mitrocoma cellularia,Cross jelly,2018_second_surface,second,kelp,2018-07-17,NA,2018,surface,1,edna_second_00,surface,biological,12.5,31.8,8.1,10.7,31.96,8,6.8,1000,0,51.64920671,-128.155498,rock,NA,NA,NA,macroalgae,nereocystis,macroalgae_rock,nereocystis_rock,100,1.4886099999999998e-156,306,Metazoa,Cnidaria,Hydrozoa,Leptothecata,Mitrocomidae,Mitrocoma,0,0,TRUE,ASV354,2,Mitrocoma cellularia
edna0094,ASV275,motu244,Ophiopholis kennerlyi,Daisy brittle star,species,1,1,1,1,28,37,25,40,32,NA,21,Ophiopholis kennerlyi,Daisy brittle star,2018_second_surface,second,kelp,2018-07-17,NA,2018,surface,1,edna_second_00,surface,biological,12.5,31.8,8.1,10.7,31.96,8,6.8,1000,0,51.64920671,-128.155498,rock,NA,NA,NA,macroalgae,nereocystis,macroalgae_rock,nereocystis_rock,100,1.96163e-160,313,Metazoa,Echinodermata,Echinodermata,Amphilepidida,Ophiopholidae,Ophiopholis,0,0,TRUE,ASV275,7,Ophiopholis kennerlyi
edna0094,ASV603,motu529,Ophiopholis kennerlyi,Daisy brittle star,species,1,1,NA,NA,29,39,NA,NA,NA,NA,NA,Ophiopholis kennerlyi,Daisy brittle star,2018_second_surface,second,kelp,2018-07-17,NA,2018,surface,1,edna_second_00,surface,biological,12.5,31.8,8.1,10.7,31.96,8,6.8,1000,0,51.64920671,-128.155498,rock,NA,NA,NA,macroalgae,nereocystis,macroalgae_rock,nereocystis_rock,100,1.96163e-160,313,Metazoa,Echinodermata,Echinodermata,Amphilepidida,Ophiopholidae,Ophiopholis,0,0,TRUE,ASV603,6,Ophiopholis kennerlyi
edna0094,ASV498,motu441,Clytia gregaria,Gregarious jellyfish,species,1,1,NA,NA,14,11,NA,NA,NA,NA,NA,Clytia gregaria,Gregarious jellyfish,2018_second_surface,second,kelp,2018-07-17,NA,2018,surface,1,edna_second_00,surface,biological,12.5,31.8,8.1,10.7,31.96,8,6.8,1000,0,51.64920671,-128.155498,rock,NA,NA,NA,macroalgae,nereocystis,macroalgae_rock,nereocystis_rock,99.68,9.126599999999999e-159,310,Metazoa,Cnidaria,Hydrozoa,Leptothecata,Campanulariidae,Clytia,0,0,TRUE,ASV498,2,Clytia gregaria
edna0094,ASV365,motu31,Centropages abdominalis,Calanoid copepod,species,1,NA,NA,1,5,NA,NA,7,8,NA,5,Centropages abdominalis,Calanoid copepod,2018_second_surface,second,kelp,2018-07-17,NA,2018,surface,1,edna_second_00,surface,biological,12.5,31.8,8.1,10.7,31.96,8,6.8,1000,0,51.64920671,-128.155498,rock,NA,NA,NA,macroalgae,nereocystis,macroalgae_rock,nereocystis_rock,99.68,9.126599999999999e-159,310,Metazoa,Arthropoda,Copepoda,Calanoida,Centropagidae,Centropages,0,0,TRUE,ASV34,19,Centropages abdominalis
edna0094,ASV521,motu458,Sabellariidae,Feather duster worm,family,1,1,NA,1,3,3,NA,4,NA,NA,NA,Sabellariidae,Feather duster worm,2018_second_surface,second,kelp,2018-07-17,NA,2018,surface,1,edna_second_00,surface,biological,12.5,31.8,8.1,10.7,31.96,8,6.8,1000,0,51.64920671,-128.155498,rock,NA,NA,NA,macroalgae,nereocystis,macroalgae_rock,nereocystis_rock,99.68,1.5051499999999994e-156,306,Metazoa,Annelida,Polychaeta,NA,Sabellariidae,NA,0,0,TRUE,ASV521,12,NA
edna0094,ASV1038,motu895,Clytia gregaria,Gregarious jellyfish,species,1,1,NA,NA,6,11,NA,NA,NA,NA,NA,Clytia gregaria,Gregarious jellyfish,2018_second_surface,second,kelp,2018-07-17,NA,2018,surface,1,edna_second_00,surface,biological,12.5,31.8,8.1,10.7,31.96,8,6.8,1000,0,51.64920671,-128.155498,rock,NA,NA,NA,macroalgae,nereocystis,macroalgae_rock,nereocystis_rock,99.68,9.126599999999999e-159,310,Metazoa,Cnidaria,Hydrozoa,Leptothecata,Campanulariidae,Clytia,0,0,TRUE,ASV1038,2,Clytia gregaria
edna0094,ASV2147,motu1769,Asteriidae,Sea star,family,1,1,NA,NA,10,15,NA,NA,NA,NA,NA,Asteriidae,Sea star,2018_second_surface,second,kelp,2018-07-17,NA,2018,surface,1,edna_second_00,surface,biological,12.5,31.8,8.1,10.7,31.96,8,6.8,1000,0,51.64920671,-128.155498,rock,NA,NA,NA,macroalgae,nereocystis,macroalgae_rock,nereocystis_rock,100,1.96163e-160,313,Metazoa,Echinodermata,Echinodermata,Forcipulatida,Asteriidae,NA,0,0,TRUE,ASV2147,1,NA
edna0094,ASV1293,motu1094,Asteriidae,Sea star,family,1,1,NA,1,15,23,NA,NA,10,NA,NA,Asteriidae,Sea star,2018_second_surface,second,kelp,2018-07-17,NA,2018,surface,1,edna_second_00,surface,biological,12.5,31.8,8.1,10.7,31.96,8,6.8,1000,0,51.64920671,-128.155498,rock,NA,NA,NA,macroalgae,nereocystis,macroalgae_rock,nereocystis_rock,100,1.96163e-160,313,Metazoa,Echinodermata,Echinodermata,Forcipulatida,Asteriidae,NA,0,0,TRUE,ASV1293,1,NA
edna0094,ASV3696,motu2919,Phacellophora camtschatica,Fried egg jellyfish,species,1,1,NA,NA,3,9,NA,NA,NA,NA,NA,Phacellophora camtschatica,Fried egg jellyfish,2018_second_surface,second,kelp,2018-07-17,NA,2018,surface,1,edna_second_00,surface,biological,12.5,31.8,8.1,10.7,31.96,8,6.8,1000,0,51.64920671,-128.155498,rock,NA,NA,NA,macroalgae,nereocystis,macroalgae_rock,nereocystis_rock,100,1.96163e-160,313,Metazoa,Cnidaria,Scyphozoa,Semaeostomeae,Phacellophoridae,Phacellophora,0,0,TRUE,ASV3696,1,Phacellophora camtschatica
edna0094,ASV5030,motu1896,Membranipora membranacea,Coffin box bryozoan,species,1,1,NA,NA,4,4,NA,NA,NA,NA,NA,Membranipora membranacea,Coffin box bryozoan,2018_second_surface,second,kelp,2018-07-17,NA,2018,surface,1,edna_second_00,surface,biological,12.5,31.8,8.1,10.7,31.96,8,6.8,1000,0,51.64920671,-128.155498,rock,NA,NA,NA,macroalgae,nereocystis,macroalgae_rock,nereocystis_rock,99.64,7.2578e-140,276,Metazoa,Bryozoa,Gymnolaemata,Cheilostomatida,Membraniporidae,Membranipora,0,0,TRUE,ASV2302,3,Membranipora membranacea
edna0094,ASV5427,motu4165,Chaetognatha,Arrow worm,phylum,1,NA,NA,NA,5,NA,NA,NA,NA,NA,NA,Chaetognatha,Arrow worm,2018_second_surface,second,kelp,2018-07-17,NA,2018,surface,1,edna_second_00,surface,biological,12.5,31.8,8.1,10.7,31.96,8,6.8,1000,0,51.64920671,-128.155498,rock,NA,NA,NA,macroalgae,nereocystis,macroalgae_rock,nereocystis_rock,98.01,1.6078299999999998e-91,189,Metazoa,Chaetognatha,NA,NA,NA,NA,0,0,TRUE,ASV5427,1,NA
edna0094,ASV3586,motu2841,Membranipora membranacea,Coffin box bryozoan,species,1,1,NA,NA,5,7,NA,NA,NA,NA,NA,Membranipora membranacea,Coffin box bryozoan,2018_second_surface,second,kelp,2018-07-17,NA,2018,surface,1,edna_second_00,surface,biological,12.5,31.8,8.1,10.7,31.96,8,6.8,1000,0,51.64920671,-128.155498,rock,NA,NA,NA,macroalgae,nereocystis,macroalgae_rock,nereocystis_rock,99.64,7.2578e-140,276,Metazoa,Bryozoa,Gymnolaemata,Cheilostomatida,Membraniporidae,Membranipora,0,0,TRUE,ASV3586,2,Membranipora membranacea
edna0095,ASV25,motu22,Acartia (Acartiura) longiremis,Calanoid copepod,species,1,NA,NA,NA,2,NA,NA,NA,NA,NA,NA,Acartia (Acartiura) longiremis,Calanoid copepod,2018_second_surface,second,kelp,2018-07-17,NA,2018,surface,2,edna_second_15,surface,biological,13,30.8,8.1,10.6,32,8.97,7.1,1000,0,51.64922548,-128.1552836,rock,NA,NA,NA,macroalgae,nereocystis,macroalgae_rock,nereocystis_rock,100,1.96163e-160,313,Metazoa,Arthropoda,Copepoda,Calanoida,Acartiidae,Acartia,0,0,TRUE,ASV25,27,Acartia (Acartiura) longiremis
edna0095,ASV34,motu31,Centropages abdominalis,Calanoid copepod,species,1,1,1,1,21,17,13,45,35,NA,32,Centropages abdominalis,Calanoid copepod,2018_second_surface,second,kelp,2018-07-17,NA,2018,surface,2,edna_second_15,surface,biological,13,30.8,8.1,10.6,32,8.97,7.1,1000,0,51.64922548,-128.1552836,rock,NA,NA,NA,macroalgae,nereocystis,macroalgae_rock,nereocystis_rock,100,1.96163e-160,313,Metazoa,Arthropoda,Copepoda,Calanoida,Centropagidae,Centropages,0,0,TRUE,ASV34,19,Centropages abdominalis
edna0095,ASV143,motu128,Centropages abdominalis,Calanoid copepod,species,1,1,NA,NA,10,31,NA,NA,NA,NA,NA,Centropages abdominalis,Calanoid copepod,2018_second_surface,second,kelp,2018-07-17,NA,2018,surface,2,edna_second_15,surface,biological,13,30.8,8.1,10.6,32,8.97,7.1,1000,0,51.64922548,-128.1552836,rock,NA,NA,NA,macroalgae,nereocystis,macroalgae_rock,nereocystis_rock,100,1.96163e-160,313,Metazoa,Arthropoda,Copepoda,Calanoida,Centropagidae,Centropages,0,0,TRUE,ASV143,11,Centropages abdominalis
edna0095,ASV226,motu199,Mytilus trossulus,Bay mussel,species,1,NA,NA,1,41,NA,NA,NA,NA,NA,37,Mytilus trossulus,Bay mussel,2018_second_surface,second,kelp,2018-07-17,NA,2018,surface,2,edna_second_15,surface,biological,13,30.8,8.1,10.6,32,8.97,7.1,1000,0,51.64922548,-128.1552836,rock,NA,NA,NA,macroalgae,nereocystis,macroalgae_rock,nereocystis_rock,100,3.2351099999999996e-158,309,Metazoa,Mollusca,Mollusca,Mytilida,Mytilidae,Mytilus,0,0,TRUE,ASV226,18,Mytilus trossulus
edna0095,ASV216,motu190,Mytilus trossulus,Bay mussel,species,1,1,NA,NA,42,58,NA,NA,NA,NA,NA,Mytilus trossulus,Bay mussel,2018_second_surface,second,kelp,2018-07-17,NA,2018,surface,2,edna_second_15,surface,biological,13,30.8,8.1,10.6,32,8.97,7.1,1000,0,51.64922548,-128.1552836,rock,NA,NA,NA,macroalgae,nereocystis,macroalgae_rock,nereocystis_rock,100,3.2351099999999996e-158,309,Metazoa,Mollusca,Mollusca,Mytilida,Mytilidae,Mytilus,0,0,TRUE,ASV216,23,Mytilus trossulus
edna0095,ASV232,motu204,Cecidomyiidae,Hexapod,genus,1,1,NA,1,3,4,NA,NA,5,NA,NA,Cecidomyiidae,Hexapod,2018_second_surface,second,kelp,2018-07-17,NA,2018,surface,2,edna_second_15,surface,biological,13,30.8,8.1,10.6,32,8.97,7.1,1000,0,51.64922548,-128.1552836,rock,NA,NA,NA,macroalgae,nereocystis,macroalgae_rock,nereocystis_rock,100,0.00408744,30,Metazoa,Arthropoda,Arthropoda,Diptera,Cecidomyiidae,Cecidomyiidae,NA,NA,TRUE,ASV232,1,NA
edna0095,ASV354,motu313,Mitrocoma cellularia,Cross jelly,species,1,NA,NA,1,6,NA,NA,12,NA,NA,NA,Mitrocoma cellularia,Cross jelly,2018_second_surface,second,kelp,2018-07-17,NA,2018,surface,2,edna_second_15,surface,biological,13,30.8,8.1,10.6,32,8.97,7.1,1000,0,51.64922548,-128.1552836,rock,NA,NA,NA,macroalgae,nereocystis,macroalgae_rock,nereocystis_rock,100,1.4886099999999998e-156,306,Metazoa,Cnidaria,Hydrozoa,Leptothecata,Mitrocomidae,Mitrocoma,0,0,TRUE,ASV354,2,Mitrocoma cellularia
edna0095,ASV275,motu244,Ophiopholis kennerlyi,Daisy brittle star,species,1,1,NA,1,5,12,NA,12,NA,NA,NA,Ophiopholis kennerlyi,Daisy brittle star,2018_second_surface,second,kelp,2018-07-17,NA,2018,surface,2,edna_second_15,surface,biological,13,30.8,8.1,10.6,32,8.97,7.1,1000,0,51.64922548,-128.1552836,rock,NA,NA,NA,macroalgae,nereocystis,macroalgae_rock,nereocystis_rock,100,1.96163e-160,313,Metazoa,Echinodermata,Echinodermata,Amphilepidida,Ophiopholidae,Ophiopholis,0,0,TRUE,ASV275,7,Ophiopholis kennerlyi
edna0095,ASV595,motu522,Cecidomyiidae,Hexapod,genus,1,1,NA,NA,6,6,NA,NA,NA,NA,NA,Cecidomyiidae,Hexapod,2018_second_surface,second,kelp,2018-07-17,NA,2018,surface,2,edna_second_15,surface,biological,13,30.8,8.1,10.6,32,8.97,7.1,1000,0,51.64922548,-128.1552836,rock,NA,NA,NA,macroalgae,nereocystis,macroalgae_rock,nereocystis_rock,100,0.00408744,30,Metazoa,Arthropoda,Arthropoda,Diptera,Cecidomyiidae,Cecidomyiidae,NA,NA,TRUE,ASV595,1,NA
edna0095,ASV603,motu529,Ophiopholis kennerlyi,Daisy brittle star,species,1,1,NA,NA,5,10,NA,NA,NA,NA,NA,Ophiopholis kennerlyi,Daisy brittle star,2018_second_surface,second,kelp,2018-07-17,NA,2018,surface,2,edna_second_15,surface,biological,13,30.8,8.1,10.6,32,8.97,7.1,1000,0,51.64922548,-128.1552836,rock,NA,NA,NA,macroalgae,nereocystis,macroalgae_rock,nereocystis_rock,100,1.96163e-160,313,Metazoa,Echinodermata,Echinodermata,Amphilepidida,Ophiopholidae,Ophiopholis,0,0,TRUE,ASV603,6,Ophiopholis kennerlyi
edna0095,ASV322,motu283,Dodecaceria,Cirratulid polychaete,genus,1,NA,NA,NA,13,NA,NA,NA,NA,NA,NA,Dodecaceria,Cirratulid polychaete,2018_second_surface,second,kelp,2018-07-17,NA,2018,surface,2,edna_second_15,surface,biological,13,30.8,8.1,10.6,32,8.97,7.1,1000,0,51.64922548,-128.1552836,rock,NA,NA,NA,macroalgae,nereocystis,macroalgae_rock,nereocystis_rock,100,1.96163e-160,313,Metazoa,Annelida,Polychaeta,Terebellida,Cirratulidae,Dodecaceria,0,0,TRUE,ASV322,5,NA
edna0095,ASV498,motu441,Clytia gregaria,Gregarious jellyfish,species,1,1,NA,1,15,19,NA,28,11,NA,12,Clytia gregaria,Gregarious jellyfish,2018_second_surface,second,kelp,2018-07-17,NA,2018,surface,2,edna_second_15,surface,biological,13,30.8,8.1,10.6,32,8.97,7.1,1000,0,51.64922548,-128.1552836,rock,NA,NA,NA,macroalgae,nereocystis,macroalgae_rock,nereocystis_rock,99.68,9.126599999999999e-159,310,Metazoa,Cnidaria,Hydrozoa,Leptothecata,Campanulariidae,Clytia,0,0,TRUE,ASV498,2,Clytia gregaria
edna0095,ASV1098,motu945,Chthamalus dalli,Little brown barnacle,species,1,1,NA,NA,378,739,NA,NA,NA,NA,NA,Chthamalus dalli,Little brown barnacle,2018_second_surface,second,kelp,2018-07-17,NA,2018,surface,2,edna_second_15,surface,biological,13,30.8,8.1,10.6,32,8.97,7.1,1000,0,51.64922548,-128.1552836,rock,NA,NA,NA,macroalgae,nereocystis,macroalgae_rock,nereocystis_rock,99.01,2.4714899999999987e-149,293,Metazoa,Arthropoda,Thecostraca,Balanomorpha,Chthamalidae,Chthamalus,0,0,TRUE,ASV1098,1,Chthamalus dalli
edna0095,ASV1038,motu895,Clytia gregaria,Gregarious jellyfish,species,1,1,NA,NA,14,15,NA,NA,NA,NA,NA,Clytia gregaria,Gregarious jellyfish,2018_second_surface,second,kelp,2018-07-17,NA,2018,surface,2,edna_second_15,surface,biological,13,30.8,8.1,10.6,32,8.97,7.1,1000,0,51.64922548,-128.1552836,rock,NA,NA,NA,macroalgae,nereocystis,macroalgae_rock,nereocystis_rock,99.68,9.126599999999999e-159,310,Metazoa,Cnidaria,Hydrozoa,Leptothecata,Campanulariidae,Clytia,0,0,TRUE,ASV1038,2,Clytia gregaria
edna0095,ASV741,motu645,Chthamalus dalli,Little brown barnacle,species,1,1,1,1,355,704,137,390,303,NA,310,Chthamalus dalli,Little brown barnacle,2018_second_surface,second,kelp,2018-07-17,NA,2018,surface,2,edna_second_15,surface,biological,13,30.8,8.1,10.6,32,8.97,7.1,1000,0,51.64922548,-128.1552836,rock,NA,NA,NA,macroalgae,nereocystis,macroalgae_rock,nereocystis_rock,99.01,2.4714899999999987e-149,293,Metazoa,Arthropoda,Thecostraca,Balanomorpha,Chthamalidae,Chthamalus,0,0,TRUE,ASV741,1,Chthamalus dalli
edna0095,ASV780,motu679,Aequorea,Crystal jelly species,genus,1,NA,NA,1,4,NA,NA,NA,7,NA,9,Aequorea,Crystal jelly species,2018_second_surface,second,kelp,2018-07-17,NA,2018,surface,2,edna_second_15,surface,biological,13,30.8,8.1,10.6,32,8.97,7.1,1000,0,51.64922548,-128.1552836,rock,NA,NA,NA,macroalgae,nereocystis,macroalgae_rock,nereocystis_rock,100,1.4886099999999998e-156,306,Metazoa,Cnidaria,Hydrozoa,Leptothecata,Aequoreidae,Aequorea,0,0,TRUE,ASV780,4,NA
edna0095,ASV775,motu675,Aequorea,Crystal jelly species,genus,1,NA,1,1,3,NA,6,NA,NA,NA,11,Aequorea,Crystal jelly species,2018_second_surface,second,kelp,2018-07-17,NA,2018,surface,2,edna_second_15,surface,biological,13,30.8,8.1,10.6,32,8.97,7.1,1000,0,51.64922548,-128.1552836,rock,NA,NA,NA,macroalgae,nereocystis,macroalgae_rock,nereocystis_rock,100,1.4886099999999998e-156,306,Metazoa,Cnidaria,Hydrozoa,Leptothecata,Aequoreidae,Aequorea,0,0,TRUE,ASV775,3,NA
edna0095,ASV1482,motu118,Mesocentrotus franciscanus,Red sea urchin,species,1,NA,NA,NA,8,NA,NA,NA,NA,NA,NA,Mesocentrotus franciscanus,Red sea urchin,2018_second_surface,second,kelp,2018-07-17,NA,2018,surface,2,edna_second_15,surface,biological,13,30.8,8.1,10.6,32,8.97,7.1,1000,0,51.64922548,-128.1552836,rock,NA,NA,NA,macroalgae,nereocystis,macroalgae_rock,nereocystis_rock,100,1.96163e-160,313,Metazoa,Echinodermata,Echinoidea,Camarodonta,Strongylocentrotidae,Mesocentrotus,0,0,TRUE,ASV132,8,Mesocentrotus franciscanus
edna0095,ASV1293,motu1094,Asteriidae,Sea star,family,1,1,NA,1,5,16,NA,NA,34,NA,NA,Asteriidae,Sea star,2018_second_surface,second,kelp,2018-07-17,NA,2018,surface,2,edna_second_15,surface,biological,13,30.8,8.1,10.6,32,8.97,7.1,1000,0,51.64922548,-128.1552836,rock,NA,NA,NA,macroalgae,nereocystis,macroalgae_rock,nereocystis_rock,100,1.96163e-160,313,Metazoa,Echinodermata,Echinodermata,Forcipulatida,Asteriidae,NA,0,0,TRUE,ASV1293,1,NA
edna0095,ASV3128,motu2513,Pseudocalanus mimus,Calanoid copepod,species,1,1,NA,1,42,63,NA,NA,27,NA,NA,Pseudocalanus mimus,Calanoid copepod,2018_second_surface,second,kelp,2018-07-17,NA,2018,surface,2,edna_second_15,surface,biological,13,30.8,8.1,10.6,32,8.97,7.1,1000,0,51.64922548,-128.1552836,rock,NA,NA,NA,macroalgae,nereocystis,macroalgae_rock,nereocystis_rock,98.68,9.256649999999999e-149,292,Metazoa,Arthropoda,Copepoda,Calanoida,Clausocalanidae,Pseudocalanus,0,0,TRUE,ASV3128,1,Pseudocalanus mimus
edna0095,ASV2022,motu1672,Pseudocalanus mimus,Calanoid copepod,species,1,1,1,1,40,61,30,73,64,NA,80,Pseudocalanus mimus,Calanoid copepod,2018_second_surface,second,kelp,2018-07-17,NA,2018,surface,2,edna_second_15,surface,biological,13,30.8,8.1,10.6,32,8.97,7.1,1000,0,51.64922548,-128.1552836,rock,NA,NA,NA,macroalgae,nereocystis,macroalgae_rock,nereocystis_rock,98.68,9.256649999999999e-149,292,Metazoa,Arthropoda,Copepoda,Calanoida,Clausocalanidae,Pseudocalanus,0,0,TRUE,ASV2022,1,Pseudocalanus mimus
edna0095,ASV2490,motu2027,Phacellophora camtschatica,Fried egg jellyfish,species,1,NA,NA,1,2,NA,NA,6,6,NA,NA,Phacellophora camtschatica,Fried egg jellyfish,2018_second_surface,second,kelp,2018-07-17,NA,2018,surface,2,edna_second_15,surface,biological,13,30.8,8.1,10.6,32,8.97,7.1,1000,0,51.64922548,-128.1552836,rock,NA,NA,NA,macroalgae,nereocystis,macroalgae_rock,nereocystis_rock,100,1.96163e-160,313,Metazoa,Cnidaria,Scyphozoa,Semaeostomeae,Phacellophoridae,Phacellophora,0,0,TRUE,ASV2490,1,Phacellophora camtschatica
edna0095,ASV3630,motu2877,Pseudocnus lubricus,Fishers sea cucumber,species,1,NA,NA,1,20,NA,NA,NA,NA,NA,17,Pseudocnus lubricus,Fishers sea cucumber,2018_second_surface,second,kelp,2018-07-17,NA,2018,surface,2,edna_second_15,surface,biological,13,30.8,8.1,10.6,32,8.97,7.1,1000,0,51.64922548,-128.1552836,rock,NA,NA,NA,macroalgae,nereocystis,macroalgae_rock,nereocystis_rock,100,1.4886099999999998e-156,306,Metazoa,Echinodermata,Holothuroidea,Dendrochirotida,Cucumariidae,Cucumaria,0,0,TRUE,ASV3630,1,Pseudocnus lubricus
edna0095,ASV4129,motu3237,Pseudocnus lubricus,Fishers sea cucumber,species,1,NA,NA,1,19,NA,NA,23,NA,NA,23,Pseudocnus lubricus,Fishers sea cucumber,2018_second_surface,second,kelp,2018-07-17,NA,2018,surface,2,edna_second_15,surface,biological,13,30.8,8.1,10.6,32,8.97,7.1,1000,0,51.64922548,-128.1552836,rock,NA,NA,NA,macroalgae,nereocystis,macroalgae_rock,nereocystis_rock,100,1.4886099999999998e-156,306,Metazoa,Echinodermata,Holothuroidea,Dendrochirotida,Cucumariidae,Cucumaria,0,0,TRUE,ASV4129,1,Pseudocnus lubricus
edna0095,ASV4134,motu697,Micropodarke dubia,Hesionid polychaete,species,1,NA,NA,1,3,NA,NA,6,10,NA,NA,Micropodarke dubia,Hesionid polychaete,2018_second_surface,second,kelp,2018-07-17,NA,2018,surface,2,edna_second_15,surface,biological,13,30.8,8.1,10.6,32,8.97,7.1,1000,0,51.64922548,-128.1552836,rock,NA,NA,NA,macroalgae,nereocystis,macroalgae_rock,nereocystis_rock,99.68,9.126599999999999e-159,310,Metazoa,Annelida,Polychaeta,Phyllodocida,Hesionidae,Micropodarke,0,0,TRUE,ASV801,2,Micropodarke dubia
edna0095,ASV7245,motu3087,Orthopyxis,Thecate Hydroid,genus,1,NA,NA,NA,3,NA,NA,NA,NA,NA,NA,Orthopyxis,Thecate Hydroid,2018_second_surface,second,kelp,2018-07-17,NA,2018,surface,2,edna_second_15,surface,biological,13,30.8,8.1,10.6,32,8.97,7.1,1000,0,51.64922548,-128.1552836,rock,NA,NA,NA,macroalgae,nereocystis,macroalgae_rock,nereocystis_rock,95.53,4.45602e-137,271,Metazoa,Cnidaria,Cnidaria,Leptothecata,Campanulariidae,Orthopyxis,0,0,TRUE,ASV3930,2,NA
edna0096,ASV81,motu71,Acartia (Acartiura) longiremis,Calanoid copepod,species,1,NA,NA,NA,11,NA,NA,NA,NA,NA,NA,Acartia (Acartiura) longiremis,Calanoid copepod,2018_second_surface,second,kelp,2018-07-17,NA,2018,surface,3,edna_second_30,surface,biological,12.9,31.73,8.08,11.4,31.86,8.07,5.2,1000,0,51.64923127,-128.1550769,rock,NA,NA,NA,macroalgae,nereocystis,macroalgae_rock,nereocystis_rock,100,1.96163e-160,313,Metazoa,Arthropoda,Copepoda,Calanoida,Acartiidae,Acartia,0,0,TRUE,ASV81,23,Acartia (Acartiura) longiremis
edna0096,ASV34,motu31,Centropages abdominalis,Calanoid copepod,species,1,1,1,1,16,19,18,45,89,NA,19,Centropages abdominalis,Calanoid copepod,2018_second_surface,second,kelp,2018-07-17,NA,2018,surface,3,edna_second_30,surface,biological,12.9,31.73,8.08,11.4,31.86,8.07,5.2,1000,0,51.64923127,-128.1550769,rock,NA,NA,NA,macroalgae,nereocystis,macroalgae_rock,nereocystis_rock,100,1.96163e-160,313,Metazoa,Arthropoda,Copepoda,Calanoida,Centropagidae,Centropages,0,0,TRUE,ASV34,19,Centropages abdominalis
edna0096,ASV143,motu128,Centropages abdominalis,Calanoid copepod,species,1,1,NA,NA,14,22,NA,NA,NA,NA,NA,Centropages abdominalis,Calanoid copepod,2018_second_surface,second,kelp,2018-07-17,NA,2018,surface,3,edna_second_30,surface,biological,12.9,31.73,8.08,11.4,31.86,8.07,5.2,1000,0,51.64923127,-128.1550769,rock,NA,NA,NA,macroalgae,nereocystis,macroalgae_rock,nereocystis_rock,100,1.96163e-160,313,Metazoa,Arthropoda,Copepoda,Calanoida,Centropagidae,Centropages,0,0,TRUE,ASV143,11,Centropages abdominalis
edna0096,ASV216,motu190,Mytilus trossulus,Bay mussel,species,1,NA,NA,NA,3,NA,NA,NA,NA,NA,NA,Mytilus trossulus,Bay mussel,2018_second_surface,second,kelp,2018-07-17,NA,2018,surface,3,edna_second_30,surface,biological,12.9,31.73,8.08,11.4,31.86,8.07,5.2,1000,0,51.64923127,-128.1550769,rock,NA,NA,NA,macroalgae,nereocystis,macroalgae_rock,nereocystis_rock,100,3.2351099999999996e-158,309,Metazoa,Mollusca,Mollusca,Mytilida,Mytilidae,Mytilus,0,0,TRUE,ASV216,23,Mytilus trossulus
edna0096,ASV118,motu105,Mesocentrotus franciscanus,Red sea urchin,species,1,NA,NA,NA,4,NA,NA,NA,NA,NA,NA,Mesocentrotus franciscanus,Red sea urchin,2018_second_surface,second,kelp,2018-07-17,NA,2018,surface,3,edna_second_30,surface,biological,12.9,31.73,8.08,11.4,31.86,8.07,5.2,1000,0,51.64923127,-128.1550769,rock,NA,NA,NA,macroalgae,nereocystis,macroalgae_rock,nereocystis_rock,100,2.51921e-159,311,Metazoa,Echinodermata,Echinoidea,Camarodonta,Strongylocentrotidae,Mesocentrotus,0,0,TRUE,ASV118,8,Mesocentrotus franciscanus
edna0096,ASV595,motu522,Cecidomyiidae,Hexapod,genus,1,NA,NA,NA,2,NA,NA,NA,NA,NA,NA,Cecidomyiidae,Hexapod,2018_second_surface,second,kelp,2018-07-17,NA,2018,surface,3,edna_second_30,surface,biological,12.9,31.73,8.08,11.4,31.86,8.07,5.2,1000,0,51.64923127,-128.1550769,rock,NA,NA,NA,macroalgae,nereocystis,macroalgae_rock,nereocystis_rock,100,0.00408744,30,Metazoa,Arthropoda,Arthropoda,Diptera,Cecidomyiidae,Cecidomyiidae,NA,NA,TRUE,ASV595,1,NA
edna0096,ASV498,motu441,Clytia gregaria,Gregarious jellyfish,species,1,NA,NA,1,9,NA,NA,16,34,NA,13,Clytia gregaria,Gregarious jellyfish,2018_second_surface,second,kelp,2018-07-17,NA,2018,surface,3,edna_second_30,surface,biological,12.9,31.73,8.08,11.4,31.86,8.07,5.2,1000,0,51.64923127,-128.1550769,rock,NA,NA,NA,macroalgae,nereocystis,macroalgae_rock,nereocystis_rock,99.68,9.126599999999999e-159,310,Metazoa,Cnidaria,Hydrozoa,Leptothecata,Campanulariidae,Clytia,0,0,TRUE,ASV498,2,Clytia gregaria
edna0096,ASV521,motu458,Sabellariidae,Feather duster worm,family,1,1,NA,1,10,9,NA,5,26,NA,12,Sabellariidae,Feather duster worm,2018_second_surface,second,kelp,2018-07-17,NA,2018,surface,3,edna_second_30,surface,biological,12.9,31.73,8.08,11.4,31.86,8.07,5.2,1000,0,51.64923127,-128.1550769,rock,NA,NA,NA,macroalgae,nereocystis,macroalgae_rock,nereocystis_rock,99.68,1.5051499999999994e-156,306,Metazoa,Annelida,Polychaeta,NA,Sabellariidae,NA,0,0,TRUE,ASV521,12,NA
edna0096,ASV1534,motu883,Balanus nubilus,Giant acorn barnacle,species,1,NA,NA,1,108,NA,NA,120,217,NA,172,Balanus nubilus,Giant acorn barnacle,2018_second_surface,second,kelp,2018-07-17,NA,2018,surface,3,edna_second_30,surface,biological,12.9,31.73,8.08,11.4,31.86,8.07,5.2,1000,0,51.64923127,-128.1550769,rock,NA,NA,NA,macroalgae,nereocystis,macroalgae_rock,nereocystis_rock,99.35,7.002779999999996e-155,303,Metazoa,Arthropoda,Thecostraca,Balanomorpha,Balanidae,Balanus,0,0,TRUE,ASV1021,4,Balanus nubilus
edna0096,ASV2147,motu1769,Asteriidae,Sea star,family,1,1,NA,NA,14,22,NA,NA,NA,NA,NA,Asteriidae,Sea star,2018_second_surface,second,kelp,2018-07-17,NA,2018,surface,3,edna_second_30,surface,biological,12.9,31.73,8.08,11.4,31.86,8.07,5.2,1000,0,51.64923127,-128.1550769,rock,NA,NA,NA,macroalgae,nereocystis,macroalgae_rock,nereocystis_rock,100,1.96163e-160,313,Metazoa,Echinodermata,Echinodermata,Forcipulatida,Asteriidae,NA,0,0,TRUE,ASV2147,1,NA
edna0096,ASV1293,motu1094,Asteriidae,Sea star,family,1,1,NA,1,11,27,NA,12,NA,NA,NA,Asteriidae,Sea star,2018_second_surface,second,kelp,2018-07-17,NA,2018,surface,3,edna_second_30,surface,biological,12.9,31.73,8.08,11.4,31.86,8.07,5.2,1000,0,51.64923127,-128.1550769,rock,NA,NA,NA,macroalgae,nereocystis,macroalgae_rock,nereocystis_rock,100,1.96163e-160,313,Metazoa,Echinodermata,Echinodermata,Forcipulatida,Asteriidae,NA,0,0,TRUE,ASV1293,1,NA
edna0096,ASV2331,motu1626,Balanus nubilus,Giant acorn barnacle,species,1,1,NA,NA,72,188,NA,NA,NA,NA,NA,Balanus nubilus,Giant acorn barnacle,2018_second_surface,second,kelp,2018-07-17,NA,2018,surface,3,edna_second_30,surface,biological,12.9,31.73,8.08,11.4,31.86,8.07,5.2,1000,0,51.64923127,-128.1550769,rock,NA,NA,NA,macroalgae,nereocystis,macroalgae_rock,nereocystis_rock,99.36,4.246189999999999e-157,307,Metazoa,Arthropoda,Thecostraca,Balanomorpha,Balanidae,Balanus,0,0,TRUE,ASV1957,3,Balanus nubilus
edna0096,ASV2859,motu2311,Haliclona,Sponge,genus,1,NA,NA,NA,2,NA,NA,NA,NA,NA,NA,Haliclona,Sponge,2018_second_surface,second,kelp,2018-07-17,NA,2018,surface,3,edna_second_30,surface,biological,12.9,31.73,8.08,11.4,31.86,8.07,5.2,1000,0,51.64923127,-128.1550769,rock,NA,NA,NA,macroalgae,nereocystis,macroalgae_rock,nereocystis_rock,97.02,2.5067099999999998e-139,275,Metazoa,Porifera,Demospongiae,Haplosclerida,Chalinidae,Haliclona,0,0,TRUE,ASV2859,1,NA
edna0096,ASV5604,motu4300,Hemipodia simplex,Bloodworm,species,1,NA,NA,NA,25,NA,NA,NA,NA,NA,NA,Hemipodia simplex,Bloodworm,2018_second_surface,second,kelp,2018-07-17,NA,2018,surface,3,edna_second_30,surface,biological,12.9,31.73,8.08,11.4,31.86,8.07,5.2,1000,0,51.64923127,-128.1550769,rock,NA,NA,NA,macroalgae,nereocystis,macroalgae_rock,nereocystis_rock,100,7.055289999999999e-160,312,Metazoa,Annelida,Polychaeta,Phyllodocida,Glyceridae,Hemipodia,0,0,TRUE,ASV5604,1,Hemipodia simplex
edna0096,ASV7797,motu6143,Vesiculariidae,Bryozoan,family,1,NA,NA,NA,2,NA,NA,NA,NA,NA,NA,Vesiculariidae,Bryozoan,2018_second_surface,second,kelp,2018-07-17,NA,2018,surface,3,edna_second_30,surface,biological,12.9,31.73,8.08,11.4,31.86,8.07,5.2,1000,0,51.64923127,-128.1550769,rock,NA,NA,NA,macroalgae,nereocystis,macroalgae_rock,nereocystis_rock,91.64,5.927319999999993e-106,215,Metazoa,Bryozoa,Bryozoa,Ctenostomatida,Vesiculariidae,NA,0,0,TRUE,ASV7797,1,NA
edna0097,ASV34,motu31,Centropages abdominalis,Calanoid copepod,species,1,1,1,1,28,60,45,274,111,NA,100,Centropages abdominalis,Calanoid copepod,2018_north_surface,north,kelp,2018-07-17,NA,2018,surface,1,edna_north_00,surface,biological,11.1,31.73,7.99,10.5,31.93,7.96,7.5,1000,0,51.66710631,-128.1402668,rock,NA,NA,NA,macroalgae,nereocystis,macroalgae_rock,nereocystis_rock,100,1.96163e-160,313,Metazoa,Arthropoda,Copepoda,Calanoida,Centropagidae,Centropages,0,0,TRUE,ASV34,19,Centropages abdominalis
edna0097,ASV143,motu128,Centropages abdominalis,Calanoid copepod,species,1,1,NA,NA,30,46,NA,NA,NA,NA,NA,Centropages abdominalis,Calanoid copepod,2018_north_surface,north,kelp,2018-07-17,NA,2018,surface,1,edna_north_00,surface,biological,11.1,31.73,7.99,10.5,31.93,7.96,7.5,1000,0,51.66710631,-128.1402668,rock,NA,NA,NA,macroalgae,nereocystis,macroalgae_rock,nereocystis_rock,100,1.96163e-160,313,Metazoa,Arthropoda,Copepoda,Calanoida,Centropagidae,Centropages,0,0,TRUE,ASV143,11,Centropages abdominalis
edna0097,ASV258,motu228,Lensia,Siphonophore,genus,1,1,NA,NA,12,13,NA,NA,NA,NA,NA,Lensia,Siphonophore,2018_north_surface,north,kelp,2018-07-17,NA,2018,surface,1,edna_north_00,surface,biological,11.1,31.73,7.99,10.5,31.93,7.96,7.5,1000,0,51.66710631,-128.1402668,rock,NA,NA,NA,macroalgae,nereocystis,macroalgae_rock,nereocystis_rock,100,0.00408744,30,Metazoa,Cnidaria,Cnidaria,Siphonophorae,Diphyidae,Lensia,0,0,TRUE,ASV258,1,NA
edna0097,ASV131,motu117,Lensia,Siphonophore,genus,1,1,1,1,10,8,5,34,14,NA,NA,Lensia,Siphonophore,2018_north_surface,north,kelp,2018-07-17,NA,2018,surface,1,edna_north_00,surface,biological,11.1,31.73,7.99,10.5,31.93,7.96,7.5,1000,0,51.66710631,-128.1402668,rock,NA,NA,NA,macroalgae,nereocystis,macroalgae_rock,nereocystis_rock,100,0.00408744,30,Metazoa,Cnidaria,Cnidaria,Siphonophorae,Diphyidae,Lensia,0,0,TRUE,ASV131,2,NA
edna0097,ASV232,motu204,Cecidomyiidae,Hexapod,genus,1,1,1,1,6,15,3,NA,10,NA,15,Cecidomyiidae,Hexapod,2018_north_surface,north,kelp,2018-07-17,NA,2018,surface,1,edna_north_00,surface,biological,11.1,31.73,7.99,10.5,31.93,7.96,7.5,1000,0,51.66710631,-128.1402668,rock,NA,NA,NA,macroalgae,nereocystis,macroalgae_rock,nereocystis_rock,100,0.00408744,30,Metazoa,Arthropoda,Arthropoda,Diptera,Cecidomyiidae,Cecidomyiidae,NA,NA,TRUE,ASV232,1,NA
edna0097,ASV750,motu654,Orobdella,Freshwater leech,genus,1,NA,NA,NA,5,NA,NA,NA,NA,NA,NA,Orobdella,Freshwater leech,2018_north_surface,north,kelp,2018-07-17,NA,2018,surface,1,edna_north_00,surface,biological,11.1,31.73,7.99,10.5,31.93,7.96,7.5,1000,0,51.66710631,-128.1402668,rock,NA,NA,NA,macroalgae,nereocystis,macroalgae_rock,nereocystis_rock,97.06,0.00121031,31,Metazoa,Annelida,Annelida,Erpobdelliformes,Orobdellidae,Orobdella,NA,NA,TRUE,ASV750,1,NA
edna0097,ASV2697,motu71,Acartia (Acartiura) longiremis,Calanoid copepod,species,1,1,NA,NA,83,103,NA,NA,NA,NA,NA,Acartia (Acartiura) longiremis,Calanoid copepod,2018_north_surface,north,kelp,2018-07-17,NA,2018,surface,1,edna_north_00,surface,biological,11.1,31.73,7.99,10.5,31.93,7.96,7.5,1000,0,51.66710631,-128.1402668,rock,NA,NA,NA,macroalgae,nereocystis,macroalgae_rock,nereocystis_rock,99.36,4.246189999999999e-157,307,Metazoa,Arthropoda,Copepoda,Calanoida,Acartiidae,Acartia,0,0,TRUE,ASV81,23,Acartia (Acartiura) longiremis
edna0097,ASV1430,motu22,Acartia (Acartiura) longiremis,Calanoid copepod,species,1,1,1,1,59,101,38,230,145,NA,138,Acartia (Acartiura) longiremis,Calanoid copepod,2018_north_surface,north,kelp,2018-07-17,NA,2018,surface,1,edna_north_00,surface,biological,11.1,31.73,7.99,10.5,31.93,7.96,7.5,1000,0,51.66710631,-128.1402668,rock,NA,NA,NA,macroalgae,nereocystis,macroalgae_rock,nereocystis_rock,99.36,4.246189999999999e-157,307,Metazoa,Arthropoda,Copepoda,Calanoida,Acartiidae,Acartia,0,0,TRUE,ASV25,27,Acartia (Acartiura) longiremis
edna0097,ASV2490,motu2027,Phacellophora camtschatica,Fried egg jellyfish,species,1,NA,NA,NA,5,NA,NA,NA,NA,NA,NA,Phacellophora camtschatica,Fried egg jellyfish,2018_north_surface,north,kelp,2018-07-17,NA,2018,surface,1,edna_north_00,surface,biological,11.1,31.73,7.99,10.5,31.93,7.96,7.5,1000,0,51.66710631,-128.1402668,rock,NA,NA,NA,macroalgae,nereocystis,macroalgae_rock,nereocystis_rock,100,1.96163e-160,313,Metazoa,Cnidaria,Scyphozoa,Semaeostomeae,Phacellophoridae,Phacellophora,0,0,TRUE,ASV2490,1,Phacellophora camtschatica
edna0097,ASV2881,motu2328,Coleoptera,Hexapod,order,1,1,NA,1,4,8,NA,11,NA,NA,NA,Coleoptera,Hexapod,2018_north_surface,north,kelp,2018-07-17,NA,2018,surface,1,edna_north_00,surface,biological,11.1,31.73,7.99,10.5,31.93,7.96,7.5,1000,0,51.66710631,-128.1402668,rock,NA,NA,NA,macroalgae,nereocystis,macroalgae_rock,nereocystis_rock,100,0.00110774,31,Metazoa,Arthropoda,Arthropoda,Coleoptera,NA,NA,NA,NA,TRUE,ASV2881,1,NA
edna0097,ASV3053,motu2459,Glycymeris septentrionalis,Western bittersweet,species,1,NA,NA,NA,6,NA,NA,NA,NA,NA,NA,Glycymeris septentrionalis,Western bittersweet,2018_north_surface,north,kelp,2018-07-17,NA,2018,surface,1,edna_north_00,surface,biological,11.1,31.73,7.99,10.5,31.93,7.96,7.5,1000,0,51.66710631,-128.1402668,rock,NA,NA,NA,macroalgae,nereocystis,macroalgae_rock,nereocystis_rock,100,9.126599999999999e-159,310,Metazoa,Mollusca,Bivalvia,Arcida,Glycymerididae,Glycymeris,0,0,TRUE,ASV3053,1,Glycymeris septentrionalis
edna0098,ASV34,motu31,Centropages abdominalis,Calanoid copepod,species,1,1,1,1,6,12,7,44,21,NA,27,Centropages abdominalis,Calanoid copepod,2018_north_surface,north,kelp,2018-07-17,NA,2018,surface,2,edna_north_15,surface,biological,11.5,31.8,7.98,10.5,31.93,7.97,5.2,1000,0,51.66722985,-128.1401768,rock,NA,NA,NA,macroalgae,nereocystis,macroalgae_rock,nereocystis_rock,100,1.96163e-160,313,Metazoa,Arthropoda,Copepoda,Calanoida,Centropagidae,Centropages,0,0,TRUE,ASV34,19,Centropages abdominalis
edna0098,ASV143,motu128,Centropages abdominalis,Calanoid copepod,species,1,1,NA,NA,9,18,NA,NA,NA,NA,NA,Centropages abdominalis,Calanoid copepod,2018_north_surface,north,kelp,2018-07-17,NA,2018,surface,2,edna_north_15,surface,biological,11.5,31.8,7.98,10.5,31.93,7.97,5.2,1000,0,51.66722985,-128.1401768,rock,NA,NA,NA,macroalgae,nereocystis,macroalgae_rock,nereocystis_rock,100,1.96163e-160,313,Metazoa,Arthropoda,Copepoda,Calanoida,Centropagidae,Centropages,0,0,TRUE,ASV143,11,Centropages abdominalis
edna0098,ASV251,motu105,Mesocentrotus franciscanus,Red sea urchin,species,1,1,1,1,63,145,75,NA,NA,NA,138,Mesocentrotus franciscanus,Red sea urchin,2018_north_surface,north,kelp,2018-07-17,NA,2018,surface,2,edna_north_15,surface,biological,11.5,31.8,7.98,10.5,31.93,7.97,5.2,1000,0,51.66722985,-128.1401768,rock,NA,NA,NA,macroalgae,nereocystis,macroalgae_rock,nereocystis_rock,100,7.02982e-160,312,Metazoa,Echinodermata,Echinoidea,Camarodonta,Strongylocentrotidae,Mesocentrotus,0,0,TRUE,ASV118,8,Mesocentrotus franciscanus
edna0098,ASV307,motu118,Mesocentrotus franciscanus,Red sea urchin,species,1,NA,NA,1,73,NA,NA,NA,39,NA,NA,Mesocentrotus franciscanus,Red sea urchin,2018_north_surface,north,kelp,2018-07-17,NA,2018,surface,2,edna_north_15,surface,biological,11.5,31.8,7.98,10.5,31.93,7.97,5.2,1000,0,51.66722985,-128.1401768,rock,NA,NA,NA,macroalgae,nereocystis,macroalgae_rock,nereocystis_rock,100,7.02982e-160,312,Metazoa,Echinodermata,Echinoidea,Camarodonta,Strongylocentrotidae,Mesocentrotus,0,0,TRUE,ASV132,8,Mesocentrotus franciscanus
edna0098,ASV416,motu366,Pseudocalanus mimus,Calanoid copepod,species,1,NA,NA,1,10,NA,NA,29,16,NA,NA,Pseudocalanus mimus,Calanoid copepod,2018_north_surface,north,kelp,2018-07-17,NA,2018,surface,2,edna_north_15,surface,biological,11.5,31.8,7.98,10.5,31.93,7.97,5.2,1000,0,51.66722985,-128.1401768,rock,NA,NA,NA,macroalgae,nereocystis,macroalgae_rock,nereocystis_rock,100,1.18898e-152,299,Metazoa,Arthropoda,Copepoda,Calanoida,Clausocalanidae,Pseudocalanus,0,0,TRUE,ASV416,7,Pseudocalanus mimus
edna0098,ASV354,motu313,Mitrocoma cellularia,Cross jelly,species,1,NA,NA,1,6,NA,NA,NA,NA,NA,6,Mitrocoma cellularia,Cross jelly,2018_north_surface,north,kelp,2018-07-17,NA,2018,surface,2,edna_north_15,surface,biological,11.5,31.8,7.98,10.5,31.93,7.97,5.2,1000,0,51.66722985,-128.1401768,rock,NA,NA,NA,macroalgae,nereocystis,macroalgae_rock,nereocystis_rock,100,1.4886099999999998e-156,306,Metazoa,Cnidaria,Hydrozoa,Leptothecata,Mitrocomidae,Mitrocoma,0,0,TRUE,ASV354,2,Mitrocoma cellularia
edna0098,ASV616,motu537,Mitrocoma cellularia,Cross jelly,species,1,NA,NA,NA,4,NA,NA,NA,NA,NA,NA,Mitrocoma cellularia,Cross jelly,2018_north_surface,north,kelp,2018-07-17,NA,2018,surface,2,edna_north_15,surface,biological,11.5,31.8,7.98,10.5,31.93,7.97,5.2,1000,0,51.66722985,-128.1401768,rock,NA,NA,NA,macroalgae,nereocystis,macroalgae_rock,nereocystis_rock,100,1.4886099999999998e-156,306,Metazoa,Cnidaria,Hydrozoa,Leptothecata,Mitrocomidae,Mitrocoma,0,0,TRUE,ASV616,6,Mitrocoma cellularia
edna0098,ASV1038,motu895,Clytia gregaria,Gregarious jellyfish,species,1,1,NA,NA,7,9,NA,NA,NA,NA,NA,Clytia gregaria,Gregarious jellyfish,2018_north_surface,north,kelp,2018-07-17,NA,2018,surface,2,edna_north_15,surface,biological,11.5,31.8,7.98,10.5,31.93,7.97,5.2,1000,0,51.66722985,-128.1401768,rock,NA,NA,NA,macroalgae,nereocystis,macroalgae_rock,nereocystis_rock,99.68,9.126599999999999e-159,310,Metazoa,Cnidaria,Hydrozoa,Leptothecata,Campanulariidae,Clytia,0,0,TRUE,ASV1038,2,Clytia gregaria
edna0098,ASV1228,motu71,Acartia (Acartiura) longiremis,Calanoid copepod,species,1,1,NA,NA,66,108,NA,NA,NA,NA,NA,Acartia (Acartiura) longiremis,Calanoid copepod,2018_north_surface,north,kelp,2018-07-17,NA,2018,surface,2,edna_north_15,surface,biological,11.5,31.8,7.98,10.5,31.93,7.97,5.2,1000,0,51.66722985,-128.1401768,rock,NA,NA,NA,macroalgae,nereocystis,macroalgae_rock,nereocystis_rock,99.68,9.126599999999999e-159,310,Metazoa,Arthropoda,Copepoda,Calanoida,Acartiidae,Acartia,0,0,TRUE,ASV81,23,Acartia (Acartiura) longiremis
edna0098,ASV622,motu22,Acartia (Acartiura) longiremis,Calanoid copepod,species,1,1,1,1,59,132,68,239,144,NA,162,Acartia (Acartiura) longiremis,Calanoid copepod,2018_north_surface,north,kelp,2018-07-17,NA,2018,surface,2,edna_north_15,surface,biological,11.5,31.8,7.98,10.5,31.93,7.97,5.2,1000,0,51.66722985,-128.1401768,rock,NA,NA,NA,macroalgae,nereocystis,macroalgae_rock,nereocystis_rock,99.68,9.126599999999999e-159,310,Metazoa,Arthropoda,Copepoda,Calanoida,Acartiidae,Acartia,0,0,TRUE,ASV25,27,Acartia (Acartiura) longiremis
edna0098,ASV795,motu692,Phascolosoma (Phascolosoma) agassizii,Agassiz peanut worm,species,1,NA,NA,NA,5,NA,NA,NA,NA,NA,NA,Phascolosoma (Phascolosoma) agassizii,Agassiz peanut worm,2018_north_surface,north,kelp,2018-07-17,NA,2018,surface,2,edna_north_15,surface,biological,11.5,31.8,7.98,10.5,31.93,7.97,5.2,1000,0,51.66722985,-128.1401768,rock,NA,NA,NA,macroalgae,nereocystis,macroalgae_rock,nereocystis_rock,100,1.96163e-160,313,Metazoa,Annelida,NA,Sipuncula,Phascolosomatidae,Phascolosoma,0,0,TRUE,ASV795,3,Phascolosoma (Phascolosoma) agassizii
edna0098,ASV2725,motu2208,Pseudocalanus mimus,Calanoid copepod,species,1,1,1,1,29,40,18,18,NA,NA,25,Pseudocalanus mimus,Calanoid copepod,2018_north_surface,north,kelp,2018-07-17,NA,2018,surface,2,edna_north_15,surface,biological,11.5,31.8,7.98,10.5,31.93,7.97,5.2,1000,0,51.66722985,-128.1401768,rock,NA,NA,NA,macroalgae,nereocystis,macroalgae_rock,nereocystis_rock,100,1.18898e-152,299,Metazoa,Arthropoda,Copepoda,Calanoida,Clausocalanidae,Pseudocalanus,0,0,TRUE,ASV2725,1,Pseudocalanus mimus
edna0098,ASV2197,motu1814,Sabellariidae,Feather duster worm,family,1,1,NA,1,21,38,NA,49,NA,NA,41,Sabellariidae,Feather duster worm,2018_north_surface,north,kelp,2018-07-17,NA,2018,surface,2,edna_north_15,surface,biological,11.5,31.8,7.98,10.5,31.93,7.97,5.2,1000,0,51.66722985,-128.1401768,rock,NA,NA,NA,macroalgae,nereocystis,macroalgae_rock,nereocystis_rock,100,1.925639999999999e-155,304,Metazoa,Annelida,Polychaeta,NA,Sabellariidae,NA,0,0,TRUE,ASV2197,2,NA
edna0098,ASV3224,motu2581,Humilaria kennerleyi,Kennerleys venus,species,1,1,NA,NA,6,14,NA,NA,NA,NA,NA,Humilaria kennerleyi,Kennerleys venus,2018_north_surface,north,kelp,2018-07-17,NA,2018,surface,2,edna_north_15,surface,biological,11.5,31.8,7.98,10.5,31.93,7.97,5.2,1000,0,51.66722985,-128.1401768,rock,NA,NA,NA,macroalgae,nereocystis,macroalgae_rock,nereocystis_rock,100,1.96163e-160,313,Metazoa,Mollusca,Bivalvia,Venerida,Veneridae,Humilaria,0,0,TRUE,ASV3224,2,Humilaria kennerleyi
edna0098,ASV2624,motu2129,Sabellariidae,Feather duster worm,family,1,NA,NA,1,17,NA,NA,54,NA,NA,42,Sabellariidae,Feather duster worm,2018_north_surface,north,kelp,2018-07-17,NA,2018,surface,2,edna_north_15,surface,biological,11.5,31.8,7.98,10.5,31.93,7.97,5.2,1000,0,51.66722985,-128.1401768,rock,NA,NA,NA,macroalgae,nereocystis,macroalgae_rock,nereocystis_rock,100,1.925639999999999e-155,304,Metazoa,Annelida,Polychaeta,NA,Sabellariidae,NA,0,0,TRUE,ASV2624,2,NA
edna0098,ASV5429,motu4167,Cecidomyiidae,Hexapod,genus,1,NA,NA,NA,4,NA,NA,NA,NA,NA,NA,Cecidomyiidae,Hexapod,2018_north_surface,north,kelp,2018-07-17,NA,2018,surface,2,edna_north_15,surface,biological,11.5,31.8,7.98,10.5,31.93,7.97,5.2,1000,0,51.66722985,-128.1401768,rock,NA,NA,NA,macroalgae,nereocystis,macroalgae_rock,nereocystis_rock,95,2.44266e-5,34,Metazoa,Arthropoda,Arthropoda,Diptera,Cecidomyiidae,Cecidomyiidae,NA,NA,TRUE,ASV5429,1,NA
edna0098,ASV4134,motu697,Micropodarke dubia,Hesionid polychaete,species,1,NA,NA,1,4,NA,NA,11,15,NA,14,Micropodarke dubia,Hesionid polychaete,2018_north_surface,north,kelp,2018-07-17,NA,2018,surface,2,edna_north_15,surface,biological,11.5,31.8,7.98,10.5,31.93,7.97,5.2,1000,0,51.66722985,-128.1401768,rock,NA,NA,NA,macroalgae,nereocystis,macroalgae_rock,nereocystis_rock,99.68,9.126599999999999e-159,310,Metazoa,Annelida,Polychaeta,Phyllodocida,Hesionidae,Micropodarke,0,0,TRUE,ASV801,2,Micropodarke dubia
edna0099,ASV739,motu643,Pseudocalanus mimus,Calanoid copepod,species,1,1,NA,NA,15,44,NA,NA,NA,NA,NA,Pseudocalanus mimus,Calanoid copepod,2018_north_surface,north,kelp,2018-07-17,NA,2018,surface,3,edna_north_30,surface,biological,11,31.8,7.98,10.5,31.89,7.97,4.8,1000,0,51.66736753,-128.1400531,rock,NA,NA,NA,macroalgae,nereocystis,macroalgae_rock,nereocystis_rock,99.67,9.19139e-154,301,Metazoa,Arthropoda,Copepoda,Calanoida,Clausocalanidae,Pseudocalanus,0,0,TRUE,ASV739,3,Pseudocalanus mimus
edna0099,ASV435,motu383,Pseudocalanus mimus,Calanoid copepod,species,1,1,1,1,17,37,8,57,65,NA,35,Pseudocalanus mimus,Calanoid copepod,2018_north_surface,north,kelp,2018-07-17,NA,2018,surface,3,edna_north_30,surface,biological,11,31.8,7.98,10.5,31.89,7.97,4.8,1000,0,51.66736753,-128.1400531,rock,NA,NA,NA,macroalgae,nereocystis,macroalgae_rock,nereocystis_rock,99.67,9.19139e-154,301,Metazoa,Arthropoda,Copepoda,Calanoida,Clausocalanidae,Pseudocalanus,0,0,TRUE,ASV435,4,Pseudocalanus mimus
edna0099,ASV498,motu441,Clytia gregaria,Gregarious jellyfish,species,1,1,NA,NA,13,15,NA,NA,NA,NA,NA,Clytia gregaria,Gregarious jellyfish,2018_north_surface,north,kelp,2018-07-17,NA,2018,surface,3,edna_north_30,surface,biological,11,31.8,7.98,10.5,31.89,7.97,4.8,1000,0,51.66736753,-128.1400531,rock,NA,NA,NA,macroalgae,nereocystis,macroalgae_rock,nereocystis_rock,99.68,9.126599999999999e-159,310,Metazoa,Cnidaria,Hydrozoa,Leptothecata,Campanulariidae,Clytia,0,0,TRUE,ASV498,2,Clytia gregaria
edna0099,ASV613,motu536,Sabellariidae,Feather duster worm,family,1,1,NA,NA,28,67,NA,NA,NA,NA,NA,Sabellariidae,Feather duster worm,2018_north_surface,north,kelp,2018-07-17,NA,2018,surface,3,edna_north_30,surface,biological,11,31.8,7.98,10.5,31.89,7.97,4.8,1000,0,51.66736753,-128.1400531,rock,NA,NA,NA,macroalgae,nereocystis,macroalgae_rock,nereocystis_rock,99.68,1.5051499999999994e-156,306,Metazoa,Annelida,Polychaeta,NA,Sabellariidae,NA,0,0,TRUE,ASV613,7,NA
edna0099,ASV521,motu458,Sabellariidae,Feather duster worm,family,1,1,1,NA,27,62,22,NA,NA,NA,NA,Sabellariidae,Feather duster worm,2018_north_surface,north,kelp,2018-07-17,NA,2018,surface,3,edna_north_30,surface,biological,11,31.8,7.98,10.5,31.89,7.97,4.8,1000,0,51.66736753,-128.1400531,rock,NA,NA,NA,macroalgae,nereocystis,macroalgae_rock,nereocystis_rock,99.68,1.5051499999999994e-156,306,Metazoa,Annelida,Polychaeta,NA,Sabellariidae,NA,0,0,TRUE,ASV521,12,NA
edna0099,ASV1742,motu1454,Micropodarke dubia,Hesionid polychaete,species,1,1,NA,1,7,23,NA,NA,17,NA,NA,Micropodarke dubia,Hesionid polychaete,2018_north_surface,north,kelp,2018-07-17,NA,2018,surface,3,edna_north_30,surface,biological,11,31.8,7.98,10.5,31.89,7.97,4.8,1000,0,51.66736753,-128.1400531,rock,NA,NA,NA,macroalgae,nereocystis,macroalgae_rock,nereocystis_rock,100,1.96163e-160,313,Metazoa,Annelida,Polychaeta,Phyllodocida,Hesionidae,Micropodarke,0,0,TRUE,ASV1742,2,Micropodarke dubia
edna0099,ASV1492,motu1259,Membranipora membranacea,Coffin box bryozoan,species,1,1,NA,NA,4,7,NA,NA,NA,NA,NA,Membranipora membranacea,Coffin box bryozoan,2018_north_surface,north,kelp,2018-07-17,NA,2018,surface,3,edna_north_30,surface,biological,11,31.8,7.98,10.5,31.89,7.97,4.8,1000,0,51.66736753,-128.1400531,rock,NA,NA,NA,macroalgae,nereocystis,macroalgae_rock,nereocystis_rock,100,9.252979999999995e-139,274,Metazoa,Bryozoa,Gymnolaemata,Cheilostomatida,Membraniporidae,Membranipora,0,0,TRUE,ASV1492,2,Membranipora membranacea
edna0099,ASV1057,motu909,Orobdella,Freshwater leech,genus,1,1,1,NA,10,21,13,NA,NA,NA,NA,Orobdella,Freshwater leech,2018_north_surface,north,kelp,2018-07-17,NA,2018,surface,3,edna_north_30,surface,biological,11,31.8,7.98,10.5,31.89,7.97,4.8,1000,0,51.66736753,-128.1400531,rock,NA,NA,NA,macroalgae,nereocystis,macroalgae_rock,nereocystis_rock,97.06,0.0011939,31,Metazoa,Annelida,Annelida,Erpobdelliformes,Orobdellidae,Orobdella,NA,NA,TRUE,ASV1057,1,NA
edna0099,ASV2692,motu71,Acartia (Acartiura) longiremis,Calanoid copepod,species,1,1,NA,NA,57,130,NA,NA,NA,NA,NA,Acartia (Acartiura) longiremis,Calanoid copepod,2018_north_surface,north,kelp,2018-07-17,NA,2018,surface,3,edna_north_30,surface,biological,11,31.8,7.98,10.5,31.89,7.97,4.8,1000,0,51.66736753,-128.1400531,rock,NA,NA,NA,macroalgae,nereocystis,macroalgae_rock,nereocystis_rock,99.68,9.126599999999999e-159,310,Metazoa,Arthropoda,Copepoda,Calanoida,Acartiidae,Acartia,0,0,TRUE,ASV81,23,Acartia (Acartiura) longiremis
edna0099,ASV1608,motu22,Acartia (Acartiura) longiremis,Calanoid copepod,species,1,1,1,1,56,121,36,126,132,NA,91,Acartia (Acartiura) longiremis,Calanoid copepod,2018_north_surface,north,kelp,2018-07-17,NA,2018,surface,3,edna_north_30,surface,biological,11,31.8,7.98,10.5,31.89,7.97,4.8,1000,0,51.66736753,-128.1400531,rock,NA,NA,NA,macroalgae,nereocystis,macroalgae_rock,nereocystis_rock,99.68,9.126599999999999e-159,310,Metazoa,Arthropoda,Copepoda,Calanoida,Acartiidae,Acartia,0,0,TRUE,ASV25,27,Acartia (Acartiura) longiremis
edna0099,ASV2102,motu1735,Phoronopsis harmeri,Large green phoronid,species,1,1,NA,1,45,69,NA,71,80,NA,55,Phoronopsis harmeri,Large green phoronid,2018_north_surface,north,kelp,2018-07-17,NA,2018,surface,3,edna_north_30,surface,biological,11,31.8,7.98,10.5,31.89,7.97,4.8,1000,0,51.66736753,-128.1400531,rock,NA,NA,NA,macroalgae,nereocystis,macroalgae_rock,nereocystis_rock,99.68,9.126599999999999e-159,310,Metazoa,Phoronida,NA,NA,Phoronidae,Phoronopsis,0,0,TRUE,ASV2102,1,Phoronopsis harmeri
edna0099,ASV2024,motu1674,Phoronopsis harmeri,Large green phoronid,species,1,1,NA,1,35,62,NA,73,94,NA,83,Phoronopsis harmeri,Large green phoronid,2018_north_surface,north,kelp,2018-07-17,NA,2018,surface,3,edna_north_30,surface,biological,11,31.8,7.98,10.5,31.89,7.97,4.8,1000,0,51.66736753,-128.1400531,rock,NA,NA,NA,macroalgae,nereocystis,macroalgae_rock,nereocystis_rock,99.68,9.126599999999999e-159,310,Metazoa,Phoronida,NA,NA,Phoronidae,Phoronopsis,0,0,TRUE,ASV2024,1,Phoronopsis harmeri
edna0099,ASV3895,motu537,Mitrocoma cellularia,Cross jelly,species,1,1,NA,NA,13,21,NA,NA,NA,NA,NA,Mitrocoma cellularia,Cross jelly,2018_north_surface,north,kelp,2018-07-17,NA,2018,surface,3,edna_north_30,surface,biological,11,31.8,7.98,10.5,31.89,7.97,4.8,1000,0,51.66736753,-128.1400531,rock,NA,NA,NA,macroalgae,nereocystis,macroalgae_rock,nereocystis_rock,99.02,1.49918e-151,297,Metazoa,Cnidaria,Hydrozoa,Leptothecata,Mitrocomidae,Mitrocoma,0,0,TRUE,ASV616,6,Mitrocoma cellularia
edna0099,ASV2901,motu1644,Mitrocoma cellularia,Cross jelly,species,1,NA,NA,1,9,NA,NA,21,NA,NA,36,Mitrocoma cellularia,Cross jelly,2018_north_surface,north,kelp,2018-07-17,NA,2018,surface,3,edna_north_30,surface,biological,11,31.8,7.98,10.5,31.89,7.97,4.8,1000,0,51.66736753,-128.1400531,rock,NA,NA,NA,macroalgae,nereocystis,macroalgae_rock,nereocystis_rock,99.02,1.49918e-151,297,Metazoa,Cnidaria,Hydrozoa,Leptothecata,Mitrocomidae,Mitrocoma,0,0,TRUE,ASV1982,2,Mitrocoma cellularia
edna0102,ASV25,motu22,Acartia (Acartiura) longiremis,Calanoid copepod,species,1,1,NA,1,82,161,NA,197,159,NA,308,Acartia (Acartiura) longiremis,Calanoid copepod,2018_koe3_surface,koe3,beach_seine,2018-07-20,2018-07-18,2018,surface,3,edna_koe3_30,surface,biological,14.3,34.4,8.08,12.9,28.38,8.15,2,1000,0,51.77580035,-127.8788341,sand,n,90,p,macroalgae,nereocystis,macroalgae_sand,nereocystis_sand,100,1.96163e-160,313,Metazoa,Arthropoda,Copepoda,Calanoida,Acartiidae,Acartia,0,0,TRUE,ASV25,27,Acartia (Acartiura) longiremis
edna0102,ASV81,motu71,Acartia (Acartiura) longiremis,Calanoid copepod,species,1,1,NA,NA,87,148,NA,NA,NA,NA,NA,Acartia (Acartiura) longiremis,Calanoid copepod,2018_koe3_surface,koe3,beach_seine,2018-07-20,2018-07-18,2018,surface,3,edna_koe3_30,surface,biological,14.3,34.4,8.08,12.9,28.38,8.15,2,1000,0,51.77580035,-127.8788341,sand,n,90,p,macroalgae,nereocystis,macroalgae_sand,nereocystis_sand,100,1.96163e-160,313,Metazoa,Arthropoda,Copepoda,Calanoida,Acartiidae,Acartia,0,0,TRUE,ASV81,23,Acartia (Acartiura) longiremis
edna0102,ASV34,motu31,Centropages abdominalis,Calanoid copepod,species,1,1,1,1,77,186,74,345,512,NA,270,Centropages abdominalis,Calanoid copepod,2018_koe3_surface,koe3,beach_seine,2018-07-20,2018-07-18,2018,surface,3,edna_koe3_30,surface,biological,14.3,34.4,8.08,12.9,28.38,8.15,2,1000,0,51.77580035,-127.8788341,sand,n,90,p,macroalgae,nereocystis,macroalgae_sand,nereocystis_sand,100,1.96163e-160,313,Metazoa,Arthropoda,Copepoda,Calanoida,Centropagidae,Centropages,0,0,TRUE,ASV34,19,Centropages abdominalis
edna0102,ASV143,motu128,Centropages abdominalis,Calanoid copepod,species,1,1,NA,NA,96,214,NA,NA,NA,NA,NA,Centropages abdominalis,Calanoid copepod,2018_koe3_surface,koe3,beach_seine,2018-07-20,2018-07-18,2018,surface,3,edna_koe3_30,surface,biological,14.3,34.4,8.08,12.9,28.38,8.15,2,1000,0,51.77580035,-127.8788341,sand,n,90,p,macroalgae,nereocystis,macroalgae_sand,nereocystis_sand,100,1.96163e-160,313,Metazoa,Arthropoda,Copepoda,Calanoida,Centropagidae,Centropages,0,0,TRUE,ASV143,11,Centropages abdominalis
edna0102,ASV258,motu228,Lensia,Siphonophore,genus,1,1,NA,NA,19,40,NA,NA,NA,NA,NA,Lensia,Siphonophore,2018_koe3_surface,koe3,beach_seine,2018-07-20,2018-07-18,2018,surface,3,edna_koe3_30,surface,biological,14.3,34.4,8.08,12.9,28.38,8.15,2,1000,0,51.77580035,-127.8788341,sand,n,90,p,macroalgae,nereocystis,macroalgae_sand,nereocystis_sand,100,0.00408744,30,Metazoa,Cnidaria,Cnidaria,Siphonophorae,Diphyidae,Lensia,0,0,TRUE,ASV258,1,NA
edna0102,ASV131,motu117,Lensia,Siphonophore,genus,1,1,1,1,19,34,23,15,NA,NA,21,Lensia,Siphonophore,2018_koe3_surface,koe3,beach_seine,2018-07-20,2018-07-18,2018,surface,3,edna_koe3_30,surface,biological,14.3,34.4,8.08,12.9,28.38,8.15,2,1000,0,51.77580035,-127.8788341,sand,n,90,p,macroalgae,nereocystis,macroalgae_sand,nereocystis_sand,100,0.00408744,30,Metazoa,Cnidaria,Cnidaria,Siphonophorae,Diphyidae,Lensia,0,0,TRUE,ASV131,2,NA
edna0102,ASV216,motu190,Mytilus trossulus,Bay mussel,species,1,1,1,1,38,74,33,105,211,NA,150,Mytilus trossulus,Bay mussel,2018_koe3_surface,koe3,beach_seine,2018-07-20,2018-07-18,2018,surface,3,edna_koe3_30,surface,biological,14.3,34.4,8.08,12.9,28.38,8.15,2,1000,0,51.77580035,-127.8788341,sand,n,90,p,macroalgae,nereocystis,macroalgae_sand,nereocystis_sand,100,3.2351099999999996e-158,309,Metazoa,Mollusca,Mollusca,Mytilida,Mytilidae,Mytilus,0,0,TRUE,ASV216,23,Mytilus trossulus
edna0102,ASV233,motu74,Euchlanidae,Rotifer,family,1,1,NA,1,48,79,NA,NA,92,NA,89,No Results,No Results,2018_koe3_surface,koe3,beach_seine,2018-07-20,2018-07-18,2018,surface,3,edna_koe3_30,surface,biological,14.3,34.4,8.08,12.9,28.38,8.15,2,1000,0,51.77580035,-127.8788341,sand,n,90,p,macroalgae,nereocystis,macroalgae_sand,nereocystis_sand,91.35,3.005919999999998e-29,77,Metazoa,Rotifera,Rotifera,Ploima,Euchlanidae,NA,1,NA,TRUE,ASV84,2,NA
edna0102,ASV280,motu190,Mytilus,Mussel species,genus,1,1,1,1,191,364,82,294,381,NA,390,Mytilus trossulus,Bay mussel,2018_koe3_surface,koe3,beach_seine,2018-07-20,2018-07-18,2018,surface,3,edna_koe3_30,surface,biological,14.3,34.4,8.08,12.9,28.38,8.15,2,1000,0,51.77580035,-127.8788341,sand,n,90,p,macroalgae,nereocystis,macroalgae_sand,nereocystis_sand,100,3.2351099999999996e-158,309,Metazoa,Mollusca,Mollusca,Mytilida,Mytilidae,Mytilus,0,0,TRUE,ASV216,23,NA
edna0102,ASV270,motu199,Mytilus,Mussel species,genus,1,1,1,1,171,348,128,291,618,NA,422,Mytilus trossulus,Bay mussel,2018_koe3_surface,koe3,beach_seine,2018-07-20,2018-07-18,2018,surface,3,edna_koe3_30,surface,biological,14.3,34.4,8.08,12.9,28.38,8.15,2,1000,0,51.77580035,-127.8788341,sand,n,90,p,macroalgae,nereocystis,macroalgae_sand,nereocystis_sand,100,3.2351099999999996e-158,309,Metazoa,Mollusca,Mollusca,Mytilida,Mytilidae,Mytilus,0,0,TRUE,ASV226,18,NA
edna0102,ASV336,motu296,Pseudocalanus newmani,Calanoid copepod,species,1,1,NA,1,39,80,NA,53,130,NA,56,Pseudocalanus newmani,Calanoid copepod,2018_koe3_surface,koe3,beach_seine,2018-07-20,2018-07-18,2018,surface,3,edna_koe3_30,surface,biological,14.3,34.4,8.08,12.9,28.38,8.15,2,1000,0,51.77580035,-127.8788341,sand,n,90,p,macroalgae,nereocystis,macroalgae_sand,nereocystis_sand,100,1.96163e-160,313,Metazoa,Arthropoda,Copepoda,Calanoida,Clausocalanidae,Pseudocalanus,0,0,TRUE,ASV336,4,Pseudocalanus newmani
edna0102,ASV1883,motu303,Pseudocalanus mimus,Calanoid copepod,species,1,NA,NA,NA,39,NA,NA,NA,NA,NA,NA,Pseudocalanus mimus,Calanoid copepod,2018_koe3_surface,koe3,beach_seine,2018-07-20,2018-07-18,2018,surface,3,edna_koe3_30,surface,biological,14.3,34.4,8.08,12.9,28.38,8.15,2,1000,0,51.77580035,-127.8788341,sand,n,90,p,macroalgae,nereocystis,macroalgae_sand,nereocystis_sand,100,1.97556e-155,304,Metazoa,Arthropoda,Copepoda,Calanoida,Clausocalanidae,Pseudocalanus,0,0,TRUE,ASV343,11,Pseudocalanus mimus
edna0102,ASV713,motu350,Synchaeta pectinata,Rotifer,species,1,NA,1,1,22,NA,10,26,NA,NA,NA,Synchaeta pectinata,Rotifer,2018_koe3_surface,koe3,beach_seine,2018-07-20,2018-07-18,2018,surface,3,edna_koe3_30,surface,biological,14.3,34.4,8.08,12.9,28.38,8.15,2,1000,0,51.77580035,-127.8788341,sand,n,90,p,macroalgae,nereocystis,macroalgae_sand,nereocystis_sand,90.79,3.5361899999999996e-113,228,Metazoa,Rotifera,Eurotatoria,Ploima,Synchaetidae,Synchaeta,0,0,TRUE,ASV398,4,Synchaeta pectinata
edna0102,ASV674,motu334,Synchaeta pectinata,Rotifer,species,1,NA,1,NA,18,NA,15,NA,NA,NA,NA,Synchaeta pectinata,Rotifer,2018_koe3_surface,koe3,beach_seine,2018-07-20,2018-07-18,2018,surface,3,edna_koe3_30,surface,biological,14.3,34.4,8.08,12.9,28.38,8.15,2,1000,0,51.77580035,-127.8788341,sand,n,90,p,macroalgae,nereocystis,macroalgae_sand,nereocystis_sand,90.79,3.5361899999999996e-113,228,Metazoa,Rotifera,Eurotatoria,Ploima,Synchaetidae,Synchaeta,0,0,TRUE,ASV377,5,Synchaeta pectinata
edna0102,ASV682,motu593,Strongylocentrotus droebachiensis,Green sea urcin,species,1,NA,NA,NA,2,NA,NA,NA,NA,NA,NA,Strongylocentrotus droebachiensis,Green sea urcin,2018_koe3_surface,koe3,beach_seine,2018-07-20,2018-07-18,2018,surface,3,edna_koe3_30,surface,biological,14.3,34.4,8.08,12.9,28.38,8.15,2,1000,0,51.77580035,-127.8788341,sand,n,90,p,macroalgae,nereocystis,macroalgae_sand,nereocystis_sand,100,1.96163e-160,313,Metazoa,Echinodermata,Echinoidea,Camarodonta,Strongylocentrotidae,Strongylocentrotus,0,0,TRUE,ASV682,2,Strongylocentrotus droebachiensis
edna0102,ASV1048,motu285,Paracalanus,Calanoid copepod,genus,1,1,NA,1,9,16,NA,102,NA,NA,87,Paracalanus parvus parvus,Calanoid copepod,2018_koe3_surface,koe3,beach_seine,2018-07-20,2018-07-18,2018,surface,3,edna_koe3_30,surface,biological,14.3,34.4,8.08,12.9,28.38,8.15,2,1000,0,51.77580035,-127.8788341,sand,n,90,p,macroalgae,nereocystis,macroalgae_sand,nereocystis_sand,99.67,1.14177e-152,299,Metazoa,Arthropoda,Arthropoda,Calanoida,Paracalanidae,Paracalanus,0,0,TRUE,ASV324,6,NA
edna0102,ASV2220,motu394,Balanus glandula,Acorn barnacle,species,1,1,NA,NA,86,156,NA,NA,NA,NA,NA,Balanus glandula,Acorn barnacle,2018_koe3_surface,koe3,beach_seine,2018-07-20,2018-07-18,2018,surface,3,edna_koe3_30,surface,biological,14.3,34.4,8.08,12.9,28.38,8.15,2,1000,0,51.77580035,-127.8788341,sand,n,90,p,macroalgae,nereocystis,macroalgae_sand,nereocystis_sand,99.68,1.5051499999999994e-156,306,Metazoa,Arthropoda,Thecostraca,Balanomorpha,Balanidae,Balanus,0,0,TRUE,ASV447,12,Balanus glandula
edna0102,ASV1081,motu213,Balanus glandula,Acorn barnacle,species,1,1,1,1,90,225,62,155,260,NA,201,Balanus glandula,Acorn barnacle,2018_koe3_surface,koe3,beach_seine,2018-07-20,2018-07-18,2018,surface,3,edna_koe3_30,surface,biological,14.3,34.4,8.08,12.9,28.38,8.15,2,1000,0,51.77580035,-127.8788341,sand,n,90,p,macroalgae,nereocystis,macroalgae_sand,nereocystis_sand,99.68,1.5051499999999994e-156,306,Metazoa,Arthropoda,Thecostraca,Balanomorpha,Balanidae,Balanus,0,0,TRUE,ASV242,15,Balanus glandula
edna0102,ASV2296,motu1890,Insecta,Hexapod,class,1,NA,NA,1,9,NA,NA,NA,NA,NA,22,Insecta,Hexapod,2018_koe3_surface,koe3,beach_seine,2018-07-20,2018-07-18,2018,surface,3,edna_koe3_30,surface,biological,14.3,34.4,8.08,12.9,28.38,8.15,2,1000,0,51.77580035,-127.8788341,sand,n,90,p,macroalgae,nereocystis,macroalgae_sand,nereocystis_sand,90.91,1.07393e-43,103,Metazoa,Arthropoda,Arthropoda,NA,NA,NA,NA,NA,TRUE,ASV2296,3,NA
edna0102,ASV3208,motu150,Pseudocalanus mimus,Calanoid copepod,species,1,NA,NA,1,40,NA,NA,34,50,NA,NA,Pseudocalanus mimus,Calanoid copepod,2018_koe3_surface,koe3,beach_seine,2018-07-20,2018-07-18,2018,surface,3,edna_koe3_30,surface,biological,14.3,34.4,8.08,12.9,28.38,8.15,2,1000,0,51.77580035,-127.8788341,sand,n,90,p,macroalgae,nereocystis,macroalgae_sand,nereocystis_sand,99.67,9.19139e-154,301,Metazoa,Arthropoda,Copepoda,Calanoida,Clausocalanidae,Pseudocalanus,0,0,TRUE,ASV171,10,Pseudocalanus mimus
edna0102,ASV3394,motu2390,Acartia (Acartiura) longiremis,Calanoid copepod,species,1,1,NA,NA,35,74,NA,NA,NA,NA,NA,Acartia (Acartiura) longiremis,Calanoid copepod,2018_koe3_surface,koe3,beach_seine,2018-07-20,2018-07-18,2018,surface,3,edna_koe3_30,surface,biological,14.3,34.4,8.08,12.9,28.38,8.15,2,1000,0,51.77580035,-127.8788341,sand,n,90,p,macroalgae,nereocystis,macroalgae_sand,nereocystis_sand,99.04,1.97556e-155,304,Metazoa,Arthropoda,Copepoda,Calanoida,Acartiidae,Acartia,0,0,TRUE,ASV2962,2,Acartia (Acartiura) longiremis
edna0102,ASV1921,motu1598,Humilaria kennerleyi,Kennerleys venus,species,1,NA,NA,NA,5,NA,NA,NA,NA,NA,NA,Humilaria kennerleyi,Kennerleys venus,2018_koe3_surface,koe3,beach_seine,2018-07-20,2018-07-18,2018,surface,3,edna_koe3_30,surface,biological,14.3,34.4,8.08,12.9,28.38,8.15,2,1000,0,51.77580035,-127.8788341,sand,n,90,p,macroalgae,nereocystis,macroalgae_sand,nereocystis_sand,100,1.96163e-160,313,Metazoa,Mollusca,Bivalvia,Venerida,Veneridae,Humilaria,0,0,TRUE,ASV1921,2,Humilaria kennerleyi
edna0102,ASV5879,motu1015,Balanus,Barnacle species,genus,1,NA,NA,NA,21,NA,NA,NA,NA,NA,NA,Balanus,Barnacle species,2018_koe3_surface,koe3,beach_seine,2018-07-20,2018-07-18,2018,surface,3,edna_koe3_30,surface,biological,14.3,34.4,8.08,12.9,28.38,8.15,2,1000,0,51.77580035,-127.8788341,sand,n,90,p,macroalgae,nereocystis,macroalgae_sand,nereocystis_sand,99.67,6.925819999999995e-155,303,Metazoa,Arthropoda,Arthropoda,Balanomorpha,Balanidae,Balanus,0,0,TRUE,ASV1187,5,NA
edna0102,ASV6132,motu1419,Aurelia,Moon jelly species,genus,1,NA,NA,NA,18,NA,NA,NA,NA,NA,NA,Aurelia labiata,Moon jelly species,2018_koe3_surface,koe3,beach_seine,2018-07-20,2018-07-18,2018,surface,3,edna_koe3_30,surface,biological,14.3,34.4,8.08,12.9,28.38,8.15,2,1000,0,51.77580035,-127.8788341,sand,n,90,p,macroalgae,nereocystis,macroalgae_sand,nereocystis_sand,99.68,9.126599999999999e-159,310,Metazoa,Cnidaria,Cnidaria,Semaeostomeae,Ulmaridae,Aurelia,0,0,TRUE,ASV1698,4,NA
edna0102,ASV4177,motu3275,Balclutha,Hexapod,genus,1,1,NA,NA,4,8,NA,NA,NA,NA,NA,Balclutha,Hexapod,2018_koe3_surface,koe3,beach_seine,2018-07-20,2018-07-18,2018,surface,3,edna_koe3_30,surface,biological,14.3,34.4,8.08,12.9,28.38,8.15,2,1000,0,51.77580035,-127.8788341,sand,n,90,p,macroalgae,nereocystis,macroalgae_sand,nereocystis_sand,94.44,0.00408744,30,Metazoa,Arthropoda,Arthropoda,Hemiptera,Cicadellidae,Balclutha,NA,NA,TRUE,ASV4177,1,NA
edna0102,ASV7799,motu6145,Siboglinidae,Feather duster worm,family,1,NA,NA,NA,2,NA,NA,NA,NA,NA,NA,Siboglinidae,Feather duster worm,2018_koe3_surface,koe3,beach_seine,2018-07-20,2018-07-18,2018,surface,3,edna_koe3_30,surface,biological,14.3,34.4,8.08,12.9,28.38,8.15,2,1000,0,51.77580035,-127.8788341,sand,n,90,p,macroalgae,nereocystis,macroalgae_sand,nereocystis_sand,91.94,1.91274e-11,45,Metazoa,Annelida,Annelida,Sabellida,Siboglinidae,NA,0,0,TRUE,ASV7799,1,NA
edna0103,ASV25,motu22,Acartia (Acartiura) longiremis,Calanoid copepod,species,1,1,NA,1,54,86,NA,70,147,NA,131,Acartia (Acartiura) longiremis,Calanoid copepod,2018_koe1_surface,koe1,beach_seine,2018-07-20,2018-07-18,2018,surface,1,edna_koe1_00,surface,biological,14.6,22.86,8.4,11.1,30.49,8.07,2.9,1000,0,51.77287511,-127.8757811,sand,y,500,p,none,none,none_sand,none_sand,100,1.96163e-160,313,Metazoa,Arthropoda,Copepoda,Calanoida,Acartiidae,Acartia,0,0,TRUE,ASV25,27,Acartia (Acartiura) longiremis
edna0103,ASV81,motu71,Acartia (Acartiura) longiremis,Calanoid copepod,species,1,1,NA,NA,38,70,NA,NA,NA,NA,NA,Acartia (Acartiura) longiremis,Calanoid copepod,2018_koe1_surface,koe1,beach_seine,2018-07-20,2018-07-18,2018,surface,1,edna_koe1_00,surface,biological,14.6,22.86,8.4,11.1,30.49,8.07,2.9,1000,0,51.77287511,-127.8757811,sand,y,500,p,none,none,none_sand,none_sand,100,1.96163e-160,313,Metazoa,Arthropoda,Copepoda,Calanoida,Acartiidae,Acartia,0,0,TRUE,ASV81,23,Acartia (Acartiura) longiremis
edna0103,ASV34,motu31,Centropages abdominalis,Calanoid copepod,species,1,1,1,1,67,156,79,152,384,NA,205,Centropages abdominalis,Calanoid copepod,2018_koe1_surface,koe1,beach_seine,2018-07-20,2018-07-18,2018,surface,1,edna_koe1_00,surface,biological,14.6,22.86,8.4,11.1,30.49,8.07,2.9,1000,0,51.77287511,-127.8757811,sand,y,500,p,none,none,none_sand,none_sand,100,1.96163e-160,313,Metazoa,Arthropoda,Copepoda,Calanoida,Centropagidae,Centropages,0,0,TRUE,ASV34,19,Centropages abdominalis
edna0103,ASV143,motu128,Centropages abdominalis,Calanoid copepod,species,1,1,NA,NA,80,170,NA,NA,NA,NA,NA,Centropages abdominalis,Calanoid copepod,2018_koe1_surface,koe1,beach_seine,2018-07-20,2018-07-18,2018,surface,1,edna_koe1_00,surface,biological,14.6,22.86,8.4,11.1,30.49,8.07,2.9,1000,0,51.77287511,-127.8757811,sand,y,500,p,none,none,none_sand,none_sand,100,1.96163e-160,313,Metazoa,Arthropoda,Copepoda,Calanoida,Centropagidae,Centropages,0,0,TRUE,ASV143,11,Centropages abdominalis
edna0103,ASV131,motu117,Lensia,Siphonophore,genus,1,1,1,1,8,17,10,23,44,NA,18,Lensia,Siphonophore,2018_koe1_surface,koe1,beach_seine,2018-07-20,2018-07-18,2018,surface,1,edna_koe1_00,surface,biological,14.6,22.86,8.4,11.1,30.49,8.07,2.9,1000,0,51.77287511,-127.8757811,sand,y,500,p,none,none,none_sand,none_sand,100,0.00408744,30,Metazoa,Cnidaria,Cnidaria,Siphonophorae,Diphyidae,Lensia,0,0,TRUE,ASV131,2,NA
edna0103,ASV216,motu190,Mytilus trossulus,Bay mussel,species,1,NA,1,1,58,NA,45,61,64,NA,NA,Mytilus trossulus,Bay mussel,2018_koe1_surface,koe1,beach_seine,2018-07-20,2018-07-18,2018,surface,1,edna_koe1_00,surface,biological,14.6,22.86,8.4,11.1,30.49,8.07,2.9,1000,0,51.77287511,-127.8757811,sand,y,500,p,none,none,none_sand,none_sand,100,3.2351099999999996e-158,309,Metazoa,Mollusca,Mollusca,Mytilida,Mytilidae,Mytilus,0,0,TRUE,ASV216,23,Mytilus trossulus
edna0103,ASV270,motu199,Mytilus,Mussel species,genus,1,NA,NA,1,51,NA,NA,NA,NA,NA,100,Mytilus trossulus,Bay mussel,2018_koe1_surface,koe1,beach_seine,2018-07-20,2018-07-18,2018,surface,1,edna_koe1_00,surface,biological,14.6,22.86,8.4,11.1,30.49,8.07,2.9,1000,0,51.77287511,-127.8757811,sand,y,500,p,none,none,none_sand,none_sand,100,3.2351099999999996e-158,309,Metazoa,Mollusca,Mollusca,Mytilida,Mytilidae,Mytilus,0,0,TRUE,ASV226,18,NA
edna0103,ASV377,motu334,Synchaeta pectinata,Rotifer,species,1,1,1,1,14,26,6,13,19,NA,7,Synchaeta pectinata,Rotifer,2018_koe1_surface,koe1,beach_seine,2018-07-20,2018-07-18,2018,surface,1,edna_koe1_00,surface,biological,14.6,22.86,8.4,11.1,30.49,8.07,2.9,1000,0,51.77287511,-127.8757811,sand,y,500,p,none,none,none_sand,none_sand,90.48,1.6452299999999999e-111,225,Metazoa,Rotifera,Eurotatoria,Ploima,Synchaetidae,Synchaeta,0,0,TRUE,ASV377,5,Synchaeta pectinata
edna0103,ASV398,motu350,Synchaeta pectinata,Rotifer,species,1,1,1,1,12,20,9,5,9,NA,10,Synchaeta pectinata,Rotifer,2018_koe1_surface,koe1,beach_seine,2018-07-20,2018-07-18,2018,surface,1,edna_koe1_00,surface,biological,14.6,22.86,8.4,11.1,30.49,8.07,2.9,1000,0,51.77287511,-127.8757811,sand,y,500,p,none,none,none_sand,none_sand,90.48,1.6452299999999999e-111,225,Metazoa,Rotifera,Eurotatoria,Ploima,Synchaetidae,Synchaeta,0,0,TRUE,ASV398,4,Synchaeta pectinata
edna0103,ASV860,motu748,Saxidomus,Washington clam species,genus,1,NA,NA,NA,3,NA,NA,NA,NA,NA,NA,Saxidomus,Washington clam species,2018_koe1_surface,koe1,beach_seine,2018-07-20,2018-07-18,2018,surface,1,edna_koe1_00,surface,biological,14.6,22.86,8.4,11.1,30.49,8.07,2.9,1000,0,51.77287511,-127.8757811,sand,y,500,p,none,none,none_sand,none_sand,100,1.96163e-160,313,Metazoa,Mollusca,Mollusca,Venerida,Veneridae,Saxidomus,0,0,TRUE,ASV860,4,NA
edna0103,ASV1186,motu1014,Corophiidae,Amphipod,family,1,NA,NA,1,11,NA,NA,NA,25,NA,NA,Corophiidae,Amphipod,2018_koe1_surface,koe1,beach_seine,2018-07-20,2018-07-18,2018,surface,1,edna_koe1_00,surface,biological,14.6,22.86,8.4,11.1,30.49,8.07,2.9,1000,0,51.77287511,-127.8757811,sand,y,500,p,none,none,none_sand,none_sand,98.72,9.19139e-154,301,Metazoa,Arthropoda,Malacostraca,Amphipoda,Corophiidae,NA,0,0,TRUE,ASV1186,2,NA
edna0103,ASV3910,motu1419,Aurelia labiata,Moon jelly species,species,1,NA,NA,NA,23,NA,NA,NA,NA,NA,NA,Aurelia labiata,Moon jelly species,2018_koe1_surface,koe1,beach_seine,2018-07-20,2018-07-18,2018,surface,1,edna_koe1_00,surface,biological,14.6,22.86,8.4,11.1,30.49,8.07,2.9,1000,0,51.77287511,-127.8757811,sand,y,500,p,none,none,none_sand,none_sand,99.68,9.126599999999999e-159,310,Metazoa,Cnidaria,Scyphozoa,Semaeostomeae,Ulmaridae,Aurelia,0,0,TRUE,ASV1698,4,Aurelia labiata
edna0103,ASV2773,motu2242,Diplostomida,Flatworm,order,1,1,NA,NA,6,9,NA,NA,NA,NA,NA,Diplostomida,Flatworm,2018_koe1_surface,koe1,beach_seine,2018-07-20,2018-07-18,2018,surface,1,edna_koe1_00,surface,biological,14.6,22.86,8.4,11.1,30.49,8.07,2.9,1000,0,51.77287511,-127.8757811,sand,y,500,p,none,none,none_sand,none_sand,96.88,0.0144888,29,Metazoa,Platyhelminthes,Platyhelminthes,Diplostomida,NA,NA,0,0,TRUE,ASV2773,1,NA
edna0103,ASV4194,motu3289,Synchaeta triophthalma,Rotifer,species,1,NA,NA,1,6,NA,NA,3,8,NA,NA,Synchaeta triophthalma,Rotifer,2018_koe1_surface,koe1,beach_seine,2018-07-20,2018-07-18,2018,surface,1,edna_koe1_00,surface,biological,14.6,22.86,8.4,11.1,30.49,8.07,2.9,1000,0,51.77287511,-127.8757811,sand,y,500,p,none,none,none_sand,none_sand,91.83,7.600549999999996e-115,231,Metazoa,Rotifera,Eurotatoria,Ploima,Synchaetidae,Synchaeta,0,0,TRUE,ASV4194,1,Synchaeta triophthalma
edna0103,ASV3801,motu2991,Synchaeta triophthalma,Rotifer,species,1,1,1,NA,6,13,6,NA,NA,NA,NA,Synchaeta triophthalma,Rotifer,2018_koe1_surface,koe1,beach_seine,2018-07-20,2018-07-18,2018,surface,1,edna_koe1_00,surface,biological,14.6,22.86,8.4,11.1,30.49,8.07,2.9,1000,0,51.77287511,-127.8757811,sand,y,500,p,none,none,none_sand,none_sand,91.83,7.600549999999996e-115,231,Metazoa,Rotifera,Eurotatoria,Ploima,Synchaetidae,Synchaeta,0,0,TRUE,ASV3801,1,Synchaeta triophthalma
edna0103,ASV4938,motu3821,Synchaeta cecilia,Rotifer,species,1,1,1,NA,5,14,4,NA,NA,NA,NA,Synchaeta cecilia,Rotifer,2018_koe1_surface,koe1,beach_seine,2018-07-20,2018-07-18,2018,surface,1,edna_koe1_00,surface,biological,14.6,22.86,8.4,11.1,30.49,8.07,2.9,1000,0,51.77287511,-127.8757811,sand,y,500,p,none,none,none_sand,none_sand,90.06,3.51042e-108,219,Metazoa,Rotifera,Eurotatoria,Ploima,Synchaetidae,Synchaeta,0,0,TRUE,ASV4938,1,Synchaeta cecilia
edna0104,ASV25,motu22,Acartia (Acartiura) longiremis,Calanoid copepod,species,1,1,1,1,104,225,43,304,312,NA,315,Acartia (Acartiura) longiremis,Calanoid copepod,2018_koe1_surface,koe1,beach_seine,2018-07-20,2018-07-18,2018,surface,2,edna_koe1_15,surface,biological,14.6,22.81,8.03,11.3,30.52,8.08,2.3,1000,0,51.77258216,-127.8758992,sand,y,500,p,none,none,none_sand,none_sand,100,1.96163e-160,313,Metazoa,Arthropoda,Copepoda,Calanoida,Acartiidae,Acartia,0,0,TRUE,ASV25,27,Acartia (Acartiura) longiremis
edna0104,ASV81,motu71,Acartia (Acartiura) longiremis,Calanoid copepod,species,1,1,NA,NA,91,221,NA,NA,NA,NA,NA,Acartia (Acartiura) longiremis,Calanoid copepod,2018_koe1_surface,koe1,beach_seine,2018-07-20,2018-07-18,2018,surface,2,edna_koe1_15,surface,biological,14.6,22.81,8.03,11.3,30.52,8.08,2.3,1000,0,51.77258216,-127.8758992,sand,y,500,p,none,none,none_sand,none_sand,100,1.96163e-160,313,Metazoa,Arthropoda,Copepoda,Calanoida,Acartiidae,Acartia,0,0,TRUE,ASV81,23,Acartia (Acartiura) longiremis
edna0104,ASV34,motu31,Centropages abdominalis,Calanoid copepod,species,1,NA,NA,1,18,NA,NA,148,228,NA,168,Centropages abdominalis,Calanoid copepod,2018_koe1_surface,koe1,beach_seine,2018-07-20,2018-07-18,2018,surface,2,edna_koe1_15,surface,biological,14.6,22.81,8.03,11.3,30.52,8.08,2.3,1000,0,51.77258216,-127.8758992,sand,y,500,p,none,none,none_sand,none_sand,100,1.96163e-160,313,Metazoa,Arthropoda,Copepoda,Calanoida,Centropagidae,Centropages,0,0,TRUE,ASV34,19,Centropages abdominalis
edna0104,ASV143,motu128,Centropages abdominalis,Calanoid copepod,species,1,1,NA,NA,23,34,NA,NA,NA,NA,NA,Centropages abdominalis,Calanoid copepod,2018_koe1_surface,koe1,beach_seine,2018-07-20,2018-07-18,2018,surface,2,edna_koe1_15,surface,biological,14.6,22.81,8.03,11.3,30.52,8.08,2.3,1000,0,51.77258216,-127.8758992,sand,y,500,p,none,none,none_sand,none_sand,100,1.96163e-160,313,Metazoa,Arthropoda,Copepoda,Calanoida,Centropagidae,Centropages,0,0,TRUE,ASV143,11,Centropages abdominalis
edna0104,ASV131,motu117,Lensia,Siphonophore,genus,1,1,NA,1,12,21,NA,85,39,NA,NA,Lensia,Siphonophore,2018_koe1_surface,koe1,beach_seine,2018-07-20,2018-07-18,2018,surface,2,edna_koe1_15,surface,biological,14.6,22.81,8.03,11.3,30.52,8.08,2.3,1000,0,51.77258216,-127.8758992,sand,y,500,p,none,none,none_sand,none_sand,100,0.00408744,30,Metazoa,Cnidaria,Cnidaria,Siphonophorae,Diphyidae,Lensia,0,0,TRUE,ASV131,2,NA
edna0104,ASV242,motu213,Balanus glandula,Acorn barnacle,species,1,1,NA,1,24,44,NA,68,NA,NA,NA,Balanus glandula,Acorn barnacle,2018_koe1_surface,koe1,beach_seine,2018-07-20,2018-07-18,2018,surface,2,edna_koe1_15,surface,biological,14.6,22.81,8.03,11.3,30.52,8.08,2.3,1000,0,51.77258216,-127.8758992,sand,y,500,p,none,none,none_sand,none_sand,100,3.2351099999999996e-158,309,Metazoa,Arthropoda,Thecostraca,Balanomorpha,Balanidae,Balanus,0,0,TRUE,ASV242,15,Balanus glandula
edna0104,ASV447,motu394,Balanus glandula,Acorn barnacle,species,1,1,NA,NA,22,57,NA,NA,NA,NA,NA,Balanus glandula,Acorn barnacle,2018_koe1_surface,koe1,beach_seine,2018-07-20,2018-07-18,2018,surface,2,edna_koe1_15,surface,biological,14.6,22.81,8.03,11.3,30.52,8.08,2.3,1000,0,51.77258216,-127.8758992,sand,y,500,p,none,none,none_sand,none_sand,100,3.2351099999999996e-158,309,Metazoa,Arthropoda,Thecostraca,Balanomorpha,Balanidae,Balanus,0,0,TRUE,ASV447,12,Balanus glandula
edna0104,ASV270,motu199,Mytilus,Mussel species,genus,1,1,1,1,49,87,36,86,156,NA,59,Mytilus trossulus,Bay mussel,2018_koe1_surface,koe1,beach_seine,2018-07-20,2018-07-18,2018,surface,2,edna_koe1_15,surface,biological,14.6,22.81,8.03,11.3,30.52,8.08,2.3,1000,0,51.77258216,-127.8758992,sand,y,500,p,none,none,none_sand,none_sand,100,3.2351099999999996e-158,309,Metazoa,Mollusca,Mollusca,Mytilida,Mytilidae,Mytilus,0,0,TRUE,ASV226,18,NA
edna0104,ASV1793,motu150,Pseudocalanus mimus,Calanoid copepod,species,1,NA,NA,NA,17,NA,NA,NA,NA,NA,NA,Pseudocalanus mimus,Calanoid copepod,2018_koe1_surface,koe1,beach_seine,2018-07-20,2018-07-18,2018,surface,2,edna_koe1_15,surface,biological,14.6,22.81,8.03,11.3,30.52,8.08,2.3,1000,0,51.77258216,-127.8758992,sand,y,500,p,none,none,none_sand,none_sand,100,1.97556e-155,304,Metazoa,Arthropoda,Copepoda,Calanoida,Clausocalanidae,Pseudocalanus,0,0,TRUE,ASV171,10,Pseudocalanus mimus
edna0104,ASV1883,motu303,Pseudocalanus mimus,Calanoid copepod,species,1,NA,NA,NA,28,NA,NA,NA,NA,NA,NA,Pseudocalanus mimus,Calanoid copepod,2018_koe1_surface,koe1,beach_seine,2018-07-20,2018-07-18,2018,surface,2,edna_koe1_15,surface,biological,14.6,22.81,8.03,11.3,30.52,8.08,2.3,1000,0,51.77258216,-127.8758992,sand,y,500,p,none,none,none_sand,none_sand,100,1.97556e-155,304,Metazoa,Arthropoda,Copepoda,Calanoida,Clausocalanidae,Pseudocalanus,0,0,TRUE,ASV343,11,Pseudocalanus mimus
edna0104,ASV625,motu545,Phascolosoma (Phascolosoma) agassizii,Agassiz peanut worm,species,1,1,NA,1,42,93,NA,143,116,NA,108,Phascolosoma (Phascolosoma) agassizii,Agassiz peanut worm,2018_koe1_surface,koe1,beach_seine,2018-07-20,2018-07-18,2018,surface,2,edna_koe1_15,surface,biological,14.6,22.81,8.03,11.3,30.52,8.08,2.3,1000,0,51.77258216,-127.8758992,sand,y,500,p,none,none,none_sand,none_sand,100,1.96163e-160,313,Metazoa,Annelida,NA,Sipuncula,Phascolosomatidae,Phascolosoma,0,0,TRUE,ASV625,3,Phascolosoma (Phascolosoma) agassizii
edna0104,ASV542,motu476,Phascolosoma (Phascolosoma) agassizii,Agassiz peanut worm,species,1,1,1,1,35,70,23,158,183,NA,91,Phascolosoma (Phascolosoma) agassizii,Agassiz peanut worm,2018_koe1_surface,koe1,beach_seine,2018-07-20,2018-07-18,2018,surface,2,edna_koe1_15,surface,biological,14.6,22.81,8.03,11.3,30.52,8.08,2.3,1000,0,51.77258216,-127.8758992,sand,y,500,p,none,none,none_sand,none_sand,100,1.96163e-160,313,Metazoa,Annelida,NA,Sipuncula,Phascolosomatidae,Phascolosoma,0,0,TRUE,ASV542,4,Phascolosoma (Phascolosoma) agassizii
edna0104,ASV1186,motu1014,Corophiidae,Amphipod,family,1,1,NA,1,24,22,NA,NA,NA,NA,26,Corophiidae,Amphipod,2018_koe1_surface,koe1,beach_seine,2018-07-20,2018-07-18,2018,surface,2,edna_koe1_15,surface,biological,14.6,22.81,8.03,11.3,30.52,8.08,2.3,1000,0,51.77258216,-127.8758992,sand,y,500,p,none,none,none_sand,none_sand,98.72,9.19139e-154,301,Metazoa,Arthropoda,Malacostraca,Amphipoda,Corophiidae,NA,0,0,TRUE,ASV1186,2,NA
edna0104,ASV670,motu583,Synchaeta triophthalma,Rotifer,species,1,1,NA,1,4,3,NA,33,8,NA,12,Synchaeta triophthalma,Rotifer,2018_koe1_surface,koe1,beach_seine,2018-07-20,2018-07-18,2018,surface,2,edna_koe1_15,surface,biological,14.6,22.81,8.03,11.3,30.52,8.08,2.3,1000,0,51.77258216,-127.8758992,sand,y,500,p,none,none,none_sand,none_sand,91.99,3.511259999999999e-118,237,Metazoa,Rotifera,Eurotatoria,Ploima,Synchaetidae,Synchaeta,0,0,TRUE,ASV670,4,Synchaeta triophthalma
edna0104,ASV647,motu560,Synchaeta triophthalma,Rotifer,species,1,1,1,1,3,5,3,25,14,NA,12,Synchaeta triophthalma,Rotifer,2018_koe1_surface,koe1,beach_seine,2018-07-20,2018-07-18,2018,surface,2,edna_koe1_15,surface,biological,14.6,22.81,8.03,11.3,30.52,8.08,2.3,1000,0,51.77258216,-127.8758992,sand,y,500,p,none,none,none_sand,none_sand,91.99,3.511259999999999e-118,237,Metazoa,Rotifera,Eurotatoria,Ploima,Synchaetidae,Synchaeta,0,0,TRUE,ASV647,4,Synchaeta triophthalma
edna0104,ASV2301,motu1895,Corophiidae,Amphipod,family,1,NA,NA,NA,13,NA,NA,NA,NA,NA,NA,Corophiidae,Amphipod,2018_koe1_surface,koe1,beach_seine,2018-07-20,2018-07-18,2018,surface,2,edna_koe1_15,surface,biological,14.6,22.81,8.03,11.3,30.52,8.08,2.3,1000,0,51.77258216,-127.8758992,sand,y,500,p,none,none,none_sand,none_sand,98.72,9.19139e-154,301,Metazoa,Arthropoda,Malacostraca,Amphipoda,Corophiidae,NA,0,0,TRUE,ASV2301,1,NA
edna0104,ASV1680,motu1405,Aurelia,Moon jelly species,genus,1,NA,1,1,38,NA,19,NA,NA,NA,34,Aurelia,Moon jelly species,2018_koe1_surface,koe1,beach_seine,2018-07-20,2018-07-18,2018,surface,2,edna_koe1_15,surface,biological,14.6,22.81,8.03,11.3,30.52,8.08,2.3,1000,0,51.77258216,-127.8758992,sand,y,500,p,none,none,none_sand,none_sand,100,1.96163e-160,313,Metazoa,Cnidaria,Cnidaria,Semaeostomeae,Ulmaridae,Aurelia,0,0,TRUE,ASV1680,1,NA
edna0104,ASV3829,motu1191,Membranipora membranacea,Coffin box bryozoan,species,1,1,NA,NA,7,11,NA,NA,NA,NA,NA,Membranipora membranacea,Coffin box bryozoan,2018_koe1_surface,koe1,beach_seine,2018-07-20,2018-07-18,2018,surface,2,edna_koe1_15,surface,biological,14.6,22.81,8.03,11.3,30.52,8.08,2.3,1000,0,51.77258216,-127.8758992,sand,y,500,p,none,none,none_sand,none_sand,100,5.610619999999999e-141,278,Metazoa,Bryozoa,Gymnolaemata,Cheilostomatida,Membraniporidae,Membranipora,0,0,TRUE,ASV1410,2,Membranipora membranacea
edna0104,ASV3696,motu2919,Phacellophora camtschatica,Fried egg jellyfish,species,1,1,NA,NA,9,8,NA,NA,NA,NA,NA,Phacellophora camtschatica,Fried egg jellyfish,2018_koe1_surface,koe1,beach_seine,2018-07-20,2018-07-18,2018,surface,2,edna_koe1_15,surface,biological,14.6,22.81,8.03,11.3,30.52,8.08,2.3,1000,0,51.77258216,-127.8758992,sand,y,500,p,none,none,none_sand,none_sand,100,1.96163e-160,313,Metazoa,Cnidaria,Scyphozoa,Semaeostomeae,Phacellophoridae,Phacellophora,0,0,TRUE,ASV3696,1,Phacellophora camtschatica
edna0104,ASV4420,motu1896,Membranipora membranacea,Coffin box bryozoan,species,1,1,NA,NA,9,12,NA,NA,NA,NA,NA,Membranipora membranacea,Coffin box bryozoan,2018_koe1_surface,koe1,beach_seine,2018-07-20,2018-07-18,2018,surface,2,edna_koe1_15,surface,biological,14.6,22.81,8.03,11.3,30.52,8.08,2.3,1000,0,51.77258216,-127.8758992,sand,y,500,p,none,none,none_sand,none_sand,100,5.610619999999999e-141,278,Metazoa,Bryozoa,Gymnolaemata,Cheilostomatida,Membraniporidae,Membranipora,0,0,TRUE,ASV2302,3,Membranipora membranacea
edna0104,ASV4177,motu3275,Balclutha,Hexapod,genus,1,1,NA,1,6,8,NA,NA,8,NA,NA,Balclutha,Hexapod,2018_koe1_surface,koe1,beach_seine,2018-07-20,2018-07-18,2018,surface,2,edna_koe1_15,surface,biological,14.6,22.81,8.03,11.3,30.52,8.08,2.3,1000,0,51.77258216,-127.8758992,sand,y,500,p,none,none,none_sand,none_sand,94.44,0.00408744,30,Metazoa,Arthropoda,Arthropoda,Hemiptera,Cicadellidae,Balclutha,NA,NA,TRUE,ASV4177,1,NA
edna0105,ASV25,motu22,Acartia (Acartiura) longiremis,Calanoid copepod,species,1,1,1,1,55,137,55,348,260,NA,272,Acartia (Acartiura) longiremis,Calanoid copepod,2018_koe1_surface,koe1,beach_seine,2018-07-20,2018-07-18,2018,surface,3,edna_koe1_30,surface,biological,14.6,22.64,8.02,12.2,29.48,8.02,2.5,1000,0,51.77230921,-127.87611,sand,y,500,p,none,none,none_sand,none_sand,100,1.96163e-160,313,Metazoa,Arthropoda,Copepoda,Calanoida,Acartiidae,Acartia,0,0,TRUE,ASV25,27,Acartia (Acartiura) longiremis
edna0105,ASV81,motu71,Acartia (Acartiura) longiremis,Calanoid copepod,species,1,1,NA,NA,62,120,NA,NA,NA,NA,NA,Acartia (Acartiura) longiremis,Calanoid copepod,2018_koe1_surface,koe1,beach_seine,2018-07-20,2018-07-18,2018,surface,3,edna_koe1_30,surface,biological,14.6,22.64,8.02,12.2,29.48,8.02,2.5,1000,0,51.77230921,-127.87611,sand,y,500,p,none,none,none_sand,none_sand,100,1.96163e-160,313,Metazoa,Arthropoda,Copepoda,Calanoida,Acartiidae,Acartia,0,0,TRUE,ASV81,23,Acartia (Acartiura) longiremis
edna0105,ASV34,motu31,Centropages abdominalis,Calanoid copepod,species,1,1,1,1,49,106,34,192,143,NA,132,Centropages abdominalis,Calanoid copepod,2018_koe1_surface,koe1,beach_seine,2018-07-20,2018-07-18,2018,surface,3,edna_koe1_30,surface,biological,14.6,22.64,8.02,12.2,29.48,8.02,2.5,1000,0,51.77230921,-127.87611,sand,y,500,p,none,none,none_sand,none_sand,100,1.96163e-160,313,Metazoa,Arthropoda,Copepoda,Calanoida,Centropagidae,Centropages,0,0,TRUE,ASV34,19,Centropages abdominalis
edna0105,ASV143,motu128,Centropages abdominalis,Calanoid copepod,species,1,1,NA,NA,35,104,NA,NA,NA,NA,NA,Centropages abdominalis,Calanoid copepod,2018_koe1_surface,koe1,beach_seine,2018-07-20,2018-07-18,2018,surface,3,edna_koe1_30,surface,biological,14.6,22.64,8.02,12.2,29.48,8.02,2.5,1000,0,51.77230921,-127.87611,sand,y,500,p,none,none,none_sand,none_sand,100,1.96163e-160,313,Metazoa,Arthropoda,Copepoda,Calanoida,Centropagidae,Centropages,0,0,TRUE,ASV143,11,Centropages abdominalis
edna0105,ASV226,motu199,Mytilus trossulus,Bay mussel,species,1,NA,NA,1,49,NA,NA,NA,56,NA,NA,Mytilus trossulus,Bay mussel,2018_koe1_surface,koe1,beach_seine,2018-07-20,2018-07-18,2018,surface,3,edna_koe1_30,surface,biological,14.6,22.64,8.02,12.2,29.48,8.02,2.5,1000,0,51.77230921,-127.87611,sand,y,500,p,none,none,none_sand,none_sand,100,3.2351099999999996e-158,309,Metazoa,Mollusca,Mollusca,Mytilida,Mytilidae,Mytilus,0,0,TRUE,ASV226,18,Mytilus trossulus
edna0105,ASV280,motu190,Mytilus,Mussel species,genus,1,1,NA,NA,36,53,NA,NA,NA,NA,NA,Mytilus trossulus,Bay mussel,2018_koe1_surface,koe1,beach_seine,2018-07-20,2018-07-18,2018,surface,3,edna_koe1_30,surface,biological,14.6,22.64,8.02,12.2,29.48,8.02,2.5,1000,0,51.77230921,-127.87611,sand,y,500,p,none,none,none_sand,none_sand,100,3.2351099999999996e-158,309,Metazoa,Mollusca,Mollusca,Mytilida,Mytilidae,Mytilus,0,0,TRUE,ASV216,23,NA
edna0105,ASV536,motu470,Paracalanus parvus parvus,Calanoid copepod,species,1,1,NA,NA,8,7,NA,NA,NA,NA,NA,Paracalanus parvus parvus,Calanoid copepod,2018_koe1_surface,koe1,beach_seine,2018-07-20,2018-07-18,2018,surface,3,edna_koe1_30,surface,biological,14.6,22.64,8.02,12.2,29.48,8.02,2.5,1000,0,51.77230921,-127.87611,sand,y,500,p,none,none,none_sand,none_sand,100,1.17454e-132,263,Metazoa,Arthropoda,Copepoda,Calanoida,Paracalanidae,Paracalanus,0,0,TRUE,ASV536,6,Paracalanus parvus parvus
edna0105,ASV865,motu753,Parastenocarididae,Harpacticoid copepod,family,1,1,NA,NA,16,25,NA,NA,NA,NA,NA,Parastenocarididae,Harpacticoid copepod,2018_koe1_surface,koe1,beach_seine,2018-07-20,2018-07-18,2018,surface,3,edna_koe1_30,surface,biological,14.6,22.64,8.02,12.2,29.48,8.02,2.5,1000,0,51.77230921,-127.87611,sand,y,500,p,none,none,none_sand,none_sand,94.59,0.00408744,30,Metazoa,Arthropoda,Arthropoda,Harpacticoida,Parastenocarididae,NA,1,0,TRUE,ASV865,1,NA
edna0105,ASV623,motu543,Balanus,Barnacle species,genus,1,1,1,NA,8,16,7,NA,NA,NA,NA,Balanus,Barnacle species,2018_koe1_surface,koe1,beach_seine,2018-07-20,2018-07-18,2018,surface,3,edna_koe1_30,surface,biological,14.6,22.64,8.02,12.2,29.48,8.02,2.5,1000,0,51.77230921,-127.87611,sand,y,500,p,none,none,none_sand,none_sand,100,1.4886099999999998e-156,306,Metazoa,Arthropoda,Arthropoda,Balanomorpha,Balanidae,Balanus,0,0,TRUE,ASV623,7,NA
edna0105,ASV1095,motu942,Balanus,Barnacle species,genus,1,1,NA,NA,6,21,NA,NA,NA,NA,NA,Balanus,Barnacle species,2018_koe1_surface,koe1,beach_seine,2018-07-20,2018-07-18,2018,surface,3,edna_koe1_30,surface,biological,14.6,22.64,8.02,12.2,29.48,8.02,2.5,1000,0,51.77230921,-127.87611,sand,y,500,p,none,none,none_sand,none_sand,100,1.4886099999999998e-156,306,Metazoa,Arthropoda,Arthropoda,Balanomorpha,Balanidae,Balanus,0,0,TRUE,ASV1095,4,NA
edna0105,ASV772,motu672,Parastenocarididae,Harpacticoid copepod,family,1,NA,NA,NA,30,NA,NA,NA,NA,NA,NA,Parastenocarididae,Harpacticoid copepod,2018_koe1_surface,koe1,beach_seine,2018-07-20,2018-07-18,2018,surface,3,edna_koe1_30,surface,biological,14.6,22.64,8.02,12.2,29.48,8.02,2.5,1000,0,51.77230921,-127.87611,sand,y,500,p,none,none,none_sand,none_sand,94.59,0.00408744,30,Metazoa,Arthropoda,Arthropoda,Harpacticoida,Parastenocarididae,NA,1,0,TRUE,ASV772,1,NA
edna0105,ASV1722,motu1438,Aurelia labiata,Moon jelly species,species,1,1,1,1,40,37,30,61,57,NA,NA,Aurelia labiata,Moon jelly species,2018_koe1_surface,koe1,beach_seine,2018-07-20,2018-07-18,2018,surface,3,edna_koe1_30,surface,biological,14.6,22.64,8.02,12.2,29.48,8.02,2.5,1000,0,51.77230921,-127.87611,sand,y,500,p,none,none,none_sand,none_sand,99.36,4.246189999999999e-157,307,Metazoa,Cnidaria,Scyphozoa,Semaeostomeae,Ulmaridae,Aurelia,0,0,TRUE,ASV1722,4,Aurelia labiata
edna0105,ASV2056,motu1702,Corophiidae,Amphipod,family,1,NA,NA,1,13,NA,NA,NA,9,NA,NA,Corophiidae,Amphipod,2018_koe1_surface,koe1,beach_seine,2018-07-20,2018-07-18,2018,surface,3,edna_koe1_30,surface,biological,14.6,22.64,8.02,12.2,29.48,8.02,2.5,1000,0,51.77230921,-127.87611,sand,y,500,p,none,none,none_sand,none_sand,98.71,1.1804e-152,299,Metazoa,Arthropoda,Malacostraca,Amphipoda,Corophiidae,NA,0,0,TRUE,ASV2056,1,NA
edna0105,ASV3266,motu2608,Arthropoda,Unknown arthropod,phylum,1,NA,NA,NA,4,NA,NA,NA,NA,NA,NA,Arthropoda,Unknown arthropod,2018_koe1_surface,koe1,beach_seine,2018-07-20,2018-07-18,2018,surface,3,edna_koe1_30,surface,biological,14.6,22.64,8.02,12.2,29.48,8.02,2.5,1000,0,51.77230921,-127.87611,sand,y,500,p,none,none,none_sand,none_sand,100,0.014701,29,Metazoa,Arthropoda,NA,NA,NA,NA,NA,NA,TRUE,ASV3266,1,NA
edna0105,ASV5550,motu4261,Syllidae,Necklace worm species,family,1,NA,NA,NA,26,NA,NA,NA,NA,NA,NA,Syllidae,Necklace worm species,2018_koe1_surface,koe1,beach_seine,2018-07-20,2018-07-18,2018,surface,3,edna_koe1_30,surface,biological,14.6,22.64,8.02,12.2,29.48,8.02,2.5,1000,0,51.77230921,-127.87611,sand,y,500,p,none,none,none_sand,none_sand,99.68,1.5051499999999994e-156,306,Metazoa,Annelida,Polychaeta,Phyllodocida,Syllidae,NA,0,0,TRUE,ASV5550,1,NA
edna0105,ASV3913,motu3073,Syllidae,Necklace worm species,family,1,NA,NA,1,23,NA,NA,53,NA,NA,NA,Syllidae,Necklace worm species,2018_koe1_surface,koe1,beach_seine,2018-07-20,2018-07-18,2018,surface,3,edna_koe1_30,surface,biological,14.6,22.64,8.02,12.2,29.48,8.02,2.5,1000,0,51.77230921,-127.87611,sand,y,500,p,none,none,none_sand,none_sand,99.68,1.172079999999999e-157,308,Metazoa,Annelida,Polychaeta,Phyllodocida,Syllidae,NA,0,0,TRUE,ASV3913,1,NA
edna0149,ASV258,motu228,Lensia,Siphonophore,genus,1,1,NA,NA,15,28,NA,NA,NA,NA,NA,Lensia,Siphonophore,2018_choked-grid_surface,choked grid,seagrass_grid,2018-08-24,NA,2018,surface,2,choked_grid_a2,grid,biological,11.5,31.84,7.96,10.1,32.49,7.87,7,1000,0,51.6749926,-128.1197971,sand,NA,NA,NA,seagrass,zostera,seagrass_sand,zostera_sand,100,0.00408744,30,Metazoa,Cnidaria,Cnidaria,Siphonophorae,Diphyidae,Lensia,0,0,TRUE,ASV258,1,NA
edna0149,ASV131,motu117,Lensia,Siphonophore,genus,1,1,1,1,10,35,15,14,8,NA,30,Lensia,Siphonophore,2018_choked-grid_surface,choked grid,seagrass_grid,2018-08-24,NA,2018,surface,2,choked_grid_a2,grid,biological,11.5,31.84,7.96,10.1,32.49,7.87,7,1000,0,51.6749926,-128.1197971,sand,NA,NA,NA,seagrass,zostera,seagrass_sand,zostera_sand,100,0.00408744,30,Metazoa,Cnidaria,Cnidaria,Siphonophorae,Diphyidae,Lensia,0,0,TRUE,ASV131,2,NA
edna0149,ASV171,motu150,Pseudocalanus mimus,Calanoid copepod,species,1,1,1,1,12,27,7,23,72,NA,110,Pseudocalanus mimus,Calanoid copepod,2018_choked-grid_surface,choked grid,seagrass_grid,2018-08-24,NA,2018,surface,2,choked_grid_a2,grid,biological,11.5,31.84,7.96,10.1,32.49,7.87,7,1000,0,51.6749926,-128.1197971,sand,NA,NA,NA,seagrass,zostera,seagrass_sand,zostera_sand,99.67,9.19139e-154,301,Metazoa,Arthropoda,Copepoda,Calanoida,Clausocalanidae,Pseudocalanus,0,0,TRUE,ASV171,10,Pseudocalanus mimus
edna0149,ASV343,motu303,Pseudocalanus mimus,Calanoid copepod,species,1,1,NA,NA,11,29,NA,NA,NA,NA,NA,Pseudocalanus mimus,Calanoid copepod,2018_choked-grid_surface,choked grid,seagrass_grid,2018-08-24,NA,2018,surface,2,choked_grid_a2,grid,biological,11.5,31.84,7.96,10.1,32.49,7.87,7,1000,0,51.6749926,-128.1197971,sand,NA,NA,NA,seagrass,zostera,seagrass_sand,zostera_sand,99.67,9.19139e-154,301,Metazoa,Arthropoda,Copepoda,Calanoida,Clausocalanidae,Pseudocalanus,0,0,TRUE,ASV343,11,Pseudocalanus mimus
edna0149,ASV285,motu244,Ophiopholis,Brittle star species,genus,1,1,1,1,16,27,9,25,28,NA,35,Ophiopholis kennerlyi,Daisy brittle star,2018_choked-grid_surface,choked grid,seagrass_grid,2018-08-24,NA,2018,surface,2,choked_grid_a2,grid,biological,11.5,31.84,7.96,10.1,32.49,7.87,7,1000,0,51.6749926,-128.1197971,sand,NA,NA,NA,seagrass,zostera,seagrass_sand,zostera_sand,100,1.96163e-160,313,Metazoa,Echinodermata,Echinodermata,Amphilepidida,Ophiopholidae,Ophiopholis,0,0,TRUE,ASV275,7,NA
edna0149,ASV605,motu529,Ophiopholis,Brittle star species,genus,1,1,NA,NA,10,41,NA,NA,NA,NA,NA,Ophiopholis kennerlyi,Daisy brittle star,2018_choked-grid_surface,choked grid,seagrass_grid,2018-08-24,NA,2018,surface,2,choked_grid_a2,grid,biological,11.5,31.84,7.96,10.1,32.49,7.87,7,1000,0,51.6749926,-128.1197971,sand,NA,NA,NA,seagrass,zostera,seagrass_sand,zostera_sand,100,1.96163e-160,313,Metazoa,Echinodermata,Echinodermata,Amphilepidida,Ophiopholidae,Ophiopholis,0,0,TRUE,ASV603,6,NA
edna0149,ASV689,motu600,Synchaeta baltica,Rotifer,species,1,1,NA,1,18,36,NA,12,15,NA,40,Synchaeta baltica,Rotifer,2018_choked-grid_surface,choked grid,seagrass_grid,2018-08-24,NA,2018,surface,2,choked_grid_a2,grid,biological,11.5,31.84,7.96,10.1,32.49,7.87,7,1000,0,51.6749926,-128.1197971,sand,NA,NA,NA,seagrass,zostera,seagrass_sand,zostera_sand,90.76,1.27184e-112,227,Metazoa,Rotifera,Eurotatoria,Ploima,Synchaetidae,Synchaeta,0,0,TRUE,ASV689,1,Synchaeta baltica
edna0149,ASV737,motu641,Synchaeta baltica,Rotifer,species,1,1,NA,1,15,24,NA,8,17,NA,32,Synchaeta baltica,Rotifer,2018_choked-grid_surface,choked grid,seagrass_grid,2018-08-24,NA,2018,surface,2,choked_grid_a2,grid,biological,11.5,31.84,7.96,10.1,32.49,7.87,7,1000,0,51.6749926,-128.1197971,sand,NA,NA,NA,seagrass,zostera,seagrass_sand,zostera_sand,90.76,1.27184e-112,227,Metazoa,Rotifera,Eurotatoria,Ploima,Synchaetidae,Synchaeta,0,0,TRUE,ASV737,1,Synchaeta baltica
edna0149,ASV3346,motu2667,Membranipora membranacea,Coffin box bryozoan,species,1,1,NA,NA,10,14,NA,NA,NA,NA,NA,Membranipora membranacea,Coffin box bryozoan,2018_choked-grid_surface,choked grid,seagrass_grid,2018-08-24,NA,2018,surface,2,choked_grid_a2,grid,biological,11.5,31.84,7.96,10.1,32.49,7.87,7,1000,0,51.6749926,-128.1197971,sand,NA,NA,NA,seagrass,zostera,seagrass_sand,zostera_sand,99.63,3.26565e-133,264,Metazoa,Bryozoa,Gymnolaemata,Cheilostomatida,Membraniporidae,Membranipora,0,0,TRUE,ASV3346,1,Membranipora membranacea
edna0149,ASV2451,motu1746,Synchaeta vorax,Rotifer,species,1,1,NA,1,5,11,NA,NA,7,NA,NA,Synchaeta vorax,Rotifer,2018_choked-grid_surface,choked grid,seagrass_grid,2018-08-24,NA,2018,surface,2,choked_grid_a2,grid,biological,11.5,31.84,7.96,10.1,32.49,7.87,7,1000,0,51.6749926,-128.1197971,sand,NA,NA,NA,seagrass,zostera,seagrass_sand,zostera_sand,95.13,1.20545e-132,263,Metazoa,Rotifera,Eurotatoria,Ploima,Synchaetidae,Synchaeta,0,0,TRUE,ASV2117,4,Synchaeta vorax
edna0149,ASV2465,motu1887,Synchaeta vorax,Rotifer,species,1,1,NA,1,5,11,NA,6,5,NA,NA,Synchaeta vorax,Rotifer,2018_choked-grid_surface,choked grid,seagrass_grid,2018-08-24,NA,2018,surface,2,choked_grid_a2,grid,biological,11.5,31.84,7.96,10.1,32.49,7.87,7,1000,0,51.6749926,-128.1197971,sand,NA,NA,NA,seagrass,zostera,seagrass_sand,zostera_sand,95.13,1.20545e-132,263,Metazoa,Rotifera,Eurotatoria,Ploima,Synchaetidae,Synchaeta,0,0,TRUE,ASV2292,5,Synchaeta vorax
edna0023,ASV25,motu22,Acartia (Acartiura) longiremis,Calanoid copepod,species,1,1,NA,1,57,68,NA,135,151,NA,130,Acartia (Acartiura) longiremis,Calanoid copepod,2018_chp_depth,chp,beach_seine,2018-07-12,2018-07-10,2018,depth,1,edna_chp_15,depth,biological,NA,NA,NA,NA,NA,NA,3.5,1000,0,51.67628487,-128.1233672,sand,n,35,e,seagrass,zostera,seagrass_sand,zostera_sand,100,1.96163e-160,313,Metazoa,Arthropoda,Copepoda,Calanoida,Acartiidae,Acartia,0,0,TRUE,ASV25,27,Acartia (Acartiura) longiremis
edna0023,ASV81,motu71,Acartia (Acartiura) longiremis,Calanoid copepod,species,1,1,NA,NA,68,87,NA,NA,NA,NA,NA,Acartia (Acartiura) longiremis,Calanoid copepod,2018_chp_depth,chp,beach_seine,2018-07-12,2018-07-10,2018,depth,1,edna_chp_15,depth,biological,NA,NA,NA,NA,NA,NA,3.5,1000,0,51.67628487,-128.1233672,sand,n,35,e,seagrass,zostera,seagrass_sand,zostera_sand,100,1.96163e-160,313,Metazoa,Arthropoda,Copepoda,Calanoida,Acartiidae,Acartia,0,0,TRUE,ASV81,23,Acartia (Acartiura) longiremis
edna0023,ASV34,motu31,Centropages abdominalis,Calanoid copepod,species,1,1,1,1,155,310,142,454,563,NA,453,Centropages abdominalis,Calanoid copepod,2018_chp_depth,chp,beach_seine,2018-07-12,2018-07-10,2018,depth,1,edna_chp_15,depth,biological,NA,NA,NA,NA,NA,NA,3.5,1000,0,51.67628487,-128.1233672,sand,n,35,e,seagrass,zostera,seagrass_sand,zostera_sand,100,1.96163e-160,313,Metazoa,Arthropoda,Copepoda,Calanoida,Centropagidae,Centropages,0,0,TRUE,ASV34,19,Centropages abdominalis
edna0023,ASV143,motu128,Centropages abdominalis,Calanoid copepod,species,1,1,NA,NA,161,346,NA,NA,NA,NA,NA,Centropages abdominalis,Calanoid copepod,2018_chp_depth,chp,beach_seine,2018-07-12,2018-07-10,2018,depth,1,edna_chp_15,depth,biological,NA,NA,NA,NA,NA,NA,3.5,1000,0,51.67628487,-128.1233672,sand,n,35,e,seagrass,zostera,seagrass_sand,zostera_sand,100,1.96163e-160,313,Metazoa,Arthropoda,Copepoda,Calanoida,Centropagidae,Centropages,0,0,TRUE,ASV143,11,Centropages abdominalis
edna0023,ASV226,motu199,Mytilus trossulus,Bay mussel,species,1,1,1,1,12,26,8,22,NA,NA,34,Mytilus trossulus,Bay mussel,2018_chp_depth,chp,beach_seine,2018-07-12,2018-07-10,2018,depth,1,edna_chp_15,depth,biological,NA,NA,NA,NA,NA,NA,3.5,1000,0,51.67628487,-128.1233672,sand,n,35,e,seagrass,zostera,seagrass_sand,zostera_sand,100,3.2351099999999996e-158,309,Metazoa,Mollusca,Mollusca,Mytilida,Mytilidae,Mytilus,0,0,TRUE,ASV226,18,Mytilus trossulus
edna0023,ASV307,motu118,Mesocentrotus franciscanus,Red sea urchin,species,1,1,NA,1,52,137,NA,141,NA,NA,NA,Mesocentrotus franciscanus,Red sea urchin,2018_chp_depth,chp,beach_seine,2018-07-12,2018-07-10,2018,depth,1,edna_chp_15,depth,biological,NA,NA,NA,NA,NA,NA,3.5,1000,0,51.67628487,-128.1233672,sand,n,35,e,seagrass,zostera,seagrass_sand,zostera_sand,100,7.02982e-160,312,Metazoa,Echinodermata,Echinoidea,Camarodonta,Strongylocentrotidae,Mesocentrotus,0,0,TRUE,ASV132,8,Mesocentrotus franciscanus
edna0023,ASV216,motu190,Mytilus trossulus,Bay mussel,species,1,1,NA,NA,8,18,NA,NA,NA,NA,NA,Mytilus trossulus,Bay mussel,2018_chp_depth,chp,beach_seine,2018-07-12,2018-07-10,2018,depth,1,edna_chp_15,depth,biological,NA,NA,NA,NA,NA,NA,3.5,1000,0,51.67628487,-128.1233672,sand,n,35,e,seagrass,zostera,seagrass_sand,zostera_sand,100,3.2351099999999996e-158,309,Metazoa,Mollusca,Mollusca,Mytilida,Mytilidae,Mytilus,0,0,TRUE,ASV216,23,Mytilus trossulus
edna0023,ASV118,motu105,Mesocentrotus franciscanus,Red sea urchin,species,1,1,1,1,67,121,59,154,172,NA,123,Mesocentrotus franciscanus,Red sea urchin,2018_chp_depth,chp,beach_seine,2018-07-12,2018-07-10,2018,depth,1,edna_chp_15,depth,biological,NA,NA,NA,NA,NA,NA,3.5,1000,0,51.67628487,-128.1233672,sand,n,35,e,seagrass,zostera,seagrass_sand,zostera_sand,100,2.51921e-159,311,Metazoa,Echinodermata,Echinoidea,Camarodonta,Strongylocentrotidae,Mesocentrotus,0,0,TRUE,ASV118,8,Mesocentrotus franciscanus
edna0023,ASV232,motu204,Cecidomyiidae,Hexapod,genus,1,1,1,1,86,189,85,237,338,NA,296,Cecidomyiidae,Hexapod,2018_chp_depth,chp,beach_seine,2018-07-12,2018-07-10,2018,depth,1,edna_chp_15,depth,biological,NA,NA,NA,NA,NA,NA,3.5,1000,0,51.67628487,-128.1233672,sand,n,35,e,seagrass,zostera,seagrass_sand,zostera_sand,100,0.00408744,30,Metazoa,Arthropoda,Arthropoda,Diptera,Cecidomyiidae,Cecidomyiidae,NA,NA,TRUE,ASV232,1,NA
edna0023,ASV595,motu522,Cecidomyiidae,Hexapod,genus,1,1,NA,NA,88,167,NA,NA,NA,NA,NA,Cecidomyiidae,Hexapod,2018_chp_depth,chp,beach_seine,2018-07-12,2018-07-10,2018,depth,1,edna_chp_15,depth,biological,NA,NA,NA,NA,NA,NA,3.5,1000,0,51.67628487,-128.1233672,sand,n,35,e,seagrass,zostera,seagrass_sand,zostera_sand,100,0.00408744,30,Metazoa,Arthropoda,Arthropoda,Diptera,Cecidomyiidae,Cecidomyiidae,NA,NA,TRUE,ASV595,1,NA
edna0023,ASV322,motu283,Dodecaceria,Cirratulid polychaete,genus,1,NA,NA,1,5,NA,NA,NA,15,NA,NA,Dodecaceria,Cirratulid polychaete,2018_chp_depth,chp,beach_seine,2018-07-12,2018-07-10,2018,depth,1,edna_chp_15,depth,biological,NA,NA,NA,NA,NA,NA,3.5,1000,0,51.67628487,-128.1233672,sand,n,35,e,seagrass,zostera,seagrass_sand,zostera_sand,100,1.96163e-160,313,Metazoa,Annelida,Polychaeta,Terebellida,Cirratulidae,Dodecaceria,0,0,TRUE,ASV322,5,NA
edna0023,ASV613,motu536,Sabellariidae,Feather duster worm,family,1,NA,NA,1,15,NA,NA,NA,NA,NA,42,Sabellariidae,Feather duster worm,2018_chp_depth,chp,beach_seine,2018-07-12,2018-07-10,2018,depth,1,edna_chp_15,depth,biological,NA,NA,NA,NA,NA,NA,3.5,1000,0,51.67628487,-128.1233672,sand,n,35,e,seagrass,zostera,seagrass_sand,zostera_sand,99.68,1.5051499999999994e-156,306,Metazoa,Annelida,Polychaeta,NA,Sabellariidae,NA,0,0,TRUE,ASV613,7,NA
edna0023,ASV978,motu848,Halosydna brevisetosa,Shortscaled worm,species,1,1,NA,1,66,133,NA,169,NA,NA,155,Halosydna brevisetosa,Shortscaled worm,2018_chp_depth,chp,beach_seine,2018-07-12,2018-07-10,2018,depth,1,edna_chp_15,depth,biological,NA,NA,NA,NA,NA,NA,3.5,1000,0,51.67628487,-128.1233672,sand,n,35,e,seagrass,zostera,seagrass_sand,zostera_sand,100,1.96163e-160,313,Metazoa,Annelida,Polychaeta,Phyllodocida,Polynoidae,Halosydna,0,0,TRUE,ASV978,4,Halosydna brevisetosa
edna0023,ASV920,motu800,Polymorphidae,Thorny headed worm,family,1,1,NA,1,7,3,NA,NA,5,NA,NA,Polymorphidae,Thorny headed worm,2018_chp_depth,chp,beach_seine,2018-07-12,2018-07-10,2018,depth,1,edna_chp_15,depth,biological,NA,NA,NA,NA,NA,NA,3.5,1000,0,51.67628487,-128.1233672,sand,n,35,e,seagrass,zostera,seagrass_sand,zostera_sand,94.87,8.37307e-5,33,Metazoa,Acanthocephala,Acanthocephala,Polymorphida,Polymorphidae,NA,0,0,TRUE,ASV920,3,NA
edna0023,ASV624,motu544,Halosydna brevisetosa,Shortscaled worm,species,1,1,1,1,65,128,60,188,189,NA,211,Halosydna brevisetosa,Shortscaled worm,2018_chp_depth,chp,beach_seine,2018-07-12,2018-07-10,2018,depth,1,edna_chp_15,depth,biological,NA,NA,NA,NA,NA,NA,3.5,1000,0,51.67628487,-128.1233672,sand,n,35,e,seagrass,zostera,seagrass_sand,zostera_sand,100,1.96163e-160,313,Metazoa,Annelida,Polychaeta,Phyllodocida,Polynoidae,Halosydna,0,0,TRUE,ASV624,4,Halosydna brevisetosa
edna0023,ASV1742,motu1454,Micropodarke dubia,Hesionid polychaete,species,1,NA,NA,NA,5,NA,NA,NA,NA,NA,NA,Micropodarke dubia,Hesionid polychaete,2018_chp_depth,chp,beach_seine,2018-07-12,2018-07-10,2018,depth,1,edna_chp_15,depth,biological,NA,NA,NA,NA,NA,NA,3.5,1000,0,51.67628487,-128.1233672,sand,n,35,e,seagrass,zostera,seagrass_sand,zostera_sand,100,1.96163e-160,313,Metazoa,Annelida,Polychaeta,Phyllodocida,Hesionidae,Micropodarke,0,0,TRUE,ASV1742,2,Micropodarke dubia
edna0023,ASV1492,motu1259,Membranipora membranacea,Coffin box bryozoan,species,1,1,NA,NA,6,6,NA,NA,NA,NA,NA,Membranipora membranacea,Coffin box bryozoan,2018_chp_depth,chp,beach_seine,2018-07-12,2018-07-10,2018,depth,1,edna_chp_15,depth,biological,NA,NA,NA,NA,NA,NA,3.5,1000,0,51.67628487,-128.1233672,sand,n,35,e,seagrass,zostera,seagrass_sand,zostera_sand,100,9.252979999999995e-139,274,Metazoa,Bryozoa,Gymnolaemata,Cheilostomatida,Membraniporidae,Membranipora,0,0,TRUE,ASV1492,2,Membranipora membranacea
edna0023,ASV2187,motu1804,Saccocirrus,Polychaete,genus,1,1,NA,NA,8,12,NA,NA,NA,NA,NA,Saccocirrus,Polychaete,2018_chp_depth,chp,beach_seine,2018-07-12,2018-07-10,2018,depth,1,edna_chp_15,depth,biological,NA,NA,NA,NA,NA,NA,3.5,1000,0,51.67628487,-128.1233672,sand,n,35,e,seagrass,zostera,seagrass_sand,zostera_sand,100,1.96163e-160,313,Metazoa,Annelida,Polychaeta,NA,Saccocirridae,Saccocirrus,0,0,TRUE,ASV2187,1,NA
edna0023,ASV1582,motu1332,Mytilus californianus,California mussel,species,1,1,NA,1,39,50,NA,NA,21,NA,19,Mytilus californianus,California mussel,2018_chp_depth,chp,beach_seine,2018-07-12,2018-07-10,2018,depth,1,edna_chp_15,depth,biological,NA,NA,NA,NA,NA,NA,3.5,1000,0,51.67628487,-128.1233672,sand,n,35,e,seagrass,zostera,seagrass_sand,zostera_sand,100,3.2351099999999996e-158,309,Metazoa,Mollusca,Bivalvia,Mytilida,Mytilidae,Mytilus,0,0,TRUE,ASV1582,5,Mytilus californianus
edna0023,ASV1304,motu1104,Haliotis kamtschatkana,Northern abalone,species,1,NA,NA,1,6,NA,NA,NA,NA,NA,19,Haliotis kamtschatkana,Northern abalone,2018_chp_depth,chp,beach_seine,2018-07-12,2018-07-10,2018,depth,1,edna_chp_15,depth,biological,NA,NA,NA,NA,NA,NA,3.5,1000,0,51.67628487,-128.1233672,sand,n,35,e,seagrass,zostera,seagrass_sand,zostera_sand,100,1.96163e-160,313,Metazoa,Mollusca,Mollusca,Lepetellida,Haliotidae,Haliotis,0,0,TRUE,ASV1304,9,Haliotis kamtschatkana
edna0023,ASV4557,motu1826,Mytilus californianus,California mussel,species,1,NA,NA,NA,15,NA,NA,NA,NA,NA,NA,Mytilus californianus,California mussel,2018_chp_depth,chp,beach_seine,2018-07-12,2018-07-10,2018,depth,1,edna_chp_15,depth,biological,NA,NA,NA,NA,NA,NA,3.5,1000,0,51.67628487,-128.1233672,sand,n,35,e,seagrass,zostera,seagrass_sand,zostera_sand,100,3.2351099999999996e-158,309,Metazoa,Mollusca,Bivalvia,Mytilida,Mytilidae,Mytilus,0,0,TRUE,ASV2213,3,Mytilus californianus
edna0023,ASV1917,motu1595,Arthropoda,Unknown arthropod,phylum,1,NA,NA,1,4,NA,NA,NA,NA,NA,5,Arthropoda,Unknown arthropod,2018_chp_depth,chp,beach_seine,2018-07-12,2018-07-10,2018,depth,1,edna_chp_15,depth,biological,NA,NA,NA,NA,NA,NA,3.5,1000,0,51.67628487,-128.1233672,sand,n,35,e,seagrass,zostera,seagrass_sand,zostera_sand,95,2.34566e-5,34,Metazoa,Arthropoda,NA,NA,NA,NA,NA,NA,TRUE,ASV1917,1,NA
edna0023,ASV1923,motu1600,Nudibranchia,Nudibranch species,order,1,1,1,1,6,7,8,10,13,NA,12,Nudibranchia,Nudibranch species,2018_chp_depth,chp,beach_seine,2018-07-12,2018-07-10,2018,depth,1,edna_chp_15,depth,biological,NA,NA,NA,NA,NA,NA,3.5,1000,0,51.67628487,-128.1233672,sand,n,35,e,seagrass,zostera,seagrass_sand,zostera_sand,100,1.96163e-160,313,Metazoa,Mollusca,Mollusca,Nudibranchia,NA,NA,0,0,TRUE,ASV1923,1,NA
edna0023,ASV3221,motu2578,Nudibranchia,Nudibranch species,order,1,1,NA,NA,6,13,NA,NA,NA,NA,NA,Nudibranchia,Nudibranch species,2018_chp_depth,chp,beach_seine,2018-07-12,2018-07-10,2018,depth,1,edna_chp_15,depth,biological,NA,NA,NA,NA,NA,NA,3.5,1000,0,51.67628487,-128.1233672,sand,n,35,e,seagrass,zostera,seagrass_sand,zostera_sand,100,1.96163e-160,313,Metazoa,Mollusca,Mollusca,Nudibranchia,NA,NA,0,0,TRUE,ASV3221,1,NA
edna0023,ASV3232,motu334,Synchaeta pectinata,Rotifer,species,1,NA,NA,NA,2,NA,NA,NA,NA,NA,NA,Synchaeta pectinata,Rotifer,2018_chp_depth,chp,beach_seine,2018-07-12,2018-07-10,2018,depth,1,edna_chp_15,depth,biological,NA,NA,NA,NA,NA,NA,3.5,1000,0,51.67628487,-128.1233672,sand,n,35,e,seagrass,zostera,seagrass_sand,zostera_sand,90.16,7.65451e-110,222,Metazoa,Rotifera,Eurotatoria,Ploima,Synchaetidae,Synchaeta,0,0,TRUE,ASV377,5,Synchaeta pectinata
edna0023,ASV2274,motu1873,Paracalanus,Calanoid copepod,genus,1,1,NA,NA,4,9,NA,NA,NA,NA,NA,Paracalanus,Calanoid copepod,2018_chp_depth,chp,beach_seine,2018-07-12,2018-07-10,2018,depth,1,edna_chp_15,depth,biological,NA,NA,NA,NA,NA,NA,3.5,1000,0,51.67628487,-128.1233672,sand,n,35,e,seagrass,zostera,seagrass_sand,zostera_sand,99.68,9.126599999999999e-159,310,Metazoa,Arthropoda,Arthropoda,Calanoida,Paracalanidae,Paracalanus,0,0,TRUE,ASV2274,1,NA
edna0023,ASV2840,motu2298,Arthropoda,Unknown arthropod,phylum,1,1,NA,NA,6,6,NA,NA,NA,NA,NA,Arthropoda,Unknown arthropod,2018_chp_depth,chp,beach_seine,2018-07-12,2018-07-10,2018,depth,1,edna_chp_15,depth,biological,NA,NA,NA,NA,NA,NA,3.5,1000,0,51.67628487,-128.1233672,sand,n,35,e,seagrass,zostera,seagrass_sand,zostera_sand,95,2.34566e-5,34,Metazoa,Arthropoda,NA,NA,NA,NA,NA,NA,TRUE,ASV2840,1,NA
edna0023,ASV2796,motu2259,Strongylocentrotus purpuratus,Purple sea urchin,species,1,1,NA,NA,12,42,NA,NA,NA,NA,NA,Strongylocentrotus purpuratus,Purple sea urchin,2018_chp_depth,chp,beach_seine,2018-07-12,2018-07-10,2018,depth,1,edna_chp_15,depth,biological,NA,NA,NA,NA,NA,NA,3.5,1000,0,51.67628487,-128.1233672,sand,n,35,e,seagrass,zostera,seagrass_sand,zostera_sand,100,1.96163e-160,313,Metazoa,Echinodermata,Echinoidea,Camarodonta,Strongylocentrotidae,Strongylocentrotus,0,0,TRUE,ASV2796,2,Strongylocentrotus purpuratus
edna0023,ASV1576,motu1328,Strongylocentrotus purpuratus,Purple sea urchin,species,1,1,1,1,17,33,15,46,57,NA,45,Strongylocentrotus purpuratus,Purple sea urchin,2018_chp_depth,chp,beach_seine,2018-07-12,2018-07-10,2018,depth,1,edna_chp_15,depth,biological,NA,NA,NA,NA,NA,NA,3.5,1000,0,51.67628487,-128.1233672,sand,n,35,e,seagrass,zostera,seagrass_sand,zostera_sand,100,1.96163e-160,313,Metazoa,Echinodermata,Echinoidea,Camarodonta,Strongylocentrotidae,Strongylocentrotus,0,0,TRUE,ASV1576,4,Strongylocentrotus purpuratus
edna0023,ASV3873,motu3042,Neosabellaria cementarium,Cemented sandmason tubeworm,species,1,NA,NA,1,5,NA,NA,13,13,NA,16,Neosabellaria cementarium,Cemented sandmason tubeworm,2018_chp_depth,chp,beach_seine,2018-07-12,2018-07-10,2018,depth,1,edna_chp_15,depth,biological,NA,NA,NA,NA,NA,NA,3.5,1000,0,51.67628487,-128.1233672,sand,n,35,e,seagrass,zostera,seagrass_sand,zostera_sand,99.36,4.246189999999999e-157,307,Metazoa,Annelida,Polychaeta,NA,Sabellariidae,Neosabellaria,0,0,TRUE,ASV3873,3,Neosabellaria cementarium
edna0023,ASV3036,motu2447,Saccocirrus,Polychaete,genus,1,NA,1,NA,7,NA,5,NA,NA,NA,NA,Saccocirrus,Polychaete,2018_chp_depth,chp,beach_seine,2018-07-12,2018-07-10,2018,depth,1,edna_chp_15,depth,biological,NA,NA,NA,NA,NA,NA,3.5,1000,0,51.67628487,-128.1233672,sand,n,35,e,seagrass,zostera,seagrass_sand,zostera_sand,100,2.4540699999999983e-154,302,Metazoa,Annelida,Polychaeta,NA,Saccocirridae,Saccocirrus,0,0,TRUE,ASV3036,1,NA
edna0023,ASV4712,motu3652,Staphylinidae,Hexapod,genus,1,1,NA,NA,14,18,NA,NA,NA,NA,NA,Staphylinidae,Hexapod,2018_chp_depth,chp,beach_seine,2018-07-12,2018-07-10,2018,depth,1,edna_chp_15,depth,biological,NA,NA,NA,NA,NA,NA,3.5,1000,0,51.67628487,-128.1233672,sand,n,35,e,seagrass,zostera,seagrass_sand,zostera_sand,96.08,1.85468e-11,45,Metazoa,Arthropoda,Arthropoda,Coleoptera,Staphylinidae,Staphylinidae,NA,NA,TRUE,ASV4712,1,NA
edna0023,ASV2472,motu2014,Ergasilida,Cyclopoid copepod,order,1,NA,NA,NA,4,NA,NA,NA,NA,NA,NA,Ergasilida,Cyclopoid copepod,2018_chp_depth,chp,beach_seine,2018-07-12,2018-07-10,2018,depth,1,edna_chp_15,depth,biological,NA,NA,NA,NA,NA,NA,3.5,1000,0,51.67628487,-128.1233672,sand,n,35,e,seagrass,zostera,seagrass_sand,zostera_sand,100,2.51921e-159,311,Metazoa,Arthropoda,Copepoda,Cyclopoida,NA,NA,0,0,FALSE,ASV2472,1,NA
edna0106,ASV25,motu22,Acartia (Acartiura) longiremis,Calanoid copepod,species,1,1,NA,1,119,250,NA,NA,NA,NA,285,Acartia (Acartiura) longiremis,Calanoid copepod,2018_sni1_surface,sni1,beach_seine,2018-07-18,2018-07-16,2018,surface,1,edna_sni1_00,surface,biological,10.7,30.65,8.08,9,31.4,7.76,6.8,1000,0,51.83867929,-128.0592127,mud,n,80,p,seagrass,zostera,seagrass_mud,zostera_mud,100,1.96163e-160,313,Metazoa,Arthropoda,Copepoda,Calanoida,Acartiidae,Acartia,0,0,TRUE,ASV25,27,Acartia (Acartiura) longiremis
edna0106,ASV81,motu71,Acartia (Acartiura) longiremis,Calanoid copepod,species,1,1,NA,NA,109,231,NA,NA,NA,NA,NA,Acartia (Acartiura) longiremis,Calanoid copepod,2018_sni1_surface,sni1,beach_seine,2018-07-18,2018-07-16,2018,surface,1,edna_sni1_00,surface,biological,10.7,30.65,8.08,9,31.4,7.76,6.8,1000,0,51.83867929,-128.0592127,mud,n,80,p,seagrass,zostera,seagrass_mud,zostera_mud,100,1.96163e-160,313,Metazoa,Arthropoda,Copepoda,Calanoida,Acartiidae,Acartia,0,0,TRUE,ASV81,23,Acartia (Acartiura) longiremis
edna0106,ASV131,motu117,Lensia,Siphonophore,genus,1,1,NA,1,8,10,NA,NA,NA,NA,54,Lensia,Siphonophore,2018_sni1_surface,sni1,beach_seine,2018-07-18,2018-07-16,2018,surface,1,edna_sni1_00,surface,biological,10.7,30.65,8.08,9,31.4,7.76,6.8,1000,0,51.83867929,-128.0592127,mud,n,80,p,seagrass,zostera,seagrass_mud,zostera_mud,100,0.00408744,30,Metazoa,Cnidaria,Cnidaria,Siphonophorae,Diphyidae,Lensia,0,0,TRUE,ASV131,2,NA
edna0106,ASV171,motu150,Pseudocalanus mimus,Calanoid copepod,species,1,1,NA,1,9,13,NA,NA,NA,NA,4,Pseudocalanus mimus,Calanoid copepod,2018_sni1_surface,sni1,beach_seine,2018-07-18,2018-07-16,2018,surface,1,edna_sni1_00,surface,biological,10.7,30.65,8.08,9,31.4,7.76,6.8,1000,0,51.83867929,-128.0592127,mud,n,80,p,seagrass,zostera,seagrass_mud,zostera_mud,99.67,9.19139e-154,301,Metazoa,Arthropoda,Copepoda,Calanoida,Clausocalanidae,Pseudocalanus,0,0,TRUE,ASV171,10,Pseudocalanus mimus
edna0106,ASV343,motu303,Pseudocalanus mimus,Calanoid copepod,species,1,1,NA,1,5,13,NA,NA,NA,NA,6,Pseudocalanus mimus,Calanoid copepod,2018_sni1_surface,sni1,beach_seine,2018-07-18,2018-07-16,2018,surface,1,edna_sni1_00,surface,biological,10.7,30.65,8.08,9,31.4,7.76,6.8,1000,0,51.83867929,-128.0592127,mud,n,80,p,seagrass,zostera,seagrass_mud,zostera_mud,99.67,9.19139e-154,301,Metazoa,Arthropoda,Copepoda,Calanoida,Clausocalanidae,Pseudocalanus,0,0,TRUE,ASV343,11,Pseudocalanus mimus
edna0106,ASV270,motu199,Mytilus,Mussel species,genus,1,1,NA,NA,27,50,NA,NA,NA,NA,NA,Mytilus trossulus,Bay mussel,2018_sni1_surface,sni1,beach_seine,2018-07-18,2018-07-16,2018,surface,1,edna_sni1_00,surface,biological,10.7,30.65,8.08,9,31.4,7.76,6.8,1000,0,51.83867929,-128.0592127,mud,n,80,p,seagrass,zostera,seagrass_mud,zostera_mud,100,3.2351099999999996e-158,309,Metazoa,Mollusca,Mollusca,Mytilida,Mytilidae,Mytilus,0,0,TRUE,ASV226,18,NA
edna0106,ASV744,motu648,Evasterias troschelii,False ochre star,species,1,NA,NA,NA,3,NA,NA,NA,NA,NA,NA,Evasterias troschelii,False ochre star,2018_sni1_surface,sni1,beach_seine,2018-07-18,2018-07-16,2018,surface,1,edna_sni1_00,surface,biological,10.7,30.65,8.08,9,31.4,7.76,6.8,1000,0,51.83867929,-128.0592127,mud,n,80,p,seagrass,zostera,seagrass_mud,zostera_mud,100,1.96163e-160,313,Metazoa,Echinodermata,Asteroidea,Forcipulatida,Asteriidae,Evasterias,0,0,TRUE,ASV744,1,Evasterias troschelii
edna0106,ASV623,motu543,Balanus,Barnacle species,genus,1,1,1,1,27,39,16,NA,NA,NA,17,Balanus,Barnacle species,2018_sni1_surface,sni1,beach_seine,2018-07-18,2018-07-16,2018,surface,1,edna_sni1_00,surface,biological,10.7,30.65,8.08,9,31.4,7.76,6.8,1000,0,51.83867929,-128.0592127,mud,n,80,p,seagrass,zostera,seagrass_mud,zostera_mud,100,1.4886099999999998e-156,306,Metazoa,Arthropoda,Arthropoda,Balanomorpha,Balanidae,Balanus,0,0,TRUE,ASV623,7,NA
edna0106,ASV1095,motu942,Balanus,Barnacle species,genus,1,1,NA,NA,21,50,NA,NA,NA,NA,NA,Balanus,Barnacle species,2018_sni1_surface,sni1,beach_seine,2018-07-18,2018-07-16,2018,surface,1,edna_sni1_00,surface,biological,10.7,30.65,8.08,9,31.4,7.76,6.8,1000,0,51.83867929,-128.0592127,mud,n,80,p,seagrass,zostera,seagrass_mud,zostera_mud,100,1.4886099999999998e-156,306,Metazoa,Arthropoda,Arthropoda,Balanomorpha,Balanidae,Balanus,0,0,TRUE,ASV1095,4,NA
edna0106,ASV750,motu654,Orobdella,Freshwater leech,genus,1,1,NA,1,6,18,NA,NA,NA,NA,17,Orobdella,Freshwater leech,2018_sni1_surface,sni1,beach_seine,2018-07-18,2018-07-16,2018,surface,1,edna_sni1_00,surface,biological,10.7,30.65,8.08,9,31.4,7.76,6.8,1000,0,51.83867929,-128.0592127,mud,n,80,p,seagrass,zostera,seagrass_mud,zostera_mud,97.06,0.00121031,31,Metazoa,Annelida,Annelida,Erpobdelliformes,Orobdellidae,Orobdella,NA,NA,TRUE,ASV750,1,NA
edna0106,ASV733,motu637,Phyllodocida,Polychaete,order,1,1,NA,1,7,9,NA,NA,NA,NA,3,Phyllodocida,Polychaete,2018_sni1_surface,sni1,beach_seine,2018-07-18,2018-07-16,2018,surface,1,edna_sni1_00,surface,biological,10.7,30.65,8.08,9,31.4,7.76,6.8,1000,0,51.83867929,-128.0592127,mud,n,80,p,seagrass,zostera,seagrass_mud,zostera_mud,100,0.0603188,28,Metazoa,Annelida,Annelida,Phyllodocida,NA,NA,0,0,TRUE,ASV733,1,NA
edna0106,ASV1384,motu1168,Membranipora membranacea,Coffin box bryozoan,species,1,1,NA,NA,30,43,NA,NA,NA,NA,NA,Membranipora membranacea,Coffin box bryozoan,2018_sni1_surface,sni1,beach_seine,2018-07-18,2018-07-16,2018,surface,1,edna_sni1_00,surface,biological,10.7,30.65,8.08,9,31.4,7.76,6.8,1000,0,51.83867929,-128.0592127,mud,n,80,p,seagrass,zostera,seagrass_mud,zostera_mud,100,9.252979999999995e-139,274,Metazoa,Bryozoa,Gymnolaemata,Cheilostomatida,Membraniporidae,Membranipora,0,0,TRUE,ASV1384,2,Membranipora membranacea
edna0106,ASV1046,motu902,Arthropoda,Unknown arthropod,phylum,1,NA,NA,NA,7,NA,NA,NA,NA,NA,NA,Arthropoda,Unknown arthropod,2018_sni1_surface,sni1,beach_seine,2018-07-18,2018-07-16,2018,surface,1,edna_sni1_00,surface,biological,10.7,30.65,8.08,9,31.4,7.76,6.8,1000,0,51.83867929,-128.0592127,mud,n,80,p,seagrass,zostera,seagrass_mud,zostera_mud,94.87,8.78538e-5,33,Metazoa,Arthropoda,NA,NA,NA,NA,NA,NA,TRUE,ASV1046,4,NA
edna0106,ASV2031,motu1681,Membranipora membranacea,Coffin box bryozoan,species,1,1,NA,NA,7,15,NA,NA,NA,NA,NA,Membranipora membranacea,Coffin box bryozoan,2018_sni1_surface,sni1,beach_seine,2018-07-18,2018-07-16,2018,surface,1,edna_sni1_00,surface,biological,10.7,30.65,8.08,9,31.4,7.76,6.8,1000,0,51.83867929,-128.0592127,mud,n,80,p,seagrass,zostera,seagrass_mud,zostera_mud,100,9.252979999999995e-139,274,Metazoa,Bryozoa,Gymnolaemata,Cheilostomatida,Membraniporidae,Membranipora,0,0,TRUE,ASV2031,1,Membranipora membranacea
edna0106,ASV2807,motu1655,Notomastus,Capitellid polychaete,genus,1,1,1,NA,10,22,9,NA,NA,NA,NA,Notomastus,Capitellid polychaete,2018_sni1_surface,sni1,beach_seine,2018-07-18,2018-07-16,2018,surface,1,edna_sni1_00,surface,biological,10.7,30.65,8.08,9,31.4,7.76,6.8,1000,0,51.83867929,-128.0592127,mud,n,80,p,seagrass,zostera,seagrass_mud,zostera_mud,100,1.96163e-160,313,Metazoa,Annelida,Polychaeta,NA,Capitellidae,Notomastus,0,0,TRUE,ASV1997,2,NA
edna0106,ASV2414,motu1743,Notomastus,Capitellid polychaete,genus,1,1,NA,1,17,29,NA,NA,NA,NA,49,Notomastus,Capitellid polychaete,2018_sni1_surface,sni1,beach_seine,2018-07-18,2018-07-16,2018,surface,1,edna_sni1_00,surface,biological,10.7,30.65,8.08,9,31.4,7.76,6.8,1000,0,51.83867929,-128.0592127,mud,n,80,p,seagrass,zostera,seagrass_mud,zostera_mud,100,1.96163e-160,313,Metazoa,Annelida,Polychaeta,NA,Capitellidae,Notomastus,0,0,TRUE,ASV2114,2,NA
edna0106,ASV3072,motu920,Arthropoda,Unknown arthropod,phylum,1,1,NA,NA,13,17,NA,NA,NA,NA,NA,Arthropoda,Unknown arthropod,2018_sni1_surface,sni1,beach_seine,2018-07-18,2018-07-16,2018,surface,1,edna_sni1_00,surface,biological,10.7,30.65,8.08,9,31.4,7.76,6.8,1000,0,51.83867929,-128.0592127,mud,n,80,p,seagrass,zostera,seagrass_mud,zostera_mud,94.87,8.78538e-5,33,Metazoa,Arthropoda,NA,NA,NA,NA,NA,NA,TRUE,ASV1068,4,NA
edna0106,ASV2556,motu2078,Synchaeta triophthalma,Rotifer,species,1,1,NA,1,9,8,NA,NA,NA,NA,18,Synchaeta triophthalma,Rotifer,2018_sni1_surface,sni1,beach_seine,2018-07-18,2018-07-16,2018,surface,1,edna_sni1_00,surface,biological,10.7,30.65,8.08,9,31.4,7.76,6.8,1000,0,51.83867929,-128.0592127,mud,n,80,p,seagrass,zostera,seagrass_mud,zostera_mud,91.35,7.600549999999996e-115,231,Metazoa,Rotifera,Eurotatoria,Ploima,Synchaetidae,Synchaeta,0,0,TRUE,ASV2556,1,Synchaeta triophthalma
edna0107,ASV25,motu22,Acartia (Acartiura) longiremis,Calanoid copepod,species,1,1,1,1,159,329,82,NA,215,NA,206,Acartia (Acartiura) longiremis,Calanoid copepod,2018_sni1_surface,sni1,beach_seine,2018-07-18,2018-07-16,2018,surface,2,edna_sni1_15,surface,biological,10.9,29.67,8.06,9.1,31.26,7.77,4.8,1000,0,51.83866886,-128.0594418,mud,n,80,p,seagrass,zostera,seagrass_mud,zostera_mud,100,1.96163e-160,313,Metazoa,Arthropoda,Copepoda,Calanoida,Acartiidae,Acartia,0,0,TRUE,ASV25,27,Acartia (Acartiura) longiremis
edna0107,ASV81,motu71,Acartia (Acartiura) longiremis,Calanoid copepod,species,1,1,NA,NA,134,321,NA,NA,NA,NA,NA,Acartia (Acartiura) longiremis,Calanoid copepod,2018_sni1_surface,sni1,beach_seine,2018-07-18,2018-07-16,2018,surface,2,edna_sni1_15,surface,biological,10.9,29.67,8.06,9.1,31.26,7.77,4.8,1000,0,51.83866886,-128.0594418,mud,n,80,p,seagrass,zostera,seagrass_mud,zostera_mud,100,1.96163e-160,313,Metazoa,Arthropoda,Copepoda,Calanoida,Acartiidae,Acartia,0,0,TRUE,ASV81,23,Acartia (Acartiura) longiremis
edna0107,ASV258,motu228,Lensia,Siphonophore,genus,1,1,NA,NA,8,22,NA,NA,NA,NA,NA,Lensia,Siphonophore,2018_sni1_surface,sni1,beach_seine,2018-07-18,2018-07-16,2018,surface,2,edna_sni1_15,surface,biological,10.9,29.67,8.06,9.1,31.26,7.77,4.8,1000,0,51.83866886,-128.0594418,mud,n,80,p,seagrass,zostera,seagrass_mud,zostera_mud,100,0.00408744,30,Metazoa,Cnidaria,Cnidaria,Siphonophorae,Diphyidae,Lensia,0,0,TRUE,ASV258,1,NA
edna0107,ASV131,motu117,Lensia,Siphonophore,genus,1,1,NA,1,7,23,NA,NA,40,NA,15,Lensia,Siphonophore,2018_sni1_surface,sni1,beach_seine,2018-07-18,2018-07-16,2018,surface,2,edna_sni1_15,surface,biological,10.9,29.67,8.06,9.1,31.26,7.77,4.8,1000,0,51.83866886,-128.0594418,mud,n,80,p,seagrass,zostera,seagrass_mud,zostera_mud,100,0.00408744,30,Metazoa,Cnidaria,Cnidaria,Siphonophorae,Diphyidae,Lensia,0,0,TRUE,ASV131,2,NA
edna0107,ASV226,motu199,Mytilus trossulus,Bay mussel,species,1,1,1,NA,32,82,25,NA,NA,NA,NA,Mytilus trossulus,Bay mussel,2018_sni1_surface,sni1,beach_seine,2018-07-18,2018-07-16,2018,surface,2,edna_sni1_15,surface,biological,10.9,29.67,8.06,9.1,31.26,7.77,4.8,1000,0,51.83866886,-128.0594418,mud,n,80,p,seagrass,zostera,seagrass_mud,zostera_mud,100,3.2351099999999996e-158,309,Metazoa,Mollusca,Mollusca,Mytilida,Mytilidae,Mytilus,0,0,TRUE,ASV226,18,Mytilus trossulus
edna0107,ASV216,motu190,Mytilus trossulus,Bay mussel,species,1,1,1,NA,54,64,32,NA,NA,NA,NA,Mytilus trossulus,Bay mussel,2018_sni1_surface,sni1,beach_seine,2018-07-18,2018-07-16,2018,surface,2,edna_sni1_15,surface,biological,10.9,29.67,8.06,9.1,31.26,7.77,4.8,1000,0,51.83866886,-128.0594418,mud,n,80,p,seagrass,zostera,seagrass_mud,zostera_mud,100,3.2351099999999996e-158,309,Metazoa,Mollusca,Mollusca,Mytilida,Mytilidae,Mytilus,0,0,TRUE,ASV216,23,Mytilus trossulus
edna0107,ASV205,motu181,Pseudocalanus mimus,Calanoid copepod,species,1,1,1,1,32,48,26,NA,90,NA,154,Pseudocalanus mimus,Calanoid copepod,2018_sni1_surface,sni1,beach_seine,2018-07-18,2018-07-16,2018,surface,2,edna_sni1_15,surface,biological,10.9,29.67,8.06,9.1,31.26,7.77,4.8,1000,0,51.83866886,-128.0594418,mud,n,80,p,seagrass,zostera,seagrass_mud,zostera_mud,100,1.18898e-152,299,Metazoa,Arthropoda,Copepoda,Calanoida,Clausocalanidae,Pseudocalanus,0,0,TRUE,ASV205,8,Pseudocalanus mimus
edna0107,ASV416,motu366,Pseudocalanus mimus,Calanoid copepod,species,1,1,NA,NA,45,68,NA,NA,NA,NA,NA,Pseudocalanus mimus,Calanoid copepod,2018_sni1_surface,sni1,beach_seine,2018-07-18,2018-07-16,2018,surface,2,edna_sni1_15,surface,biological,10.9,29.67,8.06,9.1,31.26,7.77,4.8,1000,0,51.83866886,-128.0594418,mud,n,80,p,seagrass,zostera,seagrass_mud,zostera_mud,100,1.18898e-152,299,Metazoa,Arthropoda,Copepoda,Calanoida,Clausocalanidae,Pseudocalanus,0,0,TRUE,ASV416,7,Pseudocalanus mimus
edna0107,ASV452,motu183,Euchlanidae,Rotifer,family,1,NA,NA,NA,22,NA,NA,NA,NA,NA,NA,No Results,No Results,2018_sni1_surface,sni1,beach_seine,2018-07-18,2018-07-16,2018,surface,2,edna_sni1_15,surface,biological,10.9,29.67,8.06,9.1,31.26,7.77,4.8,1000,0,51.83866886,-128.0594418,mud,n,80,p,seagrass,zostera,seagrass_mud,zostera_mud,91.35,3.005919999999998e-29,77,Metazoa,Rotifera,Rotifera,Ploima,Euchlanidae,NA,1,NA,TRUE,ASV208,2,NA
edna0107,ASV377,motu334,Synchaeta pectinata,Rotifer,species,1,NA,NA,NA,7,NA,NA,NA,NA,NA,NA,Synchaeta pectinata,Rotifer,2018_sni1_surface,sni1,beach_seine,2018-07-18,2018-07-16,2018,surface,2,edna_sni1_15,surface,biological,10.9,29.67,8.06,9.1,31.26,7.77,4.8,1000,0,51.83866886,-128.0594418,mud,n,80,p,seagrass,zostera,seagrass_mud,zostera_mud,90.48,1.6452299999999999e-111,225,Metazoa,Rotifera,Eurotatoria,Ploima,Synchaetidae,Synchaeta,0,0,TRUE,ASV377,5,Synchaeta pectinata
edna0107,ASV623,motu543,Balanus,Barnacle species,genus,1,1,1,1,69,156,51,NA,55,NA,139,Balanus,Barnacle species,2018_sni1_surface,sni1,beach_seine,2018-07-18,2018-07-16,2018,surface,2,edna_sni1_15,surface,biological,10.9,29.67,8.06,9.1,31.26,7.77,4.8,1000,0,51.83866886,-128.0594418,mud,n,80,p,seagrass,zostera,seagrass_mud,zostera_mud,100,1.4886099999999998e-156,306,Metazoa,Arthropoda,Arthropoda,Balanomorpha,Balanidae,Balanus,0,0,TRUE,ASV623,7,NA
edna0107,ASV1095,motu942,Balanus,Barnacle species,genus,1,1,NA,NA,82,156,NA,NA,NA,NA,NA,Balanus,Barnacle species,2018_sni1_surface,sni1,beach_seine,2018-07-18,2018-07-16,2018,surface,2,edna_sni1_15,surface,biological,10.9,29.67,8.06,9.1,31.26,7.77,4.8,1000,0,51.83866886,-128.0594418,mud,n,80,p,seagrass,zostera,seagrass_mud,zostera_mud,100,1.4886099999999998e-156,306,Metazoa,Arthropoda,Arthropoda,Balanomorpha,Balanidae,Balanus,0,0,TRUE,ASV1095,4,NA
edna0107,ASV713,motu350,Synchaeta pectinata,Rotifer,species,1,1,NA,1,11,16,NA,NA,NA,NA,10,Synchaeta pectinata,Rotifer,2018_sni1_surface,sni1,beach_seine,2018-07-18,2018-07-16,2018,surface,2,edna_sni1_15,surface,biological,10.9,29.67,8.06,9.1,31.26,7.77,4.8,1000,0,51.83866886,-128.0594418,mud,n,80,p,seagrass,zostera,seagrass_mud,zostera_mud,90.79,3.5361899999999996e-113,228,Metazoa,Rotifera,Eurotatoria,Ploima,Synchaetidae,Synchaeta,0,0,TRUE,ASV398,4,Synchaeta pectinata
edna0107,ASV1287,motu1015,Balanus,Barnacle species,genus,1,1,NA,NA,29,74,NA,NA,NA,NA,NA,Balanus,Barnacle species,2018_sni1_surface,sni1,beach_seine,2018-07-18,2018-07-16,2018,surface,2,edna_sni1_15,surface,biological,10.9,29.67,8.06,9.1,31.26,7.77,4.8,1000,0,51.83866886,-128.0594418,mud,n,80,p,seagrass,zostera,seagrass_mud,zostera_mud,99.67,6.925819999999995e-155,303,Metazoa,Arthropoda,Arthropoda,Balanomorpha,Balanidae,Balanus,0,0,TRUE,ASV1187,5,NA
edna0107,ASV750,motu654,Orobdella,Freshwater leech,genus,1,NA,NA,1,3,NA,NA,NA,6,NA,NA,Orobdella,Freshwater leech,2018_sni1_surface,sni1,beach_seine,2018-07-18,2018-07-16,2018,surface,2,edna_sni1_15,surface,biological,10.9,29.67,8.06,9.1,31.26,7.77,4.8,1000,0,51.83866886,-128.0594418,mud,n,80,p,seagrass,zostera,seagrass_mud,zostera_mud,97.06,0.00121031,31,Metazoa,Annelida,Annelida,Erpobdelliformes,Orobdellidae,Orobdella,NA,NA,TRUE,ASV750,1,NA
edna0107,ASV587,motu517,Balanus,Barnacle species,genus,1,1,1,1,29,73,28,NA,21,NA,43,Balanus,Barnacle species,2018_sni1_surface,sni1,beach_seine,2018-07-18,2018-07-16,2018,surface,2,edna_sni1_15,surface,biological,10.9,29.67,8.06,9.1,31.26,7.77,4.8,1000,0,51.83866886,-128.0594418,mud,n,80,p,seagrass,zostera,seagrass_mud,zostera_mud,99.67,6.925819999999995e-155,303,Metazoa,Arthropoda,Arthropoda,Balanomorpha,Balanidae,Balanus,0,0,TRUE,ASV587,10,NA
edna0107,ASV670,motu583,Synchaeta triophthalma,Rotifer,species,1,1,1,1,11,29,6,NA,19,NA,14,Synchaeta triophthalma,Rotifer,2018_sni1_surface,sni1,beach_seine,2018-07-18,2018-07-16,2018,surface,2,edna_sni1_15,surface,biological,10.9,29.67,8.06,9.1,31.26,7.77,4.8,1000,0,51.83866886,-128.0594418,mud,n,80,p,seagrass,zostera,seagrass_mud,zostera_mud,91.99,3.511259999999999e-118,237,Metazoa,Rotifera,Eurotatoria,Ploima,Synchaetidae,Synchaeta,0,0,TRUE,ASV670,4,Synchaeta triophthalma
edna0107,ASV647,motu560,Synchaeta triophthalma,Rotifer,species,1,1,NA,1,4,15,NA,NA,15,NA,NA,Synchaeta triophthalma,Rotifer,2018_sni1_surface,sni1,beach_seine,2018-07-18,2018-07-16,2018,surface,2,edna_sni1_15,surface,biological,10.9,29.67,8.06,9.1,31.26,7.77,4.8,1000,0,51.83866886,-128.0594418,mud,n,80,p,seagrass,zostera,seagrass_mud,zostera_mud,91.99,3.511259999999999e-118,237,Metazoa,Rotifera,Eurotatoria,Ploima,Synchaetidae,Synchaeta,0,0,TRUE,ASV647,4,Synchaeta triophthalma
edna0107,ASV1013,motu876,Orobdella,Freshwater leech,genus,1,NA,NA,NA,3,NA,NA,NA,NA,NA,NA,Orobdella,Freshwater leech,2018_sni1_surface,sni1,beach_seine,2018-07-18,2018-07-16,2018,surface,2,edna_sni1_15,surface,biological,10.9,29.67,8.06,9.1,31.26,7.77,4.8,1000,0,51.83866886,-128.0594418,mud,n,80,p,seagrass,zostera,seagrass_mud,zostera_mud,97.06,0.00121031,31,Metazoa,Annelida,Annelida,Erpobdelliformes,Orobdellidae,Orobdella,NA,NA,TRUE,ASV1013,1,NA
edna0107,ASV1367,motu1153,Cyanea,Lions mane jellyfish species,genus,1,NA,NA,1,4,NA,NA,NA,5,NA,NA,Cyanea,Lions mane jellyfish species,2018_sni1_surface,sni1,beach_seine,2018-07-18,2018-07-16,2018,surface,2,edna_sni1_15,surface,biological,10.9,29.67,8.06,9.1,31.26,7.77,4.8,1000,0,51.83866886,-128.0594418,mud,n,80,p,seagrass,zostera,seagrass_mud,zostera_mud,100,3.2351099999999996e-158,309,Metazoa,Cnidaria,Scyphozoa,Semaeostomeae,Cyaneidae,Cyanea,0,0,TRUE,ASV1367,2,NA
edna0107,ASV2076,motu1716,Protodorvillea gracilis,Dorvilleid polychaete,species,1,1,NA,NA,116,210,NA,NA,NA,NA,NA,Protodorvillea gracilis,Dorvilleid polychaete,2018_sni1_surface,sni1,beach_seine,2018-07-18,2018-07-16,2018,surface,2,edna_sni1_15,surface,biological,10.9,29.67,8.06,9.1,31.26,7.77,4.8,1000,0,51.83866886,-128.0594418,mud,n,80,p,seagrass,zostera,seagrass_mud,zostera_mud,99.67,2.5555499999999983e-154,302,Metazoa,Annelida,Polychaeta,Eunicida,Dorvilleidae,Protodorvillea,0,0,TRUE,ASV2076,1,Protodorvillea gracilis
edna0107,ASV1527,motu1288,Protodorvillea gracilis,Dorvilleid polychaete,species,1,1,1,1,92,201,31,NA,163,NA,136,Protodorvillea gracilis,Dorvilleid polychaete,2018_sni1_surface,sni1,beach_seine,2018-07-18,2018-07-16,2018,surface,2,edna_sni1_15,surface,biological,10.9,29.67,8.06,9.1,31.26,7.77,4.8,1000,0,51.83866886,-128.0594418,mud,n,80,p,seagrass,zostera,seagrass_mud,zostera_mud,99.67,2.5555499999999983e-154,302,Metazoa,Annelida,Polychaeta,Eunicida,Dorvilleidae,Protodorvillea,0,0,TRUE,ASV1527,2,Protodorvillea gracilis
edna0107,ASV2031,motu1681,Membranipora membranacea,Coffin box bryozoan,species,1,1,NA,NA,11,21,NA,NA,NA,NA,NA,Membranipora membranacea,Coffin box bryozoan,2018_sni1_surface,sni1,beach_seine,2018-07-18,2018-07-16,2018,surface,2,edna_sni1_15,surface,biological,10.9,29.67,8.06,9.1,31.26,7.77,4.8,1000,0,51.83866886,-128.0594418,mud,n,80,p,seagrass,zostera,seagrass_mud,zostera_mud,100,9.252979999999995e-139,274,Metazoa,Bryozoa,Gymnolaemata,Cheilostomatida,Membraniporidae,Membranipora,0,0,TRUE,ASV2031,1,Membranipora membranacea
edna0107,ASV1997,motu1655,Notomastus,Capitellid polychaete,genus,1,1,NA,1,63,132,NA,NA,91,NA,72,Notomastus,Capitellid polychaete,2018_sni1_surface,sni1,beach_seine,2018-07-18,2018-07-16,2018,surface,2,edna_sni1_15,surface,biological,10.9,29.67,8.06,9.1,31.26,7.77,4.8,1000,0,51.83866886,-128.0594418,mud,n,80,p,seagrass,zostera,seagrass_mud,zostera_mud,99.68,9.126599999999999e-159,310,Metazoa,Annelida,Polychaeta,NA,Capitellidae,Notomastus,0,0,TRUE,ASV1997,2,NA
edna0107,ASV2114,motu1743,Notomastus,Capitellid polychaete,genus,1,1,NA,1,60,123,NA,NA,60,NA,73,Notomastus,Capitellid polychaete,2018_sni1_surface,sni1,beach_seine,2018-07-18,2018-07-16,2018,surface,2,edna_sni1_15,surface,biological,10.9,29.67,8.06,9.1,31.26,7.77,4.8,1000,0,51.83866886,-128.0594418,mud,n,80,p,seagrass,zostera,seagrass_mud,zostera_mud,99.68,9.126599999999999e-159,310,Metazoa,Annelida,Polychaeta,NA,Capitellidae,Notomastus,0,0,TRUE,ASV2114,2,NA
edna0107,ASV3170,motu543,Balanus,Barnacle species,genus,1,1,NA,NA,53,74,NA,NA,NA,NA,NA,Balanus,Barnacle species,2018_sni1_surface,sni1,beach_seine,2018-07-18,2018-07-16,2018,surface,2,edna_sni1_15,surface,biological,10.9,29.67,8.06,9.1,31.26,7.77,4.8,1000,0,51.83866886,-128.0594418,mud,n,80,p,seagrass,zostera,seagrass_mud,zostera_mud,99.67,6.925819999999995e-155,303,Metazoa,Arthropoda,Arthropoda,Balanomorpha,Balanidae,Balanus,0,0,TRUE,ASV623,7,NA
edna0107,ASV3311,motu942,Balanus,Barnacle species,genus,1,1,NA,NA,45,70,NA,NA,NA,NA,NA,Balanus,Barnacle species,2018_sni1_surface,sni1,beach_seine,2018-07-18,2018-07-16,2018,surface,2,edna_sni1_15,surface,biological,10.9,29.67,8.06,9.1,31.26,7.77,4.8,1000,0,51.83866886,-128.0594418,mud,n,80,p,seagrass,zostera,seagrass_mud,zostera_mud,99.67,6.925819999999995e-155,303,Metazoa,Arthropoda,Arthropoda,Balanomorpha,Balanidae,Balanus,0,0,TRUE,ASV1095,4,NA
edna0107,ASV1391,motu1175,Cistenides granulata,Trumpet worm,species,1,NA,NA,1,12,NA,NA,NA,21,NA,NA,Cistenides granulata,Trumpet worm,2018_sni1_surface,sni1,beach_seine,2018-07-18,2018-07-16,2018,surface,2,edna_sni1_15,surface,biological,10.9,29.67,8.06,9.1,31.26,7.77,4.8,1000,0,51.83866886,-128.0594418,mud,n,80,p,seagrass,zostera,seagrass_mud,zostera_mud,100,2.51921e-159,311,Metazoa,Annelida,Polychaeta,Terebellida,Pectinariidae,Pectinaria,0,0,TRUE,ASV1391,1,Cistenides granulata
edna0107,ASV3099,motu2493,Maculaura alaskensis,Ribbon worm,species,1,1,NA,NA,37,98,NA,NA,NA,NA,NA,Maculaura alaskensis,Ribbon worm,2018_sni1_surface,sni1,beach_seine,2018-07-18,2018-07-16,2018,surface,2,edna_sni1_15,surface,biological,10.9,29.67,8.06,9.1,31.26,7.77,4.8,1000,0,51.83866886,-128.0594418,mud,n,80,p,seagrass,zostera,seagrass_mud,zostera_mud,100,1.96163e-160,313,Metazoa,Nemertea,Pilidiophora,Heteronemertea,Lineidae,Maculaura,0,0,TRUE,ASV3099,1,Maculaura alaskensis
edna0107,ASV2299,motu1893,Maculaura alaskensis,Ribbon worm,species,1,1,NA,1,31,114,NA,NA,123,NA,NA,Maculaura alaskensis,Ribbon worm,2018_sni1_surface,sni1,beach_seine,2018-07-18,2018-07-16,2018,surface,2,edna_sni1_15,surface,biological,10.9,29.67,8.06,9.1,31.26,7.77,4.8,1000,0,51.83866886,-128.0594418,mud,n,80,p,seagrass,zostera,seagrass_mud,zostera_mud,100,1.96163e-160,313,Metazoa,Nemertea,Pilidiophora,Heteronemertea,Lineidae,Maculaura,0,0,TRUE,ASV2299,1,Maculaura alaskensis
edna0107,ASV5732,motu4398,Glycinde picta,Goniadid polychaete,species,1,NA,NA,NA,19,NA,NA,NA,NA,NA,NA,Glycinde picta,Goniadid polychaete,2018_sni1_surface,sni1,beach_seine,2018-07-18,2018-07-16,2018,surface,2,edna_sni1_15,surface,biological,10.9,29.67,8.06,9.1,31.26,7.77,4.8,1000,0,51.83866886,-128.0594418,mud,n,80,p,seagrass,zostera,seagrass_mud,zostera_mud,100,1.96163e-160,313,Metazoa,Annelida,Polychaeta,Phyllodocida,Goniadidae,Glycinde,0,0,TRUE,ASV5732,1,Glycinde picta
edna0107,ASV2881,motu2328,Coleoptera,Hexapod,order,1,1,NA,1,4,4,NA,NA,7,NA,NA,Coleoptera,Hexapod,2018_sni1_surface,sni1,beach_seine,2018-07-18,2018-07-16,2018,surface,2,edna_sni1_15,surface,biological,10.9,29.67,8.06,9.1,31.26,7.77,4.8,1000,0,51.83866886,-128.0594418,mud,n,80,p,seagrass,zostera,seagrass_mud,zostera_mud,100,0.00110774,31,Metazoa,Arthropoda,Arthropoda,Coleoptera,NA,NA,NA,NA,TRUE,ASV2881,1,NA
edna0107,ASV4875,motu3770,Leukoma staminea,Pacific littleneck clam,species,1,1,NA,NA,11,8,NA,NA,NA,NA,NA,Leukoma staminea,Pacific littleneck clam,2018_sni1_surface,sni1,beach_seine,2018-07-18,2018-07-16,2018,surface,2,edna_sni1_15,surface,biological,10.9,29.67,8.06,9.1,31.26,7.77,4.8,1000,0,51.83866886,-128.0594418,mud,n,80,p,seagrass,zostera,seagrass_mud,zostera_mud,100,1.54896e-146,288,Metazoa,Mollusca,Bivalvia,Venerida,Veneridae,Leukoma,0,0,TRUE,ASV4875,1,Leukoma staminea
edna0107,ASV5085,motu3915,Leukoma staminea,Pacific littleneck clam,species,1,1,NA,NA,7,14,NA,NA,NA,NA,NA,Leukoma staminea,Pacific littleneck clam,2018_sni1_surface,sni1,beach_seine,2018-07-18,2018-07-16,2018,surface,2,edna_sni1_15,surface,biological,10.9,29.67,8.06,9.1,31.26,7.77,4.8,1000,0,51.83866886,-128.0594418,mud,n,80,p,seagrass,zostera,seagrass_mud,zostera_mud,100,1.54896e-146,288,Metazoa,Mollusca,Bivalvia,Venerida,Veneridae,Leukoma,0,0,TRUE,ASV5085,1,Leukoma staminea
edna0110,ASV25,motu22,Acartia (Acartiura) longiremis,Calanoid copepod,species,1,1,1,1,34,68,35,NA,62,NA,37,Acartia (Acartiura) longiremis,Calanoid copepod,2018_sni2_surface,sni2,beach_seine,2018-07-18,2018-07-16,2018,surface,2,edna_sni2_15,surface,biological,15.3,26.75,8.39,10.5,30.33,8.21,6,1000,0,51.81736319,-128.0299728,cobble,n,70,p,macroalgae,algae,macroalgae_cobble,algae_cobble,100,1.96163e-160,313,Metazoa,Arthropoda,Copepoda,Calanoida,Acartiidae,Acartia,0,0,TRUE,ASV25,27,Acartia (Acartiura) longiremis
edna0110,ASV81,motu71,Acartia (Acartiura) longiremis,Calanoid copepod,species,1,1,NA,NA,31,69,NA,NA,NA,NA,NA,Acartia (Acartiura) longiremis,Calanoid copepod,2018_sni2_surface,sni2,beach_seine,2018-07-18,2018-07-16,2018,surface,2,edna_sni2_15,surface,biological,15.3,26.75,8.39,10.5,30.33,8.21,6,1000,0,51.81736319,-128.0299728,cobble,n,70,p,macroalgae,algae,macroalgae_cobble,algae_cobble,100,1.96163e-160,313,Metazoa,Arthropoda,Copepoda,Calanoida,Acartiidae,Acartia,0,0,TRUE,ASV81,23,Acartia (Acartiura) longiremis
edna0110,ASV34,motu31,Centropages abdominalis,Calanoid copepod,species,1,1,1,1,86,145,74,NA,222,NA,141,Centropages abdominalis,Calanoid copepod,2018_sni2_surface,sni2,beach_seine,2018-07-18,2018-07-16,2018,surface,2,edna_sni2_15,surface,biological,15.3,26.75,8.39,10.5,30.33,8.21,6,1000,0,51.81736319,-128.0299728,cobble,n,70,p,macroalgae,algae,macroalgae_cobble,algae_cobble,100,1.96163e-160,313,Metazoa,Arthropoda,Copepoda,Calanoida,Centropagidae,Centropages,0,0,TRUE,ASV34,19,Centropages abdominalis
edna0110,ASV143,motu128,Centropages abdominalis,Calanoid copepod,species,1,1,NA,NA,68,192,NA,NA,NA,NA,NA,Centropages abdominalis,Calanoid copepod,2018_sni2_surface,sni2,beach_seine,2018-07-18,2018-07-16,2018,surface,2,edna_sni2_15,surface,biological,15.3,26.75,8.39,10.5,30.33,8.21,6,1000,0,51.81736319,-128.0299728,cobble,n,70,p,macroalgae,algae,macroalgae_cobble,algae_cobble,100,1.96163e-160,313,Metazoa,Arthropoda,Copepoda,Calanoida,Centropagidae,Centropages,0,0,TRUE,ASV143,11,Centropages abdominalis
edna0110,ASV258,motu228,Lensia,Siphonophore,genus,1,1,NA,NA,24,50,NA,NA,NA,NA,NA,Lensia,Siphonophore,2018_sni2_surface,sni2,beach_seine,2018-07-18,2018-07-16,2018,surface,2,edna_sni2_15,surface,biological,15.3,26.75,8.39,10.5,30.33,8.21,6,1000,0,51.81736319,-128.0299728,cobble,n,70,p,macroalgae,algae,macroalgae_cobble,algae_cobble,100,0.00408744,30,Metazoa,Cnidaria,Cnidaria,Siphonophorae,Diphyidae,Lensia,0,0,TRUE,ASV258,1,NA
edna0110,ASV131,motu117,Lensia,Siphonophore,genus,1,1,1,1,29,63,22,NA,31,NA,NA,Lensia,Siphonophore,2018_sni2_surface,sni2,beach_seine,2018-07-18,2018-07-16,2018,surface,2,edna_sni2_15,surface,biological,15.3,26.75,8.39,10.5,30.33,8.21,6,1000,0,51.81736319,-128.0299728,cobble,n,70,p,macroalgae,algae,macroalgae_cobble,algae_cobble,100,0.00408744,30,Metazoa,Cnidaria,Cnidaria,Siphonophorae,Diphyidae,Lensia,0,0,TRUE,ASV131,2,NA
edna0110,ASV280,motu190,Mytilus,Mussel species,genus,1,1,1,1,28,50,21,NA,39,NA,NA,Mytilus trossulus,Bay mussel,2018_sni2_surface,sni2,beach_seine,2018-07-18,2018-07-16,2018,surface,2,edna_sni2_15,surface,biological,15.3,26.75,8.39,10.5,30.33,8.21,6,1000,0,51.81736319,-128.0299728,cobble,n,70,p,macroalgae,algae,macroalgae_cobble,algae_cobble,100,3.2351099999999996e-158,309,Metazoa,Mollusca,Mollusca,Mytilida,Mytilidae,Mytilus,0,0,TRUE,ASV216,23,NA
edna0110,ASV270,motu199,Mytilus,Mussel species,genus,1,NA,1,1,25,NA,16,NA,40,NA,24,Mytilus trossulus,Bay mussel,2018_sni2_surface,sni2,beach_seine,2018-07-18,2018-07-16,2018,surface,2,edna_sni2_15,surface,biological,15.3,26.75,8.39,10.5,30.33,8.21,6,1000,0,51.81736319,-128.0299728,cobble,n,70,p,macroalgae,algae,macroalgae_cobble,algae_cobble,100,3.2351099999999996e-158,309,Metazoa,Mollusca,Mollusca,Mytilida,Mytilidae,Mytilus,0,0,TRUE,ASV226,18,NA
edna0110,ASV452,motu183,Euchlanidae,Rotifer,family,1,NA,NA,NA,22,NA,NA,NA,NA,NA,NA,No Results,No Results,2018_sni2_surface,sni2,beach_seine,2018-07-18,2018-07-16,2018,surface,2,edna_sni2_15,surface,biological,15.3,26.75,8.39,10.5,30.33,8.21,6,1000,0,51.81736319,-128.0299728,cobble,n,70,p,macroalgae,algae,macroalgae_cobble,algae_cobble,91.35,3.005919999999998e-29,77,Metazoa,Rotifera,Rotifera,Ploima,Euchlanidae,NA,1,NA,TRUE,ASV208,2,NA
edna0110,ASV467,motu412,Saxidomus,Washington clam species,genus,1,1,1,1,23,50,21,NA,26,NA,19,Saxidomus,Washington clam species,2018_sni2_surface,sni2,beach_seine,2018-07-18,2018-07-16,2018,surface,2,edna_sni2_15,surface,biological,15.3,26.75,8.39,10.5,30.33,8.21,6,1000,0,51.81736319,-128.0299728,cobble,n,70,p,macroalgae,algae,macroalgae_cobble,algae_cobble,100,1.96163e-160,313,Metazoa,Mollusca,Mollusca,Venerida,Veneridae,Saxidomus,0,0,TRUE,ASV467,12,NA
edna0110,ASV860,motu748,Saxidomus,Washington clam species,genus,1,1,NA,NA,17,42,NA,NA,NA,NA,NA,Saxidomus,Washington clam species,2018_sni2_surface,sni2,beach_seine,2018-07-18,2018-07-16,2018,surface,2,edna_sni2_15,surface,biological,15.3,26.75,8.39,10.5,30.33,8.21,6,1000,0,51.81736319,-128.0299728,cobble,n,70,p,macroalgae,algae,macroalgae_cobble,algae_cobble,100,1.96163e-160,313,Metazoa,Mollusca,Mollusca,Venerida,Veneridae,Saxidomus,0,0,TRUE,ASV860,4,NA
edna0110,ASV834,motu128,Centropages abdominalis,Calanoid copepod,species,1,1,NA,NA,47,63,NA,NA,NA,NA,NA,Centropages abdominalis,Calanoid copepod,2018_sni2_surface,sni2,beach_seine,2018-07-18,2018-07-16,2018,surface,2,edna_sni2_15,surface,biological,15.3,26.75,8.39,10.5,30.33,8.21,6,1000,0,51.81736319,-128.0299728,cobble,n,70,p,macroalgae,algae,macroalgae_cobble,algae_cobble,99.68,9.126599999999999e-159,310,Metazoa,Arthropoda,Copepoda,Calanoida,Centropagidae,Centropages,0,0,TRUE,ASV143,11,Centropages abdominalis
edna0110,ASV365,motu31,Centropages abdominalis,Calanoid copepod,species,1,1,1,1,45,81,30,NA,94,NA,45,Centropages abdominalis,Calanoid copepod,2018_sni2_surface,sni2,beach_seine,2018-07-18,2018-07-16,2018,surface,2,edna_sni2_15,surface,biological,15.3,26.75,8.39,10.5,30.33,8.21,6,1000,0,51.81736319,-128.0299728,cobble,n,70,p,macroalgae,algae,macroalgae_cobble,algae_cobble,99.68,9.126599999999999e-159,310,Metazoa,Arthropoda,Copepoda,Calanoida,Centropagidae,Centropages,0,0,TRUE,ASV34,19,Centropages abdominalis
edna0110,ASV1236,motu1048,Chthamalus dalli,Little brown barnacle,species,1,1,1,1,9,20,7,NA,18,NA,12,Chthamalus dalli,Little brown barnacle,2018_sni2_surface,sni2,beach_seine,2018-07-18,2018-07-16,2018,surface,2,edna_sni2_15,surface,biological,15.3,26.75,8.39,10.5,30.33,8.21,6,1000,0,51.81736319,-128.0299728,cobble,n,70,p,macroalgae,algae,macroalgae_cobble,algae_cobble,99.67,1.14177e-152,299,Metazoa,Arthropoda,Thecostraca,Balanomorpha,Chthamalidae,Chthamalus,0,0,TRUE,ASV1236,2,Chthamalus dalli
edna0110,ASV1910,motu1589,Chthamalus dalli,Little brown barnacle,species,1,1,NA,NA,7,21,NA,NA,NA,NA,NA,Chthamalus dalli,Little brown barnacle,2018_sni2_surface,sni2,beach_seine,2018-07-18,2018-07-16,2018,surface,2,edna_sni2_15,surface,biological,15.3,26.75,8.39,10.5,30.33,8.21,6,1000,0,51.81736319,-128.0299728,cobble,n,70,p,macroalgae,algae,macroalgae_cobble,algae_cobble,99.67,1.14177e-152,299,Metazoa,Arthropoda,Thecostraca,Balanomorpha,Chthamalidae,Chthamalus,0,0,TRUE,ASV1910,1,Chthamalus dalli
edna0110,ASV2364,motu1940,Membranipora membranacea,Coffin box bryozoan,species,1,1,NA,NA,5,7,NA,NA,NA,NA,NA,Membranipora membranacea,Coffin box bryozoan,2018_sni2_surface,sni2,beach_seine,2018-07-18,2018-07-16,2018,surface,2,edna_sni2_15,surface,biological,15.3,26.75,8.39,10.5,30.33,8.21,6,1000,0,51.81736319,-128.0299728,cobble,n,70,p,macroalgae,algae,macroalgae_cobble,algae_cobble,100,9.252979999999995e-139,274,Metazoa,Bryozoa,Gymnolaemata,Cheilostomatida,Membraniporidae,Membranipora,0,0,TRUE,ASV2364,1,Membranipora membranacea
edna0110,ASV2031,motu1681,Membranipora membranacea,Coffin box bryozoan,species,1,1,NA,NA,5,6,NA,NA,NA,NA,NA,Membranipora membranacea,Coffin box bryozoan,2018_sni2_surface,sni2,beach_seine,2018-07-18,2018-07-16,2018,surface,2,edna_sni2_15,surface,biological,15.3,26.75,8.39,10.5,30.33,8.21,6,1000,0,51.81736319,-128.0299728,cobble,n,70,p,macroalgae,algae,macroalgae_cobble,algae_cobble,100,9.252979999999995e-139,274,Metazoa,Bryozoa,Gymnolaemata,Cheilostomatida,Membraniporidae,Membranipora,0,0,TRUE,ASV2031,1,Membranipora membranacea
edna0110,ASV3741,motu2949,Syllidae,Necklace worm species,family,1,1,NA,NA,32,53,NA,NA,NA,NA,NA,Syllidae,Necklace worm species,2018_sni2_surface,sni2,beach_seine,2018-07-18,2018-07-16,2018,surface,2,edna_sni2_15,surface,biological,15.3,26.75,8.39,10.5,30.33,8.21,6,1000,0,51.81736319,-128.0299728,cobble,n,70,p,macroalgae,algae,macroalgae_cobble,algae_cobble,99.36,4.246189999999999e-157,307,Metazoa,Annelida,Polychaeta,Phyllodocida,Syllidae,NA,0,0,TRUE,ASV3741,1,NA
edna0110,ASV5424,motu4162,Syllidae,Necklace worm species,family,1,NA,NA,NA,28,NA,NA,NA,NA,NA,NA,Syllidae,Necklace worm species,2018_sni2_surface,sni2,beach_seine,2018-07-18,2018-07-16,2018,surface,2,edna_sni2_15,surface,biological,15.3,26.75,8.39,10.5,30.33,8.21,6,1000,0,51.81736319,-128.0299728,cobble,n,70,p,macroalgae,algae,macroalgae_cobble,algae_cobble,99.36,4.246189999999999e-157,307,Metazoa,Annelida,Polychaeta,Phyllodocida,Syllidae,NA,0,0,TRUE,ASV5424,1,NA
edna0110,ASV2782,motu902,Arthropoda,Unknown arthropod,phylum,1,NA,NA,NA,5,NA,NA,NA,NA,NA,NA,Arthropoda,Unknown arthropod,2018_sni2_surface,sni2,beach_seine,2018-07-18,2018-07-16,2018,surface,2,edna_sni2_15,surface,biological,15.3,26.75,8.39,10.5,30.33,8.21,6,1000,0,51.81736319,-128.0299728,cobble,n,70,p,macroalgae,algae,macroalgae_cobble,algae_cobble,94.87,8.78538e-5,33,Metazoa,Arthropoda,NA,NA,NA,NA,NA,NA,TRUE,ASV1046,4,NA
edna0111,ASV34,motu31,Centropages abdominalis,Calanoid copepod,species,1,1,1,1,63,100,57,264,79,NA,95,Centropages abdominalis,Calanoid copepod,2018_sni2_surface,sni2,beach_seine,2018-07-18,2018-07-16,2018,surface,3,edna_sni2_30,surface,biological,15.1,26.67,8.38,10.5,30.29,8.19,6.5,1000,0,51.81732535,-128.0297301,cobble,n,70,p,macroalgae,algae,macroalgae_cobble,algae_cobble,100,1.96163e-160,313,Metazoa,Arthropoda,Copepoda,Calanoida,Centropagidae,Centropages,0,0,TRUE,ASV34,19,Centropages abdominalis
edna0111,ASV143,motu128,Centropages abdominalis,Calanoid copepod,species,1,1,NA,NA,47,117,NA,NA,NA,NA,NA,Centropages abdominalis,Calanoid copepod,2018_sni2_surface,sni2,beach_seine,2018-07-18,2018-07-16,2018,surface,3,edna_sni2_30,surface,biological,15.1,26.67,8.38,10.5,30.29,8.19,6.5,1000,0,51.81732535,-128.0297301,cobble,n,70,p,macroalgae,algae,macroalgae_cobble,algae_cobble,100,1.96163e-160,313,Metazoa,Arthropoda,Copepoda,Calanoida,Centropagidae,Centropages,0,0,TRUE,ASV143,11,Centropages abdominalis
edna0111,ASV258,motu228,Lensia,Siphonophore,genus,1,1,NA,NA,28,58,NA,NA,NA,NA,NA,Lensia,Siphonophore,2018_sni2_surface,sni2,beach_seine,2018-07-18,2018-07-16,2018,surface,3,edna_sni2_30,surface,biological,15.1,26.67,8.38,10.5,30.29,8.19,6.5,1000,0,51.81732535,-128.0297301,cobble,n,70,p,macroalgae,algae,macroalgae_cobble,algae_cobble,100,0.00408744,30,Metazoa,Cnidaria,Cnidaria,Siphonophorae,Diphyidae,Lensia,0,0,TRUE,ASV258,1,NA
edna0111,ASV131,motu117,Lensia,Siphonophore,genus,1,1,1,1,27,66,20,107,45,NA,55,Lensia,Siphonophore,2018_sni2_surface,sni2,beach_seine,2018-07-18,2018-07-16,2018,surface,3,edna_sni2_30,surface,biological,15.1,26.67,8.38,10.5,30.29,8.19,6.5,1000,0,51.81732535,-128.0297301,cobble,n,70,p,macroalgae,algae,macroalgae_cobble,algae_cobble,100,0.00408744,30,Metazoa,Cnidaria,Cnidaria,Siphonophorae,Diphyidae,Lensia,0,0,TRUE,ASV131,2,NA
edna0111,ASV226,motu199,Mytilus trossulus,Bay mussel,species,1,1,1,1,41,65,28,98,NA,NA,51,Mytilus trossulus,Bay mussel,2018_sni2_surface,sni2,beach_seine,2018-07-18,2018-07-16,2018,surface,3,edna_sni2_30,surface,biological,15.1,26.67,8.38,10.5,30.29,8.19,6.5,1000,0,51.81732535,-128.0297301,cobble,n,70,p,macroalgae,algae,macroalgae_cobble,algae_cobble,100,3.2351099999999996e-158,309,Metazoa,Mollusca,Mollusca,Mytilida,Mytilidae,Mytilus,0,0,TRUE,ASV226,18,Mytilus trossulus
edna0111,ASV307,motu118,Mesocentrotus franciscanus,Red sea urchin,species,1,NA,NA,NA,126,NA,NA,NA,NA,NA,NA,Mesocentrotus franciscanus,Red sea urchin,2018_sni2_surface,sni2,beach_seine,2018-07-18,2018-07-16,2018,surface,3,edna_sni2_30,surface,biological,15.1,26.67,8.38,10.5,30.29,8.19,6.5,1000,0,51.81732535,-128.0297301,cobble,n,70,p,macroalgae,algae,macroalgae_cobble,algae_cobble,100,7.02982e-160,312,Metazoa,Echinodermata,Echinoidea,Camarodonta,Strongylocentrotidae,Mesocentrotus,0,0,TRUE,ASV132,8,Mesocentrotus franciscanus
edna0111,ASV216,motu190,Mytilus trossulus,Bay mussel,species,1,1,NA,1,36,58,NA,122,51,NA,NA,Mytilus trossulus,Bay mussel,2018_sni2_surface,sni2,beach_seine,2018-07-18,2018-07-16,2018,surface,3,edna_sni2_30,surface,biological,15.1,26.67,8.38,10.5,30.29,8.19,6.5,1000,0,51.81732535,-128.0297301,cobble,n,70,p,macroalgae,algae,macroalgae_cobble,algae_cobble,100,3.2351099999999996e-158,309,Metazoa,Mollusca,Mollusca,Mytilida,Mytilidae,Mytilus,0,0,TRUE,ASV216,23,Mytilus trossulus
edna0111,ASV233,motu74,Euchlanidae,Rotifer,family,1,1,NA,1,45,84,NA,50,NA,NA,NA,No Results,No Results,2018_sni2_surface,sni2,beach_seine,2018-07-18,2018-07-16,2018,surface,3,edna_sni2_30,surface,biological,15.1,26.67,8.38,10.5,30.29,8.19,6.5,1000,0,51.81732535,-128.0297301,cobble,n,70,p,macroalgae,algae,macroalgae_cobble,algae_cobble,91.35,3.005919999999998e-29,77,Metazoa,Rotifera,Rotifera,Ploima,Euchlanidae,NA,1,NA,TRUE,ASV84,2,NA
edna0111,ASV452,motu183,Euchlanidae,Rotifer,family,1,1,NA,NA,39,54,NA,NA,NA,NA,NA,No Results,No Results,2018_sni2_surface,sni2,beach_seine,2018-07-18,2018-07-16,2018,surface,3,edna_sni2_30,surface,biological,15.1,26.67,8.38,10.5,30.29,8.19,6.5,1000,0,51.81732535,-128.0297301,cobble,n,70,p,macroalgae,algae,macroalgae_cobble,algae_cobble,91.35,3.005919999999998e-29,77,Metazoa,Rotifera,Rotifera,Ploima,Euchlanidae,NA,1,NA,TRUE,ASV208,2,NA
edna0111,ASV525,motu461,Chthamalus dalli,Little brown barnacle,species,1,NA,NA,1,11,NA,NA,NA,NA,NA,15,Chthamalus dalli,Little brown barnacle,2018_sni2_surface,sni2,beach_seine,2018-07-18,2018-07-16,2018,surface,3,edna_sni2_30,surface,biological,15.1,26.67,8.38,10.5,30.29,8.19,6.5,1000,0,51.81732535,-128.0297301,cobble,n,70,p,macroalgae,algae,macroalgae_cobble,algae_cobble,99.04,7.1053799999999944e-155,303,Metazoa,Arthropoda,Thecostraca,Balanomorpha,Chthamalidae,Chthamalus,0,0,TRUE,ASV525,2,Chthamalus dalli
edna0111,ASV891,motu775,Chthamalus dalli,Little brown barnacle,species,1,NA,NA,NA,10,NA,NA,NA,NA,NA,NA,Chthamalus dalli,Little brown barnacle,2018_sni2_surface,sni2,beach_seine,2018-07-18,2018-07-16,2018,surface,3,edna_sni2_30,surface,biological,15.1,26.67,8.38,10.5,30.29,8.19,6.5,1000,0,51.81732535,-128.0297301,cobble,n,70,p,macroalgae,algae,macroalgae_cobble,algae_cobble,99.04,7.1053799999999944e-155,303,Metazoa,Arthropoda,Thecostraca,Balanomorpha,Chthamalidae,Chthamalus,0,0,TRUE,ASV891,1,Chthamalus dalli
edna0111,ASV640,motu105,Mesocentrotus franciscanus,Red sea urchin,species,1,1,1,NA,105,253,88,NA,NA,NA,NA,Mesocentrotus franciscanus,Red sea urchin,2018_sni2_surface,sni2,beach_seine,2018-07-18,2018-07-16,2018,surface,3,edna_sni2_30,surface,biological,15.1,26.67,8.38,10.5,30.29,8.19,6.5,1000,0,51.81732535,-128.0297301,cobble,n,70,p,macroalgae,algae,macroalgae_cobble,algae_cobble,100,1.96163e-160,313,Metazoa,Echinodermata,Echinoidea,Camarodonta,Strongylocentrotidae,Mesocentrotus,0,0,TRUE,ASV118,8,Mesocentrotus franciscanus
edna0111,ASV1048,motu285,Paracalanus,Calanoid copepod,genus,1,1,1,1,11,12,8,9,NA,NA,6,Paracalanus parvus parvus,Calanoid copepod,2018_sni2_surface,sni2,beach_seine,2018-07-18,2018-07-16,2018,surface,3,edna_sni2_30,surface,biological,15.1,26.67,8.38,10.5,30.29,8.19,6.5,1000,0,51.81732535,-128.0297301,cobble,n,70,p,macroalgae,algae,macroalgae_cobble,algae_cobble,99.67,1.14177e-152,299,Metazoa,Arthropoda,Arthropoda,Calanoida,Paracalanidae,Paracalanus,0,0,TRUE,ASV324,6,NA
edna0111,ASV1742,motu1454,Micropodarke dubia,Hesionid polychaete,species,1,1,NA,NA,2,9,NA,NA,NA,NA,NA,Micropodarke dubia,Hesionid polychaete,2018_sni2_surface,sni2,beach_seine,2018-07-18,2018-07-16,2018,surface,3,edna_sni2_30,surface,biological,15.1,26.67,8.38,10.5,30.29,8.19,6.5,1000,0,51.81732535,-128.0297301,cobble,n,70,p,macroalgae,algae,macroalgae_cobble,algae_cobble,100,1.96163e-160,313,Metazoa,Annelida,Polychaeta,Phyllodocida,Hesionidae,Micropodarke,0,0,TRUE,ASV1742,2,Micropodarke dubia
edna0111,ASV2469,motu2011,Siphonenteron,Ribbon worm,genus,1,1,NA,NA,18,39,NA,NA,NA,NA,NA,Siphonenteron,Ribbon worm,2018_sni2_surface,sni2,beach_seine,2018-07-18,2018-07-16,2018,surface,3,edna_sni2_30,surface,biological,15.1,26.67,8.38,10.5,30.29,8.19,6.5,1000,0,51.81732535,-128.0297301,cobble,n,70,p,macroalgae,algae,macroalgae_cobble,algae_cobble,100,1.96163e-160,313,Metazoa,Nemertea,Pilidiophora,Heteronemertea,Lineidae,Siphonenteron,0,0,TRUE,ASV2469,1,NA
edna0111,ASV1755,motu1466,Siphonenteron,Ribbon worm,genus,1,1,NA,1,16,30,NA,30,NA,NA,NA,Siphonenteron,Ribbon worm,2018_sni2_surface,sni2,beach_seine,2018-07-18,2018-07-16,2018,surface,3,edna_sni2_30,surface,biological,15.1,26.67,8.38,10.5,30.29,8.19,6.5,1000,0,51.81732535,-128.0297301,cobble,n,70,p,macroalgae,algae,macroalgae_cobble,algae_cobble,100,1.96163e-160,313,Metazoa,Nemertea,Pilidiophora,Heteronemertea,Lineidae,Siphonenteron,0,0,TRUE,ASV1755,2,NA
edna0111,ASV3061,motu2465,Synchaeta cecilia,Rotifer,species,1,NA,NA,NA,4,NA,NA,NA,NA,NA,NA,Synchaeta cecilia,Rotifer,2018_sni2_surface,sni2,beach_seine,2018-07-18,2018-07-16,2018,surface,3,edna_sni2_30,surface,biological,15.1,26.67,8.38,10.5,30.29,8.19,6.5,1000,0,51.81732535,-128.0297301,cobble,n,70,p,macroalgae,algae,macroalgae_cobble,algae_cobble,90.73,1.2488499999999995e-107,218,Metazoa,Rotifera,Eurotatoria,Ploima,Synchaetidae,Synchaeta,0,0,TRUE,ASV3061,2,Synchaeta cecilia
edna0112,ASV25,motu22,Acartia (Acartiura) longiremis,Calanoid copepod,species,1,1,1,1,73,124,58,195,151,NA,174,Acartia (Acartiura) longiremis,Calanoid copepod,2018_koeye-estuary_surface,koeye estuary,seagrass,2018-08-14,NA,2018,surface,1,edna_ko_e3_00,repeat-surface,biological,NA,NA,NA,NA,NA,NA,3.5,1000,0,51.77950168,-127.8716413,sand,NA,NA,NA,seagrass,zostera,seagrass_sand,zostera_sand,100,1.96163e-160,313,Metazoa,Arthropoda,Copepoda,Calanoida,Acartiidae,Acartia,0,0,TRUE,ASV25,27,Acartia (Acartiura) longiremis
edna0112,ASV81,motu71,Acartia (Acartiura) longiremis,Calanoid copepod,species,1,1,NA,NA,71,129,NA,NA,NA,NA,NA,Acartia (Acartiura) longiremis,Calanoid copepod,2018_koeye-estuary_surface,koeye estuary,seagrass,2018-08-14,NA,2018,surface,1,edna_ko_e3_00,repeat-surface,biological,NA,NA,NA,NA,NA,NA,3.5,1000,0,51.77950168,-127.8716413,sand,NA,NA,NA,seagrass,zostera,seagrass_sand,zostera_sand,100,1.96163e-160,313,Metazoa,Arthropoda,Copepoda,Calanoida,Acartiidae,Acartia,0,0,TRUE,ASV81,23,Acartia (Acartiura) longiremis
edna0112,ASV131,motu117,Lensia,Siphonophore,genus,1,1,1,1,7,16,10,28,25,NA,NA,Lensia,Siphonophore,2018_koeye-estuary_surface,koeye estuary,seagrass,2018-08-14,NA,2018,surface,1,edna_ko_e3_00,repeat-surface,biological,NA,NA,NA,NA,NA,NA,3.5,1000,0,51.77950168,-127.8716413,sand,NA,NA,NA,seagrass,zostera,seagrass_sand,zostera_sand,100,0.00408744,30,Metazoa,Cnidaria,Cnidaria,Siphonophorae,Diphyidae,Lensia,0,0,TRUE,ASV131,2,NA
edna0112,ASV233,motu74,Euchlanidae,Rotifer,family,1,1,NA,NA,42,37,NA,NA,NA,NA,NA,No Results,No Results,2018_koeye-estuary_surface,koeye estuary,seagrass,2018-08-14,NA,2018,surface,1,edna_ko_e3_00,repeat-surface,biological,NA,NA,NA,NA,NA,NA,3.5,1000,0,51.77950168,-127.8716413,sand,NA,NA,NA,seagrass,zostera,seagrass_sand,zostera_sand,91.35,3.005919999999998e-29,77,Metazoa,Rotifera,Rotifera,Ploima,Euchlanidae,NA,1,NA,TRUE,ASV84,2,NA
edna0112,ASV270,motu199,Mytilus,Mussel species,genus,1,NA,NA,NA,3,NA,NA,NA,NA,NA,NA,Mytilus trossulus,Bay mussel,2018_koeye-estuary_surface,koeye estuary,seagrass,2018-08-14,NA,2018,surface,1,edna_ko_e3_00,repeat-surface,biological,NA,NA,NA,NA,NA,NA,3.5,1000,0,51.77950168,-127.8716413,sand,NA,NA,NA,seagrass,zostera,seagrass_sand,zostera_sand,100,3.2351099999999996e-158,309,Metazoa,Mollusca,Mollusca,Mytilida,Mytilidae,Mytilus,0,0,TRUE,ASV226,18,NA
edna0112,ASV452,motu183,Euchlanidae,Rotifer,family,1,1,NA,NA,28,34,NA,NA,NA,NA,NA,No Results,No Results,2018_koeye-estuary_surface,koeye estuary,seagrass,2018-08-14,NA,2018,surface,1,edna_ko_e3_00,repeat-surface,biological,NA,NA,NA,NA,NA,NA,3.5,1000,0,51.77950168,-127.8716413,sand,NA,NA,NA,seagrass,zostera,seagrass_sand,zostera_sand,91.35,3.005919999999998e-29,77,Metazoa,Rotifera,Rotifera,Ploima,Euchlanidae,NA,1,NA,TRUE,ASV208,2,NA
edna0112,ASV336,motu296,Pseudocalanus newmani,Calanoid copepod,species,1,1,NA,1,93,209,NA,NA,158,NA,110,Pseudocalanus newmani,Calanoid copepod,2018_koeye-estuary_surface,koeye estuary,seagrass,2018-08-14,NA,2018,surface,1,edna_ko_e3_00,repeat-surface,biological,NA,NA,NA,NA,NA,NA,3.5,1000,0,51.77950168,-127.8716413,sand,NA,NA,NA,seagrass,zostera,seagrass_sand,zostera_sand,100,1.96163e-160,313,Metazoa,Arthropoda,Copepoda,Calanoida,Clausocalanidae,Pseudocalanus,0,0,TRUE,ASV336,4,Pseudocalanus newmani
edna0112,ASV674,motu334,Synchaeta pectinata,Rotifer,species,1,NA,NA,NA,3,NA,NA,NA,NA,NA,NA,Synchaeta pectinata,Rotifer,2018_koeye-estuary_surface,koeye estuary,seagrass,2018-08-14,NA,2018,surface,1,edna_ko_e3_00,repeat-surface,biological,NA,NA,NA,NA,NA,NA,3.5,1000,0,51.77950168,-127.8716413,sand,NA,NA,NA,seagrass,zostera,seagrass_sand,zostera_sand,90.79,3.5361899999999996e-113,228,Metazoa,Rotifera,Eurotatoria,Ploima,Synchaetidae,Synchaeta,0,0,TRUE,ASV377,5,Synchaeta pectinata
edna0112,ASV1367,motu1153,Cyanea,Lions mane jellyfish species,genus,1,1,NA,NA,6,11,NA,NA,NA,NA,NA,Cyanea,Lions mane jellyfish species,2018_koeye-estuary_surface,koeye estuary,seagrass,2018-08-14,NA,2018,surface,1,edna_ko_e3_00,repeat-surface,biological,NA,NA,NA,NA,NA,NA,3.5,1000,0,51.77950168,-127.8716413,sand,NA,NA,NA,seagrass,zostera,seagrass_sand,zostera_sand,100,3.2351099999999996e-158,309,Metazoa,Cnidaria,Scyphozoa,Semaeostomeae,Cyaneidae,Cyanea,0,0,TRUE,ASV1367,2,NA
edna0112,ASV3543,motu281,Pseudocalanus newmani,Calanoid copepod,species,1,NA,NA,NA,97,NA,NA,NA,NA,NA,NA,Pseudocalanus newmani,Calanoid copepod,2018_koeye-estuary_surface,koeye estuary,seagrass,2018-08-14,NA,2018,surface,1,edna_ko_e3_00,repeat-surface,biological,NA,NA,NA,NA,NA,NA,3.5,1000,0,51.77950168,-127.8716413,sand,NA,NA,NA,seagrass,zostera,seagrass_sand,zostera_sand,99.68,9.126599999999999e-159,310,Metazoa,Arthropoda,Copepoda,Calanoida,Clausocalanidae,Pseudocalanus,0,0,TRUE,ASV320,6,Pseudocalanus newmani
edna0112,ASV3532,motu2807,Pachylaelapidae,Mite,genus,1,NA,NA,NA,2,NA,NA,NA,NA,NA,NA,Pachylaelapidae,Mite,2018_koeye-estuary_surface,koeye estuary,seagrass,2018-08-14,NA,2018,surface,1,edna_ko_e3_00,repeat-surface,biological,NA,NA,NA,NA,NA,NA,3.5,1000,0,51.77950168,-127.8716413,sand,NA,NA,NA,seagrass,zostera,seagrass_sand,zostera_sand,100,0.00408744,30,Metazoa,Arthropoda,Arthropoda,Mesostigmata,NA,Pachylaelapidae,NA,NA,TRUE,ASV3532,1,NA
edna0115,ASV25,motu22,Acartia (Acartiura) longiremis,Calanoid copepod,species,1,1,NA,1,94,177,NA,192,164,NA,126,Acartia (Acartiura) longiremis,Calanoid copepod,2018_choked-pass_surface,choked pass,seagrass,2018-08-16,NA,2018,surface,1,edna_ch_i3_00,repeat-surface,biological,NA,NA,NA,NA,NA,NA,7.3,1000,0,51.67529798,-128.1193259,sand,NA,NA,NA,seagrass,zostera,seagrass_sand,zostera_sand,100,1.96163e-160,313,Metazoa,Arthropoda,Copepoda,Calanoida,Acartiidae,Acartia,0,0,TRUE,ASV25,27,Acartia (Acartiura) longiremis
edna0115,ASV81,motu71,Acartia (Acartiura) longiremis,Calanoid copepod,species,1,1,NA,NA,87,163,NA,NA,NA,NA,NA,Acartia (Acartiura) longiremis,Calanoid copepod,2018_choked-pass_surface,choked pass,seagrass,2018-08-16,NA,2018,surface,1,edna_ch_i3_00,repeat-surface,biological,NA,NA,NA,NA,NA,NA,7.3,1000,0,51.67529798,-128.1193259,sand,NA,NA,NA,seagrass,zostera,seagrass_sand,zostera_sand,100,1.96163e-160,313,Metazoa,Arthropoda,Copepoda,Calanoida,Acartiidae,Acartia,0,0,TRUE,ASV81,23,Acartia (Acartiura) longiremis
edna0115,ASV34,motu31,Centropages abdominalis,Calanoid copepod,species,1,1,1,1,71,118,55,195,202,NA,84,Centropages abdominalis,Calanoid copepod,2018_choked-pass_surface,choked pass,seagrass,2018-08-16,NA,2018,surface,1,edna_ch_i3_00,repeat-surface,biological,NA,NA,NA,NA,NA,NA,7.3,1000,0,51.67529798,-128.1193259,sand,NA,NA,NA,seagrass,zostera,seagrass_sand,zostera_sand,100,1.96163e-160,313,Metazoa,Arthropoda,Copepoda,Calanoida,Centropagidae,Centropages,0,0,TRUE,ASV34,19,Centropages abdominalis
edna0115,ASV143,motu128,Centropages abdominalis,Calanoid copepod,species,1,1,NA,NA,53,133,NA,NA,NA,NA,NA,Centropages abdominalis,Calanoid copepod,2018_choked-pass_surface,choked pass,seagrass,2018-08-16,NA,2018,surface,1,edna_ch_i3_00,repeat-surface,biological,NA,NA,NA,NA,NA,NA,7.3,1000,0,51.67529798,-128.1193259,sand,NA,NA,NA,seagrass,zostera,seagrass_sand,zostera_sand,100,1.96163e-160,313,Metazoa,Arthropoda,Copepoda,Calanoida,Centropagidae,Centropages,0,0,TRUE,ASV143,11,Centropages abdominalis
edna0115,ASV132,motu118,Mesocentrotus franciscanus,Red sea urchin,species,1,NA,NA,1,3,NA,NA,2,NA,NA,NA,Mesocentrotus franciscanus,Red sea urchin,2018_choked-pass_surface,choked pass,seagrass,2018-08-16,NA,2018,surface,1,edna_ch_i3_00,repeat-surface,biological,NA,NA,NA,NA,NA,NA,7.3,1000,0,51.67529798,-128.1193259,sand,NA,NA,NA,seagrass,zostera,seagrass_sand,zostera_sand,100,2.51921e-159,311,Metazoa,Echinodermata,Echinoidea,Camarodonta,Strongylocentrotidae,Mesocentrotus,0,0,TRUE,ASV132,8,Mesocentrotus franciscanus
edna0115,ASV452,motu183,Euchlanidae,Rotifer,family,1,NA,NA,NA,26,NA,NA,NA,NA,NA,NA,No Results,No Results,2018_choked-pass_surface,choked pass,seagrass,2018-08-16,NA,2018,surface,1,edna_ch_i3_00,repeat-surface,biological,NA,NA,NA,NA,NA,NA,7.3,1000,0,51.67529798,-128.1193259,sand,NA,NA,NA,seagrass,zostera,seagrass_sand,zostera_sand,91.35,3.005919999999998e-29,77,Metazoa,Rotifera,Rotifera,Ploima,Euchlanidae,NA,1,NA,TRUE,ASV208,2,NA
edna0115,ASV275,motu244,Ophiopholis kennerlyi,Daisy brittle star,species,1,1,1,1,35,64,21,33,65,NA,30,Ophiopholis kennerlyi,Daisy brittle star,2018_choked-pass_surface,choked pass,seagrass,2018-08-16,NA,2018,surface,1,edna_ch_i3_00,repeat-surface,biological,NA,NA,NA,NA,NA,NA,7.3,1000,0,51.67529798,-128.1193259,sand,NA,NA,NA,seagrass,zostera,seagrass_sand,zostera_sand,100,1.96163e-160,313,Metazoa,Echinodermata,Echinodermata,Amphilepidida,Ophiopholidae,Ophiopholis,0,0,TRUE,ASV275,7,Ophiopholis kennerlyi
edna0115,ASV616,motu537,Mitrocoma cellularia,Cross jelly,species,1,1,NA,NA,8,7,NA,NA,NA,NA,NA,Mitrocoma cellularia,Cross jelly,2018_choked-pass_surface,choked pass,seagrass,2018-08-16,NA,2018,surface,1,edna_ch_i3_00,repeat-surface,biological,NA,NA,NA,NA,NA,NA,7.3,1000,0,51.67529798,-128.1193259,sand,NA,NA,NA,seagrass,zostera,seagrass_sand,zostera_sand,100,1.4886099999999998e-156,306,Metazoa,Cnidaria,Hydrozoa,Leptothecata,Mitrocomidae,Mitrocoma,0,0,TRUE,ASV616,6,Mitrocoma cellularia
edna0115,ASV603,motu529,Ophiopholis kennerlyi,Daisy brittle star,species,1,1,NA,NA,35,64,NA,NA,NA,NA,NA,Ophiopholis kennerlyi,Daisy brittle star,2018_choked-pass_surface,choked pass,seagrass,2018-08-16,NA,2018,surface,1,edna_ch_i3_00,repeat-surface,biological,NA,NA,NA,NA,NA,NA,7.3,1000,0,51.67529798,-128.1193259,sand,NA,NA,NA,seagrass,zostera,seagrass_sand,zostera_sand,100,1.96163e-160,313,Metazoa,Echinodermata,Echinodermata,Amphilepidida,Ophiopholidae,Ophiopholis,0,0,TRUE,ASV603,6,Ophiopholis kennerlyi
edna0115,ASV352,motu311,Synchaeta vorax,Rotifer,species,1,1,1,1,21,39,20,16,26,NA,23,Synchaeta vorax,Rotifer,2018_choked-pass_surface,choked pass,seagrass,2018-08-16,NA,2018,surface,1,edna_ch_i3_00,repeat-surface,biological,NA,NA,NA,NA,NA,NA,7.3,1000,0,51.67529798,-128.1193259,sand,NA,NA,NA,seagrass,zostera,seagrass_sand,zostera_sand,98.08,7.129989999999999e-150,294,Metazoa,Rotifera,Eurotatoria,Ploima,Synchaetidae,Synchaeta,0,0,TRUE,ASV352,4,Synchaeta vorax
edna0115,ASV346,motu306,Synchaeta vorax,Rotifer,species,1,1,1,1,20,41,20,36,25,NA,30,Synchaeta vorax,Rotifer,2018_choked-pass_surface,choked pass,seagrass,2018-08-16,NA,2018,surface,1,edna_ch_i3_00,repeat-surface,biological,NA,NA,NA,NA,NA,NA,7.3,1000,0,51.67529798,-128.1193259,sand,NA,NA,NA,seagrass,zostera,seagrass_sand,zostera_sand,98.08,7.129989999999999e-150,294,Metazoa,Rotifera,Eurotatoria,Ploima,Synchaetidae,Synchaeta,0,0,TRUE,ASV346,5,Synchaeta vorax
edna0115,ASV1040,motu897,Oithona similis,Cyclopoid copepod,species,1,1,NA,1,6,6,NA,5,NA,NA,NA,Oithona similis,Cyclopoid copepod,2018_choked-pass_surface,choked pass,seagrass,2018-08-16,NA,2018,surface,1,edna_ch_i3_00,repeat-surface,biological,NA,NA,NA,NA,NA,NA,7.3,1000,0,51.67529798,-128.1193259,sand,NA,NA,NA,seagrass,zostera,seagrass_sand,zostera_sand,96.17,2.0179399999999996e-140,277,Metazoa,Arthropoda,Copepoda,Cyclopoida,Oithonidae,Oithona,0,0,TRUE,ASV1040,1,Oithona similis
edna0115,ASV1748,motu1459,Chaetognatha,Arrow worm,phylum,1,1,NA,NA,19,15,NA,NA,NA,NA,NA,Chaetognatha,Arrow worm,2018_choked-pass_surface,choked pass,seagrass,2018-08-16,NA,2018,surface,1,edna_ch_i3_00,repeat-surface,biological,NA,NA,NA,NA,NA,NA,7.3,1000,0,51.67529798,-128.1193259,sand,NA,NA,NA,seagrass,zostera,seagrass_sand,zostera_sand,95.02,1.63074e-81,171,Metazoa,Chaetognatha,NA,NA,NA,NA,0,0,TRUE,ASV1748,1,NA
edna0115,ASV2402,motu1965,Chaetognatha,Arrow worm,phylum,1,NA,NA,NA,11,NA,NA,NA,NA,NA,NA,Chaetognatha,Arrow worm,2018_choked-pass_surface,choked pass,seagrass,2018-08-16,NA,2018,surface,1,edna_ch_i3_00,repeat-surface,biological,NA,NA,NA,NA,NA,NA,7.3,1000,0,51.67529798,-128.1193259,sand,NA,NA,NA,seagrass,zostera,seagrass_sand,zostera_sand,96.52,1.6192399999999998e-86,180,Metazoa,Chaetognatha,NA,NA,NA,NA,0,0,TRUE,ASV2402,1,NA
edna0115,ASV3012,motu2427,Membranipora membranacea,Coffin box bryozoan,species,1,1,NA,NA,16,13,NA,NA,NA,NA,NA,Membranipora membranacea,Coffin box bryozoan,2018_choked-pass_surface,choked pass,seagrass,2018-08-16,NA,2018,surface,1,edna_ch_i3_00,repeat-surface,biological,NA,NA,NA,NA,NA,NA,7.3,1000,0,51.67529798,-128.1193259,sand,NA,NA,NA,seagrass,zostera,seagrass_sand,zostera_sand,99.63,3.26565e-133,264,Metazoa,Bryozoa,Gymnolaemata,Cheilostomatida,Membraniporidae,Membranipora,0,0,TRUE,ASV3012,1,Membranipora membranacea
edna0115,ASV3346,motu2667,Membranipora membranacea,Coffin box bryozoan,species,1,1,NA,NA,11,12,NA,NA,NA,NA,NA,Membranipora membranacea,Coffin box bryozoan,2018_choked-pass_surface,choked pass,seagrass,2018-08-16,NA,2018,surface,1,edna_ch_i3_00,repeat-surface,biological,NA,NA,NA,NA,NA,NA,7.3,1000,0,51.67529798,-128.1193259,sand,NA,NA,NA,seagrass,zostera,seagrass_sand,zostera_sand,99.63,3.26565e-133,264,Metazoa,Bryozoa,Gymnolaemata,Cheilostomatida,Membraniporidae,Membranipora,0,0,TRUE,ASV3346,1,Membranipora membranacea
edna0108,ASV258,motu228,Lensia,Siphonophore,genus,1,1,NA,NA,20,29,NA,NA,NA,NA,NA,Lensia,Siphonophore,2018_sni1_surface,sni1,beach_seine,2018-07-18,2018-07-16,2018,surface,3,edna_sni1_30,surface,biological,11.2,29.61,8.1,9.1,3126,7.79,3.6,1000,0,51.83867217,-128.0597179,mud,n,80,p,seagrass,zostera,seagrass_mud,zostera_mud,100,0.00408744,30,Metazoa,Cnidaria,Cnidaria,Siphonophorae,Diphyidae,Lensia,0,0,TRUE,ASV258,1,NA
edna0108,ASV131,motu117,Lensia,Siphonophore,genus,1,1,NA,1,18,25,NA,NA,49,NA,42,Lensia,Siphonophore,2018_sni1_surface,sni1,beach_seine,2018-07-18,2018-07-16,2018,surface,3,edna_sni1_30,surface,biological,11.2,29.61,8.1,9.1,3126,7.79,3.6,1000,0,51.83867217,-128.0597179,mud,n,80,p,seagrass,zostera,seagrass_mud,zostera_mud,100,0.00408744,30,Metazoa,Cnidaria,Cnidaria,Siphonophorae,Diphyidae,Lensia,0,0,TRUE,ASV131,2,NA
edna0108,ASV216,motu190,Mytilus trossulus,Bay mussel,species,1,1,1,1,54,94,36,NA,63,NA,40,Mytilus trossulus,Bay mussel,2018_sni1_surface,sni1,beach_seine,2018-07-18,2018-07-16,2018,surface,3,edna_sni1_30,surface,biological,11.2,29.61,8.1,9.1,3126,7.79,3.6,1000,0,51.83867217,-128.0597179,mud,n,80,p,seagrass,zostera,seagrass_mud,zostera_mud,100,3.2351099999999996e-158,309,Metazoa,Mollusca,Mollusca,Mytilida,Mytilidae,Mytilus,0,0,TRUE,ASV216,23,Mytilus trossulus
edna0108,ASV447,motu394,Balanus glandula,Acorn barnacle,species,1,1,NA,NA,5,6,NA,NA,NA,NA,NA,Balanus glandula,Acorn barnacle,2018_sni1_surface,sni1,beach_seine,2018-07-18,2018-07-16,2018,surface,3,edna_sni1_30,surface,biological,11.2,29.61,8.1,9.1,3126,7.79,3.6,1000,0,51.83867217,-128.0597179,mud,n,80,p,seagrass,zostera,seagrass_mud,zostera_mud,100,3.2351099999999996e-158,309,Metazoa,Arthropoda,Thecostraca,Balanomorpha,Balanidae,Balanus,0,0,TRUE,ASV447,12,Balanus glandula
edna0108,ASV467,motu412,Saxidomus,Washington clam species,genus,1,1,NA,1,53,79,NA,NA,61,NA,74,Saxidomus,Washington clam species,2018_sni1_surface,sni1,beach_seine,2018-07-18,2018-07-16,2018,surface,3,edna_sni1_30,surface,biological,11.2,29.61,8.1,9.1,3126,7.79,3.6,1000,0,51.83867217,-128.0597179,mud,n,80,p,seagrass,zostera,seagrass_mud,zostera_mud,100,1.96163e-160,313,Metazoa,Mollusca,Mollusca,Venerida,Veneridae,Saxidomus,0,0,TRUE,ASV467,12,NA
edna0108,ASV860,motu748,Saxidomus,Washington clam species,genus,1,1,NA,NA,50,97,NA,NA,NA,NA,NA,Saxidomus,Washington clam species,2018_sni1_surface,sni1,beach_seine,2018-07-18,2018-07-16,2018,surface,3,edna_sni1_30,surface,biological,11.2,29.61,8.1,9.1,3126,7.79,3.6,1000,0,51.83867217,-128.0597179,mud,n,80,p,seagrass,zostera,seagrass_mud,zostera_mud,100,1.96163e-160,313,Metazoa,Mollusca,Mollusca,Venerida,Veneridae,Saxidomus,0,0,TRUE,ASV860,4,NA
edna0108,ASV623,motu543,Balanus,Barnacle species,genus,1,1,1,1,34,43,15,NA,41,NA,NA,Balanus,Barnacle species,2018_sni1_surface,sni1,beach_seine,2018-07-18,2018-07-16,2018,surface,3,edna_sni1_30,surface,biological,11.2,29.61,8.1,9.1,3126,7.79,3.6,1000,0,51.83867217,-128.0597179,mud,n,80,p,seagrass,zostera,seagrass_mud,zostera_mud,100,1.4886099999999998e-156,306,Metazoa,Arthropoda,Arthropoda,Balanomorpha,Balanidae,Balanus,0,0,TRUE,ASV623,7,NA
edna0108,ASV1095,motu942,Balanus,Barnacle species,genus,1,1,NA,NA,27,44,NA,NA,NA,NA,NA,Balanus,Barnacle species,2018_sni1_surface,sni1,beach_seine,2018-07-18,2018-07-16,2018,surface,3,edna_sni1_30,surface,biological,11.2,29.61,8.1,9.1,3126,7.79,3.6,1000,0,51.83867217,-128.0597179,mud,n,80,p,seagrass,zostera,seagrass_mud,zostera_mud,100,1.4886099999999998e-156,306,Metazoa,Arthropoda,Arthropoda,Balanomorpha,Balanidae,Balanus,0,0,TRUE,ASV1095,4,NA
edna0108,ASV750,motu654,Orobdella,Freshwater leech,genus,1,NA,NA,1,8,NA,NA,NA,10,NA,15,Orobdella,Freshwater leech,2018_sni1_surface,sni1,beach_seine,2018-07-18,2018-07-16,2018,surface,3,edna_sni1_30,surface,biological,11.2,29.61,8.1,9.1,3126,7.79,3.6,1000,0,51.83867217,-128.0597179,mud,n,80,p,seagrass,zostera,seagrass_mud,zostera_mud,97.06,0.00121031,31,Metazoa,Annelida,Annelida,Erpobdelliformes,Orobdellidae,Orobdella,NA,NA,TRUE,ASV750,1,NA
edna0108,ASV733,motu637,Phyllodocida,Polychaete,order,1,1,1,1,36,62,14,NA,15,NA,10,Phyllodocida,Polychaete,2018_sni1_surface,sni1,beach_seine,2018-07-18,2018-07-16,2018,surface,3,edna_sni1_30,surface,biological,11.2,29.61,8.1,9.1,3126,7.79,3.6,1000,0,51.83867217,-128.0597179,mud,n,80,p,seagrass,zostera,seagrass_mud,zostera_mud,100,0.0603188,28,Metazoa,Annelida,Annelida,Phyllodocida,NA,NA,0,0,TRUE,ASV733,1,NA
edna0108,ASV670,motu583,Synchaeta triophthalma,Rotifer,species,1,NA,NA,NA,10,NA,NA,NA,NA,NA,NA,Synchaeta triophthalma,Rotifer,2018_sni1_surface,sni1,beach_seine,2018-07-18,2018-07-16,2018,surface,3,edna_sni1_30,surface,biological,11.2,29.61,8.1,9.1,3126,7.79,3.6,1000,0,51.83867217,-128.0597179,mud,n,80,p,seagrass,zostera,seagrass_mud,zostera_mud,91.99,3.511259999999999e-118,237,Metazoa,Rotifera,Eurotatoria,Ploima,Synchaetidae,Synchaeta,0,0,TRUE,ASV670,4,Synchaeta triophthalma
edna0108,ASV679,motu591,Phyllodocida,Polychaete,order,1,1,1,NA,29,64,16,NA,NA,NA,NA,Phyllodocida,Polychaete,2018_sni1_surface,sni1,beach_seine,2018-07-18,2018-07-16,2018,surface,3,edna_sni1_30,surface,biological,11.2,29.61,8.1,9.1,3126,7.79,3.6,1000,0,51.83867217,-128.0597179,mud,n,80,p,seagrass,zostera,seagrass_mud,zostera_mud,100,0.0603188,28,Metazoa,Annelida,Annelida,Phyllodocida,NA,NA,0,0,TRUE,ASV679,1,NA
edna0108,ASV1367,motu1153,Cyanea,Lions mane jellyfish species,genus,1,1,NA,1,25,43,NA,NA,NA,NA,8,Cyanea,Lions mane jellyfish species,2018_sni1_surface,sni1,beach_seine,2018-07-18,2018-07-16,2018,surface,3,edna_sni1_30,surface,biological,11.2,29.61,8.1,9.1,3126,7.79,3.6,1000,0,51.83867217,-128.0597179,mud,n,80,p,seagrass,zostera,seagrass_mud,zostera_mud,100,3.2351099999999996e-158,309,Metazoa,Cnidaria,Scyphozoa,Semaeostomeae,Cyaneidae,Cyanea,0,0,TRUE,ASV1367,2,NA
edna0108,ASV1475,motu1246,Cyanea,Lions mane jellyfish species,genus,1,1,NA,NA,26,38,NA,NA,NA,NA,NA,Cyanea,Lions mane jellyfish species,2018_sni1_surface,sni1,beach_seine,2018-07-18,2018-07-16,2018,surface,3,edna_sni1_30,surface,biological,11.2,29.61,8.1,9.1,3126,7.79,3.6,1000,0,51.83867217,-128.0597179,mud,n,80,p,seagrass,zostera,seagrass_mud,zostera_mud,100,3.2351099999999996e-158,309,Metazoa,Cnidaria,Scyphozoa,Semaeostomeae,Cyaneidae,Cyanea,0,0,TRUE,ASV1475,2,NA
edna0108,ASV1046,motu902,Arthropoda,Unknown arthropod,phylum,1,1,1,1,8,13,6,NA,11,NA,15,Arthropoda,Unknown arthropod,2018_sni1_surface,sni1,beach_seine,2018-07-18,2018-07-16,2018,surface,3,edna_sni1_30,surface,biological,11.2,29.61,8.1,9.1,3126,7.79,3.6,1000,0,51.83867217,-128.0597179,mud,n,80,p,seagrass,zostera,seagrass_mud,zostera_mud,94.87,8.78538e-5,33,Metazoa,Arthropoda,NA,NA,NA,NA,NA,NA,TRUE,ASV1046,4,NA
edna0108,ASV1748,motu1459,Chaetognatha,Arrow worm,phylum,1,NA,NA,NA,14,NA,NA,NA,NA,NA,NA,Chaetognatha,Arrow worm,2018_sni1_surface,sni1,beach_seine,2018-07-18,2018-07-16,2018,surface,3,edna_sni1_30,surface,biological,11.2,29.61,8.1,9.1,3126,7.79,3.6,1000,0,51.83867217,-128.0597179,mud,n,80,p,seagrass,zostera,seagrass_mud,zostera_mud,95.02,1.63074e-81,171,Metazoa,Chaetognatha,NA,NA,NA,NA,0,0,TRUE,ASV1748,1,NA
edna0108,ASV1492,motu1259,Membranipora membranacea,Coffin box bryozoan,species,1,1,NA,NA,11,18,NA,NA,NA,NA,NA,Membranipora membranacea,Coffin box bryozoan,2018_sni1_surface,sni1,beach_seine,2018-07-18,2018-07-16,2018,surface,3,edna_sni1_30,surface,biological,11.2,29.61,8.1,9.1,3126,7.79,3.6,1000,0,51.83867217,-128.0597179,mud,n,80,p,seagrass,zostera,seagrass_mud,zostera_mud,100,9.252979999999995e-139,274,Metazoa,Bryozoa,Gymnolaemata,Cheilostomatida,Membraniporidae,Membranipora,0,0,TRUE,ASV1492,2,Membranipora membranacea
edna0108,ASV1068,motu920,Arthropoda,Unknown arthropod,phylum,1,1,1,1,8,16,3,NA,20,NA,11,Arthropoda,Unknown arthropod,2018_sni1_surface,sni1,beach_seine,2018-07-18,2018-07-16,2018,surface,3,edna_sni1_30,surface,biological,11.2,29.61,8.1,9.1,3126,7.79,3.6,1000,0,51.83867217,-128.0597179,mud,n,80,p,seagrass,zostera,seagrass_mud,zostera_mud,94.87,8.78538e-5,33,Metazoa,Arthropoda,NA,NA,NA,NA,NA,NA,TRUE,ASV1068,4,NA
edna0108,ASV1376,motu1162,Phascolosoma (Phascolosoma) agassizii,Agassiz peanut worm,species,1,1,1,1,52,81,31,NA,102,NA,68,Phascolosoma (Phascolosoma) agassizii,Agassiz peanut worm,2018_sni1_surface,sni1,beach_seine,2018-07-18,2018-07-16,2018,surface,3,edna_sni1_30,surface,biological,11.2,29.61,8.1,9.1,3126,7.79,3.6,1000,0,51.83867217,-128.0597179,mud,n,80,p,seagrass,zostera,seagrass_mud,zostera_mud,99.68,9.126599999999999e-159,310,Metazoa,Annelida,NA,Sipuncula,Phascolosomatidae,Phascolosoma,0,0,TRUE,ASV1376,3,Phascolosoma (Phascolosoma) agassizii
edna0108,ASV2402,motu1965,Chaetognatha,Arrow worm,phylum,1,NA,NA,NA,18,NA,NA,NA,NA,NA,NA,Chaetognatha,Arrow worm,2018_sni1_surface,sni1,beach_seine,2018-07-18,2018-07-16,2018,surface,3,edna_sni1_30,surface,biological,11.2,29.61,8.1,9.1,3126,7.79,3.6,1000,0,51.83867217,-128.0597179,mud,n,80,p,seagrass,zostera,seagrass_mud,zostera_mud,96.52,1.6192399999999998e-86,180,Metazoa,Chaetognatha,NA,NA,NA,NA,0,0,TRUE,ASV2402,1,NA
edna0108,ASV2228,motu1836,Saxidomus nuttalli,California butterclam,species,1,1,NA,NA,3,3,NA,NA,NA,NA,NA,Saxidomus nuttalli,California butterclam,2018_sni1_surface,sni1,beach_seine,2018-07-18,2018-07-16,2018,surface,3,edna_sni1_30,surface,biological,11.2,29.61,8.1,9.1,3126,7.79,3.6,1000,0,51.83867217,-128.0597179,mud,n,80,p,seagrass,zostera,seagrass_mud,zostera_mud,99.68,4.246189999999999e-157,307,Metazoa,Mollusca,Bivalvia,Venerida,Veneridae,Saxidomus,0,0,TRUE,ASV2228,1,Saxidomus nuttalli
edna0108,ASV1569,motu1322,Clinocardium nuttallii,Basket cockle,species,1,1,NA,NA,7,20,NA,NA,NA,NA,NA,Clinocardium nuttallii,Basket cockle,2018_sni1_surface,sni1,beach_seine,2018-07-18,2018-07-16,2018,surface,3,edna_sni1_30,surface,biological,11.2,29.61,8.1,9.1,3126,7.79,3.6,1000,0,51.83867217,-128.0597179,mud,n,80,p,seagrass,zostera,seagrass_mud,zostera_mud,100,2.4540699999999983e-154,302,Metazoa,Mollusca,Bivalvia,Cardiida,Cardiidae,Clinocardium,0,0,TRUE,ASV1569,2,Clinocardium nuttallii
edna0108,ASV2222,motu1832,Phascolosoma (Phascolosoma) agassizii,Agassiz peanut worm,species,1,1,NA,NA,50,90,NA,NA,NA,NA,NA,Phascolosoma (Phascolosoma) agassizii,Agassiz peanut worm,2018_sni1_surface,sni1,beach_seine,2018-07-18,2018-07-16,2018,surface,3,edna_sni1_30,surface,biological,11.2,29.61,8.1,9.1,3126,7.79,3.6,1000,0,51.83867217,-128.0597179,mud,n,80,p,seagrass,zostera,seagrass_mud,zostera_mud,99.68,9.126599999999999e-159,310,Metazoa,Annelida,NA,Sipuncula,Phascolosomatidae,Phascolosoma,0,0,TRUE,ASV2222,2,Phascolosoma (Phascolosoma) agassizii
edna0108,ASV2651,motu2153,Clinocardium nuttallii,Basket cockle,species,1,1,NA,NA,3,8,NA,NA,NA,NA,NA,Clinocardium nuttallii,Basket cockle,2018_sni1_surface,sni1,beach_seine,2018-07-18,2018-07-16,2018,surface,3,edna_sni1_30,surface,biological,11.2,29.61,8.1,9.1,3126,7.79,3.6,1000,0,51.83867217,-128.0597179,mud,n,80,p,seagrass,zostera,seagrass_mud,zostera_mud,100,2.4540699999999983e-154,302,Metazoa,Mollusca,Bivalvia,Cardiida,Cardiidae,Clinocardium,0,0,TRUE,ASV2651,1,Clinocardium nuttallii
edna0108,ASV3171,motu2538,Semibalanus balanoides,Common rock barnacle,species,1,1,NA,NA,5,12,NA,NA,NA,NA,NA,Semibalanus balanoides,Common rock barnacle,2018_sni1_surface,sni1,beach_seine,2018-07-18,2018-07-16,2018,surface,3,edna_sni1_30,surface,biological,11.2,29.61,8.1,9.1,3126,7.79,3.6,1000,0,51.83867217,-128.0597179,mud,n,80,p,seagrass,zostera,seagrass_mud,zostera_mud,100,1.96163e-160,313,Metazoa,Arthropoda,Thecostraca,Balanomorpha,Balanidae,Semibalanus,0,0,TRUE,ASV3171,1,Semibalanus balanoides
edna0108,ASV3048,motu2456,Semibalanus balanoides,Common rock barnacle,species,1,NA,NA,NA,2,NA,NA,NA,NA,NA,NA,Semibalanus balanoides,Common rock barnacle,2018_sni1_surface,sni1,beach_seine,2018-07-18,2018-07-16,2018,surface,3,edna_sni1_30,surface,biological,11.2,29.61,8.1,9.1,3126,7.79,3.6,1000,0,51.83867217,-128.0597179,mud,n,80,p,seagrass,zostera,seagrass_mud,zostera_mud,100,1.96163e-160,313,Metazoa,Arthropoda,Thecostraca,Balanomorpha,Balanidae,Semibalanus,0,0,TRUE,ASV3048,1,Semibalanus balanoides
edna0108,ASV2414,motu1743,Notomastus,Capitellid polychaete,genus,1,1,NA,NA,5,9,NA,NA,NA,NA,NA,Notomastus,Capitellid polychaete,2018_sni1_surface,sni1,beach_seine,2018-07-18,2018-07-16,2018,surface,3,edna_sni1_30,surface,biological,11.2,29.61,8.1,9.1,3126,7.79,3.6,1000,0,51.83867217,-128.0597179,mud,n,80,p,seagrass,zostera,seagrass_mud,zostera_mud,100,1.96163e-160,313,Metazoa,Annelida,Polychaeta,NA,Capitellidae,Notomastus,0,0,TRUE,ASV2114,2,NA
edna0108,ASV5732,motu4398,Glycinde picta,Goniadid polychaete,species,1,NA,NA,NA,4,NA,NA,NA,NA,NA,NA,Glycinde picta,Goniadid polychaete,2018_sni1_surface,sni1,beach_seine,2018-07-18,2018-07-16,2018,surface,3,edna_sni1_30,surface,biological,11.2,29.61,8.1,9.1,3126,7.79,3.6,1000,0,51.83867217,-128.0597179,mud,n,80,p,seagrass,zostera,seagrass_mud,zostera_mud,100,1.96163e-160,313,Metazoa,Annelida,Polychaeta,Phyllodocida,Goniadidae,Glycinde,0,0,TRUE,ASV5732,1,Glycinde picta
edna0108,ASV2992,motu2411,Amphipholis squamata,Dwarf brittle star,species,1,1,NA,1,18,35,NA,NA,15,NA,26,Amphipholis squamata,Dwarf brittle star,2018_sni1_surface,sni1,beach_seine,2018-07-18,2018-07-16,2018,surface,3,edna_sni1_30,surface,biological,11.2,29.61,8.1,9.1,3126,7.79,3.6,1000,0,51.83867217,-128.0597179,mud,n,80,p,seagrass,zostera,seagrass_mud,zostera_mud,100,3.2351099999999996e-158,309,Metazoa,Echinodermata,Ophiuroidea,Amphilepidida,Amphiuridae,Amphipholis,0,0,TRUE,ASV2992,2,Amphipholis squamata
edna0108,ASV3801,motu2991,Synchaeta triophthalma,Rotifer,species,1,1,NA,1,8,11,NA,NA,8,NA,10,Synchaeta triophthalma,Rotifer,2018_sni1_surface,sni1,beach_seine,2018-07-18,2018-07-16,2018,surface,3,edna_sni1_30,surface,biological,11.2,29.61,8.1,9.1,3126,7.79,3.6,1000,0,51.83867217,-128.0597179,mud,n,80,p,seagrass,zostera,seagrass_mud,zostera_mud,91.83,7.600549999999996e-115,231,Metazoa,Rotifera,Eurotatoria,Ploima,Synchaetidae,Synchaeta,0,0,TRUE,ASV3801,1,Synchaeta triophthalma
edna0113,ASV25,motu22,Acartia (Acartiura) longiremis,Calanoid copepod,species,1,1,1,1,120,191,72,160,178,NA,132,Acartia (Acartiura) longiremis,Calanoid copepod,2018_koeye-estuary_surface,koeye estuary,seagrass,2018-08-14,NA,2018,surface,2,edna_ko_e3_15,repeat-surface,biological,14.6,29.62,8.15,14,29.83,8.15,3.6,1000,0,51.77943387,-127.8717879,sand,NA,NA,NA,seagrass,zostera,seagrass_sand,zostera_sand,100,1.96163e-160,313,Metazoa,Arthropoda,Copepoda,Calanoida,Acartiidae,Acartia,0,0,TRUE,ASV25,27,Acartia (Acartiura) longiremis
edna0113,ASV81,motu71,Acartia (Acartiura) longiremis,Calanoid copepod,species,1,1,NA,NA,93,183,NA,NA,NA,NA,NA,Acartia (Acartiura) longiremis,Calanoid copepod,2018_koeye-estuary_surface,koeye estuary,seagrass,2018-08-14,NA,2018,surface,2,edna_ko_e3_15,repeat-surface,biological,14.6,29.62,8.15,14,29.83,8.15,3.6,1000,0,51.77943387,-127.8717879,sand,NA,NA,NA,seagrass,zostera,seagrass_sand,zostera_sand,100,1.96163e-160,313,Metazoa,Arthropoda,Copepoda,Calanoida,Acartiidae,Acartia,0,0,TRUE,ASV81,23,Acartia (Acartiura) longiremis
edna0113,ASV131,motu117,Lensia,Siphonophore,genus,1,1,1,1,16,18,6,8,17,NA,9,Lensia,Siphonophore,2018_koeye-estuary_surface,koeye estuary,seagrass,2018-08-14,NA,2018,surface,2,edna_ko_e3_15,repeat-surface,biological,14.6,29.62,8.15,14,29.83,8.15,3.6,1000,0,51.77943387,-127.8717879,sand,NA,NA,NA,seagrass,zostera,seagrass_sand,zostera_sand,100,0.00408744,30,Metazoa,Cnidaria,Cnidaria,Siphonophorae,Diphyidae,Lensia,0,0,TRUE,ASV131,2,NA
edna0113,ASV171,motu150,Pseudocalanus mimus,Calanoid copepod,species,1,1,1,1,109,57,55,54,NA,NA,82,Pseudocalanus mimus,Calanoid copepod,2018_koeye-estuary_surface,koeye estuary,seagrass,2018-08-14,NA,2018,surface,2,edna_ko_e3_15,repeat-surface,biological,14.6,29.62,8.15,14,29.83,8.15,3.6,1000,0,51.77943387,-127.8717879,sand,NA,NA,NA,seagrass,zostera,seagrass_sand,zostera_sand,99.67,9.19139e-154,301,Metazoa,Arthropoda,Copepoda,Calanoida,Clausocalanidae,Pseudocalanus,0,0,TRUE,ASV171,10,Pseudocalanus mimus
edna0113,ASV270,motu199,Mytilus,Mussel species,genus,1,1,NA,1,5,10,NA,NA,4,NA,NA,Mytilus trossulus,Bay mussel,2018_koeye-estuary_surface,koeye estuary,seagrass,2018-08-14,NA,2018,surface,2,edna_ko_e3_15,repeat-surface,biological,14.6,29.62,8.15,14,29.83,8.15,3.6,1000,0,51.77943387,-127.8717879,sand,NA,NA,NA,seagrass,zostera,seagrass_sand,zostera_sand,100,3.2351099999999996e-158,309,Metazoa,Mollusca,Mollusca,Mytilida,Mytilidae,Mytilus,0,0,TRUE,ASV226,18,NA
edna0113,ASV336,motu296,Pseudocalanus newmani,Calanoid copepod,species,1,1,NA,1,99,166,NA,104,132,NA,NA,Pseudocalanus newmani,Calanoid copepod,2018_koeye-estuary_surface,koeye estuary,seagrass,2018-08-14,NA,2018,surface,2,edna_ko_e3_15,repeat-surface,biological,14.6,29.62,8.15,14,29.83,8.15,3.6,1000,0,51.77943387,-127.8717879,sand,NA,NA,NA,seagrass,zostera,seagrass_sand,zostera_sand,100,1.96163e-160,313,Metazoa,Arthropoda,Copepoda,Calanoida,Clausocalanidae,Pseudocalanus,0,0,TRUE,ASV336,4,Pseudocalanus newmani
edna0113,ASV713,motu350,Synchaeta pectinata,Rotifer,species,1,NA,NA,NA,4,NA,NA,NA,NA,NA,NA,Synchaeta pectinata,Rotifer,2018_koeye-estuary_surface,koeye estuary,seagrass,2018-08-14,NA,2018,surface,2,edna_ko_e3_15,repeat-surface,biological,14.6,29.62,8.15,14,29.83,8.15,3.6,1000,0,51.77943387,-127.8717879,sand,NA,NA,NA,seagrass,zostera,seagrass_sand,zostera_sand,90.79,3.5361899999999996e-113,228,Metazoa,Rotifera,Eurotatoria,Ploima,Synchaetidae,Synchaeta,0,0,TRUE,ASV398,4,Synchaeta pectinata
edna0113,ASV320,motu281,Pseudocalanus newmani,Calanoid copepod,species,1,1,1,1,89,162,57,188,NA,NA,144,Pseudocalanus newmani,Calanoid copepod,2018_koeye-estuary_surface,koeye estuary,seagrass,2018-08-14,NA,2018,surface,2,edna_ko_e3_15,repeat-surface,biological,14.6,29.62,8.15,14,29.83,8.15,3.6,1000,0,51.77943387,-127.8717879,sand,NA,NA,NA,seagrass,zostera,seagrass_sand,zostera_sand,100,1.96163e-160,313,Metazoa,Arthropoda,Copepoda,Calanoida,Clausocalanidae,Pseudocalanus,0,0,TRUE,ASV320,6,Pseudocalanus newmani
edna0113,ASV1367,motu1153,Cyanea,Lions mane jellyfish species,genus,1,1,NA,1,3,12,NA,7,NA,NA,NA,Cyanea,Lions mane jellyfish species,2018_koeye-estuary_surface,koeye estuary,seagrass,2018-08-14,NA,2018,surface,2,edna_ko_e3_15,repeat-surface,biological,14.6,29.62,8.15,14,29.83,8.15,3.6,1000,0,51.77943387,-127.8717879,sand,NA,NA,NA,seagrass,zostera,seagrass_sand,zostera_sand,100,3.2351099999999996e-158,309,Metazoa,Cnidaria,Scyphozoa,Semaeostomeae,Cyaneidae,Cyanea,0,0,TRUE,ASV1367,2,NA
edna0113,ASV1748,motu1459,Chaetognatha,Arrow worm,phylum,1,NA,NA,NA,4,NA,NA,NA,NA,NA,NA,Chaetognatha,Arrow worm,2018_koeye-estuary_surface,koeye estuary,seagrass,2018-08-14,NA,2018,surface,2,edna_ko_e3_15,repeat-surface,biological,14.6,29.62,8.15,14,29.83,8.15,3.6,1000,0,51.77943387,-127.8717879,sand,NA,NA,NA,seagrass,zostera,seagrass_sand,zostera_sand,95.02,1.63074e-81,171,Metazoa,Chaetognatha,NA,NA,NA,NA,0,0,TRUE,ASV1748,1,NA
edna0113,ASV1293,motu1094,Asteriidae,Sea star,family,1,1,NA,NA,2,3,NA,NA,NA,NA,NA,Asteriidae,Sea star,2018_koeye-estuary_surface,koeye estuary,seagrass,2018-08-14,NA,2018,surface,2,edna_ko_e3_15,repeat-surface,biological,14.6,29.62,8.15,14,29.83,8.15,3.6,1000,0,51.77943387,-127.8717879,sand,NA,NA,NA,seagrass,zostera,seagrass_sand,zostera_sand,100,1.96163e-160,313,Metazoa,Echinodermata,Echinodermata,Forcipulatida,Asteriidae,NA,0,0,TRUE,ASV1293,1,NA
edna0113,ASV2618,motu2123,Insecta,Hexapod,class,1,1,NA,NA,6,6,NA,NA,NA,NA,NA,Insecta,Hexapod,2018_koeye-estuary_surface,koeye estuary,seagrass,2018-08-14,NA,2018,surface,2,edna_ko_e3_15,repeat-surface,biological,14.6,29.62,8.15,14,29.83,8.15,3.6,1000,0,51.77943387,-127.8717879,sand,NA,NA,NA,seagrass,zostera,seagrass_sand,zostera_sand,90.91,1.07393e-43,103,Metazoa,Arthropoda,Arthropoda,NA,NA,NA,NA,NA,TRUE,ASV2618,2,NA
edna0113,ASV2296,motu1890,Insecta,Hexapod,class,1,1,NA,NA,5,12,NA,NA,NA,NA,NA,Insecta,Hexapod,2018_koeye-estuary_surface,koeye estuary,seagrass,2018-08-14,NA,2018,surface,2,edna_ko_e3_15,repeat-surface,biological,14.6,29.62,8.15,14,29.83,8.15,3.6,1000,0,51.77943387,-127.8717879,sand,NA,NA,NA,seagrass,zostera,seagrass_sand,zostera_sand,90.91,1.07393e-43,103,Metazoa,Arthropoda,Arthropoda,NA,NA,NA,NA,NA,TRUE,ASV2296,3,NA
edna0116,ASV25,motu22,Acartia (Acartiura) longiremis,Calanoid copepod,species,1,1,1,1,104,208,34,393,227,NA,265,Acartia (Acartiura) longiremis,Calanoid copepod,2018_choked-pass_surface,choked pass,seagrass,2018-08-16,NA,2018,surface,2,edna_ch_i3_15,repeat-surface,biological,11.1,31.85,7.9,10.4,31.98,7.9,7.3,1000,0,51.67531843,-128.1195572,sand,NA,NA,NA,seagrass,zostera,seagrass_sand,zostera_sand,100,1.96163e-160,313,Metazoa,Arthropoda,Copepoda,Calanoida,Acartiidae,Acartia,0,0,TRUE,ASV25,27,Acartia (Acartiura) longiremis
edna0116,ASV81,motu71,Acartia (Acartiura) longiremis,Calanoid copepod,species,1,1,NA,NA,119,204,NA,NA,NA,NA,NA,Acartia (Acartiura) longiremis,Calanoid copepod,2018_choked-pass_surface,choked pass,seagrass,2018-08-16,NA,2018,surface,2,edna_ch_i3_15,repeat-surface,biological,11.1,31.85,7.9,10.4,31.98,7.9,7.3,1000,0,51.67531843,-128.1195572,sand,NA,NA,NA,seagrass,zostera,seagrass_sand,zostera_sand,100,1.96163e-160,313,Metazoa,Arthropoda,Copepoda,Calanoida,Acartiidae,Acartia,0,0,TRUE,ASV81,23,Acartia (Acartiura) longiremis
edna0116,ASV131,motu117,Lensia,Siphonophore,genus,1,1,NA,1,3,7,NA,NA,4,NA,NA,Lensia,Siphonophore,2018_choked-pass_surface,choked pass,seagrass,2018-08-16,NA,2018,surface,2,edna_ch_i3_15,repeat-surface,biological,11.1,31.85,7.9,10.4,31.98,7.9,7.3,1000,0,51.67531843,-128.1195572,sand,NA,NA,NA,seagrass,zostera,seagrass_sand,zostera_sand,100,0.00408744,30,Metazoa,Cnidaria,Cnidaria,Siphonophorae,Diphyidae,Lensia,0,0,TRUE,ASV131,2,NA
edna0116,ASV354,motu313,Mitrocoma cellularia,Cross jelly,species,1,NA,NA,NA,5,NA,NA,NA,NA,NA,NA,Mitrocoma cellularia,Cross jelly,2018_choked-pass_surface,choked pass,seagrass,2018-08-16,NA,2018,surface,2,edna_ch_i3_15,repeat-surface,biological,11.1,31.85,7.9,10.4,31.98,7.9,7.3,1000,0,51.67531843,-128.1195572,sand,NA,NA,NA,seagrass,zostera,seagrass_sand,zostera_sand,100,1.4886099999999998e-156,306,Metazoa,Cnidaria,Hydrozoa,Leptothecata,Mitrocomidae,Mitrocoma,0,0,TRUE,ASV354,2,Mitrocoma cellularia
edna0116,ASV498,motu441,Clytia gregaria,Gregarious jellyfish,species,1,NA,NA,NA,8,NA,NA,NA,NA,NA,NA,Clytia gregaria,Gregarious jellyfish,2018_choked-pass_surface,choked pass,seagrass,2018-08-16,NA,2018,surface,2,edna_ch_i3_15,repeat-surface,biological,11.1,31.85,7.9,10.4,31.98,7.9,7.3,1000,0,51.67531843,-128.1195572,sand,NA,NA,NA,seagrass,zostera,seagrass_sand,zostera_sand,99.68,9.126599999999999e-159,310,Metazoa,Cnidaria,Hydrozoa,Leptothecata,Campanulariidae,Clytia,0,0,TRUE,ASV498,2,Clytia gregaria
edna0116,ASV1293,motu1094,Asteriidae,Sea star,family,1,1,NA,NA,3,4,NA,NA,NA,NA,NA,Asteriidae,Sea star,2018_choked-pass_surface,choked pass,seagrass,2018-08-16,NA,2018,surface,2,edna_ch_i3_15,repeat-surface,biological,11.1,31.85,7.9,10.4,31.98,7.9,7.3,1000,0,51.67531843,-128.1195572,sand,NA,NA,NA,seagrass,zostera,seagrass_sand,zostera_sand,100,1.96163e-160,313,Metazoa,Echinodermata,Echinodermata,Forcipulatida,Asteriidae,NA,0,0,TRUE,ASV1293,1,NA
edna0116,ASV1282,motu1086,Pseudocalanus mimus,Calanoid copepod,species,1,1,NA,1,24,56,NA,45,50,NA,40,Pseudocalanus mimus,Calanoid copepod,2018_choked-pass_surface,choked pass,seagrass,2018-08-16,NA,2018,surface,2,edna_ch_i3_15,repeat-surface,biological,11.1,31.85,7.9,10.4,31.98,7.9,7.3,1000,0,51.67531843,-128.1195572,sand,NA,NA,NA,seagrass,zostera,seagrass_sand,zostera_sand,98.68,9.256649999999999e-149,292,Metazoa,Arthropoda,Copepoda,Calanoida,Clausocalanidae,Pseudocalanus,0,0,TRUE,ASV1282,1,Pseudocalanus mimus
edna0116,ASV1758,motu1469,Halosydna brevisetosa,Shortscaled worm,species,1,1,NA,1,30,61,NA,105,92,NA,94,Halosydna brevisetosa,Shortscaled worm,2018_choked-pass_surface,choked pass,seagrass,2018-08-16,NA,2018,surface,2,edna_ch_i3_15,repeat-surface,biological,11.1,31.85,7.9,10.4,31.98,7.9,7.3,1000,0,51.67531843,-128.1195572,sand,NA,NA,NA,seagrass,zostera,seagrass_sand,zostera_sand,99.31,7.206629999999995e-145,285,Metazoa,Annelida,Polychaeta,Phyllodocida,Polynoidae,Halosydna,0,0,TRUE,ASV1758,2,Halosydna brevisetosa
edna0116,ASV3827,motu2791,Halosydna brevisetosa,Shortscaled worm,species,1,1,NA,NA,17,29,NA,NA,NA,NA,NA,Halosydna brevisetosa,Shortscaled worm,2018_choked-pass_surface,choked pass,seagrass,2018-08-16,NA,2018,surface,2,edna_ch_i3_15,repeat-surface,biological,11.1,31.85,7.9,10.4,31.98,7.9,7.3,1000,0,51.67531843,-128.1195572,sand,NA,NA,NA,seagrass,zostera,seagrass_sand,zostera_sand,99.31,7.206629999999995e-145,285,Metazoa,Annelida,Polychaeta,Phyllodocida,Polynoidae,Halosydna,0,0,TRUE,ASV3512,2,Halosydna brevisetosa
edna0116,ASV2150,motu1772,Synchaeta grimpei,Rotifer,species,1,1,NA,1,4,4,NA,3,8,NA,10,Synchaeta grimpei,Rotifer,2018_choked-pass_surface,choked pass,seagrass,2018-08-16,NA,2018,surface,2,edna_ch_i3_15,repeat-surface,biological,11.1,31.85,7.9,10.4,31.98,7.9,7.3,1000,0,51.67531843,-128.1195572,sand,NA,NA,NA,seagrass,zostera,seagrass_sand,zostera_sand,91.45,4.459999999999999e-112,226,Metazoa,Rotifera,Eurotatoria,Ploima,Synchaetidae,Synchaeta,0,0,TRUE,ASV2150,2,Synchaeta grimpei
edna0116,ASV2517,motu2050,Pseudocalanus mimus,Calanoid copepod,species,1,1,NA,NA,19,69,NA,NA,NA,NA,NA,Pseudocalanus mimus,Calanoid copepod,2018_choked-pass_surface,choked pass,seagrass,2018-08-16,NA,2018,surface,2,edna_ch_i3_15,repeat-surface,biological,11.1,31.85,7.9,10.4,31.98,7.9,7.3,1000,0,51.67531843,-128.1195572,sand,NA,NA,NA,seagrass,zostera,seagrass_sand,zostera_sand,98.68,9.256649999999999e-149,292,Metazoa,Arthropoda,Copepoda,Calanoida,Clausocalanidae,Pseudocalanus,0,0,TRUE,ASV2517,1,Pseudocalanus mimus
edna0116,ASV1462,motu1233,Clytia gregaria,Gregarious jellyfish,species,1,NA,NA,NA,5,NA,NA,NA,NA,NA,NA,Clytia gregaria,Gregarious jellyfish,2018_choked-pass_surface,choked pass,seagrass,2018-08-16,NA,2018,surface,2,edna_ch_i3_15,repeat-surface,biological,11.1,31.85,7.9,10.4,31.98,7.9,7.3,1000,0,51.67531843,-128.1195572,sand,NA,NA,NA,seagrass,zostera,seagrass_sand,zostera_sand,99.67,6.925819999999995e-155,303,Metazoa,Cnidaria,Hydrozoa,Leptothecata,Campanulariidae,Clytia,0,0,TRUE,ASV1462,2,Clytia gregaria
edna0117,ASV143,motu128,Centropages abdominalis,Calanoid copepod,species,1,NA,NA,NA,4,NA,NA,NA,NA,NA,NA,Centropages abdominalis,Calanoid copepod,2018_choked-pass_surface,choked pass,seagrass,2018-08-16,NA,2018,surface,3,edna_ch_i3_30,repeat-surface,biological,NA,NA,NA,NA,NA,NA,7.3,1000,0,51.67533222,-128.1197834,sand,NA,NA,NA,seagrass,zostera,seagrass_sand,zostera_sand,100,1.96163e-160,313,Metazoa,Arthropoda,Copepoda,Calanoida,Centropagidae,Centropages,0,0,TRUE,ASV143,11,Centropages abdominalis
edna0117,ASV258,motu228,Lensia,Siphonophore,genus,1,1,NA,NA,3,5,NA,NA,NA,NA,NA,Lensia,Siphonophore,2018_choked-pass_surface,choked pass,seagrass,2018-08-16,NA,2018,surface,3,edna_ch_i3_30,repeat-surface,biological,NA,NA,NA,NA,NA,NA,7.3,1000,0,51.67533222,-128.1197834,sand,NA,NA,NA,seagrass,zostera,seagrass_sand,zostera_sand,100,0.00408744,30,Metazoa,Cnidaria,Cnidaria,Siphonophorae,Diphyidae,Lensia,0,0,TRUE,ASV258,1,NA
edna0117,ASV226,motu199,Mytilus trossulus,Bay mussel,species,1,1,1,1,6,17,2,20,NA,NA,NA,Mytilus trossulus,Bay mussel,2018_choked-pass_surface,choked pass,seagrass,2018-08-16,NA,2018,surface,3,edna_ch_i3_30,repeat-surface,biological,NA,NA,NA,NA,NA,NA,7.3,1000,0,51.67533222,-128.1197834,sand,NA,NA,NA,seagrass,zostera,seagrass_sand,zostera_sand,100,3.2351099999999996e-158,309,Metazoa,Mollusca,Mollusca,Mytilida,Mytilidae,Mytilus,0,0,TRUE,ASV226,18,Mytilus trossulus
edna0117,ASV216,motu190,Mytilus trossulus,Bay mussel,species,1,1,1,1,8,11,5,19,NA,NA,10,Mytilus trossulus,Bay mussel,2018_choked-pass_surface,choked pass,seagrass,2018-08-16,NA,2018,surface,3,edna_ch_i3_30,repeat-surface,biological,NA,NA,NA,NA,NA,NA,7.3,1000,0,51.67533222,-128.1197834,sand,NA,NA,NA,seagrass,zostera,seagrass_sand,zostera_sand,100,3.2351099999999996e-158,309,Metazoa,Mollusca,Mollusca,Mytilida,Mytilidae,Mytilus,0,0,TRUE,ASV216,23,Mytilus trossulus
edna0117,ASV233,motu74,Euchlanidae,Rotifer,family,1,NA,NA,1,43,NA,NA,32,NA,NA,NA,No Results,No Results,2018_choked-pass_surface,choked pass,seagrass,2018-08-16,NA,2018,surface,3,edna_ch_i3_30,repeat-surface,biological,NA,NA,NA,NA,NA,NA,7.3,1000,0,51.67533222,-128.1197834,sand,NA,NA,NA,seagrass,zostera,seagrass_sand,zostera_sand,91.35,3.005919999999998e-29,77,Metazoa,Rotifera,Rotifera,Ploima,Euchlanidae,NA,1,NA,TRUE,ASV84,2,NA
edna0117,ASV616,motu537,Mitrocoma cellularia,Cross jelly,species,1,1,NA,NA,15,8,NA,NA,NA,NA,NA,Mitrocoma cellularia,Cross jelly,2018_choked-pass_surface,choked pass,seagrass,2018-08-16,NA,2018,surface,3,edna_ch_i3_30,repeat-surface,biological,NA,NA,NA,NA,NA,NA,7.3,1000,0,51.67533222,-128.1197834,sand,NA,NA,NA,seagrass,zostera,seagrass_sand,zostera_sand,100,1.4886099999999998e-156,306,Metazoa,Cnidaria,Hydrozoa,Leptothecata,Mitrocomidae,Mitrocoma,0,0,TRUE,ASV616,6,Mitrocoma cellularia
edna0117,ASV598,motu524,Strongylocentrotus droebachiensis,Green sea urcin,species,1,NA,NA,NA,2,NA,NA,NA,NA,NA,NA,Strongylocentrotus droebachiensis,Green sea urcin,2018_choked-pass_surface,choked pass,seagrass,2018-08-16,NA,2018,surface,3,edna_ch_i3_30,repeat-surface,biological,NA,NA,NA,NA,NA,NA,7.3,1000,0,51.67533222,-128.1197834,sand,NA,NA,NA,seagrass,zostera,seagrass_sand,zostera_sand,100,1.96163e-160,313,Metazoa,Echinodermata,Echinoidea,Camarodonta,Strongylocentrotidae,Strongylocentrotus,0,0,TRUE,ASV598,2,Strongylocentrotus droebachiensis
edna0117,ASV772,motu672,Parastenocarididae,Harpacticoid copepod,family,1,NA,NA,NA,3,NA,NA,NA,NA,NA,NA,Parastenocarididae,Harpacticoid copepod,2018_choked-pass_surface,choked pass,seagrass,2018-08-16,NA,2018,surface,3,edna_ch_i3_30,repeat-surface,biological,NA,NA,NA,NA,NA,NA,7.3,1000,0,51.67533222,-128.1197834,sand,NA,NA,NA,seagrass,zostera,seagrass_sand,zostera_sand,94.59,0.00408744,30,Metazoa,Arthropoda,Arthropoda,Harpacticoida,Parastenocarididae,NA,1,0,TRUE,ASV772,1,NA
edna0117,ASV1866,motu1554,Halosydna brevisetosa,Shortscaled worm,species,1,1,NA,NA,56,123,NA,NA,NA,NA,NA,Halosydna brevisetosa,Shortscaled worm,2018_choked-pass_surface,choked pass,seagrass,2018-08-16,NA,2018,surface,3,edna_ch_i3_30,repeat-surface,biological,NA,NA,NA,NA,NA,NA,7.3,1000,0,51.67533222,-128.1197834,sand,NA,NA,NA,seagrass,zostera,seagrass_sand,zostera_sand,99.36,4.246189999999999e-157,307,Metazoa,Annelida,Polychaeta,Phyllodocida,Polynoidae,Halosydna,0,0,TRUE,ASV1866,1,Halosydna brevisetosa
edna0117,ASV1617,motu1359,Halosydna brevisetosa,Shortscaled worm,species,1,1,NA,1,41,80,NA,NA,88,NA,85,Halosydna brevisetosa,Shortscaled worm,2018_choked-pass_surface,choked pass,seagrass,2018-08-16,NA,2018,surface,3,edna_ch_i3_30,repeat-surface,biological,NA,NA,NA,NA,NA,NA,7.3,1000,0,51.67533222,-128.1197834,sand,NA,NA,NA,seagrass,zostera,seagrass_sand,zostera_sand,99.36,4.246189999999999e-157,307,Metazoa,Annelida,Polychaeta,Phyllodocida,Polynoidae,Halosydna,0,0,TRUE,ASV1617,1,Halosydna brevisetosa
edna0117,ASV1082,motu932,Obelia dichotoma,Sea thread hydroid,species,1,NA,NA,NA,4,NA,NA,NA,NA,NA,NA,Obelia dichotoma,Sea thread hydroid,2018_choked-pass_surface,choked pass,seagrass,2018-08-16,NA,2018,surface,3,edna_ch_i3_30,repeat-surface,biological,NA,NA,NA,NA,NA,NA,7.3,1000,0,51.67533222,-128.1197834,sand,NA,NA,NA,seagrass,zostera,seagrass_sand,zostera_sand,100,5.353989999999996e-156,305,Metazoa,Cnidaria,Hydrozoa,Leptothecata,Campanulariidae,Obelia,0,0,TRUE,ASV1082,1,Obelia dichotoma
edna0117,ASV2296,motu1890,Insecta,Hexapod,class,1,NA,NA,NA,6,NA,NA,NA,NA,NA,NA,Insecta,Hexapod,2018_choked-pass_surface,choked pass,seagrass,2018-08-16,NA,2018,surface,3,edna_ch_i3_30,repeat-surface,biological,NA,NA,NA,NA,NA,NA,7.3,1000,0,51.67533222,-128.1197834,sand,NA,NA,NA,seagrass,zostera,seagrass_sand,zostera_sand,90.91,1.07393e-43,103,Metazoa,Arthropoda,Arthropoda,NA,NA,NA,NA,NA,TRUE,ASV2296,3,NA
edna0117,ASV3069,motu2470,Synchaeta vorax,Rotifer,species,1,1,1,1,19,18,8,11,12,NA,19,Synchaeta vorax,Rotifer,2018_choked-pass_surface,choked pass,seagrass,2018-08-16,NA,2018,surface,3,edna_ch_i3_30,repeat-surface,biological,NA,NA,NA,NA,NA,NA,7.3,1000,0,51.67533222,-128.1197834,sand,NA,NA,NA,seagrass,zostera,seagrass_sand,zostera_sand,97.12,7.180609999999995e-145,285,Metazoa,Rotifera,Eurotatoria,Ploima,Synchaetidae,Synchaeta,0,0,TRUE,ASV3069,2,Synchaeta vorax
edna0119,ASV25,motu22,Acartia (Acartiura) longiremis,Calanoid copepod,species,1,1,1,1,10,39,16,NA,75,NA,29,Acartia (Acartiura) longiremis,Calanoid copepod,2018_pruth-bay_surface,pruth bay,seagrass,2018-08-16,NA,2018,surface,2,edna_pr_i3_15,repeat-surface,biological,15,30.05,8.19,14.3,30.45,8.24,3,1000,0,51.64592951,-128.1198341,sand,NA,NA,NA,seagrass,zostera,seagrass_sand,zostera_sand,100,1.96163e-160,313,Metazoa,Arthropoda,Copepoda,Calanoida,Acartiidae,Acartia,0,0,TRUE,ASV25,27,Acartia (Acartiura) longiremis
edna0119,ASV81,motu71,Acartia (Acartiura) longiremis,Calanoid copepod,species,1,1,NA,NA,15,41,NA,NA,NA,NA,NA,Acartia (Acartiura) longiremis,Calanoid copepod,2018_pruth-bay_surface,pruth bay,seagrass,2018-08-16,NA,2018,surface,2,edna_pr_i3_15,repeat-surface,biological,15,30.05,8.19,14.3,30.45,8.24,3,1000,0,51.64592951,-128.1198341,sand,NA,NA,NA,seagrass,zostera,seagrass_sand,zostera_sand,100,1.96163e-160,313,Metazoa,Arthropoda,Copepoda,Calanoida,Acartiidae,Acartia,0,0,TRUE,ASV81,23,Acartia (Acartiura) longiremis
edna0119,ASV216,motu190,Mytilus trossulus,Bay mussel,species,1,NA,1,1,8,NA,11,NA,35,NA,28,Mytilus trossulus,Bay mussel,2018_pruth-bay_surface,pruth bay,seagrass,2018-08-16,NA,2018,surface,2,edna_pr_i3_15,repeat-surface,biological,15,30.05,8.19,14.3,30.45,8.24,3,1000,0,51.64592951,-128.1198341,sand,NA,NA,NA,seagrass,zostera,seagrass_sand,zostera_sand,100,3.2351099999999996e-158,309,Metazoa,Mollusca,Mollusca,Mytilida,Mytilidae,Mytilus,0,0,TRUE,ASV216,23,Mytilus trossulus
edna0119,ASV452,motu183,Euchlanidae,Rotifer,family,1,1,NA,NA,25,43,NA,NA,NA,NA,NA,No Results,No Results,2018_pruth-bay_surface,pruth bay,seagrass,2018-08-16,NA,2018,surface,2,edna_pr_i3_15,repeat-surface,biological,15,30.05,8.19,14.3,30.45,8.24,3,1000,0,51.64592951,-128.1198341,sand,NA,NA,NA,seagrass,zostera,seagrass_sand,zostera_sand,91.35,3.005919999999998e-29,77,Metazoa,Rotifera,Rotifera,Ploima,Euchlanidae,NA,1,NA,TRUE,ASV208,2,NA
edna0119,ASV352,motu311,Synchaeta vorax,Rotifer,species,1,1,1,1,40,82,23,NA,101,NA,73,Synchaeta vorax,Rotifer,2018_pruth-bay_surface,pruth bay,seagrass,2018-08-16,NA,2018,surface,2,edna_pr_i3_15,repeat-surface,biological,15,30.05,8.19,14.3,30.45,8.24,3,1000,0,51.64592951,-128.1198341,sand,NA,NA,NA,seagrass,zostera,seagrass_sand,zostera_sand,98.08,7.129989999999999e-150,294,Metazoa,Rotifera,Eurotatoria,Ploima,Synchaetidae,Synchaeta,0,0,TRUE,ASV352,4,Synchaeta vorax
edna0119,ASV346,motu306,Synchaeta vorax,Rotifer,species,1,1,1,1,38,61,29,NA,114,NA,75,Synchaeta vorax,Rotifer,2018_pruth-bay_surface,pruth bay,seagrass,2018-08-16,NA,2018,surface,2,edna_pr_i3_15,repeat-surface,biological,15,30.05,8.19,14.3,30.45,8.24,3,1000,0,51.64592951,-128.1198341,sand,NA,NA,NA,seagrass,zostera,seagrass_sand,zostera_sand,98.08,7.129989999999999e-150,294,Metazoa,Rotifera,Eurotatoria,Ploima,Synchaetidae,Synchaeta,0,0,TRUE,ASV346,5,Synchaeta vorax
edna0119,ASV670,motu583,Synchaeta triophthalma,Rotifer,species,1,1,1,1,4,10,3,NA,16,NA,14,Synchaeta triophthalma,Rotifer,2018_pruth-bay_surface,pruth bay,seagrass,2018-08-16,NA,2018,surface,2,edna_pr_i3_15,repeat-surface,biological,15,30.05,8.19,14.3,30.45,8.24,3,1000,0,51.64592951,-128.1198341,sand,NA,NA,NA,seagrass,zostera,seagrass_sand,zostera_sand,91.99,3.511259999999999e-118,237,Metazoa,Rotifera,Eurotatoria,Ploima,Synchaetidae,Synchaeta,0,0,TRUE,ASV670,4,Synchaeta triophthalma
edna0119,ASV2618,motu2123,Insecta,Hexapod,class,1,1,NA,NA,12,16,NA,NA,NA,NA,NA,Insecta,Hexapod,2018_pruth-bay_surface,pruth bay,seagrass,2018-08-16,NA,2018,surface,2,edna_pr_i3_15,repeat-surface,biological,15,30.05,8.19,14.3,30.45,8.24,3,1000,0,51.64592951,-128.1198341,sand,NA,NA,NA,seagrass,zostera,seagrass_sand,zostera_sand,90.91,1.07393e-43,103,Metazoa,Arthropoda,Arthropoda,NA,NA,NA,NA,NA,TRUE,ASV2618,2,NA
edna0119,ASV2296,motu1890,Insecta,Hexapod,class,1,1,NA,1,15,18,NA,NA,NA,NA,22,Insecta,Hexapod,2018_pruth-bay_surface,pruth bay,seagrass,2018-08-16,NA,2018,surface,2,edna_pr_i3_15,repeat-surface,biological,15,30.05,8.19,14.3,30.45,8.24,3,1000,0,51.64592951,-128.1198341,sand,NA,NA,NA,seagrass,zostera,seagrass_sand,zostera_sand,90.91,1.07393e-43,103,Metazoa,Arthropoda,Arthropoda,NA,NA,NA,NA,NA,TRUE,ASV2296,3,NA
edna0119,ASV3279,motu1208,Paracalanus,Calanoid copepod,genus,1,1,NA,1,32,43,NA,NA,NA,NA,27,Paracalanus,Calanoid copepod,2018_pruth-bay_surface,pruth bay,seagrass,2018-08-16,NA,2018,surface,2,edna_pr_i3_15,repeat-surface,biological,15,30.05,8.19,14.3,30.45,8.24,3,1000,0,51.64592951,-128.1198341,sand,NA,NA,NA,seagrass,zostera,seagrass_sand,zostera_sand,98.68,1.14987e-147,290,Metazoa,Arthropoda,Arthropoda,Calanoida,Paracalanidae,Paracalanus,0,0,TRUE,ASV1431,2,NA
edna0121,ASV258,motu228,Lensia,Siphonophore,genus,1,1,NA,NA,138,294,NA,NA,NA,NA,NA,Lensia,Siphonophore,2018_hdo_surface,hdo,beach_seine,2018-08-23,2018-08-23,2018,surface,1,edna_hdo_00,repeat-surface,biological,NA,NA,NA,NA,NA,NA,4.2,950,0,51.65501227,-128.1295942,mud,n,320,p,seagrass,zostera,seagrass_mud,zostera_mud,100,0.00408744,30,Metazoa,Cnidaria,Cnidaria,Siphonophorae,Diphyidae,Lensia,0,0,TRUE,ASV258,1,NA
edna0121,ASV131,motu117,Lensia,Siphonophore,genus,1,1,1,1,116,313,55,105,60,NA,100,Lensia,Siphonophore,2018_hdo_surface,hdo,beach_seine,2018-08-23,2018-08-23,2018,surface,1,edna_hdo_00,repeat-surface,biological,NA,NA,NA,NA,NA,NA,4.2,950,0,51.65501227,-128.1295942,mud,n,320,p,seagrass,zostera,seagrass_mud,zostera_mud,100,0.00408744,30,Metazoa,Cnidaria,Cnidaria,Siphonophorae,Diphyidae,Lensia,0,0,TRUE,ASV131,2,NA
edna0121,ASV226,motu199,Mytilus trossulus,Bay mussel,species,1,1,1,1,37,68,22,51,45,NA,71,Mytilus trossulus,Bay mussel,2018_hdo_surface,hdo,beach_seine,2018-08-23,2018-08-23,2018,surface,1,edna_hdo_00,repeat-surface,biological,NA,NA,NA,NA,NA,NA,4.2,950,0,51.65501227,-128.1295942,mud,n,320,p,seagrass,zostera,seagrass_mud,zostera_mud,100,3.2351099999999996e-158,309,Metazoa,Mollusca,Mollusca,Mytilida,Mytilidae,Mytilus,0,0,TRUE,ASV226,18,Mytilus trossulus
edna0121,ASV216,motu190,Mytilus trossulus,Bay mussel,species,1,1,NA,1,30,73,NA,NA,46,NA,77,Mytilus trossulus,Bay mussel,2018_hdo_surface,hdo,beach_seine,2018-08-23,2018-08-23,2018,surface,1,edna_hdo_00,repeat-surface,biological,NA,NA,NA,NA,NA,NA,4.2,950,0,51.65501227,-128.1295942,mud,n,320,p,seagrass,zostera,seagrass_mud,zostera_mud,100,3.2351099999999996e-158,309,Metazoa,Mollusca,Mollusca,Mytilida,Mytilidae,Mytilus,0,0,TRUE,ASV216,23,Mytilus trossulus
edna0121,ASV242,motu213,Balanus glandula,Acorn barnacle,species,1,1,NA,1,93,182,NA,215,139,NA,205,Balanus glandula,Acorn barnacle,2018_hdo_surface,hdo,beach_seine,2018-08-23,2018-08-23,2018,surface,1,edna_hdo_00,repeat-surface,biological,NA,NA,NA,NA,NA,NA,4.2,950,0,51.65501227,-128.1295942,mud,n,320,p,seagrass,zostera,seagrass_mud,zostera_mud,100,3.2351099999999996e-158,309,Metazoa,Arthropoda,Thecostraca,Balanomorpha,Balanidae,Balanus,0,0,TRUE,ASV242,15,Balanus glandula
edna0121,ASV233,motu74,Euchlanidae,Rotifer,family,1,1,NA,NA,34,21,NA,NA,NA,NA,NA,No Results,No Results,2018_hdo_surface,hdo,beach_seine,2018-08-23,2018-08-23,2018,surface,1,edna_hdo_00,repeat-surface,biological,NA,NA,NA,NA,NA,NA,4.2,950,0,51.65501227,-128.1295942,mud,n,320,p,seagrass,zostera,seagrass_mud,zostera_mud,91.35,3.005919999999998e-29,77,Metazoa,Rotifera,Rotifera,Ploima,Euchlanidae,NA,1,NA,TRUE,ASV84,2,NA
edna0121,ASV447,motu394,Balanus glandula,Acorn barnacle,species,1,1,NA,NA,83,168,NA,NA,NA,NA,NA,Balanus glandula,Acorn barnacle,2018_hdo_surface,hdo,beach_seine,2018-08-23,2018-08-23,2018,surface,1,edna_hdo_00,repeat-surface,biological,NA,NA,NA,NA,NA,NA,4.2,950,0,51.65501227,-128.1295942,mud,n,320,p,seagrass,zostera,seagrass_mud,zostera_mud,100,3.2351099999999996e-158,309,Metazoa,Arthropoda,Thecostraca,Balanomorpha,Balanidae,Balanus,0,0,TRUE,ASV447,12,Balanus glandula
edna0121,ASV308,motu270,Synchaeta baltica,Rotifer,species,1,1,1,1,64,100,38,156,75,NA,123,Synchaeta baltica,Rotifer,2018_hdo_surface,hdo,beach_seine,2018-08-23,2018-08-23,2018,surface,1,edna_hdo_00,repeat-surface,biological,NA,NA,NA,NA,NA,NA,4.2,950,0,51.65501227,-128.1295942,mud,n,320,p,seagrass,zostera,seagrass_mud,zostera_mud,90.79,3.5361899999999996e-113,228,Metazoa,Rotifera,Eurotatoria,Ploima,Synchaetidae,Synchaeta,0,0,TRUE,ASV308,3,Synchaeta baltica
edna0121,ASV328,motu288,Synchaeta baltica,Rotifer,species,1,1,1,1,64,103,26,124,91,NA,137,Synchaeta baltica,Rotifer,2018_hdo_surface,hdo,beach_seine,2018-08-23,2018-08-23,2018,surface,1,edna_hdo_00,repeat-surface,biological,NA,NA,NA,NA,NA,NA,4.2,950,0,51.65501227,-128.1295942,mud,n,320,p,seagrass,zostera,seagrass_mud,zostera_mud,90.79,3.5361899999999996e-113,228,Metazoa,Rotifera,Eurotatoria,Ploima,Synchaetidae,Synchaeta,0,0,TRUE,ASV328,3,Synchaeta baltica
edna0121,ASV352,motu311,Synchaeta vorax,Rotifer,species,1,NA,NA,1,8,NA,NA,9,8,NA,NA,Synchaeta vorax,Rotifer,2018_hdo_surface,hdo,beach_seine,2018-08-23,2018-08-23,2018,surface,1,edna_hdo_00,repeat-surface,biological,NA,NA,NA,NA,NA,NA,4.2,950,0,51.65501227,-128.1295942,mud,n,320,p,seagrass,zostera,seagrass_mud,zostera_mud,98.08,7.129989999999999e-150,294,Metazoa,Rotifera,Eurotatoria,Ploima,Synchaetidae,Synchaeta,0,0,TRUE,ASV352,4,Synchaeta vorax
edna0121,ASV312,motu274,Synchaeta baltica,Rotifer,species,1,1,1,1,96,167,50,212,183,NA,230,Synchaeta baltica,Rotifer,2018_hdo_surface,hdo,beach_seine,2018-08-23,2018-08-23,2018,surface,1,edna_hdo_00,repeat-surface,biological,NA,NA,NA,NA,NA,NA,4.2,950,0,51.65501227,-128.1295942,mud,n,320,p,seagrass,zostera,seagrass_mud,zostera_mud,90.45,5.9173e-111,224,Metazoa,Rotifera,Eurotatoria,Ploima,Synchaetidae,Synchaeta,0,0,TRUE,ASV312,1,Synchaeta baltica
edna0121,ASV467,motu412,Saxidomus,Washington clam species,genus,1,1,NA,1,5,4,NA,22,20,NA,16,Saxidomus,Washington clam species,2018_hdo_surface,hdo,beach_seine,2018-08-23,2018-08-23,2018,surface,1,edna_hdo_00,repeat-surface,biological,NA,NA,NA,NA,NA,NA,4.2,950,0,51.65501227,-128.1295942,mud,n,320,p,seagrass,zostera,seagrass_mud,zostera_mud,100,1.96163e-160,313,Metazoa,Mollusca,Mollusca,Venerida,Veneridae,Saxidomus,0,0,TRUE,ASV467,12,NA
edna0121,ASV356,motu315,Synchaeta baltica,Rotifer,species,1,1,1,1,80,143,61,190,129,NA,177,Synchaeta baltica,Rotifer,2018_hdo_surface,hdo,beach_seine,2018-08-23,2018-08-23,2018,surface,1,edna_hdo_00,repeat-surface,biological,NA,NA,NA,NA,NA,NA,4.2,950,0,51.65501227,-128.1295942,mud,n,320,p,seagrass,zostera,seagrass_mud,zostera_mud,90.45,5.9173e-111,224,Metazoa,Rotifera,Eurotatoria,Ploima,Synchaetidae,Synchaeta,0,0,TRUE,ASV356,1,Synchaeta baltica
edna0121,ASV860,motu748,Saxidomus,Washington clam species,genus,1,1,NA,NA,4,7,NA,NA,NA,NA,NA,Saxidomus,Washington clam species,2018_hdo_surface,hdo,beach_seine,2018-08-23,2018-08-23,2018,surface,1,edna_hdo_00,repeat-surface,biological,NA,NA,NA,NA,NA,NA,4.2,950,0,51.65501227,-128.1295942,mud,n,320,p,seagrass,zostera,seagrass_mud,zostera_mud,100,1.96163e-160,313,Metazoa,Mollusca,Mollusca,Venerida,Veneridae,Saxidomus,0,0,TRUE,ASV860,4,NA
edna0121,ASV834,motu128,Centropages abdominalis,Calanoid copepod,species,1,1,NA,NA,3,7,NA,NA,NA,NA,NA,Centropages abdominalis,Calanoid copepod,2018_hdo_surface,hdo,beach_seine,2018-08-23,2018-08-23,2018,surface,1,edna_hdo_00,repeat-surface,biological,NA,NA,NA,NA,NA,NA,4.2,950,0,51.65501227,-128.1295942,mud,n,320,p,seagrass,zostera,seagrass_mud,zostera_mud,99.68,9.126599999999999e-159,310,Metazoa,Arthropoda,Copepoda,Calanoida,Centropagidae,Centropages,0,0,TRUE,ASV143,11,Centropages abdominalis
edna0121,ASV365,motu31,Centropages abdominalis,Calanoid copepod,species,1,1,NA,1,3,9,NA,7,NA,NA,9,Centropages abdominalis,Calanoid copepod,2018_hdo_surface,hdo,beach_seine,2018-08-23,2018-08-23,2018,surface,1,edna_hdo_00,repeat-surface,biological,NA,NA,NA,NA,NA,NA,4.2,950,0,51.65501227,-128.1295942,mud,n,320,p,seagrass,zostera,seagrass_mud,zostera_mud,99.68,9.126599999999999e-159,310,Metazoa,Arthropoda,Copepoda,Calanoida,Centropagidae,Centropages,0,0,TRUE,ASV34,19,Centropages abdominalis
edna0121,ASV2444,motu394,Balanus glandula,Acorn barnacle,species,1,1,NA,NA,78,155,NA,NA,NA,NA,NA,Balanus glandula,Acorn barnacle,2018_hdo_surface,hdo,beach_seine,2018-08-23,2018-08-23,2018,surface,1,edna_hdo_00,repeat-surface,biological,NA,NA,NA,NA,NA,NA,4.2,950,0,51.65501227,-128.1295942,mud,n,320,p,seagrass,zostera,seagrass_mud,zostera_mud,99.68,1.5051499999999994e-156,306,Metazoa,Arthropoda,Thecostraca,Balanomorpha,Balanidae,Balanus,0,0,TRUE,ASV447,12,Balanus glandula
edna0121,ASV1305,motu213,Balanus glandula,Acorn barnacle,species,1,1,1,1,73,184,54,170,151,NA,209,Balanus glandula,Acorn barnacle,2018_hdo_surface,hdo,beach_seine,2018-08-23,2018-08-23,2018,surface,1,edna_hdo_00,repeat-surface,biological,NA,NA,NA,NA,NA,NA,4.2,950,0,51.65501227,-128.1295942,mud,n,320,p,seagrass,zostera,seagrass_mud,zostera_mud,99.68,1.5051499999999994e-156,306,Metazoa,Arthropoda,Thecostraca,Balanomorpha,Balanidae,Balanus,0,0,TRUE,ASV242,15,Balanus glandula
edna0121,ASV3232,motu334,Synchaeta pectinata,Rotifer,species,1,1,NA,1,3,4,NA,9,NA,NA,13,Synchaeta pectinata,Rotifer,2018_hdo_surface,hdo,beach_seine,2018-08-23,2018-08-23,2018,surface,1,edna_hdo_00,repeat-surface,biological,NA,NA,NA,NA,NA,NA,4.2,950,0,51.65501227,-128.1295942,mud,n,320,p,seagrass,zostera,seagrass_mud,zostera_mud,90.16,7.65451e-110,222,Metazoa,Rotifera,Eurotatoria,Ploima,Synchaetidae,Synchaeta,0,0,TRUE,ASV377,5,Synchaeta pectinata
edna0121,ASV2042,motu1692,Synchaeta grimpei,Rotifer,species,1,1,1,1,13,8,4,14,15,NA,22,Synchaeta grimpei,Rotifer,2018_hdo_surface,hdo,beach_seine,2018-08-23,2018-08-23,2018,surface,1,edna_hdo_00,repeat-surface,biological,NA,NA,NA,NA,NA,NA,4.2,950,0,51.65501227,-128.1295942,mud,n,320,p,seagrass,zostera,seagrass_mud,zostera_mud,91.45,4.459999999999999e-112,226,Metazoa,Rotifera,Eurotatoria,Ploima,Synchaetidae,Synchaeta,0,0,TRUE,ASV2042,2,Synchaeta grimpei
edna0121,ASV3781,motu908,Balanus glandula,Acorn barnacle,species,1,1,NA,NA,32,51,NA,NA,NA,NA,NA,Balanus glandula,Acorn barnacle,2018_hdo_surface,hdo,beach_seine,2018-08-23,2018-08-23,2018,surface,1,edna_hdo_00,repeat-surface,biological,NA,NA,NA,NA,NA,NA,4.2,950,0,51.65501227,-128.1295942,mud,n,320,p,seagrass,zostera,seagrass_mud,zostera_mud,100,5.334159999999996e-156,305,Metazoa,Arthropoda,Thecostraca,Balanomorpha,Balanidae,Balanus,0,0,TRUE,ASV1055,2,Balanus glandula
edna0121,ASV3548,motu884,Balanus glandula,Acorn barnacle,species,1,1,NA,NA,26,71,NA,NA,NA,NA,NA,Balanus glandula,Acorn barnacle,2018_hdo_surface,hdo,beach_seine,2018-08-23,2018-08-23,2018,surface,1,edna_hdo_00,repeat-surface,biological,NA,NA,NA,NA,NA,NA,4.2,950,0,51.65501227,-128.1295942,mud,n,320,p,seagrass,zostera,seagrass_mud,zostera_mud,100,5.334159999999996e-156,305,Metazoa,Arthropoda,Thecostraca,Balanomorpha,Balanidae,Balanus,0,0,TRUE,ASV1022,2,Balanus glandula
edna0121,ASV2150,motu1772,Synchaeta grimpei,Rotifer,species,1,1,1,1,8,13,7,22,17,NA,20,Synchaeta grimpei,Rotifer,2018_hdo_surface,hdo,beach_seine,2018-08-23,2018-08-23,2018,surface,1,edna_hdo_00,repeat-surface,biological,NA,NA,NA,NA,NA,NA,4.2,950,0,51.65501227,-128.1295942,mud,n,320,p,seagrass,zostera,seagrass_mud,zostera_mud,91.45,4.459999999999999e-112,226,Metazoa,Rotifera,Eurotatoria,Ploima,Synchaetidae,Synchaeta,0,0,TRUE,ASV2150,2,Synchaeta grimpei
edna0121,ASV4340,motu470,Paracalanus,Calanoid copepod,genus,1,1,NA,NA,16,26,NA,NA,NA,NA,NA,Paracalanus parvus parvus,Calanoid copepod,2018_hdo_surface,hdo,beach_seine,2018-08-23,2018-08-23,2018,surface,1,edna_hdo_00,repeat-surface,biological,NA,NA,NA,NA,NA,NA,4.2,950,0,51.65501227,-128.1295942,mud,n,320,p,seagrass,zostera,seagrass_mud,zostera_mud,99.01,2.4714899999999987e-149,293,Metazoa,Arthropoda,Arthropoda,Calanoida,Paracalanidae,Paracalanus,0,0,TRUE,ASV536,6,NA
edna0121,ASV3531,motu350,Synchaeta pectinata,Rotifer,species,1,NA,NA,NA,3,NA,NA,NA,NA,NA,NA,Synchaeta pectinata,Rotifer,2018_hdo_surface,hdo,beach_seine,2018-08-23,2018-08-23,2018,surface,1,edna_hdo_00,repeat-surface,biological,NA,NA,NA,NA,NA,NA,4.2,950,0,51.65501227,-128.1295942,mud,n,320,p,seagrass,zostera,seagrass_mud,zostera_mud,90.16,7.65451e-110,222,Metazoa,Rotifera,Eurotatoria,Ploima,Synchaetidae,Synchaeta,0,0,TRUE,ASV398,4,Synchaeta pectinata
edna0120,ASV25,motu22,Acartia (Acartiura) longiremis,Calanoid copepod,species,1,1,1,1,30,60,24,57,41,NA,87,Acartia (Acartiura) longiremis,Calanoid copepod,2018_pruth-bay_surface,pruth bay,seagrass,2018-08-16,NA,2018,surface,3,edna_pr_i3_30,repeat-surface,biological,NA,NA,NA,NA,NA,NA,3,1000,0,51.64596882,-128.1200866,sand,NA,NA,NA,seagrass,zostera,seagrass_sand,zostera_sand,100,1.96163e-160,313,Metazoa,Arthropoda,Copepoda,Calanoida,Acartiidae,Acartia,0,0,TRUE,ASV25,27,Acartia (Acartiura) longiremis
edna0120,ASV81,motu71,Acartia (Acartiura) longiremis,Calanoid copepod,species,1,1,NA,NA,23,51,NA,NA,NA,NA,NA,Acartia (Acartiura) longiremis,Calanoid copepod,2018_pruth-bay_surface,pruth bay,seagrass,2018-08-16,NA,2018,surface,3,edna_pr_i3_30,repeat-surface,biological,NA,NA,NA,NA,NA,NA,3,1000,0,51.64596882,-128.1200866,sand,NA,NA,NA,seagrass,zostera,seagrass_sand,zostera_sand,100,1.96163e-160,313,Metazoa,Arthropoda,Copepoda,Calanoida,Acartiidae,Acartia,0,0,TRUE,ASV81,23,Acartia (Acartiura) longiremis
edna0120,ASV258,motu228,Lensia,Siphonophore,genus,1,1,NA,NA,11,12,NA,NA,NA,NA,NA,Lensia,Siphonophore,2018_pruth-bay_surface,pruth bay,seagrass,2018-08-16,NA,2018,surface,3,edna_pr_i3_30,repeat-surface,biological,NA,NA,NA,NA,NA,NA,3,1000,0,51.64596882,-128.1200866,sand,NA,NA,NA,seagrass,zostera,seagrass_sand,zostera_sand,100,0.00408744,30,Metazoa,Cnidaria,Cnidaria,Siphonophorae,Diphyidae,Lensia,0,0,TRUE,ASV258,1,NA
edna0120,ASV131,motu117,Lensia,Siphonophore,genus,1,1,1,1,7,15,15,13,NA,NA,NA,Lensia,Siphonophore,2018_pruth-bay_surface,pruth bay,seagrass,2018-08-16,NA,2018,surface,3,edna_pr_i3_30,repeat-surface,biological,NA,NA,NA,NA,NA,NA,3,1000,0,51.64596882,-128.1200866,sand,NA,NA,NA,seagrass,zostera,seagrass_sand,zostera_sand,100,0.00408744,30,Metazoa,Cnidaria,Cnidaria,Siphonophorae,Diphyidae,Lensia,0,0,TRUE,ASV131,2,NA
edna0120,ASV280,motu190,Mytilus,Mussel species,genus,1,NA,NA,1,23,NA,NA,NA,21,NA,NA,Mytilus trossulus,Bay mussel,2018_pruth-bay_surface,pruth bay,seagrass,2018-08-16,NA,2018,surface,3,edna_pr_i3_30,repeat-surface,biological,NA,NA,NA,NA,NA,NA,3,1000,0,51.64596882,-128.1200866,sand,NA,NA,NA,seagrass,zostera,seagrass_sand,zostera_sand,100,3.2351099999999996e-158,309,Metazoa,Mollusca,Mollusca,Mytilida,Mytilidae,Mytilus,0,0,TRUE,ASV216,23,NA
edna0120,ASV270,motu199,Mytilus,Mussel species,genus,1,NA,NA,1,24,NA,NA,12,NA,NA,41,Mytilus trossulus,Bay mussel,2018_pruth-bay_surface,pruth bay,seagrass,2018-08-16,NA,2018,surface,3,edna_pr_i3_30,repeat-surface,biological,NA,NA,NA,NA,NA,NA,3,1000,0,51.64596882,-128.1200866,sand,NA,NA,NA,seagrass,zostera,seagrass_sand,zostera_sand,100,3.2351099999999996e-158,309,Metazoa,Mollusca,Mollusca,Mytilida,Mytilidae,Mytilus,0,0,TRUE,ASV226,18,NA
edna0120,ASV352,motu311,Synchaeta vorax,Rotifer,species,1,1,1,1,13,40,13,22,31,NA,57,Synchaeta vorax,Rotifer,2018_pruth-bay_surface,pruth bay,seagrass,2018-08-16,NA,2018,surface,3,edna_pr_i3_30,repeat-surface,biological,NA,NA,NA,NA,NA,NA,3,1000,0,51.64596882,-128.1200866,sand,NA,NA,NA,seagrass,zostera,seagrass_sand,zostera_sand,98.08,7.129989999999999e-150,294,Metazoa,Rotifera,Eurotatoria,Ploima,Synchaetidae,Synchaeta,0,0,TRUE,ASV352,4,Synchaeta vorax
edna0120,ASV346,motu306,Synchaeta vorax,Rotifer,species,1,1,1,1,20,31,12,18,18,NA,46,Synchaeta vorax,Rotifer,2018_pruth-bay_surface,pruth bay,seagrass,2018-08-16,NA,2018,surface,3,edna_pr_i3_30,repeat-surface,biological,NA,NA,NA,NA,NA,NA,3,1000,0,51.64596882,-128.1200866,sand,NA,NA,NA,seagrass,zostera,seagrass_sand,zostera_sand,98.08,7.129989999999999e-150,294,Metazoa,Rotifera,Eurotatoria,Ploima,Synchaetidae,Synchaeta,0,0,TRUE,ASV346,5,Synchaeta vorax
edna0120,ASV670,motu583,Synchaeta triophthalma,Rotifer,species,1,1,1,1,8,7,3,6,8,NA,9,Synchaeta triophthalma,Rotifer,2018_pruth-bay_surface,pruth bay,seagrass,2018-08-16,NA,2018,surface,3,edna_pr_i3_30,repeat-surface,biological,NA,NA,NA,NA,NA,NA,3,1000,0,51.64596882,-128.1200866,sand,NA,NA,NA,seagrass,zostera,seagrass_sand,zostera_sand,91.99,3.511259999999999e-118,237,Metazoa,Rotifera,Eurotatoria,Ploima,Synchaetidae,Synchaeta,0,0,TRUE,ASV670,4,Synchaeta triophthalma
edna0120,ASV647,motu560,Synchaeta triophthalma,Rotifer,species,1,1,NA,1,9,8,NA,11,12,NA,8,Synchaeta triophthalma,Rotifer,2018_pruth-bay_surface,pruth bay,seagrass,2018-08-16,NA,2018,surface,3,edna_pr_i3_30,repeat-surface,biological,NA,NA,NA,NA,NA,NA,3,1000,0,51.64596882,-128.1200866,sand,NA,NA,NA,seagrass,zostera,seagrass_sand,zostera_sand,91.99,3.511259999999999e-118,237,Metazoa,Rotifera,Eurotatoria,Ploima,Synchaetidae,Synchaeta,0,0,TRUE,ASV647,4,Synchaeta triophthalma
edna0120,ASV2147,motu1769,Asteriidae,Sea star,family,1,NA,NA,NA,2,NA,NA,NA,NA,NA,NA,Asteriidae,Sea star,2018_pruth-bay_surface,pruth bay,seagrass,2018-08-16,NA,2018,surface,3,edna_pr_i3_30,repeat-surface,biological,NA,NA,NA,NA,NA,NA,3,1000,0,51.64596882,-128.1200866,sand,NA,NA,NA,seagrass,zostera,seagrass_sand,zostera_sand,100,1.96163e-160,313,Metazoa,Echinodermata,Echinodermata,Forcipulatida,Asteriidae,NA,0,0,TRUE,ASV2147,1,NA
edna0120,ASV2618,motu2123,Insecta,Hexapod,class,1,1,NA,NA,13,24,NA,NA,NA,NA,NA,Insecta,Hexapod,2018_pruth-bay_surface,pruth bay,seagrass,2018-08-16,NA,2018,surface,3,edna_pr_i3_30,repeat-surface,biological,NA,NA,NA,NA,NA,NA,3,1000,0,51.64596882,-128.1200866,sand,NA,NA,NA,seagrass,zostera,seagrass_sand,zostera_sand,90.91,1.07393e-43,103,Metazoa,Arthropoda,Arthropoda,NA,NA,NA,NA,NA,TRUE,ASV2618,2,NA
edna0120,ASV2296,motu1890,Insecta,Hexapod,class,1,1,NA,1,8,27,NA,NA,NA,NA,35,Insecta,Hexapod,2018_pruth-bay_surface,pruth bay,seagrass,2018-08-16,NA,2018,surface,3,edna_pr_i3_30,repeat-surface,biological,NA,NA,NA,NA,NA,NA,3,1000,0,51.64596882,-128.1200866,sand,NA,NA,NA,seagrass,zostera,seagrass_sand,zostera_sand,90.91,1.07393e-43,103,Metazoa,Arthropoda,Arthropoda,NA,NA,NA,NA,NA,TRUE,ASV2296,3,NA
edna0122,ASV25,motu22,Acartia (Acartiura) longiremis,Calanoid copepod,species,1,1,1,1,80,153,60,238,230,NA,168,Acartia (Acartiura) longiremis,Calanoid copepod,2018_hdo_surface,hdo,beach_seine,2018-08-23,2018-08-23,2018,surface,2,edna_hdo_15,repeat-surface,biological,15.3,27.04,8.32,12.9,31.68,8.05,4.4,775,0,51.65508561,-128.1293971,mud,n,320,p,seagrass,zostera,seagrass_mud,zostera_mud,100,1.96163e-160,313,Metazoa,Arthropoda,Copepoda,Calanoida,Acartiidae,Acartia,0,0,TRUE,ASV25,27,Acartia (Acartiura) longiremis
edna0122,ASV81,motu71,Acartia (Acartiura) longiremis,Calanoid copepod,species,1,1,NA,NA,74,129,NA,NA,NA,NA,NA,Acartia (Acartiura) longiremis,Calanoid copepod,2018_hdo_surface,hdo,beach_seine,2018-08-23,2018-08-23,2018,surface,2,edna_hdo_15,repeat-surface,biological,15.3,27.04,8.32,12.9,31.68,8.05,4.4,775,0,51.65508561,-128.1293971,mud,n,320,p,seagrass,zostera,seagrass_mud,zostera_mud,100,1.96163e-160,313,Metazoa,Arthropoda,Copepoda,Calanoida,Acartiidae,Acartia,0,0,TRUE,ASV81,23,Acartia (Acartiura) longiremis
edna0122,ASV258,motu228,Lensia,Siphonophore,genus,1,1,NA,NA,43,78,NA,NA,NA,NA,NA,Lensia,Siphonophore,2018_hdo_surface,hdo,beach_seine,2018-08-23,2018-08-23,2018,surface,2,edna_hdo_15,repeat-surface,biological,15.3,27.04,8.32,12.9,31.68,8.05,4.4,775,0,51.65508561,-128.1293971,mud,n,320,p,seagrass,zostera,seagrass_mud,zostera_mud,100,0.00408744,30,Metazoa,Cnidaria,Cnidaria,Siphonophorae,Diphyidae,Lensia,0,0,TRUE,ASV258,1,NA
edna0122,ASV131,motu117,Lensia,Siphonophore,genus,1,1,1,1,32,68,25,142,108,NA,141,Lensia,Siphonophore,2018_hdo_surface,hdo,beach_seine,2018-08-23,2018-08-23,2018,surface,2,edna_hdo_15,repeat-surface,biological,15.3,27.04,8.32,12.9,31.68,8.05,4.4,775,0,51.65508561,-128.1293971,mud,n,320,p,seagrass,zostera,seagrass_mud,zostera_mud,100,0.00408744,30,Metazoa,Cnidaria,Cnidaria,Siphonophorae,Diphyidae,Lensia,0,0,TRUE,ASV131,2,NA
edna0122,ASV242,motu213,Balanus glandula,Acorn barnacle,species,1,1,1,1,86,131,54,221,246,NA,168,Balanus glandula,Acorn barnacle,2018_hdo_surface,hdo,beach_seine,2018-08-23,2018-08-23,2018,surface,2,edna_hdo_15,repeat-surface,biological,15.3,27.04,8.32,12.9,31.68,8.05,4.4,775,0,51.65508561,-128.1293971,mud,n,320,p,seagrass,zostera,seagrass_mud,zostera_mud,100,3.2351099999999996e-158,309,Metazoa,Arthropoda,Thecostraca,Balanomorpha,Balanidae,Balanus,0,0,TRUE,ASV242,15,Balanus glandula
edna0122,ASV447,motu394,Balanus glandula,Acorn barnacle,species,1,1,NA,NA,98,135,NA,NA,NA,NA,NA,Balanus glandula,Acorn barnacle,2018_hdo_surface,hdo,beach_seine,2018-08-23,2018-08-23,2018,surface,2,edna_hdo_15,repeat-surface,biological,15.3,27.04,8.32,12.9,31.68,8.05,4.4,775,0,51.65508561,-128.1293971,mud,n,320,p,seagrass,zostera,seagrass_mud,zostera_mud,100,3.2351099999999996e-158,309,Metazoa,Arthropoda,Thecostraca,Balanomorpha,Balanidae,Balanus,0,0,TRUE,ASV447,12,Balanus glandula
edna0122,ASV324,motu285,Paracalanus parvus parvus,Calanoid copepod,species,1,1,1,1,53,94,40,109,127,NA,58,Paracalanus parvus parvus,Calanoid copepod,2018_hdo_surface,hdo,beach_seine,2018-08-23,2018-08-23,2018,surface,2,edna_hdo_15,repeat-surface,biological,15.3,27.04,8.32,12.9,31.68,8.05,4.4,775,0,51.65508561,-128.1293971,mud,n,320,p,seagrass,zostera,seagrass_mud,zostera_mud,100,1.17454e-132,263,Metazoa,Arthropoda,Copepoda,Calanoida,Paracalanidae,Paracalanus,0,0,TRUE,ASV324,6,Paracalanus parvus parvus
edna0122,ASV308,motu270,Synchaeta baltica,Rotifer,species,1,1,1,1,174,279,94,627,728,NA,522,Synchaeta baltica,Rotifer,2018_hdo_surface,hdo,beach_seine,2018-08-23,2018-08-23,2018,surface,2,edna_hdo_15,repeat-surface,biological,15.3,27.04,8.32,12.9,31.68,8.05,4.4,775,0,51.65508561,-128.1293971,mud,n,320,p,seagrass,zostera,seagrass_mud,zostera_mud,90.79,3.5361899999999996e-113,228,Metazoa,Rotifera,Eurotatoria,Ploima,Synchaetidae,Synchaeta,0,0,TRUE,ASV308,3,Synchaeta baltica
edna0122,ASV536,motu470,Paracalanus parvus parvus,Calanoid copepod,species,1,1,NA,NA,55,102,NA,NA,NA,NA,NA,Paracalanus parvus parvus,Calanoid copepod,2018_hdo_surface,hdo,beach_seine,2018-08-23,2018-08-23,2018,surface,2,edna_hdo_15,repeat-surface,biological,15.3,27.04,8.32,12.9,31.68,8.05,4.4,775,0,51.65508561,-128.1293971,mud,n,320,p,seagrass,zostera,seagrass_mud,zostera_mud,100,1.17454e-132,263,Metazoa,Arthropoda,Copepoda,Calanoida,Paracalanidae,Paracalanus,0,0,TRUE,ASV536,6,Paracalanus parvus parvus
edna0122,ASV398,motu350,Synchaeta pectinata,Rotifer,species,1,1,NA,1,7,4,NA,5,9,NA,NA,Synchaeta pectinata,Rotifer,2018_hdo_surface,hdo,beach_seine,2018-08-23,2018-08-23,2018,surface,2,edna_hdo_15,repeat-surface,biological,15.3,27.04,8.32,12.9,31.68,8.05,4.4,775,0,51.65508561,-128.1293971,mud,n,320,p,seagrass,zostera,seagrass_mud,zostera_mud,90.48,1.6452299999999999e-111,225,Metazoa,Rotifera,Eurotatoria,Ploima,Synchaetidae,Synchaeta,0,0,TRUE,ASV398,4,Synchaeta pectinata
edna0122,ASV328,motu288,Synchaeta baltica,Rotifer,species,1,1,1,1,141,208,90,693,618,NA,335,Synchaeta baltica,Rotifer,2018_hdo_surface,hdo,beach_seine,2018-08-23,2018-08-23,2018,surface,2,edna_hdo_15,repeat-surface,biological,15.3,27.04,8.32,12.9,31.68,8.05,4.4,775,0,51.65508561,-128.1293971,mud,n,320,p,seagrass,zostera,seagrass_mud,zostera_mud,90.79,3.5361899999999996e-113,228,Metazoa,Rotifera,Eurotatoria,Ploima,Synchaetidae,Synchaeta,0,0,TRUE,ASV328,3,Synchaeta baltica
edna0122,ASV336,motu296,Pseudocalanus newmani,Calanoid copepod,species,1,1,NA,1,17,27,NA,NA,23,NA,NA,Pseudocalanus newmani,Calanoid copepod,2018_hdo_surface,hdo,beach_seine,2018-08-23,2018-08-23,2018,surface,2,edna_hdo_15,repeat-surface,biological,15.3,27.04,8.32,12.9,31.68,8.05,4.4,775,0,51.65508561,-128.1293971,mud,n,320,p,seagrass,zostera,seagrass_mud,zostera_mud,100,1.96163e-160,313,Metazoa,Arthropoda,Copepoda,Calanoida,Clausocalanidae,Pseudocalanus,0,0,TRUE,ASV336,4,Pseudocalanus newmani
edna0122,ASV352,motu311,Synchaeta vorax,Rotifer,species,1,NA,NA,1,26,NA,NA,NA,72,NA,NA,Synchaeta vorax,Rotifer,2018_hdo_surface,hdo,beach_seine,2018-08-23,2018-08-23,2018,surface,2,edna_hdo_15,repeat-surface,biological,15.3,27.04,8.32,12.9,31.68,8.05,4.4,775,0,51.65508561,-128.1293971,mud,n,320,p,seagrass,zostera,seagrass_mud,zostera_mud,98.08,7.129989999999999e-150,294,Metazoa,Rotifera,Eurotatoria,Ploima,Synchaetidae,Synchaeta,0,0,TRUE,ASV352,4,Synchaeta vorax
edna0122,ASV312,motu274,Synchaeta baltica,Rotifer,species,1,1,1,1,102,165,71,555,545,NA,336,Synchaeta baltica,Rotifer,2018_hdo_surface,hdo,beach_seine,2018-08-23,2018-08-23,2018,surface,2,edna_hdo_15,repeat-surface,biological,15.3,27.04,8.32,12.9,31.68,8.05,4.4,775,0,51.65508561,-128.1293971,mud,n,320,p,seagrass,zostera,seagrass_mud,zostera_mud,90.45,5.9173e-111,224,Metazoa,Rotifera,Eurotatoria,Ploima,Synchaetidae,Synchaeta,0,0,TRUE,ASV312,1,Synchaeta baltica
edna0122,ASV346,motu306,Synchaeta vorax,Rotifer,species,1,NA,NA,1,26,NA,NA,87,80,NA,NA,Synchaeta vorax,Rotifer,2018_hdo_surface,hdo,beach_seine,2018-08-23,2018-08-23,2018,surface,2,edna_hdo_15,repeat-surface,biological,15.3,27.04,8.32,12.9,31.68,8.05,4.4,775,0,51.65508561,-128.1293971,mud,n,320,p,seagrass,zostera,seagrass_mud,zostera_mud,98.08,7.129989999999999e-150,294,Metazoa,Rotifera,Eurotatoria,Ploima,Synchaetidae,Synchaeta,0,0,TRUE,ASV346,5,Synchaeta vorax
edna0122,ASV467,motu412,Saxidomus,Washington clam species,genus,1,1,NA,1,11,19,NA,23,31,NA,26,Saxidomus,Washington clam species,2018_hdo_surface,hdo,beach_seine,2018-08-23,2018-08-23,2018,surface,2,edna_hdo_15,repeat-surface,biological,15.3,27.04,8.32,12.9,31.68,8.05,4.4,775,0,51.65508561,-128.1293971,mud,n,320,p,seagrass,zostera,seagrass_mud,zostera_mud,100,1.96163e-160,313,Metazoa,Mollusca,Mollusca,Venerida,Veneridae,Saxidomus,0,0,TRUE,ASV467,12,NA
edna0122,ASV356,motu315,Synchaeta baltica,Rotifer,species,1,1,1,1,77,130,46,485,454,NA,291,Synchaeta baltica,Rotifer,2018_hdo_surface,hdo,beach_seine,2018-08-23,2018-08-23,2018,surface,2,edna_hdo_15,repeat-surface,biological,15.3,27.04,8.32,12.9,31.68,8.05,4.4,775,0,51.65508561,-128.1293971,mud,n,320,p,seagrass,zostera,seagrass_mud,zostera_mud,90.45,5.9173e-111,224,Metazoa,Rotifera,Eurotatoria,Ploima,Synchaetidae,Synchaeta,0,0,TRUE,ASV356,1,Synchaeta baltica
edna0122,ASV860,motu748,Saxidomus,Washington clam species,genus,1,1,NA,NA,10,20,NA,NA,NA,NA,NA,Saxidomus,Washington clam species,2018_hdo_surface,hdo,beach_seine,2018-08-23,2018-08-23,2018,surface,2,edna_hdo_15,repeat-surface,biological,15.3,27.04,8.32,12.9,31.68,8.05,4.4,775,0,51.65508561,-128.1293971,mud,n,320,p,seagrass,zostera,seagrass_mud,zostera_mud,100,1.96163e-160,313,Metazoa,Mollusca,Mollusca,Venerida,Veneridae,Saxidomus,0,0,TRUE,ASV860,4,NA
edna0122,ASV623,motu543,Balanus,Barnacle species,genus,1,1,NA,1,8,9,NA,NA,7,NA,NA,Balanus,Barnacle species,2018_hdo_surface,hdo,beach_seine,2018-08-23,2018-08-23,2018,surface,2,edna_hdo_15,repeat-surface,biological,15.3,27.04,8.32,12.9,31.68,8.05,4.4,775,0,51.65508561,-128.1293971,mud,n,320,p,seagrass,zostera,seagrass_mud,zostera_mud,100,1.4886099999999998e-156,306,Metazoa,Arthropoda,Arthropoda,Balanomorpha,Balanidae,Balanus,0,0,TRUE,ASV623,7,NA
edna0122,ASV733,motu637,Phyllodocida,Polychaete,order,1,NA,NA,1,12,NA,NA,9,18,NA,NA,Phyllodocida,Polychaete,2018_hdo_surface,hdo,beach_seine,2018-08-23,2018-08-23,2018,surface,2,edna_hdo_15,repeat-surface,biological,15.3,27.04,8.32,12.9,31.68,8.05,4.4,775,0,51.65508561,-128.1293971,mud,n,320,p,seagrass,zostera,seagrass_mud,zostera_mud,100,0.0603188,28,Metazoa,Annelida,Annelida,Phyllodocida,NA,NA,0,0,TRUE,ASV733,1,NA
edna0122,ASV1289,motu1091,Chthamalus dalli,Little brown barnacle,species,1,1,NA,NA,22,31,NA,NA,NA,NA,NA,Chthamalus dalli,Little brown barnacle,2018_hdo_surface,hdo,beach_seine,2018-08-23,2018-08-23,2018,surface,2,edna_hdo_15,repeat-surface,biological,15.3,27.04,8.32,12.9,31.68,8.05,4.4,775,0,51.65508561,-128.1293971,mud,n,320,p,seagrass,zostera,seagrass_mud,zostera_mud,99.34,5.31212e-151,296,Metazoa,Arthropoda,Thecostraca,Balanomorpha,Chthamalidae,Chthamalus,0,0,TRUE,ASV1289,3,Chthamalus dalli
edna0122,ASV689,motu600,Synchaeta baltica,Rotifer,species,1,1,1,1,42,76,39,423,377,NA,200,Synchaeta baltica,Rotifer,2018_hdo_surface,hdo,beach_seine,2018-08-23,2018-08-23,2018,surface,2,edna_hdo_15,repeat-surface,biological,15.3,27.04,8.32,12.9,31.68,8.05,4.4,775,0,51.65508561,-128.1293971,mud,n,320,p,seagrass,zostera,seagrass_mud,zostera_mud,90.76,1.27184e-112,227,Metazoa,Rotifera,Eurotatoria,Ploima,Synchaetidae,Synchaeta,0,0,TRUE,ASV689,1,Synchaeta baltica
edna0122,ASV737,motu641,Synchaeta baltica,Rotifer,species,1,1,1,1,58,111,21,368,322,NA,167,Synchaeta baltica,Rotifer,2018_hdo_surface,hdo,beach_seine,2018-08-23,2018-08-23,2018,surface,2,edna_hdo_15,repeat-surface,biological,15.3,27.04,8.32,12.9,31.68,8.05,4.4,775,0,51.65508561,-128.1293971,mud,n,320,p,seagrass,zostera,seagrass_mud,zostera_mud,90.76,1.27184e-112,227,Metazoa,Rotifera,Eurotatoria,Ploima,Synchaetidae,Synchaeta,0,0,TRUE,ASV737,1,Synchaeta baltica
edna0122,ASV814,motu709,Chthamalus dalli,Little brown barnacle,species,1,1,1,1,23,26,12,40,57,NA,33,Chthamalus dalli,Little brown barnacle,2018_hdo_surface,hdo,beach_seine,2018-08-23,2018-08-23,2018,surface,2,edna_hdo_15,repeat-surface,biological,15.3,27.04,8.32,12.9,31.68,8.05,4.4,775,0,51.65508561,-128.1293971,mud,n,320,p,seagrass,zostera,seagrass_mud,zostera_mud,99.34,5.31212e-151,296,Metazoa,Arthropoda,Thecostraca,Balanomorpha,Chthamalidae,Chthamalus,0,0,TRUE,ASV814,5,Chthamalus dalli
edna0122,ASV1546,motu1303,Chaetognatha,Arrow worm,phylum,1,1,NA,NA,8,15,NA,NA,NA,NA,NA,Chaetognatha,Arrow worm,2018_hdo_surface,hdo,beach_seine,2018-08-23,2018-08-23,2018,surface,2,edna_hdo_15,repeat-surface,biological,15.3,27.04,8.32,12.9,31.68,8.05,4.4,775,0,51.65508561,-128.1293971,mud,n,320,p,seagrass,zostera,seagrass_mud,zostera_mud,95.02,1.63074e-81,171,Metazoa,Chaetognatha,NA,NA,NA,NA,0,0,TRUE,ASV1546,2,NA
edna0122,ASV1059,motu911,Pleurobrachia bachei,Pacific sea gooseberry,species,1,1,1,1,12,17,7,11,15,NA,NA,Pleurobrachia bachei,Pacific sea gooseberry,2018_hdo_surface,hdo,beach_seine,2018-08-23,2018-08-23,2018,surface,2,edna_hdo_15,repeat-surface,biological,15.3,27.04,8.32,12.9,31.68,8.05,4.4,775,0,51.65508561,-128.1293971,mud,n,320,p,seagrass,zostera,seagrass_mud,zostera_mud,100,1.96163e-160,313,Metazoa,Ctenophora,Tentaculata,Cydippida,Cydippidae,Pleurobrachia,0,0,TRUE,ASV1059,3,Pleurobrachia bachei
edna0122,ASV977,motu199,Mytilus trossulus,Bay mussel,species,1,1,1,1,147,204,71,355,341,NA,237,Mytilus trossulus,Bay mussel,2018_hdo_surface,hdo,beach_seine,2018-08-23,2018-08-23,2018,surface,2,edna_hdo_15,repeat-surface,biological,15.3,27.04,8.32,12.9,31.68,8.05,4.4,775,0,51.65508561,-128.1293971,mud,n,320,p,seagrass,zostera,seagrass_mud,zostera_mud,99.68,1.5051499999999994e-156,306,Metazoa,Mollusca,Mollusca,Mytilida,Mytilidae,Mytilus,0,0,TRUE,ASV226,18,Mytilus trossulus
edna0122,ASV937,motu814,Synchaeta baltica,Rotifer,species,1,1,NA,1,27,42,NA,63,67,NA,47,Synchaeta baltica,Rotifer,2018_hdo_surface,hdo,beach_seine,2018-08-23,2018-08-23,2018,surface,2,edna_hdo_15,repeat-surface,biological,15.3,27.04,8.32,12.9,31.68,8.05,4.4,775,0,51.65508561,-128.1293971,mud,n,320,p,seagrass,zostera,seagrass_mud,zostera_mud,90.76,1.27184e-112,227,Metazoa,Rotifera,Eurotatoria,Ploima,Synchaetidae,Synchaeta,0,0,TRUE,ASV937,1,Synchaeta baltica
edna0122,ASV1742,motu1454,Micropodarke dubia,Hesionid polychaete,species,1,1,NA,NA,4,7,NA,NA,NA,NA,NA,Micropodarke dubia,Hesionid polychaete,2018_hdo_surface,hdo,beach_seine,2018-08-23,2018-08-23,2018,surface,2,edna_hdo_15,repeat-surface,biological,15.3,27.04,8.32,12.9,31.68,8.05,4.4,775,0,51.65508561,-128.1293971,mud,n,320,p,seagrass,zostera,seagrass_mud,zostera_mud,100,1.96163e-160,313,Metazoa,Annelida,Polychaeta,Phyllodocida,Hesionidae,Micropodarke,0,0,TRUE,ASV1742,2,Micropodarke dubia
edna0122,ASV1988,motu1648,Emplectonema viride,Green ribbon worm,species,1,1,NA,NA,35,59,NA,NA,NA,NA,NA,Emplectonema viride,Green ribbon worm,2018_hdo_surface,hdo,beach_seine,2018-08-23,2018-08-23,2018,surface,2,edna_hdo_15,repeat-surface,biological,15.3,27.04,8.32,12.9,31.68,8.05,4.4,775,0,51.65508561,-128.1293971,mud,n,320,p,seagrass,zostera,seagrass_mud,zostera_mud,100,1.96163e-160,313,Metazoa,Nemertea,Hoplonemertea,Monostilifera,Emplectonematidae,Emplectonema,0,0,TRUE,ASV1988,1,Emplectonema viride
edna0122,ASV1002,motu190,Mytilus trossulus,Bay mussel,species,1,1,1,1,107,228,58,371,270,NA,265,Mytilus trossulus,Bay mussel,2018_hdo_surface,hdo,beach_seine,2018-08-23,2018-08-23,2018,surface,2,edna_hdo_15,repeat-surface,biological,15.3,27.04,8.32,12.9,31.68,8.05,4.4,775,0,51.65508561,-128.1293971,mud,n,320,p,seagrass,zostera,seagrass_mud,zostera_mud,99.68,1.5051499999999994e-156,306,Metazoa,Mollusca,Mollusca,Mytilida,Mytilidae,Mytilus,0,0,TRUE,ASV216,23,Mytilus trossulus
edna0122,ASV1042,motu899,Synchaeta baltica,Rotifer,species,1,1,NA,1,25,37,NA,48,66,NA,NA,Synchaeta baltica,Rotifer,2018_hdo_surface,hdo,beach_seine,2018-08-23,2018-08-23,2018,surface,2,edna_hdo_15,repeat-surface,biological,15.3,27.04,8.32,12.9,31.68,8.05,4.4,775,0,51.65508561,-128.1293971,mud,n,320,p,seagrass,zostera,seagrass_mud,zostera_mud,90.76,1.27184e-112,227,Metazoa,Rotifera,Eurotatoria,Ploima,Synchaetidae,Synchaeta,0,0,TRUE,ASV1042,1,Synchaeta baltica
edna0122,ASV947,motu824,Synchaeta baltica,Rotifer,species,1,1,1,1,53,83,30,226,224,NA,108,Synchaeta baltica,Rotifer,2018_hdo_surface,hdo,beach_seine,2018-08-23,2018-08-23,2018,surface,2,edna_hdo_15,repeat-surface,biological,15.3,27.04,8.32,12.9,31.68,8.05,4.4,775,0,51.65508561,-128.1293971,mud,n,320,p,seagrass,zostera,seagrass_mud,zostera_mud,91.08,2.73364e-114,230,Metazoa,Rotifera,Eurotatoria,Ploima,Synchaetidae,Synchaeta,0,0,TRUE,ASV947,1,Synchaeta baltica
edna0122,ASV1091,motu939,Emplectonema viride,Green ribbon worm,species,1,1,1,1,23,70,11,100,78,NA,52,Emplectonema viride,Green ribbon worm,2018_hdo_surface,hdo,beach_seine,2018-08-23,2018-08-23,2018,surface,2,edna_hdo_15,repeat-surface,biological,15.3,27.04,8.32,12.9,31.68,8.05,4.4,775,0,51.65508561,-128.1293971,mud,n,320,p,seagrass,zostera,seagrass_mud,zostera_mud,100,1.96163e-160,313,Metazoa,Nemertea,Hoplonemertea,Monostilifera,Emplectonematidae,Emplectonema,0,0,TRUE,ASV1091,1,Emplectonema viride
edna0122,ASV932,motu810,Synchaeta baltica,Rotifer,species,1,1,1,1,42,79,44,234,227,NA,90,Synchaeta baltica,Rotifer,2018_hdo_surface,hdo,beach_seine,2018-08-23,2018-08-23,2018,surface,2,edna_hdo_15,repeat-surface,biological,15.3,27.04,8.32,12.9,31.68,8.05,4.4,775,0,51.65508561,-128.1293971,mud,n,320,p,seagrass,zostera,seagrass_mud,zostera_mud,91.08,2.73364e-114,230,Metazoa,Rotifera,Eurotatoria,Ploima,Synchaetidae,Synchaeta,0,0,TRUE,ASV932,1,Synchaeta baltica
edna0122,ASV1887,motu1568,Pseudopolydora bassarginensis,Spionid polychaete,species,1,1,1,1,41,72,24,103,96,NA,67,Pseudopolydora bassarginensis,Spionid polychaete,2018_hdo_surface,hdo,beach_seine,2018-08-23,2018-08-23,2018,surface,2,edna_hdo_15,repeat-surface,biological,15.3,27.04,8.32,12.9,31.68,8.05,4.4,775,0,51.65508561,-128.1293971,mud,n,320,p,seagrass,zostera,seagrass_mud,zostera_mud,100,1.4886099999999998e-156,306,Metazoa,Annelida,Polychaeta,Spionida,Spionidae,Pseudopolydora,0,0,TRUE,ASV1887,2,Pseudopolydora bassarginensis
edna0122,ASV1880,motu1563,Pseudopolydora bassarginensis,Spionid polychaete,species,1,1,1,1,39,70,24,100,118,NA,54,Pseudopolydora bassarginensis,Spionid polychaete,2018_hdo_surface,hdo,beach_seine,2018-08-23,2018-08-23,2018,surface,2,edna_hdo_15,repeat-surface,biological,15.3,27.04,8.32,12.9,31.68,8.05,4.4,775,0,51.65508561,-128.1293971,mud,n,320,p,seagrass,zostera,seagrass_mud,zostera_mud,100,1.4886099999999998e-156,306,Metazoa,Annelida,Polychaeta,Spionida,Spionidae,Pseudopolydora,0,0,TRUE,ASV1880,3,Pseudopolydora bassarginensis
edna0122,ASV2150,motu1772,Synchaeta grimpei,Rotifer,species,1,1,NA,1,2,3,NA,8,7,NA,NA,Synchaeta grimpei,Rotifer,2018_hdo_surface,hdo,beach_seine,2018-08-23,2018-08-23,2018,surface,2,edna_hdo_15,repeat-surface,biological,15.3,27.04,8.32,12.9,31.68,8.05,4.4,775,0,51.65508561,-128.1293971,mud,n,320,p,seagrass,zostera,seagrass_mud,zostera_mud,91.45,4.459999999999999e-112,226,Metazoa,Rotifera,Eurotatoria,Ploima,Synchaetidae,Synchaeta,0,0,TRUE,ASV2150,2,Synchaeta grimpei
edna0122,ASV3033,motu2444,Staphylinidae,Hexapod,genus,1,NA,NA,1,3,NA,NA,NA,NA,NA,2,Staphylinidae,Hexapod,2018_hdo_surface,hdo,beach_seine,2018-08-23,2018-08-23,2018,surface,2,edna_hdo_15,repeat-surface,biological,15.3,27.04,8.32,12.9,31.68,8.05,4.4,775,0,51.65508561,-128.1293971,mud,n,320,p,seagrass,zostera,seagrass_mud,zostera_mud,90.14,3.11539e-14,50,Metazoa,Arthropoda,Arthropoda,Coleoptera,Staphylinidae,Staphylinidae,NA,NA,TRUE,ASV3033,1,NA
edna0122,ASV2117,motu1746,Synchaeta vorax,Rotifer,species,1,1,1,1,5,12,5,22,18,NA,13,Synchaeta vorax,Rotifer,2018_hdo_surface,hdo,beach_seine,2018-08-23,2018-08-23,2018,surface,2,edna_hdo_15,repeat-surface,biological,15.3,27.04,8.32,12.9,31.68,8.05,4.4,775,0,51.65508561,-128.1293971,mud,n,320,p,seagrass,zostera,seagrass_mud,zostera_mud,94.81,5.60839e-131,260,Metazoa,Rotifera,Eurotatoria,Ploima,Synchaetidae,Synchaeta,0,0,TRUE,ASV2117,4,Synchaeta vorax
edna0122,ASV2292,motu1887,Synchaeta vorax,Rotifer,species,1,1,1,1,8,9,5,14,18,NA,10,Synchaeta vorax,Rotifer,2018_hdo_surface,hdo,beach_seine,2018-08-23,2018-08-23,2018,surface,2,edna_hdo_15,repeat-surface,biological,15.3,27.04,8.32,12.9,31.68,8.05,4.4,775,0,51.65508561,-128.1293971,mud,n,320,p,seagrass,zostera,seagrass_mud,zostera_mud,94.81,5.60839e-131,260,Metazoa,Rotifera,Eurotatoria,Ploima,Synchaetidae,Synchaeta,0,0,TRUE,ASV2292,5,Synchaeta vorax
edna0123,ASV25,motu22,Acartia (Acartiura) longiremis,Calanoid copepod,species,1,1,1,1,29,59,19,NA,44,NA,48,Acartia (Acartiura) longiremis,Calanoid copepod,2018_hdo_surface,hdo,beach_seine,2018-08-23,2018-08-23,2018,surface,3,edna_hdo_30,repeat-surface,biological,NA,NA,NA,NA,NA,NA,4.8,875,0,51.6551346,-128.1292625,mud,n,320,p,seagrass,zostera,seagrass_mud,zostera_mud,100,1.96163e-160,313,Metazoa,Arthropoda,Copepoda,Calanoida,Acartiidae,Acartia,0,0,TRUE,ASV25,27,Acartia (Acartiura) longiremis
edna0123,ASV81,motu71,Acartia (Acartiura) longiremis,Calanoid copepod,species,1,1,NA,NA,18,61,NA,NA,NA,NA,NA,Acartia (Acartiura) longiremis,Calanoid copepod,2018_hdo_surface,hdo,beach_seine,2018-08-23,2018-08-23,2018,surface,3,edna_hdo_30,repeat-surface,biological,NA,NA,NA,NA,NA,NA,4.8,875,0,51.6551346,-128.1292625,mud,n,320,p,seagrass,zostera,seagrass_mud,zostera_mud,100,1.96163e-160,313,Metazoa,Arthropoda,Copepoda,Calanoida,Acartiidae,Acartia,0,0,TRUE,ASV81,23,Acartia (Acartiura) longiremis
edna0123,ASV34,motu31,Centropages abdominalis,Calanoid copepod,species,1,1,1,1,16,53,19,40,51,NA,53,Centropages abdominalis,Calanoid copepod,2018_hdo_surface,hdo,beach_seine,2018-08-23,2018-08-23,2018,surface,3,edna_hdo_30,repeat-surface,biological,NA,NA,NA,NA,NA,NA,4.8,875,0,51.6551346,-128.1292625,mud,n,320,p,seagrass,zostera,seagrass_mud,zostera_mud,100,1.96163e-160,313,Metazoa,Arthropoda,Copepoda,Calanoida,Centropagidae,Centropages,0,0,TRUE,ASV34,19,Centropages abdominalis
edna0123,ASV143,motu128,Centropages abdominalis,Calanoid copepod,species,1,1,NA,NA,21,33,NA,NA,NA,NA,NA,Centropages abdominalis,Calanoid copepod,2018_hdo_surface,hdo,beach_seine,2018-08-23,2018-08-23,2018,surface,3,edna_hdo_30,repeat-surface,biological,NA,NA,NA,NA,NA,NA,4.8,875,0,51.6551346,-128.1292625,mud,n,320,p,seagrass,zostera,seagrass_mud,zostera_mud,100,1.96163e-160,313,Metazoa,Arthropoda,Copepoda,Calanoida,Centropagidae,Centropages,0,0,TRUE,ASV143,11,Centropages abdominalis
edna0123,ASV258,motu228,Lensia,Siphonophore,genus,1,1,NA,NA,74,149,NA,NA,NA,NA,NA,Lensia,Siphonophore,2018_hdo_surface,hdo,beach_seine,2018-08-23,2018-08-23,2018,surface,3,edna_hdo_30,repeat-surface,biological,NA,NA,NA,NA,NA,NA,4.8,875,0,51.6551346,-128.1292625,mud,n,320,p,seagrass,zostera,seagrass_mud,zostera_mud,100,0.00408744,30,Metazoa,Cnidaria,Cnidaria,Siphonophorae,Diphyidae,Lensia,0,0,TRUE,ASV258,1,NA
edna0123,ASV131,motu117,Lensia,Siphonophore,genus,1,1,1,1,67,148,43,112,NA,NA,230,Lensia,Siphonophore,2018_hdo_surface,hdo,beach_seine,2018-08-23,2018-08-23,2018,surface,3,edna_hdo_30,repeat-surface,biological,NA,NA,NA,NA,NA,NA,4.8,875,0,51.6551346,-128.1292625,mud,n,320,p,seagrass,zostera,seagrass_mud,zostera_mud,100,0.00408744,30,Metazoa,Cnidaria,Cnidaria,Siphonophorae,Diphyidae,Lensia,0,0,TRUE,ASV131,2,NA
edna0123,ASV280,motu190,Mytilus,Mussel species,genus,1,1,1,1,34,52,26,61,68,NA,43,Mytilus trossulus,Bay mussel,2018_hdo_surface,hdo,beach_seine,2018-08-23,2018-08-23,2018,surface,3,edna_hdo_30,repeat-surface,biological,NA,NA,NA,NA,NA,NA,4.8,875,0,51.6551346,-128.1292625,mud,n,320,p,seagrass,zostera,seagrass_mud,zostera_mud,100,3.2351099999999996e-158,309,Metazoa,Mollusca,Mollusca,Mytilida,Mytilidae,Mytilus,0,0,TRUE,ASV216,23,NA
edna0123,ASV270,motu199,Mytilus,Mussel species,genus,1,1,NA,1,46,76,NA,59,63,NA,44,Mytilus trossulus,Bay mussel,2018_hdo_surface,hdo,beach_seine,2018-08-23,2018-08-23,2018,surface,3,edna_hdo_30,repeat-surface,biological,NA,NA,NA,NA,NA,NA,4.8,875,0,51.6551346,-128.1292625,mud,n,320,p,seagrass,zostera,seagrass_mud,zostera_mud,100,3.2351099999999996e-158,309,Metazoa,Mollusca,Mollusca,Mytilida,Mytilidae,Mytilus,0,0,TRUE,ASV226,18,NA
edna0123,ASV324,motu285,Paracalanus parvus parvus,Calanoid copepod,species,1,1,NA,1,27,57,NA,182,186,NA,74,Paracalanus parvus parvus,Calanoid copepod,2018_hdo_surface,hdo,beach_seine,2018-08-23,2018-08-23,2018,surface,3,edna_hdo_30,repeat-surface,biological,NA,NA,NA,NA,NA,NA,4.8,875,0,51.6551346,-128.1292625,mud,n,320,p,seagrass,zostera,seagrass_mud,zostera_mud,100,1.17454e-132,263,Metazoa,Arthropoda,Copepoda,Calanoida,Paracalanidae,Paracalanus,0,0,TRUE,ASV324,6,Paracalanus parvus parvus
edna0123,ASV308,motu270,Synchaeta baltica,Rotifer,species,1,1,1,1,198,299,119,383,305,NA,123,Synchaeta baltica,Rotifer,2018_hdo_surface,hdo,beach_seine,2018-08-23,2018-08-23,2018,surface,3,edna_hdo_30,repeat-surface,biological,NA,NA,NA,NA,NA,NA,4.8,875,0,51.6551346,-128.1292625,mud,n,320,p,seagrass,zostera,seagrass_mud,zostera_mud,90.79,3.5361899999999996e-113,228,Metazoa,Rotifera,Eurotatoria,Ploima,Synchaetidae,Synchaeta,0,0,TRUE,ASV308,3,Synchaeta baltica
edna0123,ASV536,motu470,Paracalanus parvus parvus,Calanoid copepod,species,1,1,NA,NA,22,32,NA,NA,NA,NA,NA,Paracalanus parvus parvus,Calanoid copepod,2018_hdo_surface,hdo,beach_seine,2018-08-23,2018-08-23,2018,surface,3,edna_hdo_30,repeat-surface,biological,NA,NA,NA,NA,NA,NA,4.8,875,0,51.6551346,-128.1292625,mud,n,320,p,seagrass,zostera,seagrass_mud,zostera_mud,100,1.17454e-132,263,Metazoa,Arthropoda,Copepoda,Calanoida,Paracalanidae,Paracalanus,0,0,TRUE,ASV536,6,Paracalanus parvus parvus
edna0123,ASV328,motu288,Synchaeta baltica,Rotifer,species,1,1,1,1,157,279,96,367,300,NA,142,Synchaeta baltica,Rotifer,2018_hdo_surface,hdo,beach_seine,2018-08-23,2018-08-23,2018,surface,3,edna_hdo_30,repeat-surface,biological,NA,NA,NA,NA,NA,NA,4.8,875,0,51.6551346,-128.1292625,mud,n,320,p,seagrass,zostera,seagrass_mud,zostera_mud,90.79,3.5361899999999996e-113,228,Metazoa,Rotifera,Eurotatoria,Ploima,Synchaetidae,Synchaeta,0,0,TRUE,ASV328,3,Synchaeta baltica
edna0123,ASV352,motu311,Synchaeta vorax,Rotifer,species,1,1,1,1,11,24,10,31,32,NA,24,Synchaeta vorax,Rotifer,2018_hdo_surface,hdo,beach_seine,2018-08-23,2018-08-23,2018,surface,3,edna_hdo_30,repeat-surface,biological,NA,NA,NA,NA,NA,NA,4.8,875,0,51.6551346,-128.1292625,mud,n,320,p,seagrass,zostera,seagrass_mud,zostera_mud,98.08,7.129989999999999e-150,294,Metazoa,Rotifera,Eurotatoria,Ploima,Synchaetidae,Synchaeta,0,0,TRUE,ASV352,4,Synchaeta vorax
edna0123,ASV312,motu274,Synchaeta baltica,Rotifer,species,1,1,1,1,97,164,65,194,196,NA,84,Synchaeta baltica,Rotifer,2018_hdo_surface,hdo,beach_seine,2018-08-23,2018-08-23,2018,surface,3,edna_hdo_30,repeat-surface,biological,NA,NA,NA,NA,NA,NA,4.8,875,0,51.6551346,-128.1292625,mud,n,320,p,seagrass,zostera,seagrass_mud,zostera_mud,90.45,5.9173e-111,224,Metazoa,Rotifera,Eurotatoria,Ploima,Synchaetidae,Synchaeta,0,0,TRUE,ASV312,1,Synchaeta baltica
edna0123,ASV417,motu213,Balanus glandula,Acorn barnacle,species,1,1,1,1,23,43,19,92,71,NA,62,Balanus glandula,Acorn barnacle,2018_hdo_surface,hdo,beach_seine,2018-08-23,2018-08-23,2018,surface,3,edna_hdo_30,repeat-surface,biological,NA,NA,NA,NA,NA,NA,4.8,875,0,51.6551346,-128.1292625,mud,n,320,p,seagrass,zostera,seagrass_mud,zostera_mud,99.68,1.5051499999999994e-156,306,Metazoa,Arthropoda,Thecostraca,Balanomorpha,Balanidae,Balanus,0,0,TRUE,ASV242,15,Balanus glandula
edna0123,ASV346,motu306,Synchaeta vorax,Rotifer,species,1,1,1,1,12,18,14,29,37,NA,42,Synchaeta vorax,Rotifer,2018_hdo_surface,hdo,beach_seine,2018-08-23,2018-08-23,2018,surface,3,edna_hdo_30,repeat-surface,biological,NA,NA,NA,NA,NA,NA,4.8,875,0,51.6551346,-128.1292625,mud,n,320,p,seagrass,zostera,seagrass_mud,zostera_mud,98.08,7.129989999999999e-150,294,Metazoa,Rotifera,Eurotatoria,Ploima,Synchaetidae,Synchaeta,0,0,TRUE,ASV346,5,Synchaeta vorax
edna0123,ASV760,motu394,Balanus glandula,Acorn barnacle,species,1,1,NA,NA,40,62,NA,NA,NA,NA,NA,Balanus glandula,Acorn barnacle,2018_hdo_surface,hdo,beach_seine,2018-08-23,2018-08-23,2018,surface,3,edna_hdo_30,repeat-surface,biological,NA,NA,NA,NA,NA,NA,4.8,875,0,51.6551346,-128.1292625,mud,n,320,p,seagrass,zostera,seagrass_mud,zostera_mud,99.68,1.5051499999999994e-156,306,Metazoa,Arthropoda,Thecostraca,Balanomorpha,Balanidae,Balanus,0,0,TRUE,ASV447,12,Balanus glandula
edna0123,ASV525,motu461,Chthamalus dalli,Little brown barnacle,species,1,NA,NA,NA,15,NA,NA,NA,NA,NA,NA,Chthamalus dalli,Little brown barnacle,2018_hdo_surface,hdo,beach_seine,2018-08-23,2018-08-23,2018,surface,3,edna_hdo_30,repeat-surface,biological,NA,NA,NA,NA,NA,NA,4.8,875,0,51.6551346,-128.1292625,mud,n,320,p,seagrass,zostera,seagrass_mud,zostera_mud,99.04,7.1053799999999944e-155,303,Metazoa,Arthropoda,Thecostraca,Balanomorpha,Chthamalidae,Chthamalus,0,0,TRUE,ASV525,2,Chthamalus dalli
edna0123,ASV356,motu315,Synchaeta baltica,Rotifer,species,1,1,1,1,84,147,45,182,142,NA,60,Synchaeta baltica,Rotifer,2018_hdo_surface,hdo,beach_seine,2018-08-23,2018-08-23,2018,surface,3,edna_hdo_30,repeat-surface,biological,NA,NA,NA,NA,NA,NA,4.8,875,0,51.6551346,-128.1292625,mud,n,320,p,seagrass,zostera,seagrass_mud,zostera_mud,90.45,5.9173e-111,224,Metazoa,Rotifera,Eurotatoria,Ploima,Synchaetidae,Synchaeta,0,0,TRUE,ASV356,1,Synchaeta baltica
edna0123,ASV1289,motu1091,Chthamalus dalli,Little brown barnacle,species,1,NA,NA,NA,17,NA,NA,NA,NA,NA,NA,Chthamalus dalli,Little brown barnacle,2018_hdo_surface,hdo,beach_seine,2018-08-23,2018-08-23,2018,surface,3,edna_hdo_30,repeat-surface,biological,NA,NA,NA,NA,NA,NA,4.8,875,0,51.6551346,-128.1292625,mud,n,320,p,seagrass,zostera,seagrass_mud,zostera_mud,99.34,5.31212e-151,296,Metazoa,Arthropoda,Thecostraca,Balanomorpha,Chthamalidae,Chthamalus,0,0,TRUE,ASV1289,3,Chthamalus dalli
edna0123,ASV689,motu600,Synchaeta baltica,Rotifer,species,1,1,1,1,33,69,23,69,80,NA,44,Synchaeta baltica,Rotifer,2018_hdo_surface,hdo,beach_seine,2018-08-23,2018-08-23,2018,surface,3,edna_hdo_30,repeat-surface,biological,NA,NA,NA,NA,NA,NA,4.8,875,0,51.6551346,-128.1292625,mud,n,320,p,seagrass,zostera,seagrass_mud,zostera_mud,90.76,1.27184e-112,227,Metazoa,Rotifera,Eurotatoria,Ploima,Synchaetidae,Synchaeta,0,0,TRUE,ASV689,1,Synchaeta baltica
edna0123,ASV737,motu641,Synchaeta baltica,Rotifer,species,1,1,1,1,46,56,18,84,66,NA,29,Synchaeta baltica,Rotifer,2018_hdo_surface,hdo,beach_seine,2018-08-23,2018-08-23,2018,surface,3,edna_hdo_30,repeat-surface,biological,NA,NA,NA,NA,NA,NA,4.8,875,0,51.6551346,-128.1292625,mud,n,320,p,seagrass,zostera,seagrass_mud,zostera_mud,90.76,1.27184e-112,227,Metazoa,Rotifera,Eurotatoria,Ploima,Synchaetidae,Synchaeta,0,0,TRUE,ASV737,1,Synchaeta baltica
edna0123,ASV937,motu814,Synchaeta baltica,Rotifer,species,1,1,1,1,17,28,13,38,31,NA,13,Synchaeta baltica,Rotifer,2018_hdo_surface,hdo,beach_seine,2018-08-23,2018-08-23,2018,surface,3,edna_hdo_30,repeat-surface,biological,NA,NA,NA,NA,NA,NA,4.8,875,0,51.6551346,-128.1292625,mud,n,320,p,seagrass,zostera,seagrass_mud,zostera_mud,90.76,1.27184e-112,227,Metazoa,Rotifera,Eurotatoria,Ploima,Synchaetidae,Synchaeta,0,0,TRUE,ASV937,1,Synchaeta baltica
edna0123,ASV1742,motu1454,Micropodarke dubia,Hesionid polychaete,species,1,1,NA,NA,7,8,NA,NA,NA,NA,NA,Micropodarke dubia,Hesionid polychaete,2018_hdo_surface,hdo,beach_seine,2018-08-23,2018-08-23,2018,surface,3,edna_hdo_30,repeat-surface,biological,NA,NA,NA,NA,NA,NA,4.8,875,0,51.6551346,-128.1292625,mud,n,320,p,seagrass,zostera,seagrass_mud,zostera_mud,100,1.96163e-160,313,Metazoa,Annelida,Polychaeta,Phyllodocida,Hesionidae,Micropodarke,0,0,TRUE,ASV1742,2,Micropodarke dubia
edna0123,ASV2426,motu1978,Paleanotus bellis,Golden petal worm,species,1,1,NA,NA,8,7,NA,NA,NA,NA,NA,Paleanotus bellis,Golden petal worm,2018_hdo_surface,hdo,beach_seine,2018-08-23,2018-08-23,2018,surface,3,edna_hdo_30,repeat-surface,biological,NA,NA,NA,NA,NA,NA,4.8,875,0,51.6551346,-128.1292625,mud,n,320,p,seagrass,zostera,seagrass_mud,zostera_mud,100,3.2351099999999996e-158,309,Metazoa,Annelida,Polychaeta,Phyllodocida,Chrysopetalidae,Paleanotus,0,0,TRUE,ASV2426,2,Paleanotus bellis
edna0123,ASV1654,motu1388,Paleanotus bellis,Golden petal worm,species,1,1,NA,1,6,8,NA,16,6,NA,9,Paleanotus bellis,Golden petal worm,2018_hdo_surface,hdo,beach_seine,2018-08-23,2018-08-23,2018,surface,3,edna_hdo_30,repeat-surface,biological,NA,NA,NA,NA,NA,NA,4.8,875,0,51.6551346,-128.1292625,mud,n,320,p,seagrass,zostera,seagrass_mud,zostera_mud,100,3.2351099999999996e-158,309,Metazoa,Annelida,Polychaeta,Phyllodocida,Chrysopetalidae,Paleanotus,0,0,TRUE,ASV1654,4,Paleanotus bellis
edna0123,ASV1923,motu1600,Nudibranchia,Nudibranch species,order,1,1,1,1,12,25,8,12,13,NA,35,Nudibranchia,Nudibranch species,2018_hdo_surface,hdo,beach_seine,2018-08-23,2018-08-23,2018,surface,3,edna_hdo_30,repeat-surface,biological,NA,NA,NA,NA,NA,NA,4.8,875,0,51.6551346,-128.1292625,mud,n,320,p,seagrass,zostera,seagrass_mud,zostera_mud,100,1.96163e-160,313,Metazoa,Mollusca,Mollusca,Nudibranchia,NA,NA,0,0,TRUE,ASV1923,1,NA
edna0123,ASV3221,motu2578,Nudibranchia,Nudibranch species,order,1,1,NA,NA,8,25,NA,NA,NA,NA,NA,Nudibranchia,Nudibranch species,2018_hdo_surface,hdo,beach_seine,2018-08-23,2018-08-23,2018,surface,3,edna_hdo_30,repeat-surface,biological,NA,NA,NA,NA,NA,NA,4.8,875,0,51.6551346,-128.1292625,mud,n,320,p,seagrass,zostera,seagrass_mud,zostera_mud,100,1.96163e-160,313,Metazoa,Mollusca,Mollusca,Nudibranchia,NA,NA,0,0,TRUE,ASV3221,1,NA
edna0123,ASV3171,motu2538,Semibalanus balanoides,Common rock barnacle,species,1,NA,NA,NA,5,NA,NA,NA,NA,NA,NA,Semibalanus balanoides,Common rock barnacle,2018_hdo_surface,hdo,beach_seine,2018-08-23,2018-08-23,2018,surface,3,edna_hdo_30,repeat-surface,biological,NA,NA,NA,NA,NA,NA,4.8,875,0,51.6551346,-128.1292625,mud,n,320,p,seagrass,zostera,seagrass_mud,zostera_mud,100,1.96163e-160,313,Metazoa,Arthropoda,Thecostraca,Balanomorpha,Balanidae,Semibalanus,0,0,TRUE,ASV3171,1,Semibalanus balanoides
edna0123,ASV3598,motu2849,Balanus glandula,Acorn barnacle,species,1,1,NA,NA,28,66,NA,NA,NA,NA,NA,Balanus glandula,Acorn barnacle,2018_hdo_surface,hdo,beach_seine,2018-08-23,2018-08-23,2018,surface,3,edna_hdo_30,repeat-surface,biological,NA,NA,NA,NA,NA,NA,4.8,875,0,51.6551346,-128.1292625,mud,n,320,p,seagrass,zostera,seagrass_mud,zostera_mud,99.35,7.002779999999996e-155,303,Metazoa,Arthropoda,Thecostraca,Balanomorpha,Balanidae,Balanus,0,0,TRUE,ASV3598,1,Balanus glandula
edna0123,ASV2757,motu2230,Diplostomida,Flatworm,order,1,NA,NA,NA,3,NA,NA,NA,NA,NA,NA,Diplostomida,Flatworm,2018_hdo_surface,hdo,beach_seine,2018-08-23,2018-08-23,2018,surface,3,edna_hdo_30,repeat-surface,biological,NA,NA,NA,NA,NA,NA,4.8,875,0,51.6551346,-128.1292625,mud,n,320,p,seagrass,zostera,seagrass_mud,zostera_mud,96.88,0.0144888,29,Metazoa,Platyhelminthes,Platyhelminthes,Diplostomida,NA,NA,0,0,TRUE,ASV2757,1,NA
edna0123,ASV3148,motu2526,Cardiida,Mussel species,order,1,NA,NA,NA,2,NA,NA,NA,NA,NA,NA,Cardiida,Mussel species,2018_hdo_surface,hdo,beach_seine,2018-08-23,2018-08-23,2018,surface,3,edna_hdo_30,repeat-surface,biological,NA,NA,NA,NA,NA,NA,4.8,875,0,51.6551346,-128.1292625,mud,n,320,p,seagrass,zostera,seagrass_mud,zostera_mud,100,0.0374129,28,Metazoa,Mollusca,Mollusca,Cardiida,NA,NA,0,0,TRUE,ASV3148,1,NA
edna0124,ASV34,motu31,Centropages abdominalis,Calanoid copepod,species,1,1,NA,1,4,6,NA,NA,5,NA,4,Centropages abdominalis,Calanoid copepod,2018_ppo_surface,ppo,beach_seine,2018-08-23,2018-08-23,2018,surface,1,edna_ppo_00,repeat-surface,biological,NA,NA,NA,NA,NA,NA,5.1,725,0,51.65821943,-128.113325,mud,n,100,p,seagrass,zostera,seagrass_mud,zostera_mud,100,1.96163e-160,313,Metazoa,Arthropoda,Copepoda,Calanoida,Centropagidae,Centropages,0,0,TRUE,ASV34,19,Centropages abdominalis
edna0124,ASV143,motu128,Centropages abdominalis,Calanoid copepod,species,1,1,NA,NA,4,3,NA,NA,NA,NA,NA,Centropages abdominalis,Calanoid copepod,2018_ppo_surface,ppo,beach_seine,2018-08-23,2018-08-23,2018,surface,1,edna_ppo_00,repeat-surface,biological,NA,NA,NA,NA,NA,NA,5.1,725,0,51.65821943,-128.113325,mud,n,100,p,seagrass,zostera,seagrass_mud,zostera_mud,100,1.96163e-160,313,Metazoa,Arthropoda,Copepoda,Calanoida,Centropagidae,Centropages,0,0,TRUE,ASV143,11,Centropages abdominalis
edna0124,ASV258,motu228,Lensia,Siphonophore,genus,1,1,NA,NA,48,132,NA,NA,NA,NA,NA,Lensia,Siphonophore,2018_ppo_surface,ppo,beach_seine,2018-08-23,2018-08-23,2018,surface,1,edna_ppo_00,repeat-surface,biological,NA,NA,NA,NA,NA,NA,5.1,725,0,51.65821943,-128.113325,mud,n,100,p,seagrass,zostera,seagrass_mud,zostera_mud,100,0.00408744,30,Metazoa,Cnidaria,Cnidaria,Siphonophorae,Diphyidae,Lensia,0,0,TRUE,ASV258,1,NA
edna0124,ASV131,motu117,Lensia,Siphonophore,genus,1,1,1,1,54,99,37,50,64,NA,151,Lensia,Siphonophore,2018_ppo_surface,ppo,beach_seine,2018-08-23,2018-08-23,2018,surface,1,edna_ppo_00,repeat-surface,biological,NA,NA,NA,NA,NA,NA,5.1,725,0,51.65821943,-128.113325,mud,n,100,p,seagrass,zostera,seagrass_mud,zostera_mud,100,0.00408744,30,Metazoa,Cnidaria,Cnidaria,Siphonophorae,Diphyidae,Lensia,0,0,TRUE,ASV131,2,NA
edna0124,ASV280,motu190,Mytilus,Mussel species,genus,1,1,NA,1,13,38,NA,12,40,NA,NA,Mytilus trossulus,Bay mussel,2018_ppo_surface,ppo,beach_seine,2018-08-23,2018-08-23,2018,surface,1,edna_ppo_00,repeat-surface,biological,NA,NA,NA,NA,NA,NA,5.1,725,0,51.65821943,-128.113325,mud,n,100,p,seagrass,zostera,seagrass_mud,zostera_mud,100,3.2351099999999996e-158,309,Metazoa,Mollusca,Mollusca,Mytilida,Mytilidae,Mytilus,0,0,TRUE,ASV216,23,NA
edna0124,ASV324,motu285,Paracalanus parvus parvus,Calanoid copepod,species,1,1,NA,1,9,22,NA,19,29,NA,NA,Paracalanus parvus parvus,Calanoid copepod,2018_ppo_surface,ppo,beach_seine,2018-08-23,2018-08-23,2018,surface,1,edna_ppo_00,repeat-surface,biological,NA,NA,NA,NA,NA,NA,5.1,725,0,51.65821943,-128.113325,mud,n,100,p,seagrass,zostera,seagrass_mud,zostera_mud,100,1.17454e-132,263,Metazoa,Arthropoda,Copepoda,Calanoida,Paracalanidae,Paracalanus,0,0,TRUE,ASV324,6,Paracalanus parvus parvus
edna0124,ASV536,motu470,Paracalanus parvus parvus,Calanoid copepod,species,1,1,NA,NA,14,28,NA,NA,NA,NA,NA,Paracalanus parvus parvus,Calanoid copepod,2018_ppo_surface,ppo,beach_seine,2018-08-23,2018-08-23,2018,surface,1,edna_ppo_00,repeat-surface,biological,NA,NA,NA,NA,NA,NA,5.1,725,0,51.65821943,-128.113325,mud,n,100,p,seagrass,zostera,seagrass_mud,zostera_mud,100,1.17454e-132,263,Metazoa,Arthropoda,Copepoda,Calanoida,Paracalanidae,Paracalanus,0,0,TRUE,ASV536,6,Paracalanus parvus parvus
edna0124,ASV328,motu288,Synchaeta baltica,Rotifer,species,1,1,NA,1,23,38,NA,NA,53,NA,24,Synchaeta baltica,Rotifer,2018_ppo_surface,ppo,beach_seine,2018-08-23,2018-08-23,2018,surface,1,edna_ppo_00,repeat-surface,biological,NA,NA,NA,NA,NA,NA,5.1,725,0,51.65821943,-128.113325,mud,n,100,p,seagrass,zostera,seagrass_mud,zostera_mud,90.79,3.5361899999999996e-113,228,Metazoa,Rotifera,Eurotatoria,Ploima,Synchaetidae,Synchaeta,0,0,TRUE,ASV328,3,Synchaeta baltica
edna0124,ASV623,motu543,Balanus,Barnacle species,genus,1,1,1,1,43,57,26,NA,50,NA,NA,Balanus,Barnacle species,2018_ppo_surface,ppo,beach_seine,2018-08-23,2018-08-23,2018,surface,1,edna_ppo_00,repeat-surface,biological,NA,NA,NA,NA,NA,NA,5.1,725,0,51.65821943,-128.113325,mud,n,100,p,seagrass,zostera,seagrass_mud,zostera_mud,100,1.4886099999999998e-156,306,Metazoa,Arthropoda,Arthropoda,Balanomorpha,Balanidae,Balanus,0,0,TRUE,ASV623,7,NA
edna0124,ASV1095,motu942,Balanus,Barnacle species,genus,1,1,NA,NA,36,39,NA,NA,NA,NA,NA,Balanus,Barnacle species,2018_ppo_surface,ppo,beach_seine,2018-08-23,2018-08-23,2018,surface,1,edna_ppo_00,repeat-surface,biological,NA,NA,NA,NA,NA,NA,5.1,725,0,51.65821943,-128.113325,mud,n,100,p,seagrass,zostera,seagrass_mud,zostera_mud,100,1.4886099999999998e-156,306,Metazoa,Arthropoda,Arthropoda,Balanomorpha,Balanidae,Balanus,0,0,TRUE,ASV1095,4,NA
edna0124,ASV2228,motu1836,Saxidomus nuttalli,California butterclam,species,1,1,NA,NA,7,12,NA,NA,NA,NA,NA,Saxidomus nuttalli,California butterclam,2018_ppo_surface,ppo,beach_seine,2018-08-23,2018-08-23,2018,surface,1,edna_ppo_00,repeat-surface,biological,NA,NA,NA,NA,NA,NA,5.1,725,0,51.65821943,-128.113325,mud,n,100,p,seagrass,zostera,seagrass_mud,zostera_mud,99.68,4.246189999999999e-157,307,Metazoa,Mollusca,Bivalvia,Venerida,Veneridae,Saxidomus,0,0,TRUE,ASV2228,1,Saxidomus nuttalli
edna0124,ASV2814,motu2275,Synchaeta grimpei,Rotifer,species,1,1,1,1,7,8,4,5,14,NA,NA,Synchaeta grimpei,Rotifer,2018_ppo_surface,ppo,beach_seine,2018-08-23,2018-08-23,2018,surface,1,edna_ppo_00,repeat-surface,biological,NA,NA,NA,NA,NA,NA,5.1,725,0,51.65821943,-128.113325,mud,n,100,p,seagrass,zostera,seagrass_mud,zostera_mud,90.46,4.491659999999999e-107,217,Metazoa,Rotifera,Eurotatoria,Ploima,Synchaetidae,Synchaeta,0,0,TRUE,ASV2814,1,Synchaeta grimpei
edna0125,ASV258,motu228,Lensia,Siphonophore,genus,1,1,NA,NA,39,99,NA,NA,NA,NA,NA,Lensia,Siphonophore,2018_ppo_surface,ppo,beach_seine,2018-08-23,2018-08-23,2018,surface,2,edna_ppo_15,repeat-surface,biological,15.5,26.35,8.4,12.2,31.92,8,6.1,900,0,51.65810573,-128.1131937,mud,n,100,p,seagrass,zostera,seagrass_mud,zostera_mud,100,0.00408744,30,Metazoa,Cnidaria,Cnidaria,Siphonophorae,Diphyidae,Lensia,0,0,TRUE,ASV258,1,NA
edna0125,ASV131,motu117,Lensia,Siphonophore,genus,1,1,1,1,43,76,44,56,60,NA,59,Lensia,Siphonophore,2018_ppo_surface,ppo,beach_seine,2018-08-23,2018-08-23,2018,surface,2,edna_ppo_15,repeat-surface,biological,15.5,26.35,8.4,12.2,31.92,8,6.1,900,0,51.65810573,-128.1131937,mud,n,100,p,seagrass,zostera,seagrass_mud,zostera_mud,100,0.00408744,30,Metazoa,Cnidaria,Cnidaria,Siphonophorae,Diphyidae,Lensia,0,0,TRUE,ASV131,2,NA
edna0125,ASV226,motu199,Mytilus trossulus,Bay mussel,species,1,1,1,1,26,55,25,53,NA,NA,74,Mytilus trossulus,Bay mussel,2018_ppo_surface,ppo,beach_seine,2018-08-23,2018-08-23,2018,surface,2,edna_ppo_15,repeat-surface,biological,15.5,26.35,8.4,12.2,31.92,8,6.1,900,0,51.65810573,-128.1131937,mud,n,100,p,seagrass,zostera,seagrass_mud,zostera_mud,100,3.2351099999999996e-158,309,Metazoa,Mollusca,Mollusca,Mytilida,Mytilidae,Mytilus,0,0,TRUE,ASV226,18,Mytilus trossulus
edna0125,ASV216,motu190,Mytilus trossulus,Bay mussel,species,1,1,1,1,23,43,23,67,37,NA,NA,Mytilus trossulus,Bay mussel,2018_ppo_surface,ppo,beach_seine,2018-08-23,2018-08-23,2018,surface,2,edna_ppo_15,repeat-surface,biological,15.5,26.35,8.4,12.2,31.92,8,6.1,900,0,51.65810573,-128.1131937,mud,n,100,p,seagrass,zostera,seagrass_mud,zostera_mud,100,3.2351099999999996e-158,309,Metazoa,Mollusca,Mollusca,Mytilida,Mytilidae,Mytilus,0,0,TRUE,ASV216,23,Mytilus trossulus
edna0125,ASV324,motu285,Paracalanus parvus parvus,Calanoid copepod,species,1,1,1,1,37,83,28,NA,44,NA,27,Paracalanus parvus parvus,Calanoid copepod,2018_ppo_surface,ppo,beach_seine,2018-08-23,2018-08-23,2018,surface,2,edna_ppo_15,repeat-surface,biological,15.5,26.35,8.4,12.2,31.92,8,6.1,900,0,51.65810573,-128.1131937,mud,n,100,p,seagrass,zostera,seagrass_mud,zostera_mud,100,1.17454e-132,263,Metazoa,Arthropoda,Copepoda,Calanoida,Paracalanidae,Paracalanus,0,0,TRUE,ASV324,6,Paracalanus parvus parvus
edna0125,ASV308,motu270,Synchaeta baltica,Rotifer,species,1,1,1,1,25,56,18,39,38,NA,46,Synchaeta baltica,Rotifer,2018_ppo_surface,ppo,beach_seine,2018-08-23,2018-08-23,2018,surface,2,edna_ppo_15,repeat-surface,biological,15.5,26.35,8.4,12.2,31.92,8,6.1,900,0,51.65810573,-128.1131937,mud,n,100,p,seagrass,zostera,seagrass_mud,zostera_mud,90.79,3.5361899999999996e-113,228,Metazoa,Rotifera,Eurotatoria,Ploima,Synchaetidae,Synchaeta,0,0,TRUE,ASV308,3,Synchaeta baltica
edna0125,ASV536,motu470,Paracalanus parvus parvus,Calanoid copepod,species,1,1,NA,NA,27,61,NA,NA,NA,NA,NA,Paracalanus parvus parvus,Calanoid copepod,2018_ppo_surface,ppo,beach_seine,2018-08-23,2018-08-23,2018,surface,2,edna_ppo_15,repeat-surface,biological,15.5,26.35,8.4,12.2,31.92,8,6.1,900,0,51.65810573,-128.1131937,mud,n,100,p,seagrass,zostera,seagrass_mud,zostera_mud,100,1.17454e-132,263,Metazoa,Arthropoda,Copepoda,Calanoida,Paracalanidae,Paracalanus,0,0,TRUE,ASV536,6,Paracalanus parvus parvus
edna0125,ASV328,motu288,Synchaeta baltica,Rotifer,species,1,1,1,1,31,54,20,41,49,NA,31,Synchaeta baltica,Rotifer,2018_ppo_surface,ppo,beach_seine,2018-08-23,2018-08-23,2018,surface,2,edna_ppo_15,repeat-surface,biological,15.5,26.35,8.4,12.2,31.92,8,6.1,900,0,51.65810573,-128.1131937,mud,n,100,p,seagrass,zostera,seagrass_mud,zostera_mud,90.79,3.5361899999999996e-113,228,Metazoa,Rotifera,Eurotatoria,Ploima,Synchaetidae,Synchaeta,0,0,TRUE,ASV328,3,Synchaeta baltica
edna0125,ASV744,motu648,Evasterias troschelii,False ochre star,species,1,NA,NA,NA,5,NA,NA,NA,NA,NA,NA,Evasterias troschelii,False ochre star,2018_ppo_surface,ppo,beach_seine,2018-08-23,2018-08-23,2018,surface,2,edna_ppo_15,repeat-surface,biological,15.5,26.35,8.4,12.2,31.92,8,6.1,900,0,51.65810573,-128.1131937,mud,n,100,p,seagrass,zostera,seagrass_mud,zostera_mud,100,1.96163e-160,313,Metazoa,Echinodermata,Asteroidea,Forcipulatida,Asteriidae,Evasterias,0,0,TRUE,ASV744,1,Evasterias troschelii
edna0125,ASV623,motu543,Balanus,Barnacle species,genus,1,1,1,1,16,57,14,NA,45,NA,44,Balanus,Barnacle species,2018_ppo_surface,ppo,beach_seine,2018-08-23,2018-08-23,2018,surface,2,edna_ppo_15,repeat-surface,biological,15.5,26.35,8.4,12.2,31.92,8,6.1,900,0,51.65810573,-128.1131937,mud,n,100,p,seagrass,zostera,seagrass_mud,zostera_mud,100,1.4886099999999998e-156,306,Metazoa,Arthropoda,Arthropoda,Balanomorpha,Balanidae,Balanus,0,0,TRUE,ASV623,7,NA
edna0125,ASV1095,motu942,Balanus,Barnacle species,genus,1,1,NA,NA,33,70,NA,NA,NA,NA,NA,Balanus,Barnacle species,2018_ppo_surface,ppo,beach_seine,2018-08-23,2018-08-23,2018,surface,2,edna_ppo_15,repeat-surface,biological,15.5,26.35,8.4,12.2,31.92,8,6.1,900,0,51.65810573,-128.1131937,mud,n,100,p,seagrass,zostera,seagrass_mud,zostera_mud,100,1.4886099999999998e-156,306,Metazoa,Arthropoda,Arthropoda,Balanomorpha,Balanidae,Balanus,0,0,TRUE,ASV1095,4,NA
edna0125,ASV937,motu814,Synchaeta baltica,Rotifer,species,1,1,1,1,28,35,12,27,40,NA,36,Synchaeta baltica,Rotifer,2018_ppo_surface,ppo,beach_seine,2018-08-23,2018-08-23,2018,surface,2,edna_ppo_15,repeat-surface,biological,15.5,26.35,8.4,12.2,31.92,8,6.1,900,0,51.65810573,-128.1131937,mud,n,100,p,seagrass,zostera,seagrass_mud,zostera_mud,90.76,1.27184e-112,227,Metazoa,Rotifera,Eurotatoria,Ploima,Synchaetidae,Synchaeta,0,0,TRUE,ASV937,1,Synchaeta baltica
edna0125,ASV1497,motu1264,Balanus glandula,Acorn barnacle,species,1,1,NA,1,99,167,NA,147,NA,NA,226,Balanus glandula,Acorn barnacle,2018_ppo_surface,ppo,beach_seine,2018-08-23,2018-08-23,2018,surface,2,edna_ppo_15,repeat-surface,biological,15.5,26.35,8.4,12.2,31.92,8,6.1,900,0,51.65810573,-128.1131937,mud,n,100,p,seagrass,zostera,seagrass_mud,zostera_mud,100,1.96163e-160,313,Metazoa,Arthropoda,Thecostraca,Balanomorpha,Balanidae,Balanus,0,0,TRUE,ASV1497,1,Balanus glandula
edna0125,ASV1042,motu899,Synchaeta baltica,Rotifer,species,1,1,1,1,17,35,15,34,45,NA,29,Synchaeta baltica,Rotifer,2018_ppo_surface,ppo,beach_seine,2018-08-23,2018-08-23,2018,surface,2,edna_ppo_15,repeat-surface,biological,15.5,26.35,8.4,12.2,31.92,8,6.1,900,0,51.65810573,-128.1131937,mud,n,100,p,seagrass,zostera,seagrass_mud,zostera_mud,90.76,1.27184e-112,227,Metazoa,Rotifera,Eurotatoria,Ploima,Synchaetidae,Synchaeta,0,0,TRUE,ASV1042,1,Synchaeta baltica
edna0125,ASV1791,motu1494,Saxidomus nuttalli,California butterclam,species,1,1,NA,NA,6,12,NA,NA,NA,NA,NA,Saxidomus nuttalli,California butterclam,2018_ppo_surface,ppo,beach_seine,2018-08-23,2018-08-23,2018,surface,2,edna_ppo_15,repeat-surface,biological,15.5,26.35,8.4,12.2,31.92,8,6.1,900,0,51.65810573,-128.1131937,mud,n,100,p,seagrass,zostera,seagrass_mud,zostera_mud,99.68,4.246189999999999e-157,307,Metazoa,Mollusca,Bivalvia,Venerida,Veneridae,Saxidomus,0,0,TRUE,ASV1791,2,Saxidomus nuttalli
edna0125,ASV2369,motu1944,Balanus glandula,Acorn barnacle,species,1,1,NA,NA,89,162,NA,NA,NA,NA,NA,Balanus glandula,Acorn barnacle,2018_ppo_surface,ppo,beach_seine,2018-08-23,2018-08-23,2018,surface,2,edna_ppo_15,repeat-surface,biological,15.5,26.35,8.4,12.2,31.92,8,6.1,900,0,51.65810573,-128.1131937,mud,n,100,p,seagrass,zostera,seagrass_mud,zostera_mud,100,1.96163e-160,313,Metazoa,Arthropoda,Thecostraca,Balanomorpha,Balanidae,Balanus,0,0,TRUE,ASV2369,1,Balanus glandula
edna0125,ASV1570,motu1323,Pleurobrachia bachei,Pacific sea gooseberry,species,1,1,NA,1,5,4,NA,NA,12,NA,10,Pleurobrachia bachei,Pacific sea gooseberry,2018_ppo_surface,ppo,beach_seine,2018-08-23,2018-08-23,2018,surface,2,edna_ppo_15,repeat-surface,biological,15.5,26.35,8.4,12.2,31.92,8,6.1,900,0,51.65810573,-128.1131937,mud,n,100,p,seagrass,zostera,seagrass_mud,zostera_mud,99.68,9.126599999999999e-159,310,Metazoa,Ctenophora,Tentaculata,Cydippida,Cydippidae,Pleurobrachia,0,0,TRUE,ASV1570,1,Pleurobrachia bachei
edna0125,ASV3111,motu213,Balanus glandula,Acorn barnacle,species,1,1,NA,NA,53,81,NA,NA,NA,NA,NA,Balanus glandula,Acorn barnacle,2018_ppo_surface,ppo,beach_seine,2018-08-23,2018-08-23,2018,surface,2,edna_ppo_15,repeat-surface,biological,15.5,26.35,8.4,12.2,31.92,8,6.1,900,0,51.65810573,-128.1131937,mud,n,100,p,seagrass,zostera,seagrass_mud,zostera_mud,99.35,7.002779999999996e-155,303,Metazoa,Arthropoda,Thecostraca,Balanomorpha,Balanidae,Balanus,0,0,TRUE,ASV242,15,Balanus glandula
edna0125,ASV2871,motu394,Balanus glandula,Acorn barnacle,species,1,1,NA,NA,49,112,NA,NA,NA,NA,NA,Balanus glandula,Acorn barnacle,2018_ppo_surface,ppo,beach_seine,2018-08-23,2018-08-23,2018,surface,2,edna_ppo_15,repeat-surface,biological,15.5,26.35,8.4,12.2,31.92,8,6.1,900,0,51.65810573,-128.1131937,mud,n,100,p,seagrass,zostera,seagrass_mud,zostera_mud,99.35,7.002779999999996e-155,303,Metazoa,Arthropoda,Thecostraca,Balanomorpha,Balanidae,Balanus,0,0,TRUE,ASV447,12,Balanus glandula
edna0125,ASV4126,motu412,Saxidomus gigantea,Butter clam,species,1,NA,NA,1,33,NA,NA,NA,NA,NA,32,Saxidomus,Washington clam species,2018_ppo_surface,ppo,beach_seine,2018-08-23,2018-08-23,2018,surface,2,edna_ppo_15,repeat-surface,biological,15.5,26.35,8.4,12.2,31.92,8,6.1,900,0,51.65810573,-128.1131937,mud,n,100,p,seagrass,zostera,seagrass_mud,zostera_mud,99.68,9.126599999999999e-159,310,Metazoa,Mollusca,Mollusca,Venerida,Veneridae,Saxidomus,0,0,TRUE,ASV467,12,Saxidomus gigantea
edna0125,ASV3033,motu2444,Staphylinidae,Hexapod,genus,1,NA,NA,NA,5,NA,NA,NA,NA,NA,NA,Staphylinidae,Hexapod,2018_ppo_surface,ppo,beach_seine,2018-08-23,2018-08-23,2018,surface,2,edna_ppo_15,repeat-surface,biological,15.5,26.35,8.4,12.2,31.92,8,6.1,900,0,51.65810573,-128.1131937,mud,n,100,p,seagrass,zostera,seagrass_mud,zostera_mud,90.14,3.11539e-14,50,Metazoa,Arthropoda,Arthropoda,Coleoptera,Staphylinidae,Staphylinidae,NA,NA,TRUE,ASV3033,1,NA
edna0125,ASV2814,motu2275,Synchaeta grimpei,Rotifer,species,1,1,1,1,13,19,9,14,10,NA,19,Synchaeta grimpei,Rotifer,2018_ppo_surface,ppo,beach_seine,2018-08-23,2018-08-23,2018,surface,2,edna_ppo_15,repeat-surface,biological,15.5,26.35,8.4,12.2,31.92,8,6.1,900,0,51.65810573,-128.1131937,mud,n,100,p,seagrass,zostera,seagrass_mud,zostera_mud,90.46,4.491659999999999e-107,217,Metazoa,Rotifera,Eurotatoria,Ploima,Synchaetidae,Synchaeta,0,0,TRUE,ASV2814,1,Synchaeta grimpei
edna0126,ASV34,motu31,Centropages abdominalis,Calanoid copepod,species,1,1,NA,1,6,8,NA,10,30,NA,13,Centropages abdominalis,Calanoid copepod,2018_ppo_surface,ppo,beach_seine,2018-08-23,2018-08-23,2018,surface,3,edna_ppo_30,repeat-surface,biological,NA,NA,NA,NA,NA,NA,5.8,1000,0,51.65799974,-128.113112,mud,n,100,p,seagrass,zostera,seagrass_mud,zostera_mud,100,1.96163e-160,313,Metazoa,Arthropoda,Copepoda,Calanoida,Centropagidae,Centropages,0,0,TRUE,ASV34,19,Centropages abdominalis
edna0126,ASV143,motu128,Centropages abdominalis,Calanoid copepod,species,1,1,NA,NA,4,5,NA,NA,NA,NA,NA,Centropages abdominalis,Calanoid copepod,2018_ppo_surface,ppo,beach_seine,2018-08-23,2018-08-23,2018,surface,3,edna_ppo_30,repeat-surface,biological,NA,NA,NA,NA,NA,NA,5.8,1000,0,51.65799974,-128.113112,mud,n,100,p,seagrass,zostera,seagrass_mud,zostera_mud,100,1.96163e-160,313,Metazoa,Arthropoda,Copepoda,Calanoida,Centropagidae,Centropages,0,0,TRUE,ASV143,11,Centropages abdominalis
edna0126,ASV258,motu228,Lensia,Siphonophore,genus,1,1,NA,NA,46,128,NA,NA,NA,NA,NA,Lensia,Siphonophore,2018_ppo_surface,ppo,beach_seine,2018-08-23,2018-08-23,2018,surface,3,edna_ppo_30,repeat-surface,biological,NA,NA,NA,NA,NA,NA,5.8,1000,0,51.65799974,-128.113112,mud,n,100,p,seagrass,zostera,seagrass_mud,zostera_mud,100,0.00408744,30,Metazoa,Cnidaria,Cnidaria,Siphonophorae,Diphyidae,Lensia,0,0,TRUE,ASV258,1,NA
edna0126,ASV131,motu117,Lensia,Siphonophore,genus,1,1,1,1,56,112,52,39,151,NA,133,Lensia,Siphonophore,2018_ppo_surface,ppo,beach_seine,2018-08-23,2018-08-23,2018,surface,3,edna_ppo_30,repeat-surface,biological,NA,NA,NA,NA,NA,NA,5.8,1000,0,51.65799974,-128.113112,mud,n,100,p,seagrass,zostera,seagrass_mud,zostera_mud,100,0.00408744,30,Metazoa,Cnidaria,Cnidaria,Siphonophorae,Diphyidae,Lensia,0,0,TRUE,ASV131,2,NA
edna0126,ASV226,motu199,Mytilus trossulus,Bay mussel,species,1,1,1,1,26,38,16,32,73,NA,51,Mytilus trossulus,Bay mussel,2018_ppo_surface,ppo,beach_seine,2018-08-23,2018-08-23,2018,surface,3,edna_ppo_30,repeat-surface,biological,NA,NA,NA,NA,NA,NA,5.8,1000,0,51.65799974,-128.113112,mud,n,100,p,seagrass,zostera,seagrass_mud,zostera_mud,100,3.2351099999999996e-158,309,Metazoa,Mollusca,Mollusca,Mytilida,Mytilidae,Mytilus,0,0,TRUE,ASV226,18,Mytilus trossulus
edna0126,ASV242,motu213,Balanus glandula,Acorn barnacle,species,1,1,1,1,32,53,41,NA,76,NA,NA,Balanus glandula,Acorn barnacle,2018_ppo_surface,ppo,beach_seine,2018-08-23,2018-08-23,2018,surface,3,edna_ppo_30,repeat-surface,biological,NA,NA,NA,NA,NA,NA,5.8,1000,0,51.65799974,-128.113112,mud,n,100,p,seagrass,zostera,seagrass_mud,zostera_mud,100,3.2351099999999996e-158,309,Metazoa,Arthropoda,Thecostraca,Balanomorpha,Balanidae,Balanus,0,0,TRUE,ASV242,15,Balanus glandula
edna0126,ASV447,motu394,Balanus glandula,Acorn barnacle,species,1,1,NA,NA,24,56,NA,NA,NA,NA,NA,Balanus glandula,Acorn barnacle,2018_ppo_surface,ppo,beach_seine,2018-08-23,2018-08-23,2018,surface,3,edna_ppo_30,repeat-surface,biological,NA,NA,NA,NA,NA,NA,5.8,1000,0,51.65799974,-128.113112,mud,n,100,p,seagrass,zostera,seagrass_mud,zostera_mud,100,3.2351099999999996e-158,309,Metazoa,Arthropoda,Thecostraca,Balanomorpha,Balanidae,Balanus,0,0,TRUE,ASV447,12,Balanus glandula
edna0126,ASV280,motu190,Mytilus,Mussel species,genus,1,NA,NA,NA,21,NA,NA,NA,NA,NA,NA,Mytilus trossulus,Bay mussel,2018_ppo_surface,ppo,beach_seine,2018-08-23,2018-08-23,2018,surface,3,edna_ppo_30,repeat-surface,biological,NA,NA,NA,NA,NA,NA,5.8,1000,0,51.65799974,-128.113112,mud,n,100,p,seagrass,zostera,seagrass_mud,zostera_mud,100,3.2351099999999996e-158,309,Metazoa,Mollusca,Mollusca,Mytilida,Mytilidae,Mytilus,0,0,TRUE,ASV216,23,NA
edna0126,ASV324,motu285,Paracalanus parvus parvus,Calanoid copepod,species,1,1,NA,NA,29,61,NA,NA,NA,NA,NA,Paracalanus parvus parvus,Calanoid copepod,2018_ppo_surface,ppo,beach_seine,2018-08-23,2018-08-23,2018,surface,3,edna_ppo_30,repeat-surface,biological,NA,NA,NA,NA,NA,NA,5.8,1000,0,51.65799974,-128.113112,mud,n,100,p,seagrass,zostera,seagrass_mud,zostera_mud,100,1.17454e-132,263,Metazoa,Arthropoda,Copepoda,Calanoida,Paracalanidae,Paracalanus,0,0,TRUE,ASV324,6,Paracalanus parvus parvus
edna0126,ASV312,motu274,Synchaeta baltica,Rotifer,species,1,1,1,1,45,61,28,46,115,NA,58,Synchaeta baltica,Rotifer,2018_ppo_surface,ppo,beach_seine,2018-08-23,2018-08-23,2018,surface,3,edna_ppo_30,repeat-surface,biological,NA,NA,NA,NA,NA,NA,5.8,1000,0,51.65799974,-128.113112,mud,n,100,p,seagrass,zostera,seagrass_mud,zostera_mud,90.45,5.9173e-111,224,Metazoa,Rotifera,Eurotatoria,Ploima,Synchaetidae,Synchaeta,0,0,TRUE,ASV312,1,Synchaeta baltica
edna0126,ASV417,motu213,Balanus glandula,Acorn barnacle,species,1,1,1,1,39,86,39,NA,109,NA,73,Balanus glandula,Acorn barnacle,2018_ppo_surface,ppo,beach_seine,2018-08-23,2018-08-23,2018,surface,3,edna_ppo_30,repeat-surface,biological,NA,NA,NA,NA,NA,NA,5.8,1000,0,51.65799974,-128.113112,mud,n,100,p,seagrass,zostera,seagrass_mud,zostera_mud,99.68,1.5051499999999994e-156,306,Metazoa,Arthropoda,Thecostraca,Balanomorpha,Balanidae,Balanus,0,0,TRUE,ASV242,15,Balanus glandula
edna0126,ASV760,motu394,Balanus glandula,Acorn barnacle,species,1,1,NA,NA,48,84,NA,NA,NA,NA,NA,Balanus glandula,Acorn barnacle,2018_ppo_surface,ppo,beach_seine,2018-08-23,2018-08-23,2018,surface,3,edna_ppo_30,repeat-surface,biological,NA,NA,NA,NA,NA,NA,5.8,1000,0,51.65799974,-128.113112,mud,n,100,p,seagrass,zostera,seagrass_mud,zostera_mud,99.68,1.5051499999999994e-156,306,Metazoa,Arthropoda,Thecostraca,Balanomorpha,Balanidae,Balanus,0,0,TRUE,ASV447,12,Balanus glandula
edna0126,ASV467,motu412,Saxidomus,Washington clam species,genus,1,1,1,1,20,36,20,35,54,NA,44,Saxidomus,Washington clam species,2018_ppo_surface,ppo,beach_seine,2018-08-23,2018-08-23,2018,surface,3,edna_ppo_30,repeat-surface,biological,NA,NA,NA,NA,NA,NA,5.8,1000,0,51.65799974,-128.113112,mud,n,100,p,seagrass,zostera,seagrass_mud,zostera_mud,100,1.96163e-160,313,Metazoa,Mollusca,Mollusca,Venerida,Veneridae,Saxidomus,0,0,TRUE,ASV467,12,NA
edna0126,ASV356,motu315,Synchaeta baltica,Rotifer,species,1,1,1,1,19,40,25,50,111,NA,40,Synchaeta baltica,Rotifer,2018_ppo_surface,ppo,beach_seine,2018-08-23,2018-08-23,2018,surface,3,edna_ppo_30,repeat-surface,biological,NA,NA,NA,NA,NA,NA,5.8,1000,0,51.65799974,-128.113112,mud,n,100,p,seagrass,zostera,seagrass_mud,zostera_mud,90.45,5.9173e-111,224,Metazoa,Rotifera,Eurotatoria,Ploima,Synchaetidae,Synchaeta,0,0,TRUE,ASV356,1,Synchaeta baltica
edna0126,ASV860,motu748,Saxidomus,Washington clam species,genus,1,1,NA,NA,23,44,NA,NA,NA,NA,NA,Saxidomus,Washington clam species,2018_ppo_surface,ppo,beach_seine,2018-08-23,2018-08-23,2018,surface,3,edna_ppo_30,repeat-surface,biological,NA,NA,NA,NA,NA,NA,5.8,1000,0,51.65799974,-128.113112,mud,n,100,p,seagrass,zostera,seagrass_mud,zostera_mud,100,1.96163e-160,313,Metazoa,Mollusca,Mollusca,Venerida,Veneridae,Saxidomus,0,0,TRUE,ASV860,4,NA
edna0126,ASV733,motu637,Phyllodocida,Polychaete,order,1,1,1,NA,10,19,8,NA,NA,NA,NA,Phyllodocida,Polychaete,2018_ppo_surface,ppo,beach_seine,2018-08-23,2018-08-23,2018,surface,3,edna_ppo_30,repeat-surface,biological,NA,NA,NA,NA,NA,NA,5.8,1000,0,51.65799974,-128.113112,mud,n,100,p,seagrass,zostera,seagrass_mud,zostera_mud,100,0.0603188,28,Metazoa,Annelida,Annelida,Phyllodocida,NA,NA,0,0,TRUE,ASV733,1,NA
edna0126,ASV679,motu591,Phyllodocida,Polychaete,order,1,1,1,1,15,18,8,NA,4,NA,NA,Phyllodocida,Polychaete,2018_ppo_surface,ppo,beach_seine,2018-08-23,2018-08-23,2018,surface,3,edna_ppo_30,repeat-surface,biological,NA,NA,NA,NA,NA,NA,5.8,1000,0,51.65799974,-128.113112,mud,n,100,p,seagrass,zostera,seagrass_mud,zostera_mud,100,0.0603188,28,Metazoa,Annelida,Annelida,Phyllodocida,NA,NA,0,0,TRUE,ASV679,1,NA
edna0126,ASV1635,motu394,Balanus glandula,Acorn barnacle,species,1,1,NA,NA,84,193,NA,NA,NA,NA,NA,Balanus glandula,Acorn barnacle,2018_ppo_surface,ppo,beach_seine,2018-08-23,2018-08-23,2018,surface,3,edna_ppo_30,repeat-surface,biological,NA,NA,NA,NA,NA,NA,5.8,1000,0,51.65799974,-128.113112,mud,n,100,p,seagrass,zostera,seagrass_mud,zostera_mud,99.68,1.5051499999999994e-156,306,Metazoa,Arthropoda,Thecostraca,Balanomorpha,Balanidae,Balanus,0,0,TRUE,ASV447,12,Balanus glandula
edna0126,ASV966,motu213,Balanus glandula,Acorn barnacle,species,1,1,NA,1,89,173,NA,120,237,NA,148,Balanus glandula,Acorn barnacle,2018_ppo_surface,ppo,beach_seine,2018-08-23,2018-08-23,2018,surface,3,edna_ppo_30,repeat-surface,biological,NA,NA,NA,NA,NA,NA,5.8,1000,0,51.65799974,-128.113112,mud,n,100,p,seagrass,zostera,seagrass_mud,zostera_mud,99.68,1.5051499999999994e-156,306,Metazoa,Arthropoda,Thecostraca,Balanomorpha,Balanidae,Balanus,0,0,TRUE,ASV242,15,Balanus glandula
edna0126,ASV2220,motu394,Balanus glandula,Acorn barnacle,species,1,1,NA,NA,18,29,NA,NA,NA,NA,NA,Balanus glandula,Acorn barnacle,2018_ppo_surface,ppo,beach_seine,2018-08-23,2018-08-23,2018,surface,3,edna_ppo_30,repeat-surface,biological,NA,NA,NA,NA,NA,NA,5.8,1000,0,51.65799974,-128.113112,mud,n,100,p,seagrass,zostera,seagrass_mud,zostera_mud,99.68,1.5051499999999994e-156,306,Metazoa,Arthropoda,Thecostraca,Balanomorpha,Balanidae,Balanus,0,0,TRUE,ASV447,12,Balanus glandula
edna0126,ASV2138,motu470,Paracalanus,Calanoid copepod,genus,1,NA,NA,NA,41,NA,NA,NA,NA,NA,NA,Paracalanus parvus parvus,Calanoid copepod,2018_ppo_surface,ppo,beach_seine,2018-08-23,2018-08-23,2018,surface,3,edna_ppo_30,repeat-surface,biological,NA,NA,NA,NA,NA,NA,5.8,1000,0,51.65799974,-128.113112,mud,n,100,p,seagrass,zostera,seagrass_mud,zostera_mud,99.67,1.14177e-152,299,Metazoa,Arthropoda,Arthropoda,Calanoida,Paracalanidae,Paracalanus,0,0,TRUE,ASV536,6,NA
edna0126,ASV1791,motu1494,Saxidomus nuttalli,California butterclam,species,1,1,NA,NA,7,9,NA,NA,NA,NA,NA,Saxidomus nuttalli,California butterclam,2018_ppo_surface,ppo,beach_seine,2018-08-23,2018-08-23,2018,surface,3,edna_ppo_30,repeat-surface,biological,NA,NA,NA,NA,NA,NA,5.8,1000,0,51.65799974,-128.113112,mud,n,100,p,seagrass,zostera,seagrass_mud,zostera_mud,99.68,4.246189999999999e-157,307,Metazoa,Mollusca,Bivalvia,Venerida,Veneridae,Saxidomus,0,0,TRUE,ASV1791,2,Saxidomus nuttalli
edna0126,ASV1081,motu213,Balanus glandula,Acorn barnacle,species,1,1,1,1,7,13,30,13,33,NA,37,Balanus glandula,Acorn barnacle,2018_ppo_surface,ppo,beach_seine,2018-08-23,2018-08-23,2018,surface,3,edna_ppo_30,repeat-surface,biological,NA,NA,NA,NA,NA,NA,5.8,1000,0,51.65799974,-128.113112,mud,n,100,p,seagrass,zostera,seagrass_mud,zostera_mud,99.68,1.5051499999999994e-156,306,Metazoa,Arthropoda,Thecostraca,Balanomorpha,Balanidae,Balanus,0,0,TRUE,ASV242,15,Balanus glandula
edna0126,ASV1372,motu1158,Balanus glandula,Acorn barnacle,species,1,1,1,1,67,116,66,114,242,NA,166,Balanus glandula,Acorn barnacle,2018_ppo_surface,ppo,beach_seine,2018-08-23,2018-08-23,2018,surface,3,edna_ppo_30,repeat-surface,biological,NA,NA,NA,NA,NA,NA,5.8,1000,0,51.65799974,-128.113112,mud,n,100,p,seagrass,zostera,seagrass_mud,zostera_mud,99.36,4.246189999999999e-157,307,Metazoa,Arthropoda,Thecostraca,Balanomorpha,Balanidae,Balanus,0,0,TRUE,ASV1372,1,Balanus glandula
edna0126,ASV2609,motu2117,Balanus glandula,Acorn barnacle,species,1,1,NA,NA,61,139,NA,NA,NA,NA,NA,Balanus glandula,Acorn barnacle,2018_ppo_surface,ppo,beach_seine,2018-08-23,2018-08-23,2018,surface,3,edna_ppo_30,repeat-surface,biological,NA,NA,NA,NA,NA,NA,5.8,1000,0,51.65799974,-128.113112,mud,n,100,p,seagrass,zostera,seagrass_mud,zostera_mud,99.36,4.246189999999999e-157,307,Metazoa,Arthropoda,Thecostraca,Balanomorpha,Balanidae,Balanus,0,0,TRUE,ASV2609,1,Balanus glandula
edna0126,ASV4754,motu942,Balanus crenatus,Wrinkled barnacle,species,1,NA,NA,NA,42,NA,NA,NA,NA,NA,NA,Balanus,Barnacle species,2018_ppo_surface,ppo,beach_seine,2018-08-23,2018-08-23,2018,surface,3,edna_ppo_30,repeat-surface,biological,NA,NA,NA,NA,NA,NA,5.8,1000,0,51.65799974,-128.113112,mud,n,100,p,seagrass,zostera,seagrass_mud,zostera_mud,100,1.4886099999999998e-156,306,Metazoa,Arthropoda,Arthropoda,Balanomorpha,Balanidae,Balanus,0,0,TRUE,ASV1095,4,Balanus crenatus
edna0126,ASV2495,motu2032,Balanus glandula,Acorn barnacle,species,1,1,1,1,30,48,19,39,85,NA,NA,Balanus glandula,Acorn barnacle,2018_ppo_surface,ppo,beach_seine,2018-08-23,2018-08-23,2018,surface,3,edna_ppo_30,repeat-surface,biological,NA,NA,NA,NA,NA,NA,5.8,1000,0,51.65799974,-128.113112,mud,n,100,p,seagrass,zostera,seagrass_mud,zostera_mud,99.68,9.126599999999999e-159,310,Metazoa,Arthropoda,Thecostraca,Balanomorpha,Balanidae,Balanus,0,0,TRUE,ASV2495,1,Balanus glandula
edna0126,ASV3004,motu213,Balanus glandula,Acorn barnacle,species,1,1,NA,1,30,61,NA,NA,53,NA,NA,Balanus glandula,Acorn barnacle,2018_ppo_surface,ppo,beach_seine,2018-08-23,2018-08-23,2018,surface,3,edna_ppo_30,repeat-surface,biological,NA,NA,NA,NA,NA,NA,5.8,1000,0,51.65799974,-128.113112,mud,n,100,p,seagrass,zostera,seagrass_mud,zostera_mud,99.68,1.5051499999999994e-156,306,Metazoa,Arthropoda,Thecostraca,Balanomorpha,Balanidae,Balanus,0,0,TRUE,ASV242,15,Balanus glandula
edna0126,ASV3551,motu2821,Cardiida,Mussel species,order,1,NA,NA,NA,9,NA,NA,NA,NA,NA,NA,Cardiida,Mussel species,2018_ppo_surface,ppo,beach_seine,2018-08-23,2018-08-23,2018,surface,3,edna_ppo_30,repeat-surface,biological,NA,NA,NA,NA,NA,NA,5.8,1000,0,51.65799974,-128.113112,mud,n,100,p,seagrass,zostera,seagrass_mud,zostera_mud,100,0.0374129,28,Metazoa,Mollusca,Mollusca,Cardiida,NA,NA,0,0,TRUE,ASV3551,2,NA
edna0126,ASV4987,motu3852,Portunion conformis,Parasitic isopod,species,1,1,NA,NA,3,8,NA,NA,NA,NA,NA,Portunion conformis,Parasitic isopod,2018_ppo_surface,ppo,beach_seine,2018-08-23,2018-08-23,2018,surface,3,edna_ppo_30,repeat-surface,biological,NA,NA,NA,NA,NA,NA,5.8,1000,0,51.65799974,-128.113112,mud,n,100,p,seagrass,zostera,seagrass_mud,zostera_mud,100,3.2825099999999985e-158,309,Metazoa,Arthropoda,Malacostraca,Isopoda,Entoniscidae,Portunion,0,0,TRUE,ASV4987,1,Portunion conformis
edna0126,ASV4134,motu697,Micropodarke dubia,Hesionid polychaete,species,1,NA,NA,NA,2,NA,NA,NA,NA,NA,NA,Micropodarke dubia,Hesionid polychaete,2018_ppo_surface,ppo,beach_seine,2018-08-23,2018-08-23,2018,surface,3,edna_ppo_30,repeat-surface,biological,NA,NA,NA,NA,NA,NA,5.8,1000,0,51.65799974,-128.113112,mud,n,100,p,seagrass,zostera,seagrass_mud,zostera_mud,99.68,9.126599999999999e-159,310,Metazoa,Annelida,Polychaeta,Phyllodocida,Hesionidae,Micropodarke,0,0,TRUE,ASV801,2,Micropodarke dubia
edna0126,ASV4534,motu3527,Portunion conformis,Parasitic isopod,species,1,1,NA,NA,3,6,NA,NA,NA,NA,NA,Portunion conformis,Parasitic isopod,2018_ppo_surface,ppo,beach_seine,2018-08-23,2018-08-23,2018,surface,3,edna_ppo_30,repeat-surface,biological,NA,NA,NA,NA,NA,NA,5.8,1000,0,51.65799974,-128.113112,mud,n,100,p,seagrass,zostera,seagrass_mud,zostera_mud,100,3.2825099999999985e-158,309,Metazoa,Arthropoda,Malacostraca,Isopoda,Entoniscidae,Portunion,0,0,TRUE,ASV4534,1,Portunion conformis
edna0128,ASV258,motu228,Lensia,Siphonophore,genus,1,1,NA,NA,51,106,NA,NA,NA,NA,NA,Lensia,Siphonophore,2018_pba_surface,pba,beach_seine,2018-08-23,2018-08-25,2018,surface,2,edna_pba_15,repeat-surface,biological,15.4,26.05,8.4,12.4,32.08,7.99,4.5,900,0,51.64655803,-128.1188964,mud,y,180,p,seagrass,zostera,seagrass_mud,zostera_mud,100,0.00408744,30,Metazoa,Cnidaria,Cnidaria,Siphonophorae,Diphyidae,Lensia,0,0,TRUE,ASV258,1,NA
edna0128,ASV131,motu117,Lensia,Siphonophore,genus,1,1,1,1,51,96,40,47,47,NA,30,Lensia,Siphonophore,2018_pba_surface,pba,beach_seine,2018-08-23,2018-08-25,2018,surface,2,edna_pba_15,repeat-surface,biological,15.4,26.05,8.4,12.4,32.08,7.99,4.5,900,0,51.64655803,-128.1188964,mud,y,180,p,seagrass,zostera,seagrass_mud,zostera_mud,100,0.00408744,30,Metazoa,Cnidaria,Cnidaria,Siphonophorae,Diphyidae,Lensia,0,0,TRUE,ASV131,2,NA
edna0128,ASV226,motu199,Mytilus trossulus,Bay mussel,species,1,1,NA,NA,36,76,NA,NA,NA,NA,NA,Mytilus trossulus,Bay mussel,2018_pba_surface,pba,beach_seine,2018-08-23,2018-08-25,2018,surface,2,edna_pba_15,repeat-surface,biological,15.4,26.05,8.4,12.4,32.08,7.99,4.5,900,0,51.64655803,-128.1188964,mud,y,180,p,seagrass,zostera,seagrass_mud,zostera_mud,100,3.2351099999999996e-158,309,Metazoa,Mollusca,Mollusca,Mytilida,Mytilidae,Mytilus,0,0,TRUE,ASV226,18,Mytilus trossulus
edna0128,ASV216,motu190,Mytilus trossulus,Bay mussel,species,1,1,1,1,33,60,26,20,NA,NA,NA,Mytilus trossulus,Bay mussel,2018_pba_surface,pba,beach_seine,2018-08-23,2018-08-25,2018,surface,2,edna_pba_15,repeat-surface,biological,15.4,26.05,8.4,12.4,32.08,7.99,4.5,900,0,51.64655803,-128.1188964,mud,y,180,p,seagrass,zostera,seagrass_mud,zostera_mud,100,3.2351099999999996e-158,309,Metazoa,Mollusca,Mollusca,Mytilida,Mytilidae,Mytilus,0,0,TRUE,ASV216,23,Mytilus trossulus
edna0128,ASV233,motu74,Euchlanidae,Rotifer,family,1,NA,NA,NA,19,NA,NA,NA,NA,NA,NA,No Results,No Results,2018_pba_surface,pba,beach_seine,2018-08-23,2018-08-25,2018,surface,2,edna_pba_15,repeat-surface,biological,15.4,26.05,8.4,12.4,32.08,7.99,4.5,900,0,51.64655803,-128.1188964,mud,y,180,p,seagrass,zostera,seagrass_mud,zostera_mud,91.35,3.005919999999998e-29,77,Metazoa,Rotifera,Rotifera,Ploima,Euchlanidae,NA,1,NA,TRUE,ASV84,2,NA
edna0128,ASV324,motu285,Paracalanus parvus parvus,Calanoid copepod,species,1,NA,1,NA,29,NA,22,NA,NA,NA,NA,Paracalanus parvus parvus,Calanoid copepod,2018_pba_surface,pba,beach_seine,2018-08-23,2018-08-25,2018,surface,2,edna_pba_15,repeat-surface,biological,15.4,26.05,8.4,12.4,32.08,7.99,4.5,900,0,51.64655803,-128.1188964,mud,y,180,p,seagrass,zostera,seagrass_mud,zostera_mud,100,1.17454e-132,263,Metazoa,Arthropoda,Copepoda,Calanoida,Paracalanidae,Paracalanus,0,0,TRUE,ASV324,6,Paracalanus parvus parvus
edna0128,ASV308,motu270,Synchaeta baltica,Rotifer,species,1,1,1,1,94,117,65,35,63,NA,58,Synchaeta baltica,Rotifer,2018_pba_surface,pba,beach_seine,2018-08-23,2018-08-25,2018,surface,2,edna_pba_15,repeat-surface,biological,15.4,26.05,8.4,12.4,32.08,7.99,4.5,900,0,51.64655803,-128.1188964,mud,y,180,p,seagrass,zostera,seagrass_mud,zostera_mud,90.79,3.5361899999999996e-113,228,Metazoa,Rotifera,Eurotatoria,Ploima,Synchaetidae,Synchaeta,0,0,TRUE,ASV308,3,Synchaeta baltica
edna0128,ASV536,motu470,Paracalanus parvus parvus,Calanoid copepod,species,1,1,NA,NA,26,43,NA,NA,NA,NA,NA,Paracalanus parvus parvus,Calanoid copepod,2018_pba_surface,pba,beach_seine,2018-08-23,2018-08-25,2018,surface,2,edna_pba_15,repeat-surface,biological,15.4,26.05,8.4,12.4,32.08,7.99,4.5,900,0,51.64655803,-128.1188964,mud,y,180,p,seagrass,zostera,seagrass_mud,zostera_mud,100,1.17454e-132,263,Metazoa,Arthropoda,Copepoda,Calanoida,Paracalanidae,Paracalanus,0,0,TRUE,ASV536,6,Paracalanus parvus parvus
edna0128,ASV328,motu288,Synchaeta baltica,Rotifer,species,1,1,1,1,77,131,53,37,65,NA,56,Synchaeta baltica,Rotifer,2018_pba_surface,pba,beach_seine,2018-08-23,2018-08-25,2018,surface,2,edna_pba_15,repeat-surface,biological,15.4,26.05,8.4,12.4,32.08,7.99,4.5,900,0,51.64655803,-128.1188964,mud,y,180,p,seagrass,zostera,seagrass_mud,zostera_mud,90.79,3.5361899999999996e-113,228,Metazoa,Rotifera,Eurotatoria,Ploima,Synchaetidae,Synchaeta,0,0,TRUE,ASV328,3,Synchaeta baltica
edna0128,ASV312,motu274,Synchaeta baltica,Rotifer,species,1,1,1,1,42,98,25,NA,37,NA,47,Synchaeta baltica,Rotifer,2018_pba_surface,pba,beach_seine,2018-08-23,2018-08-25,2018,surface,2,edna_pba_15,repeat-surface,biological,15.4,26.05,8.4,12.4,32.08,7.99,4.5,900,0,51.64655803,-128.1188964,mud,y,180,p,seagrass,zostera,seagrass_mud,zostera_mud,90.45,5.9173e-111,224,Metazoa,Rotifera,Eurotatoria,Ploima,Synchaetidae,Synchaeta,0,0,TRUE,ASV312,1,Synchaeta baltica
edna0128,ASV356,motu315,Synchaeta baltica,Rotifer,species,1,1,1,1,35,68,26,NA,30,NA,39,Synchaeta baltica,Rotifer,2018_pba_surface,pba,beach_seine,2018-08-23,2018-08-25,2018,surface,2,edna_pba_15,repeat-surface,biological,15.4,26.05,8.4,12.4,32.08,7.99,4.5,900,0,51.64655803,-128.1188964,mud,y,180,p,seagrass,zostera,seagrass_mud,zostera_mud,90.45,5.9173e-111,224,Metazoa,Rotifera,Eurotatoria,Ploima,Synchaetidae,Synchaeta,0,0,TRUE,ASV356,1,Synchaeta baltica
edna0128,ASV1059,motu911,Pleurobrachia bachei,Pacific sea gooseberry,species,1,NA,NA,NA,2,NA,NA,NA,NA,NA,NA,Pleurobrachia bachei,Pacific sea gooseberry,2018_pba_surface,pba,beach_seine,2018-08-23,2018-08-25,2018,surface,2,edna_pba_15,repeat-surface,biological,15.4,26.05,8.4,12.4,32.08,7.99,4.5,900,0,51.64655803,-128.1188964,mud,y,180,p,seagrass,zostera,seagrass_mud,zostera_mud,100,1.96163e-160,313,Metazoa,Ctenophora,Tentaculata,Cydippida,Cydippidae,Pleurobrachia,0,0,TRUE,ASV1059,3,Pleurobrachia bachei
edna0128,ASV1791,motu1494,Saxidomus nuttalli,California butterclam,species,1,1,NA,1,12,27,NA,NA,11,NA,NA,Saxidomus nuttalli,California butterclam,2018_pba_surface,pba,beach_seine,2018-08-23,2018-08-25,2018,surface,2,edna_pba_15,repeat-surface,biological,15.4,26.05,8.4,12.4,32.08,7.99,4.5,900,0,51.64655803,-128.1188964,mud,y,180,p,seagrass,zostera,seagrass_mud,zostera_mud,99.68,4.246189999999999e-157,307,Metazoa,Mollusca,Bivalvia,Venerida,Veneridae,Saxidomus,0,0,TRUE,ASV1791,2,Saxidomus nuttalli
edna0128,ASV1945,motu1049,Macoma nasuta,Bent-nosed clam,species,1,NA,NA,NA,2,NA,NA,NA,NA,NA,NA,Macoma nasuta,Bent-nosed clam,2018_pba_surface,pba,beach_seine,2018-08-23,2018-08-25,2018,surface,2,edna_pba_15,repeat-surface,biological,15.4,26.05,8.4,12.4,32.08,7.99,4.5,900,0,51.64655803,-128.1188964,mud,y,180,p,seagrass,zostera,seagrass_mud,zostera_mud,99.36,4.246189999999999e-157,307,Metazoa,Mollusca,Bivalvia,Cardiida,Tellinidae,Macoma,0,0,TRUE,ASV1238,3,Macoma nasuta
edna0128,ASV2228,motu1836,Saxidomus nuttalli,California butterclam,species,1,1,NA,NA,13,24,NA,NA,NA,NA,NA,Saxidomus nuttalli,California butterclam,2018_pba_surface,pba,beach_seine,2018-08-23,2018-08-25,2018,surface,2,edna_pba_15,repeat-surface,biological,15.4,26.05,8.4,12.4,32.08,7.99,4.5,900,0,51.64655803,-128.1188964,mud,y,180,p,seagrass,zostera,seagrass_mud,zostera_mud,99.68,4.246189999999999e-157,307,Metazoa,Mollusca,Bivalvia,Venerida,Veneridae,Saxidomus,0,0,TRUE,ASV2228,1,Saxidomus nuttalli
edna0128,ASV2042,motu1692,Synchaeta grimpei,Rotifer,species,1,1,NA,1,3,6,NA,NA,3,NA,NA,Synchaeta grimpei,Rotifer,2018_pba_surface,pba,beach_seine,2018-08-23,2018-08-25,2018,surface,2,edna_pba_15,repeat-surface,biological,15.4,26.05,8.4,12.4,32.08,7.99,4.5,900,0,51.64655803,-128.1188964,mud,y,180,p,seagrass,zostera,seagrass_mud,zostera_mud,91.45,4.459999999999999e-112,226,Metazoa,Rotifera,Eurotatoria,Ploima,Synchaetidae,Synchaeta,0,0,TRUE,ASV2042,2,Synchaeta grimpei
edna0128,ASV3033,motu2444,Staphylinidae,Hexapod,genus,1,NA,NA,NA,3,NA,NA,NA,NA,NA,NA,Staphylinidae,Hexapod,2018_pba_surface,pba,beach_seine,2018-08-23,2018-08-25,2018,surface,2,edna_pba_15,repeat-surface,biological,15.4,26.05,8.4,12.4,32.08,7.99,4.5,900,0,51.64655803,-128.1188964,mud,y,180,p,seagrass,zostera,seagrass_mud,zostera_mud,90.14,3.11539e-14,50,Metazoa,Arthropoda,Arthropoda,Coleoptera,Staphylinidae,Staphylinidae,NA,NA,TRUE,ASV3033,1,NA
edna0128,ASV3531,motu350,Synchaeta pectinata,Rotifer,species,1,NA,NA,NA,2,NA,NA,NA,NA,NA,NA,Synchaeta pectinata,Rotifer,2018_pba_surface,pba,beach_seine,2018-08-23,2018-08-25,2018,surface,2,edna_pba_15,repeat-surface,biological,15.4,26.05,8.4,12.4,32.08,7.99,4.5,900,0,51.64655803,-128.1188964,mud,y,180,p,seagrass,zostera,seagrass_mud,zostera_mud,90.16,7.65451e-110,222,Metazoa,Rotifera,Eurotatoria,Ploima,Synchaetidae,Synchaeta,0,0,TRUE,ASV398,4,Synchaeta pectinata
edna0033,ASV226,motu199,Mytilus trossulus,Bay mussel,species,1,1,1,1,7,12,7,83,90,NA,74,Mytilus trossulus,Bay mussel,2018_pba_surface,pba,beach_seine,2018-07-12,2018-07-10,2018,surface,2,edna_pba_30,surface,biological,16.5,26.06,8.43,NA,NA,NA,4,1000,0,51.64642312,-128.1189452,mud,y,180,p,seagrass,zostera,seagrass_mud,zostera_mud,100,3.2351099999999996e-158,309,Metazoa,Mollusca,Mollusca,Mytilida,Mytilidae,Mytilus,0,0,TRUE,ASV226,18,Mytilus trossulus
edna0033,ASV452,motu183,Euchlanidae,Rotifer,family,1,1,NA,NA,44,47,NA,NA,NA,NA,NA,No Results,No Results,2018_pba_surface,pba,beach_seine,2018-07-12,2018-07-10,2018,surface,2,edna_pba_30,surface,biological,16.5,26.06,8.43,NA,NA,NA,4,1000,0,51.64642312,-128.1189452,mud,y,180,p,seagrass,zostera,seagrass_mud,zostera_mud,91.35,3.005919999999998e-29,77,Metazoa,Rotifera,Rotifera,Ploima,Euchlanidae,NA,1,NA,TRUE,ASV208,2,NA
edna0033,ASV354,motu313,Mitrocoma cellularia,Cross jelly,species,1,1,1,NA,9,19,10,NA,NA,NA,NA,Mitrocoma cellularia,Cross jelly,2018_pba_surface,pba,beach_seine,2018-07-12,2018-07-10,2018,surface,2,edna_pba_30,surface,biological,16.5,26.06,8.43,NA,NA,NA,4,1000,0,51.64642312,-128.1189452,mud,y,180,p,seagrass,zostera,seagrass_mud,zostera_mud,100,1.4886099999999998e-156,306,Metazoa,Cnidaria,Hydrozoa,Leptothecata,Mitrocomidae,Mitrocoma,0,0,TRUE,ASV354,2,Mitrocoma cellularia
edna0033,ASV616,motu537,Mitrocoma cellularia,Cross jelly,species,1,1,NA,NA,8,16,NA,NA,NA,NA,NA,Mitrocoma cellularia,Cross jelly,2018_pba_surface,pba,beach_seine,2018-07-12,2018-07-10,2018,surface,2,edna_pba_30,surface,biological,16.5,26.06,8.43,NA,NA,NA,4,1000,0,51.64642312,-128.1189452,mud,y,180,p,seagrass,zostera,seagrass_mud,zostera_mud,100,1.4886099999999998e-156,306,Metazoa,Cnidaria,Hydrozoa,Leptothecata,Mitrocomidae,Mitrocoma,0,0,TRUE,ASV616,6,Mitrocoma cellularia
edna0033,ASV1038,motu895,Clytia gregaria,Gregarious jellyfish,species,1,NA,NA,NA,5,NA,NA,NA,NA,NA,NA,Clytia gregaria,Gregarious jellyfish,2018_pba_surface,pba,beach_seine,2018-07-12,2018-07-10,2018,surface,2,edna_pba_30,surface,biological,16.5,26.06,8.43,NA,NA,NA,4,1000,0,51.64642312,-128.1189452,mud,y,180,p,seagrass,zostera,seagrass_mud,zostera_mud,99.68,9.126599999999999e-159,310,Metazoa,Cnidaria,Hydrozoa,Leptothecata,Campanulariidae,Clytia,0,0,TRUE,ASV1038,2,Clytia gregaria
edna0033,ASV1187,motu1015,Balanus,Barnacle species,genus,1,NA,NA,NA,3,NA,NA,NA,NA,NA,NA,Balanus,Barnacle species,2018_pba_surface,pba,beach_seine,2018-07-12,2018-07-10,2018,surface,2,edna_pba_30,surface,biological,16.5,26.06,8.43,NA,NA,NA,4,1000,0,51.64642312,-128.1189452,mud,y,180,p,seagrass,zostera,seagrass_mud,zostera_mud,100,1.4886099999999998e-156,306,Metazoa,Arthropoda,Arthropoda,Balanomorpha,Balanidae,Balanus,0,0,TRUE,ASV1187,5,NA
edna0033,ASV1384,motu1168,Membranipora membranacea,Coffin box bryozoan,species,1,NA,NA,NA,5,NA,NA,NA,NA,NA,NA,Membranipora membranacea,Coffin box bryozoan,2018_pba_surface,pba,beach_seine,2018-07-12,2018-07-10,2018,surface,2,edna_pba_30,surface,biological,16.5,26.06,8.43,NA,NA,NA,4,1000,0,51.64642312,-128.1189452,mud,y,180,p,seagrass,zostera,seagrass_mud,zostera_mud,100,9.252979999999995e-139,274,Metazoa,Bryozoa,Gymnolaemata,Cheilostomatida,Membraniporidae,Membranipora,0,0,TRUE,ASV1384,2,Membranipora membranacea
edna0033,ASV1866,motu1554,Halosydna brevisetosa,Shortscaled worm,species,1,1,1,NA,54,123,55,NA,NA,NA,NA,Halosydna brevisetosa,Shortscaled worm,2018_pba_surface,pba,beach_seine,2018-07-12,2018-07-10,2018,surface,2,edna_pba_30,surface,biological,16.5,26.06,8.43,NA,NA,NA,4,1000,0,51.64642312,-128.1189452,mud,y,180,p,seagrass,zostera,seagrass_mud,zostera_mud,99.36,4.246189999999999e-157,307,Metazoa,Annelida,Polychaeta,Phyllodocida,Polynoidae,Halosydna,0,0,TRUE,ASV1866,1,Halosydna brevisetosa
edna0033,ASV1617,motu1359,Halosydna brevisetosa,Shortscaled worm,species,1,1,1,NA,65,137,58,NA,NA,NA,NA,Halosydna brevisetosa,Shortscaled worm,2018_pba_surface,pba,beach_seine,2018-07-12,2018-07-10,2018,surface,2,edna_pba_30,surface,biological,16.5,26.06,8.43,NA,NA,NA,4,1000,0,51.64642312,-128.1189452,mud,y,180,p,seagrass,zostera,seagrass_mud,zostera_mud,99.36,4.246189999999999e-157,307,Metazoa,Annelida,Polychaeta,Phyllodocida,Polynoidae,Halosydna,0,0,TRUE,ASV1617,1,Halosydna brevisetosa
edna0033,ASV1082,motu932,Obelia dichotoma,Sea thread hydroid,species,1,NA,NA,NA,6,NA,NA,NA,NA,NA,NA,Obelia dichotoma,Sea thread hydroid,2018_pba_surface,pba,beach_seine,2018-07-12,2018-07-10,2018,surface,2,edna_pba_30,surface,biological,16.5,26.06,8.43,NA,NA,NA,4,1000,0,51.64642312,-128.1189452,mud,y,180,p,seagrass,zostera,seagrass_mud,zostera_mud,100,5.353989999999996e-156,305,Metazoa,Cnidaria,Hydrozoa,Leptothecata,Campanulariidae,Obelia,0,0,TRUE,ASV1082,1,Obelia dichotoma
edna0033,ASV2490,motu2027,Phacellophora camtschatica,Fried egg jellyfish,species,1,NA,NA,NA,4,NA,NA,NA,NA,NA,NA,Phacellophora camtschatica,Fried egg jellyfish,2018_pba_surface,pba,beach_seine,2018-07-12,2018-07-10,2018,surface,2,edna_pba_30,surface,biological,16.5,26.06,8.43,NA,NA,NA,4,1000,0,51.64642312,-128.1189452,mud,y,180,p,seagrass,zostera,seagrass_mud,zostera_mud,100,1.96163e-160,313,Metazoa,Cnidaria,Scyphozoa,Semaeostomeae,Phacellophoridae,Phacellophora,0,0,TRUE,ASV2490,1,Phacellophora camtschatica
edna0033,ASV3069,motu2470,Synchaeta vorax,Rotifer,species,1,1,1,NA,15,22,13,NA,NA,NA,NA,Synchaeta vorax,Rotifer,2018_pba_surface,pba,beach_seine,2018-07-12,2018-07-10,2018,surface,2,edna_pba_30,surface,biological,16.5,26.06,8.43,NA,NA,NA,4,1000,0,51.64642312,-128.1189452,mud,y,180,p,seagrass,zostera,seagrass_mud,zostera_mud,97.12,7.180609999999995e-145,285,Metazoa,Rotifera,Eurotatoria,Ploima,Synchaetidae,Synchaeta,0,0,TRUE,ASV3069,2,Synchaeta vorax
edna0033,ASV2773,motu2242,Diplostomida,Flatworm,order,1,NA,NA,NA,5,NA,NA,NA,NA,NA,NA,Diplostomida,Flatworm,2018_pba_surface,pba,beach_seine,2018-07-12,2018-07-10,2018,surface,2,edna_pba_30,surface,biological,16.5,26.06,8.43,NA,NA,NA,4,1000,0,51.64642312,-128.1189452,mud,y,180,p,seagrass,zostera,seagrass_mud,zostera_mud,96.88,0.0144888,29,Metazoa,Platyhelminthes,Platyhelminthes,Diplostomida,NA,NA,0,0,TRUE,ASV2773,1,NA
edna0033,ASV3876,motu285,Paracalanus,Calanoid copepod,genus,1,NA,1,NA,3,NA,6,NA,NA,NA,NA,Paracalanus parvus parvus,Calanoid copepod,2018_pba_surface,pba,beach_seine,2018-07-12,2018-07-10,2018,surface,2,edna_pba_30,surface,biological,16.5,26.06,8.43,NA,NA,NA,4,1000,0,51.64642312,-128.1189452,mud,y,180,p,seagrass,zostera,seagrass_mud,zostera_mud,99.34,5.31212e-151,296,Metazoa,Arthropoda,Arthropoda,Calanoida,Paracalanidae,Paracalanus,0,0,TRUE,ASV324,6,NA
edna0033,ASV7245,motu3087,Orthopyxis,Thecate Hydroid,genus,1,NA,NA,NA,5,NA,NA,NA,NA,NA,NA,Orthopyxis,Thecate Hydroid,2018_pba_surface,pba,beach_seine,2018-07-12,2018-07-10,2018,surface,2,edna_pba_30,surface,biological,16.5,26.06,8.43,NA,NA,NA,4,1000,0,51.64642312,-128.1189452,mud,y,180,p,seagrass,zostera,seagrass_mud,zostera_mud,95.53,4.45602e-137,271,Metazoa,Cnidaria,Cnidaria,Leptothecata,Campanulariidae,Orthopyxis,0,0,TRUE,ASV3930,2,NA
edna0086,ASV25,motu22,Acartia (Acartiura) longiremis,Calanoid copepod,species,1,1,NA,1,16,71,NA,NA,75,NA,NA,Acartia (Acartiura) longiremis,Calanoid copepod,2018_womanley_surface,womanley,kelp,2018-07-16,NA,2018,surface,2,edna_womanley_15,surface,biological,14.4,30.54,8.23,12.5,31.11,8.1,7.5,1000,0,51.80239228,-128.2001006,rock,NA,NA,NA,macroalgae,macrocystis,macroalgae_rock,macrocystis_rock,100,1.96163e-160,313,Metazoa,Arthropoda,Copepoda,Calanoida,Acartiidae,Acartia,0,0,TRUE,ASV25,27,Acartia (Acartiura) longiremis
edna0086,ASV81,motu71,Acartia (Acartiura) longiremis,Calanoid copepod,species,1,1,NA,NA,20,54,NA,NA,NA,NA,NA,Acartia (Acartiura) longiremis,Calanoid copepod,2018_womanley_surface,womanley,kelp,2018-07-16,NA,2018,surface,2,edna_womanley_15,surface,biological,14.4,30.54,8.23,12.5,31.11,8.1,7.5,1000,0,51.80239228,-128.2001006,rock,NA,NA,NA,macroalgae,macrocystis,macroalgae_rock,macrocystis_rock,100,1.96163e-160,313,Metazoa,Arthropoda,Copepoda,Calanoida,Acartiidae,Acartia,0,0,TRUE,ASV81,23,Acartia (Acartiura) longiremis
edna0086,ASV34,motu31,Centropages abdominalis,Calanoid copepod,species,1,1,1,1,44,61,36,127,121,NA,137,Centropages abdominalis,Calanoid copepod,2018_womanley_surface,womanley,kelp,2018-07-16,NA,2018,surface,2,edna_womanley_15,surface,biological,14.4,30.54,8.23,12.5,31.11,8.1,7.5,1000,0,51.80239228,-128.2001006,rock,NA,NA,NA,macroalgae,macrocystis,macroalgae_rock,macrocystis_rock,100,1.96163e-160,313,Metazoa,Arthropoda,Copepoda,Calanoida,Centropagidae,Centropages,0,0,TRUE,ASV34,19,Centropages abdominalis
edna0086,ASV143,motu128,Centropages abdominalis,Calanoid copepod,species,1,1,NA,NA,44,58,NA,NA,NA,NA,NA,Centropages abdominalis,Calanoid copepod,2018_womanley_surface,womanley,kelp,2018-07-16,NA,2018,surface,2,edna_womanley_15,surface,biological,14.4,30.54,8.23,12.5,31.11,8.1,7.5,1000,0,51.80239228,-128.2001006,rock,NA,NA,NA,macroalgae,macrocystis,macroalgae_rock,macrocystis_rock,100,1.96163e-160,313,Metazoa,Arthropoda,Copepoda,Calanoida,Centropagidae,Centropages,0,0,TRUE,ASV143,11,Centropages abdominalis
edna0086,ASV258,motu228,Lensia,Siphonophore,genus,1,1,NA,NA,21,44,NA,NA,NA,NA,NA,Lensia,Siphonophore,2018_womanley_surface,womanley,kelp,2018-07-16,NA,2018,surface,2,edna_womanley_15,surface,biological,14.4,30.54,8.23,12.5,31.11,8.1,7.5,1000,0,51.80239228,-128.2001006,rock,NA,NA,NA,macroalgae,macrocystis,macroalgae_rock,macrocystis_rock,100,0.00408744,30,Metazoa,Cnidaria,Cnidaria,Siphonophorae,Diphyidae,Lensia,0,0,TRUE,ASV258,1,NA
edna0086,ASV131,motu117,Lensia,Siphonophore,genus,1,1,1,1,16,47,14,26,37,NA,55,Lensia,Siphonophore,2018_womanley_surface,womanley,kelp,2018-07-16,NA,2018,surface,2,edna_womanley_15,surface,biological,14.4,30.54,8.23,12.5,31.11,8.1,7.5,1000,0,51.80239228,-128.2001006,rock,NA,NA,NA,macroalgae,macrocystis,macroalgae_rock,macrocystis_rock,100,0.00408744,30,Metazoa,Cnidaria,Cnidaria,Siphonophorae,Diphyidae,Lensia,0,0,TRUE,ASV131,2,NA
edna0086,ASV251,motu105,Mesocentrotus franciscanus,Red sea urchin,species,1,NA,1,NA,424,NA,309,NA,NA,NA,NA,Mesocentrotus franciscanus,Red sea urchin,2018_womanley_surface,womanley,kelp,2018-07-16,NA,2018,surface,2,edna_womanley_15,surface,biological,14.4,30.54,8.23,12.5,31.11,8.1,7.5,1000,0,51.80239228,-128.2001006,rock,NA,NA,NA,macroalgae,macrocystis,macroalgae_rock,macrocystis_rock,100,7.02982e-160,312,Metazoa,Echinodermata,Echinoidea,Camarodonta,Strongylocentrotidae,Mesocentrotus,0,0,TRUE,ASV118,8,Mesocentrotus franciscanus
edna0086,ASV270,motu199,Mytilus,Mussel species,genus,1,NA,NA,NA,4,NA,NA,NA,NA,NA,NA,Mytilus trossulus,Bay mussel,2018_womanley_surface,womanley,kelp,2018-07-16,NA,2018,surface,2,edna_womanley_15,surface,biological,14.4,30.54,8.23,12.5,31.11,8.1,7.5,1000,0,51.80239228,-128.2001006,rock,NA,NA,NA,macroalgae,macrocystis,macroalgae_rock,macrocystis_rock,100,3.2351099999999996e-158,309,Metazoa,Mollusca,Mollusca,Mytilida,Mytilidae,Mytilus,0,0,TRUE,ASV226,18,NA
edna0086,ASV132,motu118,Mesocentrotus franciscanus,Red sea urchin,species,1,1,1,1,386,646,339,1559,1286,NA,1431,Mesocentrotus franciscanus,Red sea urchin,2018_womanley_surface,womanley,kelp,2018-07-16,NA,2018,surface,2,edna_womanley_15,surface,biological,14.4,30.54,8.23,12.5,31.11,8.1,7.5,1000,0,51.80239228,-128.2001006,rock,NA,NA,NA,macroalgae,macrocystis,macroalgae_rock,macrocystis_rock,100,2.51921e-159,311,Metazoa,Echinodermata,Echinoidea,Camarodonta,Strongylocentrotidae,Mesocentrotus,0,0,TRUE,ASV132,8,Mesocentrotus franciscanus
edna0086,ASV205,motu181,Pseudocalanus mimus,Calanoid copepod,species,1,1,1,1,12,22,6,59,61,NA,70,Pseudocalanus mimus,Calanoid copepod,2018_womanley_surface,womanley,kelp,2018-07-16,NA,2018,surface,2,edna_womanley_15,surface,biological,14.4,30.54,8.23,12.5,31.11,8.1,7.5,1000,0,51.80239228,-128.2001006,rock,NA,NA,NA,macroalgae,macrocystis,macroalgae_rock,macrocystis_rock,100,1.18898e-152,299,Metazoa,Arthropoda,Copepoda,Calanoida,Clausocalanidae,Pseudocalanus,0,0,TRUE,ASV205,8,Pseudocalanus mimus
edna0086,ASV416,motu366,Pseudocalanus mimus,Calanoid copepod,species,1,1,NA,NA,12,17,NA,NA,NA,NA,NA,Pseudocalanus mimus,Calanoid copepod,2018_womanley_surface,womanley,kelp,2018-07-16,NA,2018,surface,2,edna_womanley_15,surface,biological,14.4,30.54,8.23,12.5,31.11,8.1,7.5,1000,0,51.80239228,-128.2001006,rock,NA,NA,NA,macroalgae,macrocystis,macroalgae_rock,macrocystis_rock,100,1.18898e-152,299,Metazoa,Arthropoda,Copepoda,Calanoida,Clausocalanidae,Pseudocalanus,0,0,TRUE,ASV416,7,Pseudocalanus mimus
edna0086,ASV452,motu183,Euchlanidae,Rotifer,family,1,NA,NA,NA,25,NA,NA,NA,NA,NA,NA,No Results,No Results,2018_womanley_surface,womanley,kelp,2018-07-16,NA,2018,surface,2,edna_womanley_15,surface,biological,14.4,30.54,8.23,12.5,31.11,8.1,7.5,1000,0,51.80239228,-128.2001006,rock,NA,NA,NA,macroalgae,macrocystis,macroalgae_rock,macrocystis_rock,91.35,3.005919999999998e-29,77,Metazoa,Rotifera,Rotifera,Ploima,Euchlanidae,NA,1,NA,TRUE,ASV208,2,NA
edna0086,ASV232,motu204,Cecidomyiidae,Hexapod,genus,1,1,1,1,27,48,29,215,229,NA,286,Cecidomyiidae,Hexapod,2018_womanley_surface,womanley,kelp,2018-07-16,NA,2018,surface,2,edna_womanley_15,surface,biological,14.4,30.54,8.23,12.5,31.11,8.1,7.5,1000,0,51.80239228,-128.2001006,rock,NA,NA,NA,macroalgae,macrocystis,macroalgae_rock,macrocystis_rock,100,0.00408744,30,Metazoa,Arthropoda,Arthropoda,Diptera,Cecidomyiidae,Cecidomyiidae,NA,NA,TRUE,ASV232,1,NA
edna0086,ASV285,motu244,Ophiopholis,Brittle star species,genus,1,1,1,1,189,370,105,378,311,NA,423,Ophiopholis kennerlyi,Daisy brittle star,2018_womanley_surface,womanley,kelp,2018-07-16,NA,2018,surface,2,edna_womanley_15,surface,biological,14.4,30.54,8.23,12.5,31.11,8.1,7.5,1000,0,51.80239228,-128.2001006,rock,NA,NA,NA,macroalgae,macrocystis,macroalgae_rock,macrocystis_rock,100,1.96163e-160,313,Metazoa,Echinodermata,Echinodermata,Amphilepidida,Ophiopholidae,Ophiopholis,0,0,TRUE,ASV275,7,NA
edna0086,ASV275,motu244,Ophiopholis kennerlyi,Daisy brittle star,species,1,1,1,1,266,499,208,559,552,NA,615,Ophiopholis kennerlyi,Daisy brittle star,2018_womanley_surface,womanley,kelp,2018-07-16,NA,2018,surface,2,edna_womanley_15,surface,biological,14.4,30.54,8.23,12.5,31.11,8.1,7.5,1000,0,51.80239228,-128.2001006,rock,NA,NA,NA,macroalgae,macrocystis,macroalgae_rock,macrocystis_rock,100,1.96163e-160,313,Metazoa,Echinodermata,Echinodermata,Amphilepidida,Ophiopholidae,Ophiopholis,0,0,TRUE,ASV275,7,Ophiopholis kennerlyi
edna0086,ASV324,motu285,Paracalanus parvus parvus,Calanoid copepod,species,1,NA,NA,NA,5,NA,NA,NA,NA,NA,NA,Paracalanus parvus parvus,Calanoid copepod,2018_womanley_surface,womanley,kelp,2018-07-16,NA,2018,surface,2,edna_womanley_15,surface,biological,14.4,30.54,8.23,12.5,31.11,8.1,7.5,1000,0,51.80239228,-128.2001006,rock,NA,NA,NA,macroalgae,macrocystis,macroalgae_rock,macrocystis_rock,100,1.17454e-132,263,Metazoa,Arthropoda,Copepoda,Calanoida,Paracalanidae,Paracalanus,0,0,TRUE,ASV324,6,Paracalanus parvus parvus
edna0086,ASV605,motu529,Ophiopholis,Brittle star species,genus,1,1,NA,NA,165,304,NA,NA,NA,NA,NA,Ophiopholis kennerlyi,Daisy brittle star,2018_womanley_surface,womanley,kelp,2018-07-16,NA,2018,surface,2,edna_womanley_15,surface,biological,14.4,30.54,8.23,12.5,31.11,8.1,7.5,1000,0,51.80239228,-128.2001006,rock,NA,NA,NA,macroalgae,macrocystis,macroalgae_rock,macrocystis_rock,100,1.96163e-160,313,Metazoa,Echinodermata,Echinodermata,Amphilepidida,Ophiopholidae,Ophiopholis,0,0,TRUE,ASV603,6,NA
edna0086,ASV595,motu522,Cecidomyiidae,Hexapod,genus,1,1,NA,NA,26,39,NA,NA,NA,NA,NA,Cecidomyiidae,Hexapod,2018_womanley_surface,womanley,kelp,2018-07-16,NA,2018,surface,2,edna_womanley_15,surface,biological,14.4,30.54,8.23,12.5,31.11,8.1,7.5,1000,0,51.80239228,-128.2001006,rock,NA,NA,NA,macroalgae,macrocystis,macroalgae_rock,macrocystis_rock,100,0.00408744,30,Metazoa,Arthropoda,Arthropoda,Diptera,Cecidomyiidae,Cecidomyiidae,NA,NA,TRUE,ASV595,1,NA
edna0086,ASV603,motu529,Ophiopholis kennerlyi,Daisy brittle star,species,1,1,NA,NA,196,462,NA,NA,NA,NA,NA,Ophiopholis kennerlyi,Daisy brittle star,2018_womanley_surface,womanley,kelp,2018-07-16,NA,2018,surface,2,edna_womanley_15,surface,biological,14.4,30.54,8.23,12.5,31.11,8.1,7.5,1000,0,51.80239228,-128.2001006,rock,NA,NA,NA,macroalgae,macrocystis,macroalgae_rock,macrocystis_rock,100,1.96163e-160,313,Metazoa,Echinodermata,Echinodermata,Amphilepidida,Ophiopholidae,Ophiopholis,0,0,TRUE,ASV603,6,Ophiopholis kennerlyi
edna0086,ASV352,motu311,Synchaeta vorax,Rotifer,species,1,1,1,1,48,81,39,70,81,NA,103,Synchaeta vorax,Rotifer,2018_womanley_surface,womanley,kelp,2018-07-16,NA,2018,surface,2,edna_womanley_15,surface,biological,14.4,30.54,8.23,12.5,31.11,8.1,7.5,1000,0,51.80239228,-128.2001006,rock,NA,NA,NA,macroalgae,macrocystis,macroalgae_rock,macrocystis_rock,98.08,7.129989999999999e-150,294,Metazoa,Rotifera,Eurotatoria,Ploima,Synchaetidae,Synchaeta,0,0,TRUE,ASV352,4,Synchaeta vorax
edna0086,ASV346,motu306,Synchaeta vorax,Rotifer,species,1,1,1,1,38,102,29,96,89,NA,112,Synchaeta vorax,Rotifer,2018_womanley_surface,womanley,kelp,2018-07-16,NA,2018,surface,2,edna_womanley_15,surface,biological,14.4,30.54,8.23,12.5,31.11,8.1,7.5,1000,0,51.80239228,-128.2001006,rock,NA,NA,NA,macroalgae,macrocystis,macroalgae_rock,macrocystis_rock,98.08,7.129989999999999e-150,294,Metazoa,Rotifera,Eurotatoria,Ploima,Synchaetidae,Synchaeta,0,0,TRUE,ASV346,5,Synchaeta vorax
edna0086,ASV613,motu536,Sabellariidae,Feather duster worm,family,1,1,NA,1,45,113,NA,126,99,NA,NA,Sabellariidae,Feather duster worm,2018_womanley_surface,womanley,kelp,2018-07-16,NA,2018,surface,2,edna_womanley_15,surface,biological,14.4,30.54,8.23,12.5,31.11,8.1,7.5,1000,0,51.80239228,-128.2001006,rock,NA,NA,NA,macroalgae,macrocystis,macroalgae_rock,macrocystis_rock,99.68,1.5051499999999994e-156,306,Metazoa,Annelida,Polychaeta,NA,Sabellariidae,NA,0,0,TRUE,ASV613,7,NA
edna0086,ASV521,motu458,Sabellariidae,Feather duster worm,family,1,1,1,1,61,116,46,140,113,NA,149,Sabellariidae,Feather duster worm,2018_womanley_surface,womanley,kelp,2018-07-16,NA,2018,surface,2,edna_womanley_15,surface,biological,14.4,30.54,8.23,12.5,31.11,8.1,7.5,1000,0,51.80239228,-128.2001006,rock,NA,NA,NA,macroalgae,macrocystis,macroalgae_rock,macrocystis_rock,99.68,1.5051499999999994e-156,306,Metazoa,Annelida,Polychaeta,NA,Sabellariidae,NA,0,0,TRUE,ASV521,12,NA
edna0086,ASV647,motu560,Synchaeta triophthalma,Rotifer,species,1,1,NA,1,3,14,NA,14,NA,NA,21,Synchaeta triophthalma,Rotifer,2018_womanley_surface,womanley,kelp,2018-07-16,NA,2018,surface,2,edna_womanley_15,surface,biological,14.4,30.54,8.23,12.5,31.11,8.1,7.5,1000,0,51.80239228,-128.2001006,rock,NA,NA,NA,macroalgae,macrocystis,macroalgae_rock,macrocystis_rock,91.99,3.511259999999999e-118,237,Metazoa,Rotifera,Eurotatoria,Ploima,Synchaetidae,Synchaeta,0,0,TRUE,ASV647,4,Synchaeta triophthalma
edna0086,ASV944,motu821,Phascolosoma (Phascolosoma) agassizii,Agassiz peanut worm,species,1,1,NA,1,64,112,NA,116,91,NA,134,Phascolosoma (Phascolosoma) agassizii,Agassiz peanut worm,2018_womanley_surface,womanley,kelp,2018-07-16,NA,2018,surface,2,edna_womanley_15,surface,biological,14.4,30.54,8.23,12.5,31.11,8.1,7.5,1000,0,51.80239228,-128.2001006,rock,NA,NA,NA,macroalgae,macrocystis,macroalgae_rock,macrocystis_rock,100,1.96163e-160,313,Metazoa,Annelida,NA,Sipuncula,Phascolosomatidae,Phascolosoma,0,0,TRUE,ASV944,3,Phascolosoma (Phascolosoma) agassizii
edna0086,ASV1526,motu1287,Myxicola aesthetica,Feather duster worm,species,1,1,NA,NA,45,114,NA,NA,NA,NA,NA,Myxicola aesthetica,Feather duster worm,2018_womanley_surface,womanley,kelp,2018-07-16,NA,2018,surface,2,edna_womanley_15,surface,biological,14.4,30.54,8.23,12.5,31.11,8.1,7.5,1000,0,51.80239228,-128.2001006,rock,NA,NA,NA,macroalgae,macrocystis,macroalgae_rock,macrocystis_rock,100,1.96163e-160,313,Metazoa,Annelida,Polychaeta,Sabellida,Sabellidae,Myxicola,0,0,TRUE,ASV1526,2,Myxicola aesthetica
edna0086,ASV1374,motu1160,Ergasilida,Cyclopoid copepod,order,1,1,NA,NA,7,22,NA,NA,NA,NA,NA,Ergasilida,Cyclopoid copepod,2018_womanley_surface,womanley,kelp,2018-07-16,NA,2018,surface,2,edna_womanley_15,surface,biological,14.4,30.54,8.23,12.5,31.11,8.1,7.5,1000,0,51.80239228,-128.2001006,rock,NA,NA,NA,macroalgae,macrocystis,macroalgae_rock,macrocystis_rock,100,1.96163e-160,313,Metazoa,Arthropoda,Copepoda,Cyclopoida,NA,NA,0,0,FALSE,ASV1374,1,NA
edna0086,ASV765,motu666,Myxicola aesthetica,Feather duster worm,species,1,1,NA,1,95,128,NA,249,211,NA,276,Myxicola aesthetica,Feather duster worm,2018_womanley_surface,womanley,kelp,2018-07-16,NA,2018,surface,2,edna_womanley_15,surface,biological,14.4,30.54,8.23,12.5,31.11,8.1,7.5,1000,0,51.80239228,-128.2001006,rock,NA,NA,NA,macroalgae,macrocystis,macroalgae_rock,macrocystis_rock,100,1.96163e-160,313,Metazoa,Annelida,Polychaeta,Sabellida,Sabellidae,Myxicola,0,0,TRUE,ASV765,3,Myxicola aesthetica
edna0086,ASV795,motu692,Phascolosoma (Phascolosoma) agassizii,Agassiz peanut worm,species,1,1,1,1,75,96,48,107,107,NA,120,Phascolosoma (Phascolosoma) agassizii,Agassiz peanut worm,2018_womanley_surface,womanley,kelp,2018-07-16,NA,2018,surface,2,edna_womanley_15,surface,biological,14.4,30.54,8.23,12.5,31.11,8.1,7.5,1000,0,51.80239228,-128.2001006,rock,NA,NA,NA,macroalgae,macrocystis,macroalgae_rock,macrocystis_rock,100,1.96163e-160,313,Metazoa,Annelida,NA,Sipuncula,Phascolosomatidae,Phascolosoma,0,0,TRUE,ASV795,3,Phascolosoma (Phascolosoma) agassizii
edna0086,ASV1742,motu1454,Micropodarke dubia,Hesionid polychaete,species,1,NA,NA,NA,3,NA,NA,NA,NA,NA,NA,Micropodarke dubia,Hesionid polychaete,2018_womanley_surface,womanley,kelp,2018-07-16,NA,2018,surface,2,edna_womanley_15,surface,biological,14.4,30.54,8.23,12.5,31.11,8.1,7.5,1000,0,51.80239228,-128.2001006,rock,NA,NA,NA,macroalgae,macrocystis,macroalgae_rock,macrocystis_rock,100,1.96163e-160,313,Metazoa,Annelida,Polychaeta,Phyllodocida,Hesionidae,Micropodarke,0,0,TRUE,ASV1742,2,Micropodarke dubia
edna0086,ASV2187,motu1804,Saccocirrus,Polychaete,genus,1,1,NA,NA,3,6,NA,NA,NA,NA,NA,Saccocirrus,Polychaete,2018_womanley_surface,womanley,kelp,2018-07-16,NA,2018,surface,2,edna_womanley_15,surface,biological,14.4,30.54,8.23,12.5,31.11,8.1,7.5,1000,0,51.80239228,-128.2001006,rock,NA,NA,NA,macroalgae,macrocystis,macroalgae_rock,macrocystis_rock,100,1.96163e-160,313,Metazoa,Annelida,Polychaeta,NA,Saccocirridae,Saccocirrus,0,0,TRUE,ASV2187,1,NA
edna0086,ASV2058,motu1704,Saccocirrus,Polychaete,genus,1,1,NA,NA,7,10,NA,NA,NA,NA,NA,Saccocirrus,Polychaete,2018_womanley_surface,womanley,kelp,2018-07-16,NA,2018,surface,2,edna_womanley_15,surface,biological,14.4,30.54,8.23,12.5,31.11,8.1,7.5,1000,0,51.80239228,-128.2001006,rock,NA,NA,NA,macroalgae,macrocystis,macroalgae_rock,macrocystis_rock,100,1.96163e-160,313,Metazoa,Annelida,Polychaeta,NA,Saccocirridae,Saccocirrus,0,0,TRUE,ASV2058,1,NA
edna0086,ASV2276,motu1287,Myxicola aesthetica,Feather duster worm,species,1,1,NA,NA,34,76,NA,NA,NA,NA,NA,Myxicola aesthetica,Feather duster worm,2018_womanley_surface,womanley,kelp,2018-07-16,NA,2018,surface,2,edna_womanley_15,surface,biological,14.4,30.54,8.23,12.5,31.11,8.1,7.5,1000,0,51.80239228,-128.2001006,rock,NA,NA,NA,macroalgae,macrocystis,macroalgae_rock,macrocystis_rock,99.68,9.126599999999999e-159,310,Metazoa,Annelida,Polychaeta,Sabellida,Sabellidae,Myxicola,0,0,TRUE,ASV1526,2,Myxicola aesthetica
edna0086,ASV1467,motu1238,Tubulanus sexlineatus,Six lined ribbon worm,species,1,1,1,1,11,6,8,29,28,NA,22,Tubulanus sexlineatus,Six lined ribbon worm,2018_womanley_surface,womanley,kelp,2018-07-16,NA,2018,surface,2,edna_womanley_15,surface,biological,14.4,30.54,8.23,12.5,31.11,8.1,7.5,1000,0,51.80239228,-128.2001006,rock,NA,NA,NA,macroalgae,macrocystis,macroalgae_rock,macrocystis_rock,100,1.96163e-160,313,Metazoa,Nemertea,Palaeonemertea,Tubulaniformes,Tubulanidae,Tubulanus,0,0,TRUE,ASV1467,1,Tubulanus sexlineatus
edna0086,ASV2352,motu1933,Tubulanus sexlineatus,Six lined ribbon worm,species,1,1,NA,NA,10,16,NA,NA,NA,NA,NA,Tubulanus sexlineatus,Six lined ribbon worm,2018_womanley_surface,womanley,kelp,2018-07-16,NA,2018,surface,2,edna_womanley_15,surface,biological,14.4,30.54,8.23,12.5,31.11,8.1,7.5,1000,0,51.80239228,-128.2001006,rock,NA,NA,NA,macroalgae,macrocystis,macroalgae_rock,macrocystis_rock,100,1.96163e-160,313,Metazoa,Nemertea,Palaeonemertea,Tubulaniformes,Tubulanidae,Tubulanus,0,0,TRUE,ASV2352,1,Tubulanus sexlineatus
edna0086,ASV1659,motu1390,Decapoda,Decapod crustacean species,order,1,1,NA,1,31,46,NA,NA,64,NA,107,Decapoda,Decapod crustacean species,2018_womanley_surface,womanley,kelp,2018-07-16,NA,2018,surface,2,edna_womanley_15,surface,biological,14.4,30.54,8.23,12.5,31.11,8.1,7.5,1000,0,51.80239228,-128.2001006,rock,NA,NA,NA,macroalgae,macrocystis,macroalgae_rock,macrocystis_rock,91.67,1.88829e-6,36,Metazoa,Arthropoda,Arthropoda,Decapoda,NA,NA,0,0,TRUE,ASV1659,1,NA
edna0086,ASV1082,motu932,Obelia dichotoma,Sea thread hydroid,species,1,1,NA,1,11,7,NA,25,29,NA,52,Obelia dichotoma,Sea thread hydroid,2018_womanley_surface,womanley,kelp,2018-07-16,NA,2018,surface,2,edna_womanley_15,surface,biological,14.4,30.54,8.23,12.5,31.11,8.1,7.5,1000,0,51.80239228,-128.2001006,rock,NA,NA,NA,macroalgae,macrocystis,macroalgae_rock,macrocystis_rock,100,5.353989999999996e-156,305,Metazoa,Cnidaria,Hydrozoa,Leptothecata,Campanulariidae,Obelia,0,0,TRUE,ASV1082,1,Obelia dichotoma
edna0086,ASV2720,motu1832,Phascolosoma (Phascolosoma) agassizii,Agassiz peanut worm,species,1,1,NA,NA,47,77,NA,NA,NA,NA,NA,Phascolosoma (Phascolosoma) agassizii,Agassiz peanut worm,2018_womanley_surface,womanley,kelp,2018-07-16,NA,2018,surface,2,edna_womanley_15,surface,biological,14.4,30.54,8.23,12.5,31.11,8.1,7.5,1000,0,51.80239228,-128.2001006,rock,NA,NA,NA,macroalgae,macrocystis,macroalgae_rock,macrocystis_rock,100,1.96163e-160,313,Metazoa,Annelida,NA,Sipuncula,Phascolosomatidae,Phascolosoma,0,0,TRUE,ASV2222,2,Phascolosoma (Phascolosoma) agassizii
edna0086,ASV1591,motu1341,Decapoda,Decapod crustacean species,order,1,1,NA,1,25,51,NA,114,NA,NA,120,Decapoda,Decapod crustacean species,2018_womanley_surface,womanley,kelp,2018-07-16,NA,2018,surface,2,edna_womanley_15,surface,biological,14.4,30.54,8.23,12.5,31.11,8.1,7.5,1000,0,51.80239228,-128.2001006,rock,NA,NA,NA,macroalgae,macrocystis,macroalgae_rock,macrocystis_rock,91.67,1.88829e-6,36,Metazoa,Arthropoda,Arthropoda,Decapoda,NA,NA,0,0,TRUE,ASV1591,1,NA
edna0086,ASV2203,motu1819,Obelia dichotoma,Sea thread hydroid,species,1,1,NA,NA,5,8,NA,NA,NA,NA,NA,Obelia dichotoma,Sea thread hydroid,2018_womanley_surface,womanley,kelp,2018-07-16,NA,2018,surface,2,edna_womanley_15,surface,biological,14.4,30.54,8.23,12.5,31.11,8.1,7.5,1000,0,51.80239228,-128.2001006,rock,NA,NA,NA,macroalgae,macrocystis,macroalgae_rock,macrocystis_rock,100,5.353989999999996e-156,305,Metazoa,Cnidaria,Hydrozoa,Leptothecata,Campanulariidae,Obelia,0,0,TRUE,ASV2203,1,Obelia dichotoma
edna0086,ASV1917,motu1595,Arthropoda,Unknown arthropod,phylum,1,1,1,1,9,11,3,NA,4,NA,7,Arthropoda,Unknown arthropod,2018_womanley_surface,womanley,kelp,2018-07-16,NA,2018,surface,2,edna_womanley_15,surface,biological,14.4,30.54,8.23,12.5,31.11,8.1,7.5,1000,0,51.80239228,-128.2001006,rock,NA,NA,NA,macroalgae,macrocystis,macroalgae_rock,macrocystis_rock,95,2.34566e-5,34,Metazoa,Arthropoda,NA,NA,NA,NA,NA,NA,TRUE,ASV1917,1,NA
edna0086,ASV2840,motu2298,Arthropoda,Unknown arthropod,phylum,1,1,NA,NA,4,7,NA,NA,NA,NA,NA,Arthropoda,Unknown arthropod,2018_womanley_surface,womanley,kelp,2018-07-16,NA,2018,surface,2,edna_womanley_15,surface,biological,14.4,30.54,8.23,12.5,31.11,8.1,7.5,1000,0,51.80239228,-128.2001006,rock,NA,NA,NA,macroalgae,macrocystis,macroalgae_rock,macrocystis_rock,95,2.34566e-5,34,Metazoa,Arthropoda,NA,NA,NA,NA,NA,NA,TRUE,ASV2840,1,NA
edna0086,ASV3723,motu821,Phascolosoma (Phascolosoma) agassizii,Agassiz peanut worm,species,1,1,NA,NA,32,54,NA,NA,NA,NA,NA,Phascolosoma (Phascolosoma) agassizii,Agassiz peanut worm,2018_womanley_surface,womanley,kelp,2018-07-16,NA,2018,surface,2,edna_womanley_15,surface,biological,14.4,30.54,8.23,12.5,31.11,8.1,7.5,1000,0,51.80239228,-128.2001006,rock,NA,NA,NA,macroalgae,macrocystis,macroalgae_rock,macrocystis_rock,99.68,9.126599999999999e-159,310,Metazoa,Annelida,NA,Sipuncula,Phascolosomatidae,Phascolosoma,0,0,TRUE,ASV944,3,Phascolosoma (Phascolosoma) agassizii
edna0086,ASV2413,motu1971,Ferkeria,Other arachnid,genus,1,1,NA,1,4,7,NA,NA,8,NA,10,Ferkeria,Other arachnid,2018_womanley_surface,womanley,kelp,2018-07-16,NA,2018,surface,2,edna_womanley_15,surface,biological,14.4,30.54,8.23,12.5,31.11,8.1,7.5,1000,0,51.80239228,-128.2001006,rock,NA,NA,NA,macroalgae,macrocystis,macroalgae_rock,macrocystis_rock,97.06,0.00112005,31,Metazoa,Arthropoda,Arthropoda,Grassatores,NA,Ferkeria,NA,NA,TRUE,ASV2413,1,NA
edna0086,ASV2335,motu1921,Ferkeria,Other arachnid,genus,1,NA,1,1,2,NA,3,6,9,NA,7,Ferkeria,Other arachnid,2018_womanley_surface,womanley,kelp,2018-07-16,NA,2018,surface,2,edna_womanley_15,surface,biological,14.4,30.54,8.23,12.5,31.11,8.1,7.5,1000,0,51.80239228,-128.2001006,rock,NA,NA,NA,macroalgae,macrocystis,macroalgae_rock,macrocystis_rock,97.06,0.00112005,31,Metazoa,Arthropoda,Arthropoda,Grassatores,NA,Ferkeria,NA,NA,TRUE,ASV2335,1,NA
edna0086,ASV2953,motu2381,Ergasilida,Cyclopoid copepod,order,1,NA,NA,NA,8,NA,NA,NA,NA,NA,NA,Ergasilida,Cyclopoid copepod,2018_womanley_surface,womanley,kelp,2018-07-16,NA,2018,surface,2,edna_womanley_15,surface,biological,14.4,30.54,8.23,12.5,31.11,8.1,7.5,1000,0,51.80239228,-128.2001006,rock,NA,NA,NA,macroalgae,macrocystis,macroalgae_rock,macrocystis_rock,100,3.2351099999999996e-158,309,Metazoa,Arthropoda,Copepoda,Cyclopoida,NA,NA,0,0,FALSE,ASV2953,1,NA
edna0086,ASV2992,motu2411,Amphipholis squamata,Dwarf brittle star,species,1,1,NA,1,4,8,NA,12,NA,NA,15,Amphipholis squamata,Dwarf brittle star,2018_womanley_surface,womanley,kelp,2018-07-16,NA,2018,surface,2,edna_womanley_15,surface,biological,14.4,30.54,8.23,12.5,31.11,8.1,7.5,1000,0,51.80239228,-128.2001006,rock,NA,NA,NA,macroalgae,macrocystis,macroalgae_rock,macrocystis_rock,100,3.2351099999999996e-158,309,Metazoa,Echinodermata,Ophiuroidea,Amphilepidida,Amphiuridae,Amphipholis,0,0,TRUE,ASV2992,2,Amphipholis squamata
edna0086,ASV3115,motu2503,Synchaeta cecilia,Rotifer,species,1,1,NA,1,2,8,NA,NA,8,NA,10,Synchaeta cecilia,Rotifer,2018_womanley_surface,womanley,kelp,2018-07-16,NA,2018,surface,2,edna_womanley_15,surface,biological,14.4,30.54,8.23,12.5,31.11,8.1,7.5,1000,0,51.80239228,-128.2001006,rock,NA,NA,NA,macroalgae,macrocystis,macroalgae_rock,macrocystis_rock,90.73,1.2488499999999995e-107,218,Metazoa,Rotifera,Eurotatoria,Ploima,Synchaetidae,Synchaeta,0,0,TRUE,ASV3115,1,Synchaeta cecilia
edna0086,ASV6138,motu4730,Pentatomomorpha,Hexapod,family,1,NA,NA,1,4,NA,NA,7,NA,NA,NA,Pentatomomorpha,Hexapod,2018_womanley_surface,womanley,kelp,2018-07-16,NA,2018,surface,2,edna_womanley_15,surface,biological,14.4,30.54,8.23,12.5,31.11,8.1,7.5,1000,0,51.80239228,-128.2001006,rock,NA,NA,NA,macroalgae,macrocystis,macroalgae_rock,macrocystis_rock,94.34,6.74363e-11,44,Metazoa,Arthropoda,Arthropoda,Hemiptera,Pentatomomorpha,NA,NA,NA,TRUE,ASV6138,1,NA
edna0086,ASV6513,motu5043,Campanulariidae,Thecate Hydroid,family,1,1,NA,NA,3,3,NA,NA,NA,NA,NA,Campanulariidae,Thecate Hydroid,2018_womanley_surface,womanley,kelp,2018-07-16,NA,2018,surface,2,edna_womanley_15,surface,biological,14.4,30.54,8.23,12.5,31.11,8.1,7.5,1000,0,51.80239228,-128.2001006,rock,NA,NA,NA,macroalgae,macrocystis,macroalgae_rock,macrocystis_rock,93.59,1.25111e-112,227,Metazoa,Cnidaria,Cnidaria,Leptothecata,Campanulariidae,NA,0,0,TRUE,ASV6513,1,NA
edna0127,ASV258,motu228,Lensia,Siphonophore,genus,1,1,NA,NA,84,190,NA,NA,NA,NA,NA,Lensia,Siphonophore,2018_pba_surface,pba,beach_seine,2018-08-23,2018-08-25,2018,surface,1,edna_pba_00,repeat-surface,biological,NA,NA,NA,NA,NA,NA,4.3,675,0,51.64670412,-128.1188409,mud,y,180,p,seagrass,zostera,seagrass_mud,zostera_mud,100,0.00408744,30,Metazoa,Cnidaria,Cnidaria,Siphonophorae,Diphyidae,Lensia,0,0,TRUE,ASV258,1,NA
edna0127,ASV131,motu117,Lensia,Siphonophore,genus,1,1,1,1,70,169,60,52,147,NA,78,Lensia,Siphonophore,2018_pba_surface,pba,beach_seine,2018-08-23,2018-08-25,2018,surface,1,edna_pba_00,repeat-surface,biological,NA,NA,NA,NA,NA,NA,4.3,675,0,51.64670412,-128.1188409,mud,y,180,p,seagrass,zostera,seagrass_mud,zostera_mud,100,0.00408744,30,Metazoa,Cnidaria,Cnidaria,Siphonophorae,Diphyidae,Lensia,0,0,TRUE,ASV131,2,NA
edna0127,ASV216,motu190,Mytilus trossulus,Bay mussel,species,1,1,NA,1,16,24,NA,9,18,NA,16,Mytilus trossulus,Bay mussel,2018_pba_surface,pba,beach_seine,2018-08-23,2018-08-25,2018,surface,1,edna_pba_00,repeat-surface,biological,NA,NA,NA,NA,NA,NA,4.3,675,0,51.64670412,-128.1188409,mud,y,180,p,seagrass,zostera,seagrass_mud,zostera_mud,100,3.2351099999999996e-158,309,Metazoa,Mollusca,Mollusca,Mytilida,Mytilidae,Mytilus,0,0,TRUE,ASV216,23,Mytilus trossulus
edna0127,ASV447,motu394,Balanus glandula,Acorn barnacle,species,1,1,NA,NA,5,11,NA,NA,NA,NA,NA,Balanus glandula,Acorn barnacle,2018_pba_surface,pba,beach_seine,2018-08-23,2018-08-25,2018,surface,1,edna_pba_00,repeat-surface,biological,NA,NA,NA,NA,NA,NA,4.3,675,0,51.64670412,-128.1188409,mud,y,180,p,seagrass,zostera,seagrass_mud,zostera_mud,100,3.2351099999999996e-158,309,Metazoa,Arthropoda,Thecostraca,Balanomorpha,Balanidae,Balanus,0,0,TRUE,ASV447,12,Balanus glandula
edna0127,ASV308,motu270,Synchaeta baltica,Rotifer,species,1,1,1,1,48,81,37,45,59,NA,54,Synchaeta baltica,Rotifer,2018_pba_surface,pba,beach_seine,2018-08-23,2018-08-25,2018,surface,1,edna_pba_00,repeat-surface,biological,NA,NA,NA,NA,NA,NA,4.3,675,0,51.64670412,-128.1188409,mud,y,180,p,seagrass,zostera,seagrass_mud,zostera_mud,90.79,3.5361899999999996e-113,228,Metazoa,Rotifera,Eurotatoria,Ploima,Synchaetidae,Synchaeta,0,0,TRUE,ASV308,3,Synchaeta baltica
edna0127,ASV328,motu288,Synchaeta baltica,Rotifer,species,1,1,1,1,49,57,31,36,70,NA,44,Synchaeta baltica,Rotifer,2018_pba_surface,pba,beach_seine,2018-08-23,2018-08-25,2018,surface,1,edna_pba_00,repeat-surface,biological,NA,NA,NA,NA,NA,NA,4.3,675,0,51.64670412,-128.1188409,mud,y,180,p,seagrass,zostera,seagrass_mud,zostera_mud,90.79,3.5361899999999996e-113,228,Metazoa,Rotifera,Eurotatoria,Ploima,Synchaetidae,Synchaeta,0,0,TRUE,ASV328,3,Synchaeta baltica
edna0127,ASV1546,motu1303,Chaetognatha,Arrow worm,phylum,1,NA,NA,NA,6,NA,NA,NA,NA,NA,NA,Chaetognatha,Arrow worm,2018_pba_surface,pba,beach_seine,2018-08-23,2018-08-25,2018,surface,1,edna_pba_00,repeat-surface,biological,NA,NA,NA,NA,NA,NA,4.3,675,0,51.64670412,-128.1188409,mud,y,180,p,seagrass,zostera,seagrass_mud,zostera_mud,95.02,1.63074e-81,171,Metazoa,Chaetognatha,NA,NA,NA,NA,0,0,TRUE,ASV1546,2,NA
edna0127,ASV1791,motu1494,Saxidomus nuttalli,California butterclam,species,1,NA,NA,1,10,NA,NA,NA,NA,NA,17,Saxidomus nuttalli,California butterclam,2018_pba_surface,pba,beach_seine,2018-08-23,2018-08-25,2018,surface,1,edna_pba_00,repeat-surface,biological,NA,NA,NA,NA,NA,NA,4.3,675,0,51.64670412,-128.1188409,mud,y,180,p,seagrass,zostera,seagrass_mud,zostera_mud,99.68,4.246189999999999e-157,307,Metazoa,Mollusca,Bivalvia,Venerida,Veneridae,Saxidomus,0,0,TRUE,ASV1791,2,Saxidomus nuttalli
edna0127,ASV3473,motu2758,Staphylinidae,Hexapod,genus,1,1,NA,1,3,7,NA,NA,NA,NA,6,Staphylinidae,Hexapod,2018_pba_surface,pba,beach_seine,2018-08-23,2018-08-25,2018,surface,1,edna_pba_00,repeat-surface,biological,NA,NA,NA,NA,NA,NA,4.3,675,0,51.64670412,-128.1188409,mud,y,180,p,seagrass,zostera,seagrass_mud,zostera_mud,90.14,3.11539e-14,50,Metazoa,Arthropoda,Arthropoda,Coleoptera,Staphylinidae,Staphylinidae,NA,NA,TRUE,ASV3473,1,NA
edna0129,ASV25,motu22,Acartia (Acartiura) longiremis,Calanoid copepod,species,1,1,1,1,49,95,35,135,99,NA,170,Acartia (Acartiura) longiremis,Calanoid copepod,2018_pba_surface,pba,beach_seine,2018-08-23,2018-08-25,2018,surface,3,edna_pba_30,repeat-surface,biological,NA,NA,NA,NA,NA,NA,4.6,820,0,51.64642312,-128.1189452,mud,y,180,p,seagrass,zostera,seagrass_mud,zostera_mud,100,1.96163e-160,313,Metazoa,Arthropoda,Copepoda,Calanoida,Acartiidae,Acartia,0,0,TRUE,ASV25,27,Acartia (Acartiura) longiremis
edna0129,ASV81,motu71,Acartia (Acartiura) longiremis,Calanoid copepod,species,1,1,NA,NA,35,81,NA,NA,NA,NA,NA,Acartia (Acartiura) longiremis,Calanoid copepod,2018_pba_surface,pba,beach_seine,2018-08-23,2018-08-25,2018,surface,3,edna_pba_30,repeat-surface,biological,NA,NA,NA,NA,NA,NA,4.6,820,0,51.64642312,-128.1189452,mud,y,180,p,seagrass,zostera,seagrass_mud,zostera_mud,100,1.96163e-160,313,Metazoa,Arthropoda,Copepoda,Calanoida,Acartiidae,Acartia,0,0,TRUE,ASV81,23,Acartia (Acartiura) longiremis
edna0129,ASV143,motu128,Centropages abdominalis,Calanoid copepod,species,1,1,NA,NA,4,2,NA,NA,NA,NA,NA,Centropages abdominalis,Calanoid copepod,2018_pba_surface,pba,beach_seine,2018-08-23,2018-08-25,2018,surface,3,edna_pba_30,repeat-surface,biological,NA,NA,NA,NA,NA,NA,4.6,820,0,51.64642312,-128.1189452,mud,y,180,p,seagrass,zostera,seagrass_mud,zostera_mud,100,1.96163e-160,313,Metazoa,Arthropoda,Copepoda,Calanoida,Centropagidae,Centropages,0,0,TRUE,ASV143,11,Centropages abdominalis
edna0129,ASV258,motu228,Lensia,Siphonophore,genus,1,1,NA,NA,43,80,NA,NA,NA,NA,NA,Lensia,Siphonophore,2018_pba_surface,pba,beach_seine,2018-08-23,2018-08-25,2018,surface,3,edna_pba_30,repeat-surface,biological,NA,NA,NA,NA,NA,NA,4.6,820,0,51.64642312,-128.1189452,mud,y,180,p,seagrass,zostera,seagrass_mud,zostera_mud,100,0.00408744,30,Metazoa,Cnidaria,Cnidaria,Siphonophorae,Diphyidae,Lensia,0,0,TRUE,ASV258,1,NA
edna0129,ASV131,motu117,Lensia,Siphonophore,genus,1,1,NA,1,48,85,NA,165,92,NA,129,Lensia,Siphonophore,2018_pba_surface,pba,beach_seine,2018-08-23,2018-08-25,2018,surface,3,edna_pba_30,repeat-surface,biological,NA,NA,NA,NA,NA,NA,4.6,820,0,51.64642312,-128.1189452,mud,y,180,p,seagrass,zostera,seagrass_mud,zostera_mud,100,0.00408744,30,Metazoa,Cnidaria,Cnidaria,Siphonophorae,Diphyidae,Lensia,0,0,TRUE,ASV131,2,NA
edna0129,ASV226,motu199,Mytilus trossulus,Bay mussel,species,1,1,1,1,19,23,12,64,37,NA,75,Mytilus trossulus,Bay mussel,2018_pba_surface,pba,beach_seine,2018-08-23,2018-08-25,2018,surface,3,edna_pba_30,repeat-surface,biological,NA,NA,NA,NA,NA,NA,4.6,820,0,51.64642312,-128.1189452,mud,y,180,p,seagrass,zostera,seagrass_mud,zostera_mud,100,3.2351099999999996e-158,309,Metazoa,Mollusca,Mollusca,Mytilida,Mytilidae,Mytilus,0,0,TRUE,ASV226,18,Mytilus trossulus
edna0129,ASV216,motu190,Mytilus trossulus,Bay mussel,species,1,1,1,1,31,30,14,67,28,NA,64,Mytilus trossulus,Bay mussel,2018_pba_surface,pba,beach_seine,2018-08-23,2018-08-25,2018,surface,3,edna_pba_30,repeat-surface,biological,NA,NA,NA,NA,NA,NA,4.6,820,0,51.64642312,-128.1189452,mud,y,180,p,seagrass,zostera,seagrass_mud,zostera_mud,100,3.2351099999999996e-158,309,Metazoa,Mollusca,Mollusca,Mytilida,Mytilidae,Mytilus,0,0,TRUE,ASV216,23,Mytilus trossulus
edna0129,ASV324,motu285,Paracalanus parvus parvus,Calanoid copepod,species,1,1,1,1,29,47,23,33,41,NA,NA,Paracalanus parvus parvus,Calanoid copepod,2018_pba_surface,pba,beach_seine,2018-08-23,2018-08-25,2018,surface,3,edna_pba_30,repeat-surface,biological,NA,NA,NA,NA,NA,NA,4.6,820,0,51.64642312,-128.1189452,mud,y,180,p,seagrass,zostera,seagrass_mud,zostera_mud,100,1.17454e-132,263,Metazoa,Arthropoda,Copepoda,Calanoida,Paracalanidae,Paracalanus,0,0,TRUE,ASV324,6,Paracalanus parvus parvus
edna0129,ASV536,motu470,Paracalanus parvus parvus,Calanoid copepod,species,1,1,NA,NA,30,34,NA,NA,NA,NA,NA,Paracalanus parvus parvus,Calanoid copepod,2018_pba_surface,pba,beach_seine,2018-08-23,2018-08-25,2018,surface,3,edna_pba_30,repeat-surface,biological,NA,NA,NA,NA,NA,NA,4.6,820,0,51.64642312,-128.1189452,mud,y,180,p,seagrass,zostera,seagrass_mud,zostera_mud,100,1.17454e-132,263,Metazoa,Arthropoda,Copepoda,Calanoida,Paracalanidae,Paracalanus,0,0,TRUE,ASV536,6,Paracalanus parvus parvus
edna0129,ASV377,motu334,Synchaeta pectinata,Rotifer,species,1,1,NA,NA,7,16,NA,NA,NA,NA,NA,Synchaeta pectinata,Rotifer,2018_pba_surface,pba,beach_seine,2018-08-23,2018-08-25,2018,surface,3,edna_pba_30,repeat-surface,biological,NA,NA,NA,NA,NA,NA,4.6,820,0,51.64642312,-128.1189452,mud,y,180,p,seagrass,zostera,seagrass_mud,zostera_mud,90.48,1.6452299999999999e-111,225,Metazoa,Rotifera,Eurotatoria,Ploima,Synchaetidae,Synchaeta,0,0,TRUE,ASV377,5,Synchaeta pectinata
edna0129,ASV398,motu350,Synchaeta pectinata,Rotifer,species,1,NA,NA,1,6,NA,NA,NA,16,NA,NA,Synchaeta pectinata,Rotifer,2018_pba_surface,pba,beach_seine,2018-08-23,2018-08-25,2018,surface,3,edna_pba_30,repeat-surface,biological,NA,NA,NA,NA,NA,NA,4.6,820,0,51.64642312,-128.1189452,mud,y,180,p,seagrass,zostera,seagrass_mud,zostera_mud,90.48,1.6452299999999999e-111,225,Metazoa,Rotifera,Eurotatoria,Ploima,Synchaetidae,Synchaeta,0,0,TRUE,ASV398,4,Synchaeta pectinata
edna0129,ASV352,motu311,Synchaeta vorax,Rotifer,species,1,1,1,1,3,11,2,12,5,NA,NA,Synchaeta vorax,Rotifer,2018_pba_surface,pba,beach_seine,2018-08-23,2018-08-25,2018,surface,3,edna_pba_30,repeat-surface,biological,NA,NA,NA,NA,NA,NA,4.6,820,0,51.64642312,-128.1189452,mud,y,180,p,seagrass,zostera,seagrass_mud,zostera_mud,98.08,7.129989999999999e-150,294,Metazoa,Rotifera,Eurotatoria,Ploima,Synchaetidae,Synchaeta,0,0,TRUE,ASV352,4,Synchaeta vorax
edna0129,ASV312,motu274,Synchaeta baltica,Rotifer,species,1,1,1,1,64,92,22,69,182,NA,224,Synchaeta baltica,Rotifer,2018_pba_surface,pba,beach_seine,2018-08-23,2018-08-25,2018,surface,3,edna_pba_30,repeat-surface,biological,NA,NA,NA,NA,NA,NA,4.6,820,0,51.64642312,-128.1189452,mud,y,180,p,seagrass,zostera,seagrass_mud,zostera_mud,90.45,5.9173e-111,224,Metazoa,Rotifera,Eurotatoria,Ploima,Synchaetidae,Synchaeta,0,0,TRUE,ASV312,1,Synchaeta baltica
edna0129,ASV346,motu306,Synchaeta vorax,Rotifer,species,1,1,1,1,10,16,4,13,NA,NA,8,Synchaeta vorax,Rotifer,2018_pba_surface,pba,beach_seine,2018-08-23,2018-08-25,2018,surface,3,edna_pba_30,repeat-surface,biological,NA,NA,NA,NA,NA,NA,4.6,820,0,51.64642312,-128.1189452,mud,y,180,p,seagrass,zostera,seagrass_mud,zostera_mud,98.08,7.129989999999999e-150,294,Metazoa,Rotifera,Eurotatoria,Ploima,Synchaetidae,Synchaeta,0,0,TRUE,ASV346,5,Synchaeta vorax
edna0129,ASV356,motu315,Synchaeta baltica,Rotifer,species,1,1,1,1,45,82,35,52,177,NA,177,Synchaeta baltica,Rotifer,2018_pba_surface,pba,beach_seine,2018-08-23,2018-08-25,2018,surface,3,edna_pba_30,repeat-surface,biological,NA,NA,NA,NA,NA,NA,4.6,820,0,51.64642312,-128.1189452,mud,y,180,p,seagrass,zostera,seagrass_mud,zostera_mud,90.45,5.9173e-111,224,Metazoa,Rotifera,Eurotatoria,Ploima,Synchaetidae,Synchaeta,0,0,TRUE,ASV356,1,Synchaeta baltica
edna0129,ASV679,motu591,Phyllodocida,Polychaete,order,1,NA,NA,NA,3,NA,NA,NA,NA,NA,NA,Phyllodocida,Polychaete,2018_pba_surface,pba,beach_seine,2018-08-23,2018-08-25,2018,surface,3,edna_pba_30,repeat-surface,biological,NA,NA,NA,NA,NA,NA,4.6,820,0,51.64642312,-128.1189452,mud,y,180,p,seagrass,zostera,seagrass_mud,zostera_mud,100,0.0603188,28,Metazoa,Annelida,Annelida,Phyllodocida,NA,NA,0,0,TRUE,ASV679,1,NA
edna0129,ASV1059,motu911,Pleurobrachia bachei,Pacific sea gooseberry,species,1,1,NA,1,23,25,NA,NA,NA,NA,96,Pleurobrachia bachei,Pacific sea gooseberry,2018_pba_surface,pba,beach_seine,2018-08-23,2018-08-25,2018,surface,3,edna_pba_30,repeat-surface,biological,NA,NA,NA,NA,NA,NA,4.6,820,0,51.64642312,-128.1189452,mud,y,180,p,seagrass,zostera,seagrass_mud,zostera_mud,100,1.96163e-160,313,Metazoa,Ctenophora,Tentaculata,Cydippida,Cydippidae,Pleurobrachia,0,0,TRUE,ASV1059,3,Pleurobrachia bachei
edna0129,ASV1070,motu922,Pleurobrachia bachei,Pacific sea gooseberry,species,1,NA,NA,1,11,NA,NA,NA,NA,NA,46,Pleurobrachia bachei,Pacific sea gooseberry,2018_pba_surface,pba,beach_seine,2018-08-23,2018-08-25,2018,surface,3,edna_pba_30,repeat-surface,biological,NA,NA,NA,NA,NA,NA,4.6,820,0,51.64642312,-128.1189452,mud,y,180,p,seagrass,zostera,seagrass_mud,zostera_mud,100,1.96163e-160,313,Metazoa,Ctenophora,Tentaculata,Cydippida,Cydippidae,Pleurobrachia,0,0,TRUE,ASV1070,7,Pleurobrachia bachei
edna0129,ASV1387,motu1171,Balanus glandula,Acorn barnacle,species,1,1,1,1,124,218,71,344,NA,NA,NA,Balanus glandula,Acorn barnacle,2018_pba_surface,pba,beach_seine,2018-08-23,2018-08-25,2018,surface,3,edna_pba_30,repeat-surface,biological,NA,NA,NA,NA,NA,NA,4.6,820,0,51.64642312,-128.1189452,mud,y,180,p,seagrass,zostera,seagrass_mud,zostera_mud,99.36,4.246189999999999e-157,307,Metazoa,Arthropoda,Thecostraca,Balanomorpha,Balanidae,Balanus,0,0,TRUE,ASV1387,1,Balanus glandula
edna0129,ASV2140,motu1763,Balanus glandula,Acorn barnacle,species,1,1,NA,NA,118,189,NA,NA,NA,NA,NA,Balanus glandula,Acorn barnacle,2018_pba_surface,pba,beach_seine,2018-08-23,2018-08-25,2018,surface,3,edna_pba_30,repeat-surface,biological,NA,NA,NA,NA,NA,NA,4.6,820,0,51.64642312,-128.1189452,mud,y,180,p,seagrass,zostera,seagrass_mud,zostera_mud,99.36,4.246189999999999e-157,307,Metazoa,Arthropoda,Thecostraca,Balanomorpha,Balanidae,Balanus,0,0,TRUE,ASV2140,1,Balanus glandula
edna0129,ASV1791,motu1494,Saxidomus nuttalli,California butterclam,species,1,1,1,NA,10,22,10,NA,NA,NA,NA,Saxidomus nuttalli,California butterclam,2018_pba_surface,pba,beach_seine,2018-08-23,2018-08-25,2018,surface,3,edna_pba_30,repeat-surface,biological,NA,NA,NA,NA,NA,NA,4.6,820,0,51.64642312,-128.1189452,mud,y,180,p,seagrass,zostera,seagrass_mud,zostera_mud,99.68,4.246189999999999e-157,307,Metazoa,Mollusca,Bivalvia,Venerida,Veneridae,Saxidomus,0,0,TRUE,ASV1791,2,Saxidomus nuttalli
edna0129,ASV2228,motu1836,Saxidomus nuttalli,California butterclam,species,1,1,NA,NA,11,16,NA,NA,NA,NA,NA,Saxidomus nuttalli,California butterclam,2018_pba_surface,pba,beach_seine,2018-08-23,2018-08-25,2018,surface,3,edna_pba_30,repeat-surface,biological,NA,NA,NA,NA,NA,NA,4.6,820,0,51.64642312,-128.1189452,mud,y,180,p,seagrass,zostera,seagrass_mud,zostera_mud,99.68,4.246189999999999e-157,307,Metazoa,Mollusca,Bivalvia,Venerida,Veneridae,Saxidomus,0,0,TRUE,ASV2228,1,Saxidomus nuttalli
edna0129,ASV2797,motu2260,Armandia brevis,Opheliid polychaete,species,1,1,NA,NA,6,8,NA,NA,NA,NA,NA,Armandia brevis,Opheliid polychaete,2018_pba_surface,pba,beach_seine,2018-08-23,2018-08-25,2018,surface,3,edna_pba_30,repeat-surface,biological,NA,NA,NA,NA,NA,NA,4.6,820,0,51.64642312,-128.1189452,mud,y,180,p,seagrass,zostera,seagrass_mud,zostera_mud,100,2.708459999999999e-174,338,Metazoa,Annelida,Polychaeta,NA,Opheliidae,Armandia,0,0,TRUE,ASV2797,1,Armandia brevis
edna0130,ASV258,motu228,Lensia,Siphonophore,genus,1,1,NA,NA,45,94,NA,NA,NA,NA,NA,Lensia,Siphonophore,2018_pruth-grid_surface,pruth grid,seagrass_grid,2018-08-23,NA,2018,surface,1,pruth_grid_a1,grid,biological,NA,NA,NA,NA,NA,NA,4.6,675,0,51.64686071,-128.120174,sand,NA,NA,NA,seagrass,zostera,seagrass_sand,zostera_sand,100,0.00408744,30,Metazoa,Cnidaria,Cnidaria,Siphonophorae,Diphyidae,Lensia,0,0,TRUE,ASV258,1,NA
edna0130,ASV131,motu117,Lensia,Siphonophore,genus,1,1,1,1,35,82,40,95,87,NA,89,Lensia,Siphonophore,2018_pruth-grid_surface,pruth grid,seagrass_grid,2018-08-23,NA,2018,surface,1,pruth_grid_a1,grid,biological,NA,NA,NA,NA,NA,NA,4.6,675,0,51.64686071,-128.120174,sand,NA,NA,NA,seagrass,zostera,seagrass_sand,zostera_sand,100,0.00408744,30,Metazoa,Cnidaria,Cnidaria,Siphonophorae,Diphyidae,Lensia,0,0,TRUE,ASV131,2,NA
edna0130,ASV226,motu199,Mytilus trossulus,Bay mussel,species,1,1,NA,1,15,28,NA,52,49,NA,61,Mytilus trossulus,Bay mussel,2018_pruth-grid_surface,pruth grid,seagrass_grid,2018-08-23,NA,2018,surface,1,pruth_grid_a1,grid,biological,NA,NA,NA,NA,NA,NA,4.6,675,0,51.64686071,-128.120174,sand,NA,NA,NA,seagrass,zostera,seagrass_sand,zostera_sand,100,3.2351099999999996e-158,309,Metazoa,Mollusca,Mollusca,Mytilida,Mytilidae,Mytilus,0,0,TRUE,ASV226,18,Mytilus trossulus
edna0130,ASV216,motu190,Mytilus trossulus,Bay mussel,species,1,1,1,1,20,29,16,49,46,NA,67,Mytilus trossulus,Bay mussel,2018_pruth-grid_surface,pruth grid,seagrass_grid,2018-08-23,NA,2018,surface,1,pruth_grid_a1,grid,biological,NA,NA,NA,NA,NA,NA,4.6,675,0,51.64686071,-128.120174,sand,NA,NA,NA,seagrass,zostera,seagrass_sand,zostera_sand,100,3.2351099999999996e-158,309,Metazoa,Mollusca,Mollusca,Mytilida,Mytilidae,Mytilus,0,0,TRUE,ASV216,23,Mytilus trossulus
edna0130,ASV312,motu274,Synchaeta baltica,Rotifer,species,1,NA,NA,NA,17,NA,NA,NA,NA,NA,NA,Synchaeta baltica,Rotifer,2018_pruth-grid_surface,pruth grid,seagrass_grid,2018-08-23,NA,2018,surface,1,pruth_grid_a1,grid,biological,NA,NA,NA,NA,NA,NA,4.6,675,0,51.64686071,-128.120174,sand,NA,NA,NA,seagrass,zostera,seagrass_sand,zostera_sand,90.45,5.9173e-111,224,Metazoa,Rotifera,Eurotatoria,Ploima,Synchaetidae,Synchaeta,0,0,TRUE,ASV312,1,Synchaeta baltica
edna0130,ASV467,motu412,Saxidomus,Washington clam species,genus,1,1,NA,1,18,33,NA,8,12,NA,NA,Saxidomus,Washington clam species,2018_pruth-grid_surface,pruth grid,seagrass_grid,2018-08-23,NA,2018,surface,1,pruth_grid_a1,grid,biological,NA,NA,NA,NA,NA,NA,4.6,675,0,51.64686071,-128.120174,sand,NA,NA,NA,seagrass,zostera,seagrass_sand,zostera_sand,100,1.96163e-160,313,Metazoa,Mollusca,Mollusca,Venerida,Veneridae,Saxidomus,0,0,TRUE,ASV467,12,NA
edna0130,ASV860,motu748,Saxidomus,Washington clam species,genus,1,1,NA,NA,15,35,NA,NA,NA,NA,NA,Saxidomus,Washington clam species,2018_pruth-grid_surface,pruth grid,seagrass_grid,2018-08-23,NA,2018,surface,1,pruth_grid_a1,grid,biological,NA,NA,NA,NA,NA,NA,4.6,675,0,51.64686071,-128.120174,sand,NA,NA,NA,seagrass,zostera,seagrass_sand,zostera_sand,100,1.96163e-160,313,Metazoa,Mollusca,Mollusca,Venerida,Veneridae,Saxidomus,0,0,TRUE,ASV860,4,NA
edna0132,ASV25,motu22,Acartia (Acartiura) longiremis,Calanoid copepod,species,1,1,NA,1,30,56,NA,167,81,NA,128,Acartia (Acartiura) longiremis,Calanoid copepod,2018_pruth-grid_surface,pruth grid,seagrass_grid,2018-08-23,NA,2018,surface,3,pruth_grid_a3,grid,biological,NA,NA,NA,NA,NA,NA,5.5,840,0,51.64672589,-128.1193345,sand,NA,NA,NA,seagrass,zostera,seagrass_sand,zostera_sand,100,1.96163e-160,313,Metazoa,Arthropoda,Copepoda,Calanoida,Acartiidae,Acartia,0,0,TRUE,ASV25,27,Acartia (Acartiura) longiremis
edna0132,ASV81,motu71,Acartia (Acartiura) longiremis,Calanoid copepod,species,1,1,NA,NA,24,47,NA,NA,NA,NA,NA,Acartia (Acartiura) longiremis,Calanoid copepod,2018_pruth-grid_surface,pruth grid,seagrass_grid,2018-08-23,NA,2018,surface,3,pruth_grid_a3,grid,biological,NA,NA,NA,NA,NA,NA,5.5,840,0,51.64672589,-128.1193345,sand,NA,NA,NA,seagrass,zostera,seagrass_sand,zostera_sand,100,1.96163e-160,313,Metazoa,Arthropoda,Copepoda,Calanoida,Acartiidae,Acartia,0,0,TRUE,ASV81,23,Acartia (Acartiura) longiremis
edna0132,ASV258,motu228,Lensia,Siphonophore,genus,1,1,NA,NA,64,139,NA,NA,NA,NA,NA,Lensia,Siphonophore,2018_pruth-grid_surface,pruth grid,seagrass_grid,2018-08-23,NA,2018,surface,3,pruth_grid_a3,grid,biological,NA,NA,NA,NA,NA,NA,5.5,840,0,51.64672589,-128.1193345,sand,NA,NA,NA,seagrass,zostera,seagrass_sand,zostera_sand,100,0.00408744,30,Metazoa,Cnidaria,Cnidaria,Siphonophorae,Diphyidae,Lensia,0,0,TRUE,ASV258,1,NA
edna0132,ASV131,motu117,Lensia,Siphonophore,genus,1,1,1,1,62,146,68,250,114,NA,249,Lensia,Siphonophore,2018_pruth-grid_surface,pruth grid,seagrass_grid,2018-08-23,NA,2018,surface,3,pruth_grid_a3,grid,biological,NA,NA,NA,NA,NA,NA,5.5,840,0,51.64672589,-128.1193345,sand,NA,NA,NA,seagrass,zostera,seagrass_sand,zostera_sand,100,0.00408744,30,Metazoa,Cnidaria,Cnidaria,Siphonophorae,Diphyidae,Lensia,0,0,TRUE,ASV131,2,NA
edna0132,ASV226,motu199,Mytilus trossulus,Bay mussel,species,1,NA,1,1,28,NA,16,NA,50,NA,NA,Mytilus trossulus,Bay mussel,2018_pruth-grid_surface,pruth grid,seagrass_grid,2018-08-23,NA,2018,surface,3,pruth_grid_a3,grid,biological,NA,NA,NA,NA,NA,NA,5.5,840,0,51.64672589,-128.1193345,sand,NA,NA,NA,seagrass,zostera,seagrass_sand,zostera_sand,100,3.2351099999999996e-158,309,Metazoa,Mollusca,Mollusca,Mytilida,Mytilidae,Mytilus,0,0,TRUE,ASV226,18,Mytilus trossulus
edna0132,ASV216,motu190,Mytilus trossulus,Bay mussel,species,1,1,NA,1,28,39,NA,74,79,NA,77,Mytilus trossulus,Bay mussel,2018_pruth-grid_surface,pruth grid,seagrass_grid,2018-08-23,NA,2018,surface,3,pruth_grid_a3,grid,biological,NA,NA,NA,NA,NA,NA,5.5,840,0,51.64672589,-128.1193345,sand,NA,NA,NA,seagrass,zostera,seagrass_sand,zostera_sand,100,3.2351099999999996e-158,309,Metazoa,Mollusca,Mollusca,Mytilida,Mytilidae,Mytilus,0,0,TRUE,ASV216,23,Mytilus trossulus
edna0132,ASV324,motu285,Paracalanus parvus parvus,Calanoid copepod,species,1,1,1,1,26,42,16,28,19,NA,33,Paracalanus parvus parvus,Calanoid copepod,2018_pruth-grid_surface,pruth grid,seagrass_grid,2018-08-23,NA,2018,surface,3,pruth_grid_a3,grid,biological,NA,NA,NA,NA,NA,NA,5.5,840,0,51.64672589,-128.1193345,sand,NA,NA,NA,seagrass,zostera,seagrass_sand,zostera_sand,100,1.17454e-132,263,Metazoa,Arthropoda,Copepoda,Calanoida,Paracalanidae,Paracalanus,0,0,TRUE,ASV324,6,Paracalanus parvus parvus
edna0132,ASV308,motu270,Synchaeta baltica,Rotifer,species,1,NA,NA,1,42,NA,NA,32,30,NA,48,Synchaeta baltica,Rotifer,2018_pruth-grid_surface,pruth grid,seagrass_grid,2018-08-23,NA,2018,surface,3,pruth_grid_a3,grid,biological,NA,NA,NA,NA,NA,NA,5.5,840,0,51.64672589,-128.1193345,sand,NA,NA,NA,seagrass,zostera,seagrass_sand,zostera_sand,90.79,3.5361899999999996e-113,228,Metazoa,Rotifera,Eurotatoria,Ploima,Synchaetidae,Synchaeta,0,0,TRUE,ASV308,3,Synchaeta baltica
edna0132,ASV536,motu470,Paracalanus parvus parvus,Calanoid copepod,species,1,1,NA,NA,14,41,NA,NA,NA,NA,NA,Paracalanus parvus parvus,Calanoid copepod,2018_pruth-grid_surface,pruth grid,seagrass_grid,2018-08-23,NA,2018,surface,3,pruth_grid_a3,grid,biological,NA,NA,NA,NA,NA,NA,5.5,840,0,51.64672589,-128.1193345,sand,NA,NA,NA,seagrass,zostera,seagrass_sand,zostera_sand,100,1.17454e-132,263,Metazoa,Arthropoda,Copepoda,Calanoida,Paracalanidae,Paracalanus,0,0,TRUE,ASV536,6,Paracalanus parvus parvus
edna0132,ASV352,motu311,Synchaeta vorax,Rotifer,species,1,1,NA,1,9,13,NA,24,12,NA,39,Synchaeta vorax,Rotifer,2018_pruth-grid_surface,pruth grid,seagrass_grid,2018-08-23,NA,2018,surface,3,pruth_grid_a3,grid,biological,NA,NA,NA,NA,NA,NA,5.5,840,0,51.64672589,-128.1193345,sand,NA,NA,NA,seagrass,zostera,seagrass_sand,zostera_sand,98.08,7.129989999999999e-150,294,Metazoa,Rotifera,Eurotatoria,Ploima,Synchaetidae,Synchaeta,0,0,TRUE,ASV352,4,Synchaeta vorax
edna0132,ASV312,motu274,Synchaeta baltica,Rotifer,species,1,1,1,1,124,243,98,239,236,NA,403,Synchaeta baltica,Rotifer,2018_pruth-grid_surface,pruth grid,seagrass_grid,2018-08-23,NA,2018,surface,3,pruth_grid_a3,grid,biological,NA,NA,NA,NA,NA,NA,5.5,840,0,51.64672589,-128.1193345,sand,NA,NA,NA,seagrass,zostera,seagrass_sand,zostera_sand,90.45,5.9173e-111,224,Metazoa,Rotifera,Eurotatoria,Ploima,Synchaetidae,Synchaeta,0,0,TRUE,ASV312,1,Synchaeta baltica
edna0132,ASV346,motu306,Synchaeta vorax,Rotifer,species,1,1,1,1,4,13,7,30,24,NA,33,Synchaeta vorax,Rotifer,2018_pruth-grid_surface,pruth grid,seagrass_grid,2018-08-23,NA,2018,surface,3,pruth_grid_a3,grid,biological,NA,NA,NA,NA,NA,NA,5.5,840,0,51.64672589,-128.1193345,sand,NA,NA,NA,seagrass,zostera,seagrass_sand,zostera_sand,98.08,7.129989999999999e-150,294,Metazoa,Rotifera,Eurotatoria,Ploima,Synchaetidae,Synchaeta,0,0,TRUE,ASV346,5,Synchaeta vorax
edna0132,ASV467,motu412,Saxidomus,Washington clam species,genus,1,1,NA,1,13,19,NA,22,16,NA,20,Saxidomus,Washington clam species,2018_pruth-grid_surface,pruth grid,seagrass_grid,2018-08-23,NA,2018,surface,3,pruth_grid_a3,grid,biological,NA,NA,NA,NA,NA,NA,5.5,840,0,51.64672589,-128.1193345,sand,NA,NA,NA,seagrass,zostera,seagrass_sand,zostera_sand,100,1.96163e-160,313,Metazoa,Mollusca,Mollusca,Venerida,Veneridae,Saxidomus,0,0,TRUE,ASV467,12,NA
edna0132,ASV356,motu315,Synchaeta baltica,Rotifer,species,1,1,1,1,108,184,69,237,200,NA,370,Synchaeta baltica,Rotifer,2018_pruth-grid_surface,pruth grid,seagrass_grid,2018-08-23,NA,2018,surface,3,pruth_grid_a3,grid,biological,NA,NA,NA,NA,NA,NA,5.5,840,0,51.64672589,-128.1193345,sand,NA,NA,NA,seagrass,zostera,seagrass_sand,zostera_sand,90.45,5.9173e-111,224,Metazoa,Rotifera,Eurotatoria,Ploima,Synchaetidae,Synchaeta,0,0,TRUE,ASV356,1,Synchaeta baltica
edna0132,ASV860,motu748,Saxidomus,Washington clam species,genus,1,1,NA,NA,10,24,NA,NA,NA,NA,NA,Saxidomus,Washington clam species,2018_pruth-grid_surface,pruth grid,seagrass_grid,2018-08-23,NA,2018,surface,3,pruth_grid_a3,grid,biological,NA,NA,NA,NA,NA,NA,5.5,840,0,51.64672589,-128.1193345,sand,NA,NA,NA,seagrass,zostera,seagrass_sand,zostera_sand,100,1.96163e-160,313,Metazoa,Mollusca,Mollusca,Venerida,Veneridae,Saxidomus,0,0,TRUE,ASV860,4,NA
edna0132,ASV937,motu814,Synchaeta baltica,Rotifer,species,1,1,1,1,33,53,26,94,70,NA,133,Synchaeta baltica,Rotifer,2018_pruth-grid_surface,pruth grid,seagrass_grid,2018-08-23,NA,2018,surface,3,pruth_grid_a3,grid,biological,NA,NA,NA,NA,NA,NA,5.5,840,0,51.64672589,-128.1193345,sand,NA,NA,NA,seagrass,zostera,seagrass_sand,zostera_sand,90.76,1.27184e-112,227,Metazoa,Rotifera,Eurotatoria,Ploima,Synchaetidae,Synchaeta,0,0,TRUE,ASV937,1,Synchaeta baltica
edna0132,ASV1042,motu899,Synchaeta baltica,Rotifer,species,1,1,1,1,30,42,20,80,53,NA,107,Synchaeta baltica,Rotifer,2018_pruth-grid_surface,pruth grid,seagrass_grid,2018-08-23,NA,2018,surface,3,pruth_grid_a3,grid,biological,NA,NA,NA,NA,NA,NA,5.5,840,0,51.64672589,-128.1193345,sand,NA,NA,NA,seagrass,zostera,seagrass_sand,zostera_sand,90.76,1.27184e-112,227,Metazoa,Rotifera,Eurotatoria,Ploima,Synchaetidae,Synchaeta,0,0,TRUE,ASV1042,1,Synchaeta baltica
edna0132,ASV2840,motu2298,Arthropoda,Unknown arthropod,phylum,1,NA,NA,NA,2,NA,NA,NA,NA,NA,NA,Arthropoda,Unknown arthropod,2018_pruth-grid_surface,pruth grid,seagrass_grid,2018-08-23,NA,2018,surface,3,pruth_grid_a3,grid,biological,NA,NA,NA,NA,NA,NA,5.5,840,0,51.64672589,-128.1193345,sand,NA,NA,NA,seagrass,zostera,seagrass_sand,zostera_sand,95,2.34566e-5,34,Metazoa,Arthropoda,NA,NA,NA,NA,NA,NA,TRUE,ASV2840,1,NA
edna0132,ASV2451,motu1746,Synchaeta vorax,Rotifer,species,1,1,1,1,11,20,7,19,21,NA,22,Synchaeta vorax,Rotifer,2018_pruth-grid_surface,pruth grid,seagrass_grid,2018-08-23,NA,2018,surface,3,pruth_grid_a3,grid,biological,NA,NA,NA,NA,NA,NA,5.5,840,0,51.64672589,-128.1193345,sand,NA,NA,NA,seagrass,zostera,seagrass_sand,zostera_sand,95.13,1.20545e-132,263,Metazoa,Rotifera,Eurotatoria,Ploima,Synchaetidae,Synchaeta,0,0,TRUE,ASV2117,4,Synchaeta vorax
edna0132,ASV2465,motu1887,Synchaeta vorax,Rotifer,species,1,1,1,1,8,24,10,21,16,NA,21,Synchaeta vorax,Rotifer,2018_pruth-grid_surface,pruth grid,seagrass_grid,2018-08-23,NA,2018,surface,3,pruth_grid_a3,grid,biological,NA,NA,NA,NA,NA,NA,5.5,840,0,51.64672589,-128.1193345,sand,NA,NA,NA,seagrass,zostera,seagrass_sand,zostera_sand,95.13,1.20545e-132,263,Metazoa,Rotifera,Eurotatoria,Ploima,Synchaetidae,Synchaeta,0,0,TRUE,ASV2292,5,Synchaeta vorax
edna0133,ASV25,motu22,Acartia (Acartiura) longiremis,Calanoid copepod,species,1,1,NA,NA,4,2,NA,NA,NA,NA,NA,Acartia (Acartiura) longiremis,Calanoid copepod,2018_pruth-grid_surface,pruth grid,seagrass_grid,2018-08-23,NA,2018,surface,4,pruth_grid_b1,grid,biological,NA,NA,NA,NA,NA,NA,3.2,1000,0,51.64660606,-128.120276,sand,NA,NA,NA,seagrass,zostera,seagrass_sand,zostera_sand,100,1.96163e-160,313,Metazoa,Arthropoda,Copepoda,Calanoida,Acartiidae,Acartia,0,0,TRUE,ASV25,27,Acartia (Acartiura) longiremis
edna0133,ASV81,motu71,Acartia (Acartiura) longiremis,Calanoid copepod,species,1,1,NA,NA,4,8,NA,NA,NA,NA,NA,Acartia (Acartiura) longiremis,Calanoid copepod,2018_pruth-grid_surface,pruth grid,seagrass_grid,2018-08-23,NA,2018,surface,4,pruth_grid_b1,grid,biological,NA,NA,NA,NA,NA,NA,3.2,1000,0,51.64660606,-128.120276,sand,NA,NA,NA,seagrass,zostera,seagrass_sand,zostera_sand,100,1.96163e-160,313,Metazoa,Arthropoda,Copepoda,Calanoida,Acartiidae,Acartia,0,0,TRUE,ASV81,23,Acartia (Acartiura) longiremis
edna0133,ASV34,motu31,Centropages abdominalis,Calanoid copepod,species,1,1,1,1,6,10,7,NA,10,NA,34,Centropages abdominalis,Calanoid copepod,2018_pruth-grid_surface,pruth grid,seagrass_grid,2018-08-23,NA,2018,surface,4,pruth_grid_b1,grid,biological,NA,NA,NA,NA,NA,NA,3.2,1000,0,51.64660606,-128.120276,sand,NA,NA,NA,seagrass,zostera,seagrass_sand,zostera_sand,100,1.96163e-160,313,Metazoa,Arthropoda,Copepoda,Calanoida,Centropagidae,Centropages,0,0,TRUE,ASV34,19,Centropages abdominalis
edna0133,ASV143,motu128,Centropages abdominalis,Calanoid copepod,species,1,1,NA,NA,9,14,NA,NA,NA,NA,NA,Centropages abdominalis,Calanoid copepod,2018_pruth-grid_surface,pruth grid,seagrass_grid,2018-08-23,NA,2018,surface,4,pruth_grid_b1,grid,biological,NA,NA,NA,NA,NA,NA,3.2,1000,0,51.64660606,-128.120276,sand,NA,NA,NA,seagrass,zostera,seagrass_sand,zostera_sand,100,1.96163e-160,313,Metazoa,Arthropoda,Copepoda,Calanoida,Centropagidae,Centropages,0,0,TRUE,ASV143,11,Centropages abdominalis
edna0133,ASV258,motu228,Lensia,Siphonophore,genus,1,1,NA,NA,36,67,NA,NA,NA,NA,NA,Lensia,Siphonophore,2018_pruth-grid_surface,pruth grid,seagrass_grid,2018-08-23,NA,2018,surface,4,pruth_grid_b1,grid,biological,NA,NA,NA,NA,NA,NA,3.2,1000,0,51.64660606,-128.120276,sand,NA,NA,NA,seagrass,zostera,seagrass_sand,zostera_sand,100,0.00408744,30,Metazoa,Cnidaria,Cnidaria,Siphonophorae,Diphyidae,Lensia,0,0,TRUE,ASV258,1,NA
edna0133,ASV131,motu117,Lensia,Siphonophore,genus,1,1,1,1,31,79,37,37,36,NA,48,Lensia,Siphonophore,2018_pruth-grid_surface,pruth grid,seagrass_grid,2018-08-23,NA,2018,surface,4,pruth_grid_b1,grid,biological,NA,NA,NA,NA,NA,NA,3.2,1000,0,51.64660606,-128.120276,sand,NA,NA,NA,seagrass,zostera,seagrass_sand,zostera_sand,100,0.00408744,30,Metazoa,Cnidaria,Cnidaria,Siphonophorae,Diphyidae,Lensia,0,0,TRUE,ASV131,2,NA
edna0133,ASV324,motu285,Paracalanus parvus parvus,Calanoid copepod,species,1,1,NA,1,29,45,NA,14,18,NA,44,Paracalanus parvus parvus,Calanoid copepod,2018_pruth-grid_surface,pruth grid,seagrass_grid,2018-08-23,NA,2018,surface,4,pruth_grid_b1,grid,biological,NA,NA,NA,NA,NA,NA,3.2,1000,0,51.64660606,-128.120276,sand,NA,NA,NA,seagrass,zostera,seagrass_sand,zostera_sand,100,1.17454e-132,263,Metazoa,Arthropoda,Copepoda,Calanoida,Paracalanidae,Paracalanus,0,0,TRUE,ASV324,6,Paracalanus parvus parvus
edna0133,ASV536,motu470,Paracalanus parvus parvus,Calanoid copepod,species,1,1,NA,NA,21,54,NA,NA,NA,NA,NA,Paracalanus parvus parvus,Calanoid copepod,2018_pruth-grid_surface,pruth grid,seagrass_grid,2018-08-23,NA,2018,surface,4,pruth_grid_b1,grid,biological,NA,NA,NA,NA,NA,NA,3.2,1000,0,51.64660606,-128.120276,sand,NA,NA,NA,seagrass,zostera,seagrass_sand,zostera_sand,100,1.17454e-132,263,Metazoa,Arthropoda,Copepoda,Calanoida,Paracalanidae,Paracalanus,0,0,TRUE,ASV536,6,Paracalanus parvus parvus
edna0133,ASV328,motu288,Synchaeta baltica,Rotifer,species,1,1,NA,1,18,37,NA,19,28,NA,35,Synchaeta baltica,Rotifer,2018_pruth-grid_surface,pruth grid,seagrass_grid,2018-08-23,NA,2018,surface,4,pruth_grid_b1,grid,biological,NA,NA,NA,NA,NA,NA,3.2,1000,0,51.64660606,-128.120276,sand,NA,NA,NA,seagrass,zostera,seagrass_sand,zostera_sand,90.79,3.5361899999999996e-113,228,Metazoa,Rotifera,Eurotatoria,Ploima,Synchaetidae,Synchaeta,0,0,TRUE,ASV328,3,Synchaeta baltica
edna0133,ASV346,motu306,Synchaeta vorax,Rotifer,species,1,1,1,1,10,23,8,15,15,NA,26,Synchaeta vorax,Rotifer,2018_pruth-grid_surface,pruth grid,seagrass_grid,2018-08-23,NA,2018,surface,4,pruth_grid_b1,grid,biological,NA,NA,NA,NA,NA,NA,3.2,1000,0,51.64660606,-128.120276,sand,NA,NA,NA,seagrass,zostera,seagrass_sand,zostera_sand,98.08,7.129989999999999e-150,294,Metazoa,Rotifera,Eurotatoria,Ploima,Synchaetidae,Synchaeta,0,0,TRUE,ASV346,5,Synchaeta vorax
edna0133,ASV467,motu412,Saxidomus,Washington clam species,genus,1,1,1,1,15,37,20,15,NA,NA,NA,Saxidomus,Washington clam species,2018_pruth-grid_surface,pruth grid,seagrass_grid,2018-08-23,NA,2018,surface,4,pruth_grid_b1,grid,biological,NA,NA,NA,NA,NA,NA,3.2,1000,0,51.64660606,-128.120276,sand,NA,NA,NA,seagrass,zostera,seagrass_sand,zostera_sand,100,1.96163e-160,313,Metazoa,Mollusca,Mollusca,Venerida,Veneridae,Saxidomus,0,0,TRUE,ASV467,12,NA
edna0133,ASV733,motu637,Phyllodocida,Polychaete,order,1,1,NA,NA,18,26,NA,NA,NA,NA,NA,Phyllodocida,Polychaete,2018_pruth-grid_surface,pruth grid,seagrass_grid,2018-08-23,NA,2018,surface,4,pruth_grid_b1,grid,biological,NA,NA,NA,NA,NA,NA,3.2,1000,0,51.64660606,-128.120276,sand,NA,NA,NA,seagrass,zostera,seagrass_sand,zostera_sand,100,0.0603188,28,Metazoa,Annelida,Annelida,Phyllodocida,NA,NA,0,0,TRUE,ASV733,1,NA
edna0133,ASV689,motu600,Synchaeta baltica,Rotifer,species,1,1,NA,1,30,16,NA,NA,NA,NA,42,Synchaeta baltica,Rotifer,2018_pruth-grid_surface,pruth grid,seagrass_grid,2018-08-23,NA,2018,surface,4,pruth_grid_b1,grid,biological,NA,NA,NA,NA,NA,NA,3.2,1000,0,51.64660606,-128.120276,sand,NA,NA,NA,seagrass,zostera,seagrass_sand,zostera_sand,90.76,1.27184e-112,227,Metazoa,Rotifera,Eurotatoria,Ploima,Synchaetidae,Synchaeta,0,0,TRUE,ASV689,1,Synchaeta baltica
edna0133,ASV4043,motu3168,Balanus glandula,Acorn barnacle,species,1,1,NA,NA,23,46,NA,NA,NA,NA,NA,Balanus glandula,Acorn barnacle,2018_pruth-grid_surface,pruth grid,seagrass_grid,2018-08-23,NA,2018,surface,4,pruth_grid_b1,grid,biological,NA,NA,NA,NA,NA,NA,3.2,1000,0,51.64660606,-128.120276,sand,NA,NA,NA,seagrass,zostera,seagrass_sand,zostera_sand,99.35,7.002779999999996e-155,303,Metazoa,Arthropoda,Thecostraca,Balanomorpha,Balanidae,Balanus,0,0,TRUE,ASV4043,1,Balanus glandula
edna0133,ASV2117,motu1746,Synchaeta vorax,Rotifer,species,1,1,1,1,9,20,12,15,16,NA,40,Synchaeta vorax,Rotifer,2018_pruth-grid_surface,pruth grid,seagrass_grid,2018-08-23,NA,2018,surface,4,pruth_grid_b1,grid,biological,NA,NA,NA,NA,NA,NA,3.2,1000,0,51.64660606,-128.120276,sand,NA,NA,NA,seagrass,zostera,seagrass_sand,zostera_sand,94.81,5.60839e-131,260,Metazoa,Rotifera,Eurotatoria,Ploima,Synchaetidae,Synchaeta,0,0,TRUE,ASV2117,4,Synchaeta vorax
edna0133,ASV2586,motu2099,Balanus glandula,Acorn barnacle,species,1,1,NA,1,22,50,NA,34,26,NA,57,Balanus glandula,Acorn barnacle,2018_pruth-grid_surface,pruth grid,seagrass_grid,2018-08-23,NA,2018,surface,4,pruth_grid_b1,grid,biological,NA,NA,NA,NA,NA,NA,3.2,1000,0,51.64660606,-128.120276,sand,NA,NA,NA,seagrass,zostera,seagrass_sand,zostera_sand,99.35,7.002779999999996e-155,303,Metazoa,Arthropoda,Thecostraca,Balanomorpha,Balanidae,Balanus,0,0,TRUE,ASV2586,1,Balanus glandula
edna0133,ASV2292,motu1887,Synchaeta vorax,Rotifer,species,1,1,1,1,11,16,5,9,20,NA,24,Synchaeta vorax,Rotifer,2018_pruth-grid_surface,pruth grid,seagrass_grid,2018-08-23,NA,2018,surface,4,pruth_grid_b1,grid,biological,NA,NA,NA,NA,NA,NA,3.2,1000,0,51.64660606,-128.120276,sand,NA,NA,NA,seagrass,zostera,seagrass_sand,zostera_sand,94.81,5.60839e-131,260,Metazoa,Rotifera,Eurotatoria,Ploima,Synchaetidae,Synchaeta,0,0,TRUE,ASV2292,5,Synchaeta vorax
edna0133,ASV5085,motu3915,Leukoma staminea,Pacific littleneck clam,species,1,NA,NA,NA,2,NA,NA,NA,NA,NA,NA,Leukoma staminea,Pacific littleneck clam,2018_pruth-grid_surface,pruth grid,seagrass_grid,2018-08-23,NA,2018,surface,4,pruth_grid_b1,grid,biological,NA,NA,NA,NA,NA,NA,3.2,1000,0,51.64660606,-128.120276,sand,NA,NA,NA,seagrass,zostera,seagrass_sand,zostera_sand,100,1.54896e-146,288,Metazoa,Mollusca,Bivalvia,Venerida,Veneridae,Leukoma,0,0,TRUE,ASV5085,1,Leukoma staminea
edna0136,ASV25,motu22,Acartia (Acartiura) longiremis,Calanoid copepod,species,1,1,1,1,67,135,48,137,70,NA,155,Acartia (Acartiura) longiremis,Calanoid copepod,2018_pruth-grid_surface,pruth grid,seagrass_grid,2018-08-23,NA,2018,surface,7,pruth_grid_c1,grid,biological,NA,NA,NA,NA,NA,NA,2.6,600,0,51.64634177,-128.1203837,sand,NA,NA,NA,seagrass,zostera,seagrass_sand,zostera_sand,100,1.96163e-160,313,Metazoa,Arthropoda,Copepoda,Calanoida,Acartiidae,Acartia,0,0,TRUE,ASV25,27,Acartia (Acartiura) longiremis
edna0136,ASV81,motu71,Acartia (Acartiura) longiremis,Calanoid copepod,species,1,1,NA,NA,66,123,NA,NA,NA,NA,NA,Acartia (Acartiura) longiremis,Calanoid copepod,2018_pruth-grid_surface,pruth grid,seagrass_grid,2018-08-23,NA,2018,surface,7,pruth_grid_c1,grid,biological,NA,NA,NA,NA,NA,NA,2.6,600,0,51.64634177,-128.1203837,sand,NA,NA,NA,seagrass,zostera,seagrass_sand,zostera_sand,100,1.96163e-160,313,Metazoa,Arthropoda,Copepoda,Calanoida,Acartiidae,Acartia,0,0,TRUE,ASV81,23,Acartia (Acartiura) longiremis
edna0136,ASV258,motu228,Lensia,Siphonophore,genus,1,1,NA,NA,84,166,NA,NA,NA,NA,NA,Lensia,Siphonophore,2018_pruth-grid_surface,pruth grid,seagrass_grid,2018-08-23,NA,2018,surface,7,pruth_grid_c1,grid,biological,NA,NA,NA,NA,NA,NA,2.6,600,0,51.64634177,-128.1203837,sand,NA,NA,NA,seagrass,zostera,seagrass_sand,zostera_sand,100,0.00408744,30,Metazoa,Cnidaria,Cnidaria,Siphonophorae,Diphyidae,Lensia,0,0,TRUE,ASV258,1,NA
edna0136,ASV131,motu117,Lensia,Siphonophore,genus,1,1,1,1,74,140,48,148,101,NA,201,Lensia,Siphonophore,2018_pruth-grid_surface,pruth grid,seagrass_grid,2018-08-23,NA,2018,surface,7,pruth_grid_c1,grid,biological,NA,NA,NA,NA,NA,NA,2.6,600,0,51.64634177,-128.1203837,sand,NA,NA,NA,seagrass,zostera,seagrass_sand,zostera_sand,100,0.00408744,30,Metazoa,Cnidaria,Cnidaria,Siphonophorae,Diphyidae,Lensia,0,0,TRUE,ASV131,2,NA
edna0136,ASV308,motu270,Synchaeta baltica,Rotifer,species,1,1,1,1,61,124,36,189,111,NA,289,Synchaeta baltica,Rotifer,2018_pruth-grid_surface,pruth grid,seagrass_grid,2018-08-23,NA,2018,surface,7,pruth_grid_c1,grid,biological,NA,NA,NA,NA,NA,NA,2.6,600,0,51.64634177,-128.1203837,sand,NA,NA,NA,seagrass,zostera,seagrass_sand,zostera_sand,90.79,3.5361899999999996e-113,228,Metazoa,Rotifera,Eurotatoria,Ploima,Synchaetidae,Synchaeta,0,0,TRUE,ASV308,3,Synchaeta baltica
edna0136,ASV328,motu288,Synchaeta baltica,Rotifer,species,1,1,1,1,62,108,33,135,119,NA,255,Synchaeta baltica,Rotifer,2018_pruth-grid_surface,pruth grid,seagrass_grid,2018-08-23,NA,2018,surface,7,pruth_grid_c1,grid,biological,NA,NA,NA,NA,NA,NA,2.6,600,0,51.64634177,-128.1203837,sand,NA,NA,NA,seagrass,zostera,seagrass_sand,zostera_sand,90.79,3.5361899999999996e-113,228,Metazoa,Rotifera,Eurotatoria,Ploima,Synchaetidae,Synchaeta,0,0,TRUE,ASV328,3,Synchaeta baltica
edna0136,ASV312,motu274,Synchaeta baltica,Rotifer,species,1,1,1,1,55,102,38,163,120,NA,315,Synchaeta baltica,Rotifer,2018_pruth-grid_surface,pruth grid,seagrass_grid,2018-08-23,NA,2018,surface,7,pruth_grid_c1,grid,biological,NA,NA,NA,NA,NA,NA,2.6,600,0,51.64634177,-128.1203837,sand,NA,NA,NA,seagrass,zostera,seagrass_sand,zostera_sand,90.45,5.9173e-111,224,Metazoa,Rotifera,Eurotatoria,Ploima,Synchaetidae,Synchaeta,0,0,TRUE,ASV312,1,Synchaeta baltica
edna0136,ASV467,motu412,Saxidomus,Washington clam species,genus,1,1,1,1,21,47,18,46,NA,NA,84,Saxidomus,Washington clam species,2018_pruth-grid_surface,pruth grid,seagrass_grid,2018-08-23,NA,2018,surface,7,pruth_grid_c1,grid,biological,NA,NA,NA,NA,NA,NA,2.6,600,0,51.64634177,-128.1203837,sand,NA,NA,NA,seagrass,zostera,seagrass_sand,zostera_sand,100,1.96163e-160,313,Metazoa,Mollusca,Mollusca,Venerida,Veneridae,Saxidomus,0,0,TRUE,ASV467,12,NA
edna0136,ASV356,motu315,Synchaeta baltica,Rotifer,species,1,1,1,1,47,69,31,175,132,NA,292,Synchaeta baltica,Rotifer,2018_pruth-grid_surface,pruth grid,seagrass_grid,2018-08-23,NA,2018,surface,7,pruth_grid_c1,grid,biological,NA,NA,NA,NA,NA,NA,2.6,600,0,51.64634177,-128.1203837,sand,NA,NA,NA,seagrass,zostera,seagrass_sand,zostera_sand,90.45,5.9173e-111,224,Metazoa,Rotifera,Eurotatoria,Ploima,Synchaetidae,Synchaeta,0,0,TRUE,ASV356,1,Synchaeta baltica
edna0136,ASV733,motu637,Phyllodocida,Polychaete,order,1,NA,NA,NA,13,NA,NA,NA,NA,NA,NA,Phyllodocida,Polychaete,2018_pruth-grid_surface,pruth grid,seagrass_grid,2018-08-23,NA,2018,surface,7,pruth_grid_c1,grid,biological,NA,NA,NA,NA,NA,NA,2.6,600,0,51.64634177,-128.1203837,sand,NA,NA,NA,seagrass,zostera,seagrass_sand,zostera_sand,100,0.0603188,28,Metazoa,Annelida,Annelida,Phyllodocida,NA,NA,0,0,TRUE,ASV733,1,NA
edna0136,ASV1070,motu922,Pleurobrachia bachei,Pacific sea gooseberry,species,1,NA,NA,1,4,NA,NA,NA,NA,NA,16,Pleurobrachia bachei,Pacific sea gooseberry,2018_pruth-grid_surface,pruth grid,seagrass_grid,2018-08-23,NA,2018,surface,7,pruth_grid_c1,grid,biological,NA,NA,NA,NA,NA,NA,2.6,600,0,51.64634177,-128.1203837,sand,NA,NA,NA,seagrass,zostera,seagrass_sand,zostera_sand,100,1.96163e-160,313,Metazoa,Ctenophora,Tentaculata,Cydippida,Cydippidae,Pleurobrachia,0,0,TRUE,ASV1070,7,Pleurobrachia bachei
edna0136,ASV3390,motu470,Paracalanus,Calanoid copepod,genus,1,NA,NA,NA,13,NA,NA,NA,NA,NA,NA,Paracalanus parvus parvus,Calanoid copepod,2018_pruth-grid_surface,pruth grid,seagrass_grid,2018-08-23,NA,2018,surface,7,pruth_grid_c1,grid,biological,NA,NA,NA,NA,NA,NA,2.6,600,0,51.64634177,-128.1203837,sand,NA,NA,NA,seagrass,zostera,seagrass_sand,zostera_sand,99.34,5.31212e-151,296,Metazoa,Arthropoda,Arthropoda,Calanoida,Paracalanidae,Paracalanus,0,0,TRUE,ASV536,6,NA
edna0136,ASV3828,motu199,Mytilus trossulus,Bay mussel,species,1,NA,NA,NA,18,NA,NA,NA,NA,NA,NA,Mytilus trossulus,Bay mussel,2018_pruth-grid_surface,pruth grid,seagrass_grid,2018-08-23,NA,2018,surface,7,pruth_grid_c1,grid,biological,NA,NA,NA,NA,NA,NA,2.6,600,0,51.64634177,-128.1203837,sand,NA,NA,NA,seagrass,zostera,seagrass_sand,zostera_sand,99.68,1.5051499999999994e-156,306,Metazoa,Mollusca,Mollusca,Mytilida,Mytilidae,Mytilus,0,0,TRUE,ASV226,18,Mytilus trossulus
edna0136,ASV3033,motu2444,Staphylinidae,Hexapod,genus,1,1,NA,1,6,8,NA,6,NA,NA,12,Staphylinidae,Hexapod,2018_pruth-grid_surface,pruth grid,seagrass_grid,2018-08-23,NA,2018,surface,7,pruth_grid_c1,grid,biological,NA,NA,NA,NA,NA,NA,2.6,600,0,51.64634177,-128.1203837,sand,NA,NA,NA,seagrass,zostera,seagrass_sand,zostera_sand,90.14,3.11539e-14,50,Metazoa,Arthropoda,Arthropoda,Coleoptera,Staphylinidae,Staphylinidae,NA,NA,TRUE,ASV3033,1,NA
edna0136,ASV3473,motu2758,Staphylinidae,Hexapod,genus,1,1,NA,NA,3,6,NA,NA,NA,NA,NA,Staphylinidae,Hexapod,2018_pruth-grid_surface,pruth grid,seagrass_grid,2018-08-23,NA,2018,surface,7,pruth_grid_c1,grid,biological,NA,NA,NA,NA,NA,NA,2.6,600,0,51.64634177,-128.1203837,sand,NA,NA,NA,seagrass,zostera,seagrass_sand,zostera_sand,90.14,3.11539e-14,50,Metazoa,Arthropoda,Arthropoda,Coleoptera,Staphylinidae,Staphylinidae,NA,NA,TRUE,ASV3473,1,NA
edna0137,ASV34,motu31,Centropages abdominalis,Calanoid copepod,species,1,NA,NA,1,5,NA,NA,NA,NA,NA,13,Centropages abdominalis,Calanoid copepod,2018_pruth-grid_surface,pruth grid,seagrass_grid,2018-08-23,NA,2018,surface,8,pruth_grid_c2,grid,biological,15.5,25.99,8.42,14.7,30.24,8.13,2.6,855,0,51.64626687,-128.1199599,sand,NA,NA,NA,seagrass,zostera,seagrass_sand,zostera_sand,100,1.96163e-160,313,Metazoa,Arthropoda,Copepoda,Calanoida,Centropagidae,Centropages,0,0,TRUE,ASV34,19,Centropages abdominalis
edna0137,ASV258,motu228,Lensia,Siphonophore,genus,1,1,NA,NA,59,122,NA,NA,NA,NA,NA,Lensia,Siphonophore,2018_pruth-grid_surface,pruth grid,seagrass_grid,2018-08-23,NA,2018,surface,8,pruth_grid_c2,grid,biological,15.5,25.99,8.42,14.7,30.24,8.13,2.6,855,0,51.64626687,-128.1199599,sand,NA,NA,NA,seagrass,zostera,seagrass_sand,zostera_sand,100,0.00408744,30,Metazoa,Cnidaria,Cnidaria,Siphonophorae,Diphyidae,Lensia,0,0,TRUE,ASV258,1,NA
edna0137,ASV131,motu117,Lensia,Siphonophore,genus,1,1,1,1,57,133,46,61,64,NA,86,Lensia,Siphonophore,2018_pruth-grid_surface,pruth grid,seagrass_grid,2018-08-23,NA,2018,surface,8,pruth_grid_c2,grid,biological,15.5,25.99,8.42,14.7,30.24,8.13,2.6,855,0,51.64626687,-128.1199599,sand,NA,NA,NA,seagrass,zostera,seagrass_sand,zostera_sand,100,0.00408744,30,Metazoa,Cnidaria,Cnidaria,Siphonophorae,Diphyidae,Lensia,0,0,TRUE,ASV131,2,NA
edna0137,ASV226,motu199,Mytilus trossulus,Bay mussel,species,1,1,1,1,19,38,16,23,28,NA,45,Mytilus trossulus,Bay mussel,2018_pruth-grid_surface,pruth grid,seagrass_grid,2018-08-23,NA,2018,surface,8,pruth_grid_c2,grid,biological,15.5,25.99,8.42,14.7,30.24,8.13,2.6,855,0,51.64626687,-128.1199599,sand,NA,NA,NA,seagrass,zostera,seagrass_sand,zostera_sand,100,3.2351099999999996e-158,309,Metazoa,Mollusca,Mollusca,Mytilida,Mytilidae,Mytilus,0,0,TRUE,ASV226,18,Mytilus trossulus
edna0137,ASV216,motu190,Mytilus trossulus,Bay mussel,species,1,NA,1,1,23,NA,18,31,24,NA,33,Mytilus trossulus,Bay mussel,2018_pruth-grid_surface,pruth grid,seagrass_grid,2018-08-23,NA,2018,surface,8,pruth_grid_c2,grid,biological,15.5,25.99,8.42,14.7,30.24,8.13,2.6,855,0,51.64626687,-128.1199599,sand,NA,NA,NA,seagrass,zostera,seagrass_sand,zostera_sand,100,3.2351099999999996e-158,309,Metazoa,Mollusca,Mollusca,Mytilida,Mytilidae,Mytilus,0,0,TRUE,ASV216,23,Mytilus trossulus
edna0137,ASV324,motu285,Paracalanus parvus parvus,Calanoid copepod,species,1,NA,NA,NA,15,NA,NA,NA,NA,NA,NA,Paracalanus parvus parvus,Calanoid copepod,2018_pruth-grid_surface,pruth grid,seagrass_grid,2018-08-23,NA,2018,surface,8,pruth_grid_c2,grid,biological,15.5,25.99,8.42,14.7,30.24,8.13,2.6,855,0,51.64626687,-128.1199599,sand,NA,NA,NA,seagrass,zostera,seagrass_sand,zostera_sand,100,1.17454e-132,263,Metazoa,Arthropoda,Copepoda,Calanoida,Paracalanidae,Paracalanus,0,0,TRUE,ASV324,6,Paracalanus parvus parvus
edna0137,ASV308,motu270,Synchaeta baltica,Rotifer,species,1,1,1,1,86,130,50,89,104,NA,152,Synchaeta baltica,Rotifer,2018_pruth-grid_surface,pruth grid,seagrass_grid,2018-08-23,NA,2018,surface,8,pruth_grid_c2,grid,biological,15.5,25.99,8.42,14.7,30.24,8.13,2.6,855,0,51.64626687,-128.1199599,sand,NA,NA,NA,seagrass,zostera,seagrass_sand,zostera_sand,90.79,3.5361899999999996e-113,228,Metazoa,Rotifera,Eurotatoria,Ploima,Synchaetidae,Synchaeta,0,0,TRUE,ASV308,3,Synchaeta baltica
edna0137,ASV328,motu288,Synchaeta baltica,Rotifer,species,1,1,1,1,73,121,52,95,102,NA,156,Synchaeta baltica,Rotifer,2018_pruth-grid_surface,pruth grid,seagrass_grid,2018-08-23,NA,2018,surface,8,pruth_grid_c2,grid,biological,15.5,25.99,8.42,14.7,30.24,8.13,2.6,855,0,51.64626687,-128.1199599,sand,NA,NA,NA,seagrass,zostera,seagrass_sand,zostera_sand,90.79,3.5361899999999996e-113,228,Metazoa,Rotifera,Eurotatoria,Ploima,Synchaetidae,Synchaeta,0,0,TRUE,ASV328,3,Synchaeta baltica
edna0137,ASV356,motu315,Synchaeta baltica,Rotifer,species,1,1,1,1,24,38,13,37,31,NA,58,Synchaeta baltica,Rotifer,2018_pruth-grid_surface,pruth grid,seagrass_grid,2018-08-23,NA,2018,surface,8,pruth_grid_c2,grid,biological,15.5,25.99,8.42,14.7,30.24,8.13,2.6,855,0,51.64626687,-128.1199599,sand,NA,NA,NA,seagrass,zostera,seagrass_sand,zostera_sand,90.45,5.9173e-111,224,Metazoa,Rotifera,Eurotatoria,Ploima,Synchaetidae,Synchaeta,0,0,TRUE,ASV356,1,Synchaeta baltica
edna0137,ASV2228,motu1836,Saxidomus nuttalli,California butterclam,species,1,NA,NA,NA,7,NA,NA,NA,NA,NA,NA,Saxidomus nuttalli,California butterclam,2018_pruth-grid_surface,pruth grid,seagrass_grid,2018-08-23,NA,2018,surface,8,pruth_grid_c2,grid,biological,15.5,25.99,8.42,14.7,30.24,8.13,2.6,855,0,51.64626687,-128.1199599,sand,NA,NA,NA,seagrass,zostera,seagrass_sand,zostera_sand,99.68,4.246189999999999e-157,307,Metazoa,Mollusca,Bivalvia,Venerida,Veneridae,Saxidomus,0,0,TRUE,ASV2228,1,Saxidomus nuttalli
edna0137,ASV2451,motu1746,Synchaeta vorax,Rotifer,species,1,1,NA,1,4,3,NA,NA,11,NA,9,Synchaeta vorax,Rotifer,2018_pruth-grid_surface,pruth grid,seagrass_grid,2018-08-23,NA,2018,surface,8,pruth_grid_c2,grid,biological,15.5,25.99,8.42,14.7,30.24,8.13,2.6,855,0,51.64626687,-128.1199599,sand,NA,NA,NA,seagrass,zostera,seagrass_sand,zostera_sand,95.13,1.20545e-132,263,Metazoa,Rotifera,Eurotatoria,Ploima,Synchaetidae,Synchaeta,0,0,TRUE,ASV2117,4,Synchaeta vorax
edna0137,ASV2679,motu1568,Pseudopolydora bassarginensis,Spionid polychaete,species,1,NA,1,1,20,NA,11,46,41,NA,72,Pseudopolydora bassarginensis,Spionid polychaete,2018_pruth-grid_surface,pruth grid,seagrass_grid,2018-08-23,NA,2018,surface,8,pruth_grid_c2,grid,biological,15.5,25.99,8.42,14.7,30.24,8.13,2.6,855,0,51.64626687,-128.1199599,sand,NA,NA,NA,seagrass,zostera,seagrass_sand,zostera_sand,99.67,6.925819999999995e-155,303,Metazoa,Annelida,Polychaeta,Spionida,Spionidae,Pseudopolydora,0,0,TRUE,ASV1887,2,Pseudopolydora bassarginensis
edna0140,ASV25,motu22,Acartia (Acartiura) longiremis,Calanoid copepod,species,1,1,1,1,709,1731,427,488,657,NA,875,Acartia (Acartiura) longiremis,Calanoid copepod,2018_wfb_surface,wfb,beach_seine,2018-08-24,2018-08-24,2018,surface,2,edna_wfb_15,repeat-surface,biological,11.8,32.57,7.97,10.7,32.76,7.85,5,1000,0,51.66850793,-128.1196609,sand,y,350,se,none,none,none_sand,none_sand,100,1.96163e-160,313,Metazoa,Arthropoda,Copepoda,Calanoida,Acartiidae,Acartia,0,0,TRUE,ASV25,27,Acartia (Acartiura) longiremis
edna0140,ASV81,motu71,Acartia (Acartiura) longiremis,Calanoid copepod,species,1,1,1,1,732,1747,69,53,74,NA,78,Acartia (Acartiura) longiremis,Calanoid copepod,2018_wfb_surface,wfb,beach_seine,2018-08-24,2018-08-24,2018,surface,2,edna_wfb_15,repeat-surface,biological,11.8,32.57,7.97,10.7,32.76,7.85,5,1000,0,51.66850793,-128.1196609,sand,y,350,se,none,none,none_sand,none_sand,100,1.96163e-160,313,Metazoa,Arthropoda,Copepoda,Calanoida,Acartiidae,Acartia,0,0,TRUE,ASV81,23,Acartia (Acartiura) longiremis
edna0140,ASV34,motu31,Centropages abdominalis,Calanoid copepod,species,1,1,1,1,66,144,65,49,92,NA,118,Centropages abdominalis,Calanoid copepod,2018_wfb_surface,wfb,beach_seine,2018-08-24,2018-08-24,2018,surface,2,edna_wfb_15,repeat-surface,biological,11.8,32.57,7.97,10.7,32.76,7.85,5,1000,0,51.66850793,-128.1196609,sand,y,350,se,none,none,none_sand,none_sand,100,1.96163e-160,313,Metazoa,Arthropoda,Copepoda,Calanoida,Centropagidae,Centropages,0,0,TRUE,ASV34,19,Centropages abdominalis
edna0140,ASV143,motu128,Centropages abdominalis,Calanoid copepod,species,1,1,NA,NA,61,134,NA,NA,NA,NA,NA,Centropages abdominalis,Calanoid copepod,2018_wfb_surface,wfb,beach_seine,2018-08-24,2018-08-24,2018,surface,2,edna_wfb_15,repeat-surface,biological,11.8,32.57,7.97,10.7,32.76,7.85,5,1000,0,51.66850793,-128.1196609,sand,y,350,se,none,none,none_sand,none_sand,100,1.96163e-160,313,Metazoa,Arthropoda,Copepoda,Calanoida,Centropagidae,Centropages,0,0,TRUE,ASV143,11,Centropages abdominalis
edna0140,ASV205,motu181,Pseudocalanus mimus,Calanoid copepod,species,1,1,1,1,78,173,71,31,48,NA,76,Pseudocalanus mimus,Calanoid copepod,2018_wfb_surface,wfb,beach_seine,2018-08-24,2018-08-24,2018,surface,2,edna_wfb_15,repeat-surface,biological,11.8,32.57,7.97,10.7,32.76,7.85,5,1000,0,51.66850793,-128.1196609,sand,y,350,se,none,none,none_sand,none_sand,100,1.18898e-152,299,Metazoa,Arthropoda,Copepoda,Calanoida,Clausocalanidae,Pseudocalanus,0,0,TRUE,ASV205,8,Pseudocalanus mimus
edna0140,ASV416,motu366,Pseudocalanus mimus,Calanoid copepod,species,1,1,NA,1,76,161,NA,37,NA,NA,NA,Pseudocalanus mimus,Calanoid copepod,2018_wfb_surface,wfb,beach_seine,2018-08-24,2018-08-24,2018,surface,2,edna_wfb_15,repeat-surface,biological,11.8,32.57,7.97,10.7,32.76,7.85,5,1000,0,51.66850793,-128.1196609,sand,y,350,se,none,none,none_sand,none_sand,100,1.18898e-152,299,Metazoa,Arthropoda,Copepoda,Calanoida,Clausocalanidae,Pseudocalanus,0,0,TRUE,ASV416,7,Pseudocalanus mimus
edna0140,ASV324,motu285,Paracalanus parvus parvus,Calanoid copepod,species,1,1,1,1,54,156,62,16,56,NA,45,Paracalanus parvus parvus,Calanoid copepod,2018_wfb_surface,wfb,beach_seine,2018-08-24,2018-08-24,2018,surface,2,edna_wfb_15,repeat-surface,biological,11.8,32.57,7.97,10.7,32.76,7.85,5,1000,0,51.66850793,-128.1196609,sand,y,350,se,none,none,none_sand,none_sand,100,1.17454e-132,263,Metazoa,Arthropoda,Copepoda,Calanoida,Paracalanidae,Paracalanus,0,0,TRUE,ASV324,6,Paracalanus parvus parvus
edna0140,ASV536,motu470,Paracalanus parvus parvus,Calanoid copepod,species,1,1,NA,NA,66,140,NA,NA,NA,NA,NA,Paracalanus parvus parvus,Calanoid copepod,2018_wfb_surface,wfb,beach_seine,2018-08-24,2018-08-24,2018,surface,2,edna_wfb_15,repeat-surface,biological,11.8,32.57,7.97,10.7,32.76,7.85,5,1000,0,51.66850793,-128.1196609,sand,y,350,se,none,none,none_sand,none_sand,100,1.17454e-132,263,Metazoa,Arthropoda,Copepoda,Calanoida,Paracalanidae,Paracalanus,0,0,TRUE,ASV536,6,Paracalanus parvus parvus
edna0140,ASV626,motu546,Naineris dendritica,Orbiniid polychaete,species,1,1,1,1,368,714,284,283,545,NA,630,Naineris dendritica,Orbiniid polychaete,2018_wfb_surface,wfb,beach_seine,2018-08-24,2018-08-24,2018,surface,2,edna_wfb_15,repeat-surface,biological,11.8,32.57,7.97,10.7,32.76,7.85,5,1000,0,51.66850793,-128.1196609,sand,y,350,se,none,none,none_sand,none_sand,98.69,8.922469999999994e-149,292,Metazoa,Annelida,Polychaeta,NA,Orbiniidae,Naineris,0,0,TRUE,ASV626,1,Naineris dendritica
edna0140,ASV564,motu497,Naineris dendritica,Orbiniid polychaete,species,1,1,1,1,315,740,325,388,686,NA,834,Naineris dendritica,Orbiniid polychaete,2018_wfb_surface,wfb,beach_seine,2018-08-24,2018-08-24,2018,surface,2,edna_wfb_15,repeat-surface,biological,11.8,32.57,7.97,10.7,32.76,7.85,5,1000,0,51.66850793,-128.1196609,sand,y,350,se,none,none,none_sand,none_sand,98.69,8.922469999999994e-149,292,Metazoa,Annelida,Polychaeta,NA,Orbiniidae,Naineris,0,0,TRUE,ASV564,1,Naineris dendritica
edna0140,ASV1040,motu897,Oithona similis,Cyclopoid copepod,species,1,1,1,1,25,66,19,19,37,NA,48,Oithona similis,Cyclopoid copepod,2018_wfb_surface,wfb,beach_seine,2018-08-24,2018-08-24,2018,surface,2,edna_wfb_15,repeat-surface,biological,11.8,32.57,7.97,10.7,32.76,7.85,5,1000,0,51.66850793,-128.1196609,sand,y,350,se,none,none,none_sand,none_sand,96.17,2.0179399999999996e-140,277,Metazoa,Arthropoda,Copepoda,Cyclopoida,Oithonidae,Oithona,0,0,TRUE,ASV1040,1,Oithona similis
edna0140,ASV1502,motu1269,Oithona similis,Cyclopoid copepod,species,1,1,NA,NA,28,75,NA,NA,NA,NA,NA,Oithona similis,Cyclopoid copepod,2018_wfb_surface,wfb,beach_seine,2018-08-24,2018-08-24,2018,surface,2,edna_wfb_15,repeat-surface,biological,11.8,32.57,7.97,10.7,32.76,7.85,5,1000,0,51.66850793,-128.1196609,sand,y,350,se,none,none,none_sand,none_sand,96.17,2.0179399999999996e-140,277,Metazoa,Arthropoda,Copepoda,Cyclopoida,Oithonidae,Oithona,0,0,TRUE,ASV1502,1,Oithona similis
edna0140,ASV2172,motu1790,Paracalanus,Calanoid copepod,genus,1,1,1,1,14,30,12,6,27,NA,24,Paracalanus,Calanoid copepod,2018_wfb_surface,wfb,beach_seine,2018-08-24,2018-08-24,2018,surface,2,edna_wfb_15,repeat-surface,biological,11.8,32.57,7.97,10.7,32.76,7.85,5,1000,0,51.66850793,-128.1196609,sand,y,350,se,none,none,none_sand,none_sand,99.34,1.9105799999999988e-150,295,Metazoa,Arthropoda,Copepoda,Calanoida,Paracalanidae,Paracalanus,0,0,TRUE,ASV2172,1,NA
edna0140,ASV3146,motu2524,Paracalanus,Calanoid copepod,genus,1,1,NA,NA,13,32,NA,NA,NA,NA,NA,Paracalanus,Calanoid copepod,2018_wfb_surface,wfb,beach_seine,2018-08-24,2018-08-24,2018,surface,2,edna_wfb_15,repeat-surface,biological,11.8,32.57,7.97,10.7,32.76,7.85,5,1000,0,51.66850793,-128.1196609,sand,y,350,se,none,none,none_sand,none_sand,99.34,1.9105799999999988e-150,295,Metazoa,Arthropoda,Copepoda,Calanoida,Paracalanidae,Paracalanus,0,0,TRUE,ASV3146,1,NA
edna0140,ASV2731,motu2213,Pachylaelapidae,Mite,genus,1,1,NA,1,9,18,NA,NA,5,NA,NA,Pachylaelapidae,Mite,2018_wfb_surface,wfb,beach_seine,2018-08-24,2018-08-24,2018,surface,2,edna_wfb_15,repeat-surface,biological,11.8,32.57,7.97,10.7,32.76,7.85,5,1000,0,51.66850793,-128.1196609,sand,y,350,se,none,none,none_sand,none_sand,100,0.00408744,30,Metazoa,Arthropoda,Arthropoda,Mesostigmata,NA,Pachylaelapidae,NA,NA,TRUE,ASV2731,2,NA
edna0140,ASV2643,motu2145,Manania handi,Stalked jellyfish,species,1,1,1,1,18,30,11,9,19,NA,23,Manania handi,Stalked jellyfish,2018_wfb_surface,wfb,beach_seine,2018-08-24,2018-08-24,2018,surface,2,edna_wfb_15,repeat-surface,biological,11.8,32.57,7.97,10.7,32.76,7.85,5,1000,0,51.66850793,-128.1196609,sand,y,350,se,none,none,none_sand,none_sand,100,3.2351099999999996e-158,309,Metazoa,Cnidaria,Cnidaria,Stauromedusae,Haliclystidae,Manania,0,0,TRUE,ASV2643,1,Manania handi
edna0140,ASV2881,motu2328,Coleoptera,Hexapod,order,1,1,NA,1,4,6,NA,NA,NA,NA,9,Coleoptera,Hexapod,2018_wfb_surface,wfb,beach_seine,2018-08-24,2018-08-24,2018,surface,2,edna_wfb_15,repeat-surface,biological,11.8,32.57,7.97,10.7,32.76,7.85,5,1000,0,51.66850793,-128.1196609,sand,y,350,se,none,none,none_sand,none_sand,100,0.00110774,31,Metazoa,Arthropoda,Arthropoda,Coleoptera,NA,NA,NA,NA,TRUE,ASV2881,1,NA
edna0141,ASV34,motu31,Centropages abdominalis,Calanoid copepod,species,1,1,1,1,5,15,9,NA,3,NA,13,Centropages abdominalis,Calanoid copepod,2018_wfb_surface,wfb,beach_seine,2018-08-24,2018-08-24,2018,surface,3,edna_wfb_30,repeat-surface,biological,NA,NA,NA,NA,NA,NA,4.9,1000,0,51.66843974,-128.1199132,sand,y,350,se,none,none,none_sand,none_sand,100,1.96163e-160,313,Metazoa,Arthropoda,Copepoda,Calanoida,Centropagidae,Centropages,0,0,TRUE,ASV34,19,Centropages abdominalis
edna0141,ASV131,motu117,Lensia,Siphonophore,genus,1,1,NA,NA,6,3,NA,NA,NA,NA,NA,Lensia,Siphonophore,2018_wfb_surface,wfb,beach_seine,2018-08-24,2018-08-24,2018,surface,3,edna_wfb_30,repeat-surface,biological,NA,NA,NA,NA,NA,NA,4.9,1000,0,51.66843974,-128.1199132,sand,y,350,se,none,none,none_sand,none_sand,100,0.00408744,30,Metazoa,Cnidaria,Cnidaria,Siphonophorae,Diphyidae,Lensia,0,0,TRUE,ASV131,2,NA
edna0141,ASV324,motu285,Paracalanus parvus parvus,Calanoid copepod,species,1,1,1,1,7,12,12,NA,NA,NA,25,Paracalanus parvus parvus,Calanoid copepod,2018_wfb_surface,wfb,beach_seine,2018-08-24,2018-08-24,2018,surface,3,edna_wfb_30,repeat-surface,biological,NA,NA,NA,NA,NA,NA,4.9,1000,0,51.66843974,-128.1199132,sand,y,350,se,none,none,none_sand,none_sand,100,1.17454e-132,263,Metazoa,Arthropoda,Copepoda,Calanoida,Paracalanidae,Paracalanus,0,0,TRUE,ASV324,6,Paracalanus parvus parvus
edna0141,ASV733,motu637,Phyllodocida,Polychaete,order,1,1,1,1,12,24,9,NA,NA,NA,15,Phyllodocida,Polychaete,2018_wfb_surface,wfb,beach_seine,2018-08-24,2018-08-24,2018,surface,3,edna_wfb_30,repeat-surface,biological,NA,NA,NA,NA,NA,NA,4.9,1000,0,51.66843974,-128.1199132,sand,y,350,se,none,none,none_sand,none_sand,100,0.0603188,28,Metazoa,Annelida,Annelida,Phyllodocida,NA,NA,0,0,TRUE,ASV733,1,NA
edna0141,ASV1013,motu876,Orobdella,Freshwater leech,genus,1,1,NA,NA,7,4,NA,NA,NA,NA,NA,Orobdella,Freshwater leech,2018_wfb_surface,wfb,beach_seine,2018-08-24,2018-08-24,2018,surface,3,edna_wfb_30,repeat-surface,biological,NA,NA,NA,NA,NA,NA,4.9,1000,0,51.66843974,-128.1199132,sand,y,350,se,none,none,none_sand,none_sand,97.06,0.00121031,31,Metazoa,Annelida,Annelida,Erpobdelliformes,Orobdellidae,Orobdella,NA,NA,TRUE,ASV1013,1,NA
edna0141,ASV679,motu591,Phyllodocida,Polychaete,order,1,1,1,1,19,22,10,NA,7,NA,6,Phyllodocida,Polychaete,2018_wfb_surface,wfb,beach_seine,2018-08-24,2018-08-24,2018,surface,3,edna_wfb_30,repeat-surface,biological,NA,NA,NA,NA,NA,NA,4.9,1000,0,51.66843974,-128.1199132,sand,y,350,se,none,none,none_sand,none_sand,100,0.0603188,28,Metazoa,Annelida,Annelida,Phyllodocida,NA,NA,0,0,TRUE,ASV679,1,NA
edna0141,ASV1748,motu1459,Chaetognatha,Arrow worm,phylum,1,1,NA,NA,9,16,NA,NA,NA,NA,NA,Chaetognatha,Arrow worm,2018_wfb_surface,wfb,beach_seine,2018-08-24,2018-08-24,2018,surface,3,edna_wfb_30,repeat-surface,biological,NA,NA,NA,NA,NA,NA,4.9,1000,0,51.66843974,-128.1199132,sand,y,350,se,none,none,none_sand,none_sand,95.02,1.63074e-81,171,Metazoa,Chaetognatha,NA,NA,NA,NA,0,0,TRUE,ASV1748,1,NA
edna0141,ASV2364,motu1940,Membranipora membranacea,Coffin box bryozoan,species,1,1,NA,NA,12,12,NA,NA,NA,NA,NA,Membranipora membranacea,Coffin box bryozoan,2018_wfb_surface,wfb,beach_seine,2018-08-24,2018-08-24,2018,surface,3,edna_wfb_30,repeat-surface,biological,NA,NA,NA,NA,NA,NA,4.9,1000,0,51.66843974,-128.1199132,sand,y,350,se,none,none,none_sand,none_sand,100,9.252979999999995e-139,274,Metazoa,Bryozoa,Gymnolaemata,Cheilostomatida,Membraniporidae,Membranipora,0,0,TRUE,ASV2364,1,Membranipora membranacea
edna0141,ASV2138,motu470,Paracalanus,Calanoid copepod,genus,1,NA,NA,NA,11,NA,NA,NA,NA,NA,NA,Paracalanus parvus parvus,Calanoid copepod,2018_wfb_surface,wfb,beach_seine,2018-08-24,2018-08-24,2018,surface,3,edna_wfb_30,repeat-surface,biological,NA,NA,NA,NA,NA,NA,4.9,1000,0,51.66843974,-128.1199132,sand,y,350,se,none,none,none_sand,none_sand,99.67,1.14177e-152,299,Metazoa,Arthropoda,Arthropoda,Calanoida,Paracalanidae,Paracalanus,0,0,TRUE,ASV536,6,NA
edna0141,ASV2031,motu1681,Membranipora membranacea,Coffin box bryozoan,species,1,1,NA,NA,12,18,NA,NA,NA,NA,NA,Membranipora membranacea,Coffin box bryozoan,2018_wfb_surface,wfb,beach_seine,2018-08-24,2018-08-24,2018,surface,3,edna_wfb_30,repeat-surface,biological,NA,NA,NA,NA,NA,NA,4.9,1000,0,51.66843974,-128.1199132,sand,y,350,se,none,none,none_sand,none_sand,100,9.252979999999995e-139,274,Metazoa,Bryozoa,Gymnolaemata,Cheilostomatida,Membraniporidae,Membranipora,0,0,TRUE,ASV2031,1,Membranipora membranacea
edna0141,ASV2402,motu1965,Chaetognatha,Arrow worm,phylum,1,NA,NA,NA,21,NA,NA,NA,NA,NA,NA,Chaetognatha,Arrow worm,2018_wfb_surface,wfb,beach_seine,2018-08-24,2018-08-24,2018,surface,3,edna_wfb_30,repeat-surface,biological,NA,NA,NA,NA,NA,NA,4.9,1000,0,51.66843974,-128.1199132,sand,y,350,se,none,none,none_sand,none_sand,96.52,1.6192399999999998e-86,180,Metazoa,Chaetognatha,NA,NA,NA,NA,0,0,TRUE,ASV2402,1,NA
edna0141,ASV2122,motu1751,Arabella iricolor,Iridescent worm,species,1,1,1,1,40,79,30,52,55,NA,58,Arabella iricolor,Iridescent worm,2018_wfb_surface,wfb,beach_seine,2018-08-24,2018-08-24,2018,surface,3,edna_wfb_30,repeat-surface,biological,NA,NA,NA,NA,NA,NA,4.9,1000,0,51.66843974,-128.1199132,sand,y,350,se,none,none,none_sand,none_sand,90.48,3.54815e-103,210,Metazoa,Annelida,Polychaeta,Eunicida,Oenonidae,Arabella,0,0,TRUE,ASV2122,1,Arabella iricolor
edna0141,ASV2197,motu1814,Sabellariidae,Feather duster worm,family,1,1,NA,1,7,10,NA,14,NA,NA,13,Sabellariidae,Feather duster worm,2018_wfb_surface,wfb,beach_seine,2018-08-24,2018-08-24,2018,surface,3,edna_wfb_30,repeat-surface,biological,NA,NA,NA,NA,NA,NA,4.9,1000,0,51.66843974,-128.1199132,sand,y,350,se,none,none,none_sand,none_sand,100,1.925639999999999e-155,304,Metazoa,Annelida,Polychaeta,NA,Sabellariidae,NA,0,0,TRUE,ASV2197,2,NA
edna0141,ASV3560,motu2827,Arabella iricolor,Iridescent worm,species,1,1,NA,NA,36,60,NA,NA,NA,NA,NA,Arabella iricolor,Iridescent worm,2018_wfb_surface,wfb,beach_seine,2018-08-24,2018-08-24,2018,surface,3,edna_wfb_30,repeat-surface,biological,NA,NA,NA,NA,NA,NA,4.9,1000,0,51.66843974,-128.1199132,sand,y,350,se,none,none,none_sand,none_sand,90.14,1.6507999999999998e-101,207,Metazoa,Annelida,Polychaeta,Eunicida,Oenonidae,Arabella,0,0,TRUE,ASV3560,1,Arabella iricolor
edna0141,ASV3545,motu2816,Arabella iricolor,Iridescent worm,species,1,1,NA,NA,35,62,NA,NA,NA,NA,NA,Arabella iricolor,Iridescent worm,2018_wfb_surface,wfb,beach_seine,2018-08-24,2018-08-24,2018,surface,3,edna_wfb_30,repeat-surface,biological,NA,NA,NA,NA,NA,NA,4.9,1000,0,51.66843974,-128.1199132,sand,y,350,se,none,none,none_sand,none_sand,90.48,3.54815e-103,210,Metazoa,Annelida,Polychaeta,Eunicida,Oenonidae,Arabella,0,0,TRUE,ASV3545,1,Arabella iricolor
edna0141,ASV2544,motu2069,Arabella iricolor,Iridescent worm,species,1,1,1,1,33,66,26,NA,46,NA,41,Arabella iricolor,Iridescent worm,2018_wfb_surface,wfb,beach_seine,2018-08-24,2018-08-24,2018,surface,3,edna_wfb_30,repeat-surface,biological,NA,NA,NA,NA,NA,NA,4.9,1000,0,51.66843974,-128.1199132,sand,y,350,se,none,none,none_sand,none_sand,90.14,1.6507999999999998e-101,207,Metazoa,Annelida,Polychaeta,Eunicida,Oenonidae,Arabella,0,0,TRUE,ASV2544,1,Arabella iricolor
edna0141,ASV5190,motu3992,Membranipora membranacea,Coffin box bryozoan,species,1,NA,NA,NA,9,NA,NA,NA,NA,NA,NA,Membranipora membranacea,Coffin box bryozoan,2018_wfb_surface,wfb,beach_seine,2018-08-24,2018-08-24,2018,surface,3,edna_wfb_30,repeat-surface,biological,NA,NA,NA,NA,NA,NA,4.9,1000,0,51.66843974,-128.1199132,sand,y,350,se,none,none,none_sand,none_sand,99.64,4.30499e-137,271,Metazoa,Bryozoa,Bryozoa,Cheilostomatida,Membraniporidae,Membranipora,0,0,TRUE,ASV5190,1,Membranipora membranacea
edna0141,ASV2624,motu2129,Sabellariidae,Feather duster worm,family,1,1,NA,1,7,12,NA,17,11,NA,12,Sabellariidae,Feather duster worm,2018_wfb_surface,wfb,beach_seine,2018-08-24,2018-08-24,2018,surface,3,edna_wfb_30,repeat-surface,biological,NA,NA,NA,NA,NA,NA,4.9,1000,0,51.66843974,-128.1199132,sand,y,350,se,none,none,none_sand,none_sand,100,1.925639999999999e-155,304,Metazoa,Annelida,Polychaeta,NA,Sabellariidae,NA,0,0,TRUE,ASV2624,2,NA
edna0141,ASV2326,motu1914,Membraniporidae,Bryozoan,family,1,NA,NA,1,6,NA,NA,10,NA,NA,9,Membraniporidae,Bryozoan,2018_wfb_surface,wfb,beach_seine,2018-08-24,2018-08-24,2018,surface,3,edna_wfb_30,repeat-surface,biological,NA,NA,NA,NA,NA,NA,4.9,1000,0,51.66843974,-128.1199132,sand,y,350,se,none,none,none_sand,none_sand,90.95,6.1511e-76,161,Metazoa,Bryozoa,Bryozoa,Cheilostomatida,Membraniporidae,NA,0,0,TRUE,ASV2326,1,NA
edna0142,ASV25,motu22,Acartia (Acartiura) longiremis,Calanoid copepod,species,1,1,1,1,8,18,8,NA,NA,NA,8,Acartia (Acartiura) longiremis,Calanoid copepod,2018_chp_surface,chp,beach_seine,2018-08-24,2018-08-25,2018,surface,1,edna_chp_00,repeat-surface,biological,NA,NA,NA,NA,NA,NA,4.2,1000,0,51.67615482,-128.1232837,sand,n,35,e,seagrass,zostera,seagrass_sand,zostera_sand,100,1.96163e-160,313,Metazoa,Arthropoda,Copepoda,Calanoida,Acartiidae,Acartia,0,0,TRUE,ASV25,27,Acartia (Acartiura) longiremis
edna0142,ASV81,motu71,Acartia (Acartiura) longiremis,Calanoid copepod,species,1,1,NA,NA,8,11,NA,NA,NA,NA,NA,Acartia (Acartiura) longiremis,Calanoid copepod,2018_chp_surface,chp,beach_seine,2018-08-24,2018-08-25,2018,surface,1,edna_chp_00,repeat-surface,biological,NA,NA,NA,NA,NA,NA,4.2,1000,0,51.67615482,-128.1232837,sand,n,35,e,seagrass,zostera,seagrass_sand,zostera_sand,100,1.96163e-160,313,Metazoa,Arthropoda,Copepoda,Calanoida,Acartiidae,Acartia,0,0,TRUE,ASV81,23,Acartia (Acartiura) longiremis
edna0142,ASV258,motu228,Lensia,Siphonophore,genus,1,1,NA,NA,10,24,NA,NA,NA,NA,NA,Lensia,Siphonophore,2018_chp_surface,chp,beach_seine,2018-08-24,2018-08-25,2018,surface,1,edna_chp_00,repeat-surface,biological,NA,NA,NA,NA,NA,NA,4.2,1000,0,51.67615482,-128.1232837,sand,n,35,e,seagrass,zostera,seagrass_sand,zostera_sand,100,0.00408744,30,Metazoa,Cnidaria,Cnidaria,Siphonophorae,Diphyidae,Lensia,0,0,TRUE,ASV258,1,NA
edna0142,ASV131,motu117,Lensia,Siphonophore,genus,1,1,1,1,12,27,11,NA,7,NA,10,Lensia,Siphonophore,2018_chp_surface,chp,beach_seine,2018-08-24,2018-08-25,2018,surface,1,edna_chp_00,repeat-surface,biological,NA,NA,NA,NA,NA,NA,4.2,1000,0,51.67615482,-128.1232837,sand,n,35,e,seagrass,zostera,seagrass_sand,zostera_sand,100,0.00408744,30,Metazoa,Cnidaria,Cnidaria,Siphonophorae,Diphyidae,Lensia,0,0,TRUE,ASV131,2,NA
edna0142,ASV280,motu190,Mytilus,Mussel species,genus,1,1,1,1,6,8,5,NA,3,NA,NA,Mytilus trossulus,Bay mussel,2018_chp_surface,chp,beach_seine,2018-08-24,2018-08-25,2018,surface,1,edna_chp_00,repeat-surface,biological,NA,NA,NA,NA,NA,NA,4.2,1000,0,51.67615482,-128.1232837,sand,n,35,e,seagrass,zostera,seagrass_sand,zostera_sand,100,3.2351099999999996e-158,309,Metazoa,Mollusca,Mollusca,Mytilida,Mytilidae,Mytilus,0,0,TRUE,ASV216,23,NA
edna0142,ASV205,motu181,Pseudocalanus mimus,Calanoid copepod,species,1,1,1,1,23,37,26,31,94,NA,117,Pseudocalanus mimus,Calanoid copepod,2018_chp_surface,chp,beach_seine,2018-08-24,2018-08-25,2018,surface,1,edna_chp_00,repeat-surface,biological,NA,NA,NA,NA,NA,NA,4.2,1000,0,51.67615482,-128.1232837,sand,n,35,e,seagrass,zostera,seagrass_sand,zostera_sand,100,1.18898e-152,299,Metazoa,Arthropoda,Copepoda,Calanoida,Clausocalanidae,Pseudocalanus,0,0,TRUE,ASV205,8,Pseudocalanus mimus
edna0142,ASV416,motu366,Pseudocalanus mimus,Calanoid copepod,species,1,1,1,NA,15,31,17,NA,NA,NA,NA,Pseudocalanus mimus,Calanoid copepod,2018_chp_surface,chp,beach_seine,2018-08-24,2018-08-25,2018,surface,1,edna_chp_00,repeat-surface,biological,NA,NA,NA,NA,NA,NA,4.2,1000,0,51.67615482,-128.1232837,sand,n,35,e,seagrass,zostera,seagrass_sand,zostera_sand,100,1.18898e-152,299,Metazoa,Arthropoda,Copepoda,Calanoida,Clausocalanidae,Pseudocalanus,0,0,TRUE,ASV416,7,Pseudocalanus mimus
edna0142,ASV324,motu285,Paracalanus parvus parvus,Calanoid copepod,species,1,1,1,1,22,50,16,12,20,NA,40,Paracalanus parvus parvus,Calanoid copepod,2018_chp_surface,chp,beach_seine,2018-08-24,2018-08-25,2018,surface,1,edna_chp_00,repeat-surface,biological,NA,NA,NA,NA,NA,NA,4.2,1000,0,51.67615482,-128.1232837,sand,n,35,e,seagrass,zostera,seagrass_sand,zostera_sand,100,1.17454e-132,263,Metazoa,Arthropoda,Copepoda,Calanoida,Paracalanidae,Paracalanus,0,0,TRUE,ASV324,6,Paracalanus parvus parvus
edna0142,ASV308,motu270,Synchaeta baltica,Rotifer,species,1,1,NA,1,6,17,NA,NA,NA,NA,19,Synchaeta baltica,Rotifer,2018_chp_surface,chp,beach_seine,2018-08-24,2018-08-25,2018,surface,1,edna_chp_00,repeat-surface,biological,NA,NA,NA,NA,NA,NA,4.2,1000,0,51.67615482,-128.1232837,sand,n,35,e,seagrass,zostera,seagrass_sand,zostera_sand,90.79,3.5361899999999996e-113,228,Metazoa,Rotifera,Eurotatoria,Ploima,Synchaetidae,Synchaeta,0,0,TRUE,ASV308,3,Synchaeta baltica
edna0142,ASV536,motu470,Paracalanus parvus parvus,Calanoid copepod,species,1,1,NA,NA,21,35,NA,NA,NA,NA,NA,Paracalanus parvus parvus,Calanoid copepod,2018_chp_surface,chp,beach_seine,2018-08-24,2018-08-25,2018,surface,1,edna_chp_00,repeat-surface,biological,NA,NA,NA,NA,NA,NA,4.2,1000,0,51.67615482,-128.1232837,sand,n,35,e,seagrass,zostera,seagrass_sand,zostera_sand,100,1.17454e-132,263,Metazoa,Arthropoda,Copepoda,Calanoida,Paracalanidae,Paracalanus,0,0,TRUE,ASV536,6,Paracalanus parvus parvus
edna0142,ASV328,motu288,Synchaeta baltica,Rotifer,species,1,1,1,1,12,17,6,NA,11,NA,10,Synchaeta baltica,Rotifer,2018_chp_surface,chp,beach_seine,2018-08-24,2018-08-25,2018,surface,1,edna_chp_00,repeat-surface,biological,NA,NA,NA,NA,NA,NA,4.2,1000,0,51.67615482,-128.1232837,sand,n,35,e,seagrass,zostera,seagrass_sand,zostera_sand,90.79,3.5361899999999996e-113,228,Metazoa,Rotifera,Eurotatoria,Ploima,Synchaetidae,Synchaeta,0,0,TRUE,ASV328,3,Synchaeta baltica
edna0142,ASV834,motu128,Centropages abdominalis,Calanoid copepod,species,1,1,NA,NA,12,20,NA,NA,NA,NA,NA,Centropages abdominalis,Calanoid copepod,2018_chp_surface,chp,beach_seine,2018-08-24,2018-08-25,2018,surface,1,edna_chp_00,repeat-surface,biological,NA,NA,NA,NA,NA,NA,4.2,1000,0,51.67615482,-128.1232837,sand,n,35,e,seagrass,zostera,seagrass_sand,zostera_sand,99.68,9.126599999999999e-159,310,Metazoa,Arthropoda,Copepoda,Calanoida,Centropagidae,Centropages,0,0,TRUE,ASV143,11,Centropages abdominalis
edna0142,ASV365,motu31,Centropages abdominalis,Calanoid copepod,species,1,1,1,1,14,20,9,9,19,NA,23,Centropages abdominalis,Calanoid copepod,2018_chp_surface,chp,beach_seine,2018-08-24,2018-08-25,2018,surface,1,edna_chp_00,repeat-surface,biological,NA,NA,NA,NA,NA,NA,4.2,1000,0,51.67615482,-128.1232837,sand,n,35,e,seagrass,zostera,seagrass_sand,zostera_sand,99.68,9.126599999999999e-159,310,Metazoa,Arthropoda,Copepoda,Calanoida,Centropagidae,Centropages,0,0,TRUE,ASV34,19,Centropages abdominalis
edna0142,ASV1384,motu1168,Membranipora membranacea,Coffin box bryozoan,species,1,1,NA,NA,6,23,NA,NA,NA,NA,NA,Membranipora membranacea,Coffin box bryozoan,2018_chp_surface,chp,beach_seine,2018-08-24,2018-08-25,2018,surface,1,edna_chp_00,repeat-surface,biological,NA,NA,NA,NA,NA,NA,4.2,1000,0,51.67615482,-128.1232837,sand,n,35,e,seagrass,zostera,seagrass_sand,zostera_sand,100,9.252979999999995e-139,274,Metazoa,Bryozoa,Gymnolaemata,Cheilostomatida,Membraniporidae,Membranipora,0,0,TRUE,ASV1384,2,Membranipora membranacea
edna0142,ASV1064,motu916,Campanulariidae,Thecate Hydroid,family,1,1,1,1,158,321,111,103,214,NA,258,Campanulariidae,Thecate Hydroid,2018_chp_surface,chp,beach_seine,2018-08-24,2018-08-25,2018,surface,1,edna_chp_00,repeat-surface,biological,NA,NA,NA,NA,NA,NA,4.2,1000,0,51.67615482,-128.1232837,sand,n,35,e,seagrass,zostera,seagrass_sand,zostera_sand,92.83,2.6360100000000003e-114,230,Metazoa,Cnidaria,Cnidaria,Leptothecata,Campanulariidae,NA,0,0,TRUE,ASV1064,1,NA
edna0142,ASV1896,motu1575,Campanulariidae,Thecate Hydroid,family,1,1,NA,NA,147,253,NA,NA,NA,NA,NA,Campanulariidae,Thecate Hydroid,2018_chp_surface,chp,beach_seine,2018-08-24,2018-08-25,2018,surface,1,edna_chp_00,repeat-surface,biological,NA,NA,NA,NA,NA,NA,4.2,1000,0,51.67615482,-128.1232837,sand,n,35,e,seagrass,zostera,seagrass_sand,zostera_sand,92.83,2.6360100000000003e-114,230,Metazoa,Cnidaria,Cnidaria,Leptothecata,Campanulariidae,NA,0,0,TRUE,ASV1896,1,NA
edna0142,ASV2147,motu1769,Asteriidae,Sea star,family,1,NA,NA,NA,2,NA,NA,NA,NA,NA,NA,Asteriidae,Sea star,2018_chp_surface,chp,beach_seine,2018-08-24,2018-08-25,2018,surface,1,edna_chp_00,repeat-surface,biological,NA,NA,NA,NA,NA,NA,4.2,1000,0,51.67615482,-128.1232837,sand,n,35,e,seagrass,zostera,seagrass_sand,zostera_sand,100,1.96163e-160,313,Metazoa,Echinodermata,Echinodermata,Forcipulatida,Asteriidae,NA,0,0,TRUE,ASV2147,1,NA
edna0143,ASV258,motu228,Lensia,Siphonophore,genus,1,1,NA,NA,16,21,NA,NA,NA,NA,NA,Lensia,Siphonophore,2018_chp_surface,chp,beach_seine,2018-08-24,2018-08-25,2018,surface,2,edna_chp_15,repeat-surface,biological,11.5,31.82,7.97,10.8,32.41,7.97,3.5,1000,0,51.67628487,-128.1233672,sand,n,35,e,seagrass,zostera,seagrass_sand,zostera_sand,100,0.00408744,30,Metazoa,Cnidaria,Cnidaria,Siphonophorae,Diphyidae,Lensia,0,0,TRUE,ASV258,1,NA
edna0143,ASV131,motu117,Lensia,Siphonophore,genus,1,1,1,1,8,9,9,NA,10,NA,13,Lensia,Siphonophore,2018_chp_surface,chp,beach_seine,2018-08-24,2018-08-25,2018,surface,2,edna_chp_15,repeat-surface,biological,11.5,31.82,7.97,10.8,32.41,7.97,3.5,1000,0,51.67628487,-128.1233672,sand,n,35,e,seagrass,zostera,seagrass_sand,zostera_sand,100,0.00408744,30,Metazoa,Cnidaria,Cnidaria,Siphonophorae,Diphyidae,Lensia,0,0,TRUE,ASV131,2,NA
edna0143,ASV324,motu285,Paracalanus parvus parvus,Calanoid copepod,species,1,1,NA,1,11,14,NA,NA,16,NA,12,Paracalanus parvus parvus,Calanoid copepod,2018_chp_surface,chp,beach_seine,2018-08-24,2018-08-25,2018,surface,2,edna_chp_15,repeat-surface,biological,11.5,31.82,7.97,10.8,32.41,7.97,3.5,1000,0,51.67628487,-128.1233672,sand,n,35,e,seagrass,zostera,seagrass_sand,zostera_sand,100,1.17454e-132,263,Metazoa,Arthropoda,Copepoda,Calanoida,Paracalanidae,Paracalanus,0,0,TRUE,ASV324,6,Paracalanus parvus parvus
edna0143,ASV536,motu470,Paracalanus parvus parvus,Calanoid copepod,species,1,1,1,NA,16,14,7,NA,NA,NA,NA,Paracalanus parvus parvus,Calanoid copepod,2018_chp_surface,chp,beach_seine,2018-08-24,2018-08-25,2018,surface,2,edna_chp_15,repeat-surface,biological,11.5,31.82,7.97,10.8,32.41,7.97,3.5,1000,0,51.67628487,-128.1233672,sand,n,35,e,seagrass,zostera,seagrass_sand,zostera_sand,100,1.17454e-132,263,Metazoa,Arthropoda,Copepoda,Calanoida,Paracalanidae,Paracalanus,0,0,TRUE,ASV536,6,Paracalanus parvus parvus
edna0143,ASV1384,motu1168,Membranipora membranacea,Coffin box bryozoan,species,1,1,NA,NA,20,20,NA,NA,NA,NA,NA,Membranipora membranacea,Coffin box bryozoan,2018_chp_surface,chp,beach_seine,2018-08-24,2018-08-25,2018,surface,2,edna_chp_15,repeat-surface,biological,11.5,31.82,7.97,10.8,32.41,7.97,3.5,1000,0,51.67628487,-128.1233672,sand,n,35,e,seagrass,zostera,seagrass_sand,zostera_sand,100,9.252979999999995e-139,274,Metazoa,Bryozoa,Gymnolaemata,Cheilostomatida,Membraniporidae,Membranipora,0,0,TRUE,ASV1384,2,Membranipora membranacea
edna0143,ASV1181,motu22,Acartia (Acartiura) longiremis,Calanoid copepod,species,1,1,1,1,100,150,83,NA,147,NA,198,Acartia (Acartiura) longiremis,Calanoid copepod,2018_chp_surface,chp,beach_seine,2018-08-24,2018-08-25,2018,surface,2,edna_chp_15,repeat-surface,biological,11.5,31.82,7.97,10.8,32.41,7.97,3.5,1000,0,51.67628487,-128.1233672,sand,n,35,e,seagrass,zostera,seagrass_sand,zostera_sand,99.68,9.126599999999999e-159,310,Metazoa,Arthropoda,Copepoda,Calanoida,Acartiidae,Acartia,0,0,TRUE,ASV25,27,Acartia (Acartiura) longiremis
edna0143,ASV1666,motu71,Acartia (Acartiura) longiremis,Calanoid copepod,species,1,1,NA,NA,99,164,NA,NA,NA,NA,NA,Acartia (Acartiura) longiremis,Calanoid copepod,2018_chp_surface,chp,beach_seine,2018-08-24,2018-08-25,2018,surface,2,edna_chp_15,repeat-surface,biological,11.5,31.82,7.97,10.8,32.41,7.97,3.5,1000,0,51.67628487,-128.1233672,sand,n,35,e,seagrass,zostera,seagrass_sand,zostera_sand,99.68,9.126599999999999e-159,310,Metazoa,Arthropoda,Copepoda,Calanoida,Acartiidae,Acartia,0,0,TRUE,ASV81,23,Acartia (Acartiura) longiremis
edna0143,ASV1059,motu911,Pleurobrachia bachei,Pacific sea gooseberry,species,1,1,NA,1,3,3,NA,NA,NA,NA,3,Pleurobrachia bachei,Pacific sea gooseberry,2018_chp_surface,chp,beach_seine,2018-08-24,2018-08-25,2018,surface,2,edna_chp_15,repeat-surface,biological,11.5,31.82,7.97,10.8,32.41,7.97,3.5,1000,0,51.67628487,-128.1233672,sand,n,35,e,seagrass,zostera,seagrass_sand,zostera_sand,100,1.96163e-160,313,Metazoa,Ctenophora,Tentaculata,Cydippida,Cydippidae,Pleurobrachia,0,0,TRUE,ASV1059,3,Pleurobrachia bachei
edna0143,ASV1070,motu922,Pleurobrachia bachei,Pacific sea gooseberry,species,1,1,NA,1,3,6,NA,NA,4,NA,NA,Pleurobrachia bachei,Pacific sea gooseberry,2018_chp_surface,chp,beach_seine,2018-08-24,2018-08-25,2018,surface,2,edna_chp_15,repeat-surface,biological,11.5,31.82,7.97,10.8,32.41,7.97,3.5,1000,0,51.67628487,-128.1233672,sand,n,35,e,seagrass,zostera,seagrass_sand,zostera_sand,100,1.96163e-160,313,Metazoa,Ctenophora,Tentaculata,Cydippida,Cydippidae,Pleurobrachia,0,0,TRUE,ASV1070,7,Pleurobrachia bachei
edna0143,ASV937,motu814,Synchaeta baltica,Rotifer,species,1,1,1,1,14,20,14,NA,39,NA,89,Synchaeta baltica,Rotifer,2018_chp_surface,chp,beach_seine,2018-08-24,2018-08-25,2018,surface,2,edna_chp_15,repeat-surface,biological,11.5,31.82,7.97,10.8,32.41,7.97,3.5,1000,0,51.67628487,-128.1233672,sand,n,35,e,seagrass,zostera,seagrass_sand,zostera_sand,90.76,1.27184e-112,227,Metazoa,Rotifera,Eurotatoria,Ploima,Synchaetidae,Synchaeta,0,0,TRUE,ASV937,1,Synchaeta baltica
edna0143,ASV1042,motu899,Synchaeta baltica,Rotifer,species,1,1,NA,1,12,28,NA,NA,28,NA,95,Synchaeta baltica,Rotifer,2018_chp_surface,chp,beach_seine,2018-08-24,2018-08-25,2018,surface,2,edna_chp_15,repeat-surface,biological,11.5,31.82,7.97,10.8,32.41,7.97,3.5,1000,0,51.67628487,-128.1233672,sand,n,35,e,seagrass,zostera,seagrass_sand,zostera_sand,90.76,1.27184e-112,227,Metazoa,Rotifera,Eurotatoria,Ploima,Synchaetidae,Synchaeta,0,0,TRUE,ASV1042,1,Synchaeta baltica
edna0143,ASV3012,motu2427,Membranipora membranacea,Coffin box bryozoan,species,1,1,NA,NA,30,25,NA,NA,NA,NA,NA,Membranipora membranacea,Coffin box bryozoan,2018_chp_surface,chp,beach_seine,2018-08-24,2018-08-25,2018,surface,2,edna_chp_15,repeat-surface,biological,11.5,31.82,7.97,10.8,32.41,7.97,3.5,1000,0,51.67628487,-128.1233672,sand,n,35,e,seagrass,zostera,seagrass_sand,zostera_sand,99.63,3.26565e-133,264,Metazoa,Bryozoa,Gymnolaemata,Cheilostomatida,Membraniporidae,Membranipora,0,0,TRUE,ASV3012,1,Membranipora membranacea
edna0143,ASV3346,motu2667,Membranipora membranacea,Coffin box bryozoan,species,1,1,NA,NA,17,23,NA,NA,NA,NA,NA,Membranipora membranacea,Coffin box bryozoan,2018_chp_surface,chp,beach_seine,2018-08-24,2018-08-25,2018,surface,2,edna_chp_15,repeat-surface,biological,11.5,31.82,7.97,10.8,32.41,7.97,3.5,1000,0,51.67628487,-128.1233672,sand,n,35,e,seagrass,zostera,seagrass_sand,zostera_sand,99.63,3.26565e-133,264,Metazoa,Bryozoa,Gymnolaemata,Cheilostomatida,Membraniporidae,Membranipora,0,0,TRUE,ASV3346,1,Membranipora membranacea
edna0144,ASV25,motu22,Acartia (Acartiura) longiremis,Calanoid copepod,species,1,1,1,1,16,13,9,20,10,NA,16,Acartia (Acartiura) longiremis,Calanoid copepod,2018_chp_surface,chp,beach_seine,2018-08-24,2018-08-25,2018,surface,3,edna_chp_30,repeat-surface,biological,NA,NA,NA,NA,NA,NA,3.5,1000,0,51.6763963,-128.123414,sand,n,35,e,seagrass,zostera,seagrass_sand,zostera_sand,100,1.96163e-160,313,Metazoa,Arthropoda,Copepoda,Calanoida,Acartiidae,Acartia,0,0,TRUE,ASV25,27,Acartia (Acartiura) longiremis
edna0144,ASV81,motu71,Acartia (Acartiura) longiremis,Calanoid copepod,species,1,1,NA,NA,12,15,NA,NA,NA,NA,NA,Acartia (Acartiura) longiremis,Calanoid copepod,2018_chp_surface,chp,beach_seine,2018-08-24,2018-08-25,2018,surface,3,edna_chp_30,repeat-surface,biological,NA,NA,NA,NA,NA,NA,3.5,1000,0,51.6763963,-128.123414,sand,n,35,e,seagrass,zostera,seagrass_sand,zostera_sand,100,1.96163e-160,313,Metazoa,Arthropoda,Copepoda,Calanoida,Acartiidae,Acartia,0,0,TRUE,ASV81,23,Acartia (Acartiura) longiremis
edna0144,ASV258,motu228,Lensia,Siphonophore,genus,1,1,NA,NA,20,21,NA,NA,NA,NA,NA,Lensia,Siphonophore,2018_chp_surface,chp,beach_seine,2018-08-24,2018-08-25,2018,surface,3,edna_chp_30,repeat-surface,biological,NA,NA,NA,NA,NA,NA,3.5,1000,0,51.6763963,-128.123414,sand,n,35,e,seagrass,zostera,seagrass_sand,zostera_sand,100,0.00408744,30,Metazoa,Cnidaria,Cnidaria,Siphonophorae,Diphyidae,Lensia,0,0,TRUE,ASV258,1,NA
edna0144,ASV131,motu117,Lensia,Siphonophore,genus,1,1,1,1,9,25,19,48,25,NA,NA,Lensia,Siphonophore,2018_chp_surface,chp,beach_seine,2018-08-24,2018-08-25,2018,surface,3,edna_chp_30,repeat-surface,biological,NA,NA,NA,NA,NA,NA,3.5,1000,0,51.6763963,-128.123414,sand,n,35,e,seagrass,zostera,seagrass_sand,zostera_sand,100,0.00408744,30,Metazoa,Cnidaria,Cnidaria,Siphonophorae,Diphyidae,Lensia,0,0,TRUE,ASV131,2,NA
edna0144,ASV312,motu274,Synchaeta baltica,Rotifer,species,1,1,1,1,19,37,21,7,41,NA,50,Synchaeta baltica,Rotifer,2018_chp_surface,chp,beach_seine,2018-08-24,2018-08-25,2018,surface,3,edna_chp_30,repeat-surface,biological,NA,NA,NA,NA,NA,NA,3.5,1000,0,51.6763963,-128.123414,sand,n,35,e,seagrass,zostera,seagrass_sand,zostera_sand,90.45,5.9173e-111,224,Metazoa,Rotifera,Eurotatoria,Ploima,Synchaetidae,Synchaeta,0,0,TRUE,ASV312,1,Synchaeta baltica
edna0144,ASV2364,motu1940,Membranipora membranacea,Coffin box bryozoan,species,1,NA,NA,NA,9,NA,NA,NA,NA,NA,NA,Membranipora membranacea,Coffin box bryozoan,2018_chp_surface,chp,beach_seine,2018-08-24,2018-08-25,2018,surface,3,edna_chp_30,repeat-surface,biological,NA,NA,NA,NA,NA,NA,3.5,1000,0,51.6763963,-128.123414,sand,n,35,e,seagrass,zostera,seagrass_sand,zostera_sand,100,9.252979999999995e-139,274,Metazoa,Bryozoa,Gymnolaemata,Cheilostomatida,Membraniporidae,Membranipora,0,0,TRUE,ASV2364,1,Membranipora membranacea
edna0144,ASV1042,motu899,Synchaeta baltica,Rotifer,species,1,1,1,1,14,33,9,18,28,NA,NA,Synchaeta baltica,Rotifer,2018_chp_surface,chp,beach_seine,2018-08-24,2018-08-25,2018,surface,3,edna_chp_30,repeat-surface,biological,NA,NA,NA,NA,NA,NA,3.5,1000,0,51.6763963,-128.123414,sand,n,35,e,seagrass,zostera,seagrass_sand,zostera_sand,90.76,1.27184e-112,227,Metazoa,Rotifera,Eurotatoria,Ploima,Synchaetidae,Synchaeta,0,0,TRUE,ASV1042,1,Synchaeta baltica
edna0144,ASV947,motu824,Synchaeta baltica,Rotifer,species,1,1,NA,1,13,18,NA,11,22,NA,NA,Synchaeta baltica,Rotifer,2018_chp_surface,chp,beach_seine,2018-08-24,2018-08-25,2018,surface,3,edna_chp_30,repeat-surface,biological,NA,NA,NA,NA,NA,NA,3.5,1000,0,51.6763963,-128.123414,sand,n,35,e,seagrass,zostera,seagrass_sand,zostera_sand,91.08,2.73364e-114,230,Metazoa,Rotifera,Eurotatoria,Ploima,Synchaetidae,Synchaeta,0,0,TRUE,ASV947,1,Synchaeta baltica
edna0145,ASV25,motu22,Acartia (Acartiura) longiremis,Calanoid copepod,species,1,1,NA,1,18,32,NA,NA,24,NA,NA,Acartia (Acartiura) longiremis,Calanoid copepod,2018_ssp_surface,ssp,beach_seine,2018-08-24,2018-08-24,2018,surface,1,edna_ssp_00,repeat-surface,biological,NA,NA,NA,NA,NA,NA,3.9,1000,0,51.67909247,-128.1153275,sand,y,455,se,seagrass,zostera,seagrass_sand,zostera_sand,100,1.96163e-160,313,Metazoa,Arthropoda,Copepoda,Calanoida,Acartiidae,Acartia,0,0,TRUE,ASV25,27,Acartia (Acartiura) longiremis
edna0145,ASV81,motu71,Acartia (Acartiura) longiremis,Calanoid copepod,species,1,NA,NA,NA,12,NA,NA,NA,NA,NA,NA,Acartia (Acartiura) longiremis,Calanoid copepod,2018_ssp_surface,ssp,beach_seine,2018-08-24,2018-08-24,2018,surface,1,edna_ssp_00,repeat-surface,biological,NA,NA,NA,NA,NA,NA,3.9,1000,0,51.67909247,-128.1153275,sand,y,455,se,seagrass,zostera,seagrass_sand,zostera_sand,100,1.96163e-160,313,Metazoa,Arthropoda,Copepoda,Calanoida,Acartiidae,Acartia,0,0,TRUE,ASV81,23,Acartia (Acartiura) longiremis
edna0145,ASV258,motu228,Lensia,Siphonophore,genus,1,1,NA,NA,24,31,NA,NA,NA,NA,NA,Lensia,Siphonophore,2018_ssp_surface,ssp,beach_seine,2018-08-24,2018-08-24,2018,surface,1,edna_ssp_00,repeat-surface,biological,NA,NA,NA,NA,NA,NA,3.9,1000,0,51.67909247,-128.1153275,sand,y,455,se,seagrass,zostera,seagrass_sand,zostera_sand,100,0.00408744,30,Metazoa,Cnidaria,Cnidaria,Siphonophorae,Diphyidae,Lensia,0,0,TRUE,ASV258,1,NA
edna0145,ASV131,motu117,Lensia,Siphonophore,genus,1,1,1,1,29,39,17,33,5,NA,8,Lensia,Siphonophore,2018_ssp_surface,ssp,beach_seine,2018-08-24,2018-08-24,2018,surface,1,edna_ssp_00,repeat-surface,biological,NA,NA,NA,NA,NA,NA,3.9,1000,0,51.67909247,-128.1153275,sand,y,455,se,seagrass,zostera,seagrass_sand,zostera_sand,100,0.00408744,30,Metazoa,Cnidaria,Cnidaria,Siphonophorae,Diphyidae,Lensia,0,0,TRUE,ASV131,2,NA
edna0145,ASV312,motu274,Synchaeta baltica,Rotifer,species,1,1,1,1,19,36,16,25,30,NA,38,Synchaeta baltica,Rotifer,2018_ssp_surface,ssp,beach_seine,2018-08-24,2018-08-24,2018,surface,1,edna_ssp_00,repeat-surface,biological,NA,NA,NA,NA,NA,NA,3.9,1000,0,51.67909247,-128.1153275,sand,y,455,se,seagrass,zostera,seagrass_sand,zostera_sand,90.45,5.9173e-111,224,Metazoa,Rotifera,Eurotatoria,Ploima,Synchaetidae,Synchaeta,0,0,TRUE,ASV312,1,Synchaeta baltica
edna0145,ASV356,motu315,Synchaeta baltica,Rotifer,species,1,1,1,1,13,27,15,15,NA,NA,40,Synchaeta baltica,Rotifer,2018_ssp_surface,ssp,beach_seine,2018-08-24,2018-08-24,2018,surface,1,edna_ssp_00,repeat-surface,biological,NA,NA,NA,NA,NA,NA,3.9,1000,0,51.67909247,-128.1153275,sand,y,455,se,seagrass,zostera,seagrass_sand,zostera_sand,90.45,5.9173e-111,224,Metazoa,Rotifera,Eurotatoria,Ploima,Synchaetidae,Synchaeta,0,0,TRUE,ASV356,1,Synchaeta baltica
edna0145,ASV1384,motu1168,Membranipora membranacea,Coffin box bryozoan,species,1,NA,NA,NA,4,NA,NA,NA,NA,NA,NA,Membranipora membranacea,Coffin box bryozoan,2018_ssp_surface,ssp,beach_seine,2018-08-24,2018-08-24,2018,surface,1,edna_ssp_00,repeat-surface,biological,NA,NA,NA,NA,NA,NA,3.9,1000,0,51.67909247,-128.1153275,sand,y,455,se,seagrass,zostera,seagrass_sand,zostera_sand,100,9.252979999999995e-139,274,Metazoa,Bryozoa,Gymnolaemata,Cheilostomatida,Membraniporidae,Membranipora,0,0,TRUE,ASV1384,2,Membranipora membranacea
edna0145,ASV2151,motu914,Chone magna,Feather duster worm,species,1,1,NA,NA,32,58,NA,NA,NA,NA,NA,Chone magna,Feather duster worm,2018_ssp_surface,ssp,beach_seine,2018-08-24,2018-08-24,2018,surface,1,edna_ssp_00,repeat-surface,biological,NA,NA,NA,NA,NA,NA,3.9,1000,0,51.67909247,-128.1153275,sand,y,455,se,seagrass,zostera,seagrass_sand,zostera_sand,100,1.96163e-160,313,Metazoa,Annelida,Polychaeta,Sabellida,Sabellidae,Chone,0,0,TRUE,ASV1062,2,Chone magna
edna0145,ASV1270,motu622,Chone magna,Feather duster worm,species,1,1,1,1,34,71,34,76,33,NA,27,Chone magna,Feather duster worm,2018_ssp_surface,ssp,beach_seine,2018-08-24,2018-08-24,2018,surface,1,edna_ssp_00,repeat-surface,biological,NA,NA,NA,NA,NA,NA,3.9,1000,0,51.67909247,-128.1153275,sand,y,455,se,seagrass,zostera,seagrass_sand,zostera_sand,100,1.96163e-160,313,Metazoa,Annelida,Polychaeta,Sabellida,Sabellidae,Chone,0,0,TRUE,ASV716,2,Chone magna
edna0145,ASV1593,motu976,Metridia pacifica,Calanoid copepod,species,1,1,NA,NA,12,9,NA,NA,NA,NA,NA,Metridia pacifica,Calanoid copepod,2018_ssp_surface,ssp,beach_seine,2018-08-24,2018-08-24,2018,surface,1,edna_ssp_00,repeat-surface,biological,NA,NA,NA,NA,NA,NA,3.9,1000,0,51.67909247,-128.1153275,sand,y,455,se,seagrass,zostera,seagrass_sand,zostera_sand,100,1.96163e-160,313,Metazoa,Arthropoda,Copepoda,Calanoida,Metridinidae,Metridia,0,0,TRUE,ASV1137,4,Metridia pacifica
edna0145,ASV1282,motu1086,Pseudocalanus mimus,Calanoid copepod,species,1,1,NA,1,14,14,NA,NA,22,NA,31,Pseudocalanus mimus,Calanoid copepod,2018_ssp_surface,ssp,beach_seine,2018-08-24,2018-08-24,2018,surface,1,edna_ssp_00,repeat-surface,biological,NA,NA,NA,NA,NA,NA,3.9,1000,0,51.67909247,-128.1153275,sand,y,455,se,seagrass,zostera,seagrass_sand,zostera_sand,98.68,9.256649999999999e-149,292,Metazoa,Arthropoda,Copepoda,Calanoida,Clausocalanidae,Pseudocalanus,0,0,TRUE,ASV1282,1,Pseudocalanus mimus
edna0145,ASV2731,motu2213,Pachylaelapidae,Mite,genus,1,NA,NA,NA,3,NA,NA,NA,NA,NA,NA,Pachylaelapidae,Mite,2018_ssp_surface,ssp,beach_seine,2018-08-24,2018-08-24,2018,surface,1,edna_ssp_00,repeat-surface,biological,NA,NA,NA,NA,NA,NA,3.9,1000,0,51.67909247,-128.1153275,sand,y,455,se,seagrass,zostera,seagrass_sand,zostera_sand,100,0.00408744,30,Metazoa,Arthropoda,Arthropoda,Mesostigmata,NA,Pachylaelapidae,NA,NA,TRUE,ASV2731,2,NA
edna0145,ASV3532,motu2807,Pachylaelapidae,Mite,genus,1,NA,NA,NA,5,NA,NA,NA,NA,NA,NA,Pachylaelapidae,Mite,2018_ssp_surface,ssp,beach_seine,2018-08-24,2018-08-24,2018,surface,1,edna_ssp_00,repeat-surface,biological,NA,NA,NA,NA,NA,NA,3.9,1000,0,51.67909247,-128.1153275,sand,y,455,se,seagrass,zostera,seagrass_sand,zostera_sand,100,0.00408744,30,Metazoa,Arthropoda,Arthropoda,Mesostigmata,NA,Pachylaelapidae,NA,NA,TRUE,ASV3532,1,NA
edna0146,ASV258,motu228,Lensia,Siphonophore,genus,1,1,NA,NA,19,24,NA,NA,NA,NA,NA,Lensia,Siphonophore,2018_ssp_surface,ssp,beach_seine,2018-08-24,2018-08-24,2018,surface,2,edna_ssp_15,repeat-surface,biological,10.9,32.09,7.93,10.5,32.7,7.92,3.8,1000,0,51.67894579,-128.115172,sand,y,455,se,seagrass,zostera,seagrass_sand,zostera_sand,100,0.00408744,30,Metazoa,Cnidaria,Cnidaria,Siphonophorae,Diphyidae,Lensia,0,0,TRUE,ASV258,1,NA
edna0146,ASV131,motu117,Lensia,Siphonophore,genus,1,1,1,1,16,16,14,NA,26,NA,37,Lensia,Siphonophore,2018_ssp_surface,ssp,beach_seine,2018-08-24,2018-08-24,2018,surface,2,edna_ssp_15,repeat-surface,biological,10.9,32.09,7.93,10.5,32.7,7.92,3.8,1000,0,51.67894579,-128.115172,sand,y,455,se,seagrass,zostera,seagrass_sand,zostera_sand,100,0.00408744,30,Metazoa,Cnidaria,Cnidaria,Siphonophorae,Diphyidae,Lensia,0,0,TRUE,ASV131,2,NA
edna0146,ASV205,motu181,Pseudocalanus mimus,Calanoid copepod,species,1,1,1,1,22,55,22,NA,79,NA,68,Pseudocalanus mimus,Calanoid copepod,2018_ssp_surface,ssp,beach_seine,2018-08-24,2018-08-24,2018,surface,2,edna_ssp_15,repeat-surface,biological,10.9,32.09,7.93,10.5,32.7,7.92,3.8,1000,0,51.67894579,-128.115172,sand,y,455,se,seagrass,zostera,seagrass_sand,zostera_sand,100,1.18898e-152,299,Metazoa,Arthropoda,Copepoda,Calanoida,Clausocalanidae,Pseudocalanus,0,0,TRUE,ASV205,8,Pseudocalanus mimus
edna0146,ASV416,motu366,Pseudocalanus mimus,Calanoid copepod,species,1,1,NA,NA,21,41,NA,NA,NA,NA,NA,Pseudocalanus mimus,Calanoid copepod,2018_ssp_surface,ssp,beach_seine,2018-08-24,2018-08-24,2018,surface,2,edna_ssp_15,repeat-surface,biological,10.9,32.09,7.93,10.5,32.7,7.92,3.8,1000,0,51.67894579,-128.115172,sand,y,455,se,seagrass,zostera,seagrass_sand,zostera_sand,100,1.18898e-152,299,Metazoa,Arthropoda,Copepoda,Calanoida,Clausocalanidae,Pseudocalanus,0,0,TRUE,ASV416,7,Pseudocalanus mimus
edna0146,ASV1287,motu1015,Balanus,Barnacle species,genus,1,1,NA,NA,51,95,NA,NA,NA,NA,NA,Balanus,Barnacle species,2018_ssp_surface,ssp,beach_seine,2018-08-24,2018-08-24,2018,surface,2,edna_ssp_15,repeat-surface,biological,10.9,32.09,7.93,10.5,32.7,7.92,3.8,1000,0,51.67894579,-128.115172,sand,y,455,se,seagrass,zostera,seagrass_sand,zostera_sand,99.67,6.925819999999995e-155,303,Metazoa,Arthropoda,Arthropoda,Balanomorpha,Balanidae,Balanus,0,0,TRUE,ASV1187,5,NA
edna0146,ASV587,motu517,Balanus,Barnacle species,genus,1,1,1,1,54,127,47,NA,124,NA,106,Balanus,Barnacle species,2018_ssp_surface,ssp,beach_seine,2018-08-24,2018-08-24,2018,surface,2,edna_ssp_15,repeat-surface,biological,10.9,32.09,7.93,10.5,32.7,7.92,3.8,1000,0,51.67894579,-128.115172,sand,y,455,se,seagrass,zostera,seagrass_sand,zostera_sand,99.67,6.925819999999995e-155,303,Metazoa,Arthropoda,Arthropoda,Balanomorpha,Balanidae,Balanus,0,0,TRUE,ASV587,10,NA
edna0146,ASV1082,motu932,Obelia dichotoma,Sea thread hydroid,species,1,NA,NA,NA,3,NA,NA,NA,NA,NA,NA,Obelia dichotoma,Sea thread hydroid,2018_ssp_surface,ssp,beach_seine,2018-08-24,2018-08-24,2018,surface,2,edna_ssp_15,repeat-surface,biological,10.9,32.09,7.93,10.5,32.7,7.92,3.8,1000,0,51.67894579,-128.115172,sand,y,455,se,seagrass,zostera,seagrass_sand,zostera_sand,100,5.353989999999996e-156,305,Metazoa,Cnidaria,Hydrozoa,Leptothecata,Campanulariidae,Obelia,0,0,TRUE,ASV1082,1,Obelia dichotoma
edna0146,ASV1417,motu383,Pseudocalanus mimus,Calanoid copepod,species,1,1,1,1,30,42,34,NA,95,NA,94,Pseudocalanus mimus,Calanoid copepod,2018_ssp_surface,ssp,beach_seine,2018-08-24,2018-08-24,2018,surface,2,edna_ssp_15,repeat-surface,biological,10.9,32.09,7.93,10.5,32.7,7.92,3.8,1000,0,51.67894579,-128.115172,sand,y,455,se,seagrass,zostera,seagrass_sand,zostera_sand,100,1.18898e-152,299,Metazoa,Arthropoda,Copepoda,Calanoida,Clausocalanidae,Pseudocalanus,0,0,TRUE,ASV435,4,Pseudocalanus mimus
edna0146,ASV4322,motu643,Pseudocalanus mimus,Calanoid copepod,species,1,NA,NA,NA,56,NA,NA,NA,NA,NA,NA,Pseudocalanus mimus,Calanoid copepod,2018_ssp_surface,ssp,beach_seine,2018-08-24,2018-08-24,2018,surface,2,edna_ssp_15,repeat-surface,biological,10.9,32.09,7.93,10.5,32.7,7.92,3.8,1000,0,51.67894579,-128.115172,sand,y,455,se,seagrass,zostera,seagrass_sand,zostera_sand,99.34,4.27634e-152,298,Metazoa,Arthropoda,Copepoda,Calanoida,Clausocalanidae,Pseudocalanus,0,0,TRUE,ASV739,3,Pseudocalanus mimus
edna0146,ASV2042,motu1692,Synchaeta grimpei,Rotifer,species,1,1,1,1,14,21,4,NA,14,NA,17,Synchaeta grimpei,Rotifer,2018_ssp_surface,ssp,beach_seine,2018-08-24,2018-08-24,2018,surface,2,edna_ssp_15,repeat-surface,biological,10.9,32.09,7.93,10.5,32.7,7.92,3.8,1000,0,51.67894579,-128.115172,sand,y,455,se,seagrass,zostera,seagrass_sand,zostera_sand,91.45,4.459999999999999e-112,226,Metazoa,Rotifera,Eurotatoria,Ploima,Synchaetidae,Synchaeta,0,0,TRUE,ASV2042,2,Synchaeta grimpei
edna0146,ASV2150,motu1772,Synchaeta grimpei,Rotifer,species,1,1,1,1,10,16,9,NA,10,NA,14,Synchaeta grimpei,Rotifer,2018_ssp_surface,ssp,beach_seine,2018-08-24,2018-08-24,2018,surface,2,edna_ssp_15,repeat-surface,biological,10.9,32.09,7.93,10.5,32.7,7.92,3.8,1000,0,51.67894579,-128.115172,sand,y,455,se,seagrass,zostera,seagrass_sand,zostera_sand,91.45,4.459999999999999e-112,226,Metazoa,Rotifera,Eurotatoria,Ploima,Synchaetidae,Synchaeta,0,0,TRUE,ASV2150,2,Synchaeta grimpei
edna0146,ASV5030,motu1896,Membranipora membranacea,Coffin box bryozoan,species,1,NA,NA,NA,8,NA,NA,NA,NA,NA,NA,Membranipora membranacea,Coffin box bryozoan,2018_ssp_surface,ssp,beach_seine,2018-08-24,2018-08-24,2018,surface,2,edna_ssp_15,repeat-surface,biological,10.9,32.09,7.93,10.5,32.7,7.92,3.8,1000,0,51.67894579,-128.115172,sand,y,455,se,seagrass,zostera,seagrass_sand,zostera_sand,99.64,7.2578e-140,276,Metazoa,Bryozoa,Gymnolaemata,Cheilostomatida,Membraniporidae,Membranipora,0,0,TRUE,ASV2302,3,Membranipora membranacea
edna0147,ASV81,motu71,Acartia (Acartiura) longiremis,Calanoid copepod,species,1,1,NA,NA,21,31,NA,NA,NA,NA,NA,Acartia (Acartiura) longiremis,Calanoid copepod,2018_ssp_surface,ssp,beach_seine,2018-08-24,2018-08-24,2018,surface,3,edna_ssp_30,repeat-surface,biological,NA,NA,NA,NA,NA,NA,3.9,1000,0,51.67882714,-128.114958,sand,y,455,se,seagrass,zostera,seagrass_sand,zostera_sand,100,1.96163e-160,313,Metazoa,Arthropoda,Copepoda,Calanoida,Acartiidae,Acartia,0,0,TRUE,ASV81,23,Acartia (Acartiura) longiremis
edna0147,ASV258,motu228,Lensia,Siphonophore,genus,1,1,NA,NA,14,32,NA,NA,NA,NA,NA,Lensia,Siphonophore,2018_ssp_surface,ssp,beach_seine,2018-08-24,2018-08-24,2018,surface,3,edna_ssp_30,repeat-surface,biological,NA,NA,NA,NA,NA,NA,3.9,1000,0,51.67882714,-128.114958,sand,y,455,se,seagrass,zostera,seagrass_sand,zostera_sand,100,0.00408744,30,Metazoa,Cnidaria,Cnidaria,Siphonophorae,Diphyidae,Lensia,0,0,TRUE,ASV258,1,NA
edna0147,ASV131,motu117,Lensia,Siphonophore,genus,1,1,NA,1,13,29,NA,27,30,NA,58,Lensia,Siphonophore,2018_ssp_surface,ssp,beach_seine,2018-08-24,2018-08-24,2018,surface,3,edna_ssp_30,repeat-surface,biological,NA,NA,NA,NA,NA,NA,3.9,1000,0,51.67882714,-128.114958,sand,y,455,se,seagrass,zostera,seagrass_sand,zostera_sand,100,0.00408744,30,Metazoa,Cnidaria,Cnidaria,Siphonophorae,Diphyidae,Lensia,0,0,TRUE,ASV131,2,NA
edna0147,ASV336,motu296,Pseudocalanus newmani,Calanoid copepod,species,1,1,1,1,62,157,71,51,96,NA,182,Pseudocalanus newmani,Calanoid copepod,2018_ssp_surface,ssp,beach_seine,2018-08-24,2018-08-24,2018,surface,3,edna_ssp_30,repeat-surface,biological,NA,NA,NA,NA,NA,NA,3.9,1000,0,51.67882714,-128.114958,sand,y,455,se,seagrass,zostera,seagrass_sand,zostera_sand,100,1.96163e-160,313,Metazoa,Arthropoda,Copepoda,Calanoida,Clausocalanidae,Pseudocalanus,0,0,TRUE,ASV336,4,Pseudocalanus newmani
edna0147,ASV467,motu412,Saxidomus,Washington clam species,genus,1,1,1,1,2,24,14,42,25,NA,52,Saxidomus,Washington clam species,2018_ssp_surface,ssp,beach_seine,2018-08-24,2018-08-24,2018,surface,3,edna_ssp_30,repeat-surface,biological,NA,NA,NA,NA,NA,NA,3.9,1000,0,51.67882714,-128.114958,sand,y,455,se,seagrass,zostera,seagrass_sand,zostera_sand,100,1.96163e-160,313,Metazoa,Mollusca,Mollusca,Venerida,Veneridae,Saxidomus,0,0,TRUE,ASV467,12,NA
edna0147,ASV860,motu748,Saxidomus,Washington clam species,genus,1,1,NA,NA,13,24,NA,NA,NA,NA,NA,Saxidomus,Washington clam species,2018_ssp_surface,ssp,beach_seine,2018-08-24,2018-08-24,2018,surface,3,edna_ssp_30,repeat-surface,biological,NA,NA,NA,NA,NA,NA,3.9,1000,0,51.67882714,-128.114958,sand,y,455,se,seagrass,zostera,seagrass_sand,zostera_sand,100,1.96163e-160,313,Metazoa,Mollusca,Mollusca,Venerida,Veneridae,Saxidomus,0,0,TRUE,ASV860,4,NA
edna0147,ASV733,motu637,Phyllodocida,Polychaete,order,1,1,NA,NA,9,17,NA,NA,NA,NA,NA,Phyllodocida,Polychaete,2018_ssp_surface,ssp,beach_seine,2018-08-24,2018-08-24,2018,surface,3,edna_ssp_30,repeat-surface,biological,NA,NA,NA,NA,NA,NA,3.9,1000,0,51.67882714,-128.114958,sand,y,455,se,seagrass,zostera,seagrass_sand,zostera_sand,100,0.0603188,28,Metazoa,Annelida,Annelida,Phyllodocida,NA,NA,0,0,TRUE,ASV733,1,NA
edna0147,ASV320,motu281,Pseudocalanus newmani,Calanoid copepod,species,1,NA,1,1,66,NA,56,86,92,NA,194,Pseudocalanus newmani,Calanoid copepod,2018_ssp_surface,ssp,beach_seine,2018-08-24,2018-08-24,2018,surface,3,edna_ssp_30,repeat-surface,biological,NA,NA,NA,NA,NA,NA,3.9,1000,0,51.67882714,-128.114958,sand,y,455,se,seagrass,zostera,seagrass_sand,zostera_sand,100,1.96163e-160,313,Metazoa,Arthropoda,Copepoda,Calanoida,Clausocalanidae,Pseudocalanus,0,0,TRUE,ASV320,6,Pseudocalanus newmani
edna0147,ASV679,motu591,Phyllodocida,Polychaete,order,1,1,1,NA,9,15,13,NA,NA,NA,NA,Phyllodocida,Polychaete,2018_ssp_surface,ssp,beach_seine,2018-08-24,2018-08-24,2018,surface,3,edna_ssp_30,repeat-surface,biological,NA,NA,NA,NA,NA,NA,3.9,1000,0,51.67882714,-128.114958,sand,y,455,se,seagrass,zostera,seagrass_sand,zostera_sand,100,0.0603188,28,Metazoa,Annelida,Annelida,Phyllodocida,NA,NA,0,0,TRUE,ASV679,1,NA
edna0147,ASV622,motu22,Acartia (Acartiura) longiremis,Calanoid copepod,species,1,NA,NA,1,21,NA,NA,NA,NA,NA,122,Acartia (Acartiura) longiremis,Calanoid copepod,2018_ssp_surface,ssp,beach_seine,2018-08-24,2018-08-24,2018,surface,3,edna_ssp_30,repeat-surface,biological,NA,NA,NA,NA,NA,NA,3.9,1000,0,51.67882714,-128.114958,sand,y,455,se,seagrass,zostera,seagrass_sand,zostera_sand,99.68,9.126599999999999e-159,310,Metazoa,Arthropoda,Copepoda,Calanoida,Acartiidae,Acartia,0,0,TRUE,ASV25,27,Acartia (Acartiura) longiremis
edna0147,ASV2042,motu1692,Synchaeta grimpei,Rotifer,species,1,1,NA,1,3,7,NA,6,NA,NA,27,Synchaeta grimpei,Rotifer,2018_ssp_surface,ssp,beach_seine,2018-08-24,2018-08-24,2018,surface,3,edna_ssp_30,repeat-surface,biological,NA,NA,NA,NA,NA,NA,3.9,1000,0,51.67882714,-128.114958,sand,y,455,se,seagrass,zostera,seagrass_sand,zostera_sand,91.45,4.459999999999999e-112,226,Metazoa,Rotifera,Eurotatoria,Ploima,Synchaetidae,Synchaeta,0,0,TRUE,ASV2042,2,Synchaeta grimpei
edna0147,ASV3895,motu537,Mitrocoma cellularia,Cross jelly,species,1,1,NA,NA,15,28,NA,NA,NA,NA,NA,Mitrocoma cellularia,Cross jelly,2018_ssp_surface,ssp,beach_seine,2018-08-24,2018-08-24,2018,surface,3,edna_ssp_30,repeat-surface,biological,NA,NA,NA,NA,NA,NA,3.9,1000,0,51.67882714,-128.114958,sand,y,455,se,seagrass,zostera,seagrass_sand,zostera_sand,99.02,1.49918e-151,297,Metazoa,Cnidaria,Hydrozoa,Leptothecata,Mitrocomidae,Mitrocoma,0,0,TRUE,ASV616,6,Mitrocoma cellularia
edna0147,ASV2901,motu1644,Mitrocoma cellularia,Cross jelly,species,1,NA,NA,1,14,NA,NA,5,20,NA,53,Mitrocoma cellularia,Cross jelly,2018_ssp_surface,ssp,beach_seine,2018-08-24,2018-08-24,2018,surface,3,edna_ssp_30,repeat-surface,biological,NA,NA,NA,NA,NA,NA,3.9,1000,0,51.67882714,-128.114958,sand,y,455,se,seagrass,zostera,seagrass_sand,zostera_sand,99.02,1.49918e-151,297,Metazoa,Cnidaria,Hydrozoa,Leptothecata,Mitrocomidae,Mitrocoma,0,0,TRUE,ASV1982,2,Mitrocoma cellularia
edna0091,ASV354,motu313,Mitrocoma cellularia,Cross jelly,species,1,1,1,1,15,27,12,17,19,NA,17,Mitrocoma cellularia,Cross jelly,2018_west_depth,west,kelp,2018-07-17,NA,2018,depth,2,edna_west_00,depth,biological,11,31.87,8.02,NA,NA,NA,5.4,1000,0,NA,NA,NA,NA,NA,NA,NA,NA,NA_NA,NA_NA,100,1.4886099999999998e-156,306,Metazoa,Cnidaria,Hydrozoa,Leptothecata,Mitrocomidae,Mitrocoma,0,0,TRUE,ASV354,2,Mitrocoma cellularia
edna0091,ASV275,motu244,Ophiopholis kennerlyi,Daisy brittle star,species,1,1,1,1,14,29,13,51,46,NA,55,Ophiopholis kennerlyi,Daisy brittle star,2018_west_depth,west,kelp,2018-07-17,NA,2018,depth,2,edna_west_00,depth,biological,11,31.87,8.02,NA,NA,NA,5.4,1000,0,NA,NA,NA,NA,NA,NA,NA,NA,NA_NA,NA_NA,100,1.96163e-160,313,Metazoa,Echinodermata,Echinodermata,Amphilepidida,Ophiopholidae,Ophiopholis,0,0,TRUE,ASV275,7,Ophiopholis kennerlyi
edna0091,ASV616,motu537,Mitrocoma cellularia,Cross jelly,species,1,1,NA,NA,14,24,NA,NA,NA,NA,NA,Mitrocoma cellularia,Cross jelly,2018_west_depth,west,kelp,2018-07-17,NA,2018,depth,2,edna_west_00,depth,biological,11,31.87,8.02,NA,NA,NA,5.4,1000,0,NA,NA,NA,NA,NA,NA,NA,NA,NA_NA,NA_NA,100,1.4886099999999998e-156,306,Metazoa,Cnidaria,Hydrozoa,Leptothecata,Mitrocomidae,Mitrocoma,0,0,TRUE,ASV616,6,Mitrocoma cellularia
edna0091,ASV603,motu529,Ophiopholis kennerlyi,Daisy brittle star,species,1,1,NA,NA,14,31,NA,NA,NA,NA,NA,Ophiopholis kennerlyi,Daisy brittle star,2018_west_depth,west,kelp,2018-07-17,NA,2018,depth,2,edna_west_00,depth,biological,11,31.87,8.02,NA,NA,NA,5.4,1000,0,NA,NA,NA,NA,NA,NA,NA,NA,NA_NA,NA_NA,100,1.96163e-160,313,Metazoa,Echinodermata,Echinodermata,Amphilepidida,Ophiopholidae,Ophiopholis,0,0,TRUE,ASV603,6,Ophiopholis kennerlyi
edna0091,ASV634,motu517,Balanus,Barnacle species,genus,1,NA,NA,NA,6,NA,NA,NA,NA,NA,NA,Balanus,Barnacle species,2018_west_depth,west,kelp,2018-07-17,NA,2018,depth,2,edna_west_00,depth,biological,11,31.87,8.02,NA,NA,NA,5.4,1000,0,NA,NA,NA,NA,NA,NA,NA,NA,NA_NA,NA_NA,100,1.4886099999999998e-156,306,Metazoa,Arthropoda,Arthropoda,Balanomorpha,Balanidae,Balanus,0,0,TRUE,ASV587,10,NA
edna0091,ASV613,motu536,Sabellariidae,Feather duster worm,family,1,1,NA,1,17,20,NA,19,33,NA,30,Sabellariidae,Feather duster worm,2018_west_depth,west,kelp,2018-07-17,NA,2018,depth,2,edna_west_00,depth,biological,11,31.87,8.02,NA,NA,NA,5.4,1000,0,NA,NA,NA,NA,NA,NA,NA,NA,NA_NA,NA_NA,99.68,1.5051499999999994e-156,306,Metazoa,Annelida,Polychaeta,NA,Sabellariidae,NA,0,0,TRUE,ASV613,7,NA
edna0091,ASV521,motu458,Sabellariidae,Feather duster worm,family,1,1,1,1,13,31,8,22,37,NA,20,Sabellariidae,Feather duster worm,2018_west_depth,west,kelp,2018-07-17,NA,2018,depth,2,edna_west_00,depth,biological,11,31.87,8.02,NA,NA,NA,5.4,1000,0,NA,NA,NA,NA,NA,NA,NA,NA,NA_NA,NA_NA,99.68,1.5051499999999994e-156,306,Metazoa,Annelida,Polychaeta,NA,Sabellariidae,NA,0,0,TRUE,ASV521,12,NA
edna0091,ASV1038,motu895,Clytia gregaria,Gregarious jellyfish,species,1,NA,NA,NA,2,NA,NA,NA,NA,NA,NA,Clytia gregaria,Gregarious jellyfish,2018_west_depth,west,kelp,2018-07-17,NA,2018,depth,2,edna_west_00,depth,biological,11,31.87,8.02,NA,NA,NA,5.4,1000,0,NA,NA,NA,NA,NA,NA,NA,NA,NA_NA,NA_NA,99.68,9.126599999999999e-159,310,Metazoa,Cnidaria,Hydrozoa,Leptothecata,Campanulariidae,Clytia,0,0,TRUE,ASV1038,2,Clytia gregaria
edna0100,ASV25,motu22,Acartia (Acartiura) longiremis,Calanoid copepod,species,1,1,1,1,81,174,49,211,237,NA,NA,Acartia (Acartiura) longiremis,Calanoid copepod,2018_koe3_surface,koe3,beach_seine,2018-07-20,2018-07-18,2018,surface,1,edna_koe3_00,surface,biological,13.6,25.71,7.96,11.2,30.41,7.98,2.2,1000,0,51.77589222,-127.8794255,sand,n,90,p,macroalgae,nereocystis,macroalgae_sand,nereocystis_sand,100,1.96163e-160,313,Metazoa,Arthropoda,Copepoda,Calanoida,Acartiidae,Acartia,0,0,TRUE,ASV25,27,Acartia (Acartiura) longiremis
edna0100,ASV81,motu71,Acartia (Acartiura) longiremis,Calanoid copepod,species,1,1,NA,NA,93,194,NA,NA,NA,NA,NA,Acartia (Acartiura) longiremis,Calanoid copepod,2018_koe3_surface,koe3,beach_seine,2018-07-20,2018-07-18,2018,surface,1,edna_koe3_00,surface,biological,13.6,25.71,7.96,11.2,30.41,7.98,2.2,1000,0,51.77589222,-127.8794255,sand,n,90,p,macroalgae,nereocystis,macroalgae_sand,nereocystis_sand,100,1.96163e-160,313,Metazoa,Arthropoda,Copepoda,Calanoida,Acartiidae,Acartia,0,0,TRUE,ASV81,23,Acartia (Acartiura) longiremis
edna0100,ASV258,motu228,Lensia,Siphonophore,genus,1,1,NA,NA,14,24,NA,NA,NA,NA,NA,Lensia,Siphonophore,2018_koe3_surface,koe3,beach_seine,2018-07-20,2018-07-18,2018,surface,1,edna_koe3_00,surface,biological,13.6,25.71,7.96,11.2,30.41,7.98,2.2,1000,0,51.77589222,-127.8794255,sand,n,90,p,macroalgae,nereocystis,macroalgae_sand,nereocystis_sand,100,0.00408744,30,Metazoa,Cnidaria,Cnidaria,Siphonophorae,Diphyidae,Lensia,0,0,TRUE,ASV258,1,NA
edna0100,ASV131,motu117,Lensia,Siphonophore,genus,1,1,1,1,9,46,13,43,81,NA,20,Lensia,Siphonophore,2018_koe3_surface,koe3,beach_seine,2018-07-20,2018-07-18,2018,surface,1,edna_koe3_00,surface,biological,13.6,25.71,7.96,11.2,30.41,7.98,2.2,1000,0,51.77589222,-127.8794255,sand,n,90,p,macroalgae,nereocystis,macroalgae_sand,nereocystis_sand,100,0.00408744,30,Metazoa,Cnidaria,Cnidaria,Siphonophorae,Diphyidae,Lensia,0,0,TRUE,ASV131,2,NA
edna0100,ASV171,motu150,Pseudocalanus mimus,Calanoid copepod,species,1,1,NA,1,5,17,NA,37,33,NA,26,Pseudocalanus mimus,Calanoid copepod,2018_koe3_surface,koe3,beach_seine,2018-07-20,2018-07-18,2018,surface,1,edna_koe3_00,surface,biological,13.6,25.71,7.96,11.2,30.41,7.98,2.2,1000,0,51.77589222,-127.8794255,sand,n,90,p,macroalgae,nereocystis,macroalgae_sand,nereocystis_sand,99.67,9.19139e-154,301,Metazoa,Arthropoda,Copepoda,Calanoida,Clausocalanidae,Pseudocalanus,0,0,TRUE,ASV171,10,Pseudocalanus mimus
edna0100,ASV226,motu199,Mytilus trossulus,Bay mussel,species,1,1,1,1,89,186,58,239,237,NA,183,Mytilus trossulus,Bay mussel,2018_koe3_surface,koe3,beach_seine,2018-07-20,2018-07-18,2018,surface,1,edna_koe3_00,surface,biological,13.6,25.71,7.96,11.2,30.41,7.98,2.2,1000,0,51.77589222,-127.8794255,sand,n,90,p,macroalgae,nereocystis,macroalgae_sand,nereocystis_sand,100,3.2351099999999996e-158,309,Metazoa,Mollusca,Mollusca,Mytilida,Mytilidae,Mytilus,0,0,TRUE,ASV226,18,Mytilus trossulus
edna0100,ASV216,motu190,Mytilus trossulus,Bay mussel,species,1,1,1,1,86,147,131,284,256,NA,212,Mytilus trossulus,Bay mussel,2018_koe3_surface,koe3,beach_seine,2018-07-20,2018-07-18,2018,surface,1,edna_koe3_00,surface,biological,13.6,25.71,7.96,11.2,30.41,7.98,2.2,1000,0,51.77589222,-127.8794255,sand,n,90,p,macroalgae,nereocystis,macroalgae_sand,nereocystis_sand,100,3.2351099999999996e-158,309,Metazoa,Mollusca,Mollusca,Mytilida,Mytilidae,Mytilus,0,0,TRUE,ASV216,23,Mytilus trossulus
edna0100,ASV242,motu213,Balanus glandula,Acorn barnacle,species,1,NA,NA,1,19,NA,NA,NA,76,NA,NA,Balanus glandula,Acorn barnacle,2018_koe3_surface,koe3,beach_seine,2018-07-20,2018-07-18,2018,surface,1,edna_koe3_00,surface,biological,13.6,25.71,7.96,11.2,30.41,7.98,2.2,1000,0,51.77589222,-127.8794255,sand,n,90,p,macroalgae,nereocystis,macroalgae_sand,nereocystis_sand,100,3.2351099999999996e-158,309,Metazoa,Arthropoda,Thecostraca,Balanomorpha,Balanidae,Balanus,0,0,TRUE,ASV242,15,Balanus glandula
edna0100,ASV447,motu394,Balanus glandula,Acorn barnacle,species,1,1,NA,NA,26,30,NA,NA,NA,NA,NA,Balanus glandula,Acorn barnacle,2018_koe3_surface,koe3,beach_seine,2018-07-20,2018-07-18,2018,surface,1,edna_koe3_00,surface,biological,13.6,25.71,7.96,11.2,30.41,7.98,2.2,1000,0,51.77589222,-127.8794255,sand,n,90,p,macroalgae,nereocystis,macroalgae_sand,nereocystis_sand,100,3.2351099999999996e-158,309,Metazoa,Arthropoda,Thecostraca,Balanomorpha,Balanidae,Balanus,0,0,TRUE,ASV447,12,Balanus glandula
edna0100,ASV280,motu190,Mytilus,Mussel species,genus,1,1,NA,1,70,86,NA,219,108,NA,112,Mytilus trossulus,Bay mussel,2018_koe3_surface,koe3,beach_seine,2018-07-20,2018-07-18,2018,surface,1,edna_koe3_00,surface,biological,13.6,25.71,7.96,11.2,30.41,7.98,2.2,1000,0,51.77589222,-127.8794255,sand,n,90,p,macroalgae,nereocystis,macroalgae_sand,nereocystis_sand,100,3.2351099999999996e-158,309,Metazoa,Mollusca,Mollusca,Mytilida,Mytilidae,Mytilus,0,0,TRUE,ASV216,23,NA
edna0100,ASV270,motu199,Mytilus,Mussel species,genus,1,1,1,1,64,110,55,NA,229,NA,NA,Mytilus trossulus,Bay mussel,2018_koe3_surface,koe3,beach_seine,2018-07-20,2018-07-18,2018,surface,1,edna_koe3_00,surface,biological,13.6,25.71,7.96,11.2,30.41,7.98,2.2,1000,0,51.77589222,-127.8794255,sand,n,90,p,macroalgae,nereocystis,macroalgae_sand,nereocystis_sand,100,3.2351099999999996e-158,309,Metazoa,Mollusca,Mollusca,Mytilida,Mytilidae,Mytilus,0,0,TRUE,ASV226,18,NA
edna0100,ASV398,motu350,Synchaeta pectinata,Rotifer,species,1,1,1,1,16,29,15,27,NA,NA,56,Synchaeta pectinata,Rotifer,2018_koe3_surface,koe3,beach_seine,2018-07-20,2018-07-18,2018,surface,1,edna_koe3_00,surface,biological,13.6,25.71,7.96,11.2,30.41,7.98,2.2,1000,0,51.77589222,-127.8794255,sand,n,90,p,macroalgae,nereocystis,macroalgae_sand,nereocystis_sand,90.48,1.6452299999999999e-111,225,Metazoa,Rotifera,Eurotatoria,Ploima,Synchaetidae,Synchaeta,0,0,TRUE,ASV398,4,Synchaeta pectinata
edna0100,ASV336,motu296,Pseudocalanus newmani,Calanoid copepod,species,1,1,NA,1,26,56,NA,36,NA,NA,36,Pseudocalanus newmani,Calanoid copepod,2018_koe3_surface,koe3,beach_seine,2018-07-20,2018-07-18,2018,surface,1,edna_koe3_00,surface,biological,13.6,25.71,7.96,11.2,30.41,7.98,2.2,1000,0,51.77589222,-127.8794255,sand,n,90,p,macroalgae,nereocystis,macroalgae_sand,nereocystis_sand,100,1.96163e-160,313,Metazoa,Arthropoda,Copepoda,Calanoida,Clausocalanidae,Pseudocalanus,0,0,TRUE,ASV336,4,Pseudocalanus newmani
edna0100,ASV834,motu128,Centropages abdominalis,Calanoid copepod,species,1,1,NA,NA,20,26,NA,NA,NA,NA,NA,Centropages abdominalis,Calanoid copepod,2018_koe3_surface,koe3,beach_seine,2018-07-20,2018-07-18,2018,surface,1,edna_koe3_00,surface,biological,13.6,25.71,7.96,11.2,30.41,7.98,2.2,1000,0,51.77589222,-127.8794255,sand,n,90,p,macroalgae,nereocystis,macroalgae_sand,nereocystis_sand,99.68,9.126599999999999e-159,310,Metazoa,Arthropoda,Copepoda,Calanoida,Centropagidae,Centropages,0,0,TRUE,ASV143,11,Centropages abdominalis
edna0100,ASV365,motu31,Centropages abdominalis,Calanoid copepod,species,1,1,1,1,26,17,21,111,79,NA,NA,Centropages abdominalis,Calanoid copepod,2018_koe3_surface,koe3,beach_seine,2018-07-20,2018-07-18,2018,surface,1,edna_koe3_00,surface,biological,13.6,25.71,7.96,11.2,30.41,7.98,2.2,1000,0,51.77589222,-127.8794255,sand,n,90,p,macroalgae,nereocystis,macroalgae_sand,nereocystis_sand,99.68,9.126599999999999e-159,310,Metazoa,Arthropoda,Copepoda,Calanoida,Centropagidae,Centropages,0,0,TRUE,ASV34,19,Centropages abdominalis
edna0100,ASV1287,motu1015,Balanus,Barnacle species,genus,1,1,NA,NA,77,113,NA,NA,NA,NA,NA,Balanus,Barnacle species,2018_koe3_surface,koe3,beach_seine,2018-07-20,2018-07-18,2018,surface,1,edna_koe3_00,surface,biological,13.6,25.71,7.96,11.2,30.41,7.98,2.2,1000,0,51.77589222,-127.8794255,sand,n,90,p,macroalgae,nereocystis,macroalgae_sand,nereocystis_sand,99.67,6.925819999999995e-155,303,Metazoa,Arthropoda,Arthropoda,Balanomorpha,Balanidae,Balanus,0,0,TRUE,ASV1187,5,NA
edna0100,ASV587,motu517,Balanus,Barnacle species,genus,1,1,1,1,71,120,67,194,203,NA,141,Balanus,Barnacle species,2018_koe3_surface,koe3,beach_seine,2018-07-20,2018-07-18,2018,surface,1,edna_koe3_00,surface,biological,13.6,25.71,7.96,11.2,30.41,7.98,2.2,1000,0,51.77589222,-127.8794255,sand,n,90,p,macroalgae,nereocystis,macroalgae_sand,nereocystis_sand,99.67,6.925819999999995e-155,303,Metazoa,Arthropoda,Arthropoda,Balanomorpha,Balanidae,Balanus,0,0,TRUE,ASV587,10,NA
edna0100,ASV1186,motu1014,Corophiidae,Amphipod,family,1,NA,NA,1,9,NA,NA,NA,28,NA,NA,Corophiidae,Amphipod,2018_koe3_surface,koe3,beach_seine,2018-07-20,2018-07-18,2018,surface,1,edna_koe3_00,surface,biological,13.6,25.71,7.96,11.2,30.41,7.98,2.2,1000,0,51.77589222,-127.8794255,sand,n,90,p,macroalgae,nereocystis,macroalgae_sand,nereocystis_sand,98.72,9.19139e-154,301,Metazoa,Arthropoda,Malacostraca,Amphipoda,Corophiidae,NA,0,0,TRUE,ASV1186,2,NA
edna0100,ASV3641,motu2887,Paracalanus,Calanoid copepod,genus,1,NA,NA,NA,14,NA,NA,NA,NA,NA,NA,Paracalanus,Calanoid copepod,2018_koe3_surface,koe3,beach_seine,2018-07-20,2018-07-18,2018,surface,1,edna_koe3_00,surface,biological,13.6,25.71,7.96,11.2,30.41,7.98,2.2,1000,0,51.77589222,-127.8794255,sand,n,90,p,macroalgae,nereocystis,macroalgae_sand,nereocystis_sand,99.67,2.4817399999999988e-154,302,Metazoa,Arthropoda,Arthropoda,Calanoida,Paracalanidae,Paracalanus,0,0,TRUE,ASV3641,1,NA
edna0100,ASV3067,motu2468,Halichondria (Halichondria) panicea,Breadcrumb sponge species,species,1,1,NA,NA,29,36,NA,NA,NA,NA,NA,Halichondria (Halichondria) panicea,Breadcrumb sponge species,2018_koe3_surface,koe3,beach_seine,2018-07-20,2018-07-18,2018,surface,1,edna_koe3_00,surface,biological,13.6,25.71,7.96,11.2,30.41,7.98,2.2,1000,0,51.77589222,-127.8794255,sand,n,90,p,macroalgae,nereocystis,macroalgae_sand,nereocystis_sand,99.33,6.819989999999996e-150,294,Metazoa,Porifera,Demospongiae,Suberitida,Halichondriidae,Halichondria,0,0,TRUE,ASV3067,1,Halichondria (Halichondria) panicea
edna0100,ASV3243,motu2593,Halichondria (Halichondria) panicea,Breadcrumb sponge species,species,1,1,NA,NA,16,29,NA,NA,NA,NA,NA,Halichondria (Halichondria) panicea,Breadcrumb sponge species,2018_koe3_surface,koe3,beach_seine,2018-07-20,2018-07-18,2018,surface,1,edna_koe3_00,surface,biological,13.6,25.71,7.96,11.2,30.41,7.98,2.2,1000,0,51.77589222,-127.8794255,sand,n,90,p,macroalgae,nereocystis,macroalgae_sand,nereocystis_sand,99.33,6.819989999999996e-150,294,Metazoa,Porifera,Demospongiae,Suberitida,Halichondriidae,Halichondria,0,0,TRUE,ASV3243,1,Halichondria (Halichondria) panicea
edna0100,ASV3699,motu2922,Lottia,Limpet,genus,1,1,1,1,3,6,3,16,NA,NA,NA,Lottia,Limpet,2018_koe3_surface,koe3,beach_seine,2018-07-20,2018-07-18,2018,surface,1,edna_koe3_00,surface,biological,13.6,25.71,7.96,11.2,30.41,7.98,2.2,1000,0,51.77589222,-127.8794255,sand,n,90,p,macroalgae,nereocystis,macroalgae_sand,nereocystis_sand,100,0.0528743,28,Metazoa,Mollusca,Mollusca,NA,Lottiidae,Lottia,0,0,TRUE,ASV3699,1,NA
edna0148,ASV25,motu22,Acartia (Acartiura) longiremis,Calanoid copepod,species,1,1,NA,1,8,14,NA,21,15,NA,11,Acartia (Acartiura) longiremis,Calanoid copepod,2018_choked-grid_surface,choked grid,seagrass_grid,2018-08-24,NA,2018,surface,1,choked_grid_a1,grid,biological,NA,NA,NA,NA,NA,NA,7,1000,0,51.6749926,-128.1202263,sand,NA,NA,NA,seagrass,zostera,seagrass_sand,zostera_sand,100,1.96163e-160,313,Metazoa,Arthropoda,Copepoda,Calanoida,Acartiidae,Acartia,0,0,TRUE,ASV25,27,Acartia (Acartiura) longiremis
edna0148,ASV81,motu71,Acartia (Acartiura) longiremis,Calanoid copepod,species,1,1,NA,NA,7,18,NA,NA,NA,NA,NA,Acartia (Acartiura) longiremis,Calanoid copepod,2018_choked-grid_surface,choked grid,seagrass_grid,2018-08-24,NA,2018,surface,1,choked_grid_a1,grid,biological,NA,NA,NA,NA,NA,NA,7,1000,0,51.6749926,-128.1202263,sand,NA,NA,NA,seagrass,zostera,seagrass_sand,zostera_sand,100,1.96163e-160,313,Metazoa,Arthropoda,Copepoda,Calanoida,Acartiidae,Acartia,0,0,TRUE,ASV81,23,Acartia (Acartiura) longiremis
edna0148,ASV258,motu228,Lensia,Siphonophore,genus,1,1,NA,NA,13,30,NA,NA,NA,NA,NA,Lensia,Siphonophore,2018_choked-grid_surface,choked grid,seagrass_grid,2018-08-24,NA,2018,surface,1,choked_grid_a1,grid,biological,NA,NA,NA,NA,NA,NA,7,1000,0,51.6749926,-128.1202263,sand,NA,NA,NA,seagrass,zostera,seagrass_sand,zostera_sand,100,0.00408744,30,Metazoa,Cnidaria,Cnidaria,Siphonophorae,Diphyidae,Lensia,0,0,TRUE,ASV258,1,NA
edna0148,ASV131,motu117,Lensia,Siphonophore,genus,1,1,1,1,7,15,6,22,28,NA,12,Lensia,Siphonophore,2018_choked-grid_surface,choked grid,seagrass_grid,2018-08-24,NA,2018,surface,1,choked_grid_a1,grid,biological,NA,NA,NA,NA,NA,NA,7,1000,0,51.6749926,-128.1202263,sand,NA,NA,NA,seagrass,zostera,seagrass_sand,zostera_sand,100,0.00408744,30,Metazoa,Cnidaria,Cnidaria,Siphonophorae,Diphyidae,Lensia,0,0,TRUE,ASV131,2,NA
edna0148,ASV226,motu199,Mytilus trossulus,Bay mussel,species,1,1,NA,1,6,11,NA,18,NA,NA,NA,Mytilus trossulus,Bay mussel,2018_choked-grid_surface,choked grid,seagrass_grid,2018-08-24,NA,2018,surface,1,choked_grid_a1,grid,biological,NA,NA,NA,NA,NA,NA,7,1000,0,51.6749926,-128.1202263,sand,NA,NA,NA,seagrass,zostera,seagrass_sand,zostera_sand,100,3.2351099999999996e-158,309,Metazoa,Mollusca,Mollusca,Mytilida,Mytilidae,Mytilus,0,0,TRUE,ASV226,18,Mytilus trossulus
edna0148,ASV216,motu190,Mytilus trossulus,Bay mussel,species,1,1,NA,1,6,14,NA,NA,10,NA,NA,Mytilus trossulus,Bay mussel,2018_choked-grid_surface,choked grid,seagrass_grid,2018-08-24,NA,2018,surface,1,choked_grid_a1,grid,biological,NA,NA,NA,NA,NA,NA,7,1000,0,51.6749926,-128.1202263,sand,NA,NA,NA,seagrass,zostera,seagrass_sand,zostera_sand,100,3.2351099999999996e-158,309,Metazoa,Mollusca,Mollusca,Mytilida,Mytilidae,Mytilus,0,0,TRUE,ASV216,23,Mytilus trossulus
edna0148,ASV467,motu412,Saxidomus,Washington clam species,genus,1,1,1,1,10,15,8,14,NA,NA,22,Saxidomus,Washington clam species,2018_choked-grid_surface,choked grid,seagrass_grid,2018-08-24,NA,2018,surface,1,choked_grid_a1,grid,biological,NA,NA,NA,NA,NA,NA,7,1000,0,51.6749926,-128.1202263,sand,NA,NA,NA,seagrass,zostera,seagrass_sand,zostera_sand,100,1.96163e-160,313,Metazoa,Mollusca,Mollusca,Venerida,Veneridae,Saxidomus,0,0,TRUE,ASV467,12,NA
edna0148,ASV860,motu748,Saxidomus,Washington clam species,genus,1,1,NA,NA,7,27,NA,NA,NA,NA,NA,Saxidomus,Washington clam species,2018_choked-grid_surface,choked grid,seagrass_grid,2018-08-24,NA,2018,surface,1,choked_grid_a1,grid,biological,NA,NA,NA,NA,NA,NA,7,1000,0,51.6749926,-128.1202263,sand,NA,NA,NA,seagrass,zostera,seagrass_sand,zostera_sand,100,1.96163e-160,313,Metazoa,Mollusca,Mollusca,Venerida,Veneridae,Saxidomus,0,0,TRUE,ASV860,4,NA
edna0148,ASV733,motu637,Phyllodocida,Polychaete,order,1,NA,NA,NA,5,NA,NA,NA,NA,NA,NA,Phyllodocida,Polychaete,2018_choked-grid_surface,choked grid,seagrass_grid,2018-08-24,NA,2018,surface,1,choked_grid_a1,grid,biological,NA,NA,NA,NA,NA,NA,7,1000,0,51.6749926,-128.1202263,sand,NA,NA,NA,seagrass,zostera,seagrass_sand,zostera_sand,100,0.0603188,28,Metazoa,Annelida,Annelida,Phyllodocida,NA,NA,0,0,TRUE,ASV733,1,NA
edna0148,ASV2031,motu1681,Membranipora membranacea,Coffin box bryozoan,species,1,1,NA,NA,17,9,NA,NA,NA,NA,NA,Membranipora membranacea,Coffin box bryozoan,2018_choked-grid_surface,choked grid,seagrass_grid,2018-08-24,NA,2018,surface,1,choked_grid_a1,grid,biological,NA,NA,NA,NA,NA,NA,7,1000,0,51.6749926,-128.1202263,sand,NA,NA,NA,seagrass,zostera,seagrass_sand,zostera_sand,100,9.252979999999995e-139,274,Metazoa,Bryozoa,Gymnolaemata,Cheilostomatida,Membraniporidae,Membranipora,0,0,TRUE,ASV2031,1,Membranipora membranacea
edna0148,ASV5190,motu3992,Membranipora membranacea,Coffin box bryozoan,species,1,NA,NA,NA,16,NA,NA,NA,NA,NA,NA,Membranipora membranacea,Coffin box bryozoan,2018_choked-grid_surface,choked grid,seagrass_grid,2018-08-24,NA,2018,surface,1,choked_grid_a1,grid,biological,NA,NA,NA,NA,NA,NA,7,1000,0,51.6749926,-128.1202263,sand,NA,NA,NA,seagrass,zostera,seagrass_sand,zostera_sand,99.64,4.30499e-137,271,Metazoa,Bryozoa,Bryozoa,Cheilostomatida,Membraniporidae,Membranipora,0,0,TRUE,ASV5190,1,Membranipora membranacea
edna0148,ASV5030,motu1896,Membranipora membranacea,Coffin box bryozoan,species,1,NA,NA,NA,4,NA,NA,NA,NA,NA,NA,Membranipora membranacea,Coffin box bryozoan,2018_choked-grid_surface,choked grid,seagrass_grid,2018-08-24,NA,2018,surface,1,choked_grid_a1,grid,biological,NA,NA,NA,NA,NA,NA,7,1000,0,51.6749926,-128.1202263,sand,NA,NA,NA,seagrass,zostera,seagrass_sand,zostera_sand,99.64,7.2578e-140,276,Metazoa,Bryozoa,Gymnolaemata,Cheilostomatida,Membraniporidae,Membranipora,0,0,TRUE,ASV2302,3,Membranipora membranacea
edna0148,ASV3586,motu2841,Membranipora membranacea,Coffin box bryozoan,species,1,1,NA,1,6,11,NA,NA,9,NA,NA,Membranipora membranacea,Coffin box bryozoan,2018_choked-grid_surface,choked grid,seagrass_grid,2018-08-24,NA,2018,surface,1,choked_grid_a1,grid,biological,NA,NA,NA,NA,NA,NA,7,1000,0,51.6749926,-128.1202263,sand,NA,NA,NA,seagrass,zostera,seagrass_sand,zostera_sand,99.64,7.2578e-140,276,Metazoa,Bryozoa,Gymnolaemata,Cheilostomatida,Membraniporidae,Membranipora,0,0,TRUE,ASV3586,2,Membranipora membranacea
edna0150,ASV258,motu228,Lensia,Siphonophore,genus,1,1,NA,NA,16,15,NA,NA,NA,NA,NA,Lensia,Siphonophore,2018_choked-grid_surface,choked grid,seagrass_grid,2018-08-24,NA,2018,surface,3,choked_grid_a3,grid,biological,NA,NA,NA,NA,NA,NA,6.8,1000,0,51.67499094,-128.1193519,sand,NA,NA,NA,seagrass,zostera,seagrass_sand,zostera_sand,100,0.00408744,30,Metazoa,Cnidaria,Cnidaria,Siphonophorae,Diphyidae,Lensia,0,0,TRUE,ASV258,1,NA
edna0150,ASV131,motu117,Lensia,Siphonophore,genus,1,1,NA,1,10,13,NA,27,55,NA,28,Lensia,Siphonophore,2018_choked-grid_surface,choked grid,seagrass_grid,2018-08-24,NA,2018,surface,3,choked_grid_a3,grid,biological,NA,NA,NA,NA,NA,NA,6.8,1000,0,51.67499094,-128.1193519,sand,NA,NA,NA,seagrass,zostera,seagrass_sand,zostera_sand,100,0.00408744,30,Metazoa,Cnidaria,Cnidaria,Siphonophorae,Diphyidae,Lensia,0,0,TRUE,ASV131,2,NA
edna0150,ASV233,motu74,Euchlanidae,Rotifer,family,1,NA,NA,1,15,NA,NA,NA,NA,NA,46,No Results,No Results,2018_choked-grid_surface,choked grid,seagrass_grid,2018-08-24,NA,2018,surface,3,choked_grid_a3,grid,biological,NA,NA,NA,NA,NA,NA,6.8,1000,0,51.67499094,-128.1193519,sand,NA,NA,NA,seagrass,zostera,seagrass_sand,zostera_sand,91.35,3.005919999999998e-29,77,Metazoa,Rotifera,Rotifera,Ploima,Euchlanidae,NA,1,NA,TRUE,ASV84,2,NA
edna0150,ASV308,motu270,Synchaeta baltica,Rotifer,species,1,NA,NA,1,8,NA,NA,NA,56,NA,67,Synchaeta baltica,Rotifer,2018_choked-grid_surface,choked grid,seagrass_grid,2018-08-24,NA,2018,surface,3,choked_grid_a3,grid,biological,NA,NA,NA,NA,NA,NA,6.8,1000,0,51.67499094,-128.1193519,sand,NA,NA,NA,seagrass,zostera,seagrass_sand,zostera_sand,90.79,3.5361899999999996e-113,228,Metazoa,Rotifera,Eurotatoria,Ploima,Synchaetidae,Synchaeta,0,0,TRUE,ASV308,3,Synchaeta baltica
edna0150,ASV4040,motu22,Acartia (Acartiura) longiremis,Calanoid copepod,species,1,NA,NA,NA,8,NA,NA,NA,NA,NA,NA,Acartia (Acartiura) longiremis,Calanoid copepod,2018_choked-grid_surface,choked grid,seagrass_grid,2018-08-24,NA,2018,surface,3,choked_grid_a3,grid,biological,NA,NA,NA,NA,NA,NA,6.8,1000,0,51.67499094,-128.1193519,sand,NA,NA,NA,seagrass,zostera,seagrass_sand,zostera_sand,99.68,9.126599999999999e-159,310,Metazoa,Arthropoda,Copepoda,Calanoida,Acartiidae,Acartia,0,0,TRUE,ASV25,27,Acartia (Acartiura) longiremis
edna0150,ASV2502,motu71,Acartia (Acartiura) longiremis,Calanoid copepod,species,1,1,NA,NA,3,9,NA,NA,NA,NA,NA,Acartia (Acartiura) longiremis,Calanoid copepod,2018_choked-grid_surface,choked grid,seagrass_grid,2018-08-24,NA,2018,surface,3,choked_grid_a3,grid,biological,NA,NA,NA,NA,NA,NA,6.8,1000,0,51.67499094,-128.1193519,sand,NA,NA,NA,seagrass,zostera,seagrass_sand,zostera_sand,99.68,9.126599999999999e-159,310,Metazoa,Arthropoda,Copepoda,Calanoida,Acartiidae,Acartia,0,0,TRUE,ASV81,23,Acartia (Acartiura) longiremis
edna0150,ASV4028,motu3158,Tegula pulligo,Dusky tegula,species,1,1,NA,NA,5,8,NA,NA,NA,NA,NA,Tegula pulligo,Dusky tegula,2018_choked-grid_surface,choked grid,seagrass_grid,2018-08-24,NA,2018,surface,3,choked_grid_a3,grid,biological,NA,NA,NA,NA,NA,NA,6.8,1000,0,51.67499094,-128.1193519,sand,NA,NA,NA,seagrass,zostera,seagrass_sand,zostera_sand,100,3.2351099999999996e-158,309,Metazoa,Mollusca,Gastropoda,Trochida,Tegulidae,Tegula,0,0,TRUE,ASV4028,1,Tegula pulligo
edna0150,ASV3473,motu2758,Staphylinidae,Hexapod,genus,1,1,NA,NA,4,4,NA,NA,NA,NA,NA,Staphylinidae,Hexapod,2018_choked-grid_surface,choked grid,seagrass_grid,2018-08-24,NA,2018,surface,3,choked_grid_a3,grid,biological,NA,NA,NA,NA,NA,NA,6.8,1000,0,51.67499094,-128.1193519,sand,NA,NA,NA,seagrass,zostera,seagrass_sand,zostera_sand,90.14,3.11539e-14,50,Metazoa,Arthropoda,Arthropoda,Coleoptera,Staphylinidae,Staphylinidae,NA,NA,TRUE,ASV3473,1,NA
edna0151,ASV7383,motu117,Lensia,Siphonophore,genus,1,NA,NA,NA,7,NA,NA,NA,NA,NA,NA,Lensia,Siphonophore,2018_choked-grid_surface,choked grid,seagrass_grid,2018-08-24,NA,2018,surface,4,choked_grid_b1,grid,biological,NA,NA,NA,NA,NA,NA,6.9,1000,0,51.67473646,-128.1202236,sand,NA,NA,NA,seagrass,zostera,seagrass_sand,zostera_sand,100,0.00418479,30,Metazoa,Cnidaria,Cnidaria,Siphonophorae,Diphyidae,Lensia,0,0,TRUE,ASV131,2,NA
edna0152,ASV258,motu228,Lensia,Siphonophore,genus,1,1,NA,NA,12,22,NA,NA,NA,NA,NA,Lensia,Siphonophore,2018_choked-grid_surface,choked grid,seagrass_grid,2018-08-24,NA,2018,surface,5,choked_grid_b2,grid,biological,12.1,31.15,7.97,10.1,33,7.87,7.8,1000,0,51.67473313,-128.1197944,sand,NA,NA,NA,seagrass,zostera,seagrass_sand,zostera_sand,100,0.00408744,30,Metazoa,Cnidaria,Cnidaria,Siphonophorae,Diphyidae,Lensia,0,0,TRUE,ASV258,1,NA
edna0152,ASV131,motu117,Lensia,Siphonophore,genus,1,1,1,1,11,10,7,24,40,NA,20,Lensia,Siphonophore,2018_choked-grid_surface,choked grid,seagrass_grid,2018-08-24,NA,2018,surface,5,choked_grid_b2,grid,biological,12.1,31.15,7.97,10.1,33,7.87,7.8,1000,0,51.67473313,-128.1197944,sand,NA,NA,NA,seagrass,zostera,seagrass_sand,zostera_sand,100,0.00408744,30,Metazoa,Cnidaria,Cnidaria,Siphonophorae,Diphyidae,Lensia,0,0,TRUE,ASV131,2,NA
edna0152,ASV1384,motu1168,Membranipora membranacea,Coffin box bryozoan,species,1,NA,NA,NA,3,NA,NA,NA,NA,NA,NA,Membranipora membranacea,Coffin box bryozoan,2018_choked-grid_surface,choked grid,seagrass_grid,2018-08-24,NA,2018,surface,5,choked_grid_b2,grid,biological,12.1,31.15,7.97,10.1,33,7.87,7.8,1000,0,51.67473313,-128.1197944,sand,NA,NA,NA,seagrass,zostera,seagrass_sand,zostera_sand,100,9.252979999999995e-139,274,Metazoa,Bryozoa,Gymnolaemata,Cheilostomatida,Membraniporidae,Membranipora,0,0,TRUE,ASV1384,2,Membranipora membranacea
edna0152,ASV937,motu814,Synchaeta baltica,Rotifer,species,1,1,1,1,8,11,7,15,16,NA,26,Synchaeta baltica,Rotifer,2018_choked-grid_surface,choked grid,seagrass_grid,2018-08-24,NA,2018,surface,5,choked_grid_b2,grid,biological,12.1,31.15,7.97,10.1,33,7.87,7.8,1000,0,51.67473313,-128.1197944,sand,NA,NA,NA,seagrass,zostera,seagrass_sand,zostera_sand,90.76,1.27184e-112,227,Metazoa,Rotifera,Eurotatoria,Ploima,Synchaetidae,Synchaeta,0,0,TRUE,ASV937,1,Synchaeta baltica
edna0152,ASV2187,motu1804,Saccocirrus,Polychaete,genus,1,NA,NA,NA,2,NA,NA,NA,NA,NA,NA,Saccocirrus,Polychaete,2018_choked-grid_surface,choked grid,seagrass_grid,2018-08-24,NA,2018,surface,5,choked_grid_b2,grid,biological,12.1,31.15,7.97,10.1,33,7.87,7.8,1000,0,51.67473313,-128.1197944,sand,NA,NA,NA,seagrass,zostera,seagrass_sand,zostera_sand,100,1.96163e-160,313,Metazoa,Annelida,Polychaeta,NA,Saccocirridae,Saccocirrus,0,0,TRUE,ASV2187,1,NA
edna0152,ASV3532,motu2807,Pachylaelapidae,Mite,genus,1,NA,NA,1,3,NA,NA,NA,NA,NA,3,Pachylaelapidae,Mite,2018_choked-grid_surface,choked grid,seagrass_grid,2018-08-24,NA,2018,surface,5,choked_grid_b2,grid,biological,12.1,31.15,7.97,10.1,33,7.87,7.8,1000,0,51.67473313,-128.1197944,sand,NA,NA,NA,seagrass,zostera,seagrass_sand,zostera_sand,100,0.00408744,30,Metazoa,Arthropoda,Arthropoda,Mesostigmata,NA,Pachylaelapidae,NA,NA,TRUE,ASV3532,1,NA
edna0153,ASV258,motu228,Lensia,Siphonophore,genus,1,NA,NA,NA,11,NA,NA,NA,NA,NA,NA,Lensia,Siphonophore,2018_choked-grid_surface,choked grid,seagrass_grid,2018-08-24,NA,2018,surface,6,choked_grid_b3,grid,biological,NA,NA,NA,NA,NA,NA,7.6,1000,0,51.67473646,-128.1193545,sand,NA,NA,NA,seagrass,zostera,seagrass_sand,zostera_sand,100,0.00408744,30,Metazoa,Cnidaria,Cnidaria,Siphonophorae,Diphyidae,Lensia,0,0,TRUE,ASV258,1,NA
edna0153,ASV1492,motu1259,Membranipora membranacea,Coffin box bryozoan,species,1,1,NA,1,17,43,NA,NA,NA,NA,37,Membranipora membranacea,Coffin box bryozoan,2018_choked-grid_surface,choked grid,seagrass_grid,2018-08-24,NA,2018,surface,6,choked_grid_b3,grid,biological,NA,NA,NA,NA,NA,NA,7.6,1000,0,51.67473646,-128.1193545,sand,NA,NA,NA,seagrass,zostera,seagrass_sand,zostera_sand,100,9.252979999999995e-139,274,Metazoa,Bryozoa,Gymnolaemata,Cheilostomatida,Membraniporidae,Membranipora,0,0,TRUE,ASV1492,2,Membranipora membranacea
edna0153,ASV3390,motu470,Paracalanus,Calanoid copepod,genus,1,NA,NA,NA,12,NA,NA,NA,NA,NA,NA,Paracalanus parvus parvus,Calanoid copepod,2018_choked-grid_surface,choked grid,seagrass_grid,2018-08-24,NA,2018,surface,6,choked_grid_b3,grid,biological,NA,NA,NA,NA,NA,NA,7.6,1000,0,51.67473646,-128.1193545,sand,NA,NA,NA,seagrass,zostera,seagrass_sand,zostera_sand,99.34,5.31212e-151,296,Metazoa,Arthropoda,Arthropoda,Calanoida,Paracalanidae,Paracalanus,0,0,TRUE,ASV536,6,NA
edna0153,ASV3161,motu2534,Membranipora membranacea,Coffin box bryozoan,species,1,1,NA,1,18,14,NA,10,NA,NA,NA,Membranipora membranacea,Coffin box bryozoan,2018_choked-grid_surface,choked grid,seagrass_grid,2018-08-24,NA,2018,surface,6,choked_grid_b3,grid,biological,NA,NA,NA,NA,NA,NA,7.6,1000,0,51.67473646,-128.1193545,sand,NA,NA,NA,seagrass,zostera,seagrass_sand,zostera_sand,100,9.252979999999995e-139,274,Metazoa,Bryozoa,Gymnolaemata,Cheilostomatida,Membraniporidae,Membranipora,0,0,TRUE,ASV3161,1,Membranipora membranacea
edna0153,ASV3185,motu1887,Synchaeta vorax,Rotifer,species,1,1,1,1,9,8,2,5,NA,NA,NA,Synchaeta vorax,Rotifer,2018_choked-grid_surface,choked grid,seagrass_grid,2018-08-24,NA,2018,surface,6,choked_grid_b3,grid,biological,NA,NA,NA,NA,NA,NA,7.6,1000,0,51.67473646,-128.1193545,sand,NA,NA,NA,seagrass,zostera,seagrass_sand,zostera_sand,95.13,1.20545e-132,263,Metazoa,Rotifera,Eurotatoria,Ploima,Synchaetidae,Synchaeta,0,0,TRUE,ASV2292,5,Synchaeta vorax
edna0153,ASV3829,motu1191,Membranipora membranacea,Coffin box bryozoan,species,1,1,NA,NA,5,9,NA,NA,NA,NA,NA,Membranipora membranacea,Coffin box bryozoan,2018_choked-grid_surface,choked grid,seagrass_grid,2018-08-24,NA,2018,surface,6,choked_grid_b3,grid,biological,NA,NA,NA,NA,NA,NA,7.6,1000,0,51.67473646,-128.1193545,sand,NA,NA,NA,seagrass,zostera,seagrass_sand,zostera_sand,100,5.610619999999999e-141,278,Metazoa,Bryozoa,Gymnolaemata,Cheilostomatida,Membraniporidae,Membranipora,0,0,TRUE,ASV1410,2,Membranipora membranacea
edna0153,ASV4086,motu3205,Membranipora membranacea,Coffin box bryozoan,species,1,1,NA,NA,11,10,NA,NA,NA,NA,NA,Membranipora membranacea,Coffin box bryozoan,2018_choked-grid_surface,choked grid,seagrass_grid,2018-08-24,NA,2018,surface,6,choked_grid_b3,grid,biological,NA,NA,NA,NA,NA,NA,7.6,1000,0,51.67473646,-128.1193545,sand,NA,NA,NA,seagrass,zostera,seagrass_sand,zostera_sand,100,9.252979999999995e-139,274,Metazoa,Bryozoa,Gymnolaemata,Cheilostomatida,Membraniporidae,Membranipora,0,0,TRUE,ASV4086,1,Membranipora membranacea
edna0153,ASV3876,motu285,Paracalanus,Calanoid copepod,genus,1,NA,1,NA,6,NA,5,NA,NA,NA,NA,Paracalanus parvus parvus,Calanoid copepod,2018_choked-grid_surface,choked grid,seagrass_grid,2018-08-24,NA,2018,surface,6,choked_grid_b3,grid,biological,NA,NA,NA,NA,NA,NA,7.6,1000,0,51.67473646,-128.1193545,sand,NA,NA,NA,seagrass,zostera,seagrass_sand,zostera_sand,99.34,5.31212e-151,296,Metazoa,Arthropoda,Arthropoda,Calanoida,Paracalanidae,Paracalanus,0,0,TRUE,ASV324,6,NA
edna0001,ASV25,motu22,Acartia (Acartiura) longiremis,Calanoid copepod,species,1,1,1,1,143,240,82,398,329,NA,223,Acartia (Acartiura) longiremis,Calanoid copepod,2018_koeye-estuary_surface,koeye estuary,seagrass,2018-06-19,NA,2018,surface,1,edna_ko_e3_00,surface,biological,15.9,15.84,7.95,NA,NA,NA,2.2,980,0,51.77950168,-127.8716413,sand,NA,NA,NA,seagrass,zostera,seagrass_sand,zostera_sand,100,1.96163e-160,313,Metazoa,Arthropoda,Copepoda,Calanoida,Acartiidae,Acartia,0,0,TRUE,ASV25,27,Acartia (Acartiura) longiremis
edna0001,ASV81,motu71,Acartia (Acartiura) longiremis,Calanoid copepod,species,1,1,NA,NA,133,276,NA,NA,NA,NA,NA,Acartia (Acartiura) longiremis,Calanoid copepod,2018_koeye-estuary_surface,koeye estuary,seagrass,2018-06-19,NA,2018,surface,1,edna_ko_e3_00,surface,biological,15.9,15.84,7.95,NA,NA,NA,2.2,980,0,51.77950168,-127.8716413,sand,NA,NA,NA,seagrass,zostera,seagrass_sand,zostera_sand,100,1.96163e-160,313,Metazoa,Arthropoda,Copepoda,Calanoida,Acartiidae,Acartia,0,0,TRUE,ASV81,23,Acartia (Acartiura) longiremis
edna0001,ASV34,motu31,Centropages abdominalis,Calanoid copepod,species,1,1,1,1,49,81,54,126,166,NA,92,Centropages abdominalis,Calanoid copepod,2018_koeye-estuary_surface,koeye estuary,seagrass,2018-06-19,NA,2018,surface,1,edna_ko_e3_00,surface,biological,15.9,15.84,7.95,NA,NA,NA,2.2,980,0,51.77950168,-127.8716413,sand,NA,NA,NA,seagrass,zostera,seagrass_sand,zostera_sand,100,1.96163e-160,313,Metazoa,Arthropoda,Copepoda,Calanoida,Centropagidae,Centropages,0,0,TRUE,ASV34,19,Centropages abdominalis
edna0001,ASV143,motu128,Centropages abdominalis,Calanoid copepod,species,1,1,NA,NA,44,93,NA,NA,NA,NA,NA,Centropages abdominalis,Calanoid copepod,2018_koeye-estuary_surface,koeye estuary,seagrass,2018-06-19,NA,2018,surface,1,edna_ko_e3_00,surface,biological,15.9,15.84,7.95,NA,NA,NA,2.2,980,0,51.77950168,-127.8716413,sand,NA,NA,NA,seagrass,zostera,seagrass_sand,zostera_sand,100,1.96163e-160,313,Metazoa,Arthropoda,Copepoda,Calanoida,Centropagidae,Centropages,0,0,TRUE,ASV143,11,Centropages abdominalis
edna0001,ASV226,motu199,Mytilus trossulus,Bay mussel,species,1,1,1,1,81,109,54,143,115,NA,127,Mytilus trossulus,Bay mussel,2018_koeye-estuary_surface,koeye estuary,seagrass,2018-06-19,NA,2018,surface,1,edna_ko_e3_00,surface,biological,15.9,15.84,7.95,NA,NA,NA,2.2,980,0,51.77950168,-127.8716413,sand,NA,NA,NA,seagrass,zostera,seagrass_sand,zostera_sand,100,3.2351099999999996e-158,309,Metazoa,Mollusca,Mollusca,Mytilida,Mytilidae,Mytilus,0,0,TRUE,ASV226,18,Mytilus trossulus
edna0001,ASV216,motu190,Mytilus trossulus,Bay mussel,species,1,1,1,1,54,117,69,158,112,NA,147,Mytilus trossulus,Bay mussel,2018_koeye-estuary_surface,koeye estuary,seagrass,2018-06-19,NA,2018,surface,1,edna_ko_e3_00,surface,biological,15.9,15.84,7.95,NA,NA,NA,2.2,980,0,51.77950168,-127.8716413,sand,NA,NA,NA,seagrass,zostera,seagrass_sand,zostera_sand,100,3.2351099999999996e-158,309,Metazoa,Mollusca,Mollusca,Mytilida,Mytilidae,Mytilus,0,0,TRUE,ASV216,23,Mytilus trossulus
edna0001,ASV132,motu118,Mesocentrotus franciscanus,Red sea urchin,species,1,1,1,1,10,15,8,82,NA,NA,31,Mesocentrotus franciscanus,Red sea urchin,2018_koeye-estuary_surface,koeye estuary,seagrass,2018-06-19,NA,2018,surface,1,edna_ko_e3_00,surface,biological,15.9,15.84,7.95,NA,NA,NA,2.2,980,0,51.77950168,-127.8716413,sand,NA,NA,NA,seagrass,zostera,seagrass_sand,zostera_sand,100,2.51921e-159,311,Metazoa,Echinodermata,Echinoidea,Camarodonta,Strongylocentrotidae,Mesocentrotus,0,0,TRUE,ASV132,8,Mesocentrotus franciscanus
edna0001,ASV354,motu313,Mitrocoma cellularia,Cross jelly,species,1,1,1,1,6,14,7,54,22,NA,14,Mitrocoma cellularia,Cross jelly,2018_koeye-estuary_surface,koeye estuary,seagrass,2018-06-19,NA,2018,surface,1,edna_ko_e3_00,surface,biological,15.9,15.84,7.95,NA,NA,NA,2.2,980,0,51.77950168,-127.8716413,sand,NA,NA,NA,seagrass,zostera,seagrass_sand,zostera_sand,100,1.4886099999999998e-156,306,Metazoa,Cnidaria,Hydrozoa,Leptothecata,Mitrocomidae,Mitrocoma,0,0,TRUE,ASV354,2,Mitrocoma cellularia
edna0001,ASV616,motu537,Mitrocoma cellularia,Cross jelly,species,1,1,NA,NA,7,17,NA,NA,NA,NA,NA,Mitrocoma cellularia,Cross jelly,2018_koeye-estuary_surface,koeye estuary,seagrass,2018-06-19,NA,2018,surface,1,edna_ko_e3_00,surface,biological,15.9,15.84,7.95,NA,NA,NA,2.2,980,0,51.77950168,-127.8716413,sand,NA,NA,NA,seagrass,zostera,seagrass_sand,zostera_sand,100,1.4886099999999998e-156,306,Metazoa,Cnidaria,Hydrozoa,Leptothecata,Mitrocomidae,Mitrocoma,0,0,TRUE,ASV616,6,Mitrocoma cellularia
edna0001,ASV336,motu296,Pseudocalanus newmani,Calanoid copepod,species,1,1,1,1,89,182,49,184,NA,NA,84,Pseudocalanus newmani,Calanoid copepod,2018_koeye-estuary_surface,koeye estuary,seagrass,2018-06-19,NA,2018,surface,1,edna_ko_e3_00,surface,biological,15.9,15.84,7.95,NA,NA,NA,2.2,980,0,51.77950168,-127.8716413,sand,NA,NA,NA,seagrass,zostera,seagrass_sand,zostera_sand,100,1.96163e-160,313,Metazoa,Arthropoda,Copepoda,Calanoida,Clausocalanidae,Pseudocalanus,0,0,TRUE,ASV336,4,Pseudocalanus newmani
edna0001,ASV623,motu543,Balanus,Barnacle species,genus,1,1,NA,1,3,7,NA,55,30,NA,34,Balanus,Barnacle species,2018_koeye-estuary_surface,koeye estuary,seagrass,2018-06-19,NA,2018,surface,1,edna_ko_e3_00,surface,biological,15.9,15.84,7.95,NA,NA,NA,2.2,980,0,51.77950168,-127.8716413,sand,NA,NA,NA,seagrass,zostera,seagrass_sand,zostera_sand,100,1.4886099999999998e-156,306,Metazoa,Arthropoda,Arthropoda,Balanomorpha,Balanidae,Balanus,0,0,TRUE,ASV623,7,NA
edna0001,ASV1095,motu942,Balanus,Barnacle species,genus,1,1,NA,NA,4,10,NA,NA,NA,NA,NA,Balanus,Barnacle species,2018_koeye-estuary_surface,koeye estuary,seagrass,2018-06-19,NA,2018,surface,1,edna_ko_e3_00,surface,biological,15.9,15.84,7.95,NA,NA,NA,2.2,980,0,51.77950168,-127.8716413,sand,NA,NA,NA,seagrass,zostera,seagrass_sand,zostera_sand,100,1.4886099999999998e-156,306,Metazoa,Arthropoda,Arthropoda,Balanomorpha,Balanidae,Balanus,0,0,TRUE,ASV1095,4,NA
edna0001,ASV598,motu524,Strongylocentrotus droebachiensis,Green sea urcin,species,1,1,1,1,6,24,10,92,61,NA,36,Strongylocentrotus droebachiensis,Green sea urcin,2018_koeye-estuary_surface,koeye estuary,seagrass,2018-06-19,NA,2018,surface,1,edna_ko_e3_00,surface,biological,15.9,15.84,7.95,NA,NA,NA,2.2,980,0,51.77950168,-127.8716413,sand,NA,NA,NA,seagrass,zostera,seagrass_sand,zostera_sand,100,1.96163e-160,313,Metazoa,Echinodermata,Echinoidea,Camarodonta,Strongylocentrotidae,Strongylocentrotus,0,0,TRUE,ASV598,2,Strongylocentrotus droebachiensis
edna0001,ASV733,motu637,Phyllodocida,Polychaete,order,1,NA,NA,NA,6,NA,NA,NA,NA,NA,NA,Phyllodocida,Polychaete,2018_koeye-estuary_surface,koeye estuary,seagrass,2018-06-19,NA,2018,surface,1,edna_ko_e3_00,surface,biological,15.9,15.84,7.95,NA,NA,NA,2.2,980,0,51.77950168,-127.8716413,sand,NA,NA,NA,seagrass,zostera,seagrass_sand,zostera_sand,100,0.0603188,28,Metazoa,Annelida,Annelida,Phyllodocida,NA,NA,0,0,TRUE,ASV733,1,NA
edna0001,ASV640,motu105,Mesocentrotus franciscanus,Red sea urchin,species,1,NA,NA,NA,10,NA,NA,NA,NA,NA,NA,Mesocentrotus franciscanus,Red sea urchin,2018_koeye-estuary_surface,koeye estuary,seagrass,2018-06-19,NA,2018,surface,1,edna_ko_e3_00,surface,biological,15.9,15.84,7.95,NA,NA,NA,2.2,980,0,51.77950168,-127.8716413,sand,NA,NA,NA,seagrass,zostera,seagrass_sand,zostera_sand,100,1.96163e-160,313,Metazoa,Echinodermata,Echinoidea,Camarodonta,Strongylocentrotidae,Mesocentrotus,0,0,TRUE,ASV118,8,Mesocentrotus franciscanus
edna0001,ASV682,motu593,Strongylocentrotus droebachiensis,Green sea urcin,species,1,1,1,1,13,21,12,84,61,NA,45,Strongylocentrotus droebachiensis,Green sea urcin,2018_koeye-estuary_surface,koeye estuary,seagrass,2018-06-19,NA,2018,surface,1,edna_ko_e3_00,surface,biological,15.9,15.84,7.95,NA,NA,NA,2.2,980,0,51.77950168,-127.8716413,sand,NA,NA,NA,seagrass,zostera,seagrass_sand,zostera_sand,100,1.96163e-160,313,Metazoa,Echinodermata,Echinoidea,Camarodonta,Strongylocentrotidae,Strongylocentrotus,0,0,TRUE,ASV682,2,Strongylocentrotus droebachiensis
edna0001,ASV1186,motu1014,Corophiidae,Amphipod,family,1,1,NA,NA,19,27,NA,NA,NA,NA,NA,Corophiidae,Amphipod,2018_koeye-estuary_surface,koeye estuary,seagrass,2018-06-19,NA,2018,surface,1,edna_ko_e3_00,surface,biological,15.9,15.84,7.95,NA,NA,NA,2.2,980,0,51.77950168,-127.8716413,sand,NA,NA,NA,seagrass,zostera,seagrass_sand,zostera_sand,98.72,9.19139e-154,301,Metazoa,Arthropoda,Malacostraca,Amphipoda,Corophiidae,NA,0,0,TRUE,ASV1186,2,NA
edna0001,ASV1367,motu1153,Cyanea,Lions mane jellyfish species,genus,1,1,NA,NA,5,17,NA,NA,NA,NA,NA,Cyanea,Lions mane jellyfish species,2018_koeye-estuary_surface,koeye estuary,seagrass,2018-06-19,NA,2018,surface,1,edna_ko_e3_00,surface,biological,15.9,15.84,7.95,NA,NA,NA,2.2,980,0,51.77950168,-127.8716413,sand,NA,NA,NA,seagrass,zostera,seagrass_sand,zostera_sand,100,3.2351099999999996e-158,309,Metazoa,Cnidaria,Scyphozoa,Semaeostomeae,Cyaneidae,Cyanea,0,0,TRUE,ASV1367,2,NA
edna0001,ASV1475,motu1246,Cyanea,Lions mane jellyfish species,genus,1,1,NA,NA,8,22,NA,NA,NA,NA,NA,Cyanea,Lions mane jellyfish species,2018_koeye-estuary_surface,koeye estuary,seagrass,2018-06-19,NA,2018,surface,1,edna_ko_e3_00,surface,biological,15.9,15.84,7.95,NA,NA,NA,2.2,980,0,51.77950168,-127.8716413,sand,NA,NA,NA,seagrass,zostera,seagrass_sand,zostera_sand,100,3.2351099999999996e-158,309,Metazoa,Cnidaria,Scyphozoa,Semaeostomeae,Cyaneidae,Cyanea,0,0,TRUE,ASV1475,2,NA
edna0001,ASV2301,motu1895,Corophiidae,Amphipod,family,1,1,NA,NA,14,27,NA,NA,NA,NA,NA,Corophiidae,Amphipod,2018_koeye-estuary_surface,koeye estuary,seagrass,2018-06-19,NA,2018,surface,1,edna_ko_e3_00,surface,biological,15.9,15.84,7.95,NA,NA,NA,2.2,980,0,51.77950168,-127.8716413,sand,NA,NA,NA,seagrass,zostera,seagrass_sand,zostera_sand,98.72,9.19139e-154,301,Metazoa,Arthropoda,Malacostraca,Amphipoda,Corophiidae,NA,0,0,TRUE,ASV2301,1,NA
edna0001,ASV1048,motu285,Paracalanus,Calanoid copepod,genus,1,1,1,NA,4,15,9,NA,NA,NA,NA,Paracalanus parvus parvus,Calanoid copepod,2018_koeye-estuary_surface,koeye estuary,seagrass,2018-06-19,NA,2018,surface,1,edna_ko_e3_00,surface,biological,15.9,15.84,7.95,NA,NA,NA,2.2,980,0,51.77950168,-127.8716413,sand,NA,NA,NA,seagrass,zostera,seagrass_sand,zostera_sand,99.67,1.14177e-152,299,Metazoa,Arthropoda,Arthropoda,Calanoida,Paracalanidae,Paracalanus,0,0,TRUE,ASV324,6,NA
edna0001,ASV1329,motu1124,Littorina scutulata,Checkered periwinkle,species,1,1,1,NA,8,8,5,NA,NA,NA,NA,Littorina scutulata,Checkered periwinkle,2018_koeye-estuary_surface,koeye estuary,seagrass,2018-06-19,NA,2018,surface,1,edna_ko_e3_00,surface,biological,15.9,15.84,7.95,NA,NA,NA,2.2,980,0,51.77950168,-127.8716413,sand,NA,NA,NA,seagrass,zostera,seagrass_sand,zostera_sand,100,1.96163e-160,313,Metazoa,Mollusca,Gastropoda,Littorinimorpha,Littorinidae,Littorina,0,0,TRUE,ASV1329,1,Littorina scutulata
edna0001,ASV2147,motu1769,Asteriidae,Sea star,family,1,1,NA,NA,7,17,NA,NA,NA,NA,NA,Asteriidae,Sea star,2018_koeye-estuary_surface,koeye estuary,seagrass,2018-06-19,NA,2018,surface,1,edna_ko_e3_00,surface,biological,15.9,15.84,7.95,NA,NA,NA,2.2,980,0,51.77950168,-127.8716413,sand,NA,NA,NA,seagrass,zostera,seagrass_sand,zostera_sand,100,1.96163e-160,313,Metazoa,Echinodermata,Echinodermata,Forcipulatida,Asteriidae,NA,0,0,TRUE,ASV2147,1,NA
edna0001,ASV1293,motu1094,Asteriidae,Sea star,family,1,1,NA,1,15,24,NA,NA,NA,NA,17,Asteriidae,Sea star,2018_koeye-estuary_surface,koeye estuary,seagrass,2018-06-19,NA,2018,surface,1,edna_ko_e3_00,surface,biological,15.9,15.84,7.95,NA,NA,NA,2.2,980,0,51.77950168,-127.8716413,sand,NA,NA,NA,seagrass,zostera,seagrass_sand,zostera_sand,100,1.96163e-160,313,Metazoa,Echinodermata,Echinodermata,Forcipulatida,Asteriidae,NA,0,0,TRUE,ASV1293,1,NA
edna0001,ASV4004,motu281,Pseudocalanus newmani,Calanoid copepod,species,1,NA,NA,NA,71,NA,NA,NA,NA,NA,NA,Pseudocalanus newmani,Calanoid copepod,2018_koeye-estuary_surface,koeye estuary,seagrass,2018-06-19,NA,2018,surface,1,edna_ko_e3_00,surface,biological,15.9,15.84,7.95,NA,NA,NA,2.2,980,0,51.77950168,-127.8716413,sand,NA,NA,NA,seagrass,zostera,seagrass_sand,zostera_sand,99.36,4.246189999999999e-157,307,Metazoa,Arthropoda,Copepoda,Calanoida,Clausocalanidae,Pseudocalanus,0,0,TRUE,ASV320,6,Pseudocalanus newmani
edna0001,ASV2648,motu2150,Balanus glandula,Acorn barnacle,species,1,1,NA,NA,67,127,NA,NA,NA,NA,NA,Balanus glandula,Acorn barnacle,2018_koeye-estuary_surface,koeye estuary,seagrass,2018-06-19,NA,2018,surface,1,edna_ko_e3_00,surface,biological,15.9,15.84,7.95,NA,NA,NA,2.2,980,0,51.77950168,-127.8716413,sand,NA,NA,NA,seagrass,zostera,seagrass_sand,zostera_sand,99.01,1.932129999999999e-150,295,Metazoa,Arthropoda,Thecostraca,Balanomorpha,Balanidae,Balanus,0,0,TRUE,ASV2648,1,Balanus glandula
edna0001,ASV2829,motu2290,Balanus glandula,Acorn barnacle,species,1,1,NA,NA,65,101,NA,NA,NA,NA,NA,Balanus glandula,Acorn barnacle,2018_koeye-estuary_surface,koeye estuary,seagrass,2018-06-19,NA,2018,surface,1,edna_ko_e3_00,surface,biological,15.9,15.84,7.95,NA,NA,NA,2.2,980,0,51.77950168,-127.8716413,sand,NA,NA,NA,seagrass,zostera,seagrass_sand,zostera_sand,99.01,1.932129999999999e-150,295,Metazoa,Arthropoda,Thecostraca,Balanomorpha,Balanidae,Balanus,0,0,TRUE,ASV2829,1,Balanus glandula
edna0001,ASV3450,motu2738,Chironomidae,Hexapod,family,1,1,1,NA,12,30,16,NA,NA,NA,NA,Chironomidae,Hexapod,2018_koeye-estuary_surface,koeye estuary,seagrass,2018-06-19,NA,2018,surface,1,edna_ko_e3_00,surface,biological,15.9,15.84,7.95,NA,NA,NA,2.2,980,0,51.77950168,-127.8716413,sand,NA,NA,NA,seagrass,zostera,seagrass_sand,zostera_sand,90.91,1.12845e-8,40,Metazoa,Arthropoda,Arthropoda,Diptera,Chironomidae,NA,NA,NA,TRUE,ASV3450,1,NA
edna0001,ASV4145,motu3250,Chalcidoidea,Hexapod,family,1,1,1,NA,6,13,6,NA,NA,NA,NA,Chalcidoidea,Hexapod,2018_koeye-estuary_surface,koeye estuary,seagrass,2018-06-19,NA,2018,surface,1,edna_ko_e3_00,surface,biological,15.9,15.84,7.95,NA,NA,NA,2.2,980,0,51.77950168,-127.8716413,sand,NA,NA,NA,seagrass,zostera,seagrass_sand,zostera_sand,91.49,6.71796e-6,35,Metazoa,Arthropoda,Arthropoda,Hymenoptera,Chalcidoidea,NA,NA,NA,TRUE,ASV4145,1,NA
edna0001,ASV6854,motu5331,Littorina sitkana,Sitka periwinkle,species,1,NA,NA,NA,4,NA,NA,NA,NA,NA,NA,Littorina sitkana,Sitka periwinkle,2018_koeye-estuary_surface,koeye estuary,seagrass,2018-06-19,NA,2018,surface,1,edna_ko_e3_00,surface,biological,15.9,15.84,7.95,NA,NA,NA,2.2,980,0,51.77950168,-127.8716413,sand,NA,NA,NA,seagrass,zostera,seagrass_sand,zostera_sand,100,1.47839e-151,297,Metazoa,Mollusca,Gastropoda,Littorinimorpha,Littorinidae,Littorina,0,0,TRUE,ASV6854,1,Littorina sitkana
edna0001,ASV5087,motu3917,Euryalidae,Brittle star species,family,1,1,NA,NA,11,19,NA,NA,NA,NA,NA,Euryalidae,Brittle star species,2018_koeye-estuary_surface,koeye estuary,seagrass,2018-06-19,NA,2018,surface,1,edna_ko_e3_00,surface,biological,15.9,15.84,7.95,NA,NA,NA,2.2,980,0,51.77950168,-127.8716413,sand,NA,NA,NA,seagrass,zostera,seagrass_sand,zostera_sand,91.11,8.78538e-5,33,Metazoa,Echinodermata,Echinodermata,Euryalida,Euryalidae,NA,0,0,TRUE,ASV5087,1,NA
edna0001,ASV6861,motu5336,Chalcidoidea,Hexapod,family,1,NA,NA,NA,11,NA,NA,NA,NA,NA,NA,Chalcidoidea,Hexapod,2018_koeye-estuary_surface,koeye estuary,seagrass,2018-06-19,NA,2018,surface,1,edna_ko_e3_00,surface,biological,15.9,15.84,7.95,NA,NA,NA,2.2,980,0,51.77950168,-127.8716413,sand,NA,NA,NA,seagrass,zostera,seagrass_sand,zostera_sand,92,1.47301e-7,38,Metazoa,Arthropoda,Arthropoda,Hymenoptera,Chalcidoidea,NA,NA,NA,TRUE,ASV6861,1,NA
edna0001,ASV3699,motu2922,Lottia,Limpet,genus,1,1,NA,1,2,12,NA,11,NA,NA,NA,Lottia,Limpet,2018_koeye-estuary_surface,koeye estuary,seagrass,2018-06-19,NA,2018,surface,1,edna_ko_e3_00,surface,biological,15.9,15.84,7.95,NA,NA,NA,2.2,980,0,51.77950168,-127.8716413,sand,NA,NA,NA,seagrass,zostera,seagrass_sand,zostera_sand,100,0.0528743,28,Metazoa,Mollusca,Mollusca,NA,Lottiidae,Lottia,0,0,TRUE,ASV3699,1,NA
edna0001,ASV4478,motu3484,Euryalidae,Brittle star species,family,1,1,1,NA,6,22,15,NA,NA,NA,NA,Euryalidae,Brittle star species,2018_koeye-estuary_surface,koeye estuary,seagrass,2018-06-19,NA,2018,surface,1,edna_ko_e3_00,surface,biological,15.9,15.84,7.95,NA,NA,NA,2.2,980,0,51.77950168,-127.8716413,sand,NA,NA,NA,seagrass,zostera,seagrass_sand,zostera_sand,91.11,8.78538e-5,33,Metazoa,Echinodermata,Echinodermata,Euryalida,Euryalidae,NA,0,0,TRUE,ASV4478,1,NA
edna0001,ASV6984,motu5434,Chrysomeloidea,Hexapod,family,1,NA,NA,NA,10,NA,NA,NA,NA,NA,NA,Chrysomeloidea,Hexapod,2018_koeye-estuary_surface,koeye estuary,seagrass,2018-06-19,NA,2018,surface,1,edna_ko_e3_00,surface,biological,15.9,15.84,7.95,NA,NA,NA,2.2,980,0,51.77950168,-127.8716413,sand,NA,NA,NA,seagrass,zostera,seagrass_sand,zostera_sand,94.59,0.00109238,31,Metazoa,Arthropoda,Arthropoda,Coleoptera,Chrysomeloidea,NA,NA,NA,TRUE,ASV6984,1,NA
edna0001,ASV5491,motu4210,Chrysomeloidea,Hexapod,family,1,1,NA,NA,2,4,NA,NA,NA,NA,NA,Chrysomeloidea,Hexapod,2018_koeye-estuary_surface,koeye estuary,seagrass,2018-06-19,NA,2018,surface,1,edna_ko_e3_00,surface,biological,15.9,15.84,7.95,NA,NA,NA,2.2,980,0,51.77950168,-127.8716413,sand,NA,NA,NA,seagrass,zostera,seagrass_sand,zostera_sand,91.38,2.42544e-10,43,Metazoa,Arthropoda,Arthropoda,Coleoptera,Chrysomeloidea,NA,NA,NA,TRUE,ASV5491,1,NA
edna0155,ASV25,motu22,Acartia (Acartiura) longiremis,Calanoid copepod,species,1,1,1,1,33,85,45,106,93,NA,86,Acartia (Acartiura) longiremis,Calanoid copepod,2018_choked-grid_surface,choked grid,seagrass_grid,2018-08-24,NA,2018,surface,8,choked_grid_c2,grid,biological,11.9,31.57,7.97,10.1,32.97,7.87,7.2,1000,0,51.67445536,-128.1197971,sand,NA,NA,NA,seagrass,zostera,seagrass_sand,zostera_sand,100,1.96163e-160,313,Metazoa,Arthropoda,Copepoda,Calanoida,Acartiidae,Acartia,0,0,TRUE,ASV25,27,Acartia (Acartiura) longiremis
edna0155,ASV81,motu71,Acartia (Acartiura) longiremis,Calanoid copepod,species,1,1,NA,NA,35,65,NA,NA,NA,NA,NA,Acartia (Acartiura) longiremis,Calanoid copepod,2018_choked-grid_surface,choked grid,seagrass_grid,2018-08-24,NA,2018,surface,8,choked_grid_c2,grid,biological,11.9,31.57,7.97,10.1,32.97,7.87,7.2,1000,0,51.67445536,-128.1197971,sand,NA,NA,NA,seagrass,zostera,seagrass_sand,zostera_sand,100,1.96163e-160,313,Metazoa,Arthropoda,Copepoda,Calanoida,Acartiidae,Acartia,0,0,TRUE,ASV81,23,Acartia (Acartiura) longiremis
edna0155,ASV258,motu228,Lensia,Siphonophore,genus,1,1,NA,NA,10,8,NA,NA,NA,NA,NA,Lensia,Siphonophore,2018_choked-grid_surface,choked grid,seagrass_grid,2018-08-24,NA,2018,surface,8,choked_grid_c2,grid,biological,11.9,31.57,7.97,10.1,32.97,7.87,7.2,1000,0,51.67445536,-128.1197971,sand,NA,NA,NA,seagrass,zostera,seagrass_sand,zostera_sand,100,0.00408744,30,Metazoa,Cnidaria,Cnidaria,Siphonophorae,Diphyidae,Lensia,0,0,TRUE,ASV258,1,NA
edna0155,ASV118,motu105,Mesocentrotus franciscanus,Red sea urchin,species,1,NA,1,1,59,NA,69,NA,NA,NA,115,Mesocentrotus franciscanus,Red sea urchin,2018_choked-grid_surface,choked grid,seagrass_grid,2018-08-24,NA,2018,surface,8,choked_grid_c2,grid,biological,11.9,31.57,7.97,10.1,32.97,7.87,7.2,1000,0,51.67445536,-128.1197971,sand,NA,NA,NA,seagrass,zostera,seagrass_sand,zostera_sand,100,2.51921e-159,311,Metazoa,Echinodermata,Echinoidea,Camarodonta,Strongylocentrotidae,Mesocentrotus,0,0,TRUE,ASV118,8,Mesocentrotus franciscanus
edna0155,ASV132,motu118,Mesocentrotus franciscanus,Red sea urchin,species,1,1,NA,1,57,124,NA,NA,NA,NA,110,Mesocentrotus franciscanus,Red sea urchin,2018_choked-grid_surface,choked grid,seagrass_grid,2018-08-24,NA,2018,surface,8,choked_grid_c2,grid,biological,11.9,31.57,7.97,10.1,32.97,7.87,7.2,1000,0,51.67445536,-128.1197971,sand,NA,NA,NA,seagrass,zostera,seagrass_sand,zostera_sand,100,2.51921e-159,311,Metazoa,Echinodermata,Echinoidea,Camarodonta,Strongylocentrotidae,Mesocentrotus,0,0,TRUE,ASV132,8,Mesocentrotus franciscanus
edna0155,ASV205,motu181,Pseudocalanus mimus,Calanoid copepod,species,1,NA,NA,1,8,NA,NA,10,13,NA,9,Pseudocalanus mimus,Calanoid copepod,2018_choked-grid_surface,choked grid,seagrass_grid,2018-08-24,NA,2018,surface,8,choked_grid_c2,grid,biological,11.9,31.57,7.97,10.1,32.97,7.87,7.2,1000,0,51.67445536,-128.1197971,sand,NA,NA,NA,seagrass,zostera,seagrass_sand,zostera_sand,100,1.18898e-152,299,Metazoa,Arthropoda,Copepoda,Calanoida,Clausocalanidae,Pseudocalanus,0,0,TRUE,ASV205,8,Pseudocalanus mimus
edna0155,ASV416,motu366,Pseudocalanus mimus,Calanoid copepod,species,1,NA,NA,NA,12,NA,NA,NA,NA,NA,NA,Pseudocalanus mimus,Calanoid copepod,2018_choked-grid_surface,choked grid,seagrass_grid,2018-08-24,NA,2018,surface,8,choked_grid_c2,grid,biological,11.9,31.57,7.97,10.1,32.97,7.87,7.2,1000,0,51.67445536,-128.1197971,sand,NA,NA,NA,seagrass,zostera,seagrass_sand,zostera_sand,100,1.18898e-152,299,Metazoa,Arthropoda,Copepoda,Calanoida,Clausocalanidae,Pseudocalanus,0,0,TRUE,ASV416,7,Pseudocalanus mimus
edna0155,ASV1492,motu1259,Membranipora membranacea,Coffin box bryozoan,species,1,NA,NA,NA,14,NA,NA,NA,NA,NA,NA,Membranipora membranacea,Coffin box bryozoan,2018_choked-grid_surface,choked grid,seagrass_grid,2018-08-24,NA,2018,surface,8,choked_grid_c2,grid,biological,11.9,31.57,7.97,10.1,32.97,7.87,7.2,1000,0,51.67445536,-128.1197971,sand,NA,NA,NA,seagrass,zostera,seagrass_sand,zostera_sand,100,9.252979999999995e-139,274,Metazoa,Bryozoa,Gymnolaemata,Cheilostomatida,Membraniporidae,Membranipora,0,0,TRUE,ASV1492,2,Membranipora membranacea
edna0155,ASV2364,motu1940,Membranipora membranacea,Coffin box bryozoan,species,1,1,NA,NA,13,17,NA,NA,NA,NA,NA,Membranipora membranacea,Coffin box bryozoan,2018_choked-grid_surface,choked grid,seagrass_grid,2018-08-24,NA,2018,surface,8,choked_grid_c2,grid,biological,11.9,31.57,7.97,10.1,32.97,7.87,7.2,1000,0,51.67445536,-128.1197971,sand,NA,NA,NA,seagrass,zostera,seagrass_sand,zostera_sand,100,9.252979999999995e-139,274,Metazoa,Bryozoa,Gymnolaemata,Cheilostomatida,Membraniporidae,Membranipora,0,0,TRUE,ASV2364,1,Membranipora membranacea
edna0155,ASV2224,motu1833,Saxidomus gigantea,Butter clam,species,1,1,1,1,36,50,37,54,NA,NA,42,Saxidomus gigantea,Butter clam,2018_choked-grid_surface,choked grid,seagrass_grid,2018-08-24,NA,2018,surface,8,choked_grid_c2,grid,biological,11.9,31.57,7.97,10.1,32.97,7.87,7.2,1000,0,51.67445536,-128.1197971,sand,NA,NA,NA,seagrass,zostera,seagrass_sand,zostera_sand,99.36,4.246189999999999e-157,307,Metazoa,Mollusca,Mollusca,Venerida,Veneridae,Saxidomus,0,0,TRUE,ASV2224,1,Saxidomus gigantea
edna0155,ASV2643,motu2145,Manania handi,Stalked jellyfish,species,1,NA,NA,1,3,NA,NA,NA,9,NA,NA,Manania handi,Stalked jellyfish,2018_choked-grid_surface,choked grid,seagrass_grid,2018-08-24,NA,2018,surface,8,choked_grid_c2,grid,biological,11.9,31.57,7.97,10.1,32.97,7.87,7.2,1000,0,51.67445536,-128.1197971,sand,NA,NA,NA,seagrass,zostera,seagrass_sand,zostera_sand,100,3.2351099999999996e-158,309,Metazoa,Cnidaria,Cnidaria,Stauromedusae,Haliclystidae,Manania,0,0,TRUE,ASV2643,1,Manania handi
edna0155,ASV3868,motu3037,Saxidomus gigantea,Butter clam,species,1,1,NA,NA,21,37,NA,NA,NA,NA,NA,Saxidomus gigantea,Butter clam,2018_choked-grid_surface,choked grid,seagrass_grid,2018-08-24,NA,2018,surface,8,choked_grid_c2,grid,biological,11.9,31.57,7.97,10.1,32.97,7.87,7.2,1000,0,51.67445536,-128.1197971,sand,NA,NA,NA,seagrass,zostera,seagrass_sand,zostera_sand,99.36,4.246189999999999e-157,307,Metazoa,Mollusca,Mollusca,Venerida,Veneridae,Saxidomus,0,0,TRUE,ASV3868,1,Saxidomus gigantea
edna0156,ASV25,motu22,Acartia (Acartiura) longiremis,Calanoid copepod,species,1,1,1,1,35,84,31,77,90,NA,60,Acartia (Acartiura) longiremis,Calanoid copepod,2018_choked-grid_surface,choked grid,seagrass_grid,2018-08-24,NA,2018,surface,9,choked_grid_c3,grid,biological,NA,NA,NA,NA,NA,NA,7.4,1000,0,51.67445536,-128.1193599,sand,NA,NA,NA,seagrass,zostera,seagrass_sand,zostera_sand,100,1.96163e-160,313,Metazoa,Arthropoda,Copepoda,Calanoida,Acartiidae,Acartia,0,0,TRUE,ASV25,27,Acartia (Acartiura) longiremis
edna0156,ASV81,motu71,Acartia (Acartiura) longiremis,Calanoid copepod,species,1,1,NA,NA,38,84,NA,NA,NA,NA,NA,Acartia (Acartiura) longiremis,Calanoid copepod,2018_choked-grid_surface,choked grid,seagrass_grid,2018-08-24,NA,2018,surface,9,choked_grid_c3,grid,biological,NA,NA,NA,NA,NA,NA,7.4,1000,0,51.67445536,-128.1193599,sand,NA,NA,NA,seagrass,zostera,seagrass_sand,zostera_sand,100,1.96163e-160,313,Metazoa,Arthropoda,Copepoda,Calanoida,Acartiidae,Acartia,0,0,TRUE,ASV81,23,Acartia (Acartiura) longiremis
edna0156,ASV34,motu31,Centropages abdominalis,Calanoid copepod,species,1,1,1,1,8,19,11,26,15,NA,19,Centropages abdominalis,Calanoid copepod,2018_choked-grid_surface,choked grid,seagrass_grid,2018-08-24,NA,2018,surface,9,choked_grid_c3,grid,biological,NA,NA,NA,NA,NA,NA,7.4,1000,0,51.67445536,-128.1193599,sand,NA,NA,NA,seagrass,zostera,seagrass_sand,zostera_sand,100,1.96163e-160,313,Metazoa,Arthropoda,Copepoda,Calanoida,Centropagidae,Centropages,0,0,TRUE,ASV34,19,Centropages abdominalis
edna0156,ASV143,motu128,Centropages abdominalis,Calanoid copepod,species,1,1,NA,NA,4,14,NA,NA,NA,NA,NA,Centropages abdominalis,Calanoid copepod,2018_choked-grid_surface,choked grid,seagrass_grid,2018-08-24,NA,2018,surface,9,choked_grid_c3,grid,biological,NA,NA,NA,NA,NA,NA,7.4,1000,0,51.67445536,-128.1193599,sand,NA,NA,NA,seagrass,zostera,seagrass_sand,zostera_sand,100,1.96163e-160,313,Metazoa,Arthropoda,Copepoda,Calanoida,Centropagidae,Centropages,0,0,TRUE,ASV143,11,Centropages abdominalis
edna0156,ASV258,motu228,Lensia,Siphonophore,genus,1,1,NA,NA,9,26,NA,NA,NA,NA,NA,Lensia,Siphonophore,2018_choked-grid_surface,choked grid,seagrass_grid,2018-08-24,NA,2018,surface,9,choked_grid_c3,grid,biological,NA,NA,NA,NA,NA,NA,7.4,1000,0,51.67445536,-128.1193599,sand,NA,NA,NA,seagrass,zostera,seagrass_sand,zostera_sand,100,0.00408744,30,Metazoa,Cnidaria,Cnidaria,Siphonophorae,Diphyidae,Lensia,0,0,TRUE,ASV258,1,NA
edna0156,ASV131,motu117,Lensia,Siphonophore,genus,1,1,NA,NA,14,31,NA,NA,NA,NA,NA,Lensia,Siphonophore,2018_choked-grid_surface,choked grid,seagrass_grid,2018-08-24,NA,2018,surface,9,choked_grid_c3,grid,biological,NA,NA,NA,NA,NA,NA,7.4,1000,0,51.67445536,-128.1193599,sand,NA,NA,NA,seagrass,zostera,seagrass_sand,zostera_sand,100,0.00408744,30,Metazoa,Cnidaria,Cnidaria,Siphonophorae,Diphyidae,Lensia,0,0,TRUE,ASV131,2,NA
edna0156,ASV226,motu199,Mytilus trossulus,Bay mussel,species,1,1,1,1,7,13,8,4,15,NA,NA,Mytilus trossulus,Bay mussel,2018_choked-grid_surface,choked grid,seagrass_grid,2018-08-24,NA,2018,surface,9,choked_grid_c3,grid,biological,NA,NA,NA,NA,NA,NA,7.4,1000,0,51.67445536,-128.1193599,sand,NA,NA,NA,seagrass,zostera,seagrass_sand,zostera_sand,100,3.2351099999999996e-158,309,Metazoa,Mollusca,Mollusca,Mytilida,Mytilidae,Mytilus,0,0,TRUE,ASV226,18,Mytilus trossulus
edna0156,ASV536,motu470,Paracalanus parvus parvus,Calanoid copepod,species,1,NA,NA,1,2,NA,NA,NA,NA,NA,8,Paracalanus parvus parvus,Calanoid copepod,2018_choked-grid_surface,choked grid,seagrass_grid,2018-08-24,NA,2018,surface,9,choked_grid_c3,grid,biological,NA,NA,NA,NA,NA,NA,7.4,1000,0,51.67445536,-128.1193599,sand,NA,NA,NA,seagrass,zostera,seagrass_sand,zostera_sand,100,1.17454e-132,263,Metazoa,Arthropoda,Copepoda,Calanoida,Paracalanidae,Paracalanus,0,0,TRUE,ASV536,6,Paracalanus parvus parvus
edna0156,ASV2364,motu1940,Membranipora membranacea,Coffin box bryozoan,species,1,1,NA,NA,20,32,NA,NA,NA,NA,NA,Membranipora membranacea,Coffin box bryozoan,2018_choked-grid_surface,choked grid,seagrass_grid,2018-08-24,NA,2018,surface,9,choked_grid_c3,grid,biological,NA,NA,NA,NA,NA,NA,7.4,1000,0,51.67445536,-128.1193599,sand,NA,NA,NA,seagrass,zostera,seagrass_sand,zostera_sand,100,9.252979999999995e-139,274,Metazoa,Bryozoa,Gymnolaemata,Cheilostomatida,Membraniporidae,Membranipora,0,0,TRUE,ASV2364,1,Membranipora membranacea
edna0156,ASV947,motu824,Synchaeta baltica,Rotifer,species,1,1,1,1,28,45,17,13,62,NA,51,Synchaeta baltica,Rotifer,2018_choked-grid_surface,choked grid,seagrass_grid,2018-08-24,NA,2018,surface,9,choked_grid_c3,grid,biological,NA,NA,NA,NA,NA,NA,7.4,1000,0,51.67445536,-128.1193599,sand,NA,NA,NA,seagrass,zostera,seagrass_sand,zostera_sand,91.08,2.73364e-114,230,Metazoa,Rotifera,Eurotatoria,Ploima,Synchaetidae,Synchaeta,0,0,TRUE,ASV947,1,Synchaeta baltica
edna0156,ASV2031,motu1681,Membranipora membranacea,Coffin box bryozoan,species,1,1,NA,1,15,20,NA,NA,NA,NA,34,Membranipora membranacea,Coffin box bryozoan,2018_choked-grid_surface,choked grid,seagrass_grid,2018-08-24,NA,2018,surface,9,choked_grid_c3,grid,biological,NA,NA,NA,NA,NA,NA,7.4,1000,0,51.67445536,-128.1193599,sand,NA,NA,NA,seagrass,zostera,seagrass_sand,zostera_sand,100,9.252979999999995e-139,274,Metazoa,Bryozoa,Gymnolaemata,Cheilostomatida,Membraniporidae,Membranipora,0,0,TRUE,ASV2031,1,Membranipora membranacea
edna0156,ASV2228,motu1836,Saxidomus nuttalli,California butterclam,species,1,NA,NA,NA,2,NA,NA,NA,NA,NA,NA,Saxidomus nuttalli,California butterclam,2018_choked-grid_surface,choked grid,seagrass_grid,2018-08-24,NA,2018,surface,9,choked_grid_c3,grid,biological,NA,NA,NA,NA,NA,NA,7.4,1000,0,51.67445536,-128.1193599,sand,NA,NA,NA,seagrass,zostera,seagrass_sand,zostera_sand,99.68,4.246189999999999e-157,307,Metazoa,Mollusca,Bivalvia,Venerida,Veneridae,Saxidomus,0,0,TRUE,ASV2228,1,Saxidomus nuttalli
edna0156,ASV932,motu810,Synchaeta baltica,Rotifer,species,1,1,1,1,21,41,21,16,61,NA,54,Synchaeta baltica,Rotifer,2018_choked-grid_surface,choked grid,seagrass_grid,2018-08-24,NA,2018,surface,9,choked_grid_c3,grid,biological,NA,NA,NA,NA,NA,NA,7.4,1000,0,51.67445536,-128.1193599,sand,NA,NA,NA,seagrass,zostera,seagrass_sand,zostera_sand,91.08,2.73364e-114,230,Metazoa,Rotifera,Eurotatoria,Ploima,Synchaetidae,Synchaeta,0,0,TRUE,ASV932,1,Synchaeta baltica
edna0156,ASV2643,motu2145,Manania handi,Stalked jellyfish,species,1,NA,NA,NA,3,NA,NA,NA,NA,NA,NA,Manania handi,Stalked jellyfish,2018_choked-grid_surface,choked grid,seagrass_grid,2018-08-24,NA,2018,surface,9,choked_grid_c3,grid,biological,NA,NA,NA,NA,NA,NA,7.4,1000,0,51.67445536,-128.1193599,sand,NA,NA,NA,seagrass,zostera,seagrass_sand,zostera_sand,100,3.2351099999999996e-158,309,Metazoa,Cnidaria,Cnidaria,Stauromedusae,Haliclystidae,Manania,0,0,TRUE,ASV2643,1,Manania handi
edna0156,ASV4875,motu3770,Leukoma staminea,Pacific littleneck clam,species,1,1,NA,NA,6,6,NA,NA,NA,NA,NA,Leukoma staminea,Pacific littleneck clam,2018_choked-grid_surface,choked grid,seagrass_grid,2018-08-24,NA,2018,surface,9,choked_grid_c3,grid,biological,NA,NA,NA,NA,NA,NA,7.4,1000,0,51.67445536,-128.1193599,sand,NA,NA,NA,seagrass,zostera,seagrass_sand,zostera_sand,100,1.54896e-146,288,Metazoa,Mollusca,Bivalvia,Venerida,Veneridae,Leukoma,0,0,TRUE,ASV4875,1,Leukoma staminea
edna0156,ASV2326,motu1914,Membraniporidae,Bryozoan,family,1,1,NA,1,6,10,NA,10,17,NA,NA,Membraniporidae,Bryozoan,2018_choked-grid_surface,choked grid,seagrass_grid,2018-08-24,NA,2018,surface,9,choked_grid_c3,grid,biological,NA,NA,NA,NA,NA,NA,7.4,1000,0,51.67445536,-128.1193599,sand,NA,NA,NA,seagrass,zostera,seagrass_sand,zostera_sand,90.95,6.1511e-76,161,Metazoa,Bryozoa,Bryozoa,Cheilostomatida,Membraniporidae,NA,0,0,TRUE,ASV2326,1,NA
edna0156,ASV5085,motu3915,Leukoma staminea,Pacific littleneck clam,species,1,1,NA,NA,3,5,NA,NA,NA,NA,NA,Leukoma staminea,Pacific littleneck clam,2018_choked-grid_surface,choked grid,seagrass_grid,2018-08-24,NA,2018,surface,9,choked_grid_c3,grid,biological,NA,NA,NA,NA,NA,NA,7.4,1000,0,51.67445536,-128.1193599,sand,NA,NA,NA,seagrass,zostera,seagrass_sand,zostera_sand,100,1.54896e-146,288,Metazoa,Mollusca,Bivalvia,Venerida,Veneridae,Leukoma,0,0,TRUE,ASV5085,1,Leukoma staminea
edna0156,ASV2930,motu2362,Chaetognatha,Arrow worm,phylum,1,NA,NA,NA,8,NA,NA,NA,NA,NA,NA,Chaetognatha,Arrow worm,2018_choked-grid_surface,choked grid,seagrass_grid,2018-08-24,NA,2018,surface,9,choked_grid_c3,grid,biological,NA,NA,NA,NA,NA,NA,7.4,1000,0,51.67445536,-128.1193599,sand,NA,NA,NA,seagrass,zostera,seagrass_sand,zostera_sand,98.01,1.6078299999999998e-91,189,Metazoa,Chaetognatha,NA,NA,NA,NA,0,0,TRUE,ASV2930,1,NA
edna0156,ASV3534,motu2809,Polypogon,Hexapod,genus,1,NA,NA,NA,3,NA,NA,NA,NA,NA,NA,Polypogon,Hexapod,2018_choked-grid_surface,choked grid,seagrass_grid,2018-08-24,NA,2018,surface,9,choked_grid_c3,grid,biological,NA,NA,NA,NA,NA,NA,7.4,1000,0,51.67445536,-128.1193599,sand,NA,NA,NA,seagrass,zostera,seagrass_sand,zostera_sand,95.12,6.79151e-6,35,Metazoa,Arthropoda,Arthropoda,Lepidoptera,Noctuoidea,Polypogon,NA,NA,TRUE,ASV3534,1,NA
edna0157,ASV258,motu228,Lensia,Siphonophore,genus,1,1,NA,NA,10,24,NA,NA,NA,NA,NA,Lensia,Siphonophore,2018_choked-grid_surface,choked grid,seagrass_grid,2018-08-24,NA,2018,surface,10,choked_grid_d1,grid,biological,NA,NA,NA,NA,NA,NA,7.8,1000,0,51.67418423,-128.1202236,sand,NA,NA,NA,seagrass,zostera,seagrass_sand,zostera_sand,100,0.00408744,30,Metazoa,Cnidaria,Cnidaria,Siphonophorae,Diphyidae,Lensia,0,0,TRUE,ASV258,1,NA
edna0157,ASV467,motu412,Saxidomus,Washington clam species,genus,1,1,1,1,16,26,21,NA,NA,NA,139,Saxidomus,Washington clam species,2018_choked-grid_surface,choked grid,seagrass_grid,2018-08-24,NA,2018,surface,10,choked_grid_d1,grid,biological,NA,NA,NA,NA,NA,NA,7.8,1000,0,51.67418423,-128.1202236,sand,NA,NA,NA,seagrass,zostera,seagrass_sand,zostera_sand,100,1.96163e-160,313,Metazoa,Mollusca,Mollusca,Venerida,Veneridae,Saxidomus,0,0,TRUE,ASV467,12,NA
edna0157,ASV860,motu748,Saxidomus,Washington clam species,genus,1,1,NA,NA,12,30,NA,NA,NA,NA,NA,Saxidomus,Washington clam species,2018_choked-grid_surface,choked grid,seagrass_grid,2018-08-24,NA,2018,surface,10,choked_grid_d1,grid,biological,NA,NA,NA,NA,NA,NA,7.8,1000,0,51.67418423,-128.1202236,sand,NA,NA,NA,seagrass,zostera,seagrass_sand,zostera_sand,100,1.96163e-160,313,Metazoa,Mollusca,Mollusca,Venerida,Veneridae,Saxidomus,0,0,TRUE,ASV860,4,NA
edna0157,ASV2147,motu1769,Asteriidae,Sea star,family,1,NA,NA,NA,2,NA,NA,NA,NA,NA,NA,Asteriidae,Sea star,2018_choked-grid_surface,choked grid,seagrass_grid,2018-08-24,NA,2018,surface,10,choked_grid_d1,grid,biological,NA,NA,NA,NA,NA,NA,7.8,1000,0,51.67418423,-128.1202236,sand,NA,NA,NA,seagrass,zostera,seagrass_sand,zostera_sand,100,1.96163e-160,313,Metazoa,Echinodermata,Echinodermata,Forcipulatida,Asteriidae,NA,0,0,TRUE,ASV2147,1,NA
edna0157,ASV1293,motu1094,Asteriidae,Sea star,family,1,NA,NA,1,2,NA,NA,NA,NA,NA,9,Asteriidae,Sea star,2018_choked-grid_surface,choked grid,seagrass_grid,2018-08-24,NA,2018,surface,10,choked_grid_d1,grid,biological,NA,NA,NA,NA,NA,NA,7.8,1000,0,51.67418423,-128.1202236,sand,NA,NA,NA,seagrass,zostera,seagrass_sand,zostera_sand,100,1.96163e-160,313,Metazoa,Echinodermata,Echinodermata,Forcipulatida,Asteriidae,NA,0,0,TRUE,ASV1293,1,NA
edna0157,ASV2881,motu2328,Coleoptera,Hexapod,order,1,NA,NA,NA,3,NA,NA,NA,NA,NA,NA,Coleoptera,Hexapod,2018_choked-grid_surface,choked grid,seagrass_grid,2018-08-24,NA,2018,surface,10,choked_grid_d1,grid,biological,NA,NA,NA,NA,NA,NA,7.8,1000,0,51.67418423,-128.1202236,sand,NA,NA,NA,seagrass,zostera,seagrass_sand,zostera_sand,100,0.00110774,31,Metazoa,Arthropoda,Arthropoda,Coleoptera,NA,NA,NA,NA,TRUE,ASV2881,1,NA
edna0157,ASV3532,motu2807,Pachylaelapidae,Mite,genus,1,1,NA,1,2,3,NA,NA,NA,NA,6,Pachylaelapidae,Mite,2018_choked-grid_surface,choked grid,seagrass_grid,2018-08-24,NA,2018,surface,10,choked_grid_d1,grid,biological,NA,NA,NA,NA,NA,NA,7.8,1000,0,51.67418423,-128.1202236,sand,NA,NA,NA,seagrass,zostera,seagrass_sand,zostera_sand,100,0.00408744,30,Metazoa,Arthropoda,Arthropoda,Mesostigmata,NA,Pachylaelapidae,NA,NA,TRUE,ASV3532,1,NA
edna0158,ASV258,motu228,Lensia,Siphonophore,genus,1,1,NA,NA,22,41,NA,NA,NA,NA,NA,Lensia,Siphonophore,2018_choked-grid_surface,choked grid,seagrass_grid,2018-08-24,NA,2018,surface,11,choked_grid_d2,grid,biological,11.2,32.02,7.93,10.1,32.95,7.87,7.7,1000,0,51.67418091,-128.1197998,sand,NA,NA,NA,seagrass,zostera,seagrass_sand,zostera_sand,100,0.00408744,30,Metazoa,Cnidaria,Cnidaria,Siphonophorae,Diphyidae,Lensia,0,0,TRUE,ASV258,1,NA
edna0158,ASV131,motu117,Lensia,Siphonophore,genus,1,1,1,1,18,54,29,NA,NA,NA,71,Lensia,Siphonophore,2018_choked-grid_surface,choked grid,seagrass_grid,2018-08-24,NA,2018,surface,11,choked_grid_d2,grid,biological,11.2,32.02,7.93,10.1,32.95,7.87,7.7,1000,0,51.67418091,-128.1197998,sand,NA,NA,NA,seagrass,zostera,seagrass_sand,zostera_sand,100,0.00408744,30,Metazoa,Cnidaria,Cnidaria,Siphonophorae,Diphyidae,Lensia,0,0,TRUE,ASV131,2,NA
edna0158,ASV233,motu74,Euchlanidae,Rotifer,family,1,NA,NA,NA,12,NA,NA,NA,NA,NA,NA,No Results,No Results,2018_choked-grid_surface,choked grid,seagrass_grid,2018-08-24,NA,2018,surface,11,choked_grid_d2,grid,biological,11.2,32.02,7.93,10.1,32.95,7.87,7.7,1000,0,51.67418091,-128.1197998,sand,NA,NA,NA,seagrass,zostera,seagrass_sand,zostera_sand,91.35,3.005919999999998e-29,77,Metazoa,Rotifera,Rotifera,Ploima,Euchlanidae,NA,1,NA,TRUE,ASV84,2,NA
edna0158,ASV308,motu270,Synchaeta baltica,Rotifer,species,1,1,1,1,6,18,11,NA,NA,NA,62,Synchaeta baltica,Rotifer,2018_choked-grid_surface,choked grid,seagrass_grid,2018-08-24,NA,2018,surface,11,choked_grid_d2,grid,biological,11.2,32.02,7.93,10.1,32.95,7.87,7.7,1000,0,51.67418091,-128.1197998,sand,NA,NA,NA,seagrass,zostera,seagrass_sand,zostera_sand,90.79,3.5361899999999996e-113,228,Metazoa,Rotifera,Eurotatoria,Ploima,Synchaetidae,Synchaeta,0,0,TRUE,ASV308,3,Synchaeta baltica
edna0158,ASV328,motu288,Synchaeta baltica,Rotifer,species,1,1,NA,1,8,17,NA,NA,NA,NA,58,Synchaeta baltica,Rotifer,2018_choked-grid_surface,choked grid,seagrass_grid,2018-08-24,NA,2018,surface,11,choked_grid_d2,grid,biological,11.2,32.02,7.93,10.1,32.95,7.87,7.7,1000,0,51.67418091,-128.1197998,sand,NA,NA,NA,seagrass,zostera,seagrass_sand,zostera_sand,90.79,3.5361899999999996e-113,228,Metazoa,Rotifera,Eurotatoria,Ploima,Synchaetidae,Synchaeta,0,0,TRUE,ASV328,3,Synchaeta baltica
edna0158,ASV2731,motu2213,Pachylaelapidae,Mite,genus,1,NA,1,1,9,NA,3,NA,NA,NA,11,Pachylaelapidae,Mite,2018_choked-grid_surface,choked grid,seagrass_grid,2018-08-24,NA,2018,surface,11,choked_grid_d2,grid,biological,11.2,32.02,7.93,10.1,32.95,7.87,7.7,1000,0,51.67418091,-128.1197998,sand,NA,NA,NA,seagrass,zostera,seagrass_sand,zostera_sand,100,0.00408744,30,Metazoa,Arthropoda,Arthropoda,Mesostigmata,NA,Pachylaelapidae,NA,NA,TRUE,ASV2731,2,NA
edna0159,ASV258,motu228,Lensia,Siphonophore,genus,1,1,NA,NA,7,17,NA,NA,NA,NA,NA,Lensia,Siphonophore,2018_choked-grid_surface,choked grid,seagrass_grid,2018-08-24,NA,2018,surface,12,choked_grid_d3,grid,biological,NA,NA,NA,NA,NA,NA,7.6,1000,0,51.67418091,-128.1193492,sand,NA,NA,NA,seagrass,zostera,seagrass_sand,zostera_sand,100,0.00408744,30,Metazoa,Cnidaria,Cnidaria,Siphonophorae,Diphyidae,Lensia,0,0,TRUE,ASV258,1,NA
edna0159,ASV226,motu199,Mytilus trossulus,Bay mussel,species,1,1,NA,1,5,9,NA,NA,NA,NA,19,Mytilus trossulus,Bay mussel,2018_choked-grid_surface,choked grid,seagrass_grid,2018-08-24,NA,2018,surface,12,choked_grid_d3,grid,biological,NA,NA,NA,NA,NA,NA,7.6,1000,0,51.67418091,-128.1193492,sand,NA,NA,NA,seagrass,zostera,seagrass_sand,zostera_sand,100,3.2351099999999996e-158,309,Metazoa,Mollusca,Mollusca,Mytilida,Mytilidae,Mytilus,0,0,TRUE,ASV226,18,Mytilus trossulus
edna0159,ASV308,motu270,Synchaeta baltica,Rotifer,species,1,1,1,1,28,54,20,NA,NA,NA,89,Synchaeta baltica,Rotifer,2018_choked-grid_surface,choked grid,seagrass_grid,2018-08-24,NA,2018,surface,12,choked_grid_d3,grid,biological,NA,NA,NA,NA,NA,NA,7.6,1000,0,51.67418091,-128.1193492,sand,NA,NA,NA,seagrass,zostera,seagrass_sand,zostera_sand,90.79,3.5361899999999996e-113,228,Metazoa,Rotifera,Eurotatoria,Ploima,Synchaetidae,Synchaeta,0,0,TRUE,ASV308,3,Synchaeta baltica
edna0159,ASV328,motu288,Synchaeta baltica,Rotifer,species,1,1,1,1,21,58,24,NA,NA,NA,96,Synchaeta baltica,Rotifer,2018_choked-grid_surface,choked grid,seagrass_grid,2018-08-24,NA,2018,surface,12,choked_grid_d3,grid,biological,NA,NA,NA,NA,NA,NA,7.6,1000,0,51.67418091,-128.1193492,sand,NA,NA,NA,seagrass,zostera,seagrass_sand,zostera_sand,90.79,3.5361899999999996e-113,228,Metazoa,Rotifera,Eurotatoria,Ploima,Synchaetidae,Synchaeta,0,0,TRUE,ASV328,3,Synchaeta baltica
edna0159,ASV467,motu412,Saxidomus,Washington clam species,genus,1,1,NA,1,29,46,NA,NA,NA,NA,53,Saxidomus,Washington clam species,2018_choked-grid_surface,choked grid,seagrass_grid,2018-08-24,NA,2018,surface,12,choked_grid_d3,grid,biological,NA,NA,NA,NA,NA,NA,7.6,1000,0,51.67418091,-128.1193492,sand,NA,NA,NA,seagrass,zostera,seagrass_sand,zostera_sand,100,1.96163e-160,313,Metazoa,Mollusca,Mollusca,Venerida,Veneridae,Saxidomus,0,0,TRUE,ASV467,12,NA
edna0159,ASV498,motu441,Clytia gregaria,Gregarious jellyfish,species,1,NA,NA,NA,3,NA,NA,NA,NA,NA,NA,Clytia gregaria,Gregarious jellyfish,2018_choked-grid_surface,choked grid,seagrass_grid,2018-08-24,NA,2018,surface,12,choked_grid_d3,grid,biological,NA,NA,NA,NA,NA,NA,7.6,1000,0,51.67418091,-128.1193492,sand,NA,NA,NA,seagrass,zostera,seagrass_sand,zostera_sand,99.68,9.126599999999999e-159,310,Metazoa,Cnidaria,Hydrozoa,Leptothecata,Campanulariidae,Clytia,0,0,TRUE,ASV498,2,Clytia gregaria
edna0159,ASV860,motu748,Saxidomus,Washington clam species,genus,1,1,NA,NA,32,42,NA,NA,NA,NA,NA,Saxidomus,Washington clam species,2018_choked-grid_surface,choked grid,seagrass_grid,2018-08-24,NA,2018,surface,12,choked_grid_d3,grid,biological,NA,NA,NA,NA,NA,NA,7.6,1000,0,51.67418091,-128.1193492,sand,NA,NA,NA,seagrass,zostera,seagrass_sand,zostera_sand,100,1.96163e-160,313,Metazoa,Mollusca,Mollusca,Venerida,Veneridae,Saxidomus,0,0,TRUE,ASV860,4,NA
edna0159,ASV1492,motu1259,Membranipora membranacea,Coffin box bryozoan,species,1,NA,NA,NA,17,NA,NA,NA,NA,NA,NA,Membranipora membranacea,Coffin box bryozoan,2018_choked-grid_surface,choked grid,seagrass_grid,2018-08-24,NA,2018,surface,12,choked_grid_d3,grid,biological,NA,NA,NA,NA,NA,NA,7.6,1000,0,51.67418091,-128.1193492,sand,NA,NA,NA,seagrass,zostera,seagrass_sand,zostera_sand,100,9.252979999999995e-139,274,Metazoa,Bryozoa,Gymnolaemata,Cheilostomatida,Membraniporidae,Membranipora,0,0,TRUE,ASV1492,2,Membranipora membranacea
edna0159,ASV2364,motu1940,Membranipora membranacea,Coffin box bryozoan,species,1,1,NA,NA,13,27,NA,NA,NA,NA,NA,Membranipora membranacea,Coffin box bryozoan,2018_choked-grid_surface,choked grid,seagrass_grid,2018-08-24,NA,2018,surface,12,choked_grid_d3,grid,biological,NA,NA,NA,NA,NA,NA,7.6,1000,0,51.67418091,-128.1193492,sand,NA,NA,NA,seagrass,zostera,seagrass_sand,zostera_sand,100,9.252979999999995e-139,274,Metazoa,Bryozoa,Gymnolaemata,Cheilostomatida,Membraniporidae,Membranipora,0,0,TRUE,ASV2364,1,Membranipora membranacea
edna0159,ASV2426,motu1978,Paleanotus bellis,Golden petal worm,species,1,1,NA,NA,3,8,NA,NA,NA,NA,NA,Paleanotus bellis,Golden petal worm,2018_choked-grid_surface,choked grid,seagrass_grid,2018-08-24,NA,2018,surface,12,choked_grid_d3,grid,biological,NA,NA,NA,NA,NA,NA,7.6,1000,0,51.67418091,-128.1193492,sand,NA,NA,NA,seagrass,zostera,seagrass_sand,zostera_sand,100,3.2351099999999996e-158,309,Metazoa,Annelida,Polychaeta,Phyllodocida,Chrysopetalidae,Paleanotus,0,0,TRUE,ASV2426,2,Paleanotus bellis
edna0159,ASV2042,motu1692,Synchaeta grimpei,Rotifer,species,1,NA,1,1,6,NA,5,NA,NA,NA,17,Synchaeta grimpei,Rotifer,2018_choked-grid_surface,choked grid,seagrass_grid,2018-08-24,NA,2018,surface,12,choked_grid_d3,grid,biological,NA,NA,NA,NA,NA,NA,7.6,1000,0,51.67418091,-128.1193492,sand,NA,NA,NA,seagrass,zostera,seagrass_sand,zostera_sand,91.45,4.459999999999999e-112,226,Metazoa,Rotifera,Eurotatoria,Ploima,Synchaetidae,Synchaeta,0,0,TRUE,ASV2042,2,Synchaeta grimpei
edna0109,ASV258,motu228,Lensia,Siphonophore,genus,1,1,NA,NA,42,98,NA,NA,NA,NA,NA,Lensia,Siphonophore,2018_sni2_surface,sni2,beach_seine,2018-07-18,2018-07-16,2018,surface,1,edna_sni2_00,surface,biological,15.1,26.73,8.39,10.6,30.27,8.23,5.8,1000,0,51.817402800000004,-128.0302233,cobble,n,70,p,macroalgae,algae,macroalgae_cobble,algae_cobble,100,0.00408744,30,Metazoa,Cnidaria,Cnidaria,Siphonophorae,Diphyidae,Lensia,0,0,TRUE,ASV258,1,NA
edna0109,ASV131,motu117,Lensia,Siphonophore,genus,1,1,1,1,38,107,51,73,58,NA,42,Lensia,Siphonophore,2018_sni2_surface,sni2,beach_seine,2018-07-18,2018-07-16,2018,surface,1,edna_sni2_00,surface,biological,15.1,26.73,8.39,10.6,30.27,8.23,5.8,1000,0,51.817402800000004,-128.0302233,cobble,n,70,p,macroalgae,algae,macroalgae_cobble,algae_cobble,100,0.00408744,30,Metazoa,Cnidaria,Cnidaria,Siphonophorae,Diphyidae,Lensia,0,0,TRUE,ASV131,2,NA
edna0109,ASV251,motu105,Mesocentrotus franciscanus,Red sea urchin,species,1,NA,1,NA,141,NA,119,NA,NA,NA,NA,Mesocentrotus franciscanus,Red sea urchin,2018_sni2_surface,sni2,beach_seine,2018-07-18,2018-07-16,2018,surface,1,edna_sni2_00,surface,biological,15.1,26.73,8.39,10.6,30.27,8.23,5.8,1000,0,51.817402800000004,-128.0302233,cobble,n,70,p,macroalgae,algae,macroalgae_cobble,algae_cobble,100,7.02982e-160,312,Metazoa,Echinodermata,Echinoidea,Camarodonta,Strongylocentrotidae,Mesocentrotus,0,0,TRUE,ASV118,8,Mesocentrotus franciscanus
edna0109,ASV307,motu118,Mesocentrotus franciscanus,Red sea urchin,species,1,1,NA,NA,146,290,NA,NA,NA,NA,NA,Mesocentrotus franciscanus,Red sea urchin,2018_sni2_surface,sni2,beach_seine,2018-07-18,2018-07-16,2018,surface,1,edna_sni2_00,surface,biological,15.1,26.73,8.39,10.6,30.27,8.23,5.8,1000,0,51.817402800000004,-128.0302233,cobble,n,70,p,macroalgae,algae,macroalgae_cobble,algae_cobble,100,7.02982e-160,312,Metazoa,Echinodermata,Echinoidea,Camarodonta,Strongylocentrotidae,Mesocentrotus,0,0,TRUE,ASV132,8,Mesocentrotus franciscanus
edna0109,ASV216,motu190,Mytilus trossulus,Bay mussel,species,1,1,1,1,18,37,20,38,38,NA,NA,Mytilus trossulus,Bay mussel,2018_sni2_surface,sni2,beach_seine,2018-07-18,2018-07-16,2018,surface,1,edna_sni2_00,surface,biological,15.1,26.73,8.39,10.6,30.27,8.23,5.8,1000,0,51.817402800000004,-128.0302233,cobble,n,70,p,macroalgae,algae,macroalgae_cobble,algae_cobble,100,3.2351099999999996e-158,309,Metazoa,Mollusca,Mollusca,Mytilida,Mytilidae,Mytilus,0,0,TRUE,ASV216,23,Mytilus trossulus
edna0109,ASV242,motu213,Balanus glandula,Acorn barnacle,species,1,1,NA,NA,5,2,NA,NA,NA,NA,NA,Balanus glandula,Acorn barnacle,2018_sni2_surface,sni2,beach_seine,2018-07-18,2018-07-16,2018,surface,1,edna_sni2_00,surface,biological,15.1,26.73,8.39,10.6,30.27,8.23,5.8,1000,0,51.817402800000004,-128.0302233,cobble,n,70,p,macroalgae,algae,macroalgae_cobble,algae_cobble,100,3.2351099999999996e-158,309,Metazoa,Arthropoda,Thecostraca,Balanomorpha,Balanidae,Balanus,0,0,TRUE,ASV242,15,Balanus glandula
edna0109,ASV233,motu74,Euchlanidae,Rotifer,family,1,1,NA,1,34,56,NA,NA,56,NA,NA,No Results,No Results,2018_sni2_surface,sni2,beach_seine,2018-07-18,2018-07-16,2018,surface,1,edna_sni2_00,surface,biological,15.1,26.73,8.39,10.6,30.27,8.23,5.8,1000,0,51.817402800000004,-128.0302233,cobble,n,70,p,macroalgae,algae,macroalgae_cobble,algae_cobble,91.35,3.005919999999998e-29,77,Metazoa,Rotifera,Rotifera,Ploima,Euchlanidae,NA,1,NA,TRUE,ASV84,2,NA
edna0109,ASV536,motu470,Paracalanus parvus parvus,Calanoid copepod,species,1,1,NA,1,2,8,NA,NA,15,NA,NA,Paracalanus parvus parvus,Calanoid copepod,2018_sni2_surface,sni2,beach_seine,2018-07-18,2018-07-16,2018,surface,1,edna_sni2_00,surface,biological,15.1,26.73,8.39,10.6,30.27,8.23,5.8,1000,0,51.817402800000004,-128.0302233,cobble,n,70,p,macroalgae,algae,macroalgae_cobble,algae_cobble,100,1.17454e-132,263,Metazoa,Arthropoda,Copepoda,Calanoida,Paracalanidae,Paracalanus,0,0,TRUE,ASV536,6,Paracalanus parvus parvus
edna0109,ASV733,motu637,Phyllodocida,Polychaete,order,1,1,1,1,6,12,7,4,NA,NA,NA,Phyllodocida,Polychaete,2018_sni2_surface,sni2,beach_seine,2018-07-18,2018-07-16,2018,surface,1,edna_sni2_00,surface,biological,15.1,26.73,8.39,10.6,30.27,8.23,5.8,1000,0,51.817402800000004,-128.0302233,cobble,n,70,p,macroalgae,algae,macroalgae_cobble,algae_cobble,100,0.0603188,28,Metazoa,Annelida,Annelida,Phyllodocida,NA,NA,0,0,TRUE,ASV733,1,NA
edna0109,ASV801,motu697,Micropodarke dubia,Hesionid polychaete,species,1,NA,NA,1,4,NA,NA,12,NA,NA,NA,Micropodarke dubia,Hesionid polychaete,2018_sni2_surface,sni2,beach_seine,2018-07-18,2018-07-16,2018,surface,1,edna_sni2_00,surface,biological,15.1,26.73,8.39,10.6,30.27,8.23,5.8,1000,0,51.817402800000004,-128.0302233,cobble,n,70,p,macroalgae,algae,macroalgae_cobble,algae_cobble,100,1.96163e-160,313,Metazoa,Annelida,Polychaeta,Phyllodocida,Hesionidae,Micropodarke,0,0,TRUE,ASV801,2,Micropodarke dubia
edna0114,ASV25,motu22,Acartia (Acartiura) longiremis,Calanoid copepod,species,1,1,1,1,96,214,73,254,NA,NA,146,Acartia (Acartiura) longiremis,Calanoid copepod,2018_koeye-estuary_surface,koeye estuary,seagrass,2018-08-14,NA,2018,surface,3,edna_ko_e3_30,repeat-surface,biological,NA,NA,NA,NA,NA,NA,3.5,1000,0,51.77929649,-127.871914,sand,NA,NA,NA,seagrass,zostera,seagrass_sand,zostera_sand,100,1.96163e-160,313,Metazoa,Arthropoda,Copepoda,Calanoida,Acartiidae,Acartia,0,0,TRUE,ASV25,27,Acartia (Acartiura) longiremis
edna0114,ASV81,motu71,Acartia (Acartiura) longiremis,Calanoid copepod,species,1,1,NA,NA,95,199,NA,NA,NA,NA,NA,Acartia (Acartiura) longiremis,Calanoid copepod,2018_koeye-estuary_surface,koeye estuary,seagrass,2018-08-14,NA,2018,surface,3,edna_ko_e3_30,repeat-surface,biological,NA,NA,NA,NA,NA,NA,3.5,1000,0,51.77929649,-127.871914,sand,NA,NA,NA,seagrass,zostera,seagrass_sand,zostera_sand,100,1.96163e-160,313,Metazoa,Arthropoda,Copepoda,Calanoida,Acartiidae,Acartia,0,0,TRUE,ASV81,23,Acartia (Acartiura) longiremis
edna0114,ASV258,motu228,Lensia,Siphonophore,genus,1,1,NA,NA,9,27,NA,NA,NA,NA,NA,Lensia,Siphonophore,2018_koeye-estuary_surface,koeye estuary,seagrass,2018-08-14,NA,2018,surface,3,edna_ko_e3_30,repeat-surface,biological,NA,NA,NA,NA,NA,NA,3.5,1000,0,51.77929649,-127.871914,sand,NA,NA,NA,seagrass,zostera,seagrass_sand,zostera_sand,100,0.00408744,30,Metazoa,Cnidaria,Cnidaria,Siphonophorae,Diphyidae,Lensia,0,0,TRUE,ASV258,1,NA
edna0114,ASV131,motu117,Lensia,Siphonophore,genus,1,1,1,1,10,31,17,18,10,NA,14,Lensia,Siphonophore,2018_koeye-estuary_surface,koeye estuary,seagrass,2018-08-14,NA,2018,surface,3,edna_ko_e3_30,repeat-surface,biological,NA,NA,NA,NA,NA,NA,3.5,1000,0,51.77929649,-127.871914,sand,NA,NA,NA,seagrass,zostera,seagrass_sand,zostera_sand,100,0.00408744,30,Metazoa,Cnidaria,Cnidaria,Siphonophorae,Diphyidae,Lensia,0,0,TRUE,ASV131,2,NA
edna0114,ASV336,motu296,Pseudocalanus newmani,Calanoid copepod,species,1,1,1,1,42,79,37,123,93,NA,69,Pseudocalanus newmani,Calanoid copepod,2018_koeye-estuary_surface,koeye estuary,seagrass,2018-08-14,NA,2018,surface,3,edna_ko_e3_30,repeat-surface,biological,NA,NA,NA,NA,NA,NA,3.5,1000,0,51.77929649,-127.871914,sand,NA,NA,NA,seagrass,zostera,seagrass_sand,zostera_sand,100,1.96163e-160,313,Metazoa,Arthropoda,Copepoda,Calanoida,Clausocalanidae,Pseudocalanus,0,0,TRUE,ASV336,4,Pseudocalanus newmani
edna0114,ASV320,motu281,Pseudocalanus newmani,Calanoid copepod,species,1,1,1,1,49,92,54,123,89,NA,77,Pseudocalanus newmani,Calanoid copepod,2018_koeye-estuary_surface,koeye estuary,seagrass,2018-08-14,NA,2018,surface,3,edna_ko_e3_30,repeat-surface,biological,NA,NA,NA,NA,NA,NA,3.5,1000,0,51.77929649,-127.871914,sand,NA,NA,NA,seagrass,zostera,seagrass_sand,zostera_sand,100,1.96163e-160,313,Metazoa,Arthropoda,Copepoda,Calanoida,Clausocalanidae,Pseudocalanus,0,0,TRUE,ASV320,6,Pseudocalanus newmani
edna0114,ASV1367,motu1153,Cyanea,Lions mane jellyfish species,genus,1,1,NA,NA,6,12,NA,NA,NA,NA,NA,Cyanea,Lions mane jellyfish species,2018_koeye-estuary_surface,koeye estuary,seagrass,2018-08-14,NA,2018,surface,3,edna_ko_e3_30,repeat-surface,biological,NA,NA,NA,NA,NA,NA,3.5,1000,0,51.77929649,-127.871914,sand,NA,NA,NA,seagrass,zostera,seagrass_sand,zostera_sand,100,3.2351099999999996e-158,309,Metazoa,Cnidaria,Scyphozoa,Semaeostomeae,Cyaneidae,Cyanea,0,0,TRUE,ASV1367,2,NA
edna0114,ASV1475,motu1246,Cyanea,Lions mane jellyfish species,genus,1,1,NA,NA,4,5,NA,NA,NA,NA,NA,Cyanea,Lions mane jellyfish species,2018_koeye-estuary_surface,koeye estuary,seagrass,2018-08-14,NA,2018,surface,3,edna_ko_e3_30,repeat-surface,biological,NA,NA,NA,NA,NA,NA,3.5,1000,0,51.77929649,-127.871914,sand,NA,NA,NA,seagrass,zostera,seagrass_sand,zostera_sand,100,3.2351099999999996e-158,309,Metazoa,Cnidaria,Scyphozoa,Semaeostomeae,Cyaneidae,Cyanea,0,0,TRUE,ASV1475,2,NA
edna0114,ASV2618,motu2123,Insecta,Hexapod,class,1,1,NA,NA,8,13,NA,NA,NA,NA,NA,Insecta,Hexapod,2018_koeye-estuary_surface,koeye estuary,seagrass,2018-08-14,NA,2018,surface,3,edna_ko_e3_30,repeat-surface,biological,NA,NA,NA,NA,NA,NA,3.5,1000,0,51.77929649,-127.871914,sand,NA,NA,NA,seagrass,zostera,seagrass_sand,zostera_sand,90.91,1.07393e-43,103,Metazoa,Arthropoda,Arthropoda,NA,NA,NA,NA,NA,TRUE,ASV2618,2,NA
edna0114,ASV1282,motu1086,Pseudocalanus mimus,Calanoid copepod,species,1,1,1,1,16,41,16,126,75,NA,87,Pseudocalanus mimus,Calanoid copepod,2018_koeye-estuary_surface,koeye estuary,seagrass,2018-08-14,NA,2018,surface,3,edna_ko_e3_30,repeat-surface,biological,NA,NA,NA,NA,NA,NA,3.5,1000,0,51.77929649,-127.871914,sand,NA,NA,NA,seagrass,zostera,seagrass_sand,zostera_sand,98.68,9.256649999999999e-149,292,Metazoa,Arthropoda,Copepoda,Calanoida,Clausocalanidae,Pseudocalanus,0,0,TRUE,ASV1282,1,Pseudocalanus mimus
edna0114,ASV3159,motu470,Paracalanus,Calanoid copepod,genus,1,NA,NA,NA,22,NA,NA,NA,NA,NA,NA,Paracalanus parvus parvus,Calanoid copepod,2018_koeye-estuary_surface,koeye estuary,seagrass,2018-08-14,NA,2018,surface,3,edna_ko_e3_30,repeat-surface,biological,NA,NA,NA,NA,NA,NA,3.5,1000,0,51.77929649,-127.871914,sand,NA,NA,NA,seagrass,zostera,seagrass_sand,zostera_sand,99.34,5.31212e-151,296,Metazoa,Arthropoda,Arthropoda,Calanoida,Paracalanidae,Paracalanus,0,0,TRUE,ASV536,6,NA
edna0114,ASV2274,motu1873,Paracalanus,Calanoid copepod,genus,1,NA,NA,NA,36,NA,NA,NA,NA,NA,NA,Paracalanus,Calanoid copepod,2018_koeye-estuary_surface,koeye estuary,seagrass,2018-08-14,NA,2018,surface,3,edna_ko_e3_30,repeat-surface,biological,NA,NA,NA,NA,NA,NA,3.5,1000,0,51.77929649,-127.871914,sand,NA,NA,NA,seagrass,zostera,seagrass_sand,zostera_sand,99.68,9.126599999999999e-159,310,Metazoa,Arthropoda,Arthropoda,Calanoida,Paracalanidae,Paracalanus,0,0,TRUE,ASV2274,1,NA
edna0114,ASV2849,motu2303,Acartia (Acartiura) longiremis,Calanoid copepod,species,1,1,NA,NA,40,79,NA,NA,NA,NA,NA,Acartia (Acartiura) longiremis,Calanoid copepod,2018_koeye-estuary_surface,koeye estuary,seagrass,2018-08-14,NA,2018,surface,3,edna_ko_e3_30,repeat-surface,biological,NA,NA,NA,NA,NA,NA,3.5,1000,0,51.77929649,-127.871914,sand,NA,NA,NA,seagrass,zostera,seagrass_sand,zostera_sand,99.04,5.492799999999996e-156,305,Metazoa,Arthropoda,Copepoda,Calanoida,Acartiidae,Acartia,0,0,TRUE,ASV2849,1,Acartia (Acartiura) longiremis
edna0114,ASV3696,motu2919,Phacellophora camtschatica,Fried egg jellyfish,species,1,NA,NA,NA,4,NA,NA,NA,NA,NA,NA,Phacellophora camtschatica,Fried egg jellyfish,2018_koeye-estuary_surface,koeye estuary,seagrass,2018-08-14,NA,2018,surface,3,edna_ko_e3_30,repeat-surface,biological,NA,NA,NA,NA,NA,NA,3.5,1000,0,51.77929649,-127.871914,sand,NA,NA,NA,seagrass,zostera,seagrass_sand,zostera_sand,100,1.96163e-160,313,Metazoa,Cnidaria,Scyphozoa,Semaeostomeae,Phacellophoridae,Phacellophora,0,0,TRUE,ASV3696,1,Phacellophora camtschatica
edna0114,ASV6974,motu5426,Solenopsis,Hexapod,genus,1,NA,NA,NA,6,NA,NA,NA,NA,NA,NA,Solenopsis,Hexapod,2018_koeye-estuary_surface,koeye estuary,seagrass,2018-08-14,NA,2018,surface,3,edna_ko_e3_30,repeat-surface,biological,NA,NA,NA,NA,NA,NA,3.5,1000,0,51.77929649,-127.871914,sand,NA,NA,NA,seagrass,zostera,seagrass_sand,zostera_sand,100,0.00115934,31,Metazoa,Arthropoda,Arthropoda,Hymenoptera,Formicoidea,Solenopsis,NA,NA,TRUE,ASV6974,1,NA
edna0131,ASV258,motu228,Lensia,Siphonophore,genus,1,1,NA,NA,74,149,NA,NA,NA,NA,NA,Lensia,Siphonophore,2018_pruth-grid_surface,pruth grid,seagrass_grid,2018-08-23,NA,2018,surface,2,pruth_grid_a2,grid,biological,15.4,26.16,8.42,11.9,32.15,7.96,6.1,955,0,51.64679413,-128.1197583,sand,NA,NA,NA,seagrass,zostera,seagrass_sand,zostera_sand,100,0.00408744,30,Metazoa,Cnidaria,Cnidaria,Siphonophorae,Diphyidae,Lensia,0,0,TRUE,ASV258,1,NA
edna0131,ASV131,motu117,Lensia,Siphonophore,genus,1,1,1,1,63,177,83,264,106,NA,38,Lensia,Siphonophore,2018_pruth-grid_surface,pruth grid,seagrass_grid,2018-08-23,NA,2018,surface,2,pruth_grid_a2,grid,biological,15.4,26.16,8.42,11.9,32.15,7.96,6.1,955,0,51.64679413,-128.1197583,sand,NA,NA,NA,seagrass,zostera,seagrass_sand,zostera_sand,100,0.00408744,30,Metazoa,Cnidaria,Cnidaria,Siphonophorae,Diphyidae,Lensia,0,0,TRUE,ASV131,2,NA
edna0131,ASV226,motu199,Mytilus trossulus,Bay mussel,species,1,1,1,1,22,53,39,NA,29,NA,28,Mytilus trossulus,Bay mussel,2018_pruth-grid_surface,pruth grid,seagrass_grid,2018-08-23,NA,2018,surface,2,pruth_grid_a2,grid,biological,15.4,26.16,8.42,11.9,32.15,7.96,6.1,955,0,51.64679413,-128.1197583,sand,NA,NA,NA,seagrass,zostera,seagrass_sand,zostera_sand,100,3.2351099999999996e-158,309,Metazoa,Mollusca,Mollusca,Mytilida,Mytilidae,Mytilus,0,0,TRUE,ASV226,18,Mytilus trossulus
edna0131,ASV216,motu190,Mytilus trossulus,Bay mussel,species,1,1,1,1,34,60,35,13,30,NA,31,Mytilus trossulus,Bay mussel,2018_pruth-grid_surface,pruth grid,seagrass_grid,2018-08-23,NA,2018,surface,2,pruth_grid_a2,grid,biological,15.4,26.16,8.42,11.9,32.15,7.96,6.1,955,0,51.64679413,-128.1197583,sand,NA,NA,NA,seagrass,zostera,seagrass_sand,zostera_sand,100,3.2351099999999996e-158,309,Metazoa,Mollusca,Mollusca,Mytilida,Mytilidae,Mytilus,0,0,TRUE,ASV216,23,Mytilus trossulus
edna0131,ASV308,motu270,Synchaeta baltica,Rotifer,species,1,1,1,NA,23,54,37,NA,NA,NA,NA,Synchaeta baltica,Rotifer,2018_pruth-grid_surface,pruth grid,seagrass_grid,2018-08-23,NA,2018,surface,2,pruth_grid_a2,grid,biological,15.4,26.16,8.42,11.9,32.15,7.96,6.1,955,0,51.64679413,-128.1197583,sand,NA,NA,NA,seagrass,zostera,seagrass_sand,zostera_sand,90.79,3.5361899999999996e-113,228,Metazoa,Rotifera,Eurotatoria,Ploima,Synchaetidae,Synchaeta,0,0,TRUE,ASV308,3,Synchaeta baltica
edna0131,ASV328,motu288,Synchaeta baltica,Rotifer,species,1,1,1,1,35,50,17,NA,27,NA,42,Synchaeta baltica,Rotifer,2018_pruth-grid_surface,pruth grid,seagrass_grid,2018-08-23,NA,2018,surface,2,pruth_grid_a2,grid,biological,15.4,26.16,8.42,11.9,32.15,7.96,6.1,955,0,51.64679413,-128.1197583,sand,NA,NA,NA,seagrass,zostera,seagrass_sand,zostera_sand,90.79,3.5361899999999996e-113,228,Metazoa,Rotifera,Eurotatoria,Ploima,Synchaetidae,Synchaeta,0,0,TRUE,ASV328,3,Synchaeta baltica
edna0131,ASV467,motu412,Saxidomus,Washington clam species,genus,1,1,1,1,31,73,34,34,33,NA,22,Saxidomus,Washington clam species,2018_pruth-grid_surface,pruth grid,seagrass_grid,2018-08-23,NA,2018,surface,2,pruth_grid_a2,grid,biological,15.4,26.16,8.42,11.9,32.15,7.96,6.1,955,0,51.64679413,-128.1197583,sand,NA,NA,NA,seagrass,zostera,seagrass_sand,zostera_sand,100,1.96163e-160,313,Metazoa,Mollusca,Mollusca,Venerida,Veneridae,Saxidomus,0,0,TRUE,ASV467,12,NA
edna0131,ASV860,motu748,Saxidomus,Washington clam species,genus,1,1,NA,NA,27,58,NA,NA,NA,NA,NA,Saxidomus,Washington clam species,2018_pruth-grid_surface,pruth grid,seagrass_grid,2018-08-23,NA,2018,surface,2,pruth_grid_a2,grid,biological,15.4,26.16,8.42,11.9,32.15,7.96,6.1,955,0,51.64679413,-128.1197583,sand,NA,NA,NA,seagrass,zostera,seagrass_sand,zostera_sand,100,1.96163e-160,313,Metazoa,Mollusca,Mollusca,Venerida,Veneridae,Saxidomus,0,0,TRUE,ASV860,4,NA
edna0134,ASV258,motu228,Lensia,Siphonophore,genus,1,1,NA,NA,142,347,NA,NA,NA,NA,NA,Lensia,Siphonophore,2018_pruth-grid_surface,pruth grid,seagrass_grid,2018-08-23,NA,2018,surface,5,pruth_grid_b2,grid,biological,15.4,25.96,8.44,13.5,31.65,8.06,3.2,775,0,51.64653616,-128.1198602,sand,NA,NA,NA,seagrass,zostera,seagrass_sand,zostera_sand,100,0.00408744,30,Metazoa,Cnidaria,Cnidaria,Siphonophorae,Diphyidae,Lensia,0,0,TRUE,ASV258,1,NA
edna0134,ASV131,motu117,Lensia,Siphonophore,genus,1,1,1,1,129,302,117,NA,75,NA,143,Lensia,Siphonophore,2018_pruth-grid_surface,pruth grid,seagrass_grid,2018-08-23,NA,2018,surface,5,pruth_grid_b2,grid,biological,15.4,25.96,8.44,13.5,31.65,8.06,3.2,775,0,51.64653616,-128.1198602,sand,NA,NA,NA,seagrass,zostera,seagrass_sand,zostera_sand,100,0.00408744,30,Metazoa,Cnidaria,Cnidaria,Siphonophorae,Diphyidae,Lensia,0,0,TRUE,ASV131,2,NA
edna0134,ASV280,motu190,Mytilus,Mussel species,genus,1,1,1,1,46,75,46,NA,NA,NA,22,Mytilus trossulus,Bay mussel,2018_pruth-grid_surface,pruth grid,seagrass_grid,2018-08-23,NA,2018,surface,5,pruth_grid_b2,grid,biological,15.4,25.96,8.44,13.5,31.65,8.06,3.2,775,0,51.64653616,-128.1198602,sand,NA,NA,NA,seagrass,zostera,seagrass_sand,zostera_sand,100,3.2351099999999996e-158,309,Metazoa,Mollusca,Mollusca,Mytilida,Mytilidae,Mytilus,0,0,TRUE,ASV216,23,NA
edna0134,ASV270,motu199,Mytilus,Mussel species,genus,1,1,1,1,38,81,42,NA,26,NA,14,Mytilus trossulus,Bay mussel,2018_pruth-grid_surface,pruth grid,seagrass_grid,2018-08-23,NA,2018,surface,5,pruth_grid_b2,grid,biological,15.4,25.96,8.44,13.5,31.65,8.06,3.2,775,0,51.64653616,-128.1198602,sand,NA,NA,NA,seagrass,zostera,seagrass_sand,zostera_sand,100,3.2351099999999996e-158,309,Metazoa,Mollusca,Mollusca,Mytilida,Mytilidae,Mytilus,0,0,TRUE,ASV226,18,NA
edna0134,ASV308,motu270,Synchaeta baltica,Rotifer,species,1,1,1,NA,29,43,18,NA,NA,NA,NA,Synchaeta baltica,Rotifer,2018_pruth-grid_surface,pruth grid,seagrass_grid,2018-08-23,NA,2018,surface,5,pruth_grid_b2,grid,biological,15.4,25.96,8.44,13.5,31.65,8.06,3.2,775,0,51.64653616,-128.1198602,sand,NA,NA,NA,seagrass,zostera,seagrass_sand,zostera_sand,90.79,3.5361899999999996e-113,228,Metazoa,Rotifera,Eurotatoria,Ploima,Synchaetidae,Synchaeta,0,0,TRUE,ASV308,3,Synchaeta baltica
edna0134,ASV312,motu274,Synchaeta baltica,Rotifer,species,1,1,1,1,14,24,18,NA,NA,NA,16,Synchaeta baltica,Rotifer,2018_pruth-grid_surface,pruth grid,seagrass_grid,2018-08-23,NA,2018,surface,5,pruth_grid_b2,grid,biological,15.4,25.96,8.44,13.5,31.65,8.06,3.2,775,0,51.64653616,-128.1198602,sand,NA,NA,NA,seagrass,zostera,seagrass_sand,zostera_sand,90.45,5.9173e-111,224,Metazoa,Rotifera,Eurotatoria,Ploima,Synchaetidae,Synchaeta,0,0,TRUE,ASV312,1,Synchaeta baltica
edna0134,ASV467,motu412,Saxidomus,Washington clam species,genus,1,1,1,1,24,50,31,NA,NA,NA,34,Saxidomus,Washington clam species,2018_pruth-grid_surface,pruth grid,seagrass_grid,2018-08-23,NA,2018,surface,5,pruth_grid_b2,grid,biological,15.4,25.96,8.44,13.5,31.65,8.06,3.2,775,0,51.64653616,-128.1198602,sand,NA,NA,NA,seagrass,zostera,seagrass_sand,zostera_sand,100,1.96163e-160,313,Metazoa,Mollusca,Mollusca,Venerida,Veneridae,Saxidomus,0,0,TRUE,ASV467,12,NA
edna0134,ASV860,motu748,Saxidomus,Washington clam species,genus,1,1,NA,NA,22,47,NA,NA,NA,NA,NA,Saxidomus,Washington clam species,2018_pruth-grid_surface,pruth grid,seagrass_grid,2018-08-23,NA,2018,surface,5,pruth_grid_b2,grid,biological,15.4,25.96,8.44,13.5,31.65,8.06,3.2,775,0,51.64653616,-128.1198602,sand,NA,NA,NA,seagrass,zostera,seagrass_sand,zostera_sand,100,1.96163e-160,313,Metazoa,Mollusca,Mollusca,Venerida,Veneridae,Saxidomus,0,0,TRUE,ASV860,4,NA
edna0134,ASV623,motu543,Balanus,Barnacle species,genus,1,1,1,1,11,29,15,NA,12,NA,14,Balanus,Barnacle species,2018_pruth-grid_surface,pruth grid,seagrass_grid,2018-08-23,NA,2018,surface,5,pruth_grid_b2,grid,biological,15.4,25.96,8.44,13.5,31.65,8.06,3.2,775,0,51.64653616,-128.1198602,sand,NA,NA,NA,seagrass,zostera,seagrass_sand,zostera_sand,100,1.4886099999999998e-156,306,Metazoa,Arthropoda,Arthropoda,Balanomorpha,Balanidae,Balanus,0,0,TRUE,ASV623,7,NA
edna0134,ASV1095,motu942,Balanus,Barnacle species,genus,1,1,NA,NA,11,27,NA,NA,NA,NA,NA,Balanus,Barnacle species,2018_pruth-grid_surface,pruth grid,seagrass_grid,2018-08-23,NA,2018,surface,5,pruth_grid_b2,grid,biological,15.4,25.96,8.44,13.5,31.65,8.06,3.2,775,0,51.64653616,-128.1198602,sand,NA,NA,NA,seagrass,zostera,seagrass_sand,zostera_sand,100,1.4886099999999998e-156,306,Metazoa,Arthropoda,Arthropoda,Balanomorpha,Balanidae,Balanus,0,0,TRUE,ASV1095,4,NA
edna0134,ASV1791,motu1494,Saxidomus nuttalli,California butterclam,species,1,1,NA,NA,10,27,NA,NA,NA,NA,NA,Saxidomus nuttalli,California butterclam,2018_pruth-grid_surface,pruth grid,seagrass_grid,2018-08-23,NA,2018,surface,5,pruth_grid_b2,grid,biological,15.4,25.96,8.44,13.5,31.65,8.06,3.2,775,0,51.64653616,-128.1198602,sand,NA,NA,NA,seagrass,zostera,seagrass_sand,zostera_sand,99.68,4.246189999999999e-157,307,Metazoa,Mollusca,Bivalvia,Venerida,Veneridae,Saxidomus,0,0,TRUE,ASV1791,2,Saxidomus nuttalli
edna0134,ASV2228,motu1836,Saxidomus nuttalli,California butterclam,species,1,1,NA,NA,8,16,NA,NA,NA,NA,NA,Saxidomus nuttalli,California butterclam,2018_pruth-grid_surface,pruth grid,seagrass_grid,2018-08-23,NA,2018,surface,5,pruth_grid_b2,grid,biological,15.4,25.96,8.44,13.5,31.65,8.06,3.2,775,0,51.64653616,-128.1198602,sand,NA,NA,NA,seagrass,zostera,seagrass_sand,zostera_sand,99.68,4.246189999999999e-157,307,Metazoa,Mollusca,Bivalvia,Venerida,Veneridae,Saxidomus,0,0,TRUE,ASV2228,1,Saxidomus nuttalli
edna0134,ASV2935,motu2365,Balanus glandula,Acorn barnacle,species,1,NA,1,1,54,NA,42,NA,31,NA,27,Balanus glandula,Acorn barnacle,2018_pruth-grid_surface,pruth grid,seagrass_grid,2018-08-23,NA,2018,surface,5,pruth_grid_b2,grid,biological,15.4,25.96,8.44,13.5,31.65,8.06,3.2,775,0,51.64653616,-128.1198602,sand,NA,NA,NA,seagrass,zostera,seagrass_sand,zostera_sand,99.68,1.5051499999999994e-156,306,Metazoa,Arthropoda,Thecostraca,Balanomorpha,Balanidae,Balanus,0,0,TRUE,ASV2935,1,Balanus glandula
edna0134,ASV2467,motu944,Dodecaceria,Cirratulid polychaete,genus,1,1,1,1,30,62,35,NA,30,NA,26,Dodecaceria,Cirratulid polychaete,2018_pruth-grid_surface,pruth grid,seagrass_grid,2018-08-23,NA,2018,surface,5,pruth_grid_b2,grid,biological,15.4,25.96,8.44,13.5,31.65,8.06,3.2,775,0,51.64653616,-128.1198602,sand,NA,NA,NA,seagrass,zostera,seagrass_sand,zostera_sand,100,1.96163e-160,313,Metazoa,Annelida,Polychaeta,Terebellida,Cirratulidae,Dodecaceria,0,0,TRUE,ASV1097,6,NA
edna0134,ASV2582,motu1556,Dodecaceria,Cirratulid polychaete,genus,1,1,NA,1,28,52,NA,NA,NA,NA,25,Dodecaceria,Cirratulid polychaete,2018_pruth-grid_surface,pruth grid,seagrass_grid,2018-08-23,NA,2018,surface,5,pruth_grid_b2,grid,biological,15.4,25.96,8.44,13.5,31.65,8.06,3.2,775,0,51.64653616,-128.1198602,sand,NA,NA,NA,seagrass,zostera,seagrass_sand,zostera_sand,100,1.96163e-160,313,Metazoa,Annelida,Polychaeta,Terebellida,Cirratulidae,Dodecaceria,0,0,TRUE,ASV1870,5,NA
edna0057,ASV25,motu22,Acartia (Acartiura) longiremis,Calanoid copepod,species,1,1,1,1,1527,3000,595,398,476,NA,358,Acartia (Acartiura) longiremis,Calanoid copepod,2018_hdo_surface,hdo,beach_seine,2018-07-13,2018-07-11,2018,surface,2,edna_hdo_30,surface,biological,13.3,29.97,8.25,NA,NA,NA,6.8,1000,0,51.6551346,-128.1292625,mud,n,320,p,seagrass,zostera,seagrass_mud,zostera_mud,100,1.96163e-160,313,Metazoa,Arthropoda,Copepoda,Calanoida,Acartiidae,Acartia,0,0,TRUE,ASV25,27,Acartia (Acartiura) longiremis
edna0057,ASV81,motu71,Acartia (Acartiura) longiremis,Calanoid copepod,species,1,1,1,1,1421,2971,76,105,NA,NA,NA,Acartia (Acartiura) longiremis,Calanoid copepod,2018_hdo_surface,hdo,beach_seine,2018-07-13,2018-07-11,2018,surface,2,edna_hdo_30,surface,biological,13.3,29.97,8.25,NA,NA,NA,6.8,1000,0,51.6551346,-128.1292625,mud,n,320,p,seagrass,zostera,seagrass_mud,zostera_mud,100,1.96163e-160,313,Metazoa,Arthropoda,Copepoda,Calanoida,Acartiidae,Acartia,0,0,TRUE,ASV81,23,Acartia (Acartiura) longiremis
edna0057,ASV34,motu31,Centropages abdominalis,Calanoid copepod,species,1,1,NA,NA,9,7,NA,NA,NA,NA,NA,Centropages abdominalis,Calanoid copepod,2018_hdo_surface,hdo,beach_seine,2018-07-13,2018-07-11,2018,surface,2,edna_hdo_30,surface,biological,13.3,29.97,8.25,NA,NA,NA,6.8,1000,0,51.6551346,-128.1292625,mud,n,320,p,seagrass,zostera,seagrass_mud,zostera_mud,100,1.96163e-160,313,Metazoa,Arthropoda,Copepoda,Calanoida,Centropagidae,Centropages,0,0,TRUE,ASV34,19,Centropages abdominalis
edna0057,ASV258,motu228,Lensia,Siphonophore,genus,1,1,NA,NA,41,69,NA,NA,NA,NA,NA,Lensia,Siphonophore,2018_hdo_surface,hdo,beach_seine,2018-07-13,2018-07-11,2018,surface,2,edna_hdo_30,surface,biological,13.3,29.97,8.25,NA,NA,NA,6.8,1000,0,51.6551346,-128.1292625,mud,n,320,p,seagrass,zostera,seagrass_mud,zostera_mud,100,0.00408744,30,Metazoa,Cnidaria,Cnidaria,Siphonophorae,Diphyidae,Lensia,0,0,TRUE,ASV258,1,NA
edna0057,ASV131,motu117,Lensia,Siphonophore,genus,1,1,1,1,46,73,25,12,NA,NA,NA,Lensia,Siphonophore,2018_hdo_surface,hdo,beach_seine,2018-07-13,2018-07-11,2018,surface,2,edna_hdo_30,surface,biological,13.3,29.97,8.25,NA,NA,NA,6.8,1000,0,51.6551346,-128.1292625,mud,n,320,p,seagrass,zostera,seagrass_mud,zostera_mud,100,0.00408744,30,Metazoa,Cnidaria,Cnidaria,Siphonophorae,Diphyidae,Lensia,0,0,TRUE,ASV131,2,NA
edna0057,ASV171,motu150,Pseudocalanus mimus,Calanoid copepod,species,1,1,1,1,511,926,325,385,307,NA,244,Pseudocalanus mimus,Calanoid copepod,2018_hdo_surface,hdo,beach_seine,2018-07-13,2018-07-11,2018,surface,2,edna_hdo_30,surface,biological,13.3,29.97,8.25,NA,NA,NA,6.8,1000,0,51.6551346,-128.1292625,mud,n,320,p,seagrass,zostera,seagrass_mud,zostera_mud,99.67,9.19139e-154,301,Metazoa,Arthropoda,Copepoda,Calanoida,Clausocalanidae,Pseudocalanus,0,0,TRUE,ASV171,10,Pseudocalanus mimus
edna0057,ASV343,motu303,Pseudocalanus mimus,Calanoid copepod,species,1,1,1,1,459,973,107,80,67,NA,NA,Pseudocalanus mimus,Calanoid copepod,2018_hdo_surface,hdo,beach_seine,2018-07-13,2018-07-11,2018,surface,2,edna_hdo_30,surface,biological,13.3,29.97,8.25,NA,NA,NA,6.8,1000,0,51.6551346,-128.1292625,mud,n,320,p,seagrass,zostera,seagrass_mud,zostera_mud,99.67,9.19139e-154,301,Metazoa,Arthropoda,Copepoda,Calanoida,Clausocalanidae,Pseudocalanus,0,0,TRUE,ASV343,11,Pseudocalanus mimus
edna0057,ASV226,motu199,Mytilus trossulus,Bay mussel,species,1,1,1,1,18,39,15,NA,NA,NA,4,Mytilus trossulus,Bay mussel,2018_hdo_surface,hdo,beach_seine,2018-07-13,2018-07-11,2018,surface,2,edna_hdo_30,surface,biological,13.3,29.97,8.25,NA,NA,NA,6.8,1000,0,51.6551346,-128.1292625,mud,n,320,p,seagrass,zostera,seagrass_mud,zostera_mud,100,3.2351099999999996e-158,309,Metazoa,Mollusca,Mollusca,Mytilida,Mytilidae,Mytilus,0,0,TRUE,ASV226,18,Mytilus trossulus
edna0057,ASV216,motu190,Mytilus trossulus,Bay mussel,species,1,1,1,1,17,38,14,5,NA,NA,NA,Mytilus trossulus,Bay mussel,2018_hdo_surface,hdo,beach_seine,2018-07-13,2018-07-11,2018,surface,2,edna_hdo_30,surface,biological,13.3,29.97,8.25,NA,NA,NA,6.8,1000,0,51.6551346,-128.1292625,mud,n,320,p,seagrass,zostera,seagrass_mud,zostera_mud,100,3.2351099999999996e-158,309,Metazoa,Mollusca,Mollusca,Mytilida,Mytilidae,Mytilus,0,0,TRUE,ASV216,23,Mytilus trossulus
edna0057,ASV233,motu74,Euchlanidae,Rotifer,family,1,1,1,NA,90,197,71,NA,NA,NA,NA,No Results,No Results,2018_hdo_surface,hdo,beach_seine,2018-07-13,2018-07-11,2018,surface,2,edna_hdo_30,surface,biological,13.3,29.97,8.25,NA,NA,NA,6.8,1000,0,51.6551346,-128.1292625,mud,n,320,p,seagrass,zostera,seagrass_mud,zostera_mud,91.35,3.005919999999998e-29,77,Metazoa,Rotifera,Rotifera,Ploima,Euchlanidae,NA,1,NA,TRUE,ASV84,2,NA
edna0057,ASV205,motu181,Pseudocalanus mimus,Calanoid copepod,species,1,1,1,1,259,454,175,226,172,NA,128,Pseudocalanus mimus,Calanoid copepod,2018_hdo_surface,hdo,beach_seine,2018-07-13,2018-07-11,2018,surface,2,edna_hdo_30,surface,biological,13.3,29.97,8.25,NA,NA,NA,6.8,1000,0,51.6551346,-128.1292625,mud,n,320,p,seagrass,zostera,seagrass_mud,zostera_mud,100,1.18898e-152,299,Metazoa,Arthropoda,Copepoda,Calanoida,Clausocalanidae,Pseudocalanus,0,0,TRUE,ASV205,8,Pseudocalanus mimus
edna0057,ASV416,motu366,Pseudocalanus mimus,Calanoid copepod,species,1,1,1,NA,210,494,45,NA,NA,NA,NA,Pseudocalanus mimus,Calanoid copepod,2018_hdo_surface,hdo,beach_seine,2018-07-13,2018-07-11,2018,surface,2,edna_hdo_30,surface,biological,13.3,29.97,8.25,NA,NA,NA,6.8,1000,0,51.6551346,-128.1292625,mud,n,320,p,seagrass,zostera,seagrass_mud,zostera_mud,100,1.18898e-152,299,Metazoa,Arthropoda,Copepoda,Calanoida,Clausocalanidae,Pseudocalanus,0,0,TRUE,ASV416,7,Pseudocalanus mimus
edna0057,ASV452,motu183,Euchlanidae,Rotifer,family,1,1,NA,NA,96,175,NA,NA,NA,NA,NA,No Results,No Results,2018_hdo_surface,hdo,beach_seine,2018-07-13,2018-07-11,2018,surface,2,edna_hdo_30,surface,biological,13.3,29.97,8.25,NA,NA,NA,6.8,1000,0,51.6551346,-128.1292625,mud,n,320,p,seagrass,zostera,seagrass_mud,zostera_mud,91.35,3.005919999999998e-29,77,Metazoa,Rotifera,Rotifera,Ploima,Euchlanidae,NA,1,NA,TRUE,ASV208,2,NA
edna0057,ASV324,motu285,Paracalanus parvus parvus,Calanoid copepod,species,1,1,1,1,163,341,113,203,141,NA,102,Paracalanus parvus parvus,Calanoid copepod,2018_hdo_surface,hdo,beach_seine,2018-07-13,2018-07-11,2018,surface,2,edna_hdo_30,surface,biological,13.3,29.97,8.25,NA,NA,NA,6.8,1000,0,51.6551346,-128.1292625,mud,n,320,p,seagrass,zostera,seagrass_mud,zostera_mud,100,1.17454e-132,263,Metazoa,Arthropoda,Copepoda,Calanoida,Paracalanidae,Paracalanus,0,0,TRUE,ASV324,6,Paracalanus parvus parvus
edna0057,ASV462,motu407,Kellia suborbicularis,Suborbicular kellyclam,species,1,1,1,1,778,1373,263,329,246,NA,175,Kellia suborbicularis,Suborbicular kellyclam,2018_hdo_surface,hdo,beach_seine,2018-07-13,2018-07-11,2018,surface,2,edna_hdo_30,surface,biological,13.3,29.97,8.25,NA,NA,NA,6.8,1000,0,51.6551346,-128.1292625,mud,n,320,p,seagrass,zostera,seagrass_mud,zostera_mud,98.4,4.27634e-152,298,Metazoa,Mollusca,Bivalvia,Galeommatida,Lasaeidae,Kellia,0,0,TRUE,ASV462,4,Kellia suborbicularis
edna0057,ASV536,motu470,Paracalanus parvus parvus,Calanoid copepod,species,1,1,1,1,167,362,25,65,NA,NA,NA,Paracalanus parvus parvus,Calanoid copepod,2018_hdo_surface,hdo,beach_seine,2018-07-13,2018-07-11,2018,surface,2,edna_hdo_30,surface,biological,13.3,29.97,8.25,NA,NA,NA,6.8,1000,0,51.6551346,-128.1292625,mud,n,320,p,seagrass,zostera,seagrass_mud,zostera_mud,100,1.17454e-132,263,Metazoa,Arthropoda,Copepoda,Calanoida,Paracalanidae,Paracalanus,0,0,TRUE,ASV536,6,Paracalanus parvus parvus
edna0057,ASV654,motu567,Kellia suborbicularis,Suborbicular kellyclam,species,1,1,NA,NA,805,1414,NA,NA,NA,NA,NA,Kellia suborbicularis,Suborbicular kellyclam,2018_hdo_surface,hdo,beach_seine,2018-07-13,2018-07-11,2018,surface,2,edna_hdo_30,surface,biological,13.3,29.97,8.25,NA,NA,NA,6.8,1000,0,51.6551346,-128.1292625,mud,n,320,p,seagrass,zostera,seagrass_mud,zostera_mud,98.4,4.27634e-152,298,Metazoa,Mollusca,Bivalvia,Galeommatida,Lasaeidae,Kellia,0,0,TRUE,ASV654,4,Kellia suborbicularis
edna0057,ASV377,motu334,Synchaeta pectinata,Rotifer,species,1,1,1,1,193,355,139,134,102,NA,102,Synchaeta pectinata,Rotifer,2018_hdo_surface,hdo,beach_seine,2018-07-13,2018-07-11,2018,surface,2,edna_hdo_30,surface,biological,13.3,29.97,8.25,NA,NA,NA,6.8,1000,0,51.6551346,-128.1292625,mud,n,320,p,seagrass,zostera,seagrass_mud,zostera_mud,90.48,1.6452299999999999e-111,225,Metazoa,Rotifera,Eurotatoria,Ploima,Synchaetidae,Synchaeta,0,0,TRUE,ASV377,5,Synchaeta pectinata
edna0057,ASV520,motu457,Evasterias troschelii,False ochre star,species,1,1,NA,NA,6,8,NA,NA,NA,NA,NA,Evasterias troschelii,False ochre star,2018_hdo_surface,hdo,beach_seine,2018-07-13,2018-07-11,2018,surface,2,edna_hdo_30,surface,biological,13.3,29.97,8.25,NA,NA,NA,6.8,1000,0,51.6551346,-128.1292625,mud,n,320,p,seagrass,zostera,seagrass_mud,zostera_mud,100,1.96163e-160,313,Metazoa,Echinodermata,Asteroidea,Forcipulatida,Asteriidae,Evasterias,0,0,TRUE,ASV520,1,Evasterias troschelii
edna0057,ASV398,motu350,Synchaeta pectinata,Rotifer,species,1,1,1,1,175,365,99,117,88,NA,93,Synchaeta pectinata,Rotifer,2018_hdo_surface,hdo,beach_seine,2018-07-13,2018-07-11,2018,surface,2,edna_hdo_30,surface,biological,13.3,29.97,8.25,NA,NA,NA,6.8,1000,0,51.6551346,-128.1292625,mud,n,320,p,seagrass,zostera,seagrass_mud,zostera_mud,90.48,1.6452299999999999e-111,225,Metazoa,Rotifera,Eurotatoria,Ploima,Synchaetidae,Synchaeta,0,0,TRUE,ASV398,4,Synchaeta pectinata
edna0057,ASV744,motu648,Evasterias troschelii,False ochre star,species,1,1,NA,NA,10,8,NA,NA,NA,NA,NA,Evasterias troschelii,False ochre star,2018_hdo_surface,hdo,beach_seine,2018-07-13,2018-07-11,2018,surface,2,edna_hdo_30,surface,biological,13.3,29.97,8.25,NA,NA,NA,6.8,1000,0,51.6551346,-128.1292625,mud,n,320,p,seagrass,zostera,seagrass_mud,zostera_mud,100,1.96163e-160,313,Metazoa,Echinodermata,Asteroidea,Forcipulatida,Asteriidae,Evasterias,0,0,TRUE,ASV744,1,Evasterias troschelii
edna0057,ASV739,motu643,Pseudocalanus mimus,Calanoid copepod,species,1,1,NA,NA,161,324,NA,NA,NA,NA,NA,Pseudocalanus mimus,Calanoid copepod,2018_hdo_surface,hdo,beach_seine,2018-07-13,2018-07-11,2018,surface,2,edna_hdo_30,surface,biological,13.3,29.97,8.25,NA,NA,NA,6.8,1000,0,51.6551346,-128.1292625,mud,n,320,p,seagrass,zostera,seagrass_mud,zostera_mud,99.67,9.19139e-154,301,Metazoa,Arthropoda,Copepoda,Calanoida,Clausocalanidae,Pseudocalanus,0,0,TRUE,ASV739,3,Pseudocalanus mimus
edna0057,ASV467,motu412,Saxidomus,Washington clam species,genus,1,1,1,1,100,175,78,32,17,NA,NA,Saxidomus,Washington clam species,2018_hdo_surface,hdo,beach_seine,2018-07-13,2018-07-11,2018,surface,2,edna_hdo_30,surface,biological,13.3,29.97,8.25,NA,NA,NA,6.8,1000,0,51.6551346,-128.1292625,mud,n,320,p,seagrass,zostera,seagrass_mud,zostera_mud,100,1.96163e-160,313,Metazoa,Mollusca,Mollusca,Venerida,Veneridae,Saxidomus,0,0,TRUE,ASV467,12,NA
edna0057,ASV435,motu383,Pseudocalanus mimus,Calanoid copepod,species,1,1,1,1,137,257,96,85,NA,NA,55,Pseudocalanus mimus,Calanoid copepod,2018_hdo_surface,hdo,beach_seine,2018-07-13,2018-07-11,2018,surface,2,edna_hdo_30,surface,biological,13.3,29.97,8.25,NA,NA,NA,6.8,1000,0,51.6551346,-128.1292625,mud,n,320,p,seagrass,zostera,seagrass_mud,zostera_mud,99.67,9.19139e-154,301,Metazoa,Arthropoda,Copepoda,Calanoida,Clausocalanidae,Pseudocalanus,0,0,TRUE,ASV435,4,Pseudocalanus mimus
edna0057,ASV632,motu22,Acartia (Acartiura) longiremis,Calanoid copepod,species,1,1,1,NA,138,236,66,NA,NA,NA,NA,Acartia (Acartiura) longiremis,Calanoid copepod,2018_hdo_surface,hdo,beach_seine,2018-07-13,2018-07-11,2018,surface,2,edna_hdo_30,surface,biological,13.3,29.97,8.25,NA,NA,NA,6.8,1000,0,51.6551346,-128.1292625,mud,n,320,p,seagrass,zostera,seagrass_mud,zostera_mud,99.68,9.126599999999999e-159,310,Metazoa,Arthropoda,Copepoda,Calanoida,Acartiidae,Acartia,0,0,TRUE,ASV25,27,Acartia (Acartiura) longiremis
edna0057,ASV865,motu753,Parastenocarididae,Harpacticoid copepod,family,1,1,NA,NA,24,43,NA,NA,NA,NA,NA,Parastenocarididae,Harpacticoid copepod,2018_hdo_surface,hdo,beach_seine,2018-07-13,2018-07-11,2018,surface,2,edna_hdo_30,surface,biological,13.3,29.97,8.25,NA,NA,NA,6.8,1000,0,51.6551346,-128.1292625,mud,n,320,p,seagrass,zostera,seagrass_mud,zostera_mud,94.59,0.00408744,30,Metazoa,Arthropoda,Arthropoda,Harpacticoida,Parastenocarididae,NA,1,0,TRUE,ASV865,1,NA
edna0057,ASV860,motu748,Saxidomus,Washington clam species,genus,1,1,NA,NA,89,185,NA,NA,NA,NA,NA,Saxidomus,Washington clam species,2018_hdo_surface,hdo,beach_seine,2018-07-13,2018-07-11,2018,surface,2,edna_hdo_30,surface,biological,13.3,29.97,8.25,NA,NA,NA,6.8,1000,0,51.6551346,-128.1292625,mud,n,320,p,seagrass,zostera,seagrass_mud,zostera_mud,100,1.96163e-160,313,Metazoa,Mollusca,Mollusca,Venerida,Veneridae,Saxidomus,0,0,TRUE,ASV860,4,NA
edna0057,ASV1034,motu567,Kellia suborbicularis,Suborbicular kellyclam,species,1,1,NA,NA,415,727,NA,NA,NA,NA,NA,Kellia suborbicularis,Suborbicular kellyclam,2018_hdo_surface,hdo,beach_seine,2018-07-13,2018-07-11,2018,surface,2,edna_hdo_30,surface,biological,13.3,29.97,8.25,NA,NA,NA,6.8,1000,0,51.6551346,-128.1292625,mud,n,320,p,seagrass,zostera,seagrass_mud,zostera_mud,98.72,9.19139e-154,301,Metazoa,Mollusca,Bivalvia,Galeommatida,Lasaeidae,Kellia,0,0,TRUE,ASV654,4,Kellia suborbicularis
edna0057,ASV1793,motu150,Pseudocalanus mimus,Calanoid copepod,species,1,NA,NA,NA,94,NA,NA,NA,NA,NA,NA,Pseudocalanus mimus,Calanoid copepod,2018_hdo_surface,hdo,beach_seine,2018-07-13,2018-07-11,2018,surface,2,edna_hdo_30,surface,biological,13.3,29.97,8.25,NA,NA,NA,6.8,1000,0,51.6551346,-128.1292625,mud,n,320,p,seagrass,zostera,seagrass_mud,zostera_mud,100,1.97556e-155,304,Metazoa,Arthropoda,Copepoda,Calanoida,Clausocalanidae,Pseudocalanus,0,0,TRUE,ASV171,10,Pseudocalanus mimus
edna0057,ASV952,motu71,Acartia (Acartiura) longiremis,Calanoid copepod,species,1,1,NA,NA,124,243,NA,NA,NA,NA,NA,Acartia (Acartiura) longiremis,Calanoid copepod,2018_hdo_surface,hdo,beach_seine,2018-07-13,2018-07-11,2018,surface,2,edna_hdo_30,surface,biological,13.3,29.97,8.25,NA,NA,NA,6.8,1000,0,51.6551346,-128.1292625,mud,n,320,p,seagrass,zostera,seagrass_mud,zostera_mud,99.68,9.126599999999999e-159,310,Metazoa,Arthropoda,Copepoda,Calanoida,Acartiidae,Acartia,0,0,TRUE,ASV81,23,Acartia (Acartiura) longiremis
edna0057,ASV731,motu407,Kellia suborbicularis,Suborbicular kellyclam,species,1,1,1,1,430,702,165,266,186,NA,210,Kellia suborbicularis,Suborbicular kellyclam,2018_hdo_surface,hdo,beach_seine,2018-07-13,2018-07-11,2018,surface,2,edna_hdo_30,surface,biological,13.3,29.97,8.25,NA,NA,NA,6.8,1000,0,51.6551346,-128.1292625,mud,n,320,p,seagrass,zostera,seagrass_mud,zostera_mud,98.72,9.19139e-154,301,Metazoa,Mollusca,Bivalvia,Galeommatida,Lasaeidae,Kellia,0,0,TRUE,ASV462,4,Kellia suborbicularis
edna0057,ASV1883,motu303,Pseudocalanus mimus,Calanoid copepod,species,1,NA,NA,NA,60,NA,NA,NA,NA,NA,NA,Pseudocalanus mimus,Calanoid copepod,2018_hdo_surface,hdo,beach_seine,2018-07-13,2018-07-11,2018,surface,2,edna_hdo_30,surface,biological,13.3,29.97,8.25,NA,NA,NA,6.8,1000,0,51.6551346,-128.1292625,mud,n,320,p,seagrass,zostera,seagrass_mud,zostera_mud,100,1.97556e-155,304,Metazoa,Arthropoda,Copepoda,Calanoida,Clausocalanidae,Pseudocalanus,0,0,TRUE,ASV343,11,Pseudocalanus mimus
edna0057,ASV623,motu543,Balanus,Barnacle species,genus,1,1,NA,NA,42,75,NA,NA,NA,NA,NA,Balanus,Barnacle species,2018_hdo_surface,hdo,beach_seine,2018-07-13,2018-07-11,2018,surface,2,edna_hdo_30,surface,biological,13.3,29.97,8.25,NA,NA,NA,6.8,1000,0,51.6551346,-128.1292625,mud,n,320,p,seagrass,zostera,seagrass_mud,zostera_mud,100,1.4886099999999998e-156,306,Metazoa,Arthropoda,Arthropoda,Balanomorpha,Balanidae,Balanus,0,0,TRUE,ASV623,7,NA
edna0057,ASV1087,motu71,Acartia (Acartiura) longiremis,Calanoid copepod,species,1,1,NA,NA,338,688,NA,NA,NA,NA,NA,Acartia (Acartiura) longiremis,Calanoid copepod,2018_hdo_surface,hdo,beach_seine,2018-07-13,2018-07-11,2018,surface,2,edna_hdo_30,surface,biological,13.3,29.97,8.25,NA,NA,NA,6.8,1000,0,51.6551346,-128.1292625,mud,n,320,p,seagrass,zostera,seagrass_mud,zostera_mud,99.68,9.126599999999999e-159,310,Metazoa,Arthropoda,Copepoda,Calanoida,Acartiidae,Acartia,0,0,TRUE,ASV81,23,Acartia (Acartiura) longiremis
edna0057,ASV713,motu350,Synchaeta pectinata,Rotifer,species,1,1,1,1,110,203,47,62,NA,NA,NA,Synchaeta pectinata,Rotifer,2018_hdo_surface,hdo,beach_seine,2018-07-13,2018-07-11,2018,surface,2,edna_hdo_30,surface,biological,13.3,29.97,8.25,NA,NA,NA,6.8,1000,0,51.6551346,-128.1292625,mud,n,320,p,seagrass,zostera,seagrass_mud,zostera_mud,90.79,3.5361899999999996e-113,228,Metazoa,Rotifera,Eurotatoria,Ploima,Synchaetidae,Synchaeta,0,0,TRUE,ASV398,4,Synchaeta pectinata
edna0057,ASV714,motu22,Acartia (Acartiura) longiremis,Calanoid copepod,species,1,1,1,NA,81,161,35,NA,NA,NA,NA,Acartia (Acartiura) longiremis,Calanoid copepod,2018_hdo_surface,hdo,beach_seine,2018-07-13,2018-07-11,2018,surface,2,edna_hdo_30,surface,biological,13.3,29.97,8.25,NA,NA,NA,6.8,1000,0,51.6551346,-128.1292625,mud,n,320,p,seagrass,zostera,seagrass_mud,zostera_mud,99.68,9.126599999999999e-159,310,Metazoa,Arthropoda,Copepoda,Calanoida,Acartiidae,Acartia,0,0,TRUE,ASV25,27,Acartia (Acartiura) longiremis
edna0057,ASV1007,motu22,Acartia (Acartiura) longiremis,Calanoid copepod,species,1,1,1,NA,339,712,149,NA,NA,NA,NA,Acartia (Acartiura) longiremis,Calanoid copepod,2018_hdo_surface,hdo,beach_seine,2018-07-13,2018-07-11,2018,surface,2,edna_hdo_30,surface,biological,13.3,29.97,8.25,NA,NA,NA,6.8,1000,0,51.6551346,-128.1292625,mud,n,320,p,seagrass,zostera,seagrass_mud,zostera_mud,99.68,9.126599999999999e-159,310,Metazoa,Arthropoda,Copepoda,Calanoida,Acartiidae,Acartia,0,0,TRUE,ASV25,27,Acartia (Acartiura) longiremis
edna0057,ASV1099,motu71,Acartia (Acartiura) longiremis,Calanoid copepod,species,1,1,NA,NA,64,163,NA,NA,NA,NA,NA,Acartia (Acartiura) longiremis,Calanoid copepod,2018_hdo_surface,hdo,beach_seine,2018-07-13,2018-07-11,2018,surface,2,edna_hdo_30,surface,biological,13.3,29.97,8.25,NA,NA,NA,6.8,1000,0,51.6551346,-128.1292625,mud,n,320,p,seagrass,zostera,seagrass_mud,zostera_mud,99.68,9.126599999999999e-159,310,Metazoa,Arthropoda,Copepoda,Calanoida,Acartiidae,Acartia,0,0,TRUE,ASV81,23,Acartia (Acartiura) longiremis
edna0057,ASV750,motu654,Orobdella,Freshwater leech,genus,1,1,1,1,94,185,72,12,NA,NA,NA,Orobdella,Freshwater leech,2018_hdo_surface,hdo,beach_seine,2018-07-13,2018-07-11,2018,surface,2,edna_hdo_30,surface,biological,13.3,29.97,8.25,NA,NA,NA,6.8,1000,0,51.6551346,-128.1292625,mud,n,320,p,seagrass,zostera,seagrass_mud,zostera_mud,97.06,0.00121031,31,Metazoa,Annelida,Annelida,Erpobdelliformes,Orobdellidae,Orobdella,NA,NA,TRUE,ASV750,1,NA
edna0057,ASV674,motu334,Synchaeta pectinata,Rotifer,species,1,1,1,1,107,217,74,85,NA,NA,NA,Synchaeta pectinata,Rotifer,2018_hdo_surface,hdo,beach_seine,2018-07-13,2018-07-11,2018,surface,2,edna_hdo_30,surface,biological,13.3,29.97,8.25,NA,NA,NA,6.8,1000,0,51.6551346,-128.1292625,mud,n,320,p,seagrass,zostera,seagrass_mud,zostera_mud,90.79,3.5361899999999996e-113,228,Metazoa,Rotifera,Eurotatoria,Ploima,Synchaetidae,Synchaeta,0,0,TRUE,ASV377,5,Synchaeta pectinata
edna0057,ASV1225,motu71,Acartia (Acartiura) longiremis,Calanoid copepod,species,1,1,NA,NA,309,622,NA,NA,NA,NA,NA,Acartia (Acartiura) longiremis,Calanoid copepod,2018_hdo_surface,hdo,beach_seine,2018-07-13,2018-07-11,2018,surface,2,edna_hdo_30,surface,biological,13.3,29.97,8.25,NA,NA,NA,6.8,1000,0,51.6551346,-128.1292625,mud,n,320,p,seagrass,zostera,seagrass_mud,zostera_mud,99.68,9.126599999999999e-159,310,Metazoa,Arthropoda,Copepoda,Calanoida,Acartiidae,Acartia,0,0,TRUE,ASV81,23,Acartia (Acartiura) longiremis
edna0057,ASV990,motu22,Acartia (Acartiura) longiremis,Calanoid copepod,species,1,1,1,1,307,765,123,131,NA,NA,NA,Acartia (Acartiura) longiremis,Calanoid copepod,2018_hdo_surface,hdo,beach_seine,2018-07-13,2018-07-11,2018,surface,2,edna_hdo_30,surface,biological,13.3,29.97,8.25,NA,NA,NA,6.8,1000,0,51.6551346,-128.1292625,mud,n,320,p,seagrass,zostera,seagrass_mud,zostera_mud,99.68,9.126599999999999e-159,310,Metazoa,Arthropoda,Copepoda,Calanoida,Acartiidae,Acartia,0,0,TRUE,ASV25,27,Acartia (Acartiura) longiremis
edna0057,ASV772,motu672,Parastenocarididae,Harpacticoid copepod,family,1,1,NA,NA,18,37,NA,NA,NA,NA,NA,Parastenocarididae,Harpacticoid copepod,2018_hdo_surface,hdo,beach_seine,2018-07-13,2018-07-11,2018,surface,2,edna_hdo_30,surface,biological,13.3,29.97,8.25,NA,NA,NA,6.8,1000,0,51.6551346,-128.1292625,mud,n,320,p,seagrass,zostera,seagrass_mud,zostera_mud,94.59,0.00408744,30,Metazoa,Arthropoda,Arthropoda,Harpacticoida,Parastenocarididae,NA,1,0,TRUE,ASV772,1,NA
edna0057,ASV920,motu800,Polymorphidae,Thorny headed worm,family,1,1,1,1,160,267,103,58,38,NA,42,Polymorphidae,Thorny headed worm,2018_hdo_surface,hdo,beach_seine,2018-07-13,2018-07-11,2018,surface,2,edna_hdo_30,surface,biological,13.3,29.97,8.25,NA,NA,NA,6.8,1000,0,51.6551346,-128.1292625,mud,n,320,p,seagrass,zostera,seagrass_mud,zostera_mud,94.87,8.37307e-5,33,Metazoa,Acanthocephala,Acanthocephala,Polymorphida,Polymorphidae,NA,0,0,TRUE,ASV920,3,NA
edna0057,ASV670,motu583,Synchaeta triophthalma,Rotifer,species,1,1,1,1,44,63,26,36,18,NA,16,Synchaeta triophthalma,Rotifer,2018_hdo_surface,hdo,beach_seine,2018-07-13,2018-07-11,2018,surface,2,edna_hdo_30,surface,biological,13.3,29.97,8.25,NA,NA,NA,6.8,1000,0,51.6551346,-128.1292625,mud,n,320,p,seagrass,zostera,seagrass_mud,zostera_mud,91.99,3.511259999999999e-118,237,Metazoa,Rotifera,Eurotatoria,Ploima,Synchaetidae,Synchaeta,0,0,TRUE,ASV670,4,Synchaeta triophthalma
edna0057,ASV1457,motu942,Balanus,Barnacle species,genus,1,1,NA,NA,245,429,NA,NA,NA,NA,NA,Balanus,Barnacle species,2018_hdo_surface,hdo,beach_seine,2018-07-13,2018-07-11,2018,surface,2,edna_hdo_30,surface,biological,13.3,29.97,8.25,NA,NA,NA,6.8,1000,0,51.6551346,-128.1292625,mud,n,320,p,seagrass,zostera,seagrass_mud,zostera_mud,99.67,6.925819999999995e-155,303,Metazoa,Arthropoda,Arthropoda,Balanomorpha,Balanidae,Balanus,0,0,TRUE,ASV1095,4,NA
edna0057,ASV647,motu560,Synchaeta triophthalma,Rotifer,species,1,1,1,1,35,80,27,43,16,NA,11,Synchaeta triophthalma,Rotifer,2018_hdo_surface,hdo,beach_seine,2018-07-13,2018-07-11,2018,surface,2,edna_hdo_30,surface,biological,13.3,29.97,8.25,NA,NA,NA,6.8,1000,0,51.6551346,-128.1292625,mud,n,320,p,seagrass,zostera,seagrass_mud,zostera_mud,91.99,3.511259999999999e-118,237,Metazoa,Rotifera,Eurotatoria,Ploima,Synchaetidae,Synchaeta,0,0,TRUE,ASV647,4,Synchaeta triophthalma
edna0057,ASV1219,motu543,Balanus,Barnacle species,genus,1,1,1,1,231,404,80,106,63,NA,55,Balanus,Barnacle species,2018_hdo_surface,hdo,beach_seine,2018-07-13,2018-07-11,2018,surface,2,edna_hdo_30,surface,biological,13.3,29.97,8.25,NA,NA,NA,6.8,1000,0,51.6551346,-128.1292625,mud,n,320,p,seagrass,zostera,seagrass_mud,zostera_mud,99.67,6.925819999999995e-155,303,Metazoa,Arthropoda,Arthropoda,Balanomorpha,Balanidae,Balanus,0,0,TRUE,ASV623,7,NA
edna0057,ASV1013,motu876,Orobdella,Freshwater leech,genus,1,1,NA,NA,91,204,NA,NA,NA,NA,NA,Orobdella,Freshwater leech,2018_hdo_surface,hdo,beach_seine,2018-07-13,2018-07-11,2018,surface,2,edna_hdo_30,surface,biological,13.3,29.97,8.25,NA,NA,NA,6.8,1000,0,51.6551346,-128.1292625,mud,n,320,p,seagrass,zostera,seagrass_mud,zostera_mud,97.06,0.00121031,31,Metazoa,Annelida,Annelida,Erpobdelliformes,Orobdellidae,Orobdella,NA,NA,TRUE,ASV1013,1,NA
edna0057,ASV1367,motu1153,Cyanea,Lions mane jellyfish species,genus,1,NA,NA,NA,3,NA,NA,NA,NA,NA,NA,Cyanea,Lions mane jellyfish species,2018_hdo_surface,hdo,beach_seine,2018-07-13,2018-07-11,2018,surface,2,edna_hdo_30,surface,biological,13.3,29.97,8.25,NA,NA,NA,6.8,1000,0,51.6551346,-128.1292625,mud,n,320,p,seagrass,zostera,seagrass_mud,zostera_mud,100,3.2351099999999996e-158,309,Metazoa,Cnidaria,Scyphozoa,Semaeostomeae,Cyaneidae,Cyanea,0,0,TRUE,ASV1367,2,NA
edna0057,ASV1040,motu897,Oithona similis,Cyclopoid copepod,species,1,1,1,NA,20,38,13,NA,NA,NA,NA,Oithona similis,Cyclopoid copepod,2018_hdo_surface,hdo,beach_seine,2018-07-13,2018-07-11,2018,surface,2,edna_hdo_30,surface,biological,13.3,29.97,8.25,NA,NA,NA,6.8,1000,0,51.6551346,-128.1292625,mud,n,320,p,seagrass,zostera,seagrass_mud,zostera_mud,96.17,2.0179399999999996e-140,277,Metazoa,Arthropoda,Copepoda,Cyclopoida,Oithonidae,Oithona,0,0,TRUE,ASV1040,1,Oithona similis
edna0057,ASV1521,motu1283,Polymorphidae,Thorny headed worm,family,1,1,NA,NA,130,241,NA,NA,NA,NA,NA,Polymorphidae,Thorny headed worm,2018_hdo_surface,hdo,beach_seine,2018-07-13,2018-07-11,2018,surface,2,edna_hdo_30,surface,biological,13.3,29.97,8.25,NA,NA,NA,6.8,1000,0,51.6551346,-128.1292625,mud,n,320,p,seagrass,zostera,seagrass_mud,zostera_mud,94.87,8.37307e-5,33,Metazoa,Acanthocephala,Acanthocephala,Polymorphida,Polymorphidae,NA,0,0,TRUE,ASV1521,2,NA
edna0057,ASV1445,motu1221,Cistenides granulata,Trumpet worm,species,1,NA,1,NA,55,NA,44,NA,NA,NA,NA,Cistenides granulata,Trumpet worm,2018_hdo_surface,hdo,beach_seine,2018-07-13,2018-07-11,2018,surface,2,edna_hdo_30,surface,biological,13.3,29.97,8.25,NA,NA,NA,6.8,1000,0,51.6551346,-128.1292625,mud,n,320,p,seagrass,zostera,seagrass_mud,zostera_mud,100,1.4886099999999998e-156,306,Metazoa,Annelida,Polychaeta,Terebellida,Pectinariidae,Pectinaria,0,0,TRUE,ASV1445,1,Cistenides granulata
edna0057,ASV1502,motu1269,Oithona similis,Cyclopoid copepod,species,1,1,NA,NA,21,41,NA,NA,NA,NA,NA,Oithona similis,Cyclopoid copepod,2018_hdo_surface,hdo,beach_seine,2018-07-13,2018-07-11,2018,surface,2,edna_hdo_30,surface,biological,13.3,29.97,8.25,NA,NA,NA,6.8,1000,0,51.6551346,-128.1292625,mud,n,320,p,seagrass,zostera,seagrass_mud,zostera_mud,96.17,2.0179399999999996e-140,277,Metazoa,Arthropoda,Copepoda,Cyclopoida,Oithonidae,Oithona,0,0,TRUE,ASV1502,1,Oithona similis
edna0057,ASV1865,motu71,Acartia (Acartiura) longiremis,Calanoid copepod,species,1,1,NA,NA,168,244,NA,NA,NA,NA,NA,Acartia (Acartiura) longiremis,Calanoid copepod,2018_hdo_surface,hdo,beach_seine,2018-07-13,2018-07-11,2018,surface,2,edna_hdo_30,surface,biological,13.3,29.97,8.25,NA,NA,NA,6.8,1000,0,51.6551346,-128.1292625,mud,n,320,p,seagrass,zostera,seagrass_mud,zostera_mud,99.68,9.126599999999999e-159,310,Metazoa,Arthropoda,Copepoda,Calanoida,Acartiidae,Acartia,0,0,TRUE,ASV81,23,Acartia (Acartiura) longiremis
edna0057,ASV1712,motu1430,Cistenides granulata,Trumpet worm,species,1,1,NA,NA,56,115,NA,NA,NA,NA,NA,Cistenides granulata,Trumpet worm,2018_hdo_surface,hdo,beach_seine,2018-07-13,2018-07-11,2018,surface,2,edna_hdo_30,surface,biological,13.3,29.97,8.25,NA,NA,NA,6.8,1000,0,51.6551346,-128.1292625,mud,n,320,p,seagrass,zostera,seagrass_mud,zostera_mud,100,1.96163e-160,313,Metazoa,Annelida,Polychaeta,Terebellida,Pectinariidae,Pectinaria,0,0,TRUE,ASV1712,1,Cistenides granulata
edna0057,ASV1864,motu1553,Kellia suborbicularis,Suborbicular kellyclam,species,1,1,NA,NA,145,268,NA,NA,NA,NA,NA,Kellia suborbicularis,Suborbicular kellyclam,2018_hdo_surface,hdo,beach_seine,2018-07-13,2018-07-11,2018,surface,2,edna_hdo_30,surface,biological,13.3,29.97,8.25,NA,NA,NA,6.8,1000,0,51.6551346,-128.1292625,mud,n,320,p,seagrass,zostera,seagrass_mud,zostera_mud,97.76,9.256649999999999e-149,292,Metazoa,Mollusca,Bivalvia,Galeommatida,Lasaeidae,Kellia,0,0,TRUE,ASV1864,1,Kellia suborbicularis
edna0057,ASV1808,motu1310,Metridia pacifica,Calanoid copepod,species,1,1,NA,1,75,120,NA,24,NA,NA,NA,Metridia pacifica,Calanoid copepod,2018_hdo_surface,hdo,beach_seine,2018-07-13,2018-07-11,2018,surface,2,edna_hdo_30,surface,biological,13.3,29.97,8.25,NA,NA,NA,6.8,1000,0,51.6551346,-128.1292625,mud,n,320,p,seagrass,zostera,seagrass_mud,zostera_mud,100,1.96163e-160,313,Metazoa,Arthropoda,Copepoda,Calanoida,Metridinidae,Metridia,0,0,TRUE,ASV1555,6,Metridia pacifica
edna0057,ASV2343,motu1929,Kellia suborbicularis,Suborbicular kellyclam,species,1,NA,1,1,105,NA,50,53,50,NA,NA,Kellia suborbicularis,Suborbicular kellyclam,2018_hdo_surface,hdo,beach_seine,2018-07-13,2018-07-11,2018,surface,2,edna_hdo_30,surface,biological,13.3,29.97,8.25,NA,NA,NA,6.8,1000,0,51.6551346,-128.1292625,mud,n,320,p,seagrass,zostera,seagrass_mud,zostera_mud,97.76,9.256649999999999e-149,292,Metazoa,Mollusca,Bivalvia,Galeommatida,Lasaeidae,Kellia,0,0,TRUE,ASV2343,1,Kellia suborbicularis
edna0057,ASV3524,motu2801,Kellia suborbicularis,Suborbicular kellyclam,species,1,NA,NA,NA,98,NA,NA,NA,NA,NA,NA,Kellia suborbicularis,Suborbicular kellyclam,2018_hdo_surface,hdo,beach_seine,2018-07-13,2018-07-11,2018,surface,2,edna_hdo_30,surface,biological,13.3,29.97,8.25,NA,NA,NA,6.8,1000,0,51.6551346,-128.1292625,mud,n,320,p,seagrass,zostera,seagrass_mud,zostera_mud,98.08,1.9895899999999988e-150,295,Metazoa,Mollusca,Bivalvia,Galeommatida,Lasaeidae,Kellia,0,0,TRUE,ASV3524,1,Kellia suborbicularis
edna0057,ASV1798,motu22,Acartia (Acartiura) longiremis,Calanoid copepod,species,1,1,1,NA,95,260,91,NA,NA,NA,NA,Acartia (Acartiura) longiremis,Calanoid copepod,2018_hdo_surface,hdo,beach_seine,2018-07-13,2018-07-11,2018,surface,2,edna_hdo_30,surface,biological,13.3,29.97,8.25,NA,NA,NA,6.8,1000,0,51.6551346,-128.1292625,mud,n,320,p,seagrass,zostera,seagrass_mud,zostera_mud,99.68,9.126599999999999e-159,310,Metazoa,Arthropoda,Copepoda,Calanoida,Acartiidae,Acartia,0,0,TRUE,ASV25,27,Acartia (Acartiura) longiremis
edna0057,ASV3576,motu567,Kellia suborbicularis,Suborbicular kellyclam,species,1,NA,NA,NA,95,NA,NA,NA,NA,NA,NA,Kellia suborbicularis,Suborbicular kellyclam,2018_hdo_surface,hdo,beach_seine,2018-07-13,2018-07-11,2018,surface,2,edna_hdo_30,surface,biological,13.3,29.97,8.25,NA,NA,NA,6.8,1000,0,51.6551346,-128.1292625,mud,n,320,p,seagrass,zostera,seagrass_mud,zostera_mud,98.4,4.27634e-152,298,Metazoa,Mollusca,Bivalvia,Galeommatida,Lasaeidae,Kellia,0,0,TRUE,ASV654,4,Kellia suborbicularis
edna0057,ASV4040,motu22,Acartia (Acartiura) longiremis,Calanoid copepod,species,1,NA,NA,NA,61,NA,NA,NA,NA,NA,NA,Acartia (Acartiura) longiremis,Calanoid copepod,2018_hdo_surface,hdo,beach_seine,2018-07-13,2018-07-11,2018,surface,2,edna_hdo_30,surface,biological,13.3,29.97,8.25,NA,NA,NA,6.8,1000,0,51.6551346,-128.1292625,mud,n,320,p,seagrass,zostera,seagrass_mud,zostera_mud,99.68,9.126599999999999e-159,310,Metazoa,Arthropoda,Copepoda,Calanoida,Acartiidae,Acartia,0,0,TRUE,ASV25,27,Acartia (Acartiura) longiremis
edna0057,ASV2502,motu71,Acartia (Acartiura) longiremis,Calanoid copepod,species,1,1,NA,NA,62,145,NA,NA,NA,NA,NA,Acartia (Acartiura) longiremis,Calanoid copepod,2018_hdo_surface,hdo,beach_seine,2018-07-13,2018-07-11,2018,surface,2,edna_hdo_30,surface,biological,13.3,29.97,8.25,NA,NA,NA,6.8,1000,0,51.6551346,-128.1292625,mud,n,320,p,seagrass,zostera,seagrass_mud,zostera_mud,99.68,9.126599999999999e-159,310,Metazoa,Arthropoda,Copepoda,Calanoida,Acartiidae,Acartia,0,0,TRUE,ASV81,23,Acartia (Acartiura) longiremis
edna0057,ASV1587,motu1337,Armandia brevis,Opheliid polychaete,species,1,NA,1,NA,41,NA,50,NA,NA,NA,NA,Armandia brevis,Opheliid polychaete,2018_hdo_surface,hdo,beach_seine,2018-07-13,2018-07-11,2018,surface,2,edna_hdo_30,surface,biological,13.3,29.97,8.25,NA,NA,NA,6.8,1000,0,51.6551346,-128.1292625,mud,n,320,p,seagrass,zostera,seagrass_mud,zostera_mud,100,2.1076299999999988e-175,340,Metazoa,Annelida,Polychaeta,NA,Opheliidae,Armandia,0,0,TRUE,ASV1587,2,Armandia brevis
edna0057,ASV1747,motu1458,Armandia brevis,Opheliid polychaete,species,1,1,1,NA,41,86,35,NA,NA,NA,NA,Armandia brevis,Opheliid polychaete,2018_hdo_surface,hdo,beach_seine,2018-07-13,2018-07-11,2018,surface,2,edna_hdo_30,surface,biological,13.3,29.97,8.25,NA,NA,NA,6.8,1000,0,51.6551346,-128.1292625,mud,n,320,p,seagrass,zostera,seagrass_mud,zostera_mud,100,3.4804099999999994e-173,336,Metazoa,Annelida,Polychaeta,NA,Opheliidae,Armandia,0,0,TRUE,ASV1747,1,Armandia brevis
edna0057,ASV3029,motu2441,Corynidae,Athecate hydroid,family,1,1,NA,NA,36,51,NA,NA,NA,NA,NA,Corynidae,Athecate hydroid,2018_hdo_surface,hdo,beach_seine,2018-07-13,2018-07-11,2018,surface,2,edna_hdo_30,surface,biological,13.3,29.97,8.25,NA,NA,NA,6.8,1000,0,51.6551346,-128.1292625,mud,n,320,p,seagrass,zostera,seagrass_mud,zostera_mud,94.12,1.5934199999999998e-126,252,Metazoa,Cnidaria,Cnidaria,Anthoathecata,Corynidae,NA,0,0,TRUE,ASV3029,2,NA
edna0057,ASV3266,motu2608,Arthropoda,Unknown arthropod,phylum,1,1,NA,NA,4,13,NA,NA,NA,NA,NA,Arthropoda,Unknown arthropod,2018_hdo_surface,hdo,beach_seine,2018-07-13,2018-07-11,2018,surface,2,edna_hdo_30,surface,biological,13.3,29.97,8.25,NA,NA,NA,6.8,1000,0,51.6551346,-128.1292625,mud,n,320,p,seagrass,zostera,seagrass_mud,zostera_mud,100,0.014701,29,Metazoa,Arthropoda,NA,NA,NA,NA,NA,NA,TRUE,ASV3266,1,NA
edna0057,ASV3148,motu2526,Cardiida,Mussel species,order,1,1,1,NA,5,7,4,NA,NA,NA,NA,Cardiida,Mussel species,2018_hdo_surface,hdo,beach_seine,2018-07-13,2018-07-11,2018,surface,2,edna_hdo_30,surface,biological,13.3,29.97,8.25,NA,NA,NA,6.8,1000,0,51.6551346,-128.1292625,mud,n,320,p,seagrass,zostera,seagrass_mud,zostera_mud,100,0.0374129,28,Metazoa,Mollusca,Mollusca,Cardiida,NA,NA,0,0,TRUE,ASV3148,1,NA
edna0057,ASV6859,motu5334,Humilaria kennerleyi,Kennerleys venus,species,1,NA,NA,NA,3,NA,NA,NA,NA,NA,NA,Humilaria kennerleyi,Kennerleys venus,2018_hdo_surface,hdo,beach_seine,2018-07-13,2018-07-11,2018,surface,2,edna_hdo_30,surface,biological,13.3,29.97,8.25,NA,NA,NA,6.8,1000,0,51.6551346,-128.1292625,mud,n,320,p,seagrass,zostera,seagrass_mud,zostera_mud,100,5.441569999999996e-156,305,Metazoa,Mollusca,Bivalvia,Venerida,Veneridae,Humilaria,0,0,TRUE,ASV6859,1,Humilaria kennerleyi
edna0057,ASV2852,motu2305,Coleoptera,Hexapod,order,1,1,NA,NA,4,2,NA,NA,NA,NA,NA,Coleoptera,Hexapod,2018_hdo_surface,hdo,beach_seine,2018-07-13,2018-07-11,2018,surface,2,edna_hdo_30,surface,biological,13.3,29.97,8.25,NA,NA,NA,6.8,1000,0,51.6551346,-128.1292625,mud,n,320,p,seagrass,zostera,seagrass_mud,zostera_mud,100,0.00110774,31,Metazoa,Arthropoda,Arthropoda,Coleoptera,NA,NA,NA,NA,TRUE,ASV2852,1,NA
edna0101,ASV25,motu22,Acartia (Acartiura) longiremis,Calanoid copepod,species,1,1,1,NA,127,252,42,NA,NA,NA,NA,Acartia (Acartiura) longiremis,Calanoid copepod,2018_koe3_surface,koe3,beach_seine,2018-07-20,2018-07-18,2018,surface,2,edna_koe3_15,surface,biological,14,34.3,8.06,10.8,30.84,7.99,1.8,1000,0,51.77588187,-127.8790909,sand,n,90,p,macroalgae,nereocystis,macroalgae_sand,nereocystis_sand,100,1.96163e-160,313,Metazoa,Arthropoda,Copepoda,Calanoida,Acartiidae,Acartia,0,0,TRUE,ASV25,27,Acartia (Acartiura) longiremis
edna0101,ASV81,motu71,Acartia (Acartiura) longiremis,Calanoid copepod,species,1,1,NA,NA,113,222,NA,NA,NA,NA,NA,Acartia (Acartiura) longiremis,Calanoid copepod,2018_koe3_surface,koe3,beach_seine,2018-07-20,2018-07-18,2018,surface,2,edna_koe3_15,surface,biological,14,34.3,8.06,10.8,30.84,7.99,1.8,1000,0,51.77588187,-127.8790909,sand,n,90,p,macroalgae,nereocystis,macroalgae_sand,nereocystis_sand,100,1.96163e-160,313,Metazoa,Arthropoda,Copepoda,Calanoida,Acartiidae,Acartia,0,0,TRUE,ASV81,23,Acartia (Acartiura) longiremis
edna0101,ASV34,motu31,Centropages abdominalis,Calanoid copepod,species,1,1,1,NA,26,44,17,NA,NA,NA,NA,Centropages abdominalis,Calanoid copepod,2018_koe3_surface,koe3,beach_seine,2018-07-20,2018-07-18,2018,surface,2,edna_koe3_15,surface,biological,14,34.3,8.06,10.8,30.84,7.99,1.8,1000,0,51.77588187,-127.8790909,sand,n,90,p,macroalgae,nereocystis,macroalgae_sand,nereocystis_sand,100,1.96163e-160,313,Metazoa,Arthropoda,Copepoda,Calanoida,Centropagidae,Centropages,0,0,TRUE,ASV34,19,Centropages abdominalis
edna0101,ASV143,motu128,Centropages abdominalis,Calanoid copepod,species,1,1,NA,NA,15,30,NA,NA,NA,NA,NA,Centropages abdominalis,Calanoid copepod,2018_koe3_surface,koe3,beach_seine,2018-07-20,2018-07-18,2018,surface,2,edna_koe3_15,surface,biological,14,34.3,8.06,10.8,30.84,7.99,1.8,1000,0,51.77588187,-127.8790909,sand,n,90,p,macroalgae,nereocystis,macroalgae_sand,nereocystis_sand,100,1.96163e-160,313,Metazoa,Arthropoda,Copepoda,Calanoida,Centropagidae,Centropages,0,0,TRUE,ASV143,11,Centropages abdominalis
edna0101,ASV258,motu228,Lensia,Siphonophore,genus,1,1,NA,NA,61,116,NA,NA,NA,NA,NA,Lensia,Siphonophore,2018_koe3_surface,koe3,beach_seine,2018-07-20,2018-07-18,2018,surface,2,edna_koe3_15,surface,biological,14,34.3,8.06,10.8,30.84,7.99,1.8,1000,0,51.77588187,-127.8790909,sand,n,90,p,macroalgae,nereocystis,macroalgae_sand,nereocystis_sand,100,0.00408744,30,Metazoa,Cnidaria,Cnidaria,Siphonophorae,Diphyidae,Lensia,0,0,TRUE,ASV258,1,NA
edna0101,ASV131,motu117,Lensia,Siphonophore,genus,1,1,NA,NA,57,103,NA,NA,NA,NA,NA,Lensia,Siphonophore,2018_koe3_surface,koe3,beach_seine,2018-07-20,2018-07-18,2018,surface,2,edna_koe3_15,surface,biological,14,34.3,8.06,10.8,30.84,7.99,1.8,1000,0,51.77588187,-127.8790909,sand,n,90,p,macroalgae,nereocystis,macroalgae_sand,nereocystis_sand,100,0.00408744,30,Metazoa,Cnidaria,Cnidaria,Siphonophorae,Diphyidae,Lensia,0,0,TRUE,ASV131,2,NA
edna0101,ASV226,motu199,Mytilus trossulus,Bay mussel,species,1,1,NA,NA,38,59,NA,NA,NA,NA,NA,Mytilus trossulus,Bay mussel,2018_koe3_surface,koe3,beach_seine,2018-07-20,2018-07-18,2018,surface,2,edna_koe3_15,surface,biological,14,34.3,8.06,10.8,30.84,7.99,1.8,1000,0,51.77588187,-127.8790909,sand,n,90,p,macroalgae,nereocystis,macroalgae_sand,nereocystis_sand,100,3.2351099999999996e-158,309,Metazoa,Mollusca,Mollusca,Mytilida,Mytilidae,Mytilus,0,0,TRUE,ASV226,18,Mytilus trossulus
edna0101,ASV216,motu190,Mytilus trossulus,Bay mussel,species,1,1,1,NA,43,52,39,NA,NA,NA,NA,Mytilus trossulus,Bay mussel,2018_koe3_surface,koe3,beach_seine,2018-07-20,2018-07-18,2018,surface,2,edna_koe3_15,surface,biological,14,34.3,8.06,10.8,30.84,7.99,1.8,1000,0,51.77588187,-127.8790909,sand,n,90,p,macroalgae,nereocystis,macroalgae_sand,nereocystis_sand,100,3.2351099999999996e-158,309,Metazoa,Mollusca,Mollusca,Mytilida,Mytilidae,Mytilus,0,0,TRUE,ASV216,23,Mytilus trossulus
edna0101,ASV233,motu74,Euchlanidae,Rotifer,family,1,1,1,NA,116,216,65,NA,NA,NA,NA,No Results,No Results,2018_koe3_surface,koe3,beach_seine,2018-07-20,2018-07-18,2018,surface,2,edna_koe3_15,surface,biological,14,34.3,8.06,10.8,30.84,7.99,1.8,1000,0,51.77588187,-127.8790909,sand,n,90,p,macroalgae,nereocystis,macroalgae_sand,nereocystis_sand,91.35,3.005919999999998e-29,77,Metazoa,Rotifera,Rotifera,Ploima,Euchlanidae,NA,1,NA,TRUE,ASV84,2,NA
edna0101,ASV452,motu183,Euchlanidae,Rotifer,family,1,1,NA,NA,92,184,NA,NA,NA,NA,NA,No Results,No Results,2018_koe3_surface,koe3,beach_seine,2018-07-20,2018-07-18,2018,surface,2,edna_koe3_15,surface,biological,14,34.3,8.06,10.8,30.84,7.99,1.8,1000,0,51.77588187,-127.8790909,sand,n,90,p,macroalgae,nereocystis,macroalgae_sand,nereocystis_sand,91.35,3.005919999999998e-29,77,Metazoa,Rotifera,Rotifera,Ploima,Euchlanidae,NA,1,NA,TRUE,ASV208,2,NA
edna0101,ASV760,motu394,Balanus glandula,Acorn barnacle,species,1,NA,NA,NA,8,NA,NA,NA,NA,NA,NA,Balanus glandula,Acorn barnacle,2018_koe3_surface,koe3,beach_seine,2018-07-20,2018-07-18,2018,surface,2,edna_koe3_15,surface,biological,14,34.3,8.06,10.8,30.84,7.99,1.8,1000,0,51.77588187,-127.8790909,sand,n,90,p,macroalgae,nereocystis,macroalgae_sand,nereocystis_sand,99.68,1.5051499999999994e-156,306,Metazoa,Arthropoda,Thecostraca,Balanomorpha,Balanidae,Balanus,0,0,TRUE,ASV447,12,Balanus glandula
edna0101,ASV467,motu412,Saxidomus,Washington clam species,genus,1,1,1,NA,13,23,7,NA,NA,NA,NA,Saxidomus,Washington clam species,2018_koe3_surface,koe3,beach_seine,2018-07-20,2018-07-18,2018,surface,2,edna_koe3_15,surface,biological,14,34.3,8.06,10.8,30.84,7.99,1.8,1000,0,51.77588187,-127.8790909,sand,n,90,p,macroalgae,nereocystis,macroalgae_sand,nereocystis_sand,100,1.96163e-160,313,Metazoa,Mollusca,Mollusca,Venerida,Veneridae,Saxidomus,0,0,TRUE,ASV467,12,NA
edna0101,ASV865,motu753,Parastenocarididae,Harpacticoid copepod,family,1,1,NA,NA,15,55,NA,NA,NA,NA,NA,Parastenocarididae,Harpacticoid copepod,2018_koe3_surface,koe3,beach_seine,2018-07-20,2018-07-18,2018,surface,2,edna_koe3_15,surface,biological,14,34.3,8.06,10.8,30.84,7.99,1.8,1000,0,51.77588187,-127.8790909,sand,n,90,p,macroalgae,nereocystis,macroalgae_sand,nereocystis_sand,94.59,0.00408744,30,Metazoa,Arthropoda,Arthropoda,Harpacticoida,Parastenocarididae,NA,1,0,TRUE,ASV865,1,NA
edna0101,ASV860,motu748,Saxidomus,Washington clam species,genus,1,1,NA,NA,23,20,NA,NA,NA,NA,NA,Saxidomus,Washington clam species,2018_koe3_surface,koe3,beach_seine,2018-07-20,2018-07-18,2018,surface,2,edna_koe3_15,surface,biological,14,34.3,8.06,10.8,30.84,7.99,1.8,1000,0,51.77588187,-127.8790909,sand,n,90,p,macroalgae,nereocystis,macroalgae_sand,nereocystis_sand,100,1.96163e-160,313,Metazoa,Mollusca,Mollusca,Venerida,Veneridae,Saxidomus,0,0,TRUE,ASV860,4,NA
edna0101,ASV713,motu350,Synchaeta pectinata,Rotifer,species,1,1,NA,NA,11,6,NA,NA,NA,NA,NA,Synchaeta pectinata,Rotifer,2018_koe3_surface,koe3,beach_seine,2018-07-20,2018-07-18,2018,surface,2,edna_koe3_15,surface,biological,14,34.3,8.06,10.8,30.84,7.99,1.8,1000,0,51.77588187,-127.8790909,sand,n,90,p,macroalgae,nereocystis,macroalgae_sand,nereocystis_sand,90.79,3.5361899999999996e-113,228,Metazoa,Rotifera,Eurotatoria,Ploima,Synchaetidae,Synchaeta,0,0,TRUE,ASV398,4,Synchaeta pectinata
edna0101,ASV750,motu654,Orobdella,Freshwater leech,genus,1,1,NA,NA,8,8,NA,NA,NA,NA,NA,Orobdella,Freshwater leech,2018_koe3_surface,koe3,beach_seine,2018-07-20,2018-07-18,2018,surface,2,edna_koe3_15,surface,biological,14,34.3,8.06,10.8,30.84,7.99,1.8,1000,0,51.77588187,-127.8790909,sand,n,90,p,macroalgae,nereocystis,macroalgae_sand,nereocystis_sand,97.06,0.00121031,31,Metazoa,Annelida,Annelida,Erpobdelliformes,Orobdellidae,Orobdella,NA,NA,TRUE,ASV750,1,NA
edna0101,ASV670,motu583,Synchaeta triophthalma,Rotifer,species,1,NA,NA,NA,3,NA,NA,NA,NA,NA,NA,Synchaeta triophthalma,Rotifer,2018_koe3_surface,koe3,beach_seine,2018-07-20,2018-07-18,2018,surface,2,edna_koe3_15,surface,biological,14,34.3,8.06,10.8,30.84,7.99,1.8,1000,0,51.77588187,-127.8790909,sand,n,90,p,macroalgae,nereocystis,macroalgae_sand,nereocystis_sand,91.99,3.511259999999999e-118,237,Metazoa,Rotifera,Eurotatoria,Ploima,Synchaetidae,Synchaeta,0,0,TRUE,ASV670,4,Synchaeta triophthalma
edna0101,ASV2187,motu1804,Saccocirrus,Polychaete,genus,1,1,NA,NA,87,135,NA,NA,NA,NA,NA,Saccocirrus,Polychaete,2018_koe3_surface,koe3,beach_seine,2018-07-20,2018-07-18,2018,surface,2,edna_koe3_15,surface,biological,14,34.3,8.06,10.8,30.84,7.99,1.8,1000,0,51.77588187,-127.8790909,sand,n,90,p,macroalgae,nereocystis,macroalgae_sand,nereocystis_sand,100,1.96163e-160,313,Metazoa,Annelida,Polychaeta,NA,Saccocirridae,Saccocirrus,0,0,TRUE,ASV2187,1,NA
edna0101,ASV2058,motu1704,Saccocirrus,Polychaete,genus,1,1,NA,NA,83,156,NA,NA,NA,NA,NA,Saccocirrus,Polychaete,2018_koe3_surface,koe3,beach_seine,2018-07-20,2018-07-18,2018,surface,2,edna_koe3_15,surface,biological,14,34.3,8.06,10.8,30.84,7.99,1.8,1000,0,51.77588187,-127.8790909,sand,n,90,p,macroalgae,nereocystis,macroalgae_sand,nereocystis_sand,100,1.96163e-160,313,Metazoa,Annelida,Polychaeta,NA,Saccocirridae,Saccocirrus,0,0,TRUE,ASV2058,1,NA
edna0101,ASV3910,motu1419,Aurelia labiata,Moon jelly species,species,1,NA,NA,NA,34,NA,NA,NA,NA,NA,NA,Aurelia labiata,Moon jelly species,2018_koe3_surface,koe3,beach_seine,2018-07-20,2018-07-18,2018,surface,2,edna_koe3_15,surface,biological,14,34.3,8.06,10.8,30.84,7.99,1.8,1000,0,51.77588187,-127.8790909,sand,n,90,p,macroalgae,nereocystis,macroalgae_sand,nereocystis_sand,99.68,9.126599999999999e-159,310,Metazoa,Cnidaria,Scyphozoa,Semaeostomeae,Ulmaridae,Aurelia,0,0,TRUE,ASV1698,4,Aurelia labiata
edna0101,ASV1680,motu1405,Aurelia,Moon jelly species,genus,1,NA,NA,NA,36,NA,NA,NA,NA,NA,NA,Aurelia,Moon jelly species,2018_koe3_surface,koe3,beach_seine,2018-07-20,2018-07-18,2018,surface,2,edna_koe3_15,surface,biological,14,34.3,8.06,10.8,30.84,7.99,1.8,1000,0,51.77588187,-127.8790909,sand,n,90,p,macroalgae,nereocystis,macroalgae_sand,nereocystis_sand,100,1.96163e-160,313,Metazoa,Cnidaria,Cnidaria,Semaeostomeae,Ulmaridae,Aurelia,0,0,TRUE,ASV1680,1,NA
edna0101,ASV7799,motu6145,Siboglinidae,Feather duster worm,family,1,NA,NA,NA,2,NA,NA,NA,NA,NA,NA,Siboglinidae,Feather duster worm,2018_koe3_surface,koe3,beach_seine,2018-07-20,2018-07-18,2018,surface,2,edna_koe3_15,surface,biological,14,34.3,8.06,10.8,30.84,7.99,1.8,1000,0,51.77588187,-127.8790909,sand,n,90,p,macroalgae,nereocystis,macroalgae_sand,nereocystis_sand,91.94,1.91274e-11,45,Metazoa,Annelida,Annelida,Sabellida,Siboglinidae,NA,0,0,TRUE,ASV7799,1,NA
edna0083,ASV25,motu22,Acartia (Acartiura) longiremis,Calanoid copepod,species,1,1,1,1,73,161,34,219,198,NA,195,Acartia (Acartiura) longiremis,Calanoid copepod,2018_manley_surface,manley,kelp,2018-07-16,NA,2018,surface,2,edna_manley_15,surface,biological,14.4,30.5,8.25,11.5,31.15,8.06,5.7,1000,0,51.80121719,-128.199621,rock,NA,NA,NA,macroalgae,macrocystis,macroalgae_rock,macrocystis_rock,100,1.96163e-160,313,Metazoa,Arthropoda,Copepoda,Calanoida,Acartiidae,Acartia,0,0,TRUE,ASV25,27,Acartia (Acartiura) longiremis
edna0083,ASV81,motu71,Acartia (Acartiura) longiremis,Calanoid copepod,species,1,1,NA,NA,62,136,NA,NA,NA,NA,NA,Acartia (Acartiura) longiremis,Calanoid copepod,2018_manley_surface,manley,kelp,2018-07-16,NA,2018,surface,2,edna_manley_15,surface,biological,14.4,30.5,8.25,11.5,31.15,8.06,5.7,1000,0,51.80121719,-128.199621,rock,NA,NA,NA,macroalgae,macrocystis,macroalgae_rock,macrocystis_rock,100,1.96163e-160,313,Metazoa,Arthropoda,Copepoda,Calanoida,Acartiidae,Acartia,0,0,TRUE,ASV81,23,Acartia (Acartiura) longiremis
edna0083,ASV34,motu31,Centropages abdominalis,Calanoid copepod,species,1,1,1,1,61,89,57,167,146,NA,163,Centropages abdominalis,Calanoid copepod,2018_manley_surface,manley,kelp,2018-07-16,NA,2018,surface,2,edna_manley_15,surface,biological,14.4,30.5,8.25,11.5,31.15,8.06,5.7,1000,0,51.80121719,-128.199621,rock,NA,NA,NA,macroalgae,macrocystis,macroalgae_rock,macrocystis_rock,100,1.96163e-160,313,Metazoa,Arthropoda,Copepoda,Calanoida,Centropagidae,Centropages,0,0,TRUE,ASV34,19,Centropages abdominalis
edna0083,ASV143,motu128,Centropages abdominalis,Calanoid copepod,species,1,1,NA,NA,63,106,NA,NA,NA,NA,NA,Centropages abdominalis,Calanoid copepod,2018_manley_surface,manley,kelp,2018-07-16,NA,2018,surface,2,edna_manley_15,surface,biological,14.4,30.5,8.25,11.5,31.15,8.06,5.7,1000,0,51.80121719,-128.199621,rock,NA,NA,NA,macroalgae,macrocystis,macroalgae_rock,macrocystis_rock,100,1.96163e-160,313,Metazoa,Arthropoda,Copepoda,Calanoida,Centropagidae,Centropages,0,0,TRUE,ASV143,11,Centropages abdominalis
edna0083,ASV258,motu228,Lensia,Siphonophore,genus,1,1,NA,NA,14,25,NA,NA,NA,NA,NA,Lensia,Siphonophore,2018_manley_surface,manley,kelp,2018-07-16,NA,2018,surface,2,edna_manley_15,surface,biological,14.4,30.5,8.25,11.5,31.15,8.06,5.7,1000,0,51.80121719,-128.199621,rock,NA,NA,NA,macroalgae,macrocystis,macroalgae_rock,macrocystis_rock,100,0.00408744,30,Metazoa,Cnidaria,Cnidaria,Siphonophorae,Diphyidae,Lensia,0,0,TRUE,ASV258,1,NA
edna0083,ASV131,motu117,Lensia,Siphonophore,genus,1,1,NA,1,11,25,NA,22,34,NA,NA,Lensia,Siphonophore,2018_manley_surface,manley,kelp,2018-07-16,NA,2018,surface,2,edna_manley_15,surface,biological,14.4,30.5,8.25,11.5,31.15,8.06,5.7,1000,0,51.80121719,-128.199621,rock,NA,NA,NA,macroalgae,macrocystis,macroalgae_rock,macrocystis_rock,100,0.00408744,30,Metazoa,Cnidaria,Cnidaria,Siphonophorae,Diphyidae,Lensia,0,0,TRUE,ASV131,2,NA
edna0083,ASV171,motu150,Pseudocalanus mimus,Calanoid copepod,species,1,1,1,1,86,134,94,291,400,NA,348,Pseudocalanus mimus,Calanoid copepod,2018_manley_surface,manley,kelp,2018-07-16,NA,2018,surface,2,edna_manley_15,surface,biological,14.4,30.5,8.25,11.5,31.15,8.06,5.7,1000,0,51.80121719,-128.199621,rock,NA,NA,NA,macroalgae,macrocystis,macroalgae_rock,macrocystis_rock,99.67,9.19139e-154,301,Metazoa,Arthropoda,Copepoda,Calanoida,Clausocalanidae,Pseudocalanus,0,0,TRUE,ASV171,10,Pseudocalanus mimus
edna0083,ASV343,motu303,Pseudocalanus mimus,Calanoid copepod,species,1,1,NA,NA,110,154,NA,NA,NA,NA,NA,Pseudocalanus mimus,Calanoid copepod,2018_manley_surface,manley,kelp,2018-07-16,NA,2018,surface,2,edna_manley_15,surface,biological,14.4,30.5,8.25,11.5,31.15,8.06,5.7,1000,0,51.80121719,-128.199621,rock,NA,NA,NA,macroalgae,macrocystis,macroalgae_rock,macrocystis_rock,99.67,9.19139e-154,301,Metazoa,Arthropoda,Copepoda,Calanoida,Clausocalanidae,Pseudocalanus,0,0,TRUE,ASV343,11,Pseudocalanus mimus
edna0083,ASV232,motu204,Cecidomyiidae,Hexapod,genus,1,1,1,1,3,14,5,4,10,NA,10,Cecidomyiidae,Hexapod,2018_manley_surface,manley,kelp,2018-07-16,NA,2018,surface,2,edna_manley_15,surface,biological,14.4,30.5,8.25,11.5,31.15,8.06,5.7,1000,0,51.80121719,-128.199621,rock,NA,NA,NA,macroalgae,macrocystis,macroalgae_rock,macrocystis_rock,100,0.00408744,30,Metazoa,Arthropoda,Arthropoda,Diptera,Cecidomyiidae,Cecidomyiidae,NA,NA,TRUE,ASV232,1,NA
edna0083,ASV285,motu244,Ophiopholis,Brittle star species,genus,1,1,1,1,219,396,123,340,378,NA,352,Ophiopholis kennerlyi,Daisy brittle star,2018_manley_surface,manley,kelp,2018-07-16,NA,2018,surface,2,edna_manley_15,surface,biological,14.4,30.5,8.25,11.5,31.15,8.06,5.7,1000,0,51.80121719,-128.199621,rock,NA,NA,NA,macroalgae,macrocystis,macroalgae_rock,macrocystis_rock,100,1.96163e-160,313,Metazoa,Echinodermata,Echinodermata,Amphilepidida,Ophiopholidae,Ophiopholis,0,0,TRUE,ASV275,7,NA
edna0083,ASV275,motu244,Ophiopholis kennerlyi,Daisy brittle star,species,1,1,1,1,124,211,69,208,206,NA,182,Ophiopholis kennerlyi,Daisy brittle star,2018_manley_surface,manley,kelp,2018-07-16,NA,2018,surface,2,edna_manley_15,surface,biological,14.4,30.5,8.25,11.5,31.15,8.06,5.7,1000,0,51.80121719,-128.199621,rock,NA,NA,NA,macroalgae,macrocystis,macroalgae_rock,macrocystis_rock,100,1.96163e-160,313,Metazoa,Echinodermata,Echinodermata,Amphilepidida,Ophiopholidae,Ophiopholis,0,0,TRUE,ASV275,7,Ophiopholis kennerlyi
edna0083,ASV605,motu529,Ophiopholis,Brittle star species,genus,1,1,NA,NA,209,419,NA,NA,NA,NA,NA,Ophiopholis kennerlyi,Daisy brittle star,2018_manley_surface,manley,kelp,2018-07-16,NA,2018,surface,2,edna_manley_15,surface,biological,14.4,30.5,8.25,11.5,31.15,8.06,5.7,1000,0,51.80121719,-128.199621,rock,NA,NA,NA,macroalgae,macrocystis,macroalgae_rock,macrocystis_rock,100,1.96163e-160,313,Metazoa,Echinodermata,Echinodermata,Amphilepidida,Ophiopholidae,Ophiopholis,0,0,TRUE,ASV603,6,NA
edna0083,ASV595,motu522,Cecidomyiidae,Hexapod,genus,1,1,NA,NA,7,16,NA,NA,NA,NA,NA,Cecidomyiidae,Hexapod,2018_manley_surface,manley,kelp,2018-07-16,NA,2018,surface,2,edna_manley_15,surface,biological,14.4,30.5,8.25,11.5,31.15,8.06,5.7,1000,0,51.80121719,-128.199621,rock,NA,NA,NA,macroalgae,macrocystis,macroalgae_rock,macrocystis_rock,100,0.00408744,30,Metazoa,Arthropoda,Arthropoda,Diptera,Cecidomyiidae,Cecidomyiidae,NA,NA,TRUE,ASV595,1,NA
edna0083,ASV603,motu529,Ophiopholis kennerlyi,Daisy brittle star,species,1,1,NA,NA,93,199,NA,NA,NA,NA,NA,Ophiopholis kennerlyi,Daisy brittle star,2018_manley_surface,manley,kelp,2018-07-16,NA,2018,surface,2,edna_manley_15,surface,biological,14.4,30.5,8.25,11.5,31.15,8.06,5.7,1000,0,51.80121719,-128.199621,rock,NA,NA,NA,macroalgae,macrocystis,macroalgae_rock,macrocystis_rock,100,1.96163e-160,313,Metazoa,Echinodermata,Echinodermata,Amphilepidida,Ophiopholidae,Ophiopholis,0,0,TRUE,ASV603,6,Ophiopholis kennerlyi
edna0083,ASV390,motu343,Dodecaceria,Cirratulid polychaete,genus,1,1,1,NA,134,226,108,NA,NA,NA,NA,Dodecaceria,Cirratulid polychaete,2018_manley_surface,manley,kelp,2018-07-16,NA,2018,surface,2,edna_manley_15,surface,biological,14.4,30.5,8.25,11.5,31.15,8.06,5.7,1000,0,51.80121719,-128.199621,rock,NA,NA,NA,macroalgae,macrocystis,macroalgae_rock,macrocystis_rock,100,1.96163e-160,313,Metazoa,Annelida,Polychaeta,Terebellida,Cirratulidae,Dodecaceria,0,0,TRUE,ASV390,6,NA
edna0083,ASV352,motu311,Synchaeta vorax,Rotifer,species,1,1,1,1,118,206,75,255,222,NA,223,Synchaeta vorax,Rotifer,2018_manley_surface,manley,kelp,2018-07-16,NA,2018,surface,2,edna_manley_15,surface,biological,14.4,30.5,8.25,11.5,31.15,8.06,5.7,1000,0,51.80121719,-128.199621,rock,NA,NA,NA,macroalgae,macrocystis,macroalgae_rock,macrocystis_rock,98.08,7.129989999999999e-150,294,Metazoa,Rotifera,Eurotatoria,Ploima,Synchaetidae,Synchaeta,0,0,TRUE,ASV352,4,Synchaeta vorax
edna0083,ASV322,motu283,Dodecaceria,Cirratulid polychaete,genus,1,1,1,1,114,197,94,174,142,NA,155,Dodecaceria,Cirratulid polychaete,2018_manley_surface,manley,kelp,2018-07-16,NA,2018,surface,2,edna_manley_15,surface,biological,14.4,30.5,8.25,11.5,31.15,8.06,5.7,1000,0,51.80121719,-128.199621,rock,NA,NA,NA,macroalgae,macrocystis,macroalgae_rock,macrocystis_rock,100,1.96163e-160,313,Metazoa,Annelida,Polychaeta,Terebellida,Cirratulidae,Dodecaceria,0,0,TRUE,ASV322,5,NA
edna0083,ASV346,motu306,Synchaeta vorax,Rotifer,species,1,1,1,1,104,182,77,229,200,NA,218,Synchaeta vorax,Rotifer,2018_manley_surface,manley,kelp,2018-07-16,NA,2018,surface,2,edna_manley_15,surface,biological,14.4,30.5,8.25,11.5,31.15,8.06,5.7,1000,0,51.80121719,-128.199621,rock,NA,NA,NA,macroalgae,macrocystis,macroalgae_rock,macrocystis_rock,98.08,7.129989999999999e-150,294,Metazoa,Rotifera,Eurotatoria,Ploima,Synchaetidae,Synchaeta,0,0,TRUE,ASV346,5,Synchaeta vorax
edna0083,ASV467,motu412,Saxidomus,Washington clam species,genus,1,1,NA,1,7,19,NA,14,16,NA,18,Saxidomus,Washington clam species,2018_manley_surface,manley,kelp,2018-07-16,NA,2018,surface,2,edna_manley_15,surface,biological,14.4,30.5,8.25,11.5,31.15,8.06,5.7,1000,0,51.80121719,-128.199621,rock,NA,NA,NA,macroalgae,macrocystis,macroalgae_rock,macrocystis_rock,100,1.96163e-160,313,Metazoa,Mollusca,Mollusca,Venerida,Veneridae,Saxidomus,0,0,TRUE,ASV467,12,NA
edna0083,ASV860,motu748,Saxidomus,Washington clam species,genus,1,1,NA,NA,6,15,NA,NA,NA,NA,NA,Saxidomus,Washington clam species,2018_manley_surface,manley,kelp,2018-07-16,NA,2018,surface,2,edna_manley_15,surface,biological,14.4,30.5,8.25,11.5,31.15,8.06,5.7,1000,0,51.80121719,-128.199621,rock,NA,NA,NA,macroalgae,macrocystis,macroalgae_rock,macrocystis_rock,100,1.96163e-160,313,Metazoa,Mollusca,Mollusca,Venerida,Veneridae,Saxidomus,0,0,TRUE,ASV860,4,NA
edna0083,ASV613,motu536,Sabellariidae,Feather duster worm,family,1,1,NA,1,26,48,NA,44,61,NA,50,Sabellariidae,Feather duster worm,2018_manley_surface,manley,kelp,2018-07-16,NA,2018,surface,2,edna_manley_15,surface,biological,14.4,30.5,8.25,11.5,31.15,8.06,5.7,1000,0,51.80121719,-128.199621,rock,NA,NA,NA,macroalgae,macrocystis,macroalgae_rock,macrocystis_rock,99.68,1.5051499999999994e-156,306,Metazoa,Annelida,Polychaeta,NA,Sabellariidae,NA,0,0,TRUE,ASV613,7,NA
edna0083,ASV521,motu458,Sabellariidae,Feather duster worm,family,1,1,1,1,21,49,23,42,32,NA,53,Sabellariidae,Feather duster worm,2018_manley_surface,manley,kelp,2018-07-16,NA,2018,surface,2,edna_manley_15,surface,biological,14.4,30.5,8.25,11.5,31.15,8.06,5.7,1000,0,51.80121719,-128.199621,rock,NA,NA,NA,macroalgae,macrocystis,macroalgae_rock,macrocystis_rock,99.68,1.5051499999999994e-156,306,Metazoa,Annelida,Polychaeta,NA,Sabellariidae,NA,0,0,TRUE,ASV521,12,NA
edna0083,ASV843,motu343,Dodecaceria,Cirratulid polychaete,genus,1,1,1,NA,137,266,102,NA,NA,NA,NA,Dodecaceria,Cirratulid polychaete,2018_manley_surface,manley,kelp,2018-07-16,NA,2018,surface,2,edna_manley_15,surface,biological,14.4,30.5,8.25,11.5,31.15,8.06,5.7,1000,0,51.80121719,-128.199621,rock,NA,NA,NA,macroalgae,macrocystis,macroalgae_rock,macrocystis_rock,99.68,9.126599999999999e-159,310,Metazoa,Annelida,Polychaeta,Terebellida,Cirratulidae,Dodecaceria,0,0,TRUE,ASV390,6,NA
edna0083,ASV1238,motu1049,Macoma nasuta,Bent-nosed clam,species,1,NA,NA,NA,5,NA,NA,NA,NA,NA,NA,Macoma nasuta,Bent-nosed clam,2018_manley_surface,manley,kelp,2018-07-16,NA,2018,surface,2,edna_manley_15,surface,biological,14.4,30.5,8.25,11.5,31.15,8.06,5.7,1000,0,51.80121719,-128.199621,rock,NA,NA,NA,macroalgae,macrocystis,macroalgae_rock,macrocystis_rock,99.68,9.126599999999999e-159,310,Metazoa,Mollusca,Bivalvia,Cardiida,Tellinidae,Macoma,0,0,TRUE,ASV1238,3,Macoma nasuta
edna0083,ASV750,motu654,Orobdella,Freshwater leech,genus,1,1,1,1,14,23,9,NA,NA,NA,14,Orobdella,Freshwater leech,2018_manley_surface,manley,kelp,2018-07-16,NA,2018,surface,2,edna_manley_15,surface,biological,14.4,30.5,8.25,11.5,31.15,8.06,5.7,1000,0,51.80121719,-128.199621,rock,NA,NA,NA,macroalgae,macrocystis,macroalgae_rock,macrocystis_rock,97.06,0.00121031,31,Metazoa,Annelida,Annelida,Erpobdelliformes,Orobdellidae,Orobdella,NA,NA,TRUE,ASV750,1,NA
edna0083,ASV583,motu283,Dodecaceria,Cirratulid polychaete,genus,1,1,1,1,94,153,61,99,NA,NA,114,Dodecaceria,Cirratulid polychaete,2018_manley_surface,manley,kelp,2018-07-16,NA,2018,surface,2,edna_manley_15,surface,biological,14.4,30.5,8.25,11.5,31.15,8.06,5.7,1000,0,51.80121719,-128.199621,rock,NA,NA,NA,macroalgae,macrocystis,macroalgae_rock,macrocystis_rock,100,1.96163e-160,313,Metazoa,Annelida,Polychaeta,Terebellida,Cirratulidae,Dodecaceria,0,0,TRUE,ASV322,5,NA
edna0083,ASV695,motu605,Dodecaceria,Cirratulid polychaete,genus,1,1,1,NA,87,159,69,NA,NA,NA,NA,Dodecaceria,Cirratulid polychaete,2018_manley_surface,manley,kelp,2018-07-16,NA,2018,surface,2,edna_manley_15,surface,biological,14.4,30.5,8.25,11.5,31.15,8.06,5.7,1000,0,51.80121719,-128.199621,rock,NA,NA,NA,macroalgae,macrocystis,macroalgae_rock,macrocystis_rock,100,1.96163e-160,313,Metazoa,Annelida,Polychaeta,Terebellida,Cirratulidae,Dodecaceria,0,0,TRUE,ASV695,1,NA
edna0083,ASV500,motu283,Dodecaceria,Cirratulid polychaete,genus,1,1,1,1,116,230,69,158,168,NA,186,Dodecaceria,Cirratulid polychaete,2018_manley_surface,manley,kelp,2018-07-16,NA,2018,surface,2,edna_manley_15,surface,biological,14.4,30.5,8.25,11.5,31.15,8.06,5.7,1000,0,51.80121719,-128.199621,rock,NA,NA,NA,macroalgae,macrocystis,macroalgae_rock,macrocystis_rock,99.68,9.126599999999999e-159,310,Metazoa,Annelida,Polychaeta,Terebellida,Cirratulidae,Dodecaceria,0,0,TRUE,ASV322,5,NA
edna0083,ASV960,motu833,Pseudocalanus mimus,Calanoid copepod,species,1,1,NA,NA,28,39,NA,NA,NA,NA,NA,Pseudocalanus mimus,Calanoid copepod,2018_manley_surface,manley,kelp,2018-07-16,NA,2018,surface,2,edna_manley_15,surface,biological,14.4,30.5,8.25,11.5,31.15,8.06,5.7,1000,0,51.80121719,-128.199621,rock,NA,NA,NA,macroalgae,macrocystis,macroalgae_rock,macrocystis_rock,100,7.1053799999999944e-155,303,Metazoa,Arthropoda,Copepoda,Calanoida,Clausocalanidae,Pseudocalanus,0,0,TRUE,ASV960,1,Pseudocalanus mimus
edna0083,ASV670,motu583,Synchaeta triophthalma,Rotifer,species,1,1,NA,NA,6,9,NA,NA,NA,NA,NA,Synchaeta triophthalma,Rotifer,2018_manley_surface,manley,kelp,2018-07-16,NA,2018,surface,2,edna_manley_15,surface,biological,14.4,30.5,8.25,11.5,31.15,8.06,5.7,1000,0,51.80121719,-128.199621,rock,NA,NA,NA,macroalgae,macrocystis,macroalgae_rock,macrocystis_rock,91.99,3.511259999999999e-118,237,Metazoa,Rotifera,Eurotatoria,Ploima,Synchaetidae,Synchaeta,0,0,TRUE,ASV670,4,Synchaeta triophthalma
edna0083,ASV1013,motu876,Orobdella,Freshwater leech,genus,1,1,1,NA,14,27,12,NA,NA,NA,NA,Orobdella,Freshwater leech,2018_manley_surface,manley,kelp,2018-07-16,NA,2018,surface,2,edna_manley_15,surface,biological,14.4,30.5,8.25,11.5,31.15,8.06,5.7,1000,0,51.80121719,-128.199621,rock,NA,NA,NA,macroalgae,macrocystis,macroalgae_rock,macrocystis_rock,97.06,0.00121031,31,Metazoa,Annelida,Annelida,Erpobdelliformes,Orobdellidae,Orobdella,NA,NA,TRUE,ASV1013,1,NA
edna0083,ASV944,motu821,Phascolosoma (Phascolosoma) agassizii,Agassiz peanut worm,species,1,1,NA,1,38,64,NA,105,NA,NA,NA,Phascolosoma (Phascolosoma) agassizii,Agassiz peanut worm,2018_manley_surface,manley,kelp,2018-07-16,NA,2018,surface,2,edna_manley_15,surface,biological,14.4,30.5,8.25,11.5,31.15,8.06,5.7,1000,0,51.80121719,-128.199621,rock,NA,NA,NA,macroalgae,macrocystis,macroalgae_rock,macrocystis_rock,100,1.96163e-160,313,Metazoa,Annelida,NA,Sipuncula,Phascolosomatidae,Phascolosoma,0,0,TRUE,ASV944,3,Phascolosoma (Phascolosoma) agassizii
edna0083,ASV1526,motu1287,Myxicola aesthetica,Feather duster worm,species,1,1,NA,NA,7,12,NA,NA,NA,NA,NA,Myxicola aesthetica,Feather duster worm,2018_manley_surface,manley,kelp,2018-07-16,NA,2018,surface,2,edna_manley_15,surface,biological,14.4,30.5,8.25,11.5,31.15,8.06,5.7,1000,0,51.80121719,-128.199621,rock,NA,NA,NA,macroalgae,macrocystis,macroalgae_rock,macrocystis_rock,100,1.96163e-160,313,Metazoa,Annelida,Polychaeta,Sabellida,Sabellidae,Myxicola,0,0,TRUE,ASV1526,2,Myxicola aesthetica
edna0083,ASV838,motu729,Strongylocentrotus purpuratus,Purple sea urchin,species,1,1,1,1,36,62,46,44,67,NA,80,Strongylocentrotus purpuratus,Purple sea urchin,2018_manley_surface,manley,kelp,2018-07-16,NA,2018,surface,2,edna_manley_15,surface,biological,14.4,30.5,8.25,11.5,31.15,8.06,5.7,1000,0,51.80121719,-128.199621,rock,NA,NA,NA,macroalgae,macrocystis,macroalgae_rock,macrocystis_rock,100,1.96163e-160,313,Metazoa,Echinodermata,Echinoidea,Camarodonta,Strongylocentrotidae,Strongylocentrotus,0,0,TRUE,ASV838,2,Strongylocentrotus purpuratus
edna0083,ASV1123,motu244,Ophiopholis kennerlyi,Daisy brittle star,species,1,1,1,1,38,71,43,89,56,NA,92,Ophiopholis kennerlyi,Daisy brittle star,2018_manley_surface,manley,kelp,2018-07-16,NA,2018,surface,2,edna_manley_15,surface,biological,14.4,30.5,8.25,11.5,31.15,8.06,5.7,1000,0,51.80121719,-128.199621,rock,NA,NA,NA,macroalgae,macrocystis,macroalgae_rock,macrocystis_rock,100,1.96163e-160,313,Metazoa,Echinodermata,Ophiuroidea,Amphilepidida,Ophiopholidae,Ophiopholis,0,0,TRUE,ASV275,7,Ophiopholis kennerlyi
edna0083,ASV795,motu692,Phascolosoma (Phascolosoma) agassizii,Agassiz peanut worm,species,1,1,1,1,33,63,23,94,93,NA,110,Phascolosoma (Phascolosoma) agassizii,Agassiz peanut worm,2018_manley_surface,manley,kelp,2018-07-16,NA,2018,surface,2,edna_manley_15,surface,biological,14.4,30.5,8.25,11.5,31.15,8.06,5.7,1000,0,51.80121719,-128.199621,rock,NA,NA,NA,macroalgae,macrocystis,macroalgae_rock,macrocystis_rock,100,1.96163e-160,313,Metazoa,Annelida,NA,Sipuncula,Phascolosomatidae,Phascolosoma,0,0,TRUE,ASV795,3,Phascolosoma (Phascolosoma) agassizii
edna0083,ASV1104,motu950,Cerebratulus marginatus,Milky ribbon worm,species,1,1,NA,1,24,30,NA,NA,19,NA,23,Cerebratulus marginatus,Milky ribbon worm,2018_manley_surface,manley,kelp,2018-07-16,NA,2018,surface,2,edna_manley_15,surface,biological,14.4,30.5,8.25,11.5,31.15,8.06,5.7,1000,0,51.80121719,-128.199621,rock,NA,NA,NA,macroalgae,macrocystis,macroalgae_rock,macrocystis_rock,100,1.96163e-160,313,Metazoa,Nemertea,Pilidiophora,Heteronemertea,Lineidae,Cerebratulus,0,0,TRUE,ASV1104,1,Cerebratulus marginatus
edna0083,ASV2043,motu529,Ophiopholis kennerlyi,Daisy brittle star,species,1,1,NA,NA,41,78,NA,NA,NA,NA,NA,Ophiopholis kennerlyi,Daisy brittle star,2018_manley_surface,manley,kelp,2018-07-16,NA,2018,surface,2,edna_manley_15,surface,biological,14.4,30.5,8.25,11.5,31.15,8.06,5.7,1000,0,51.80121719,-128.199621,rock,NA,NA,NA,macroalgae,macrocystis,macroalgae_rock,macrocystis_rock,100,1.96163e-160,313,Metazoa,Echinodermata,Ophiuroidea,Amphilepidida,Ophiopholidae,Ophiopholis,0,0,TRUE,ASV603,6,Ophiopholis kennerlyi
edna0083,ASV1329,motu1124,Littorina scutulata,Checkered periwinkle,species,1,1,NA,1,8,14,NA,13,9,NA,NA,Littorina scutulata,Checkered periwinkle,2018_manley_surface,manley,kelp,2018-07-16,NA,2018,surface,2,edna_manley_15,surface,biological,14.4,30.5,8.25,11.5,31.15,8.06,5.7,1000,0,51.80121719,-128.199621,rock,NA,NA,NA,macroalgae,macrocystis,macroalgae_rock,macrocystis_rock,100,1.96163e-160,313,Metazoa,Mollusca,Gastropoda,Littorinimorpha,Littorinidae,Littorina,0,0,TRUE,ASV1329,1,Littorina scutulata
edna0083,ASV2219,motu1830,Haliotis kamtschatkana,Northern abalone,species,1,1,NA,NA,106,183,NA,NA,NA,NA,NA,Haliotis kamtschatkana,Northern abalone,2018_manley_surface,manley,kelp,2018-07-16,NA,2018,surface,2,edna_manley_15,surface,biological,14.4,30.5,8.25,11.5,31.15,8.06,5.7,1000,0,51.80121719,-128.199621,rock,NA,NA,NA,macroalgae,macrocystis,macroalgae_rock,macrocystis_rock,99.68,9.126599999999999e-159,310,Metazoa,Mollusca,Mollusca,Lepetellida,Haliotidae,Haliotis,0,0,TRUE,ASV2219,1,Haliotis kamtschatkana
edna0083,ASV2147,motu1769,Asteriidae,Sea star,family,1,1,NA,NA,10,7,NA,NA,NA,NA,NA,Asteriidae,Sea star,2018_manley_surface,manley,kelp,2018-07-16,NA,2018,surface,2,edna_manley_15,surface,biological,14.4,30.5,8.25,11.5,31.15,8.06,5.7,1000,0,51.80121719,-128.199621,rock,NA,NA,NA,macroalgae,macrocystis,macroalgae_rock,macrocystis_rock,100,1.96163e-160,313,Metazoa,Echinodermata,Echinodermata,Forcipulatida,Asteriidae,NA,0,0,TRUE,ASV2147,1,NA
edna0083,ASV1068,motu920,Arthropoda,Unknown arthropod,phylum,1,1,NA,1,5,9,NA,8,NA,NA,9,Arthropoda,Unknown arthropod,2018_manley_surface,manley,kelp,2018-07-16,NA,2018,surface,2,edna_manley_15,surface,biological,14.4,30.5,8.25,11.5,31.15,8.06,5.7,1000,0,51.80121719,-128.199621,rock,NA,NA,NA,macroalgae,macrocystis,macroalgae_rock,macrocystis_rock,94.87,8.78538e-5,33,Metazoa,Arthropoda,NA,NA,NA,NA,NA,NA,TRUE,ASV1068,4,NA
edna0083,ASV1376,motu1162,Phascolosoma (Phascolosoma) agassizii,Agassiz peanut worm,species,1,1,1,1,29,33,28,71,57,NA,63,Phascolosoma (Phascolosoma) agassizii,Agassiz peanut worm,2018_manley_surface,manley,kelp,2018-07-16,NA,2018,surface,2,edna_manley_15,surface,biological,14.4,30.5,8.25,11.5,31.15,8.06,5.7,1000,0,51.80121719,-128.199621,rock,NA,NA,NA,macroalgae,macrocystis,macroalgae_rock,macrocystis_rock,99.68,9.126599999999999e-159,310,Metazoa,Annelida,NA,Sipuncula,Phascolosomatidae,Phascolosoma,0,0,TRUE,ASV1376,3,Phascolosoma (Phascolosoma) agassizii
edna0083,ASV1511,motu1104,Haliotis kamtschatkana,Northern abalone,species,1,1,1,1,96,146,71,96,125,NA,101,Haliotis kamtschatkana,Northern abalone,2018_manley_surface,manley,kelp,2018-07-16,NA,2018,surface,2,edna_manley_15,surface,biological,14.4,30.5,8.25,11.5,31.15,8.06,5.7,1000,0,51.80121719,-128.199621,rock,NA,NA,NA,macroalgae,macrocystis,macroalgae_rock,macrocystis_rock,99.68,9.126599999999999e-159,310,Metazoa,Mollusca,Mollusca,Lepetellida,Haliotidae,Haliotis,0,0,TRUE,ASV1304,9,Haliotis kamtschatkana
edna0083,ASV2641,motu105,Mesocentrotus franciscanus,Red sea urchin,species,1,1,NA,NA,95,100,NA,NA,NA,NA,NA,Mesocentrotus franciscanus,Red sea urchin,2018_manley_surface,manley,kelp,2018-07-16,NA,2018,surface,2,edna_manley_15,surface,biological,14.4,30.5,8.25,11.5,31.15,8.06,5.7,1000,0,51.80121719,-128.199621,rock,NA,NA,NA,macroalgae,macrocystis,macroalgae_rock,macrocystis_rock,100,1.96163e-160,313,Metazoa,Echinodermata,Echinoidea,Camarodonta,Strongylocentrotidae,Mesocentrotus,0,0,TRUE,ASV118,8,Mesocentrotus franciscanus
edna0083,ASV2607,motu118,Mesocentrotus franciscanus,Red sea urchin,species,1,NA,NA,1,86,NA,NA,NA,106,NA,NA,Mesocentrotus franciscanus,Red sea urchin,2018_manley_surface,manley,kelp,2018-07-16,NA,2018,surface,2,edna_manley_15,surface,biological,14.4,30.5,8.25,11.5,31.15,8.06,5.7,1000,0,51.80121719,-128.199621,rock,NA,NA,NA,macroalgae,macrocystis,macroalgae_rock,macrocystis_rock,100,7.02982e-160,312,Metazoa,Echinodermata,Echinoidea,Camarodonta,Strongylocentrotidae,Mesocentrotus,0,0,TRUE,ASV132,8,Mesocentrotus franciscanus
edna0083,ASV1467,motu1238,Tubulanus sexlineatus,Six lined ribbon worm,species,1,1,1,1,5,15,4,13,20,NA,14,Tubulanus sexlineatus,Six lined ribbon worm,2018_manley_surface,manley,kelp,2018-07-16,NA,2018,surface,2,edna_manley_15,surface,biological,14.4,30.5,8.25,11.5,31.15,8.06,5.7,1000,0,51.80121719,-128.199621,rock,NA,NA,NA,macroalgae,macrocystis,macroalgae_rock,macrocystis_rock,100,1.96163e-160,313,Metazoa,Nemertea,Palaeonemertea,Tubulaniformes,Tubulanidae,Tubulanus,0,0,TRUE,ASV1467,1,Tubulanus sexlineatus
edna0083,ASV1984,motu1645,Strongylocentrotus purpuratus,Purple sea urchin,species,1,1,NA,NA,34,40,NA,NA,NA,NA,NA,Strongylocentrotus purpuratus,Purple sea urchin,2018_manley_surface,manley,kelp,2018-07-16,NA,2018,surface,2,edna_manley_15,surface,biological,14.4,30.5,8.25,11.5,31.15,8.06,5.7,1000,0,51.80121719,-128.199621,rock,NA,NA,NA,macroalgae,macrocystis,macroalgae_rock,macrocystis_rock,100,1.96163e-160,313,Metazoa,Echinodermata,Echinoidea,Camarodonta,Strongylocentrotidae,Strongylocentrotus,0,0,TRUE,ASV1984,1,Strongylocentrotus purpuratus
edna0083,ASV2352,motu1933,Tubulanus sexlineatus,Six lined ribbon worm,species,1,1,NA,NA,8,16,NA,NA,NA,NA,NA,Tubulanus sexlineatus,Six lined ribbon worm,2018_manley_surface,manley,kelp,2018-07-16,NA,2018,surface,2,edna_manley_15,surface,biological,14.4,30.5,8.25,11.5,31.15,8.06,5.7,1000,0,51.80121719,-128.199621,rock,NA,NA,NA,macroalgae,macrocystis,macroalgae_rock,macrocystis_rock,100,1.96163e-160,313,Metazoa,Nemertea,Palaeonemertea,Tubulaniformes,Tubulanidae,Tubulanus,0,0,TRUE,ASV2352,1,Tubulanus sexlineatus
edna0083,ASV1870,motu1556,Dodecaceria,Cirratulid polychaete,genus,1,1,NA,NA,40,78,NA,NA,NA,NA,NA,Dodecaceria,Cirratulid polychaete,2018_manley_surface,manley,kelp,2018-07-16,NA,2018,surface,2,edna_manley_15,surface,biological,14.4,30.5,8.25,11.5,31.15,8.06,5.7,1000,0,51.80121719,-128.199621,rock,NA,NA,NA,macroalgae,macrocystis,macroalgae_rock,macrocystis_rock,100,1.96163e-160,313,Metazoa,Annelida,Polychaeta,Terebellida,Cirratulidae,Dodecaceria,0,0,TRUE,ASV1870,5,NA
edna0083,ASV1659,motu1390,Decapoda,Decapod crustacean species,order,1,1,1,1,42,93,46,15,NA,NA,NA,Decapoda,Decapod crustacean species,2018_manley_surface,manley,kelp,2018-07-16,NA,2018,surface,2,edna_manley_15,surface,biological,14.4,30.5,8.25,11.5,31.15,8.06,5.7,1000,0,51.80121719,-128.199621,rock,NA,NA,NA,macroalgae,macrocystis,macroalgae_rock,macrocystis_rock,91.67,1.88829e-6,36,Metazoa,Arthropoda,Arthropoda,Decapoda,NA,NA,0,0,TRUE,ASV1659,1,NA
edna0083,ASV1097,motu944,Dodecaceria,Cirratulid polychaete,genus,1,1,1,1,39,68,40,78,109,NA,96,Dodecaceria,Cirratulid polychaete,2018_manley_surface,manley,kelp,2018-07-16,NA,2018,surface,2,edna_manley_15,surface,biological,14.4,30.5,8.25,11.5,31.15,8.06,5.7,1000,0,51.80121719,-128.199621,rock,NA,NA,NA,macroalgae,macrocystis,macroalgae_rock,macrocystis_rock,100,1.96163e-160,313,Metazoa,Annelida,Polychaeta,Terebellida,Cirratulidae,Dodecaceria,0,0,TRUE,ASV1097,6,NA
edna0083,ASV2291,motu1886,Cerebratulus marginatus,Milky ribbon worm,species,1,1,NA,NA,13,30,NA,NA,NA,NA,NA,Cerebratulus marginatus,Milky ribbon worm,2018_manley_surface,manley,kelp,2018-07-16,NA,2018,surface,2,edna_manley_15,surface,biological,14.4,30.5,8.25,11.5,31.15,8.06,5.7,1000,0,51.80121719,-128.199621,rock,NA,NA,NA,macroalgae,macrocystis,macroalgae_rock,macrocystis_rock,100,1.96163e-160,313,Metazoa,Nemertea,Pilidiophora,Heteronemertea,Lineidae,Cerebratulus,0,0,TRUE,ASV2291,1,Cerebratulus marginatus
edna0083,ASV2676,motu2172,Spionidae,Spionid polychaete,family,1,1,NA,NA,62,128,NA,NA,NA,NA,NA,Spionidae,Spionid polychaete,2018_manley_surface,manley,kelp,2018-07-16,NA,2018,surface,2,edna_manley_15,surface,biological,14.4,30.5,8.25,11.5,31.15,8.06,5.7,1000,0,51.80121719,-128.199621,rock,NA,NA,NA,macroalgae,macrocystis,macroalgae_rock,macrocystis_rock,92.7,6.41781e-46,107,Metazoa,Annelida,Annelida,Spionida,Spionidae,NA,0,0,TRUE,ASV2676,3,NA
edna0083,ASV2720,motu1832,Phascolosoma (Phascolosoma) agassizii,Agassiz peanut worm,species,1,1,NA,NA,14,29,NA,NA,NA,NA,NA,Phascolosoma (Phascolosoma) agassizii,Agassiz peanut worm,2018_manley_surface,manley,kelp,2018-07-16,NA,2018,surface,2,edna_manley_15,surface,biological,14.4,30.5,8.25,11.5,31.15,8.06,5.7,1000,0,51.80121719,-128.199621,rock,NA,NA,NA,macroalgae,macrocystis,macroalgae_rock,macrocystis_rock,100,1.96163e-160,313,Metazoa,Annelida,NA,Sipuncula,Phascolosomatidae,Phascolosoma,0,0,TRUE,ASV2222,2,Phascolosoma (Phascolosoma) agassizii
edna0083,ASV1591,motu1341,Decapoda,Decapod crustacean species,order,1,1,1,1,35,102,43,NA,NA,NA,29,Decapoda,Decapod crustacean species,2018_manley_surface,manley,kelp,2018-07-16,NA,2018,surface,2,edna_manley_15,surface,biological,14.4,30.5,8.25,11.5,31.15,8.06,5.7,1000,0,51.80121719,-128.199621,rock,NA,NA,NA,macroalgae,macrocystis,macroalgae_rock,macrocystis_rock,91.67,1.88829e-6,36,Metazoa,Arthropoda,Arthropoda,Decapoda,NA,NA,0,0,TRUE,ASV1591,1,NA
edna0083,ASV1348,motu666,Myxicola aesthetica,Feather duster worm,species,1,NA,NA,NA,6,NA,NA,NA,NA,NA,NA,Myxicola aesthetica,Feather duster worm,2018_manley_surface,manley,kelp,2018-07-16,NA,2018,surface,2,edna_manley_15,surface,biological,14.4,30.5,8.25,11.5,31.15,8.06,5.7,1000,0,51.80121719,-128.199621,rock,NA,NA,NA,macroalgae,macrocystis,macroalgae_rock,macrocystis_rock,99.68,9.126599999999999e-159,310,Metazoa,Annelida,Polychaeta,Sabellida,Sabellidae,Myxicola,0,0,TRUE,ASV765,3,Myxicola aesthetica
edna0083,ASV2203,motu1819,Obelia dichotoma,Sea thread hydroid,species,1,1,NA,NA,5,11,NA,NA,NA,NA,NA,Obelia dichotoma,Sea thread hydroid,2018_manley_surface,manley,kelp,2018-07-16,NA,2018,surface,2,edna_manley_15,surface,biological,14.4,30.5,8.25,11.5,31.15,8.06,5.7,1000,0,51.80121719,-128.199621,rock,NA,NA,NA,macroalgae,macrocystis,macroalgae_rock,macrocystis_rock,100,5.353989999999996e-156,305,Metazoa,Cnidaria,Hydrozoa,Leptothecata,Campanulariidae,Obelia,0,0,TRUE,ASV2203,1,Obelia dichotoma
edna0083,ASV2130,motu848,Halosydna brevisetosa,Shortscaled worm,species,1,1,1,1,47,48,31,85,101,NA,NA,Halosydna brevisetosa,Shortscaled worm,2018_manley_surface,manley,kelp,2018-07-16,NA,2018,surface,2,edna_manley_15,surface,biological,14.4,30.5,8.25,11.5,31.15,8.06,5.7,1000,0,51.80121719,-128.199621,rock,NA,NA,NA,macroalgae,macrocystis,macroalgae_rock,macrocystis_rock,99.68,9.126599999999999e-159,310,Metazoa,Annelida,Polychaeta,Phyllodocida,Polynoidae,Halosydna,0,0,TRUE,ASV978,4,Halosydna brevisetosa
edna0083,ASV2321,motu1909,Phascolosoma (Phascolosoma) agassizii,Agassiz peanut worm,species,1,1,NA,1,46,87,NA,NA,NA,NA,116,Phascolosoma (Phascolosoma) agassizii,Agassiz peanut worm,2018_manley_surface,manley,kelp,2018-07-16,NA,2018,surface,2,edna_manley_15,surface,biological,14.4,30.5,8.25,11.5,31.15,8.06,5.7,1000,0,51.80121719,-128.199621,rock,NA,NA,NA,macroalgae,macrocystis,macroalgae_rock,macrocystis_rock,100,1.96163e-160,313,Metazoa,Annelida,NA,Sipuncula,Phascolosomatidae,Phascolosoma,0,0,TRUE,ASV2321,1,Phascolosoma (Phascolosoma) agassizii
edna0083,ASV1503,motu1270,Spionidae,Spionid polychaete,family,1,1,1,1,46,107,44,147,147,NA,147,Spionidae,Spionid polychaete,2018_manley_surface,manley,kelp,2018-07-16,NA,2018,surface,2,edna_manley_15,surface,biological,14.4,30.5,8.25,11.5,31.15,8.06,5.7,1000,0,51.80121719,-128.199621,rock,NA,NA,NA,macroalgae,macrocystis,macroalgae_rock,macrocystis_rock,92.7,6.41781e-46,107,Metazoa,Annelida,Annelida,Spionida,Spionidae,NA,0,0,TRUE,ASV1503,2,NA
edna0083,ASV1760,motu544,Halosydna brevisetosa,Shortscaled worm,species,1,1,1,1,44,67,35,104,108,NA,108,Halosydna brevisetosa,Shortscaled worm,2018_manley_surface,manley,kelp,2018-07-16,NA,2018,surface,2,edna_manley_15,surface,biological,14.4,30.5,8.25,11.5,31.15,8.06,5.7,1000,0,51.80121719,-128.199621,rock,NA,NA,NA,macroalgae,macrocystis,macroalgae_rock,macrocystis_rock,99.68,9.126599999999999e-159,310,Metazoa,Annelida,Polychaeta,Phyllodocida,Polynoidae,Halosydna,0,0,TRUE,ASV624,4,Halosydna brevisetosa
edna0083,ASV2487,motu962,Epilabidocera longipedata,Calanoid copepod,species,1,NA,1,1,33,NA,19,70,51,NA,50,Epilabidocera longipedata,Calanoid copepod,2018_manley_surface,manley,kelp,2018-07-16,NA,2018,surface,2,edna_manley_15,surface,biological,14.4,30.5,8.25,11.5,31.15,8.06,5.7,1000,0,51.80121719,-128.199621,rock,NA,NA,NA,macroalgae,macrocystis,macroalgae_rock,macrocystis_rock,99.02,1.2852e-97,200,Metazoa,Arthropoda,Copepoda,Calanoida,Pontellidae,Epilabidocera,0,0,TRUE,ASV1118,2,Epilabidocera longipedata
edna0083,ASV1661,motu1392,Phascolosoma (Phascolosoma) agassizii,Agassiz peanut worm,species,1,1,1,1,33,67,41,156,114,NA,125,Phascolosoma (Phascolosoma) agassizii,Agassiz peanut worm,2018_manley_surface,manley,kelp,2018-07-16,NA,2018,surface,2,edna_manley_15,surface,biological,14.4,30.5,8.25,11.5,31.15,8.06,5.7,1000,0,51.80121719,-128.199621,rock,NA,NA,NA,macroalgae,macrocystis,macroalgae_rock,macrocystis_rock,100,1.96163e-160,313,Metazoa,Annelida,NA,Sipuncula,Phascolosomatidae,Phascolosoma,0,0,TRUE,ASV1661,1,Phascolosoma (Phascolosoma) agassizii
edna0083,ASV2413,motu1971,Ferkeria,Other arachnid,genus,1,1,1,1,2,6,4,NA,NA,NA,5,Ferkeria,Other arachnid,2018_manley_surface,manley,kelp,2018-07-16,NA,2018,surface,2,edna_manley_15,surface,biological,14.4,30.5,8.25,11.5,31.15,8.06,5.7,1000,0,51.80121719,-128.199621,rock,NA,NA,NA,macroalgae,macrocystis,macroalgae_rock,macrocystis_rock,97.06,0.00112005,31,Metazoa,Arthropoda,Arthropoda,Grassatores,NA,Ferkeria,NA,NA,TRUE,ASV2413,1,NA
edna0083,ASV3911,motu988,Epilabidocera longipedata,Calanoid copepod,species,1,1,NA,NA,28,48,NA,NA,NA,NA,NA,Epilabidocera longipedata,Calanoid copepod,2018_manley_surface,manley,kelp,2018-07-16,NA,2018,surface,2,edna_manley_15,surface,biological,14.4,30.5,8.25,11.5,31.15,8.06,5.7,1000,0,51.80121719,-128.199621,rock,NA,NA,NA,macroalgae,macrocystis,macroalgae_rock,macrocystis_rock,99.02,1.2852e-97,200,Metazoa,Arthropoda,Copepoda,Calanoida,Pontellidae,Epilabidocera,0,0,TRUE,ASV1153,2,Epilabidocera longipedata
edna0083,ASV3224,motu2581,Humilaria kennerleyi,Kennerleys venus,species,1,1,NA,NA,6,5,NA,NA,NA,NA,NA,Humilaria kennerleyi,Kennerleys venus,2018_manley_surface,manley,kelp,2018-07-16,NA,2018,surface,2,edna_manley_15,surface,biological,14.4,30.5,8.25,11.5,31.15,8.06,5.7,1000,0,51.80121719,-128.199621,rock,NA,NA,NA,macroalgae,macrocystis,macroalgae_rock,macrocystis_rock,100,1.96163e-160,313,Metazoa,Mollusca,Bivalvia,Venerida,Veneridae,Humilaria,0,0,TRUE,ASV3224,2,Humilaria kennerleyi
edna0083,ASV2930,motu2362,Chaetognatha,Arrow worm,phylum,1,NA,NA,NA,6,NA,NA,NA,NA,NA,NA,Chaetognatha,Arrow worm,2018_manley_surface,manley,kelp,2018-07-16,NA,2018,surface,2,edna_manley_15,surface,biological,14.4,30.5,8.25,11.5,31.15,8.06,5.7,1000,0,51.80121719,-128.199621,rock,NA,NA,NA,macroalgae,macrocystis,macroalgae_rock,macrocystis_rock,98.01,1.6078299999999998e-91,189,Metazoa,Chaetognatha,NA,NA,NA,NA,0,0,TRUE,ASV2930,1,NA
edna0076,ASV258,motu228,Lensia,Siphonophore,genus,1,1,NA,NA,26,35,NA,NA,NA,NA,NA,Lensia,Siphonophore,2018_triquet_surface,triquet,kelp,2018-07-16,NA,2018,surface,1,edna_triquet_00,surface,biological,15,31.08,8.15,NA,NA,NA,5.7,1000,0,51.80359931,-128.2543249,rock,NA,NA,NA,macroalgae,macrocystis,macroalgae_rock,macrocystis_rock,100,0.00408744,30,Metazoa,Cnidaria,Cnidaria,Siphonophorae,Diphyidae,Lensia,0,0,TRUE,ASV258,1,NA
edna0076,ASV131,motu117,Lensia,Siphonophore,genus,1,1,1,1,16,38,18,5,NA,NA,NA,Lensia,Siphonophore,2018_triquet_surface,triquet,kelp,2018-07-16,NA,2018,surface,1,edna_triquet_00,surface,biological,15,31.08,8.15,NA,NA,NA,5.7,1000,0,51.80359931,-128.2543249,rock,NA,NA,NA,macroalgae,macrocystis,macroalgae_rock,macrocystis_rock,100,0.00408744,30,Metazoa,Cnidaria,Cnidaria,Siphonophorae,Diphyidae,Lensia,0,0,TRUE,ASV131,2,NA
edna0076,ASV354,motu313,Mitrocoma cellularia,Cross jelly,species,1,1,1,1,222,368,153,144,162,NA,136,Mitrocoma cellularia,Cross jelly,2018_triquet_surface,triquet,kelp,2018-07-16,NA,2018,surface,1,edna_triquet_00,surface,biological,15,31.08,8.15,NA,NA,NA,5.7,1000,0,51.80359931,-128.2543249,rock,NA,NA,NA,macroalgae,macrocystis,macroalgae_rock,macrocystis_rock,100,1.4886099999999998e-156,306,Metazoa,Cnidaria,Hydrozoa,Leptothecata,Mitrocomidae,Mitrocoma,0,0,TRUE,ASV354,2,Mitrocoma cellularia
edna0076,ASV616,motu537,Mitrocoma cellularia,Cross jelly,species,1,1,NA,NA,206,379,NA,NA,NA,NA,NA,Mitrocoma cellularia,Cross jelly,2018_triquet_surface,triquet,kelp,2018-07-16,NA,2018,surface,1,edna_triquet_00,surface,biological,15,31.08,8.15,NA,NA,NA,5.7,1000,0,51.80359931,-128.2543249,rock,NA,NA,NA,macroalgae,macrocystis,macroalgae_rock,macrocystis_rock,100,1.4886099999999998e-156,306,Metazoa,Cnidaria,Hydrozoa,Leptothecata,Mitrocomidae,Mitrocoma,0,0,TRUE,ASV616,6,Mitrocoma cellularia
edna0076,ASV716,motu622,Chone magna,Feather duster worm,species,1,1,1,1,62,116,63,22,38,NA,62,Chone magna,Feather duster worm,2018_triquet_surface,triquet,kelp,2018-07-16,NA,2018,surface,1,edna_triquet_00,surface,biological,15,31.08,8.15,NA,NA,NA,5.7,1000,0,51.80359931,-128.2543249,rock,NA,NA,NA,macroalgae,macrocystis,macroalgae_rock,macrocystis_rock,100,1.96163e-160,313,Metazoa,Annelida,Polychaeta,Sabellida,Sabellidae,Chone,0,0,TRUE,ASV716,2,Chone magna
edna0076,ASV1062,motu914,Chone magna,Feather duster worm,species,1,1,NA,NA,62,123,NA,NA,NA,NA,NA,Chone magna,Feather duster worm,2018_triquet_surface,triquet,kelp,2018-07-16,NA,2018,surface,1,edna_triquet_00,surface,biological,15,31.08,8.15,NA,NA,NA,5.7,1000,0,51.80359931,-128.2543249,rock,NA,NA,NA,macroalgae,macrocystis,macroalgae_rock,macrocystis_rock,100,1.96163e-160,313,Metazoa,Annelida,Polychaeta,Sabellida,Sabellidae,Chone,0,0,TRUE,ASV1062,2,Chone magna
edna0076,ASV750,motu654,Orobdella,Freshwater leech,genus,1,1,1,NA,29,58,25,NA,NA,NA,NA,Orobdella,Freshwater leech,2018_triquet_surface,triquet,kelp,2018-07-16,NA,2018,surface,1,edna_triquet_00,surface,biological,15,31.08,8.15,NA,NA,NA,5.7,1000,0,51.80359931,-128.2543249,rock,NA,NA,NA,macroalgae,macrocystis,macroalgae_rock,macrocystis_rock,97.06,0.00121031,31,Metazoa,Annelida,Annelida,Erpobdelliformes,Orobdellidae,Orobdella,NA,NA,TRUE,ASV750,1,NA
edna0076,ASV1013,motu876,Orobdella,Freshwater leech,genus,1,1,1,NA,25,58,32,NA,NA,NA,NA,Orobdella,Freshwater leech,2018_triquet_surface,triquet,kelp,2018-07-16,NA,2018,surface,1,edna_triquet_00,surface,biological,15,31.08,8.15,NA,NA,NA,5.7,1000,0,51.80359931,-128.2543249,rock,NA,NA,NA,macroalgae,macrocystis,macroalgae_rock,macrocystis_rock,97.06,0.00121031,31,Metazoa,Annelida,Annelida,Erpobdelliformes,Orobdellidae,Orobdella,NA,NA,TRUE,ASV1013,1,NA
edna0076,ASV989,motu859,Polycirrus,Sphagetti worm,genus,1,NA,NA,NA,4,NA,NA,NA,NA,NA,NA,Polycirrus,Sphagetti worm,2018_triquet_surface,triquet,kelp,2018-07-16,NA,2018,surface,1,edna_triquet_00,surface,biological,15,31.08,8.15,NA,NA,NA,5.7,1000,0,51.80359931,-128.2543249,rock,NA,NA,NA,macroalgae,macrocystis,macroalgae_rock,macrocystis_rock,100,2.51921e-159,311,Metazoa,Annelida,Polychaeta,Terebellida,Terebellidae,Polycirrus,0,0,TRUE,ASV989,2,NA
edna0076,ASV1046,motu902,Arthropoda,Unknown arthropod,phylum,1,1,1,1,15,16,13,8,8,NA,NA,Arthropoda,Unknown arthropod,2018_triquet_surface,triquet,kelp,2018-07-16,NA,2018,surface,1,edna_triquet_00,surface,biological,15,31.08,8.15,NA,NA,NA,5.7,1000,0,51.80359931,-128.2543249,rock,NA,NA,NA,macroalgae,macrocystis,macroalgae_rock,macrocystis_rock,94.87,8.78538e-5,33,Metazoa,Arthropoda,NA,NA,NA,NA,NA,NA,TRUE,ASV1046,4,NA
edna0076,ASV1068,motu920,Arthropoda,Unknown arthropod,phylum,1,1,NA,NA,8,21,NA,NA,NA,NA,NA,Arthropoda,Unknown arthropod,2018_triquet_surface,triquet,kelp,2018-07-16,NA,2018,surface,1,edna_triquet_00,surface,biological,15,31.08,8.15,NA,NA,NA,5.7,1000,0,51.80359931,-128.2543249,rock,NA,NA,NA,macroalgae,macrocystis,macroalgae_rock,macrocystis_rock,94.87,8.78538e-5,33,Metazoa,Arthropoda,NA,NA,NA,NA,NA,NA,TRUE,ASV1068,4,NA
edna0076,ASV3266,motu2608,Arthropoda,Unknown arthropod,phylum,1,NA,NA,NA,5,NA,NA,NA,NA,NA,NA,Arthropoda,Unknown arthropod,2018_triquet_surface,triquet,kelp,2018-07-16,NA,2018,surface,1,edna_triquet_00,surface,biological,15,31.08,8.15,NA,NA,NA,5.7,1000,0,51.80359931,-128.2543249,rock,NA,NA,NA,macroalgae,macrocystis,macroalgae_rock,macrocystis_rock,100,0.014701,29,Metazoa,Arthropoda,NA,NA,NA,NA,NA,NA,TRUE,ASV3266,1,NA
edna0076,ASV2413,motu1971,Ferkeria,Other arachnid,genus,1,NA,1,NA,5,NA,2,NA,NA,NA,NA,Ferkeria,Other arachnid,2018_triquet_surface,triquet,kelp,2018-07-16,NA,2018,surface,1,edna_triquet_00,surface,biological,15,31.08,8.15,NA,NA,NA,5.7,1000,0,51.80359931,-128.2543249,rock,NA,NA,NA,macroalgae,macrocystis,macroalgae_rock,macrocystis_rock,97.06,0.00112005,31,Metazoa,Arthropoda,Arthropoda,Grassatores,NA,Ferkeria,NA,NA,TRUE,ASV2413,1,NA
edna0076,ASV3356,motu2675,Chaetognatha,Arrow worm,phylum,1,NA,NA,NA,8,NA,NA,NA,NA,NA,NA,Chaetognatha,Arrow worm,2018_triquet_surface,triquet,kelp,2018-07-16,NA,2018,surface,1,edna_triquet_00,surface,biological,15,31.08,8.15,NA,NA,NA,5.7,1000,0,51.80359931,-128.2543249,rock,NA,NA,NA,macroalgae,macrocystis,macroalgae_rock,macrocystis_rock,98.01,1.6078299999999998e-91,189,Metazoa,Chaetognatha,NA,NA,NA,NA,0,0,TRUE,ASV3356,1,NA
edna0076,ASV3175,motu2541,Arthropoda,Unknown arthropod,phylum,1,1,NA,NA,5,6,NA,NA,NA,NA,NA,Arthropoda,Unknown arthropod,2018_triquet_surface,triquet,kelp,2018-07-16,NA,2018,surface,1,edna_triquet_00,surface,biological,15,31.08,8.15,NA,NA,NA,5.7,1000,0,51.80359931,-128.2543249,rock,NA,NA,NA,macroalgae,macrocystis,macroalgae_rock,macrocystis_rock,100,0.014701,29,Metazoa,Arthropoda,NA,NA,NA,NA,NA,NA,TRUE,ASV3175,1,NA
edna0138,ASV258,motu228,Lensia,Siphonophore,genus,1,1,NA,NA,246,482,NA,NA,NA,NA,NA,Lensia,Siphonophore,2018_pruth-grid_surface,pruth grid,seagrass_grid,2018-08-23,NA,2018,surface,9,pruth_grid_c3,grid,biological,NA,NA,NA,NA,NA,NA,2.7,955,0,51.64619864,-128.1195361,sand,NA,NA,NA,seagrass,zostera,seagrass_sand,zostera_sand,100,0.00408744,30,Metazoa,Cnidaria,Cnidaria,Siphonophorae,Diphyidae,Lensia,0,0,TRUE,ASV258,1,NA
edna0138,ASV131,motu117,Lensia,Siphonophore,genus,1,1,1,1,252,443,92,57,59,NA,119,Lensia,Siphonophore,2018_pruth-grid_surface,pruth grid,seagrass_grid,2018-08-23,NA,2018,surface,9,pruth_grid_c3,grid,biological,NA,NA,NA,NA,NA,NA,2.7,955,0,51.64619864,-128.1195361,sand,NA,NA,NA,seagrass,zostera,seagrass_sand,zostera_sand,100,0.00408744,30,Metazoa,Cnidaria,Cnidaria,Siphonophorae,Diphyidae,Lensia,0,0,TRUE,ASV131,2,NA
edna0138,ASV226,motu199,Mytilus trossulus,Bay mussel,species,1,1,1,1,24,33,14,NA,13,NA,7,Mytilus trossulus,Bay mussel,2018_pruth-grid_surface,pruth grid,seagrass_grid,2018-08-23,NA,2018,surface,9,pruth_grid_c3,grid,biological,NA,NA,NA,NA,NA,NA,2.7,955,0,51.64619864,-128.1195361,sand,NA,NA,NA,seagrass,zostera,seagrass_sand,zostera_sand,100,3.2351099999999996e-158,309,Metazoa,Mollusca,Mollusca,Mytilida,Mytilidae,Mytilus,0,0,TRUE,ASV226,18,Mytilus trossulus
edna0138,ASV216,motu190,Mytilus trossulus,Bay mussel,species,1,1,1,1,14,19,14,8,NA,NA,NA,Mytilus trossulus,Bay mussel,2018_pruth-grid_surface,pruth grid,seagrass_grid,2018-08-23,NA,2018,surface,9,pruth_grid_c3,grid,biological,NA,NA,NA,NA,NA,NA,2.7,955,0,51.64619864,-128.1195361,sand,NA,NA,NA,seagrass,zostera,seagrass_sand,zostera_sand,100,3.2351099999999996e-158,309,Metazoa,Mollusca,Mollusca,Mytilida,Mytilidae,Mytilus,0,0,TRUE,ASV216,23,Mytilus trossulus
edna0138,ASV324,motu285,Paracalanus parvus parvus,Calanoid copepod,species,1,1,NA,1,5,7,NA,7,8,NA,NA,Paracalanus parvus parvus,Calanoid copepod,2018_pruth-grid_surface,pruth grid,seagrass_grid,2018-08-23,NA,2018,surface,9,pruth_grid_c3,grid,biological,NA,NA,NA,NA,NA,NA,2.7,955,0,51.64619864,-128.1195361,sand,NA,NA,NA,seagrass,zostera,seagrass_sand,zostera_sand,100,1.17454e-132,263,Metazoa,Arthropoda,Copepoda,Calanoida,Paracalanidae,Paracalanus,0,0,TRUE,ASV324,6,Paracalanus parvus parvus
edna0138,ASV308,motu270,Synchaeta baltica,Rotifer,species,1,1,1,NA,13,43,16,NA,NA,NA,NA,Synchaeta baltica,Rotifer,2018_pruth-grid_surface,pruth grid,seagrass_grid,2018-08-23,NA,2018,surface,9,pruth_grid_c3,grid,biological,NA,NA,NA,NA,NA,NA,2.7,955,0,51.64619864,-128.1195361,sand,NA,NA,NA,seagrass,zostera,seagrass_sand,zostera_sand,90.79,3.5361899999999996e-113,228,Metazoa,Rotifera,Eurotatoria,Ploima,Synchaetidae,Synchaeta,0,0,TRUE,ASV308,3,Synchaeta baltica
edna0138,ASV536,motu470,Paracalanus parvus parvus,Calanoid copepod,species,1,1,NA,NA,3,10,NA,NA,NA,NA,NA,Paracalanus parvus parvus,Calanoid copepod,2018_pruth-grid_surface,pruth grid,seagrass_grid,2018-08-23,NA,2018,surface,9,pruth_grid_c3,grid,biological,NA,NA,NA,NA,NA,NA,2.7,955,0,51.64619864,-128.1195361,sand,NA,NA,NA,seagrass,zostera,seagrass_sand,zostera_sand,100,1.17454e-132,263,Metazoa,Arthropoda,Copepoda,Calanoida,Paracalanidae,Paracalanus,0,0,TRUE,ASV536,6,Paracalanus parvus parvus
edna0138,ASV352,motu311,Synchaeta vorax,Rotifer,species,1,1,1,1,12,16,9,5,9,NA,NA,Synchaeta vorax,Rotifer,2018_pruth-grid_surface,pruth grid,seagrass_grid,2018-08-23,NA,2018,surface,9,pruth_grid_c3,grid,biological,NA,NA,NA,NA,NA,NA,2.7,955,0,51.64619864,-128.1195361,sand,NA,NA,NA,seagrass,zostera,seagrass_sand,zostera_sand,98.08,7.129989999999999e-150,294,Metazoa,Rotifera,Eurotatoria,Ploima,Synchaetidae,Synchaeta,0,0,TRUE,ASV352,4,Synchaeta vorax
edna0138,ASV346,motu306,Synchaeta vorax,Rotifer,species,1,1,1,1,6,15,6,6,5,NA,4,Synchaeta vorax,Rotifer,2018_pruth-grid_surface,pruth grid,seagrass_grid,2018-08-23,NA,2018,surface,9,pruth_grid_c3,grid,biological,NA,NA,NA,NA,NA,NA,2.7,955,0,51.64619864,-128.1195361,sand,NA,NA,NA,seagrass,zostera,seagrass_sand,zostera_sand,98.08,7.129989999999999e-150,294,Metazoa,Rotifera,Eurotatoria,Ploima,Synchaetidae,Synchaeta,0,0,TRUE,ASV346,5,Synchaeta vorax
edna0138,ASV467,motu412,Saxidomus,Washington clam species,genus,1,1,1,1,37,64,35,12,24,NA,37,Saxidomus,Washington clam species,2018_pruth-grid_surface,pruth grid,seagrass_grid,2018-08-23,NA,2018,surface,9,pruth_grid_c3,grid,biological,NA,NA,NA,NA,NA,NA,2.7,955,0,51.64619864,-128.1195361,sand,NA,NA,NA,seagrass,zostera,seagrass_sand,zostera_sand,100,1.96163e-160,313,Metazoa,Mollusca,Mollusca,Venerida,Veneridae,Saxidomus,0,0,TRUE,ASV467,12,NA
edna0138,ASV860,motu748,Saxidomus,Washington clam species,genus,1,1,NA,NA,45,99,NA,NA,NA,NA,NA,Saxidomus,Washington clam species,2018_pruth-grid_surface,pruth grid,seagrass_grid,2018-08-23,NA,2018,surface,9,pruth_grid_c3,grid,biological,NA,NA,NA,NA,NA,NA,2.7,955,0,51.64619864,-128.1195361,sand,NA,NA,NA,seagrass,zostera,seagrass_sand,zostera_sand,100,1.96163e-160,313,Metazoa,Mollusca,Mollusca,Venerida,Veneridae,Saxidomus,0,0,TRUE,ASV860,4,NA
edna0138,ASV1502,motu1269,Oithona similis,Cyclopoid copepod,species,1,1,NA,NA,3,5,NA,NA,NA,NA,NA,Oithona similis,Cyclopoid copepod,2018_pruth-grid_surface,pruth grid,seagrass_grid,2018-08-23,NA,2018,surface,9,pruth_grid_c3,grid,biological,NA,NA,NA,NA,NA,NA,2.7,955,0,51.64619864,-128.1195361,sand,NA,NA,NA,seagrass,zostera,seagrass_sand,zostera_sand,96.17,2.0179399999999996e-140,277,Metazoa,Arthropoda,Copepoda,Cyclopoida,Oithonidae,Oithona,0,0,TRUE,ASV1502,1,Oithona similis
edna0138,ASV1791,motu1494,Saxidomus nuttalli,California butterclam,species,1,1,NA,NA,22,22,NA,NA,NA,NA,NA,Saxidomus nuttalli,California butterclam,2018_pruth-grid_surface,pruth grid,seagrass_grid,2018-08-23,NA,2018,surface,9,pruth_grid_c3,grid,biological,NA,NA,NA,NA,NA,NA,2.7,955,0,51.64619864,-128.1195361,sand,NA,NA,NA,seagrass,zostera,seagrass_sand,zostera_sand,99.68,4.246189999999999e-157,307,Metazoa,Mollusca,Bivalvia,Venerida,Veneridae,Saxidomus,0,0,TRUE,ASV1791,2,Saxidomus nuttalli
edna0138,ASV2228,motu1836,Saxidomus nuttalli,California butterclam,species,1,1,NA,NA,8,15,NA,NA,NA,NA,NA,Saxidomus nuttalli,California butterclam,2018_pruth-grid_surface,pruth grid,seagrass_grid,2018-08-23,NA,2018,surface,9,pruth_grid_c3,grid,biological,NA,NA,NA,NA,NA,NA,2.7,955,0,51.64619864,-128.1195361,sand,NA,NA,NA,seagrass,zostera,seagrass_sand,zostera_sand,99.68,4.246189999999999e-157,307,Metazoa,Mollusca,Bivalvia,Venerida,Veneridae,Saxidomus,0,0,TRUE,ASV2228,1,Saxidomus nuttalli
edna0138,ASV1587,motu1337,Armandia brevis,Opheliid polychaete,species,1,NA,NA,NA,5,NA,NA,NA,NA,NA,NA,Armandia brevis,Opheliid polychaete,2018_pruth-grid_surface,pruth grid,seagrass_grid,2018-08-23,NA,2018,surface,9,pruth_grid_c3,grid,biological,NA,NA,NA,NA,NA,NA,2.7,955,0,51.64619864,-128.1195361,sand,NA,NA,NA,seagrass,zostera,seagrass_sand,zostera_sand,100,2.1076299999999988e-175,340,Metazoa,Annelida,Polychaeta,NA,Opheliidae,Armandia,0,0,TRUE,ASV1587,2,Armandia brevis
edna0138,ASV3033,motu2444,Staphylinidae,Hexapod,genus,1,1,NA,1,7,6,NA,NA,8,NA,NA,Staphylinidae,Hexapod,2018_pruth-grid_surface,pruth grid,seagrass_grid,2018-08-23,NA,2018,surface,9,pruth_grid_c3,grid,biological,NA,NA,NA,NA,NA,NA,2.7,955,0,51.64619864,-128.1195361,sand,NA,NA,NA,seagrass,zostera,seagrass_sand,zostera_sand,90.14,3.11539e-14,50,Metazoa,Arthropoda,Arthropoda,Coleoptera,Staphylinidae,Staphylinidae,NA,NA,TRUE,ASV3033,1,NA
edna0138,ASV2117,motu1746,Synchaeta vorax,Rotifer,species,1,1,1,NA,8,16,13,NA,NA,NA,NA,Synchaeta vorax,Rotifer,2018_pruth-grid_surface,pruth grid,seagrass_grid,2018-08-23,NA,2018,surface,9,pruth_grid_c3,grid,biological,NA,NA,NA,NA,NA,NA,2.7,955,0,51.64619864,-128.1195361,sand,NA,NA,NA,seagrass,zostera,seagrass_sand,zostera_sand,94.81,5.60839e-131,260,Metazoa,Rotifera,Eurotatoria,Ploima,Synchaetidae,Synchaeta,0,0,TRUE,ASV2117,4,Synchaeta vorax
edna0138,ASV3148,motu2526,Cardiida,Mussel species,order,1,NA,NA,NA,9,NA,NA,NA,NA,NA,NA,Cardiida,Mussel species,2018_pruth-grid_surface,pruth grid,seagrass_grid,2018-08-23,NA,2018,surface,9,pruth_grid_c3,grid,biological,NA,NA,NA,NA,NA,NA,2.7,955,0,51.64619864,-128.1195361,sand,NA,NA,NA,seagrass,zostera,seagrass_sand,zostera_sand,100,0.0374129,28,Metazoa,Mollusca,Mollusca,Cardiida,NA,NA,0,0,TRUE,ASV3148,1,NA
edna0138,ASV3532,motu2807,Pachylaelapidae,Mite,genus,1,1,NA,NA,3,4,NA,NA,NA,NA,NA,Pachylaelapidae,Mite,2018_pruth-grid_surface,pruth grid,seagrass_grid,2018-08-23,NA,2018,surface,9,pruth_grid_c3,grid,biological,NA,NA,NA,NA,NA,NA,2.7,955,0,51.64619864,-128.1195361,sand,NA,NA,NA,seagrass,zostera,seagrass_sand,zostera_sand,100,0.00408744,30,Metazoa,Arthropoda,Arthropoda,Mesostigmata,NA,Pachylaelapidae,NA,NA,TRUE,ASV3532,1,NA
edna0138,ASV3473,motu2758,Staphylinidae,Hexapod,genus,1,1,NA,NA,5,9,NA,NA,NA,NA,NA,Staphylinidae,Hexapod,2018_pruth-grid_surface,pruth grid,seagrass_grid,2018-08-23,NA,2018,surface,9,pruth_grid_c3,grid,biological,NA,NA,NA,NA,NA,NA,2.7,955,0,51.64619864,-128.1195361,sand,NA,NA,NA,seagrass,zostera,seagrass_sand,zostera_sand,90.14,3.11539e-14,50,Metazoa,Arthropoda,Arthropoda,Coleoptera,Staphylinidae,Staphylinidae,NA,NA,TRUE,ASV3473,1,NA
edna0135,ASV34,motu31,Centropages abdominalis,Calanoid copepod,species,1,1,NA,1,8,8,NA,3,NA,NA,NA,Centropages abdominalis,Calanoid copepod,2018_pruth-grid_surface,pruth grid,seagrass_grid,2018-08-23,NA,2018,surface,6,pruth_grid_b3,grid,biological,NA,NA,NA,NA,NA,NA,3.2,875,0,51.64647292,-128.1194311,sand,NA,NA,NA,seagrass,zostera,seagrass_sand,zostera_sand,100,1.96163e-160,313,Metazoa,Arthropoda,Copepoda,Calanoida,Centropagidae,Centropages,0,0,TRUE,ASV34,19,Centropages abdominalis
edna0135,ASV143,motu128,Centropages abdominalis,Calanoid copepod,species,1,1,NA,NA,7,9,NA,NA,NA,NA,NA,Centropages abdominalis,Calanoid copepod,2018_pruth-grid_surface,pruth grid,seagrass_grid,2018-08-23,NA,2018,surface,6,pruth_grid_b3,grid,biological,NA,NA,NA,NA,NA,NA,3.2,875,0,51.64647292,-128.1194311,sand,NA,NA,NA,seagrass,zostera,seagrass_sand,zostera_sand,100,1.96163e-160,313,Metazoa,Arthropoda,Copepoda,Calanoida,Centropagidae,Centropages,0,0,TRUE,ASV143,11,Centropages abdominalis
edna0135,ASV258,motu228,Lensia,Siphonophore,genus,1,1,NA,NA,92,215,NA,NA,NA,NA,NA,Lensia,Siphonophore,2018_pruth-grid_surface,pruth grid,seagrass_grid,2018-08-23,NA,2018,surface,6,pruth_grid_b3,grid,biological,NA,NA,NA,NA,NA,NA,3.2,875,0,51.64647292,-128.1194311,sand,NA,NA,NA,seagrass,zostera,seagrass_sand,zostera_sand,100,0.00408744,30,Metazoa,Cnidaria,Cnidaria,Siphonophorae,Diphyidae,Lensia,0,0,TRUE,ASV258,1,NA
edna0135,ASV131,motu117,Lensia,Siphonophore,genus,1,1,1,1,110,229,61,94,80,NA,81,Lensia,Siphonophore,2018_pruth-grid_surface,pruth grid,seagrass_grid,2018-08-23,NA,2018,surface,6,pruth_grid_b3,grid,biological,NA,NA,NA,NA,NA,NA,3.2,875,0,51.64647292,-128.1194311,sand,NA,NA,NA,seagrass,zostera,seagrass_sand,zostera_sand,100,0.00408744,30,Metazoa,Cnidaria,Cnidaria,Siphonophorae,Diphyidae,Lensia,0,0,TRUE,ASV131,2,NA
edna0135,ASV226,motu199,Mytilus trossulus,Bay mussel,species,1,1,NA,1,51,58,NA,28,NA,NA,NA,Mytilus trossulus,Bay mussel,2018_pruth-grid_surface,pruth grid,seagrass_grid,2018-08-23,NA,2018,surface,6,pruth_grid_b3,grid,biological,NA,NA,NA,NA,NA,NA,3.2,875,0,51.64647292,-128.1194311,sand,NA,NA,NA,seagrass,zostera,seagrass_sand,zostera_sand,100,3.2351099999999996e-158,309,Metazoa,Mollusca,Mollusca,Mytilida,Mytilidae,Mytilus,0,0,TRUE,ASV226,18,Mytilus trossulus
edna0135,ASV280,motu190,Mytilus,Mussel species,genus,1,NA,NA,1,49,NA,NA,36,NA,NA,NA,Mytilus trossulus,Bay mussel,2018_pruth-grid_surface,pruth grid,seagrass_grid,2018-08-23,NA,2018,surface,6,pruth_grid_b3,grid,biological,NA,NA,NA,NA,NA,NA,3.2,875,0,51.64647292,-128.1194311,sand,NA,NA,NA,seagrass,zostera,seagrass_sand,zostera_sand,100,3.2351099999999996e-158,309,Metazoa,Mollusca,Mollusca,Mytilida,Mytilidae,Mytilus,0,0,TRUE,ASV216,23,NA
edna0135,ASV324,motu285,Paracalanus parvus parvus,Calanoid copepod,species,1,1,1,1,33,68,34,45,36,NA,33,Paracalanus parvus parvus,Calanoid copepod,2018_pruth-grid_surface,pruth grid,seagrass_grid,2018-08-23,NA,2018,surface,6,pruth_grid_b3,grid,biological,NA,NA,NA,NA,NA,NA,3.2,875,0,51.64647292,-128.1194311,sand,NA,NA,NA,seagrass,zostera,seagrass_sand,zostera_sand,100,1.17454e-132,263,Metazoa,Arthropoda,Copepoda,Calanoida,Paracalanidae,Paracalanus,0,0,TRUE,ASV324,6,Paracalanus parvus parvus
edna0135,ASV308,motu270,Synchaeta baltica,Rotifer,species,1,1,1,1,55,79,42,43,NA,NA,53,Synchaeta baltica,Rotifer,2018_pruth-grid_surface,pruth grid,seagrass_grid,2018-08-23,NA,2018,surface,6,pruth_grid_b3,grid,biological,NA,NA,NA,NA,NA,NA,3.2,875,0,51.64647292,-128.1194311,sand,NA,NA,NA,seagrass,zostera,seagrass_sand,zostera_sand,90.79,3.5361899999999996e-113,228,Metazoa,Rotifera,Eurotatoria,Ploima,Synchaetidae,Synchaeta,0,0,TRUE,ASV308,3,Synchaeta baltica
edna0135,ASV536,motu470,Paracalanus parvus parvus,Calanoid copepod,species,1,1,NA,NA,33,73,NA,NA,NA,NA,NA,Paracalanus parvus parvus,Calanoid copepod,2018_pruth-grid_surface,pruth grid,seagrass_grid,2018-08-23,NA,2018,surface,6,pruth_grid_b3,grid,biological,NA,NA,NA,NA,NA,NA,3.2,875,0,51.64647292,-128.1194311,sand,NA,NA,NA,seagrass,zostera,seagrass_sand,zostera_sand,100,1.17454e-132,263,Metazoa,Arthropoda,Copepoda,Calanoida,Paracalanidae,Paracalanus,0,0,TRUE,ASV536,6,Paracalanus parvus parvus
edna0135,ASV328,motu288,Synchaeta baltica,Rotifer,species,1,1,1,1,33,60,31,39,29,NA,41,Synchaeta baltica,Rotifer,2018_pruth-grid_surface,pruth grid,seagrass_grid,2018-08-23,NA,2018,surface,6,pruth_grid_b3,grid,biological,NA,NA,NA,NA,NA,NA,3.2,875,0,51.64647292,-128.1194311,sand,NA,NA,NA,seagrass,zostera,seagrass_sand,zostera_sand,90.79,3.5361899999999996e-113,228,Metazoa,Rotifera,Eurotatoria,Ploima,Synchaetidae,Synchaeta,0,0,TRUE,ASV328,3,Synchaeta baltica
edna0135,ASV352,motu311,Synchaeta vorax,Rotifer,species,1,1,NA,1,7,13,NA,9,NA,NA,NA,Synchaeta vorax,Rotifer,2018_pruth-grid_surface,pruth grid,seagrass_grid,2018-08-23,NA,2018,surface,6,pruth_grid_b3,grid,biological,NA,NA,NA,NA,NA,NA,3.2,875,0,51.64647292,-128.1194311,sand,NA,NA,NA,seagrass,zostera,seagrass_sand,zostera_sand,98.08,7.129989999999999e-150,294,Metazoa,Rotifera,Eurotatoria,Ploima,Synchaetidae,Synchaeta,0,0,TRUE,ASV352,4,Synchaeta vorax
edna0135,ASV312,motu274,Synchaeta baltica,Rotifer,species,1,1,1,1,52,94,40,37,34,NA,54,Synchaeta baltica,Rotifer,2018_pruth-grid_surface,pruth grid,seagrass_grid,2018-08-23,NA,2018,surface,6,pruth_grid_b3,grid,biological,NA,NA,NA,NA,NA,NA,3.2,875,0,51.64647292,-128.1194311,sand,NA,NA,NA,seagrass,zostera,seagrass_sand,zostera_sand,90.45,5.9173e-111,224,Metazoa,Rotifera,Eurotatoria,Ploima,Synchaetidae,Synchaeta,0,0,TRUE,ASV312,1,Synchaeta baltica
edna0135,ASV346,motu306,Synchaeta vorax,Rotifer,species,1,1,1,1,3,8,5,16,7,NA,4,Synchaeta vorax,Rotifer,2018_pruth-grid_surface,pruth grid,seagrass_grid,2018-08-23,NA,2018,surface,6,pruth_grid_b3,grid,biological,NA,NA,NA,NA,NA,NA,3.2,875,0,51.64647292,-128.1194311,sand,NA,NA,NA,seagrass,zostera,seagrass_sand,zostera_sand,98.08,7.129989999999999e-150,294,Metazoa,Rotifera,Eurotatoria,Ploima,Synchaetidae,Synchaeta,0,0,TRUE,ASV346,5,Synchaeta vorax
edna0135,ASV356,motu315,Synchaeta baltica,Rotifer,species,1,1,1,1,33,76,36,28,38,NA,39,Synchaeta baltica,Rotifer,2018_pruth-grid_surface,pruth grid,seagrass_grid,2018-08-23,NA,2018,surface,6,pruth_grid_b3,grid,biological,NA,NA,NA,NA,NA,NA,3.2,875,0,51.64647292,-128.1194311,sand,NA,NA,NA,seagrass,zostera,seagrass_sand,zostera_sand,90.45,5.9173e-111,224,Metazoa,Rotifera,Eurotatoria,Ploima,Synchaetidae,Synchaeta,0,0,TRUE,ASV356,1,Synchaeta baltica
edna0135,ASV860,motu748,Saxidomus,Washington clam species,genus,1,1,NA,NA,7,14,NA,NA,NA,NA,NA,Saxidomus,Washington clam species,2018_pruth-grid_surface,pruth grid,seagrass_grid,2018-08-23,NA,2018,surface,6,pruth_grid_b3,grid,biological,NA,NA,NA,NA,NA,NA,3.2,875,0,51.64647292,-128.1194311,sand,NA,NA,NA,seagrass,zostera,seagrass_sand,zostera_sand,100,1.96163e-160,313,Metazoa,Mollusca,Mollusca,Venerida,Veneridae,Saxidomus,0,0,TRUE,ASV860,4,NA
edna0135,ASV670,motu583,Synchaeta triophthalma,Rotifer,species,1,1,1,1,5,12,5,7,7,NA,9,Synchaeta triophthalma,Rotifer,2018_pruth-grid_surface,pruth grid,seagrass_grid,2018-08-23,NA,2018,surface,6,pruth_grid_b3,grid,biological,NA,NA,NA,NA,NA,NA,3.2,875,0,51.64647292,-128.1194311,sand,NA,NA,NA,seagrass,zostera,seagrass_sand,zostera_sand,91.99,3.511259999999999e-118,237,Metazoa,Rotifera,Eurotatoria,Ploima,Synchaetidae,Synchaeta,0,0,TRUE,ASV670,4,Synchaeta triophthalma
edna0135,ASV647,motu560,Synchaeta triophthalma,Rotifer,species,1,1,1,1,5,9,10,3,3,NA,6,Synchaeta triophthalma,Rotifer,2018_pruth-grid_surface,pruth grid,seagrass_grid,2018-08-23,NA,2018,surface,6,pruth_grid_b3,grid,biological,NA,NA,NA,NA,NA,NA,3.2,875,0,51.64647292,-128.1194311,sand,NA,NA,NA,seagrass,zostera,seagrass_sand,zostera_sand,91.99,3.511259999999999e-118,237,Metazoa,Rotifera,Eurotatoria,Ploima,Synchaetidae,Synchaeta,0,0,TRUE,ASV647,4,Synchaeta triophthalma
edna0135,ASV689,motu600,Synchaeta baltica,Rotifer,species,1,1,1,1,70,109,47,70,35,NA,68,Synchaeta baltica,Rotifer,2018_pruth-grid_surface,pruth grid,seagrass_grid,2018-08-23,NA,2018,surface,6,pruth_grid_b3,grid,biological,NA,NA,NA,NA,NA,NA,3.2,875,0,51.64647292,-128.1194311,sand,NA,NA,NA,seagrass,zostera,seagrass_sand,zostera_sand,90.76,1.27184e-112,227,Metazoa,Rotifera,Eurotatoria,Ploima,Synchaetidae,Synchaeta,0,0,TRUE,ASV689,1,Synchaeta baltica
edna0135,ASV737,motu641,Synchaeta baltica,Rotifer,species,1,1,1,1,69,118,50,64,32,NA,50,Synchaeta baltica,Rotifer,2018_pruth-grid_surface,pruth grid,seagrass_grid,2018-08-23,NA,2018,surface,6,pruth_grid_b3,grid,biological,NA,NA,NA,NA,NA,NA,3.2,875,0,51.64647292,-128.1194311,sand,NA,NA,NA,seagrass,zostera,seagrass_sand,zostera_sand,90.76,1.27184e-112,227,Metazoa,Rotifera,Eurotatoria,Ploima,Synchaetidae,Synchaeta,0,0,TRUE,ASV737,1,Synchaeta baltica
edna0135,ASV1791,motu1494,Saxidomus nuttalli,California butterclam,species,1,1,NA,NA,5,19,NA,NA,NA,NA,NA,Saxidomus nuttalli,California butterclam,2018_pruth-grid_surface,pruth grid,seagrass_grid,2018-08-23,NA,2018,surface,6,pruth_grid_b3,grid,biological,NA,NA,NA,NA,NA,NA,3.2,875,0,51.64647292,-128.1194311,sand,NA,NA,NA,seagrass,zostera,seagrass_sand,zostera_sand,99.68,4.246189999999999e-157,307,Metazoa,Mollusca,Bivalvia,Venerida,Veneridae,Saxidomus,0,0,TRUE,ASV1791,2,Saxidomus nuttalli
edna0135,ASV2228,motu1836,Saxidomus nuttalli,California butterclam,species,1,1,NA,NA,3,17,NA,NA,NA,NA,NA,Saxidomus nuttalli,California butterclam,2018_pruth-grid_surface,pruth grid,seagrass_grid,2018-08-23,NA,2018,surface,6,pruth_grid_b3,grid,biological,NA,NA,NA,NA,NA,NA,3.2,875,0,51.64647292,-128.1194311,sand,NA,NA,NA,seagrass,zostera,seagrass_sand,zostera_sand,99.68,4.246189999999999e-157,307,Metazoa,Mollusca,Bivalvia,Venerida,Veneridae,Saxidomus,0,0,TRUE,ASV2228,1,Saxidomus nuttalli
edna0139,ASV25,motu22,Acartia (Acartiura) longiremis,Calanoid copepod,species,1,1,NA,1,21,37,NA,26,20,NA,30,Acartia (Acartiura) longiremis,Calanoid copepod,2018_wfb_surface,wfb,beach_seine,2018-08-24,2018-08-24,2018,surface,1,edna_wfb_00,repeat-surface,biological,NA,NA,NA,NA,NA,NA,5,1000,0,51.66858165,-128.1194495,sand,y,350,se,none,none,none_sand,none_sand,100,1.96163e-160,313,Metazoa,Arthropoda,Copepoda,Calanoida,Acartiidae,Acartia,0,0,TRUE,ASV25,27,Acartia (Acartiura) longiremis
edna0139,ASV81,motu71,Acartia (Acartiura) longiremis,Calanoid copepod,species,1,1,NA,NA,15,28,NA,NA,NA,NA,NA,Acartia (Acartiura) longiremis,Calanoid copepod,2018_wfb_surface,wfb,beach_seine,2018-08-24,2018-08-24,2018,surface,1,edna_wfb_00,repeat-surface,biological,NA,NA,NA,NA,NA,NA,5,1000,0,51.66858165,-128.1194495,sand,y,350,se,none,none,none_sand,none_sand,100,1.96163e-160,313,Metazoa,Arthropoda,Copepoda,Calanoida,Acartiidae,Acartia,0,0,TRUE,ASV81,23,Acartia (Acartiura) longiremis
edna0139,ASV131,motu117,Lensia,Siphonophore,genus,1,1,NA,1,4,4,NA,3,10,NA,NA,Lensia,Siphonophore,2018_wfb_surface,wfb,beach_seine,2018-08-24,2018-08-24,2018,surface,1,edna_wfb_00,repeat-surface,biological,NA,NA,NA,NA,NA,NA,5,1000,0,51.66858165,-128.1194495,sand,y,350,se,none,none,none_sand,none_sand,100,0.00408744,30,Metazoa,Cnidaria,Cnidaria,Siphonophorae,Diphyidae,Lensia,0,0,TRUE,ASV131,2,NA
edna0139,ASV640,motu105,Mesocentrotus franciscanus,Red sea urchin,species,1,1,1,NA,100,209,79,NA,NA,NA,NA,Mesocentrotus franciscanus,Red sea urchin,2018_wfb_surface,wfb,beach_seine,2018-08-24,2018-08-24,2018,surface,1,edna_wfb_00,repeat-surface,biological,NA,NA,NA,NA,NA,NA,5,1000,0,51.66858165,-128.1194495,sand,y,350,se,none,none,none_sand,none_sand,100,1.96163e-160,313,Metazoa,Echinodermata,Echinoidea,Camarodonta,Strongylocentrotidae,Mesocentrotus,0,0,TRUE,ASV118,8,Mesocentrotus franciscanus
edna0139,ASV689,motu600,Synchaeta baltica,Rotifer,species,1,1,1,1,31,56,21,26,29,NA,35,Synchaeta baltica,Rotifer,2018_wfb_surface,wfb,beach_seine,2018-08-24,2018-08-24,2018,surface,1,edna_wfb_00,repeat-surface,biological,NA,NA,NA,NA,NA,NA,5,1000,0,51.66858165,-128.1194495,sand,y,350,se,none,none,none_sand,none_sand,90.76,1.27184e-112,227,Metazoa,Rotifera,Eurotatoria,Ploima,Synchaetidae,Synchaeta,0,0,TRUE,ASV689,1,Synchaeta baltica
edna0139,ASV737,motu641,Synchaeta baltica,Rotifer,species,1,1,1,1,33,69,30,36,36,NA,34,Synchaeta baltica,Rotifer,2018_wfb_surface,wfb,beach_seine,2018-08-24,2018-08-24,2018,surface,1,edna_wfb_00,repeat-surface,biological,NA,NA,NA,NA,NA,NA,5,1000,0,51.66858165,-128.1194495,sand,y,350,se,none,none,none_sand,none_sand,90.76,1.27184e-112,227,Metazoa,Rotifera,Eurotatoria,Ploima,Synchaetidae,Synchaeta,0,0,TRUE,ASV737,1,Synchaeta baltica
edna0139,ASV1384,motu1168,Membranipora membranacea,Coffin box bryozoan,species,1,NA,NA,NA,13,NA,NA,NA,NA,NA,NA,Membranipora membranacea,Coffin box bryozoan,2018_wfb_surface,wfb,beach_seine,2018-08-24,2018-08-24,2018,surface,1,edna_wfb_00,repeat-surface,biological,NA,NA,NA,NA,NA,NA,5,1000,0,51.66858165,-128.1194495,sand,y,350,se,none,none,none_sand,none_sand,100,9.252979999999995e-139,274,Metazoa,Bryozoa,Gymnolaemata,Cheilostomatida,Membraniporidae,Membranipora,0,0,TRUE,ASV1384,2,Membranipora membranacea
edna0139,ASV1482,motu118,Mesocentrotus franciscanus,Red sea urchin,species,1,1,NA,NA,107,205,NA,NA,NA,NA,NA,Mesocentrotus franciscanus,Red sea urchin,2018_wfb_surface,wfb,beach_seine,2018-08-24,2018-08-24,2018,surface,1,edna_wfb_00,repeat-surface,biological,NA,NA,NA,NA,NA,NA,5,1000,0,51.66858165,-128.1194495,sand,y,350,se,none,none,none_sand,none_sand,100,1.96163e-160,313,Metazoa,Echinodermata,Echinoidea,Camarodonta,Strongylocentrotidae,Mesocentrotus,0,0,TRUE,ASV132,8,Mesocentrotus franciscanus
edna0139,ASV2731,motu2213,Pachylaelapidae,Mite,genus,1,NA,1,1,5,NA,7,NA,NA,NA,6,Pachylaelapidae,Mite,2018_wfb_surface,wfb,beach_seine,2018-08-24,2018-08-24,2018,surface,1,edna_wfb_00,repeat-surface,biological,NA,NA,NA,NA,NA,NA,5,1000,0,51.66858165,-128.1194495,sand,y,350,se,none,none,none_sand,none_sand,100,0.00408744,30,Metazoa,Arthropoda,Arthropoda,Mesostigmata,NA,Pachylaelapidae,NA,NA,TRUE,ASV2731,2,NA
edna0034,ASV25,motu22,Acartia (Acartiura) longiremis,Calanoid copepod,species,1,1,1,1,202,398,116,309,259,NA,355,Acartia (Acartiura) longiremis,Calanoid copepod,2018_pba_depth,pba,beach_seine,2018-07-12,2018-07-10,2018,depth,2,edna_pba_00,depth,biological,12.8,29.61,8.64,NA,NA,NA,4,1000,0,51.64670412,-128.1188409,mud,y,180,p,seagrass,zostera,seagrass_mud,zostera_mud,100,1.96163e-160,313,Metazoa,Arthropoda,Copepoda,Calanoida,Acartiidae,Acartia,0,0,TRUE,ASV25,27,Acartia (Acartiura) longiremis
edna0034,ASV81,motu71,Acartia (Acartiura) longiremis,Calanoid copepod,species,1,1,NA,NA,196,354,NA,NA,NA,NA,NA,Acartia (Acartiura) longiremis,Calanoid copepod,2018_pba_depth,pba,beach_seine,2018-07-12,2018-07-10,2018,depth,2,edna_pba_00,depth,biological,12.8,29.61,8.64,NA,NA,NA,4,1000,0,51.64670412,-128.1188409,mud,y,180,p,seagrass,zostera,seagrass_mud,zostera_mud,100,1.96163e-160,313,Metazoa,Arthropoda,Copepoda,Calanoida,Acartiidae,Acartia,0,0,TRUE,ASV81,23,Acartia (Acartiura) longiremis
edna0034,ASV34,motu31,Centropages abdominalis,Calanoid copepod,species,1,1,1,1,452,799,371,748,584,NA,693,Centropages abdominalis,Calanoid copepod,2018_pba_depth,pba,beach_seine,2018-07-12,2018-07-10,2018,depth,2,edna_pba_00,depth,biological,12.8,29.61,8.64,NA,NA,NA,4,1000,0,51.64670412,-128.1188409,mud,y,180,p,seagrass,zostera,seagrass_mud,zostera_mud,100,1.96163e-160,313,Metazoa,Arthropoda,Copepoda,Calanoida,Centropagidae,Centropages,0,0,TRUE,ASV34,19,Centropages abdominalis
edna0034,ASV143,motu128,Centropages abdominalis,Calanoid copepod,species,1,1,NA,NA,429,854,NA,NA,NA,NA,NA,Centropages abdominalis,Calanoid copepod,2018_pba_depth,pba,beach_seine,2018-07-12,2018-07-10,2018,depth,2,edna_pba_00,depth,biological,12.8,29.61,8.64,NA,NA,NA,4,1000,0,51.64670412,-128.1188409,mud,y,180,p,seagrass,zostera,seagrass_mud,zostera_mud,100,1.96163e-160,313,Metazoa,Arthropoda,Copepoda,Calanoida,Centropagidae,Centropages,0,0,TRUE,ASV143,11,Centropages abdominalis
edna0034,ASV258,motu228,Lensia,Siphonophore,genus,1,1,NA,NA,47,114,NA,NA,NA,NA,NA,Lensia,Siphonophore,2018_pba_depth,pba,beach_seine,2018-07-12,2018-07-10,2018,depth,2,edna_pba_00,depth,biological,12.8,29.61,8.64,NA,NA,NA,4,1000,0,51.64670412,-128.1188409,mud,y,180,p,seagrass,zostera,seagrass_mud,zostera_mud,100,0.00408744,30,Metazoa,Cnidaria,Cnidaria,Siphonophorae,Diphyidae,Lensia,0,0,TRUE,ASV258,1,NA
edna0034,ASV131,motu117,Lensia,Siphonophore,genus,1,1,1,1,41,98,58,44,75,NA,104,Lensia,Siphonophore,2018_pba_depth,pba,beach_seine,2018-07-12,2018-07-10,2018,depth,2,edna_pba_00,depth,biological,12.8,29.61,8.64,NA,NA,NA,4,1000,0,51.64670412,-128.1188409,mud,y,180,p,seagrass,zostera,seagrass_mud,zostera_mud,100,0.00408744,30,Metazoa,Cnidaria,Cnidaria,Siphonophorae,Diphyidae,Lensia,0,0,TRUE,ASV131,2,NA
edna0034,ASV189,motu165,Polydora,Spionid polychaete,genus,1,1,1,1,2285,4117,1639,2445,2545,NA,2831,Polydora,Spionid polychaete,2018_pba_depth,pba,beach_seine,2018-07-12,2018-07-10,2018,depth,2,edna_pba_00,depth,biological,12.8,29.61,8.64,NA,NA,NA,4,1000,0,51.64670412,-128.1188409,mud,y,180,p,seagrass,zostera,seagrass_mud,zostera_mud,99.04,1.97556e-155,304,Metazoa,Annelida,Annelida,Spionida,Spionidae,Polydora,0,0,TRUE,ASV189,1,NA
edna0034,ASV171,motu150,Pseudocalanus mimus,Calanoid copepod,species,1,1,1,NA,42,66,37,NA,NA,NA,NA,Pseudocalanus mimus,Calanoid copepod,2018_pba_depth,pba,beach_seine,2018-07-12,2018-07-10,2018,depth,2,edna_pba_00,depth,biological,12.8,29.61,8.64,NA,NA,NA,4,1000,0,51.64670412,-128.1188409,mud,y,180,p,seagrass,zostera,seagrass_mud,zostera_mud,99.67,9.19139e-154,301,Metazoa,Arthropoda,Copepoda,Calanoida,Clausocalanidae,Pseudocalanus,0,0,TRUE,ASV171,10,Pseudocalanus mimus
edna0034,ASV343,motu303,Pseudocalanus mimus,Calanoid copepod,species,1,1,1,1,54,83,14,NA,NA,NA,28,Pseudocalanus mimus,Calanoid copepod,2018_pba_depth,pba,beach_seine,2018-07-12,2018-07-10,2018,depth,2,edna_pba_00,depth,biological,12.8,29.61,8.64,NA,NA,NA,4,1000,0,51.64670412,-128.1188409,mud,y,180,p,seagrass,zostera,seagrass_mud,zostera_mud,99.67,9.19139e-154,301,Metazoa,Arthropoda,Copepoda,Calanoida,Clausocalanidae,Pseudocalanus,0,0,TRUE,ASV343,11,Pseudocalanus mimus
edna0034,ASV248,motu219,Polydora,Spionid polychaete,genus,1,1,1,1,2118,4143,946,1098,1097,NA,1368,Polydora,Spionid polychaete,2018_pba_depth,pba,beach_seine,2018-07-12,2018-07-10,2018,depth,2,edna_pba_00,depth,biological,12.8,29.61,8.64,NA,NA,NA,4,1000,0,51.64670412,-128.1188409,mud,y,180,p,seagrass,zostera,seagrass_mud,zostera_mud,99.04,1.97556e-155,304,Metazoa,Annelida,Annelida,Spionida,Spionidae,Polydora,0,0,TRUE,ASV248,2,NA
edna0034,ASV226,motu199,Mytilus trossulus,Bay mussel,species,1,1,1,1,8,8,7,7,NA,NA,9,Mytilus trossulus,Bay mussel,2018_pba_depth,pba,beach_seine,2018-07-12,2018-07-10,2018,depth,2,edna_pba_00,depth,biological,12.8,29.61,8.64,NA,NA,NA,4,1000,0,51.64670412,-128.1188409,mud,y,180,p,seagrass,zostera,seagrass_mud,zostera_mud,100,3.2351099999999996e-158,309,Metazoa,Mollusca,Mollusca,Mytilida,Mytilidae,Mytilus,0,0,TRUE,ASV226,18,Mytilus trossulus
edna0034,ASV216,motu190,Mytilus trossulus,Bay mussel,species,1,1,NA,1,6,11,NA,14,7,NA,NA,Mytilus trossulus,Bay mussel,2018_pba_depth,pba,beach_seine,2018-07-12,2018-07-10,2018,depth,2,edna_pba_00,depth,biological,12.8,29.61,8.64,NA,NA,NA,4,1000,0,51.64670412,-128.1188409,mud,y,180,p,seagrass,zostera,seagrass_mud,zostera_mud,100,3.2351099999999996e-158,309,Metazoa,Mollusca,Mollusca,Mytilida,Mytilidae,Mytilus,0,0,TRUE,ASV216,23,Mytilus trossulus
edna0034,ASV233,motu74,Euchlanidae,Rotifer,family,1,1,1,1,69,129,82,61,NA,NA,NA,No Results,No Results,2018_pba_depth,pba,beach_seine,2018-07-12,2018-07-10,2018,depth,2,edna_pba_00,depth,biological,12.8,29.61,8.64,NA,NA,NA,4,1000,0,51.64670412,-128.1188409,mud,y,180,p,seagrass,zostera,seagrass_mud,zostera_mud,91.35,3.005919999999998e-29,77,Metazoa,Rotifera,Rotifera,Ploima,Euchlanidae,NA,1,NA,TRUE,ASV84,2,NA
edna0034,ASV452,motu183,Euchlanidae,Rotifer,family,1,1,NA,NA,69,141,NA,NA,NA,NA,NA,No Results,No Results,2018_pba_depth,pba,beach_seine,2018-07-12,2018-07-10,2018,depth,2,edna_pba_00,depth,biological,12.8,29.61,8.64,NA,NA,NA,4,1000,0,51.64670412,-128.1188409,mud,y,180,p,seagrass,zostera,seagrass_mud,zostera_mud,91.35,3.005919999999998e-29,77,Metazoa,Rotifera,Rotifera,Ploima,Euchlanidae,NA,1,NA,TRUE,ASV208,2,NA
edna0034,ASV595,motu522,Cecidomyiidae,Hexapod,genus,1,1,NA,NA,4,5,NA,NA,NA,NA,NA,Cecidomyiidae,Hexapod,2018_pba_depth,pba,beach_seine,2018-07-12,2018-07-10,2018,depth,2,edna_pba_00,depth,biological,12.8,29.61,8.64,NA,NA,NA,4,1000,0,51.64670412,-128.1188409,mud,y,180,p,seagrass,zostera,seagrass_mud,zostera_mud,100,0.00408744,30,Metazoa,Arthropoda,Arthropoda,Diptera,Cecidomyiidae,Cecidomyiidae,NA,NA,TRUE,ASV595,1,NA
edna0034,ASV377,motu334,Synchaeta pectinata,Rotifer,species,1,1,1,1,30,28,14,71,33,NA,44,Synchaeta pectinata,Rotifer,2018_pba_depth,pba,beach_seine,2018-07-12,2018-07-10,2018,depth,2,edna_pba_00,depth,biological,12.8,29.61,8.64,NA,NA,NA,4,1000,0,51.64670412,-128.1188409,mud,y,180,p,seagrass,zostera,seagrass_mud,zostera_mud,90.48,1.6452299999999999e-111,225,Metazoa,Rotifera,Eurotatoria,Ploima,Synchaetidae,Synchaeta,0,0,TRUE,ASV377,5,Synchaeta pectinata
edna0034,ASV398,motu350,Synchaeta pectinata,Rotifer,species,1,1,1,1,19,36,18,46,35,NA,30,Synchaeta pectinata,Rotifer,2018_pba_depth,pba,beach_seine,2018-07-12,2018-07-10,2018,depth,2,edna_pba_00,depth,biological,12.8,29.61,8.64,NA,NA,NA,4,1000,0,51.64670412,-128.1188409,mud,y,180,p,seagrass,zostera,seagrass_mud,zostera_mud,90.48,1.6452299999999999e-111,225,Metazoa,Rotifera,Eurotatoria,Ploima,Synchaetidae,Synchaeta,0,0,TRUE,ASV398,4,Synchaeta pectinata
edna0034,ASV744,motu648,Evasterias troschelii,False ochre star,species,1,1,NA,NA,3,6,NA,NA,NA,NA,NA,Evasterias troschelii,False ochre star,2018_pba_depth,pba,beach_seine,2018-07-12,2018-07-10,2018,depth,2,edna_pba_00,depth,biological,12.8,29.61,8.64,NA,NA,NA,4,1000,0,51.64670412,-128.1188409,mud,y,180,p,seagrass,zostera,seagrass_mud,zostera_mud,100,1.96163e-160,313,Metazoa,Echinodermata,Asteroidea,Forcipulatida,Asteriidae,Evasterias,0,0,TRUE,ASV744,1,Evasterias troschelii
edna0034,ASV467,motu412,Saxidomus,Washington clam species,genus,1,1,1,1,30,60,42,49,45,NA,58,Saxidomus,Washington clam species,2018_pba_depth,pba,beach_seine,2018-07-12,2018-07-10,2018,depth,2,edna_pba_00,depth,biological,12.8,29.61,8.64,NA,NA,NA,4,1000,0,51.64670412,-128.1188409,mud,y,180,p,seagrass,zostera,seagrass_mud,zostera_mud,100,1.96163e-160,313,Metazoa,Mollusca,Mollusca,Venerida,Veneridae,Saxidomus,0,0,TRUE,ASV467,12,NA
edna0034,ASV865,motu753,Parastenocarididae,Harpacticoid copepod,family,1,1,NA,NA,28,54,NA,NA,NA,NA,NA,Parastenocarididae,Harpacticoid copepod,2018_pba_depth,pba,beach_seine,2018-07-12,2018-07-10,2018,depth,2,edna_pba_00,depth,biological,12.8,29.61,8.64,NA,NA,NA,4,1000,0,51.64670412,-128.1188409,mud,y,180,p,seagrass,zostera,seagrass_mud,zostera_mud,94.59,0.00408744,30,Metazoa,Arthropoda,Arthropoda,Harpacticoida,Parastenocarididae,NA,1,0,TRUE,ASV865,1,NA
edna0034,ASV860,motu748,Saxidomus,Washington clam species,genus,1,1,NA,NA,32,61,NA,NA,NA,NA,NA,Saxidomus,Washington clam species,2018_pba_depth,pba,beach_seine,2018-07-12,2018-07-10,2018,depth,2,edna_pba_00,depth,biological,12.8,29.61,8.64,NA,NA,NA,4,1000,0,51.64670412,-128.1188409,mud,y,180,p,seagrass,zostera,seagrass_mud,zostera_mud,100,1.96163e-160,313,Metazoa,Mollusca,Mollusca,Venerida,Veneridae,Saxidomus,0,0,TRUE,ASV860,4,NA
edna0034,ASV750,motu654,Orobdella,Freshwater leech,genus,1,NA,1,NA,9,NA,11,NA,NA,NA,NA,Orobdella,Freshwater leech,2018_pba_depth,pba,beach_seine,2018-07-12,2018-07-10,2018,depth,2,edna_pba_00,depth,biological,12.8,29.61,8.64,NA,NA,NA,4,1000,0,51.64670412,-128.1188409,mud,y,180,p,seagrass,zostera,seagrass_mud,zostera_mud,97.06,0.00121031,31,Metazoa,Annelida,Annelida,Erpobdelliformes,Orobdellidae,Orobdella,NA,NA,TRUE,ASV750,1,NA
edna0034,ASV772,motu672,Parastenocarididae,Harpacticoid copepod,family,1,1,NA,NA,23,50,NA,NA,NA,NA,NA,Parastenocarididae,Harpacticoid copepod,2018_pba_depth,pba,beach_seine,2018-07-12,2018-07-10,2018,depth,2,edna_pba_00,depth,biological,12.8,29.61,8.64,NA,NA,NA,4,1000,0,51.64670412,-128.1188409,mud,y,180,p,seagrass,zostera,seagrass_mud,zostera_mud,94.59,0.00408744,30,Metazoa,Arthropoda,Arthropoda,Harpacticoida,Parastenocarididae,NA,1,0,TRUE,ASV772,1,NA
edna0034,ASV1228,motu71,Acartia (Acartiura) longiremis,Calanoid copepod,species,1,1,NA,NA,70,174,NA,NA,NA,NA,NA,Acartia (Acartiura) longiremis,Calanoid copepod,2018_pba_depth,pba,beach_seine,2018-07-12,2018-07-10,2018,depth,2,edna_pba_00,depth,biological,12.8,29.61,8.64,NA,NA,NA,4,1000,0,51.64670412,-128.1188409,mud,y,180,p,seagrass,zostera,seagrass_mud,zostera_mud,99.68,9.126599999999999e-159,310,Metazoa,Arthropoda,Copepoda,Calanoida,Acartiidae,Acartia,0,0,TRUE,ASV81,23,Acartia (Acartiura) longiremis
edna0034,ASV775,motu675,Aequorea,Crystal jelly species,genus,1,NA,NA,1,5,NA,NA,8,NA,NA,NA,Aequorea,Crystal jelly species,2018_pba_depth,pba,beach_seine,2018-07-12,2018-07-10,2018,depth,2,edna_pba_00,depth,biological,12.8,29.61,8.64,NA,NA,NA,4,1000,0,51.64670412,-128.1188409,mud,y,180,p,seagrass,zostera,seagrass_mud,zostera_mud,100,1.4886099999999998e-156,306,Metazoa,Cnidaria,Hydrozoa,Leptothecata,Aequoreidae,Aequorea,0,0,TRUE,ASV775,3,NA
edna0034,ASV622,motu22,Acartia (Acartiura) longiremis,Calanoid copepod,species,1,1,1,1,86,224,50,201,121,NA,109,Acartia (Acartiura) longiremis,Calanoid copepod,2018_pba_depth,pba,beach_seine,2018-07-12,2018-07-10,2018,depth,2,edna_pba_00,depth,biological,12.8,29.61,8.64,NA,NA,NA,4,1000,0,51.64670412,-128.1188409,mud,y,180,p,seagrass,zostera,seagrass_mud,zostera_mud,99.68,9.126599999999999e-159,310,Metazoa,Arthropoda,Copepoda,Calanoida,Acartiidae,Acartia,0,0,TRUE,ASV25,27,Acartia (Acartiura) longiremis
edna0034,ASV1445,motu1221,Cistenides granulata,Trumpet worm,species,1,NA,NA,NA,42,NA,NA,NA,NA,NA,NA,Cistenides granulata,Trumpet worm,2018_pba_depth,pba,beach_seine,2018-07-12,2018-07-10,2018,depth,2,edna_pba_00,depth,biological,12.8,29.61,8.64,NA,NA,NA,4,1000,0,51.64670412,-128.1188409,mud,y,180,p,seagrass,zostera,seagrass_mud,zostera_mud,100,1.4886099999999998e-156,306,Metazoa,Annelida,Polychaeta,Terebellida,Pectinariidae,Pectinaria,0,0,TRUE,ASV1445,1,Cistenides granulata
edna0034,ASV1048,motu285,Paracalanus,Calanoid copepod,genus,1,NA,NA,NA,28,NA,NA,NA,NA,NA,NA,Paracalanus parvus parvus,Calanoid copepod,2018_pba_depth,pba,beach_seine,2018-07-12,2018-07-10,2018,depth,2,edna_pba_00,depth,biological,12.8,29.61,8.64,NA,NA,NA,4,1000,0,51.64670412,-128.1188409,mud,y,180,p,seagrass,zostera,seagrass_mud,zostera_mud,99.67,1.14177e-152,299,Metazoa,Arthropoda,Arthropoda,Calanoida,Paracalanidae,Paracalanus,0,0,TRUE,ASV324,6,NA
edna0034,ASV1443,motu1220,Orobdella,Freshwater leech,genus,1,1,NA,NA,11,17,NA,NA,NA,NA,NA,Orobdella,Freshwater leech,2018_pba_depth,pba,beach_seine,2018-07-12,2018-07-10,2018,depth,2,edna_pba_00,depth,biological,12.8,29.61,8.64,NA,NA,NA,4,1000,0,51.64670412,-128.1188409,mud,y,180,p,seagrass,zostera,seagrass_mud,zostera_mud,97.06,0.0011939,31,Metazoa,Annelida,Annelida,Erpobdelliformes,Orobdellidae,Orobdella,NA,NA,TRUE,ASV1443,1,NA
edna0034,ASV1986,motu22,Acartia (Acartiura) longiremis,Calanoid copepod,species,1,1,NA,NA,55,85,NA,NA,NA,NA,NA,Acartia (Acartiura) longiremis,Calanoid copepod,2018_pba_depth,pba,beach_seine,2018-07-12,2018-07-10,2018,depth,2,edna_pba_00,depth,biological,12.8,29.61,8.64,NA,NA,NA,4,1000,0,51.64670412,-128.1188409,mud,y,180,p,seagrass,zostera,seagrass_mud,zostera_mud,99.68,9.126599999999999e-159,310,Metazoa,Arthropoda,Copepoda,Calanoida,Acartiidae,Acartia,0,0,TRUE,ASV25,27,Acartia (Acartiura) longiremis
edna0034,ASV1805,motu1504,Cistenides granulata,Trumpet worm,species,1,NA,1,NA,33,NA,30,NA,NA,NA,NA,Cistenides granulata,Trumpet worm,2018_pba_depth,pba,beach_seine,2018-07-12,2018-07-10,2018,depth,2,edna_pba_00,depth,biological,12.8,29.61,8.64,NA,NA,NA,4,1000,0,51.64670412,-128.1188409,mud,y,180,p,seagrass,zostera,seagrass_mud,zostera_mud,100,1.4886099999999998e-156,306,Metazoa,Annelida,Polychaeta,Terebellida,Pectinariidae,Pectinaria,0,0,TRUE,ASV1805,1,Cistenides granulata
edna0034,ASV1329,motu1124,Littorina scutulata,Checkered periwinkle,species,1,1,1,1,61,109,37,126,83,NA,127,Littorina scutulata,Checkered periwinkle,2018_pba_depth,pba,beach_seine,2018-07-12,2018-07-10,2018,depth,2,edna_pba_00,depth,biological,12.8,29.61,8.64,NA,NA,NA,4,1000,0,51.64670412,-128.1188409,mud,y,180,p,seagrass,zostera,seagrass_mud,zostera_mud,100,1.96163e-160,313,Metazoa,Mollusca,Gastropoda,Littorinimorpha,Littorinidae,Littorina,0,0,TRUE,ASV1329,1,Littorina scutulata
edna0034,ASV2308,motu1901,Littorina scutulata,Checkered periwinkle,species,1,1,NA,NA,51,121,NA,NA,NA,NA,NA,Littorina scutulata,Checkered periwinkle,2018_pba_depth,pba,beach_seine,2018-07-12,2018-07-10,2018,depth,2,edna_pba_00,depth,biological,12.8,29.61,8.64,NA,NA,NA,4,1000,0,51.64670412,-128.1188409,mud,y,180,p,seagrass,zostera,seagrass_mud,zostera_mud,100,1.96163e-160,313,Metazoa,Mollusca,Gastropoda,Littorinimorpha,Littorinidae,Littorina,0,0,TRUE,ASV2308,1,Littorina scutulata
edna0034,ASV3044,motu128,Centropages abdominalis,Calanoid copepod,species,1,1,NA,NA,63,76,NA,NA,NA,NA,NA,Centropages abdominalis,Calanoid copepod,2018_pba_depth,pba,beach_seine,2018-07-12,2018-07-10,2018,depth,2,edna_pba_00,depth,biological,12.8,29.61,8.64,NA,NA,NA,4,1000,0,51.64670412,-128.1188409,mud,y,180,p,seagrass,zostera,seagrass_mud,zostera_mud,99.68,9.126599999999999e-159,310,Metazoa,Arthropoda,Copepoda,Calanoida,Centropagidae,Centropages,0,0,TRUE,ASV143,11,Centropages abdominalis
edna0034,ASV2309,motu71,Acartia (Acartiura) longiremis,Calanoid copepod,species,1,1,NA,NA,31,99,NA,NA,NA,NA,NA,Acartia (Acartiura) longiremis,Calanoid copepod,2018_pba_depth,pba,beach_seine,2018-07-12,2018-07-10,2018,depth,2,edna_pba_00,depth,biological,12.8,29.61,8.64,NA,NA,NA,4,1000,0,51.64670412,-128.1188409,mud,y,180,p,seagrass,zostera,seagrass_mud,zostera_mud,99.68,9.126599999999999e-159,310,Metazoa,Arthropoda,Copepoda,Calanoida,Acartiidae,Acartia,0,0,TRUE,ASV81,23,Acartia (Acartiura) longiremis
edna0034,ASV3390,motu470,Paracalanus,Calanoid copepod,genus,1,NA,NA,NA,24,NA,NA,NA,NA,NA,NA,Paracalanus parvus parvus,Calanoid copepod,2018_pba_depth,pba,beach_seine,2018-07-12,2018-07-10,2018,depth,2,edna_pba_00,depth,biological,12.8,29.61,8.64,NA,NA,NA,4,1000,0,51.64670412,-128.1188409,mud,y,180,p,seagrass,zostera,seagrass_mud,zostera_mud,99.34,5.31212e-151,296,Metazoa,Arthropoda,Arthropoda,Calanoida,Paracalanidae,Paracalanus,0,0,TRUE,ASV536,6,NA
edna0034,ASV1979,motu31,Centropages abdominalis,Calanoid copepod,species,1,1,1,1,42,72,49,85,48,NA,68,Centropages abdominalis,Calanoid copepod,2018_pba_depth,pba,beach_seine,2018-07-12,2018-07-10,2018,depth,2,edna_pba_00,depth,biological,12.8,29.61,8.64,NA,NA,NA,4,1000,0,51.64670412,-128.1188409,mud,y,180,p,seagrass,zostera,seagrass_mud,zostera_mud,99.68,9.126599999999999e-159,310,Metazoa,Arthropoda,Copepoda,Calanoida,Centropagidae,Centropages,0,0,TRUE,ASV34,19,Centropages abdominalis
edna0034,ASV2234,motu1675,Euryte,Cyclopoid copepod,genus,1,1,1,1,39,88,26,39,53,NA,41,Euryte,Cyclopoid copepod,2018_pba_depth,pba,beach_seine,2018-07-12,2018-07-10,2018,depth,2,edna_pba_00,depth,biological,12.8,29.61,8.64,NA,NA,NA,4,1000,0,51.64670412,-128.1188409,mud,y,180,p,seagrass,zostera,seagrass_mud,zostera_mud,97.41,7.102559999999995e-145,285,Metazoa,Arthropoda,Copepoda,Cyclopoida,Euryteidae,Euryte,0,0,TRUE,ASV2025,2,NA
edna0034,ASV3266,motu2608,Arthropoda,Unknown arthropod,phylum,1,NA,NA,NA,4,NA,NA,NA,NA,NA,NA,Arthropoda,Unknown arthropod,2018_pba_depth,pba,beach_seine,2018-07-12,2018-07-10,2018,depth,2,edna_pba_00,depth,biological,12.8,29.61,8.64,NA,NA,NA,4,1000,0,51.64670412,-128.1188409,mud,y,180,p,seagrass,zostera,seagrass_mud,zostera_mud,100,0.014701,29,Metazoa,Arthropoda,NA,NA,NA,NA,NA,NA,TRUE,ASV3266,1,NA
edna0034,ASV3291,motu2627,Mitrocoma cellularia,Cross jelly,species,1,1,NA,NA,33,84,NA,NA,NA,NA,NA,Mitrocoma cellularia,Cross jelly,2018_pba_depth,pba,beach_seine,2018-07-12,2018-07-10,2018,depth,2,edna_pba_00,depth,biological,12.8,29.61,8.64,NA,NA,NA,4,1000,0,51.64670412,-128.1188409,mud,y,180,p,seagrass,zostera,seagrass_mud,zostera_mud,98.69,6.974989999999997e-150,294,Metazoa,Cnidaria,Hydrozoa,Leptothecata,Mitrocomidae,Mitrocoma,0,0,TRUE,ASV3291,1,Mitrocoma cellularia
edna0034,ASV2376,motu1949,Euphausia pacifica,North Pacific krill,species,1,1,NA,1,2,8,NA,12,NA,NA,NA,Euphausia pacifica,North Pacific krill,2018_pba_depth,pba,beach_seine,2018-07-12,2018-07-10,2018,depth,2,edna_pba_00,depth,biological,12.8,29.61,8.64,NA,NA,NA,4,1000,0,51.64670412,-128.1188409,mud,y,180,p,seagrass,zostera,seagrass_mud,zostera_mud,100,3.2351099999999996e-158,309,Metazoa,Arthropoda,Malacostraca,Euphausiacea,Euphausiidae,Euphausia,0,0,TRUE,ASV2376,1,Euphausia pacifica
edna0034,ASV2334,motu1729,Euryte,Cyclopoid copepod,genus,1,1,1,1,28,75,25,45,33,NA,54,Euryte,Cyclopoid copepod,2018_pba_depth,pba,beach_seine,2018-07-12,2018-07-10,2018,depth,2,edna_pba_00,depth,biological,12.8,29.61,8.64,NA,NA,NA,4,1000,0,51.64670412,-128.1188409,mud,y,180,p,seagrass,zostera,seagrass_mud,zostera_mud,97.41,7.102559999999995e-145,285,Metazoa,Arthropoda,Copepoda,Cyclopoida,Euryteidae,Euryte,0,0,TRUE,ASV2092,2,NA
edna0034,ASV2149,motu1771,Mitrocoma cellularia,Cross jelly,species,1,1,1,1,26,58,25,65,80,NA,52,Mitrocoma cellularia,Cross jelly,2018_pba_depth,pba,beach_seine,2018-07-12,2018-07-10,2018,depth,2,edna_pba_00,depth,biological,12.8,29.61,8.64,NA,NA,NA,4,1000,0,51.64670412,-128.1188409,mud,y,180,p,seagrass,zostera,seagrass_mud,zostera_mud,98.69,6.974989999999997e-150,294,Metazoa,Cnidaria,Hydrozoa,Leptothecata,Mitrocomidae,Mitrocoma,0,0,TRUE,ASV2149,1,Mitrocoma cellularia
edna0034,ASV2532,motu1388,Paleanotus bellis,Golden petal worm,species,1,1,NA,1,6,17,NA,38,8,NA,27,Paleanotus bellis,Golden petal worm,2018_pba_depth,pba,beach_seine,2018-07-12,2018-07-10,2018,depth,2,edna_pba_00,depth,biological,12.8,29.61,8.64,NA,NA,NA,4,1000,0,51.64670412,-128.1188409,mud,y,180,p,seagrass,zostera,seagrass_mud,zostera_mud,99.68,1.5051499999999994e-156,306,Metazoa,Annelida,Polychaeta,Phyllodocida,Chrysopetalidae,Paleanotus,0,0,TRUE,ASV1654,4,Paleanotus bellis
edna0034,ASV3551,motu2821,Cardiida,Mussel species,order,1,1,NA,NA,5,3,NA,NA,NA,NA,NA,Cardiida,Mussel species,2018_pba_depth,pba,beach_seine,2018-07-12,2018-07-10,2018,depth,2,edna_pba_00,depth,biological,12.8,29.61,8.64,NA,NA,NA,4,1000,0,51.64670412,-128.1188409,mud,y,180,p,seagrass,zostera,seagrass_mud,zostera_mud,100,0.0374129,28,Metazoa,Mollusca,Mollusca,Cardiida,NA,NA,0,0,TRUE,ASV3551,2,NA
edna0034,ASV4027,motu1978,Paleanotus bellis,Golden petal worm,species,1,1,NA,NA,4,20,NA,NA,NA,NA,NA,Paleanotus bellis,Golden petal worm,2018_pba_depth,pba,beach_seine,2018-07-12,2018-07-10,2018,depth,2,edna_pba_00,depth,biological,12.8,29.61,8.64,NA,NA,NA,4,1000,0,51.64670412,-128.1188409,mud,y,180,p,seagrass,zostera,seagrass_mud,zostera_mud,99.68,1.5051499999999994e-156,306,Metazoa,Annelida,Polychaeta,Phyllodocida,Chrysopetalidae,Paleanotus,0,0,TRUE,ASV2426,2,Paleanotus bellis
edna0010,ASV25,motu22,Acartia (Acartiura) longiremis,Calanoid copepod,species,1,1,1,1,571,1051,208,830,737,NA,505,Acartia (Acartiura) longiremis,Calanoid copepod,2018_choked-pass_depth,choked pass,seagrass,2018-06-19,NA,2018,depth,1,edna_ch_i3_00,depth,biological,12.1,30.74,8.08,NA,NA,NA,7,1000,0,51.67529798,-128.1193259,sand,NA,NA,NA,seagrass,zostera,seagrass_sand,zostera_sand,100,1.96163e-160,313,Metazoa,Arthropoda,Copepoda,Calanoida,Acartiidae,Acartia,0,0,TRUE,ASV25,27,Acartia (Acartiura) longiremis
edna0010,ASV81,motu71,Acartia (Acartiura) longiremis,Calanoid copepod,species,1,1,1,1,497,1064,36,209,64,NA,56,Acartia (Acartiura) longiremis,Calanoid copepod,2018_choked-pass_depth,choked pass,seagrass,2018-06-19,NA,2018,depth,1,edna_ch_i3_00,depth,biological,12.1,30.74,8.08,NA,NA,NA,7,1000,0,51.67529798,-128.1193259,sand,NA,NA,NA,seagrass,zostera,seagrass_sand,zostera_sand,100,1.96163e-160,313,Metazoa,Arthropoda,Copepoda,Calanoida,Acartiidae,Acartia,0,0,TRUE,ASV81,23,Acartia (Acartiura) longiremis
edna0010,ASV34,motu31,Centropages abdominalis,Calanoid copepod,species,1,1,1,1,318,666,265,739,668,NA,571,Centropages abdominalis,Calanoid copepod,2018_choked-pass_depth,choked pass,seagrass,2018-06-19,NA,2018,depth,1,edna_ch_i3_00,depth,biological,12.1,30.74,8.08,NA,NA,NA,7,1000,0,51.67529798,-128.1193259,sand,NA,NA,NA,seagrass,zostera,seagrass_sand,zostera_sand,100,1.96163e-160,313,Metazoa,Arthropoda,Copepoda,Calanoida,Centropagidae,Centropages,0,0,TRUE,ASV34,19,Centropages abdominalis
edna0010,ASV143,motu128,Centropages abdominalis,Calanoid copepod,species,1,1,1,1,299,603,13,26,32,NA,NA,Centropages abdominalis,Calanoid copepod,2018_choked-pass_depth,choked pass,seagrass,2018-06-19,NA,2018,depth,1,edna_ch_i3_00,depth,biological,12.1,30.74,8.08,NA,NA,NA,7,1000,0,51.67529798,-128.1193259,sand,NA,NA,NA,seagrass,zostera,seagrass_sand,zostera_sand,100,1.96163e-160,313,Metazoa,Arthropoda,Copepoda,Calanoida,Centropagidae,Centropages,0,0,TRUE,ASV143,11,Centropages abdominalis
edna0010,ASV171,motu150,Pseudocalanus mimus,Calanoid copepod,species,1,NA,NA,1,59,NA,NA,NA,140,NA,NA,Pseudocalanus mimus,Calanoid copepod,2018_choked-pass_depth,choked pass,seagrass,2018-06-19,NA,2018,depth,1,edna_ch_i3_00,depth,biological,12.1,30.74,8.08,NA,NA,NA,7,1000,0,51.67529798,-128.1193259,sand,NA,NA,NA,seagrass,zostera,seagrass_sand,zostera_sand,99.67,9.19139e-154,301,Metazoa,Arthropoda,Copepoda,Calanoida,Clausocalanidae,Pseudocalanus,0,0,TRUE,ASV171,10,Pseudocalanus mimus
edna0010,ASV343,motu303,Pseudocalanus mimus,Calanoid copepod,species,1,1,NA,NA,33,42,NA,NA,NA,NA,NA,Pseudocalanus mimus,Calanoid copepod,2018_choked-pass_depth,choked pass,seagrass,2018-06-19,NA,2018,depth,1,edna_ch_i3_00,depth,biological,12.1,30.74,8.08,NA,NA,NA,7,1000,0,51.67529798,-128.1193259,sand,NA,NA,NA,seagrass,zostera,seagrass_sand,zostera_sand,99.67,9.19139e-154,301,Metazoa,Arthropoda,Copepoda,Calanoida,Clausocalanidae,Pseudocalanus,0,0,TRUE,ASV343,11,Pseudocalanus mimus
edna0010,ASV834,motu128,Centropages abdominalis,Calanoid copepod,species,1,1,1,1,109,206,2,6,11,NA,NA,Centropages abdominalis,Calanoid copepod,2018_choked-pass_depth,choked pass,seagrass,2018-06-19,NA,2018,depth,1,edna_ch_i3_00,depth,biological,12.1,30.74,8.08,NA,NA,NA,7,1000,0,51.67529798,-128.1193259,sand,NA,NA,NA,seagrass,zostera,seagrass_sand,zostera_sand,99.68,9.126599999999999e-159,310,Metazoa,Arthropoda,Copepoda,Calanoida,Centropagidae,Centropages,0,0,TRUE,ASV143,11,Centropages abdominalis
edna0010,ASV634,motu517,Balanus,Barnacle species,genus,1,1,1,1,27,41,21,21,42,NA,34,Balanus,Barnacle species,2018_choked-pass_depth,choked pass,seagrass,2018-06-19,NA,2018,depth,1,edna_ch_i3_00,depth,biological,12.1,30.74,8.08,NA,NA,NA,7,1000,0,51.67529798,-128.1193259,sand,NA,NA,NA,seagrass,zostera,seagrass_sand,zostera_sand,100,1.4886099999999998e-156,306,Metazoa,Arthropoda,Arthropoda,Balanomorpha,Balanidae,Balanus,0,0,TRUE,ASV587,10,NA
edna0010,ASV365,motu31,Centropages abdominalis,Calanoid copepod,species,1,1,1,1,97,207,77,204,203,NA,177,Centropages abdominalis,Calanoid copepod,2018_choked-pass_depth,choked pass,seagrass,2018-06-19,NA,2018,depth,1,edna_ch_i3_00,depth,biological,12.1,30.74,8.08,NA,NA,NA,7,1000,0,51.67529798,-128.1193259,sand,NA,NA,NA,seagrass,zostera,seagrass_sand,zostera_sand,99.68,9.126599999999999e-159,310,Metazoa,Arthropoda,Copepoda,Calanoida,Centropagidae,Centropages,0,0,TRUE,ASV34,19,Centropages abdominalis
edna0010,ASV714,motu22,Acartia (Acartiura) longiremis,Calanoid copepod,species,1,1,1,1,210,428,118,351,429,NA,220,Acartia (Acartiura) longiremis,Calanoid copepod,2018_choked-pass_depth,choked pass,seagrass,2018-06-19,NA,2018,depth,1,edna_ch_i3_00,depth,biological,12.1,30.74,8.08,NA,NA,NA,7,1000,0,51.67529798,-128.1193259,sand,NA,NA,NA,seagrass,zostera,seagrass_sand,zostera_sand,99.68,9.126599999999999e-159,310,Metazoa,Arthropoda,Copepoda,Calanoida,Acartiidae,Acartia,0,0,TRUE,ASV25,27,Acartia (Acartiura) longiremis
edna0010,ASV1099,motu71,Acartia (Acartiura) longiremis,Calanoid copepod,species,1,1,NA,1,215,466,NA,37,NA,NA,NA,Acartia (Acartiura) longiremis,Calanoid copepod,2018_choked-pass_depth,choked pass,seagrass,2018-06-19,NA,2018,depth,1,edna_ch_i3_00,depth,biological,12.1,30.74,8.08,NA,NA,NA,7,1000,0,51.67529798,-128.1193259,sand,NA,NA,NA,seagrass,zostera,seagrass_sand,zostera_sand,99.68,9.126599999999999e-159,310,Metazoa,Arthropoda,Copepoda,Calanoida,Acartiidae,Acartia,0,0,TRUE,ASV81,23,Acartia (Acartiura) longiremis
edna0010,ASV916,motu796,Panopea generosa,Pacific geoduck,species,1,1,NA,NA,166,316,NA,NA,NA,NA,NA,Panopea generosa,Pacific geoduck,2018_choked-pass_depth,choked pass,seagrass,2018-06-19,NA,2018,depth,1,edna_ch_i3_00,depth,biological,12.1,30.74,8.08,NA,NA,NA,7,1000,0,51.67529798,-128.1193259,sand,NA,NA,NA,seagrass,zostera,seagrass_sand,zostera_sand,100,1.96163e-160,313,Metazoa,Mollusca,Bivalvia,Adapedonta,Hiatellidae,Panopea,0,0,TRUE,ASV916,4,Panopea generosa
edna0010,ASV1027,motu889,Balanus nubilus,Giant acorn barnacle,species,1,1,NA,1,90,133,NA,NA,118,NA,NA,Balanus nubilus,Giant acorn barnacle,2018_choked-pass_depth,choked pass,seagrass,2018-06-19,NA,2018,depth,1,edna_ch_i3_00,depth,biological,12.1,30.74,8.08,NA,NA,NA,7,1000,0,51.67529798,-128.1193259,sand,NA,NA,NA,seagrass,zostera,seagrass_sand,zostera_sand,99.04,1.97556e-155,304,Metazoa,Arthropoda,Thecostraca,Balanomorpha,Balanidae,Balanus,0,0,TRUE,ASV1027,1,Balanus nubilus
edna0010,ASV1187,motu1015,Balanus,Barnacle species,genus,1,1,NA,NA,17,38,NA,NA,NA,NA,NA,Balanus,Barnacle species,2018_choked-pass_depth,choked pass,seagrass,2018-06-19,NA,2018,depth,1,edna_ch_i3_00,depth,biological,12.1,30.74,8.08,NA,NA,NA,7,1000,0,51.67529798,-128.1193259,sand,NA,NA,NA,seagrass,zostera,seagrass_sand,zostera_sand,100,1.4886099999999998e-156,306,Metazoa,Arthropoda,Arthropoda,Balanomorpha,Balanidae,Balanus,0,0,TRUE,ASV1187,5,NA
edna0010,ASV1620,motu366,Pseudocalanus mimus,Calanoid copepod,species,1,1,1,1,169,259,41,NA,NA,NA,89,Pseudocalanus mimus,Calanoid copepod,2018_choked-pass_depth,choked pass,seagrass,2018-06-19,NA,2018,depth,1,edna_ch_i3_00,depth,biological,12.1,30.74,8.08,NA,NA,NA,7,1000,0,51.67529798,-128.1193259,sand,NA,NA,NA,seagrass,zostera,seagrass_sand,zostera_sand,99.67,5.531789999999998e-151,296,Metazoa,Arthropoda,Copepoda,Calanoida,Clausocalanidae,Pseudocalanus,0,0,TRUE,ASV416,7,Pseudocalanus mimus
edna0010,ASV2327,motu1915,Balanus nubilus,Giant acorn barnacle,species,1,1,NA,NA,77,114,NA,NA,NA,NA,NA,Balanus nubilus,Giant acorn barnacle,2018_choked-pass_depth,choked pass,seagrass,2018-06-19,NA,2018,depth,1,edna_ch_i3_00,depth,biological,12.1,30.74,8.08,NA,NA,NA,7,1000,0,51.67529798,-128.1193259,sand,NA,NA,NA,seagrass,zostera,seagrass_sand,zostera_sand,99.03,3.258079999999998e-153,300,Metazoa,Arthropoda,Thecostraca,Balanomorpha,Balanidae,Balanus,0,0,TRUE,ASV2327,1,Balanus nubilus
edna0010,ASV958,motu181,Pseudocalanus mimus,Calanoid copepod,species,1,1,1,1,146,272,133,271,319,NA,252,Pseudocalanus mimus,Calanoid copepod,2018_choked-pass_depth,choked pass,seagrass,2018-06-19,NA,2018,depth,1,edna_ch_i3_00,depth,biological,12.1,30.74,8.08,NA,NA,NA,7,1000,0,51.67529798,-128.1193259,sand,NA,NA,NA,seagrass,zostera,seagrass_sand,zostera_sand,99.67,5.531789999999998e-151,296,Metazoa,Arthropoda,Copepoda,Calanoida,Clausocalanidae,Pseudocalanus,0,0,TRUE,ASV205,8,Pseudocalanus mimus
edna0010,ASV1021,motu883,Balanus nubilus,Giant acorn barnacle,species,1,NA,1,1,84,NA,41,140,137,NA,99,Balanus nubilus,Giant acorn barnacle,2018_choked-pass_depth,choked pass,seagrass,2018-06-19,NA,2018,depth,1,edna_ch_i3_00,depth,biological,12.1,30.74,8.08,NA,NA,NA,7,1000,0,51.67529798,-128.1193259,sand,NA,NA,NA,seagrass,zostera,seagrass_sand,zostera_sand,99.68,1.5051499999999994e-156,306,Metazoa,Arthropoda,Thecostraca,Balanomorpha,Balanidae,Balanus,0,0,TRUE,ASV1021,4,Balanus nubilus
edna0010,ASV2792,motu2255,Platynereis,Ragworm,genus,1,1,NA,NA,30,58,NA,NA,NA,NA,NA,Platynereis,Ragworm,2018_choked-pass_depth,choked pass,seagrass,2018-06-19,NA,2018,depth,1,edna_ch_i3_00,depth,biological,12.1,30.74,8.08,NA,NA,NA,7,1000,0,51.67529798,-128.1193259,sand,NA,NA,NA,seagrass,zostera,seagrass_sand,zostera_sand,100,5.334159999999996e-156,305,Metazoa,Annelida,Polychaeta,Phyllodocida,Nereididae,Platynereis,0,0,TRUE,ASV2792,1,NA
edna0010,ASV1381,motu1165,Pseudocalanus mimus,Calanoid copepod,species,1,1,1,1,85,154,72,137,156,NA,163,Pseudocalanus mimus,Calanoid copepod,2018_choked-pass_depth,choked pass,seagrass,2018-06-19,NA,2018,depth,1,edna_ch_i3_00,depth,biological,12.1,30.74,8.08,NA,NA,NA,7,1000,0,51.67529798,-128.1193259,sand,NA,NA,NA,seagrass,zostera,seagrass_sand,zostera_sand,99.67,5.531789999999998e-151,296,Metazoa,Arthropoda,Copepoda,Calanoida,Clausocalanidae,Pseudocalanus,0,0,TRUE,ASV1381,2,Pseudocalanus mimus
edna0010,ASV3965,motu3115,Balanus nubilus,Giant acorn barnacle,species,1,NA,NA,NA,73,NA,NA,NA,NA,NA,NA,Balanus nubilus,Giant acorn barnacle,2018_choked-pass_depth,choked pass,seagrass,2018-06-19,NA,2018,depth,1,edna_ch_i3_00,depth,biological,12.1,30.74,8.08,NA,NA,NA,7,1000,0,51.67529798,-128.1193259,sand,NA,NA,NA,seagrass,zostera,seagrass_sand,zostera_sand,99.68,1.5051499999999994e-156,306,Metazoa,Arthropoda,Thecostraca,Balanomorpha,Balanidae,Balanus,0,0,TRUE,ASV3965,3,Balanus nubilus
edna0010,ASV1702,motu1423,Chthamalus dalli,Little brown barnacle,species,1,1,1,1,72,126,45,85,62,NA,116,Chthamalus dalli,Little brown barnacle,2018_choked-pass_depth,choked pass,seagrass,2018-06-19,NA,2018,depth,1,edna_ch_i3_00,depth,biological,12.1,30.74,8.08,NA,NA,NA,7,1000,0,51.67529798,-128.1193259,sand,NA,NA,NA,seagrass,zostera,seagrass_sand,zostera_sand,98.68,1.14987e-147,290,Metazoa,Arthropoda,Thecostraca,Balanomorpha,Chthamalidae,Chthamalus,0,0,TRUE,ASV1702,1,Chthamalus dalli
edna0010,ASV2569,motu2089,Pseudocalanus mimus,Calanoid copepod,species,1,1,NA,NA,72,133,NA,NA,NA,NA,NA,Pseudocalanus mimus,Calanoid copepod,2018_choked-pass_depth,choked pass,seagrass,2018-06-19,NA,2018,depth,1,edna_ch_i3_00,depth,biological,12.1,30.74,8.08,NA,NA,NA,7,1000,0,51.67529798,-128.1193259,sand,NA,NA,NA,seagrass,zostera,seagrass_sand,zostera_sand,99.67,5.531789999999998e-151,296,Metazoa,Arthropoda,Copepoda,Calanoida,Clausocalanidae,Pseudocalanus,0,0,TRUE,ASV2569,1,Pseudocalanus mimus
edna0010,ASV2618,motu2123,Insecta,Hexapod,class,1,NA,NA,NA,4,NA,NA,NA,NA,NA,NA,Insecta,Hexapod,2018_choked-pass_depth,choked pass,seagrass,2018-06-19,NA,2018,depth,1,edna_ch_i3_00,depth,biological,12.1,30.74,8.08,NA,NA,NA,7,1000,0,51.67529798,-128.1193259,sand,NA,NA,NA,seagrass,zostera,seagrass_sand,zostera_sand,90.91,1.07393e-43,103,Metazoa,Arthropoda,Arthropoda,NA,NA,NA,NA,NA,TRUE,ASV2618,2,NA
edna0010,ASV2768,motu2237,Chthamalus dalli,Little brown barnacle,species,1,1,NA,NA,55,120,NA,NA,NA,NA,NA,Chthamalus dalli,Little brown barnacle,2018_choked-pass_depth,choked pass,seagrass,2018-06-19,NA,2018,depth,1,edna_ch_i3_00,depth,biological,12.1,30.74,8.08,NA,NA,NA,7,1000,0,51.67529798,-128.1193259,sand,NA,NA,NA,seagrass,zostera,seagrass_sand,zostera_sand,98.68,1.14987e-147,290,Metazoa,Arthropoda,Thecostraca,Balanomorpha,Chthamalidae,Chthamalus,0,0,TRUE,ASV2768,1,Chthamalus dalli
edna0079,ASV34,motu31,Centropages abdominalis,Calanoid copepod,species,NA,1,1,1,NA,12,5,14,18,NA,24,Centropages abdominalis,Calanoid copepod,2018_triquet_depth,triquet,kelp,2018-07-16,NA,2018,depth,2,edna_triquet_00,depth,biological,13.4,31.1,8.14,NA,NA,NA,5,1000,0,51.80359931,-128.2543249,rock,NA,NA,NA,macroalgae,macrocystis,macroalgae_rock,macrocystis_rock,100,1.96163e-160,313,Metazoa,Arthropoda,Copepoda,Calanoida,Centropagidae,Centropages,0,0,TRUE,ASV34,19,Centropages abdominalis
edna0079,ASV605,motu529,Ophiopholis,Brittle star species,genus,NA,1,NA,NA,NA,3,NA,NA,NA,NA,NA,Ophiopholis kennerlyi,Daisy brittle star,2018_triquet_depth,triquet,kelp,2018-07-16,NA,2018,depth,2,edna_triquet_00,depth,biological,13.4,31.1,8.14,NA,NA,NA,5,1000,0,51.80359931,-128.2543249,rock,NA,NA,NA,macroalgae,macrocystis,macroalgae_rock,macrocystis_rock,100,1.96163e-160,313,Metazoa,Echinodermata,Echinodermata,Amphilepidida,Ophiopholidae,Ophiopholis,0,0,TRUE,ASV603,6,NA
edna0079,ASV865,motu753,Parastenocarididae,Harpacticoid copepod,family,NA,1,NA,NA,NA,10,NA,NA,NA,NA,NA,Parastenocarididae,Harpacticoid copepod,2018_triquet_depth,triquet,kelp,2018-07-16,NA,2018,depth,2,edna_triquet_00,depth,biological,13.4,31.1,8.14,NA,NA,NA,5,1000,0,51.80359931,-128.2543249,rock,NA,NA,NA,macroalgae,macrocystis,macroalgae_rock,macrocystis_rock,94.59,0.00408744,30,Metazoa,Arthropoda,Arthropoda,Harpacticoida,Parastenocarididae,NA,1,0,TRUE,ASV865,1,NA
edna0079,ASV1546,motu1303,Chaetognatha,Arrow worm,phylum,NA,1,NA,NA,NA,8,NA,NA,NA,NA,NA,Chaetognatha,Arrow worm,2018_triquet_depth,triquet,kelp,2018-07-16,NA,2018,depth,2,edna_triquet_00,depth,biological,13.4,31.1,8.14,NA,NA,NA,5,1000,0,51.80359931,-128.2543249,rock,NA,NA,NA,macroalgae,macrocystis,macroalgae_rock,macrocystis_rock,95.02,1.63074e-81,171,Metazoa,Chaetognatha,NA,NA,NA,NA,0,0,TRUE,ASV1546,2,NA
edna0079,ASV3266,motu2608,Arthropoda,Unknown arthropod,phylum,NA,1,NA,NA,NA,3,NA,NA,NA,NA,NA,Arthropoda,Unknown arthropod,2018_triquet_depth,triquet,kelp,2018-07-16,NA,2018,depth,2,edna_triquet_00,depth,biological,13.4,31.1,8.14,NA,NA,NA,5,1000,0,51.80359931,-128.2543249,rock,NA,NA,NA,macroalgae,macrocystis,macroalgae_rock,macrocystis_rock,100,0.014701,29,Metazoa,Arthropoda,NA,NA,NA,NA,NA,NA,TRUE,ASV3266,1,NA
edna0079,ASV2881,motu2328,Coleoptera,Hexapod,order,NA,1,NA,NA,NA,3,NA,NA,NA,NA,NA,Coleoptera,Hexapod,2018_triquet_depth,triquet,kelp,2018-07-16,NA,2018,depth,2,edna_triquet_00,depth,biological,13.4,31.1,8.14,NA,NA,NA,5,1000,0,51.80359931,-128.2543249,rock,NA,NA,NA,macroalgae,macrocystis,macroalgae_rock,macrocystis_rock,100,0.00110774,31,Metazoa,Arthropoda,Arthropoda,Coleoptera,NA,NA,NA,NA,TRUE,ASV2881,1,NA
edna0004,ASV143,motu128,Centropages abdominalis,Calanoid copepod,species,NA,1,NA,NA,NA,8,NA,NA,NA,NA,NA,Centropages abdominalis,Calanoid copepod,2018_koeye-estuary_depth,koeye estuary,seagrass,2018-06-19,NA,2018,depth,1,edna_ko_e3_00,depth,biological,15.9,15.84,8.01,NA,NA,NA,2.2,980,0,51.77950168,-127.8716413,sand,NA,NA,NA,seagrass,zostera,seagrass_sand,zostera_sand,100,1.96163e-160,313,Metazoa,Arthropoda,Copepoda,Calanoida,Centropagidae,Centropages,0,0,TRUE,ASV143,11,Centropages abdominalis
edna0004,ASV307,motu118,Mesocentrotus franciscanus,Red sea urchin,species,NA,1,1,NA,NA,132,44,NA,NA,NA,NA,Mesocentrotus franciscanus,Red sea urchin,2018_koeye-estuary_depth,koeye estuary,seagrass,2018-06-19,NA,2018,depth,1,edna_ko_e3_00,depth,biological,15.9,15.84,8.01,NA,NA,NA,2.2,980,0,51.77950168,-127.8716413,sand,NA,NA,NA,seagrass,zostera,seagrass_sand,zostera_sand,100,7.02982e-160,312,Metazoa,Echinodermata,Echinoidea,Camarodonta,Strongylocentrotidae,Mesocentrotus,0,0,TRUE,ASV132,8,Mesocentrotus franciscanus
edna0004,ASV216,motu190,Mytilus trossulus,Bay mussel,species,NA,1,1,NA,NA,100,52,NA,NA,NA,NA,Mytilus trossulus,Bay mussel,2018_koeye-estuary_depth,koeye estuary,seagrass,2018-06-19,NA,2018,depth,1,edna_ko_e3_00,depth,biological,15.9,15.84,8.01,NA,NA,NA,2.2,980,0,51.77950168,-127.8716413,sand,NA,NA,NA,seagrass,zostera,seagrass_sand,zostera_sand,100,3.2351099999999996e-158,309,Metazoa,Mollusca,Mollusca,Mytilida,Mytilidae,Mytilus,0,0,TRUE,ASV216,23,Mytilus trossulus
edna0004,ASV324,motu285,Paracalanus parvus parvus,Calanoid copepod,species,NA,1,1,NA,NA,6,6,NA,NA,NA,NA,Paracalanus parvus parvus,Calanoid copepod,2018_koeye-estuary_depth,koeye estuary,seagrass,2018-06-19,NA,2018,depth,1,edna_ko_e3_00,depth,biological,15.9,15.84,8.01,NA,NA,NA,2.2,980,0,51.77950168,-127.8716413,sand,NA,NA,NA,seagrass,zostera,seagrass_sand,zostera_sand,100,1.17454e-132,263,Metazoa,Arthropoda,Copepoda,Calanoida,Paracalanidae,Paracalanus,0,0,TRUE,ASV324,6,Paracalanus parvus parvus
edna0004,ASV1872,motu1557,Corophiidae,Amphipod,family,NA,1,1,NA,NA,229,36,NA,NA,NA,NA,Corophiidae,Amphipod,2018_koeye-estuary_depth,koeye estuary,seagrass,2018-06-19,NA,2018,depth,1,edna_ko_e3_00,depth,biological,15.9,15.84,8.01,NA,NA,NA,2.2,980,0,51.77950168,-127.8716413,sand,NA,NA,NA,seagrass,zostera,seagrass_sand,zostera_sand,98.71,1.1804e-152,299,Metazoa,Arthropoda,Malacostraca,Amphipoda,Corophiidae,NA,0,0,TRUE,ASV1872,1,NA
edna0004,ASV1168,motu1001,Anthopleura elegantissima,Aggregating anemone,species,NA,1,NA,NA,NA,4,NA,NA,NA,NA,NA,Anthopleura elegantissima,Aggregating anemone,2018_koeye-estuary_depth,koeye estuary,seagrass,2018-06-19,NA,2018,depth,1,edna_ko_e3_00,depth,biological,15.9,15.84,8.01,NA,NA,NA,2.2,980,0,51.77950168,-127.8716413,sand,NA,NA,NA,seagrass,zostera,seagrass_sand,zostera_sand,100,1.96163e-160,313,Metazoa,Cnidaria,Cnidaria,Actiniaria,Actiniidae,Anthopleura,0,0,TRUE,ASV1168,1,Anthopleura elegantissima
edna0004,ASV2228,motu1836,Saxidomus nuttalli,California butterclam,species,NA,1,NA,NA,NA,5,NA,NA,NA,NA,NA,Saxidomus nuttalli,California butterclam,2018_koeye-estuary_depth,koeye estuary,seagrass,2018-06-19,NA,2018,depth,1,edna_ko_e3_00,depth,biological,15.9,15.84,8.01,NA,NA,NA,2.2,980,0,51.77950168,-127.8716413,sand,NA,NA,NA,seagrass,zostera,seagrass_sand,zostera_sand,99.68,4.246189999999999e-157,307,Metazoa,Mollusca,Bivalvia,Venerida,Veneridae,Saxidomus,0,0,TRUE,ASV2228,1,Saxidomus nuttalli
edna0004,ASV2743,motu2222,Corophiidae,Amphipod,family,NA,1,NA,NA,NA,60,NA,NA,NA,NA,NA,Corophiidae,Amphipod,2018_koeye-estuary_depth,koeye estuary,seagrass,2018-06-19,NA,2018,depth,1,edna_ko_e3_00,depth,biological,15.9,15.84,8.01,NA,NA,NA,2.2,980,0,51.77950168,-127.8716413,sand,NA,NA,NA,seagrass,zostera,seagrass_sand,zostera_sand,99.36,4.246189999999999e-157,307,Metazoa,Arthropoda,Malacostraca,Amphipoda,Corophiidae,NA,0,0,TRUE,ASV2743,3,NA
edna0004,ASV1371,motu1157,Evadne nordmanni,Predatory water flea species,species,NA,1,NA,NA,NA,15,NA,NA,NA,NA,NA,Evadne nordmanni,Predatory water flea species,2018_koeye-estuary_depth,koeye estuary,seagrass,2018-06-19,NA,2018,depth,1,edna_ko_e3_00,depth,biological,15.9,15.84,8.01,NA,NA,NA,2.2,980,0,51.77950168,-127.8716413,sand,NA,NA,NA,seagrass,zostera,seagrass_sand,zostera_sand,100,1.96163e-160,313,Metazoa,Arthropoda,Branchiopoda,Onychopoda,Podonidae,Evadne,0,0,TRUE,ASV1371,1,Evadne nordmanni
edna0004,ASV2296,motu1890,Insecta,Hexapod,class,NA,1,NA,NA,NA,4,NA,NA,NA,NA,NA,Insecta,Hexapod,2018_koeye-estuary_depth,koeye estuary,seagrass,2018-06-19,NA,2018,depth,1,edna_ko_e3_00,depth,biological,15.9,15.84,8.01,NA,NA,NA,2.2,980,0,51.77950168,-127.8716413,sand,NA,NA,NA,seagrass,zostera,seagrass_sand,zostera_sand,90.91,1.07393e-43,103,Metazoa,Arthropoda,Arthropoda,NA,NA,NA,NA,NA,TRUE,ASV2296,3,NA
edna0004,ASV2618,motu2123,Insecta,Hexapod,class,NA,1,NA,NA,NA,5,NA,NA,NA,NA,NA,Insecta,Hexapod,2018_koeye-estuary_depth,koeye estuary,seagrass,2018-06-19,NA,2018,depth,1,edna_ko_e3_00,depth,biological,15.9,15.84,8.01,NA,NA,NA,2.2,980,0,51.77950168,-127.8716413,sand,NA,NA,NA,seagrass,zostera,seagrass_sand,zostera_sand,90.91,1.07393e-43,103,Metazoa,Arthropoda,Arthropoda,NA,NA,NA,NA,NA,TRUE,ASV2618,2,NA
edna0004,ASV2856,motu303,Pseudocalanus mimus,Calanoid copepod,species,NA,1,NA,NA,NA,3,NA,NA,NA,NA,NA,Pseudocalanus mimus,Calanoid copepod,2018_koeye-estuary_depth,koeye estuary,seagrass,2018-06-19,NA,2018,depth,1,edna_ko_e3_00,depth,biological,15.9,15.84,8.01,NA,NA,NA,2.2,980,0,51.77950168,-127.8716413,sand,NA,NA,NA,seagrass,zostera,seagrass_sand,zostera_sand,99.34,4.27634e-152,298,Metazoa,Arthropoda,Copepoda,Calanoida,Clausocalanidae,Pseudocalanus,0,0,TRUE,ASV343,11,Pseudocalanus mimus
edna0004,ASV2216,motu190,Mytilus trossulus,Bay mussel,species,NA,1,NA,NA,NA,29,NA,NA,NA,NA,NA,Mytilus trossulus,Bay mussel,2018_koeye-estuary_depth,koeye estuary,seagrass,2018-06-19,NA,2018,depth,1,edna_ko_e3_00,depth,biological,15.9,15.84,8.01,NA,NA,NA,2.2,980,0,51.77950168,-127.8716413,sand,NA,NA,NA,seagrass,zostera,seagrass_sand,zostera_sand,100,3.2351099999999996e-158,309,Metazoa,Mollusca,Mollusca,Mytilida,Mytilidae,Mytilus,0,0,TRUE,ASV216,23,Mytilus trossulus
edna0004,ASV3669,motu1837,Balanus glandula,Acorn barnacle,species,NA,1,NA,NA,NA,24,NA,NA,NA,NA,NA,Balanus glandula,Acorn barnacle,2018_koeye-estuary_depth,koeye estuary,seagrass,2018-06-19,NA,2018,depth,1,edna_ko_e3_00,depth,biological,15.9,15.84,8.01,NA,NA,NA,2.2,980,0,51.77950168,-127.8716413,sand,NA,NA,NA,seagrass,zostera,seagrass_sand,zostera_sand,99.68,1.5051499999999994e-156,306,Metazoa,Arthropoda,Thecostraca,Balanomorpha,Balanidae,Balanus,0,0,TRUE,ASV2229,2,Balanus glandula
edna0004,ASV3803,motu2992,Balanus glandula,Acorn barnacle,species,NA,1,NA,NA,NA,28,NA,NA,NA,NA,NA,Balanus glandula,Acorn barnacle,2018_koeye-estuary_depth,koeye estuary,seagrass,2018-06-19,NA,2018,depth,1,edna_ko_e3_00,depth,biological,15.9,15.84,8.01,NA,NA,NA,2.2,980,0,51.77950168,-127.8716413,sand,NA,NA,NA,seagrass,zostera,seagrass_sand,zostera_sand,99.68,1.5051499999999994e-156,306,Metazoa,Arthropoda,Thecostraca,Balanomorpha,Balanidae,Balanus,0,0,TRUE,ASV3803,1,Balanus glandula
edna0004,ASV2757,motu2230,Diplostomida,Flatworm,order,NA,1,NA,NA,NA,7,NA,NA,NA,NA,NA,Diplostomida,Flatworm,2018_koeye-estuary_depth,koeye estuary,seagrass,2018-06-19,NA,2018,depth,1,edna_ko_e3_00,depth,biological,15.9,15.84,8.01,NA,NA,NA,2.2,980,0,51.77950168,-127.8716413,sand,NA,NA,NA,seagrass,zostera,seagrass_sand,zostera_sand,96.88,0.0144888,29,Metazoa,Platyhelminthes,Platyhelminthes,Diplostomida,NA,NA,0,0,TRUE,ASV2757,1,NA
edna0004,ASV4215,motu3306,Corophiidae,Amphipod,family,NA,1,NA,NA,NA,61,NA,NA,NA,NA,NA,Corophiidae,Amphipod,2018_koeye-estuary_depth,koeye estuary,seagrass,2018-06-19,NA,2018,depth,1,edna_ko_e3_00,depth,biological,15.9,15.84,8.01,NA,NA,NA,2.2,980,0,51.77950168,-127.8716413,sand,NA,NA,NA,seagrass,zostera,seagrass_sand,zostera_sand,99.35,7.002779999999996e-155,303,Metazoa,Arthropoda,Malacostraca,Amphipoda,Corophiidae,NA,0,0,TRUE,ASV4215,1,NA
edna0004,ASV3337,motu2661,Chironomidae,Hexapod,family,NA,1,NA,NA,NA,19,NA,NA,NA,NA,NA,Chironomidae,Hexapod,2018_koeye-estuary_depth,koeye estuary,seagrass,2018-06-19,NA,2018,depth,1,edna_ko_e3_00,depth,biological,15.9,15.84,8.01,NA,NA,NA,2.2,980,0,51.77950168,-127.8716413,sand,NA,NA,NA,seagrass,zostera,seagrass_sand,zostera_sand,90.91,1.12845e-8,40,Metazoa,Arthropoda,Arthropoda,Diptera,Chironomidae,NA,NA,NA,TRUE,ASV3337,1,NA
edna0004,ASV5366,motu4119,Raspailiidae,Sponge,family,NA,1,NA,NA,NA,24,NA,NA,NA,NA,NA,Raspailiidae,Sponge,2018_koeye-estuary_depth,koeye estuary,seagrass,2018-06-19,NA,2018,depth,1,edna_ko_e3_00,depth,biological,15.9,15.84,8.01,NA,NA,NA,2.2,980,0,51.77950168,-127.8716413,sand,NA,NA,NA,seagrass,zostera,seagrass_sand,zostera_sand,90.08,1.0616999999999999e-33,85,Metazoa,Porifera,Porifera,Axinellida,Raspailiidae,NA,0,0,TRUE,ASV5366,1,NA
edna0004,ASV5495,motu4213,Tanytarsus,Hexapod,genus,NA,1,NA,NA,NA,25,NA,NA,NA,NA,NA,Tanytarsus,Hexapod,2018_koeye-estuary_depth,koeye estuary,seagrass,2018-06-19,NA,2018,depth,1,edna_ko_e3_00,depth,biological,15.9,15.84,8.01,NA,NA,NA,2.2,980,0,51.77950168,-127.8716413,sand,NA,NA,NA,seagrass,zostera,seagrass_sand,zostera_sand,91.48,1.25821e-112,227,Metazoa,Arthropoda,Arthropoda,Diptera,Chironomidae,Tanytarsus,NA,NA,TRUE,ASV5495,1,NA
edna0004,ASV5555,motu4265,Hediste limnicola,Ragworm,species,NA,1,NA,NA,NA,10,NA,NA,NA,NA,NA,Hediste limnicola,Ragworm,2018_koeye-estuary_depth,koeye estuary,seagrass,2018-06-19,NA,2018,depth,1,edna_ko_e3_00,depth,biological,15.9,15.84,8.01,NA,NA,NA,2.2,980,0,51.77950168,-127.8716413,sand,NA,NA,NA,seagrass,zostera,seagrass_sand,zostera_sand,98.31,1.6041e-111,225,Metazoa,Annelida,Annelida,Phyllodocida,Nereididae,Hediste,0,0,TRUE,ASV5555,1,Hediste limnicola
edna0004,ASV5823,motu4475,Glossosomatidae,Hexapod,family,NA,1,NA,NA,NA,4,NA,NA,NA,NA,NA,Glossosomatidae,Hexapod,2018_koeye-estuary_depth,koeye estuary,seagrass,2018-06-19,NA,2018,depth,1,edna_ko_e3_00,depth,biological,15.9,15.84,8.01,NA,NA,NA,2.2,980,0,51.77950168,-127.8716413,sand,NA,NA,NA,seagrass,zostera,seagrass_sand,zostera_sand,99.68,1.5051499999999994e-156,306,Metazoa,Arthropoda,Arthropoda,Trichoptera,Glossosomatidae,NA,NA,NA,TRUE,ASV5823,1,NA
edna0004,ASV5979,motu4596,Chrysomeloidea,Hexapod,family,NA,1,NA,NA,NA,17,NA,NA,NA,NA,NA,Chrysomeloidea,Hexapod,2018_koeye-estuary_depth,koeye estuary,seagrass,2018-06-19,NA,2018,depth,1,edna_ko_e3_00,depth,biological,15.9,15.84,8.01,NA,NA,NA,2.2,980,0,51.77950168,-127.8716413,sand,NA,NA,NA,seagrass,zostera,seagrass_sand,zostera_sand,91.38,2.42544e-10,43,Metazoa,Arthropoda,Arthropoda,Coleoptera,Chrysomeloidea,NA,NA,NA,TRUE,ASV5979,1,NA
edna0004,ASV5569,motu4276,Chironomidae,Hexapod,family,NA,1,NA,NA,NA,14,NA,NA,NA,NA,NA,Chironomidae,Hexapod,2018_koeye-estuary_depth,koeye estuary,seagrass,2018-06-19,NA,2018,depth,1,edna_ko_e3_00,depth,biological,15.9,15.84,8.01,NA,NA,NA,2.2,980,0,51.77950168,-127.8716413,sand,NA,NA,NA,seagrass,zostera,seagrass_sand,zostera_sand,99.57,9.72659e-114,229,Metazoa,Arthropoda,Arthropoda,Diptera,Chironomidae,NA,NA,NA,TRUE,ASV5569,1,NA
edna0004,ASV6139,motu4731,Thienemanniella,Hexapod,genus,NA,1,NA,NA,NA,14,NA,NA,NA,NA,NA,Thienemanniella,Hexapod,2018_koeye-estuary_depth,koeye estuary,seagrass,2018-06-19,NA,2018,depth,1,edna_ko_e3_00,depth,biological,15.9,15.84,8.01,NA,NA,NA,2.2,980,0,51.77950168,-127.8716413,sand,NA,NA,NA,seagrass,zostera,seagrass_sand,zostera_sand,99.68,1.5051499999999994e-156,306,Metazoa,Arthropoda,Arthropoda,Diptera,Chironomidae,Thienemanniella,NA,NA,TRUE,ASV6139,1,NA
edna0004,ASV6219,motu1178,Evadne nordmanni,Predatory water flea species,species,NA,1,NA,NA,NA,12,NA,NA,NA,NA,NA,Evadne nordmanni,Predatory water flea species,2018_koeye-estuary_depth,koeye estuary,seagrass,2018-06-19,NA,2018,depth,1,edna_ko_e3_00,depth,biological,15.9,15.84,8.01,NA,NA,NA,2.2,980,0,51.77950168,-127.8716413,sand,NA,NA,NA,seagrass,zostera,seagrass_sand,zostera_sand,100,2.0011299999999987e-160,313,Metazoa,Arthropoda,Branchiopoda,Onychopoda,Podonidae,Evadne,0,0,TRUE,ASV1396,2,Evadne nordmanni
edna0004,ASV6324,motu4886,Campanulariidae,Thecate Hydroid,family,NA,1,NA,NA,NA,13,NA,NA,NA,NA,NA,Campanulariidae,Thecate Hydroid,2018_koeye-estuary_depth,koeye estuary,seagrass,2018-06-19,NA,2018,depth,1,edna_ko_e3_00,depth,biological,15.9,15.84,8.01,NA,NA,NA,2.2,980,0,51.77950168,-127.8716413,sand,NA,NA,NA,seagrass,zostera,seagrass_sand,zostera_sand,93.24,5.82086e-111,224,Metazoa,Cnidaria,Cnidaria,Leptothecata,Campanulariidae,NA,0,0,TRUE,ASV6324,1,NA
edna0004,ASV6740,motu5233,Cordylophora,Athecate hydroid,genus,NA,1,NA,NA,NA,9,NA,NA,NA,NA,NA,Cordylophora,Athecate hydroid,2018_koeye-estuary_depth,koeye estuary,seagrass,2018-06-19,NA,2018,depth,1,edna_ko_e3_00,depth,biological,15.9,15.84,8.01,NA,NA,NA,2.2,980,0,51.77950168,-127.8716413,sand,NA,NA,NA,seagrass,zostera,seagrass_sand,zostera_sand,100,2.0585699999999997e-140,277,Metazoa,Cnidaria,Hydrozoa,Anthoathecata,Cordylophoridae,Cordylophora,0,0,TRUE,ASV6740,1,NA
edna0003,ASV34,motu31,Centropages abdominalis,Calanoid copepod,species,NA,1,1,NA,NA,51,33,NA,NA,NA,NA,Centropages abdominalis,Calanoid copepod,2018_koeye-estuary_surface,koeye estuary,seagrass,2018-06-19,NA,2018,surface,3,edna_ko_e3_30,surface,biological,16.1,14.72,8.11,NA,NA,NA,2.5,1000,0,51.77929649,-127.871914,sand,NA,NA,NA,seagrass,zostera,seagrass_sand,zostera_sand,100,1.96163e-160,313,Metazoa,Arthropoda,Copepoda,Calanoida,Centropagidae,Centropages,0,0,TRUE,ASV34,19,Centropages abdominalis
edna0003,ASV251,motu105,Mesocentrotus franciscanus,Red sea urchin,species,NA,1,1,NA,NA,12,7,NA,NA,NA,NA,Mesocentrotus franciscanus,Red sea urchin,2018_koeye-estuary_surface,koeye estuary,seagrass,2018-06-19,NA,2018,surface,3,edna_ko_e3_30,surface,biological,16.1,14.72,8.11,NA,NA,NA,2.5,1000,0,51.77929649,-127.871914,sand,NA,NA,NA,seagrass,zostera,seagrass_sand,zostera_sand,100,7.02982e-160,312,Metazoa,Echinodermata,Echinoidea,Camarodonta,Strongylocentrotidae,Mesocentrotus,0,0,TRUE,ASV118,8,Mesocentrotus franciscanus
edna0003,ASV307,motu118,Mesocentrotus franciscanus,Red sea urchin,species,NA,1,NA,NA,NA,22,NA,NA,NA,NA,NA,Mesocentrotus franciscanus,Red sea urchin,2018_koeye-estuary_surface,koeye estuary,seagrass,2018-06-19,NA,2018,surface,3,edna_ko_e3_30,surface,biological,16.1,14.72,8.11,NA,NA,NA,2.5,1000,0,51.77929649,-127.871914,sand,NA,NA,NA,seagrass,zostera,seagrass_sand,zostera_sand,100,7.02982e-160,312,Metazoa,Echinodermata,Echinoidea,Camarodonta,Strongylocentrotidae,Mesocentrotus,0,0,TRUE,ASV132,8,Mesocentrotus franciscanus
edna0003,ASV270,motu199,Mytilus,Mussel species,genus,NA,1,1,NA,NA,52,26,NA,NA,NA,NA,Mytilus trossulus,Bay mussel,2018_koeye-estuary_surface,koeye estuary,seagrass,2018-06-19,NA,2018,surface,3,edna_ko_e3_30,surface,biological,16.1,14.72,8.11,NA,NA,NA,2.5,1000,0,51.77929649,-127.871914,sand,NA,NA,NA,seagrass,zostera,seagrass_sand,zostera_sand,100,3.2351099999999996e-158,309,Metazoa,Mollusca,Mollusca,Mytilida,Mytilidae,Mytilus,0,0,TRUE,ASV226,18,NA
edna0003,ASV603,motu529,Ophiopholis kennerlyi,Daisy brittle star,species,NA,1,NA,NA,NA,8,NA,NA,NA,NA,NA,Ophiopholis kennerlyi,Daisy brittle star,2018_koeye-estuary_surface,koeye estuary,seagrass,2018-06-19,NA,2018,surface,3,edna_ko_e3_30,surface,biological,16.1,14.72,8.11,NA,NA,NA,2.5,1000,0,51.77929649,-127.871914,sand,NA,NA,NA,seagrass,zostera,seagrass_sand,zostera_sand,100,1.96163e-160,313,Metazoa,Echinodermata,Echinodermata,Amphilepidida,Ophiopholidae,Ophiopholis,0,0,TRUE,ASV603,6,Ophiopholis kennerlyi
edna0003,ASV1196,motu537,Mitrocoma cellularia,Cross jelly,species,NA,1,NA,NA,NA,20,NA,NA,NA,NA,NA,Mitrocoma cellularia,Cross jelly,2018_koeye-estuary_surface,koeye estuary,seagrass,2018-06-19,NA,2018,surface,3,edna_ko_e3_30,surface,biological,16.1,14.72,8.11,NA,NA,NA,2.5,1000,0,51.77929649,-127.871914,sand,NA,NA,NA,seagrass,zostera,seagrass_sand,zostera_sand,99.67,6.925819999999995e-155,303,Metazoa,Cnidaria,Hydrozoa,Leptothecata,Mitrocomidae,Mitrocoma,0,0,TRUE,ASV616,6,Mitrocoma cellularia
edna0003,ASV623,motu543,Balanus,Barnacle species,genus,NA,1,NA,NA,NA,14,NA,NA,NA,NA,NA,Balanus,Barnacle species,2018_koeye-estuary_surface,koeye estuary,seagrass,2018-06-19,NA,2018,surface,3,edna_ko_e3_30,surface,biological,16.1,14.72,8.11,NA,NA,NA,2.5,1000,0,51.77929649,-127.871914,sand,NA,NA,NA,seagrass,zostera,seagrass_sand,zostera_sand,100,1.4886099999999998e-156,306,Metazoa,Arthropoda,Arthropoda,Balanomorpha,Balanidae,Balanus,0,0,TRUE,ASV623,7,NA
edna0003,ASV1186,motu1014,Corophiidae,Amphipod,family,NA,1,1,NA,NA,42,14,NA,NA,NA,NA,Corophiidae,Amphipod,2018_koeye-estuary_surface,koeye estuary,seagrass,2018-06-19,NA,2018,surface,3,edna_ko_e3_30,surface,biological,16.1,14.72,8.11,NA,NA,NA,2.5,1000,0,51.77929649,-127.871914,sand,NA,NA,NA,seagrass,zostera,seagrass_sand,zostera_sand,98.72,9.19139e-154,301,Metazoa,Arthropoda,Malacostraca,Amphipoda,Corophiidae,NA,0,0,TRUE,ASV1186,2,NA
edna0003,ASV1475,motu1246,Cyanea,Lions mane jellyfish species,genus,NA,1,NA,NA,NA,12,NA,NA,NA,NA,NA,Cyanea,Lions mane jellyfish species,2018_koeye-estuary_surface,koeye estuary,seagrass,2018-06-19,NA,2018,surface,3,edna_ko_e3_30,surface,biological,16.1,14.72,8.11,NA,NA,NA,2.5,1000,0,51.77929649,-127.871914,sand,NA,NA,NA,seagrass,zostera,seagrass_sand,zostera_sand,100,3.2351099999999996e-158,309,Metazoa,Cnidaria,Scyphozoa,Semaeostomeae,Cyaneidae,Cyanea,0,0,TRUE,ASV1475,2,NA
edna0003,ASV1367,motu1153,Cyanea,Lions mane jellyfish species,genus,NA,1,NA,NA,NA,13,NA,NA,NA,NA,NA,Cyanea,Lions mane jellyfish species,2018_koeye-estuary_surface,koeye estuary,seagrass,2018-06-19,NA,2018,surface,3,edna_ko_e3_30,surface,biological,16.1,14.72,8.11,NA,NA,NA,2.5,1000,0,51.77929649,-127.871914,sand,NA,NA,NA,seagrass,zostera,seagrass_sand,zostera_sand,100,3.2351099999999996e-158,309,Metazoa,Cnidaria,Scyphozoa,Semaeostomeae,Cyaneidae,Cyanea,0,0,TRUE,ASV1367,2,NA
edna0003,ASV1818,motu1514,Platynereis,Ragworm,genus,NA,1,NA,NA,NA,5,NA,NA,NA,NA,NA,Platynereis,Ragworm,2018_koeye-estuary_surface,koeye estuary,seagrass,2018-06-19,NA,2018,surface,3,edna_ko_e3_30,surface,biological,16.1,14.72,8.11,NA,NA,NA,2.5,1000,0,51.77929649,-127.871914,sand,NA,NA,NA,seagrass,zostera,seagrass_sand,zostera_sand,100,1.96163e-160,313,Metazoa,Annelida,Polychaeta,Phyllodocida,Nereididae,Platynereis,0,0,TRUE,ASV1818,1,NA
edna0003,ASV2301,motu1895,Corophiidae,Amphipod,family,NA,1,NA,NA,NA,22,NA,NA,NA,NA,NA,Corophiidae,Amphipod,2018_koeye-estuary_surface,koeye estuary,seagrass,2018-06-19,NA,2018,surface,3,edna_ko_e3_30,surface,biological,16.1,14.72,8.11,NA,NA,NA,2.5,1000,0,51.77929649,-127.871914,sand,NA,NA,NA,seagrass,zostera,seagrass_sand,zostera_sand,98.72,9.19139e-154,301,Metazoa,Arthropoda,Malacostraca,Amphipoda,Corophiidae,NA,0,0,TRUE,ASV2301,1,NA
edna0003,ASV3317,motu2646,Paranais botniensis,Freshwater oligochaete,species,NA,1,NA,NA,NA,3,NA,NA,NA,NA,NA,Paranais botniensis,Freshwater oligochaete,2018_koeye-estuary_surface,koeye estuary,seagrass,2018-06-19,NA,2018,surface,3,edna_ko_e3_30,surface,biological,16.1,14.72,8.11,NA,NA,NA,2.5,1000,0,51.77929649,-127.871914,sand,NA,NA,NA,seagrass,zostera,seagrass_sand,zostera_sand,97.12,2.0037099999999998e-145,286,Metazoa,Annelida,Clitellata,Tubificida,Naididae,Paranais,0,0,TRUE,ASV3317,1,Paranais botniensis
edna0003,ASV3070,motu2471,Paranais botniensis,Freshwater oligochaete,species,NA,1,NA,NA,NA,4,NA,NA,NA,NA,NA,Paranais botniensis,Freshwater oligochaete,2018_koeye-estuary_surface,koeye estuary,seagrass,2018-06-19,NA,2018,surface,3,edna_ko_e3_30,surface,biological,16.1,14.72,8.11,NA,NA,NA,2.5,1000,0,51.77929649,-127.871914,sand,NA,NA,NA,seagrass,zostera,seagrass_sand,zostera_sand,97.12,2.0037099999999998e-145,286,Metazoa,Annelida,Clitellata,Tubificida,Naididae,Paranais,0,0,TRUE,ASV3070,1,Paranais botniensis
edna0003,ASV3846,motu3023,Spongilla lacustris,Freshwater sponge,species,NA,1,NA,NA,NA,3,NA,NA,NA,NA,NA,Spongilla lacustris,Freshwater sponge,2018_koeye-estuary_surface,koeye estuary,seagrass,2018-06-19,NA,2018,surface,3,edna_ko_e3_30,surface,biological,16.1,14.72,8.11,NA,NA,NA,2.5,1000,0,51.77929649,-127.871914,sand,NA,NA,NA,seagrass,zostera,seagrass_sand,zostera_sand,100,3.2351099999999996e-158,309,Metazoa,Porifera,Porifera,Spongillida,Spongillidae,Spongilla,1,0,TRUE,ASV3846,1,Spongilla lacustris
edna0003,ASV4947,motu3809,Chironomidae,Hexapod,family,NA,1,NA,NA,NA,2,NA,NA,NA,NA,NA,Chironomidae,Hexapod,2018_koeye-estuary_surface,koeye estuary,seagrass,2018-06-19,NA,2018,surface,3,edna_ko_e3_30,surface,biological,16.1,14.72,8.11,NA,NA,NA,2.5,1000,0,51.77929649,-127.871914,sand,NA,NA,NA,seagrass,zostera,seagrass_sand,zostera_sand,98.69,7.10416e-150,294,Metazoa,Arthropoda,Arthropoda,Diptera,Chironomidae,NA,NA,NA,TRUE,ASV4924,2,NA
edna0003,ASV4851,motu3755,Noctuoidea,Hexapod,family,NA,1,NA,NA,NA,2,NA,NA,NA,NA,NA,Noctuoidea,Hexapod,2018_koeye-estuary_surface,koeye estuary,seagrass,2018-06-19,NA,2018,surface,3,edna_ko_e3_30,surface,biological,16.1,14.72,8.11,NA,NA,NA,2.5,1000,0,51.77929649,-127.871914,sand,NA,NA,NA,seagrass,zostera,seagrass_sand,zostera_sand,92,1.45974e-7,38,Metazoa,Arthropoda,Arthropoda,Lepidoptera,Noctuoidea,NA,NA,NA,TRUE,ASV4851,1,NA
edna0003,ASV5823,motu4475,Glossosomatidae,Hexapod,family,NA,1,NA,NA,NA,3,NA,NA,NA,NA,NA,Glossosomatidae,Hexapod,2018_koeye-estuary_surface,koeye estuary,seagrass,2018-06-19,NA,2018,surface,3,edna_ko_e3_30,surface,biological,16.1,14.72,8.11,NA,NA,NA,2.5,1000,0,51.77929649,-127.871914,sand,NA,NA,NA,seagrass,zostera,seagrass_sand,zostera_sand,99.68,1.5051499999999994e-156,306,Metazoa,Arthropoda,Arthropoda,Trichoptera,Glossosomatidae,NA,NA,NA,TRUE,ASV5823,1,NA
edna0003,ASV5889,motu2971,Paranais,Freshwater oligochaete,genus,NA,1,NA,NA,NA,21,NA,NA,NA,NA,NA,Paranais,Freshwater oligochaete,2018_koeye-estuary_surface,koeye estuary,seagrass,2018-06-19,NA,2018,surface,3,edna_ko_e3_30,surface,biological,16.1,14.72,8.11,NA,NA,NA,2.5,1000,0,51.77929649,-127.871914,sand,NA,NA,NA,seagrass,zostera,seagrass_sand,zostera_sand,90.52,1.2305499999999992e-107,218,Metazoa,Annelida,Annelida,Tubificida,Naididae,Paranais,0,0,TRUE,ASV3774,2,NA
edna0003,ASV6058,motu4072,Paranais,Freshwater oligochaete,genus,NA,1,NA,NA,NA,19,NA,NA,NA,NA,NA,Paranais,Freshwater oligochaete,2018_koeye-estuary_surface,koeye estuary,seagrass,2018-06-19,NA,2018,surface,3,edna_ko_e3_30,surface,biological,16.1,14.72,8.11,NA,NA,NA,2.5,1000,0,51.77929649,-127.871914,sand,NA,NA,NA,seagrass,zostera,seagrass_sand,zostera_sand,90.52,1.2305499999999992e-107,218,Metazoa,Annelida,Annelida,Tubificida,Naididae,Paranais,0,0,TRUE,ASV5302,2,NA
edna0003,ASV3540,motu2813,Spionidae,Spionid polychaete,family,NA,1,NA,NA,NA,2,NA,NA,NA,NA,NA,Spionidae,Spionid polychaete,2018_koeye-estuary_surface,koeye estuary,seagrass,2018-06-19,NA,2018,surface,3,edna_ko_e3_30,surface,biological,16.1,14.72,8.11,NA,NA,NA,2.5,1000,0,51.77929649,-127.871914,sand,NA,NA,NA,seagrass,zostera,seagrass_sand,zostera_sand,100,1.96163e-160,313,Metazoa,Annelida,Annelida,Spionida,Spionidae,NA,0,0,TRUE,ASV3540,1,NA
edna0003,ASV6417,motu4965,Chironomidae,Hexapod,family,NA,1,NA,NA,NA,7,NA,NA,NA,NA,NA,Chironomidae,Hexapod,2018_koeye-estuary_surface,koeye estuary,seagrass,2018-06-19,NA,2018,surface,3,edna_ko_e3_30,surface,biological,16.1,14.72,8.11,NA,NA,NA,2.5,1000,0,51.77929649,-127.871914,sand,NA,NA,NA,seagrass,zostera,seagrass_sand,zostera_sand,99.68,1.53546e-156,306,Metazoa,Arthropoda,Arthropoda,Diptera,Chironomidae,NA,NA,NA,TRUE,ASV6417,1,NA
edna0003,ASV6640,motu1303,Chaetognatha,Arrow worm,phylum,NA,1,NA,NA,NA,9,NA,NA,NA,NA,NA,Chaetognatha,Arrow worm,2018_koeye-estuary_surface,koeye estuary,seagrass,2018-06-19,NA,2018,surface,3,edna_ko_e3_30,surface,biological,16.1,14.72,8.11,NA,NA,NA,2.5,1000,0,51.77929649,-127.871914,sand,NA,NA,NA,seagrass,zostera,seagrass_sand,zostera_sand,95.52,3.57563e-83,174,Metazoa,Chaetognatha,NA,NA,NA,NA,0,0,TRUE,ASV1546,2,NA
edna0003,ASV7251,motu5657,Pycnophyes,Mud dragon,genus,NA,1,NA,NA,NA,3,NA,NA,NA,NA,NA,Pycnophyes,Mud dragon,2018_koeye-estuary_surface,koeye estuary,seagrass,2018-06-19,NA,2018,surface,3,edna_ko_e3_30,surface,biological,16.1,14.72,8.11,NA,NA,NA,2.5,1000,0,51.77929649,-127.871914,sand,NA,NA,NA,seagrass,zostera,seagrass_sand,zostera_sand,100,0.00416974,30,Metazoa,Kinorhyncha,Kinorhyncha,Allomalorhagida incertae sedis,Pycnophyidae,Pycnophyes,0,0,TRUE,ASV7251,1,NA
edna0003,ASV7387,motu5774,Aleyrodidae,Hexapod,family,NA,1,NA,NA,NA,4,NA,NA,NA,NA,NA,Aleyrodidae,Hexapod,2018_koeye-estuary_surface,koeye estuary,seagrass,2018-06-19,NA,2018,surface,3,edna_ko_e3_30,surface,biological,16.1,14.72,8.11,NA,NA,NA,2.5,1000,0,51.77929649,-127.871914,sand,NA,NA,NA,seagrass,zostera,seagrass_sand,zostera_sand,91.49,6.92826e-6,35,Metazoa,Arthropoda,Arthropoda,Hemiptera,Aleyrodidae,NA,NA,NA,TRUE,ASV7387,1,NA
edna0002,ASV242,motu213,Balanus glandula,Acorn barnacle,species,NA,1,NA,NA,NA,66,NA,NA,NA,NA,NA,Balanus glandula,Acorn barnacle,2018_koeye-estuary_surface,koeye estuary,seagrass,2018-06-19,NA,2018,surface,2,edna_ko_e3_15,surface,biological,16,15.09,8.07,NA,NA,NA,2.2,1000,0,51.77943387,-127.8717879,sand,NA,NA,NA,seagrass,zostera,seagrass_sand,zostera_sand,100,3.2351099999999996e-158,309,Metazoa,Arthropoda,Thecostraca,Balanomorpha,Balanidae,Balanus,0,0,TRUE,ASV242,15,Balanus glandula
edna0002,ASV733,motu637,Phyllodocida,Polychaete,order,NA,1,1,NA,NA,7,5,NA,NA,NA,NA,Phyllodocida,Polychaete,2018_koeye-estuary_surface,koeye estuary,seagrass,2018-06-19,NA,2018,surface,2,edna_ko_e3_15,surface,biological,16,15.09,8.07,NA,NA,NA,2.2,1000,0,51.77943387,-127.8717879,sand,NA,NA,NA,seagrass,zostera,seagrass_sand,zostera_sand,100,0.0603188,28,Metazoa,Annelida,Annelida,Phyllodocida,NA,NA,0,0,TRUE,ASV733,1,NA
edna0002,ASV775,motu675,Aequorea,Crystal jelly species,genus,NA,1,NA,1,NA,8,NA,NA,20,NA,NA,Aequorea,Crystal jelly species,2018_koeye-estuary_surface,koeye estuary,seagrass,2018-06-19,NA,2018,surface,2,edna_ko_e3_15,surface,biological,16,15.09,8.07,NA,NA,NA,2.2,1000,0,51.77943387,-127.8717879,sand,NA,NA,NA,seagrass,zostera,seagrass_sand,zostera_sand,100,1.4886099999999998e-156,306,Metazoa,Cnidaria,Hydrozoa,Leptothecata,Aequoreidae,Aequorea,0,0,TRUE,ASV775,3,NA
edna0002,ASV1872,motu1557,Corophiidae,Amphipod,family,NA,1,NA,NA,NA,73,NA,NA,NA,NA,NA,Corophiidae,Amphipod,2018_koeye-estuary_surface,koeye estuary,seagrass,2018-06-19,NA,2018,surface,2,edna_ko_e3_15,surface,biological,16,15.09,8.07,NA,NA,NA,2.2,1000,0,51.77943387,-127.8717879,sand,NA,NA,NA,seagrass,zostera,seagrass_sand,zostera_sand,98.71,1.1804e-152,299,Metazoa,Arthropoda,Malacostraca,Amphipoda,Corophiidae,NA,0,0,TRUE,ASV1872,1,NA
edna0002,ASV1293,motu1094,Asteriidae,Sea star,family,NA,1,NA,NA,NA,6,NA,NA,NA,NA,NA,Asteriidae,Sea star,2018_koeye-estuary_surface,koeye estuary,seagrass,2018-06-19,NA,2018,surface,2,edna_ko_e3_15,surface,biological,16,15.09,8.07,NA,NA,NA,2.2,1000,0,51.77943387,-127.8717879,sand,NA,NA,NA,seagrass,zostera,seagrass_sand,zostera_sand,100,1.96163e-160,313,Metazoa,Echinodermata,Echinodermata,Forcipulatida,Asteriidae,NA,0,0,TRUE,ASV1293,1,NA
edna0002,ASV1168,motu1001,Anthopleura elegantissima,Aggregating anemone,species,NA,1,NA,NA,NA,5,NA,NA,NA,NA,NA,Anthopleura elegantissima,Aggregating anemone,2018_koeye-estuary_surface,koeye estuary,seagrass,2018-06-19,NA,2018,surface,2,edna_ko_e3_15,surface,biological,16,15.09,8.07,NA,NA,NA,2.2,1000,0,51.77943387,-127.8717879,sand,NA,NA,NA,seagrass,zostera,seagrass_sand,zostera_sand,100,1.96163e-160,313,Metazoa,Cnidaria,Cnidaria,Actiniaria,Actiniidae,Anthopleura,0,0,TRUE,ASV1168,1,Anthopleura elegantissima
edna0002,ASV2518,motu2051,Chaetognatha,Arrow worm,phylum,NA,1,NA,NA,NA,20,NA,NA,NA,NA,NA,Chaetognatha,Arrow worm,2018_koeye-estuary_surface,koeye estuary,seagrass,2018-06-19,NA,2018,surface,2,edna_ko_e3_15,surface,biological,16,15.09,8.07,NA,NA,NA,2.2,1000,0,51.77943387,-127.8717879,sand,NA,NA,NA,seagrass,zostera,seagrass_sand,zostera_sand,96.52,1.6192399999999998e-86,180,Metazoa,Chaetognatha,NA,NA,NA,NA,0,0,TRUE,ASV2518,1,NA
edna0002,ASV2147,motu1769,Asteriidae,Sea star,family,NA,1,NA,NA,NA,5,NA,NA,NA,NA,NA,Asteriidae,Sea star,2018_koeye-estuary_surface,koeye estuary,seagrass,2018-06-19,NA,2018,surface,2,edna_ko_e3_15,surface,biological,16,15.09,8.07,NA,NA,NA,2.2,1000,0,51.77943387,-127.8717879,sand,NA,NA,NA,seagrass,zostera,seagrass_sand,zostera_sand,100,1.96163e-160,313,Metazoa,Echinodermata,Echinodermata,Forcipulatida,Asteriidae,NA,0,0,TRUE,ASV2147,1,NA
edna0002,ASV1057,motu909,Orobdella,Freshwater leech,genus,NA,1,NA,1,NA,5,NA,NA,9,NA,NA,Orobdella,Freshwater leech,2018_koeye-estuary_surface,koeye estuary,seagrass,2018-06-19,NA,2018,surface,2,edna_ko_e3_15,surface,biological,16,15.09,8.07,NA,NA,NA,2.2,1000,0,51.77943387,-127.8717879,sand,NA,NA,NA,seagrass,zostera,seagrass_sand,zostera_sand,97.06,0.0011939,31,Metazoa,Annelida,Annelida,Erpobdelliformes,Orobdellidae,Orobdella,NA,NA,TRUE,ASV1057,1,NA
edna0002,ASV2402,motu1965,Chaetognatha,Arrow worm,phylum,NA,1,NA,NA,NA,14,NA,NA,NA,NA,NA,Chaetognatha,Arrow worm,2018_koeye-estuary_surface,koeye estuary,seagrass,2018-06-19,NA,2018,surface,2,edna_ko_e3_15,surface,biological,16,15.09,8.07,NA,NA,NA,2.2,1000,0,51.77943387,-127.8717879,sand,NA,NA,NA,seagrass,zostera,seagrass_sand,zostera_sand,96.52,1.6192399999999998e-86,180,Metazoa,Chaetognatha,NA,NA,NA,NA,0,0,TRUE,ASV2402,1,NA
edna0002,ASV2743,motu2222,Corophiidae,Amphipod,family,NA,1,1,NA,NA,63,25,NA,NA,NA,NA,Corophiidae,Amphipod,2018_koeye-estuary_surface,koeye estuary,seagrass,2018-06-19,NA,2018,surface,2,edna_ko_e3_15,surface,biological,16,15.09,8.07,NA,NA,NA,2.2,1000,0,51.77943387,-127.8717879,sand,NA,NA,NA,seagrass,zostera,seagrass_sand,zostera_sand,99.36,4.246189999999999e-157,307,Metazoa,Arthropoda,Malacostraca,Amphipoda,Corophiidae,NA,0,0,TRUE,ASV2743,3,NA
edna0002,ASV3245,motu2595,Corophiidae,Amphipod,family,NA,1,NA,NA,NA,52,NA,NA,NA,NA,NA,Corophiidae,Amphipod,2018_koeye-estuary_surface,koeye estuary,seagrass,2018-06-19,NA,2018,surface,2,edna_ko_e3_15,surface,biological,16,15.09,8.07,NA,NA,NA,2.2,1000,0,51.77943387,-127.8717879,sand,NA,NA,NA,seagrass,zostera,seagrass_sand,zostera_sand,99.36,4.246189999999999e-157,307,Metazoa,Arthropoda,Malacostraca,Amphipoda,Corophiidae,NA,0,0,TRUE,ASV3245,2,NA
edna0002,ASV3372,motu199,Mytilus trossulus,Bay mussel,species,NA,1,NA,NA,NA,68,NA,NA,NA,NA,NA,Mytilus trossulus,Bay mussel,2018_koeye-estuary_surface,koeye estuary,seagrass,2018-06-19,NA,2018,surface,2,edna_ko_e3_15,surface,biological,16,15.09,8.07,NA,NA,NA,2.2,1000,0,51.77943387,-127.8717879,sand,NA,NA,NA,seagrass,zostera,seagrass_sand,zostera_sand,100,3.2351099999999996e-158,309,Metazoa,Mollusca,Mollusca,Mytilida,Mytilidae,Mytilus,0,0,TRUE,ASV226,18,Mytilus trossulus
edna0002,ASV3534,motu2809,Polypogon,Hexapod,genus,NA,1,NA,NA,NA,8,NA,NA,NA,NA,NA,Polypogon,Hexapod,2018_koeye-estuary_surface,koeye estuary,seagrass,2018-06-19,NA,2018,surface,2,edna_ko_e3_15,surface,biological,16,15.09,8.07,NA,NA,NA,2.2,1000,0,51.77943387,-127.8717879,sand,NA,NA,NA,seagrass,zostera,seagrass_sand,zostera_sand,95.12,6.79151e-6,35,Metazoa,Arthropoda,Arthropoda,Lepidoptera,Noctuoidea,Polypogon,NA,NA,TRUE,ASV3534,1,NA
edna0002,ASV4130,motu3238,Spongilla lacustris,Freshwater sponge,species,NA,1,NA,NA,NA,12,NA,NA,NA,NA,NA,Spongilla lacustris,Freshwater sponge,2018_koeye-estuary_surface,koeye estuary,seagrass,2018-06-19,NA,2018,surface,2,edna_ko_e3_15,surface,biological,16,15.09,8.07,NA,NA,NA,2.2,1000,0,51.77943387,-127.8717879,sand,NA,NA,NA,seagrass,zostera,seagrass_sand,zostera_sand,100,3.2351099999999996e-158,309,Metazoa,Porifera,Porifera,Spongillida,Spongillidae,Spongilla,1,0,TRUE,ASV4130,1,Spongilla lacustris
edna0002,ASV4648,motu3607,Lottia paradigitalis,Boreal limpet,species,NA,1,NA,NA,NA,26,NA,NA,NA,NA,NA,Lottia paradigitalis,Boreal limpet,2018_koeye-estuary_surface,koeye estuary,seagrass,2018-06-19,NA,2018,surface,2,edna_ko_e3_15,surface,biological,16,15.09,8.07,NA,NA,NA,2.2,1000,0,51.77943387,-127.8717879,sand,NA,NA,NA,seagrass,zostera,seagrass_sand,zostera_sand,100,1.96163e-160,313,Metazoa,Mollusca,Gastropoda,NA,Lottiidae,Lottia,0,0,TRUE,ASV4648,2,Lottia paradigitalis
edna0002,ASV3808,motu2995,Lottia paradigitalis,Boreal limpet,species,NA,1,NA,NA,NA,11,NA,NA,NA,NA,NA,Lottia paradigitalis,Boreal limpet,2018_koeye-estuary_surface,koeye estuary,seagrass,2018-06-19,NA,2018,surface,2,edna_ko_e3_15,surface,biological,16,15.09,8.07,NA,NA,NA,2.2,1000,0,51.77943387,-127.8717879,sand,NA,NA,NA,seagrass,zostera,seagrass_sand,zostera_sand,100,1.96163e-160,313,Metazoa,Mollusca,Gastropoda,NA,Lottiidae,Lottia,0,0,TRUE,ASV3808,2,Lottia paradigitalis
edna0002,ASV4947,motu3809,Chironomidae,Hexapod,family,NA,1,NA,NA,NA,35,NA,NA,NA,NA,NA,Chironomidae,Hexapod,2018_koeye-estuary_surface,koeye estuary,seagrass,2018-06-19,NA,2018,surface,2,edna_ko_e3_15,surface,biological,16,15.09,8.07,NA,NA,NA,2.2,1000,0,51.77943387,-127.8717879,sand,NA,NA,NA,seagrass,zostera,seagrass_sand,zostera_sand,98.69,7.10416e-150,294,Metazoa,Arthropoda,Arthropoda,Diptera,Chironomidae,NA,NA,NA,TRUE,ASV4924,2,NA
edna0002,ASV4851,motu3755,Noctuoidea,Hexapod,family,NA,1,NA,NA,NA,26,NA,NA,NA,NA,NA,Noctuoidea,Hexapod,2018_koeye-estuary_surface,koeye estuary,seagrass,2018-06-19,NA,2018,surface,2,edna_ko_e3_15,surface,biological,16,15.09,8.07,NA,NA,NA,2.2,1000,0,51.77943387,-127.8717879,sand,NA,NA,NA,seagrass,zostera,seagrass_sand,zostera_sand,92,1.45974e-7,38,Metazoa,Arthropoda,Arthropoda,Lepidoptera,Noctuoidea,NA,NA,NA,TRUE,ASV4851,1,NA
edna0002,ASV5555,motu4265,Hediste limnicola,Ragworm,species,NA,1,NA,NA,NA,16,NA,NA,NA,NA,NA,Hediste limnicola,Ragworm,2018_koeye-estuary_surface,koeye estuary,seagrass,2018-06-19,NA,2018,surface,2,edna_ko_e3_15,surface,biological,16,15.09,8.07,NA,NA,NA,2.2,1000,0,51.77943387,-127.8717879,sand,NA,NA,NA,seagrass,zostera,seagrass_sand,zostera_sand,98.31,1.6041e-111,225,Metazoa,Annelida,Annelida,Phyllodocida,Nereididae,Hediste,0,0,TRUE,ASV5555,1,Hediste limnicola
edna0002,ASV5745,motu4410,Anodonta,Freshwater mussel,genus,NA,1,NA,NA,NA,16,NA,NA,NA,NA,NA,Anodonta,Freshwater mussel,2018_koeye-estuary_surface,koeye estuary,seagrass,2018-06-19,NA,2018,surface,2,edna_ko_e3_15,surface,biological,16,15.09,8.07,NA,NA,NA,2.2,1000,0,51.77943387,-127.8717879,sand,NA,NA,NA,seagrass,zostera,seagrass_sand,zostera_sand,100,1.96163e-160,313,Metazoa,Mollusca,Mollusca,Unionida,Unionidae,Anodonta,1,0,TRUE,ASV5745,1,NA
edna0002,ASV4952,motu3833,Anodonta,Freshwater mussel,genus,NA,1,1,NA,NA,14,8,NA,NA,NA,NA,Anodonta,Freshwater mussel,2018_koeye-estuary_surface,koeye estuary,seagrass,2018-06-19,NA,2018,surface,2,edna_ko_e3_15,surface,biological,16,15.09,8.07,NA,NA,NA,2.2,1000,0,51.77943387,-127.8717879,sand,NA,NA,NA,seagrass,zostera,seagrass_sand,zostera_sand,100,1.96163e-160,313,Metazoa,Mollusca,Mollusca,Unionida,Unionidae,Anodonta,1,0,TRUE,ASV4952,1,NA
edna0002,ASV5823,motu4475,Glossosomatidae,Hexapod,family,NA,1,NA,NA,NA,12,NA,NA,NA,NA,NA,Glossosomatidae,Hexapod,2018_koeye-estuary_surface,koeye estuary,seagrass,2018-06-19,NA,2018,surface,2,edna_ko_e3_15,surface,biological,16,15.09,8.07,NA,NA,NA,2.2,1000,0,51.77943387,-127.8717879,sand,NA,NA,NA,seagrass,zostera,seagrass_sand,zostera_sand,99.68,1.5051499999999994e-156,306,Metazoa,Arthropoda,Arthropoda,Trichoptera,Glossosomatidae,NA,NA,NA,TRUE,ASV5823,1,NA
edna0002,ASV5569,motu4276,Chironomidae,Hexapod,family,NA,1,1,NA,NA,6,4,NA,NA,NA,NA,Chironomidae,Hexapod,2018_koeye-estuary_surface,koeye estuary,seagrass,2018-06-19,NA,2018,surface,2,edna_ko_e3_15,surface,biological,16,15.09,8.07,NA,NA,NA,2.2,1000,0,51.77943387,-127.8717879,sand,NA,NA,NA,seagrass,zostera,seagrass_sand,zostera_sand,99.57,9.72659e-114,229,Metazoa,Arthropoda,Arthropoda,Diptera,Chironomidae,NA,NA,NA,TRUE,ASV5569,1,NA
edna0002,ASV6219,motu1178,Evadne nordmanni,Predatory water flea species,species,NA,1,NA,NA,NA,3,NA,NA,NA,NA,NA,Evadne nordmanni,Predatory water flea species,2018_koeye-estuary_surface,koeye estuary,seagrass,2018-06-19,NA,2018,surface,2,edna_ko_e3_15,surface,biological,16,15.09,8.07,NA,NA,NA,2.2,1000,0,51.77943387,-127.8717879,sand,NA,NA,NA,seagrass,zostera,seagrass_sand,zostera_sand,100,2.0011299999999987e-160,313,Metazoa,Arthropoda,Branchiopoda,Onychopoda,Podonidae,Evadne,0,0,TRUE,ASV1396,2,Evadne nordmanni
edna0002,ASV6523,motu5051,Insecta,Hexapod,class,NA,1,NA,NA,NA,9,NA,NA,NA,NA,NA,Insecta,Hexapod,2018_koeye-estuary_surface,koeye estuary,seagrass,2018-06-19,NA,2018,surface,2,edna_ko_e3_15,surface,biological,16,15.09,8.07,NA,NA,NA,2.2,1000,0,51.77943387,-127.8717879,sand,NA,NA,NA,seagrass,zostera,seagrass_sand,zostera_sand,98.08,2.029649999999999e-150,295,Metazoa,Arthropoda,Arthropoda,NA,NA,NA,NA,NA,TRUE,ASV6523,1,NA
edna0002,ASV6645,motu5153,Scarabaeidae,Hexapod,family,NA,1,NA,NA,NA,5,NA,NA,NA,NA,NA,Scarabaeidae,Hexapod,2018_koeye-estuary_surface,koeye estuary,seagrass,2018-06-19,NA,2018,surface,2,edna_ko_e3_15,surface,biological,16,15.09,8.07,NA,NA,NA,2.2,1000,0,51.77943387,-127.8717879,sand,NA,NA,NA,seagrass,zostera,seagrass_sand,zostera_sand,93.65,8.83636e-15,51,Metazoa,Arthropoda,Arthropoda,Coleoptera,Scarabaeidae,NA,NA,NA,TRUE,ASV6645,1,NA
edna0002,ASV6648,motu5156,Pycnophyes,Mud dragon,genus,NA,1,NA,NA,NA,3,NA,NA,NA,NA,NA,Pycnophyes,Mud dragon,2018_koeye-estuary_surface,koeye estuary,seagrass,2018-06-19,NA,2018,surface,2,edna_ko_e3_15,surface,biological,16,15.09,8.07,NA,NA,NA,2.2,1000,0,51.77943387,-127.8717879,sand,NA,NA,NA,seagrass,zostera,seagrass_sand,zostera_sand,100,0.00410953,30,Metazoa,Kinorhyncha,Kinorhyncha,Allomalorhagida incertae sedis,Pycnophyidae,Pycnophyes,0,0,TRUE,ASV6648,1,NA
edna0002,ASV6082,motu4686,Glossosomatidae,Hexapod,family,NA,1,NA,NA,NA,5,NA,NA,NA,NA,NA,Glossosomatidae,Hexapod,2018_koeye-estuary_surface,koeye estuary,seagrass,2018-06-19,NA,2018,surface,2,edna_ko_e3_15,surface,biological,16,15.09,8.07,NA,NA,NA,2.2,1000,0,51.77943387,-127.8717879,sand,NA,NA,NA,seagrass,zostera,seagrass_sand,zostera_sand,99.68,1.5051499999999994e-156,306,Metazoa,Arthropoda,Arthropoda,Trichoptera,Glossosomatidae,NA,NA,NA,TRUE,ASV6082,1,NA
edna0002,ASV7253,motu5659,Pygospio elegans,Spionid polychaete,species,NA,1,NA,NA,NA,5,NA,NA,NA,NA,NA,Pygospio elegans,Spionid polychaete,2018_koeye-estuary_surface,koeye estuary,seagrass,2018-06-19,NA,2018,surface,2,edna_ko_e3_15,surface,biological,16,15.09,8.07,NA,NA,NA,2.2,1000,0,51.77943387,-127.8717879,sand,NA,NA,NA,seagrass,zostera,seagrass_sand,zostera_sand,100,1.5856299999999996e-141,279,Metazoa,Annelida,Polychaeta,Spionida,Spionidae,Pygospio,0,0,TRUE,ASV7253,1,Pygospio elegans
edna0005,ASV280,motu190,Mytilus,Mussel species,genus,NA,1,NA,NA,NA,76,NA,NA,NA,NA,NA,Mytilus trossulus,Bay mussel,2018_koeye-estuary_depth,koeye estuary,seagrass,2018-06-19,NA,2018,depth,2,edna_ko_e3_15,depth,biological,16,15.94,8.1,NA,NA,NA,2.2,975,0,51.77943387,-127.8717879,sand,NA,NA,NA,seagrass,zostera,seagrass_sand,zostera_sand,100,3.2351099999999996e-158,309,Metazoa,Mollusca,Mollusca,Mytilida,Mytilidae,Mytilus,0,0,TRUE,ASV216,23,NA
edna0005,ASV1196,motu537,Mitrocoma cellularia,Cross jelly,species,NA,1,NA,NA,NA,32,NA,NA,NA,NA,NA,Mitrocoma cellularia,Cross jelly,2018_koeye-estuary_depth,koeye estuary,seagrass,2018-06-19,NA,2018,depth,2,edna_ko_e3_15,depth,biological,16,15.94,8.1,NA,NA,NA,2.2,975,0,51.77943387,-127.8717879,sand,NA,NA,NA,seagrass,zostera,seagrass_sand,zostera_sand,99.67,6.925819999999995e-155,303,Metazoa,Cnidaria,Hydrozoa,Leptothecata,Mitrocomidae,Mitrocoma,0,0,TRUE,ASV616,6,Mitrocoma cellularia
edna0005,ASV634,motu517,Balanus,Barnacle species,genus,NA,1,NA,1,NA,4,NA,NA,6,NA,NA,Balanus,Barnacle species,2018_koeye-estuary_depth,koeye estuary,seagrass,2018-06-19,NA,2018,depth,2,edna_ko_e3_15,depth,biological,16,15.94,8.1,NA,NA,NA,2.2,975,0,51.77943387,-127.8717879,sand,NA,NA,NA,seagrass,zostera,seagrass_sand,zostera_sand,100,1.4886099999999998e-156,306,Metazoa,Arthropoda,Arthropoda,Balanomorpha,Balanidae,Balanus,0,0,TRUE,ASV587,10,NA
edna0005,ASV640,motu105,Mesocentrotus franciscanus,Red sea urchin,species,NA,1,1,NA,NA,108,34,NA,NA,NA,NA,Mesocentrotus franciscanus,Red sea urchin,2018_koeye-estuary_depth,koeye estuary,seagrass,2018-06-19,NA,2018,depth,2,edna_ko_e3_15,depth,biological,16,15.94,8.1,NA,NA,NA,2.2,975,0,51.77943387,-127.8717879,sand,NA,NA,NA,seagrass,zostera,seagrass_sand,zostera_sand,100,1.96163e-160,313,Metazoa,Echinodermata,Echinoidea,Camarodonta,Strongylocentrotidae,Mesocentrotus,0,0,TRUE,ASV118,8,Mesocentrotus franciscanus
edna0005,ASV1186,motu1014,Corophiidae,Amphipod,family,NA,1,1,NA,NA,55,28,NA,NA,NA,NA,Corophiidae,Amphipod,2018_koeye-estuary_depth,koeye estuary,seagrass,2018-06-19,NA,2018,depth,2,edna_ko_e3_15,depth,biological,16,15.94,8.1,NA,NA,NA,2.2,975,0,51.77943387,-127.8717879,sand,NA,NA,NA,seagrass,zostera,seagrass_sand,zostera_sand,98.72,9.19139e-154,301,Metazoa,Arthropoda,Malacostraca,Amphipoda,Corophiidae,NA,0,0,TRUE,ASV1186,2,NA
edna0005,ASV1910,motu1589,Chthamalus dalli,Little brown barnacle,species,NA,1,NA,NA,NA,6,NA,NA,NA,NA,NA,Chthamalus dalli,Little brown barnacle,2018_koeye-estuary_depth,koeye estuary,seagrass,2018-06-19,NA,2018,depth,2,edna_ko_e3_15,depth,biological,16,15.94,8.1,NA,NA,NA,2.2,975,0,51.77943387,-127.8717879,sand,NA,NA,NA,seagrass,zostera,seagrass_sand,zostera_sand,99.67,1.14177e-152,299,Metazoa,Arthropoda,Thecostraca,Balanomorpha,Chthamalidae,Chthamalus,0,0,TRUE,ASV1910,1,Chthamalus dalli
edna0005,ASV2228,motu1836,Saxidomus nuttalli,California butterclam,species,NA,1,NA,NA,NA,18,NA,NA,NA,NA,NA,Saxidomus nuttalli,California butterclam,2018_koeye-estuary_depth,koeye estuary,seagrass,2018-06-19,NA,2018,depth,2,edna_ko_e3_15,depth,biological,16,15.94,8.1,NA,NA,NA,2.2,975,0,51.77943387,-127.8717879,sand,NA,NA,NA,seagrass,zostera,seagrass_sand,zostera_sand,99.68,4.246189999999999e-157,307,Metazoa,Mollusca,Bivalvia,Venerida,Veneridae,Saxidomus,0,0,TRUE,ASV2228,1,Saxidomus nuttalli
edna0005,ASV2743,motu2222,Corophiidae,Amphipod,family,NA,1,NA,NA,NA,31,NA,NA,NA,NA,NA,Corophiidae,Amphipod,2018_koeye-estuary_depth,koeye estuary,seagrass,2018-06-19,NA,2018,depth,2,edna_ko_e3_15,depth,biological,16,15.94,8.1,NA,NA,NA,2.2,975,0,51.77943387,-127.8717879,sand,NA,NA,NA,seagrass,zostera,seagrass_sand,zostera_sand,99.36,4.246189999999999e-157,307,Metazoa,Arthropoda,Malacostraca,Amphipoda,Corophiidae,NA,0,0,TRUE,ASV2743,3,NA
edna0005,ASV1396,motu1178,Evadne nordmanni,Predatory water flea species,species,NA,1,NA,1,NA,7,NA,NA,NA,NA,3,Evadne nordmanni,Predatory water flea species,2018_koeye-estuary_depth,koeye estuary,seagrass,2018-06-19,NA,2018,depth,2,edna_ko_e3_15,depth,biological,16,15.94,8.1,NA,NA,NA,2.2,975,0,51.77943387,-127.8717879,sand,NA,NA,NA,seagrass,zostera,seagrass_sand,zostera_sand,100,1.96163e-160,313,Metazoa,Arthropoda,Branchiopoda,Onychopoda,Podonidae,Evadne,0,0,TRUE,ASV1396,2,Evadne nordmanni
edna0005,ASV1371,motu1157,Evadne nordmanni,Predatory water flea species,species,NA,1,NA,NA,NA,3,NA,NA,NA,NA,NA,Evadne nordmanni,Predatory water flea species,2018_koeye-estuary_depth,koeye estuary,seagrass,2018-06-19,NA,2018,depth,2,edna_ko_e3_15,depth,biological,16,15.94,8.1,NA,NA,NA,2.2,975,0,51.77943387,-127.8717879,sand,NA,NA,NA,seagrass,zostera,seagrass_sand,zostera_sand,100,1.96163e-160,313,Metazoa,Arthropoda,Branchiopoda,Onychopoda,Podonidae,Evadne,0,0,TRUE,ASV1371,1,Evadne nordmanni
edna0005,ASV2301,motu1895,Corophiidae,Amphipod,family,NA,1,NA,NA,NA,60,NA,NA,NA,NA,NA,Corophiidae,Amphipod,2018_koeye-estuary_depth,koeye estuary,seagrass,2018-06-19,NA,2018,depth,2,edna_ko_e3_15,depth,biological,16,15.94,8.1,NA,NA,NA,2.2,975,0,51.77943387,-127.8717879,sand,NA,NA,NA,seagrass,zostera,seagrass_sand,zostera_sand,98.72,9.19139e-154,301,Metazoa,Arthropoda,Malacostraca,Amphipoda,Corophiidae,NA,0,0,TRUE,ASV2301,1,NA
edna0005,ASV2818,motu2279,Araneae,Spider,class,NA,1,NA,NA,NA,2,NA,NA,NA,NA,NA,Araneae,Spider,2018_koeye-estuary_depth,koeye estuary,seagrass,2018-06-19,NA,2018,depth,2,edna_ko_e3_15,depth,biological,16,15.94,8.1,NA,NA,NA,2.2,975,0,51.77943387,-127.8717879,sand,NA,NA,NA,seagrass,zostera,seagrass_sand,zostera_sand,93.33,8.47668e-20,60,Metazoa,Arthropoda,Arthropoda,NA,NA,NA,NA,NA,TRUE,ASV2818,1,NA
edna0005,ASV2376,motu1949,Euphausia pacifica,North Pacific krill,species,NA,1,NA,NA,NA,7,NA,NA,NA,NA,NA,Euphausia pacifica,North Pacific krill,2018_koeye-estuary_depth,koeye estuary,seagrass,2018-06-19,NA,2018,depth,2,edna_ko_e3_15,depth,biological,16,15.94,8.1,NA,NA,NA,2.2,975,0,51.77943387,-127.8717879,sand,NA,NA,NA,seagrass,zostera,seagrass_sand,zostera_sand,100,3.2351099999999996e-158,309,Metazoa,Arthropoda,Malacostraca,Euphausiacea,Euphausiidae,Euphausia,0,0,TRUE,ASV2376,1,Euphausia pacifica
edna0005,ASV5369,motu4122,Pleurobrachia bachei,Pacific sea gooseberry,species,NA,1,NA,NA,NA,7,NA,NA,NA,NA,NA,Pleurobrachia bachei,Pacific sea gooseberry,2018_koeye-estuary_depth,koeye estuary,seagrass,2018-06-19,NA,2018,depth,2,edna_ko_e3_15,depth,biological,16,15.94,8.1,NA,NA,NA,2.2,975,0,51.77943387,-127.8717879,sand,NA,NA,NA,seagrass,zostera,seagrass_sand,zostera_sand,97.44,4.3066999999999997e-147,289,Metazoa,Ctenophora,Tentaculata,Cydippida,Cydippidae,Pleurobrachia,0,0,TRUE,ASV5369,1,Pleurobrachia bachei
edna0005,ASV5674,motu593,Strongylocentrotus droebachiensis,Green sea urcin,species,NA,1,NA,NA,NA,22,NA,NA,NA,NA,NA,Strongylocentrotus droebachiensis,Green sea urcin,2018_koeye-estuary_depth,koeye estuary,seagrass,2018-06-19,NA,2018,depth,2,edna_ko_e3_15,depth,biological,16,15.94,8.1,NA,NA,NA,2.2,975,0,51.77943387,-127.8717879,sand,NA,NA,NA,seagrass,zostera,seagrass_sand,zostera_sand,99.68,9.126599999999999e-159,310,Metazoa,Echinodermata,Echinodermata,Camarodonta,Strongylocentrotidae,Strongylocentrotus,0,0,TRUE,ASV682,2,Strongylocentrotus droebachiensis
edna0005,ASV5676,motu4354,Chaetognatha,Arrow worm,phylum,NA,1,NA,NA,NA,4,NA,NA,NA,NA,NA,Chaetognatha,Arrow worm,2018_koeye-estuary_depth,koeye estuary,seagrass,2018-06-19,NA,2018,depth,2,edna_ko_e3_15,depth,biological,16,15.94,8.1,NA,NA,NA,2.2,975,0,51.77943387,-127.8717879,sand,NA,NA,NA,seagrass,zostera,seagrass_sand,zostera_sand,98.01,1.6078299999999998e-91,189,Metazoa,Chaetognatha,NA,NA,NA,NA,0,0,TRUE,ASV5676,1,NA
edna0005,ASV5823,motu4475,Glossosomatidae,Hexapod,family,NA,1,NA,NA,NA,3,NA,NA,NA,NA,NA,Glossosomatidae,Hexapod,2018_koeye-estuary_depth,koeye estuary,seagrass,2018-06-19,NA,2018,depth,2,edna_ko_e3_15,depth,biological,16,15.94,8.1,NA,NA,NA,2.2,975,0,51.77943387,-127.8717879,sand,NA,NA,NA,seagrass,zostera,seagrass_sand,zostera_sand,99.68,1.5051499999999994e-156,306,Metazoa,Arthropoda,Arthropoda,Trichoptera,Glossosomatidae,NA,NA,NA,TRUE,ASV5823,1,NA
edna0005,ASV6061,motu4667,Monopylephorus rubroniveus,Freshwater oligochaete,species,NA,1,NA,NA,NA,17,NA,NA,NA,NA,NA,Monopylephorus rubroniveus,Freshwater oligochaete,2018_koeye-estuary_depth,koeye estuary,seagrass,2018-06-19,NA,2018,depth,2,edna_ko_e3_15,depth,biological,16,15.94,8.1,NA,NA,NA,2.2,975,0,51.77943387,-127.8717879,sand,NA,NA,NA,seagrass,zostera,seagrass_sand,zostera_sand,94.57,4.39908e-132,262,Metazoa,Annelida,Clitellata,Tubificida,Naididae,Monopylephorus,0,0,TRUE,ASV6061,1,Monopylephorus rubroniveus
edna0005,ASV6422,motu4969,Lottia,Limpet,genus,NA,1,NA,NA,NA,6,NA,NA,NA,NA,NA,Lottia,Limpet,2018_koeye-estuary_depth,koeye estuary,seagrass,2018-06-19,NA,2018,depth,2,edna_ko_e3_15,depth,biological,16,15.94,8.1,NA,NA,NA,2.2,975,0,51.77943387,-127.8717879,sand,NA,NA,NA,seagrass,zostera,seagrass_sand,zostera_sand,100,0.053939,28,Metazoa,Mollusca,Mollusca,NA,Lottiidae,Lottia,0,0,TRUE,ASV6422,1,NA
edna0005,ASV6523,motu5051,Insecta,Hexapod,class,NA,1,NA,NA,NA,5,NA,NA,NA,NA,NA,Insecta,Hexapod,2018_koeye-estuary_depth,koeye estuary,seagrass,2018-06-19,NA,2018,depth,2,edna_ko_e3_15,depth,biological,16,15.94,8.1,NA,NA,NA,2.2,975,0,51.77943387,-127.8717879,sand,NA,NA,NA,seagrass,zostera,seagrass_sand,zostera_sand,98.08,2.029649999999999e-150,295,Metazoa,Arthropoda,Arthropoda,NA,NA,NA,NA,NA,TRUE,ASV6523,1,NA
edna0005,ASV6645,motu5153,Scarabaeidae,Hexapod,family,NA,1,NA,NA,NA,8,NA,NA,NA,NA,NA,Scarabaeidae,Hexapod,2018_koeye-estuary_depth,koeye estuary,seagrass,2018-06-19,NA,2018,depth,2,edna_ko_e3_15,depth,biological,16,15.94,8.1,NA,NA,NA,2.2,975,0,51.77943387,-127.8717879,sand,NA,NA,NA,seagrass,zostera,seagrass_sand,zostera_sand,93.65,8.83636e-15,51,Metazoa,Arthropoda,Arthropoda,Coleoptera,Scarabaeidae,NA,NA,NA,TRUE,ASV6645,1,NA
edna0005,ASV6648,motu5156,Pycnophyes,Mud dragon,genus,NA,1,NA,NA,NA,10,NA,NA,NA,NA,NA,Pycnophyes,Mud dragon,2018_koeye-estuary_depth,koeye estuary,seagrass,2018-06-19,NA,2018,depth,2,edna_ko_e3_15,depth,biological,16,15.94,8.1,NA,NA,NA,2.2,975,0,51.77943387,-127.8717879,sand,NA,NA,NA,seagrass,zostera,seagrass_sand,zostera_sand,100,0.00410953,30,Metazoa,Kinorhyncha,Kinorhyncha,Allomalorhagida incertae sedis,Pycnophyidae,Pycnophyes,0,0,TRUE,ASV6648,1,NA
edna0005,ASV6740,motu5233,Cordylophora,Athecate hydroid,genus,NA,1,NA,NA,NA,3,NA,NA,NA,NA,NA,Cordylophora,Athecate hydroid,2018_koeye-estuary_depth,koeye estuary,seagrass,2018-06-19,NA,2018,depth,2,edna_ko_e3_15,depth,biological,16,15.94,8.1,NA,NA,NA,2.2,975,0,51.77943387,-127.8717879,sand,NA,NA,NA,seagrass,zostera,seagrass_sand,zostera_sand,100,2.0585699999999997e-140,277,Metazoa,Cnidaria,Hydrozoa,Anthoathecata,Cordylophoridae,Cordylophora,0,0,TRUE,ASV6740,1,NA
edna0005,ASV6244,motu4817,Blattidae,Hexapod,family,NA,1,NA,NA,NA,5,NA,NA,NA,NA,NA,Blattidae,Hexapod,2018_koeye-estuary_depth,koeye estuary,seagrass,2018-06-19,NA,2018,depth,2,edna_ko_e3_15,depth,biological,16,15.94,8.1,NA,NA,NA,2.2,975,0,51.77943387,-127.8717879,sand,NA,NA,NA,seagrass,zostera,seagrass_sand,zostera_sand,93.06,4.08218e-18,57,Metazoa,Arthropoda,Arthropoda,Dictyoptera,Blattidae,NA,NA,NA,TRUE,ASV6244,1,NA
edna0005,ASV5460,motu4193,Aurelia labiata,Moon jelly species,species,NA,1,NA,NA,NA,3,NA,NA,NA,NA,NA,Aurelia labiata,Moon jelly species,2018_koeye-estuary_depth,koeye estuary,seagrass,2018-06-19,NA,2018,depth,2,edna_ko_e3_15,depth,biological,16,15.94,8.1,NA,NA,NA,2.2,975,0,51.77943387,-127.8717879,sand,NA,NA,NA,seagrass,zostera,seagrass_sand,zostera_sand,100,1.96163e-160,313,Metazoa,Cnidaria,Scyphozoa,Semaeostomeae,Ulmaridae,Aurelia,0,0,TRUE,ASV5460,1,Aurelia labiata
edna0005,ASV6082,motu4686,Glossosomatidae,Hexapod,family,NA,1,NA,1,NA,5,NA,NA,5,NA,4,Glossosomatidae,Hexapod,2018_koeye-estuary_depth,koeye estuary,seagrass,2018-06-19,NA,2018,depth,2,edna_ko_e3_15,depth,biological,16,15.94,8.1,NA,NA,NA,2.2,975,0,51.77943387,-127.8717879,sand,NA,NA,NA,seagrass,zostera,seagrass_sand,zostera_sand,99.68,1.5051499999999994e-156,306,Metazoa,Arthropoda,Arthropoda,Trichoptera,Glossosomatidae,NA,NA,NA,TRUE,ASV6082,1,NA
edna0005,ASV7251,motu5657,Pycnophyes,Mud dragon,genus,NA,1,NA,NA,NA,5,NA,NA,NA,NA,NA,Pycnophyes,Mud dragon,2018_koeye-estuary_depth,koeye estuary,seagrass,2018-06-19,NA,2018,depth,2,edna_ko_e3_15,depth,biological,16,15.94,8.1,NA,NA,NA,2.2,975,0,51.77943387,-127.8717879,sand,NA,NA,NA,seagrass,zostera,seagrass_sand,zostera_sand,100,0.00416974,30,Metazoa,Kinorhyncha,Kinorhyncha,Allomalorhagida incertae sedis,Pycnophyidae,Pycnophyes,0,0,TRUE,ASV7251,1,NA
edna0005,ASV7387,motu5774,Aleyrodidae,Hexapod,family,NA,1,NA,NA,NA,3,NA,NA,NA,NA,NA,Aleyrodidae,Hexapod,2018_koeye-estuary_depth,koeye estuary,seagrass,2018-06-19,NA,2018,depth,2,edna_ko_e3_15,depth,biological,16,15.94,8.1,NA,NA,NA,2.2,975,0,51.77943387,-127.8717879,sand,NA,NA,NA,seagrass,zostera,seagrass_sand,zostera_sand,91.49,6.92826e-6,35,Metazoa,Arthropoda,Arthropoda,Hemiptera,Aleyrodidae,NA,NA,NA,TRUE,ASV7387,1,NA
edna0007,ASV354,motu313,Mitrocoma cellularia,Cross jelly,species,NA,1,NA,NA,NA,4,NA,NA,NA,NA,NA,Mitrocoma cellularia,Cross jelly,2018_choked-pass_surface,choked pass,seagrass,2018-06-19,NA,2018,surface,1,edna_ch_i3_00,surface,biological,12.4,30.66,8.05,NA,NA,NA,7,1000,0,51.67529798,-128.1193259,sand,NA,NA,NA,seagrass,zostera,seagrass_sand,zostera_sand,100,1.4886099999999998e-156,306,Metazoa,Cnidaria,Hydrozoa,Leptothecata,Mitrocomidae,Mitrocoma,0,0,TRUE,ASV354,2,Mitrocoma cellularia
edna0007,ASV739,motu643,Pseudocalanus mimus,Calanoid copepod,species,NA,1,NA,1,NA,43,NA,8,NA,NA,NA,Pseudocalanus mimus,Calanoid copepod,2018_choked-pass_surface,choked pass,seagrass,2018-06-19,NA,2018,surface,1,edna_ch_i3_00,surface,biological,12.4,30.66,8.05,NA,NA,NA,7,1000,0,51.67529798,-128.1193259,sand,NA,NA,NA,seagrass,zostera,seagrass_sand,zostera_sand,99.67,9.19139e-154,301,Metazoa,Arthropoda,Copepoda,Calanoida,Clausocalanidae,Pseudocalanus,0,0,TRUE,ASV739,3,Pseudocalanus mimus
edna0007,ASV834,motu128,Centropages abdominalis,Calanoid copepod,species,NA,1,NA,NA,NA,44,NA,NA,NA,NA,NA,Centropages abdominalis,Calanoid copepod,2018_choked-pass_surface,choked pass,seagrass,2018-06-19,NA,2018,surface,1,edna_ch_i3_00,surface,biological,12.4,30.66,8.05,NA,NA,NA,7,1000,0,51.67529798,-128.1193259,sand,NA,NA,NA,seagrass,zostera,seagrass_sand,zostera_sand,99.68,9.126599999999999e-159,310,Metazoa,Arthropoda,Copepoda,Calanoida,Centropagidae,Centropages,0,0,TRUE,ASV143,11,Centropages abdominalis
edna0007,ASV365,motu31,Centropages abdominalis,Calanoid copepod,species,NA,1,NA,1,NA,34,NA,35,NA,NA,NA,Centropages abdominalis,Calanoid copepod,2018_choked-pass_surface,choked pass,seagrass,2018-06-19,NA,2018,surface,1,edna_ch_i3_00,surface,biological,12.4,30.66,8.05,NA,NA,NA,7,1000,0,51.67529798,-128.1193259,sand,NA,NA,NA,seagrass,zostera,seagrass_sand,zostera_sand,99.68,9.126599999999999e-159,310,Metazoa,Arthropoda,Copepoda,Calanoida,Centropagidae,Centropages,0,0,TRUE,ASV34,19,Centropages abdominalis
edna0007,ASV1038,motu895,Clytia gregaria,Gregarious jellyfish,species,NA,1,NA,NA,NA,14,NA,NA,NA,NA,NA,Clytia gregaria,Gregarious jellyfish,2018_choked-pass_surface,choked pass,seagrass,2018-06-19,NA,2018,surface,1,edna_ch_i3_00,surface,biological,12.4,30.66,8.05,NA,NA,NA,7,1000,0,51.67529798,-128.1193259,sand,NA,NA,NA,seagrass,zostera,seagrass_sand,zostera_sand,99.68,9.126599999999999e-159,310,Metazoa,Cnidaria,Hydrozoa,Leptothecata,Campanulariidae,Clytia,0,0,TRUE,ASV1038,2,Clytia gregaria
edna0007,ASV960,motu833,Pseudocalanus mimus,Calanoid copepod,species,NA,1,NA,NA,NA,18,NA,NA,NA,NA,NA,Pseudocalanus mimus,Calanoid copepod,2018_choked-pass_surface,choked pass,seagrass,2018-06-19,NA,2018,surface,1,edna_ch_i3_00,surface,biological,12.4,30.66,8.05,NA,NA,NA,7,1000,0,51.67529798,-128.1193259,sand,NA,NA,NA,seagrass,zostera,seagrass_sand,zostera_sand,100,7.1053799999999944e-155,303,Metazoa,Arthropoda,Copepoda,Calanoida,Clausocalanidae,Pseudocalanus,0,0,TRUE,ASV960,1,Pseudocalanus mimus
edna0007,ASV780,motu679,Aequorea,Crystal jelly species,genus,NA,1,NA,NA,NA,6,NA,NA,NA,NA,NA,Aequorea,Crystal jelly species,2018_choked-pass_surface,choked pass,seagrass,2018-06-19,NA,2018,surface,1,edna_ch_i3_00,surface,biological,12.4,30.66,8.05,NA,NA,NA,7,1000,0,51.67529798,-128.1193259,sand,NA,NA,NA,seagrass,zostera,seagrass_sand,zostera_sand,100,1.4886099999999998e-156,306,Metazoa,Cnidaria,Hydrozoa,Leptothecata,Aequoreidae,Aequorea,0,0,TRUE,ASV780,4,NA
edna0007,ASV1546,motu1303,Chaetognatha,Arrow worm,phylum,NA,1,NA,NA,NA,12,NA,NA,NA,NA,NA,Chaetognatha,Arrow worm,2018_choked-pass_surface,choked pass,seagrass,2018-06-19,NA,2018,surface,1,edna_ch_i3_00,surface,biological,12.4,30.66,8.05,NA,NA,NA,7,1000,0,51.67529798,-128.1193259,sand,NA,NA,NA,seagrass,zostera,seagrass_sand,zostera_sand,95.02,1.63074e-81,171,Metazoa,Chaetognatha,NA,NA,NA,NA,0,0,TRUE,ASV1546,2,NA
edna0007,ASV1367,motu1153,Cyanea,Lions mane jellyfish species,genus,NA,1,NA,NA,NA,4,NA,NA,NA,NA,NA,Cyanea,Lions mane jellyfish species,2018_choked-pass_surface,choked pass,seagrass,2018-06-19,NA,2018,surface,1,edna_ch_i3_00,surface,biological,12.4,30.66,8.05,NA,NA,NA,7,1000,0,51.67529798,-128.1193259,sand,NA,NA,NA,seagrass,zostera,seagrass_sand,zostera_sand,100,3.2351099999999996e-158,309,Metazoa,Cnidaria,Scyphozoa,Semaeostomeae,Cyaneidae,Cyanea,0,0,TRUE,ASV1367,2,NA
edna0007,ASV1748,motu1459,Chaetognatha,Arrow worm,phylum,NA,1,NA,NA,NA,14,NA,NA,NA,NA,NA,Chaetognatha,Arrow worm,2018_choked-pass_surface,choked pass,seagrass,2018-06-19,NA,2018,surface,1,edna_ch_i3_00,surface,biological,12.4,30.66,8.05,NA,NA,NA,7,1000,0,51.67529798,-128.1193259,sand,NA,NA,NA,seagrass,zostera,seagrass_sand,zostera_sand,95.02,1.63074e-81,171,Metazoa,Chaetognatha,NA,NA,NA,NA,0,0,TRUE,ASV1748,1,NA
edna0007,ASV5299,motu303,Pseudocalanus mimus,Calanoid copepod,species,NA,1,NA,NA,NA,1,NA,NA,NA,NA,NA,Pseudocalanus mimus,Calanoid copepod,2018_choked-pass_surface,choked pass,seagrass,2018-06-19,NA,2018,surface,1,edna_ch_i3_00,surface,biological,12.4,30.66,8.05,NA,NA,NA,7,1000,0,51.67529798,-128.1193259,sand,NA,NA,NA,seagrass,zostera,seagrass_sand,zostera_sand,99.34,4.27634e-152,298,Metazoa,Arthropoda,Copepoda,Calanoida,Clausocalanidae,Pseudocalanus,0,0,TRUE,ASV343,11,Pseudocalanus mimus
edna0013,ASV233,motu74,Euchlanidae,Rotifer,family,NA,1,NA,NA,NA,35,NA,NA,NA,NA,NA,No Results,No Results,2018_pruth-bay_surface,pruth bay,seagrass,2018-06-19,NA,2018,surface,1,edna_pr_i3_00,surface,biological,14.7,27.8,8.23,NA,NA,NA,2.9,1000,0,51.64585977,-128.1195476,sand,NA,NA,NA,seagrass,zostera,seagrass_sand,zostera_sand,91.35,3.005919999999998e-29,77,Metazoa,Rotifera,Rotifera,Ploima,Euchlanidae,NA,1,NA,TRUE,ASV84,2,NA
edna0013,ASV452,motu183,Euchlanidae,Rotifer,family,NA,1,NA,NA,NA,31,NA,NA,NA,NA,NA,No Results,No Results,2018_pruth-bay_surface,pruth bay,seagrass,2018-06-19,NA,2018,surface,1,edna_pr_i3_00,surface,biological,14.7,27.8,8.23,NA,NA,NA,2.9,1000,0,51.64585977,-128.1195476,sand,NA,NA,NA,seagrass,zostera,seagrass_sand,zostera_sand,91.35,3.005919999999998e-29,77,Metazoa,Rotifera,Rotifera,Ploima,Euchlanidae,NA,1,NA,TRUE,ASV208,2,NA
edna0013,ASV580,motu150,Pseudocalanus mimus,Calanoid copepod,species,NA,1,1,NA,NA,193,86,NA,NA,NA,NA,Pseudocalanus mimus,Calanoid copepod,2018_pruth-bay_surface,pruth bay,seagrass,2018-06-19,NA,2018,surface,1,edna_pr_i3_00,surface,biological,14.7,27.8,8.23,NA,NA,NA,2.9,1000,0,51.64585977,-128.1195476,sand,NA,NA,NA,seagrass,zostera,seagrass_sand,zostera_sand,99.67,9.19139e-154,301,Metazoa,Arthropoda,Copepoda,Calanoida,Clausocalanidae,Pseudocalanus,0,0,TRUE,ASV171,10,Pseudocalanus mimus
edna0013,ASV320,motu281,Pseudocalanus newmani,Calanoid copepod,species,NA,1,1,1,NA,274,83,397,224,NA,191,Pseudocalanus newmani,Calanoid copepod,2018_pruth-bay_surface,pruth bay,seagrass,2018-06-19,NA,2018,surface,1,edna_pr_i3_00,surface,biological,14.7,27.8,8.23,NA,NA,NA,2.9,1000,0,51.64585977,-128.1195476,sand,NA,NA,NA,seagrass,zostera,seagrass_sand,zostera_sand,100,1.96163e-160,313,Metazoa,Arthropoda,Copepoda,Calanoida,Clausocalanidae,Pseudocalanus,0,0,TRUE,ASV320,6,Pseudocalanus newmani
edna0013,ASV772,motu672,Parastenocarididae,Harpacticoid copepod,family,NA,1,1,NA,NA,16,16,NA,NA,NA,NA,Parastenocarididae,Harpacticoid copepod,2018_pruth-bay_surface,pruth bay,seagrass,2018-06-19,NA,2018,surface,1,edna_pr_i3_00,surface,biological,14.7,27.8,8.23,NA,NA,NA,2.9,1000,0,51.64585977,-128.1195476,sand,NA,NA,NA,seagrass,zostera,seagrass_sand,zostera_sand,94.59,0.00408744,30,Metazoa,Arthropoda,Arthropoda,Harpacticoida,Parastenocarididae,NA,1,0,TRUE,ASV772,1,NA
edna0013,ASV1154,motu989,Eupolymnia heterobranchia,Brown intertidal spaghetti worm,species,NA,1,NA,NA,NA,44,NA,NA,NA,NA,NA,Eupolymnia heterobranchia,Brown intertidal spaghetti worm,2018_pruth-bay_surface,pruth bay,seagrass,2018-06-19,NA,2018,surface,1,edna_pr_i3_00,surface,biological,14.7,27.8,8.23,NA,NA,NA,2.9,1000,0,51.64585977,-128.1195476,sand,NA,NA,NA,seagrass,zostera,seagrass_sand,zostera_sand,100,1.4886099999999998e-156,306,Metazoa,Annelida,Polychaeta,Terebellida,Terebellidae,Eupolymnia,0,0,TRUE,ASV1154,3,Eupolymnia heterobranchia
edna0013,ASV2773,motu2242,Diplostomida,Flatworm,order,NA,1,1,1,NA,5,4,2,NA,NA,3,Diplostomida,Flatworm,2018_pruth-bay_surface,pruth bay,seagrass,2018-06-19,NA,2018,surface,1,edna_pr_i3_00,surface,biological,14.7,27.8,8.23,NA,NA,NA,2.9,1000,0,51.64585977,-128.1195476,sand,NA,NA,NA,seagrass,zostera,seagrass_sand,zostera_sand,96.88,0.0144888,29,Metazoa,Platyhelminthes,Platyhelminthes,Diplostomida,NA,NA,0,0,TRUE,ASV2773,1,NA
edna0013,ASV4067,motu366,Pseudocalanus mimus,Calanoid copepod,species,NA,1,NA,NA,NA,68,NA,NA,NA,NA,NA,Pseudocalanus mimus,Calanoid copepod,2018_pruth-bay_surface,pruth bay,seagrass,2018-06-19,NA,2018,surface,1,edna_pr_i3_00,surface,biological,14.7,27.8,8.23,NA,NA,NA,2.9,1000,0,51.64585977,-128.1195476,sand,NA,NA,NA,seagrass,zostera,seagrass_sand,zostera_sand,99.67,5.531789999999998e-151,296,Metazoa,Arthropoda,Copepoda,Calanoida,Clausocalanidae,Pseudocalanus,0,0,TRUE,ASV416,7,Pseudocalanus mimus
edna0013,ASV6527,motu5055,Talitridae,Amphipod,family,NA,1,NA,NA,NA,3,NA,NA,NA,NA,NA,Talitridae,Amphipod,2018_pruth-bay_surface,pruth bay,seagrass,2018-06-19,NA,2018,surface,1,edna_pr_i3_00,surface,biological,14.7,27.8,8.23,NA,NA,NA,2.9,1000,0,51.64585977,-128.1195476,sand,NA,NA,NA,seagrass,zostera,seagrass_sand,zostera_sand,90.28,8.83636e-15,51,Metazoa,Arthropoda,Arthropoda,Amphipoda,Talitridae,NA,0,1,TRUE,ASV6527,1,NA
edna0013,ASV7554,motu5920,Platypezoidea,Hexapod,family,NA,1,NA,NA,NA,3,NA,NA,NA,NA,NA,Platypezoidea,Hexapod,2018_pruth-bay_surface,pruth bay,seagrass,2018-06-19,NA,2018,surface,1,edna_pr_i3_00,surface,biological,14.7,27.8,8.23,NA,NA,NA,2.9,1000,0,51.64585977,-128.1195476,sand,NA,NA,NA,seagrass,zostera,seagrass_sand,zostera_sand,90.6,3.99645e-33,84,Metazoa,Arthropoda,Arthropoda,Diptera,Platypezoidea,NA,NA,NA,TRUE,ASV7554,1,NA
edna0006,ASV580,motu150,Pseudocalanus mimus,Calanoid copepod,species,NA,1,1,NA,NA,54,32,NA,NA,NA,NA,Pseudocalanus mimus,Calanoid copepod,2018_koeye-estuary_depth,koeye estuary,seagrass,2018-06-19,NA,2018,depth,3,edna_ko_e3_30,depth,biological,16.1,14.74,8.12,NA,NA,NA,2.5,1000,0,51.77929649,-127.871914,sand,NA,NA,NA,seagrass,zostera,seagrass_sand,zostera_sand,99.67,9.19139e-154,301,Metazoa,Arthropoda,Copepoda,Calanoida,Clausocalanidae,Pseudocalanus,0,0,TRUE,ASV171,10,Pseudocalanus mimus
edna0006,ASV1228,motu71,Acartia (Acartiura) longiremis,Calanoid copepod,species,NA,1,NA,NA,NA,44,NA,NA,NA,NA,NA,Acartia (Acartiura) longiremis,Calanoid copepod,2018_koeye-estuary_depth,koeye estuary,seagrass,2018-06-19,NA,2018,depth,3,edna_ko_e3_30,depth,biological,16.1,14.74,8.12,NA,NA,NA,2.5,1000,0,51.77929649,-127.871914,sand,NA,NA,NA,seagrass,zostera,seagrass_sand,zostera_sand,99.68,9.126599999999999e-159,310,Metazoa,Arthropoda,Copepoda,Calanoida,Acartiidae,Acartia,0,0,TRUE,ASV81,23,Acartia (Acartiura) longiremis
edna0006,ASV1289,motu1091,Chthamalus dalli,Little brown barnacle,species,NA,1,NA,NA,NA,8,NA,NA,NA,NA,NA,Chthamalus dalli,Little brown barnacle,2018_koeye-estuary_depth,koeye estuary,seagrass,2018-06-19,NA,2018,depth,3,edna_ko_e3_30,depth,biological,16.1,14.74,8.12,NA,NA,NA,2.5,1000,0,51.77929649,-127.871914,sand,NA,NA,NA,seagrass,zostera,seagrass_sand,zostera_sand,99.34,5.31212e-151,296,Metazoa,Arthropoda,Thecostraca,Balanomorpha,Chthamalidae,Chthamalus,0,0,TRUE,ASV1289,3,Chthamalus dalli
edna0006,ASV814,motu709,Chthamalus dalli,Little brown barnacle,species,NA,1,NA,NA,NA,15,NA,NA,NA,NA,NA,Chthamalus dalli,Little brown barnacle,2018_koeye-estuary_depth,koeye estuary,seagrass,2018-06-19,NA,2018,depth,3,edna_ko_e3_30,depth,biological,16.1,14.74,8.12,NA,NA,NA,2.5,1000,0,51.77929649,-127.871914,sand,NA,NA,NA,seagrass,zostera,seagrass_sand,zostera_sand,99.34,5.31212e-151,296,Metazoa,Arthropoda,Thecostraca,Balanomorpha,Chthamalidae,Chthamalus,0,0,TRUE,ASV814,5,Chthamalus dalli
edna0006,ASV1040,motu897,Oithona similis,Cyclopoid copepod,species,NA,1,NA,NA,NA,5,NA,NA,NA,NA,NA,Oithona similis,Cyclopoid copepod,2018_koeye-estuary_depth,koeye estuary,seagrass,2018-06-19,NA,2018,depth,3,edna_ko_e3_30,depth,biological,16.1,14.74,8.12,NA,NA,NA,2.5,1000,0,51.77929649,-127.871914,sand,NA,NA,NA,seagrass,zostera,seagrass_sand,zostera_sand,96.17,2.0179399999999996e-140,277,Metazoa,Arthropoda,Copepoda,Cyclopoida,Oithonidae,Oithona,0,0,TRUE,ASV1040,1,Oithona similis
edna0008,ASV131,motu117,Lensia,Siphonophore,genus,NA,1,NA,NA,NA,6,NA,NA,NA,NA,NA,Lensia,Siphonophore,2018_choked-pass_surface,choked pass,seagrass,2018-06-19,NA,2018,surface,2,edna_ch_i3_15,surface,biological,12.3,30.69,8.08,NA,NA,NA,7,1000,0,51.67531843,-128.1195572,sand,NA,NA,NA,seagrass,zostera,seagrass_sand,zostera_sand,100,0.00408744,30,Metazoa,Cnidaria,Cnidaria,Siphonophorae,Diphyidae,Lensia,0,0,TRUE,ASV131,2,NA
edna0008,ASV580,motu150,Pseudocalanus mimus,Calanoid copepod,species,NA,1,NA,NA,NA,33,NA,NA,NA,NA,NA,Pseudocalanus mimus,Calanoid copepod,2018_choked-pass_surface,choked pass,seagrass,2018-06-19,NA,2018,surface,2,edna_ch_i3_15,surface,biological,12.3,30.69,8.08,NA,NA,NA,7,1000,0,51.67531843,-128.1195572,sand,NA,NA,NA,seagrass,zostera,seagrass_sand,zostera_sand,99.67,9.19139e-154,301,Metazoa,Arthropoda,Copepoda,Calanoida,Clausocalanidae,Pseudocalanus,0,0,TRUE,ASV171,10,Pseudocalanus mimus
edna0008,ASV1196,motu537,Mitrocoma cellularia,Cross jelly,species,NA,1,NA,NA,NA,3,NA,NA,NA,NA,NA,Mitrocoma cellularia,Cross jelly,2018_choked-pass_surface,choked pass,seagrass,2018-06-19,NA,2018,surface,2,edna_ch_i3_15,surface,biological,12.3,30.69,8.08,NA,NA,NA,7,1000,0,51.67531843,-128.1195572,sand,NA,NA,NA,seagrass,zostera,seagrass_sand,zostera_sand,99.67,6.925819999999995e-155,303,Metazoa,Cnidaria,Hydrozoa,Leptothecata,Mitrocomidae,Mitrocoma,0,0,TRUE,ASV616,6,Mitrocoma cellularia
edna0008,ASV1187,motu1015,Balanus,Barnacle species,genus,NA,1,NA,NA,NA,3,NA,NA,NA,NA,NA,Balanus,Barnacle species,2018_choked-pass_surface,choked pass,seagrass,2018-06-19,NA,2018,surface,2,edna_ch_i3_15,surface,biological,12.3,30.69,8.08,NA,NA,NA,7,1000,0,51.67531843,-128.1195572,sand,NA,NA,NA,seagrass,zostera,seagrass_sand,zostera_sand,100,1.4886099999999998e-156,306,Metazoa,Arthropoda,Arthropoda,Balanomorpha,Balanidae,Balanus,0,0,TRUE,ASV1187,5,NA
edna0008,ASV1342,motu1135,Acartia (Acartiura) longiremis,Calanoid copepod,species,NA,1,NA,1,NA,103,NA,226,189,NA,237,Acartia (Acartiura) longiremis,Calanoid copepod,2018_choked-pass_surface,choked pass,seagrass,2018-06-19,NA,2018,surface,2,edna_ch_i3_15,surface,biological,12.3,30.69,8.08,NA,NA,NA,7,1000,0,51.67531843,-128.1195572,sand,NA,NA,NA,seagrass,zostera,seagrass_sand,zostera_sand,99.36,4.246189999999999e-157,307,Metazoa,Arthropoda,Copepoda,Calanoida,Acartiidae,Acartia,0,0,TRUE,ASV1342,1,Acartia (Acartiura) longiremis
edna0008,ASV1319,motu1116,Clytia gregaria,Gregarious jellyfish,species,NA,1,NA,NA,NA,68,NA,NA,NA,NA,NA,Clytia gregaria,Gregarious jellyfish,2018_choked-pass_surface,choked pass,seagrass,2018-06-19,NA,2018,surface,2,edna_ch_i3_15,surface,biological,12.3,30.69,8.08,NA,NA,NA,7,1000,0,51.67531843,-128.1195572,sand,NA,NA,NA,seagrass,zostera,seagrass_sand,zostera_sand,99.67,6.925819999999995e-155,303,Metazoa,Cnidaria,Hydrozoa,Leptothecata,Campanulariidae,Clytia,0,0,TRUE,ASV1319,3,Clytia gregaria
edna0008,ASV3570,motu944,Dodecaceria,Cirratulid polychaete,genus,NA,1,NA,NA,NA,3,NA,NA,NA,NA,NA,Dodecaceria,Cirratulid polychaete,2018_choked-pass_surface,choked pass,seagrass,2018-06-19,NA,2018,surface,2,edna_ch_i3_15,surface,biological,12.3,30.69,8.08,NA,NA,NA,7,1000,0,51.67531843,-128.1195572,sand,NA,NA,NA,seagrass,zostera,seagrass_sand,zostera_sand,100,2.51921e-159,311,Metazoa,Annelida,Polychaeta,Terebellida,Cirratulidae,Dodecaceria,0,0,TRUE,ASV1097,6,NA
edna0008,ASV6244,motu4817,Blattidae,Hexapod,family,NA,1,NA,NA,NA,3,NA,NA,NA,NA,NA,Blattidae,Hexapod,2018_choked-pass_surface,choked pass,seagrass,2018-06-19,NA,2018,surface,2,edna_ch_i3_15,surface,biological,12.3,30.69,8.08,NA,NA,NA,7,1000,0,51.67531843,-128.1195572,sand,NA,NA,NA,seagrass,zostera,seagrass_sand,zostera_sand,93.06,4.08218e-18,57,Metazoa,Arthropoda,Arthropoda,Dictyoptera,Blattidae,NA,NA,NA,TRUE,ASV6244,1,NA
edna0009,ASV1062,motu914,Chone magna,Feather duster worm,species,NA,1,NA,NA,NA,2,NA,NA,NA,NA,NA,Chone magna,Feather duster worm,2018_choked-pass_surface,choked pass,seagrass,2018-06-19,NA,2018,surface,3,edna_ch_i3_30,surface,biological,12.3,30.72,8.07,NA,NA,NA,7.1,1000,0,51.67533222,-128.1197834,sand,NA,NA,NA,seagrass,zostera,seagrass_sand,zostera_sand,100,1.96163e-160,313,Metazoa,Annelida,Polychaeta,Sabellida,Sabellidae,Chone,0,0,TRUE,ASV1062,2,Chone magna
edna0009,ASV1502,motu1269,Oithona similis,Cyclopoid copepod,species,NA,1,NA,NA,NA,5,NA,NA,NA,NA,NA,Oithona similis,Cyclopoid copepod,2018_choked-pass_surface,choked pass,seagrass,2018-06-19,NA,2018,surface,3,edna_ch_i3_30,surface,biological,12.3,30.72,8.07,NA,NA,NA,7.1,1000,0,51.67533222,-128.1197834,sand,NA,NA,NA,seagrass,zostera,seagrass_sand,zostera_sand,96.17,2.0179399999999996e-140,277,Metazoa,Arthropoda,Copepoda,Cyclopoida,Oithonidae,Oithona,0,0,TRUE,ASV1502,1,Oithona similis
edna0009,ASV2758,motu303,Pseudocalanus mimus,Calanoid copepod,species,NA,1,NA,NA,NA,37,NA,NA,NA,NA,NA,Pseudocalanus mimus,Calanoid copepod,2018_choked-pass_surface,choked pass,seagrass,2018-06-19,NA,2018,surface,3,edna_ch_i3_30,surface,biological,12.3,30.72,8.07,NA,NA,NA,7.1,1000,0,51.67533222,-128.1197834,sand,NA,NA,NA,seagrass,zostera,seagrass_sand,zostera_sand,100,1.18898e-152,299,Metazoa,Arthropoda,Copepoda,Calanoida,Clausocalanidae,Pseudocalanus,0,0,TRUE,ASV343,11,Pseudocalanus mimus
edna0009,ASV2570,motu303,Pseudocalanus mimus,Calanoid copepod,species,NA,1,NA,NA,NA,11,NA,NA,NA,NA,NA,Pseudocalanus mimus,Calanoid copepod,2018_choked-pass_surface,choked pass,seagrass,2018-06-19,NA,2018,surface,3,edna_ch_i3_30,surface,biological,12.3,30.72,8.07,NA,NA,NA,7.1,1000,0,51.67533222,-128.1197834,sand,NA,NA,NA,seagrass,zostera,seagrass_sand,zostera_sand,100,4.27634e-152,298,Metazoa,Arthropoda,Copepoda,Calanoida,Clausocalanidae,Pseudocalanus,0,0,TRUE,ASV343,11,Pseudocalanus mimus
edna0009,ASV1728,motu1165,Pseudocalanus mimus,Calanoid copepod,species,NA,1,NA,1,NA,38,NA,NA,47,NA,111,Pseudocalanus mimus,Calanoid copepod,2018_choked-pass_surface,choked pass,seagrass,2018-06-19,NA,2018,surface,3,edna_ch_i3_30,surface,biological,12.3,30.72,8.07,NA,NA,NA,7.1,1000,0,51.67533222,-128.1197834,sand,NA,NA,NA,seagrass,zostera,seagrass_sand,zostera_sand,100,1.18898e-152,299,Metazoa,Arthropoda,Copepoda,Calanoida,Clausocalanidae,Pseudocalanus,0,0,TRUE,ASV1381,2,Pseudocalanus mimus
edna0009,ASV3833,motu71,Acartia (Acartiura) longiremis,Calanoid copepod,species,NA,1,NA,NA,NA,80,NA,NA,NA,NA,NA,Acartia (Acartiura) longiremis,Calanoid copepod,2018_choked-pass_surface,choked pass,seagrass,2018-06-19,NA,2018,surface,3,edna_ch_i3_30,surface,biological,12.3,30.72,8.07,NA,NA,NA,7.1,1000,0,51.67533222,-128.1197834,sand,NA,NA,NA,seagrass,zostera,seagrass_sand,zostera_sand,99.68,9.126599999999999e-159,310,Metazoa,Arthropoda,Copepoda,Calanoida,Acartiidae,Acartia,0,0,TRUE,ASV81,23,Acartia (Acartiura) longiremis
edna0009,ASV2699,motu22,Acartia (Acartiura) longiremis,Calanoid copepod,species,NA,1,NA,1,NA,70,NA,NA,NA,NA,116,Acartia (Acartiura) longiremis,Calanoid copepod,2018_choked-pass_surface,choked pass,seagrass,2018-06-19,NA,2018,surface,3,edna_ch_i3_30,surface,biological,12.3,30.72,8.07,NA,NA,NA,7.1,1000,0,51.67533222,-128.1197834,sand,NA,NA,NA,seagrass,zostera,seagrass_sand,zostera_sand,99.68,9.126599999999999e-159,310,Metazoa,Arthropoda,Copepoda,Calanoida,Acartiidae,Acartia,0,0,TRUE,ASV25,27,Acartia (Acartiura) longiremis
edna0011,ASV1187,motu1015,Balanus,Barnacle species,genus,NA,1,NA,NA,NA,68,NA,NA,NA,NA,NA,Balanus,Barnacle species,2018_choked-pass_depth,choked pass,seagrass,2018-06-19,NA,2018,depth,2,edna_ch_i3_15,depth,biological,12.1,30.77,8.08,NA,NA,NA,7,1000,0,51.67531843,-128.1195572,sand,NA,NA,NA,seagrass,zostera,seagrass_sand,zostera_sand,100,1.4886099999999998e-156,306,Metazoa,Arthropoda,Arthropoda,Balanomorpha,Balanidae,Balanus,0,0,TRUE,ASV1187,5,NA
edna0011,ASV1957,motu1626,Balanus nubilus,Giant acorn barnacle,species,NA,1,NA,NA,NA,84,NA,NA,NA,NA,NA,Balanus nubilus,Giant acorn barnacle,2018_choked-pass_depth,choked pass,seagrass,2018-06-19,NA,2018,depth,2,edna_ch_i3_15,depth,biological,12.1,30.77,8.08,NA,NA,NA,7,1000,0,51.67531843,-128.1195572,sand,NA,NA,NA,seagrass,zostera,seagrass_sand,zostera_sand,99.68,9.126599999999999e-159,310,Metazoa,Arthropoda,Thecostraca,Balanomorpha,Balanidae,Balanus,0,0,TRUE,ASV1957,3,Balanus nubilus
edna0011,ASV1382,motu1166,Balanus nubilus,Giant acorn barnacle,species,NA,1,NA,1,NA,56,NA,99,122,NA,NA,Balanus nubilus,Giant acorn barnacle,2018_choked-pass_depth,choked pass,seagrass,2018-06-19,NA,2018,depth,2,edna_ch_i3_15,depth,biological,12.1,30.77,8.08,NA,NA,NA,7,1000,0,51.67531843,-128.1195572,sand,NA,NA,NA,seagrass,zostera,seagrass_sand,zostera_sand,99.68,9.126599999999999e-159,310,Metazoa,Arthropoda,Thecostraca,Balanomorpha,Balanidae,Balanus,0,0,TRUE,ASV1382,4,Balanus nubilus
edna0011,ASV1874,motu517,Balanus,Barnacle species,genus,NA,1,NA,1,NA,40,NA,137,87,NA,143,Balanus,Barnacle species,2018_choked-pass_depth,choked pass,seagrass,2018-06-19,NA,2018,depth,2,edna_ch_i3_15,depth,biological,12.1,30.77,8.08,NA,NA,NA,7,1000,0,51.67531843,-128.1195572,sand,NA,NA,NA,seagrass,zostera,seagrass_sand,zostera_sand,99.67,6.925819999999995e-155,303,Metazoa,Arthropoda,Arthropoda,Balanomorpha,Balanidae,Balanus,0,0,TRUE,ASV587,10,NA
edna0011,ASV5373,motu303,Pseudocalanus mimus,Calanoid copepod,species,NA,1,NA,NA,NA,29,NA,NA,NA,NA,NA,Pseudocalanus mimus,Calanoid copepod,2018_choked-pass_depth,choked pass,seagrass,2018-06-19,NA,2018,depth,2,edna_ch_i3_15,depth,biological,12.1,30.77,8.08,NA,NA,NA,7,1000,0,51.67531843,-128.1195572,sand,NA,NA,NA,seagrass,zostera,seagrass_sand,zostera_sand,99.34,4.27634e-152,298,Metazoa,Arthropoda,Copepoda,Calanoida,Clausocalanidae,Pseudocalanus,0,0,TRUE,ASV343,11,Pseudocalanus mimus
edna0011,ASV2546,motu517,Balanus,Barnacle species,genus,NA,1,NA,1,NA,19,NA,89,NA,NA,103,Balanus,Barnacle species,2018_choked-pass_depth,choked pass,seagrass,2018-06-19,NA,2018,depth,2,edna_ch_i3_15,depth,biological,12.1,30.77,8.08,NA,NA,NA,7,1000,0,51.67531843,-128.1195572,sand,NA,NA,NA,seagrass,zostera,seagrass_sand,zostera_sand,99.67,6.925819999999995e-155,303,Metazoa,Arthropoda,Arthropoda,Balanomorpha,Balanidae,Balanus,0,0,TRUE,ASV587,10,NA
edna0011,ASV2654,motu517,Balanus,Barnacle species,genus,NA,1,NA,1,NA,16,NA,63,41,NA,74,Balanus,Barnacle species,2018_choked-pass_depth,choked pass,seagrass,2018-06-19,NA,2018,depth,2,edna_ch_i3_15,depth,biological,12.1,30.77,8.08,NA,NA,NA,7,1000,0,51.67531843,-128.1195572,sand,NA,NA,NA,seagrass,zostera,seagrass_sand,zostera_sand,99.67,6.925819999999995e-155,303,Metazoa,Arthropoda,Arthropoda,Balanomorpha,Balanidae,Balanus,0,0,TRUE,ASV587,10,NA
edna0011,ASV6876,motu5349,Nutricola tantilla,Purple dwarf-venus,species,NA,1,NA,NA,NA,2,NA,NA,NA,NA,NA,Nutricola tantilla,Purple dwarf-venus,2018_choked-pass_depth,choked pass,seagrass,2018-06-19,NA,2018,depth,2,edna_ch_i3_15,depth,biological,12.1,30.77,8.08,NA,NA,NA,7,1000,0,51.67531843,-128.1195572,sand,NA,NA,NA,seagrass,zostera,seagrass_sand,zostera_sand,93.59,1.6255099999999998e-126,252,Metazoa,Mollusca,Bivalvia,Venerida,Veneridae,Nutricola,0,0,TRUE,ASV6876,1,Nutricola tantilla
edna0012,ASV365,motu31,Centropages abdominalis,Calanoid copepod,species,NA,1,1,1,NA,94,63,332,307,NA,329,Centropages abdominalis,Calanoid copepod,2018_choked-pass_depth,choked pass,seagrass,2018-06-19,NA,2018,depth,3,edna_ch_i3_30,depth,biological,12.1,30.76,8.08,NA,NA,NA,7.1,1000,0,51.67533222,-128.1197834,sand,NA,NA,NA,seagrass,zostera,seagrass_sand,zostera_sand,99.68,9.126599999999999e-159,310,Metazoa,Arthropoda,Copepoda,Calanoida,Centropagidae,Centropages,0,0,TRUE,ASV34,19,Centropages abdominalis
edna0012,ASV1187,motu1015,Balanus,Barnacle species,genus,NA,1,NA,NA,NA,11,NA,NA,NA,NA,NA,Balanus,Barnacle species,2018_choked-pass_depth,choked pass,seagrass,2018-06-19,NA,2018,depth,3,edna_ch_i3_30,depth,biological,12.1,30.76,8.08,NA,NA,NA,7.1,1000,0,51.67533222,-128.1197834,sand,NA,NA,NA,seagrass,zostera,seagrass_sand,zostera_sand,100,1.4886099999999998e-156,306,Metazoa,Arthropoda,Arthropoda,Balanomorpha,Balanidae,Balanus,0,0,TRUE,ASV1187,5,NA
edna0012,ASV1732,motu1446,Polycirrus,Sphagetti worm,genus,NA,1,NA,NA,NA,2,NA,NA,NA,NA,NA,Polycirrus,Sphagetti worm,2018_choked-pass_depth,choked pass,seagrass,2018-06-19,NA,2018,depth,3,edna_ch_i3_30,depth,biological,12.1,30.76,8.08,NA,NA,NA,7.1,1000,0,51.67533222,-128.1197834,sand,NA,NA,NA,seagrass,zostera,seagrass_sand,zostera_sand,100,1.96163e-160,313,Metazoa,Annelida,Polychaeta,Terebellida,Terebellidae,Polycirrus,0,0,TRUE,ASV1732,2,NA
edna0012,ASV4567,motu796,Panopea generosa,Pacific geoduck,species,NA,1,NA,NA,NA,22,NA,NA,NA,NA,NA,Panopea generosa,Pacific geoduck,2018_choked-pass_depth,choked pass,seagrass,2018-06-19,NA,2018,depth,3,edna_ch_i3_30,depth,biological,12.1,30.76,8.08,NA,NA,NA,7.1,1000,0,51.67533222,-128.1197834,sand,NA,NA,NA,seagrass,zostera,seagrass_sand,zostera_sand,99.68,9.126599999999999e-159,310,Metazoa,Mollusca,Bivalvia,Adapedonta,Hiatellidae,Panopea,0,0,TRUE,ASV916,4,Panopea generosa
edna0014,ASV416,motu366,Pseudocalanus mimus,Calanoid copepod,species,NA,1,NA,1,NA,61,NA,NA,NA,NA,77,Pseudocalanus mimus,Calanoid copepod,2018_pruth-bay_surface,pruth bay,seagrass,2018-06-19,NA,2018,surface,2,edna_pr_i3_15,surface,biological,14.7,27.76,8.23,NA,NA,NA,3,1000,0,51.64592951,-128.1198341,sand,NA,NA,NA,seagrass,zostera,seagrass_sand,zostera_sand,100,1.18898e-152,299,Metazoa,Arthropoda,Copepoda,Calanoida,Clausocalanidae,Pseudocalanus,0,0,TRUE,ASV416,7,Pseudocalanus mimus
edna0014,ASV435,motu383,Pseudocalanus mimus,Calanoid copepod,species,NA,1,NA,1,NA,39,NA,98,87,NA,146,Pseudocalanus mimus,Calanoid copepod,2018_pruth-bay_surface,pruth bay,seagrass,2018-06-19,NA,2018,surface,2,edna_pr_i3_15,surface,biological,14.7,27.76,8.23,NA,NA,NA,3,1000,0,51.64592951,-128.1198341,sand,NA,NA,NA,seagrass,zostera,seagrass_sand,zostera_sand,99.67,9.19139e-154,301,Metazoa,Arthropoda,Copepoda,Calanoida,Clausocalanidae,Pseudocalanus,0,0,TRUE,ASV435,4,Pseudocalanus mimus
edna0014,ASV834,motu128,Centropages abdominalis,Calanoid copepod,species,NA,1,NA,NA,NA,39,NA,NA,NA,NA,NA,Centropages abdominalis,Calanoid copepod,2018_pruth-bay_surface,pruth bay,seagrass,2018-06-19,NA,2018,surface,2,edna_pr_i3_15,surface,biological,14.7,27.76,8.23,NA,NA,NA,3,1000,0,51.64592951,-128.1198341,sand,NA,NA,NA,seagrass,zostera,seagrass_sand,zostera_sand,99.68,9.126599999999999e-159,310,Metazoa,Arthropoda,Copepoda,Calanoida,Centropagidae,Centropages,0,0,TRUE,ASV143,11,Centropages abdominalis
edna0014,ASV365,motu31,Centropages abdominalis,Calanoid copepod,species,NA,1,1,1,NA,70,30,132,120,NA,149,Centropages abdominalis,Calanoid copepod,2018_pruth-bay_surface,pruth bay,seagrass,2018-06-19,NA,2018,surface,2,edna_pr_i3_15,surface,biological,14.7,27.76,8.23,NA,NA,NA,3,1000,0,51.64592951,-128.1198341,sand,NA,NA,NA,seagrass,zostera,seagrass_sand,zostera_sand,99.68,9.126599999999999e-159,310,Metazoa,Arthropoda,Copepoda,Calanoida,Centropagidae,Centropages,0,0,TRUE,ASV34,19,Centropages abdominalis
edna0014,ASV2100,motu765,Alitta,Ragworm,genus,NA,1,NA,NA,NA,321,NA,NA,NA,NA,NA,BLAST failed,BLAST failed,2018_pruth-bay_surface,pruth bay,seagrass,2018-06-19,NA,2018,surface,2,edna_pr_i3_15,surface,biological,14.7,27.76,8.23,NA,NA,NA,3,1000,0,51.64592951,-128.1198341,sand,NA,NA,NA,seagrass,zostera,seagrass_sand,zostera_sand,99.68,9.126599999999999e-159,310,Metazoa,Annelida,Polychaeta,Phyllodocida,Nereididae,Alitta,0,0,TRUE,ASV881,2,NA
edna0014,ASV815,motu710,Alitta,Ragworm,genus,NA,1,1,1,NA,276,143,444,346,NA,593,Alitta,Ragworm,2018_pruth-bay_surface,pruth bay,seagrass,2018-06-19,NA,2018,surface,2,edna_pr_i3_15,surface,biological,14.7,27.76,8.23,NA,NA,NA,3,1000,0,51.64592951,-128.1198341,sand,NA,NA,NA,seagrass,zostera,seagrass_sand,zostera_sand,99.68,3.2706599999999985e-158,309,Metazoa,Annelida,Polychaeta,Phyllodocida,Nereididae,Alitta,0,0,TRUE,ASV815,2,NA
edna0014,ASV2296,motu1890,Insecta,Hexapod,class,NA,1,NA,NA,NA,9,NA,NA,NA,NA,NA,Insecta,Hexapod,2018_pruth-bay_surface,pruth bay,seagrass,2018-06-19,NA,2018,surface,2,edna_pr_i3_15,surface,biological,14.7,27.76,8.23,NA,NA,NA,3,1000,0,51.64592951,-128.1198341,sand,NA,NA,NA,seagrass,zostera,seagrass_sand,zostera_sand,90.91,1.07393e-43,103,Metazoa,Arthropoda,Arthropoda,NA,NA,NA,NA,NA,TRUE,ASV2296,3,NA
edna0014,ASV1796,motu31,Centropages abdominalis,Calanoid copepod,species,NA,1,1,1,NA,58,34,104,102,NA,149,Centropages abdominalis,Calanoid copepod,2018_pruth-bay_surface,pruth bay,seagrass,2018-06-19,NA,2018,surface,2,edna_pr_i3_15,surface,biological,14.7,27.76,8.23,NA,NA,NA,3,1000,0,51.64592951,-128.1198341,sand,NA,NA,NA,seagrass,zostera,seagrass_sand,zostera_sand,99.36,4.246189999999999e-157,307,Metazoa,Arthropoda,Copepoda,Calanoida,Centropagidae,Centropages,0,0,TRUE,ASV34,19,Centropages abdominalis
edna0014,ASV2869,motu2319,Aglaja ocelligera,Spotted Aglaga,species,NA,1,1,1,NA,18,12,42,25,NA,50,Aglaja ocelligera,Spotted Aglaga,2018_pruth-bay_surface,pruth bay,seagrass,2018-06-19,NA,2018,surface,2,edna_pr_i3_15,surface,biological,14.7,27.76,8.23,NA,NA,NA,3,1000,0,51.64592951,-128.1198341,sand,NA,NA,NA,seagrass,zostera,seagrass_sand,zostera_sand,99.36,4.246189999999999e-157,307,Metazoa,Mollusca,Gastropoda,Cephalaspidea,Aglajidae,Aglaja,0,0,TRUE,ASV2869,1,Aglaja ocelligera
edna0014,ASV2957,motu2385,Balanus glandula,Acorn barnacle,species,NA,1,NA,1,NA,18,NA,61,NA,NA,72,Balanus glandula,Acorn barnacle,2018_pruth-bay_surface,pruth bay,seagrass,2018-06-19,NA,2018,surface,2,edna_pr_i3_15,surface,biological,14.7,27.76,8.23,NA,NA,NA,3,1000,0,51.64592951,-128.1198341,sand,NA,NA,NA,seagrass,zostera,seagrass_sand,zostera_sand,99.35,7.002779999999996e-155,303,Metazoa,Arthropoda,Thecostraca,Balanomorpha,Balanidae,Balanus,0,0,TRUE,ASV2957,1,Balanus glandula
edna0014,ASV4262,motu3339,Aglaja ocelligera,Spotted Aglaga,species,NA,1,NA,1,NA,17,NA,42,NA,NA,NA,Aglaja ocelligera,Spotted Aglaga,2018_pruth-bay_surface,pruth bay,seagrass,2018-06-19,NA,2018,surface,2,edna_pr_i3_15,surface,biological,14.7,27.76,8.23,NA,NA,NA,3,1000,0,51.64592951,-128.1198341,sand,NA,NA,NA,seagrass,zostera,seagrass_sand,zostera_sand,98.72,9.19139e-154,301,Metazoa,Mollusca,Gastropoda,Cephalaspidea,Aglajidae,Aglaja,0,0,TRUE,ASV4262,1,Aglaja ocelligera
edna0015,ASV320,motu281,Pseudocalanus newmani,Calanoid copepod,species,NA,1,NA,1,NA,16,NA,NA,NA,NA,35,Pseudocalanus newmani,Calanoid copepod,2018_pruth-bay_surface,pruth bay,seagrass,2018-06-19,NA,2018,surface,3,edna_pr_i3_30,surface,biological,14.6,27.85,8.24,NA,NA,NA,3,1000,plus or minus 50mL,51.64596882,-128.1200866,sand,NA,NA,NA,seagrass,zostera,seagrass_sand,zostera_sand,100,1.96163e-160,313,Metazoa,Arthropoda,Copepoda,Calanoida,Clausocalanidae,Pseudocalanus,0,0,TRUE,ASV320,6,Pseudocalanus newmani
edna0015,ASV939,motu816,Ergasilida,Cyclopoid copepod,order,NA,1,1,NA,NA,13,6,NA,NA,NA,NA,Ergasilida,Cyclopoid copepod,2018_pruth-bay_surface,pruth bay,seagrass,2018-06-19,NA,2018,surface,3,edna_pr_i3_30,surface,biological,14.6,27.85,8.24,NA,NA,NA,3,1000,plus or minus 50mL,51.64596882,-128.1200866,sand,NA,NA,NA,seagrass,zostera,seagrass_sand,zostera_sand,100,1.96163e-160,313,Metazoa,Arthropoda,Copepoda,Cyclopoida,NA,NA,0,0,FALSE,ASV939,1,NA
edna0015,ASV2296,motu1890,Insecta,Hexapod,class,NA,1,NA,NA,NA,5,NA,NA,NA,NA,NA,Insecta,Hexapod,2018_pruth-bay_surface,pruth bay,seagrass,2018-06-19,NA,2018,surface,3,edna_pr_i3_30,surface,biological,14.6,27.85,8.24,NA,NA,NA,3,1000,plus or minus 50mL,51.64596882,-128.1200866,sand,NA,NA,NA,seagrass,zostera,seagrass_sand,zostera_sand,90.91,1.07393e-43,103,Metazoa,Arthropoda,Arthropoda,NA,NA,NA,NA,NA,TRUE,ASV2296,3,NA
edna0015,ASV2629,motu2134,Ergasilida,Cyclopoid copepod,order,NA,1,NA,NA,NA,14,NA,NA,NA,NA,NA,Ergasilida,Cyclopoid copepod,2018_pruth-bay_surface,pruth bay,seagrass,2018-06-19,NA,2018,surface,3,edna_pr_i3_30,surface,biological,14.6,27.85,8.24,NA,NA,NA,3,1000,plus or minus 50mL,51.64596882,-128.1200866,sand,NA,NA,NA,seagrass,zostera,seagrass_sand,zostera_sand,100,3.2351099999999996e-158,309,Metazoa,Arthropoda,Copepoda,Cyclopoida,NA,NA,0,0,FALSE,ASV2629,1,NA
edna0015,ASV2869,motu2319,Aglaja ocelligera,Spotted Aglaga,species,NA,1,1,1,NA,6,4,NA,NA,NA,5,Aglaja ocelligera,Spotted Aglaga,2018_pruth-bay_surface,pruth bay,seagrass,2018-06-19,NA,2018,surface,3,edna_pr_i3_30,surface,biological,14.6,27.85,8.24,NA,NA,NA,3,1000,plus or minus 50mL,51.64596882,-128.1200866,sand,NA,NA,NA,seagrass,zostera,seagrass_sand,zostera_sand,99.36,4.246189999999999e-157,307,Metazoa,Mollusca,Gastropoda,Cephalaspidea,Aglajidae,Aglaja,0,0,TRUE,ASV2869,1,Aglaja ocelligera
edna0022,ASV258,motu228,Lensia,Siphonophore,genus,NA,1,NA,NA,NA,7,NA,NA,NA,NA,NA,Lensia,Siphonophore,2018_chp_surface,chp,beach_seine,2018-07-12,2018-07-10,2018,surface,1,edna_chp_00,surface,biological,12,30.48,8.13,NA,NA,NA,3.5,1000,0,51.67615482,-128.1232837,sand,n,35,e,seagrass,zostera,seagrass_sand,zostera_sand,100,0.00408744,30,Metazoa,Cnidaria,Cnidaria,Siphonophorae,Diphyidae,Lensia,0,0,TRUE,ASV258,1,NA
edna0022,ASV307,motu118,Mesocentrotus franciscanus,Red sea urchin,species,NA,1,1,1,NA,27,11,70,NA,NA,NA,Mesocentrotus franciscanus,Red sea urchin,2018_chp_surface,chp,beach_seine,2018-07-12,2018-07-10,2018,surface,1,edna_chp_00,surface,biological,12,30.48,8.13,NA,NA,NA,3.5,1000,0,51.67615482,-128.1232837,sand,n,35,e,seagrass,zostera,seagrass_sand,zostera_sand,100,7.02982e-160,312,Metazoa,Echinodermata,Echinoidea,Camarodonta,Strongylocentrotidae,Mesocentrotus,0,0,TRUE,ASV132,8,Mesocentrotus franciscanus
edna0022,ASV171,motu150,Pseudocalanus mimus,Calanoid copepod,species,NA,1,NA,1,NA,64,NA,131,146,NA,117,Pseudocalanus mimus,Calanoid copepod,2018_chp_surface,chp,beach_seine,2018-07-12,2018-07-10,2018,surface,1,edna_chp_00,surface,biological,12,30.48,8.13,NA,NA,NA,3.5,1000,0,51.67615482,-128.1232837,sand,n,35,e,seagrass,zostera,seagrass_sand,zostera_sand,99.67,9.19139e-154,301,Metazoa,Arthropoda,Copepoda,Calanoida,Clausocalanidae,Pseudocalanus,0,0,TRUE,ASV171,10,Pseudocalanus mimus
edna0022,ASV233,motu74,Euchlanidae,Rotifer,family,NA,1,NA,1,NA,50,NA,47,NA,NA,NA,No Results,No Results,2018_chp_surface,chp,beach_seine,2018-07-12,2018-07-10,2018,surface,1,edna_chp_00,surface,biological,12,30.48,8.13,NA,NA,NA,3.5,1000,0,51.67615482,-128.1232837,sand,n,35,e,seagrass,zostera,seagrass_sand,zostera_sand,91.35,3.005919999999998e-29,77,Metazoa,Rotifera,Rotifera,Ploima,Euchlanidae,NA,1,NA,TRUE,ASV84,2,NA
edna0022,ASV605,motu529,Ophiopholis,Brittle star species,genus,NA,1,NA,NA,NA,63,NA,NA,NA,NA,NA,Ophiopholis kennerlyi,Daisy brittle star,2018_chp_surface,chp,beach_seine,2018-07-12,2018-07-10,2018,surface,1,edna_chp_00,surface,biological,12,30.48,8.13,NA,NA,NA,3.5,1000,0,51.67615482,-128.1232837,sand,n,35,e,seagrass,zostera,seagrass_sand,zostera_sand,100,1.96163e-160,313,Metazoa,Echinodermata,Echinodermata,Amphilepidida,Ophiopholidae,Ophiopholis,0,0,TRUE,ASV603,6,NA
edna0022,ASV613,motu536,Sabellariidae,Feather duster worm,family,NA,1,NA,1,NA,18,NA,NA,19,NA,NA,Sabellariidae,Feather duster worm,2018_chp_surface,chp,beach_seine,2018-07-12,2018-07-10,2018,surface,1,edna_chp_00,surface,biological,12,30.48,8.13,NA,NA,NA,3.5,1000,0,51.67615482,-128.1232837,sand,n,35,e,seagrass,zostera,seagrass_sand,zostera_sand,99.68,1.5051499999999994e-156,306,Metazoa,Annelida,Polychaeta,NA,Sabellariidae,NA,0,0,TRUE,ASV613,7,NA
edna0022,ASV674,motu334,Synchaeta pectinata,Rotifer,species,NA,1,NA,1,NA,7,NA,6,NA,NA,NA,Synchaeta pectinata,Rotifer,2018_chp_surface,chp,beach_seine,2018-07-12,2018-07-10,2018,surface,1,edna_chp_00,surface,biological,12,30.48,8.13,NA,NA,NA,3.5,1000,0,51.67615482,-128.1232837,sand,n,35,e,seagrass,zostera,seagrass_sand,zostera_sand,90.79,3.5361899999999996e-113,228,Metazoa,Rotifera,Eurotatoria,Ploima,Synchaetidae,Synchaeta,0,0,TRUE,ASV377,5,Synchaeta pectinata
edna0022,ASV695,motu605,Dodecaceria,Cirratulid polychaete,genus,NA,1,NA,NA,NA,8,NA,NA,NA,NA,NA,Dodecaceria,Cirratulid polychaete,2018_chp_surface,chp,beach_seine,2018-07-12,2018-07-10,2018,surface,1,edna_chp_00,surface,biological,12,30.48,8.13,NA,NA,NA,3.5,1000,0,51.67615482,-128.1232837,sand,n,35,e,seagrass,zostera,seagrass_sand,zostera_sand,100,1.96163e-160,313,Metazoa,Annelida,Polychaeta,Terebellida,Cirratulidae,Dodecaceria,0,0,TRUE,ASV695,1,NA
edna0022,ASV583,motu283,Dodecaceria,Cirratulid polychaete,genus,NA,1,NA,NA,NA,13,NA,NA,NA,NA,NA,Dodecaceria,Cirratulid polychaete,2018_chp_surface,chp,beach_seine,2018-07-12,2018-07-10,2018,surface,1,edna_chp_00,surface,biological,12,30.48,8.13,NA,NA,NA,3.5,1000,0,51.67615482,-128.1232837,sand,n,35,e,seagrass,zostera,seagrass_sand,zostera_sand,100,1.96163e-160,313,Metazoa,Annelida,Polychaeta,Terebellida,Cirratulidae,Dodecaceria,0,0,TRUE,ASV322,5,NA
edna0022,ASV1475,motu1246,Cyanea,Lions mane jellyfish species,genus,NA,1,NA,NA,NA,4,NA,NA,NA,NA,NA,Cyanea,Lions mane jellyfish species,2018_chp_surface,chp,beach_seine,2018-07-12,2018-07-10,2018,surface,1,edna_chp_00,surface,biological,12,30.48,8.13,NA,NA,NA,3.5,1000,0,51.67615482,-128.1232837,sand,n,35,e,seagrass,zostera,seagrass_sand,zostera_sand,100,3.2351099999999996e-158,309,Metazoa,Cnidaria,Scyphozoa,Semaeostomeae,Cyaneidae,Cyanea,0,0,TRUE,ASV1475,2,NA
edna0022,ASV1712,motu1430,Cistenides granulata,Trumpet worm,species,NA,1,NA,NA,NA,15,NA,NA,NA,NA,NA,Cistenides granulata,Trumpet worm,2018_chp_surface,chp,beach_seine,2018-07-12,2018-07-10,2018,surface,1,edna_chp_00,surface,biological,12,30.48,8.13,NA,NA,NA,3.5,1000,0,51.67615482,-128.1232837,sand,n,35,e,seagrass,zostera,seagrass_sand,zostera_sand,100,1.96163e-160,313,Metazoa,Annelida,Polychaeta,Terebellida,Pectinariidae,Pectinaria,0,0,TRUE,ASV1712,1,Cistenides granulata
edna0022,ASV1984,motu1645,Strongylocentrotus purpuratus,Purple sea urchin,species,NA,1,NA,NA,NA,60,NA,NA,NA,NA,NA,Strongylocentrotus purpuratus,Purple sea urchin,2018_chp_surface,chp,beach_seine,2018-07-12,2018-07-10,2018,surface,1,edna_chp_00,surface,biological,12,30.48,8.13,NA,NA,NA,3.5,1000,0,51.67615482,-128.1232837,sand,n,35,e,seagrass,zostera,seagrass_sand,zostera_sand,100,1.96163e-160,313,Metazoa,Echinodermata,Echinoidea,Camarodonta,Strongylocentrotidae,Strongylocentrotus,0,0,TRUE,ASV1984,1,Strongylocentrotus purpuratus
edna0022,ASV2518,motu2051,Chaetognatha,Arrow worm,phylum,NA,1,NA,NA,NA,11,NA,NA,NA,NA,NA,Chaetognatha,Arrow worm,2018_chp_surface,chp,beach_seine,2018-07-12,2018-07-10,2018,surface,1,edna_chp_00,surface,biological,12,30.48,8.13,NA,NA,NA,3.5,1000,0,51.67615482,-128.1232837,sand,n,35,e,seagrass,zostera,seagrass_sand,zostera_sand,96.52,1.6192399999999998e-86,180,Metazoa,Chaetognatha,NA,NA,NA,NA,0,0,TRUE,ASV2518,1,NA
edna0022,ASV2669,motu1590,Haliotis kamtschatkana,Northern abalone,species,NA,1,NA,NA,NA,117,NA,NA,NA,NA,NA,Haliotis kamtschatkana,Northern abalone,2018_chp_surface,chp,beach_seine,2018-07-12,2018-07-10,2018,surface,1,edna_chp_00,surface,biological,12,30.48,8.13,NA,NA,NA,3.5,1000,0,51.67615482,-128.1232837,sand,n,35,e,seagrass,zostera,seagrass_sand,zostera_sand,100,1.96163e-160,313,Metazoa,Mollusca,Mollusca,Lepetellida,Haliotidae,Haliotis,0,0,TRUE,ASV1911,6,Haliotis kamtschatkana
edna0022,ASV1729,motu1443,Paracalanus,Calanoid copepod,genus,NA,1,NA,1,NA,11,NA,NA,NA,NA,20,Paracalanus,Calanoid copepod,2018_chp_surface,chp,beach_seine,2018-07-12,2018-07-10,2018,surface,1,edna_chp_00,surface,biological,12,30.48,8.13,NA,NA,NA,3.5,1000,0,51.67615482,-128.1232837,sand,n,35,e,seagrass,zostera,seagrass_sand,zostera_sand,99.01,2.4714899999999987e-149,293,Metazoa,Arthropoda,Arthropoda,Calanoida,Paracalanidae,Paracalanus,0,0,TRUE,ASV1729,2,NA
edna0022,ASV1917,motu1595,Arthropoda,Unknown arthropod,phylum,NA,1,NA,1,NA,6,NA,NA,NA,NA,11,Arthropoda,Unknown arthropod,2018_chp_surface,chp,beach_seine,2018-07-12,2018-07-10,2018,surface,1,edna_chp_00,surface,biological,12,30.48,8.13,NA,NA,NA,3.5,1000,0,51.67615482,-128.1232837,sand,n,35,e,seagrass,zostera,seagrass_sand,zostera_sand,95,2.34566e-5,34,Metazoa,Arthropoda,NA,NA,NA,NA,NA,NA,TRUE,ASV1917,1,NA
edna0022,ASV1576,motu1328,Strongylocentrotus purpuratus,Purple sea urchin,species,NA,1,1,1,NA,35,14,65,NA,NA,74,Strongylocentrotus purpuratus,Purple sea urchin,2018_chp_surface,chp,beach_seine,2018-07-12,2018-07-10,2018,surface,1,edna_chp_00,surface,biological,12,30.48,8.13,NA,NA,NA,3.5,1000,0,51.67615482,-128.1232837,sand,n,35,e,seagrass,zostera,seagrass_sand,zostera_sand,100,1.96163e-160,313,Metazoa,Echinodermata,Echinoidea,Camarodonta,Strongylocentrotidae,Strongylocentrotus,0,0,TRUE,ASV1576,4,Strongylocentrotus purpuratus
edna0022,ASV2796,motu2259,Strongylocentrotus purpuratus,Purple sea urchin,species,NA,1,NA,NA,NA,32,NA,NA,NA,NA,NA,Strongylocentrotus purpuratus,Purple sea urchin,2018_chp_surface,chp,beach_seine,2018-07-12,2018-07-10,2018,surface,1,edna_chp_00,surface,biological,12,30.48,8.13,NA,NA,NA,3.5,1000,0,51.67615482,-128.1232837,sand,n,35,e,seagrass,zostera,seagrass_sand,zostera_sand,100,1.96163e-160,313,Metazoa,Echinodermata,Echinoidea,Camarodonta,Strongylocentrotidae,Strongylocentrotus,0,0,TRUE,ASV2796,2,Strongylocentrotus purpuratus
edna0022,ASV1570,motu1323,Pleurobrachia bachei,Pacific sea gooseberry,species,NA,1,1,1,NA,9,3,15,21,NA,30,Pleurobrachia bachei,Pacific sea gooseberry,2018_chp_surface,chp,beach_seine,2018-07-12,2018-07-10,2018,surface,1,edna_chp_00,surface,biological,12,30.48,8.13,NA,NA,NA,3.5,1000,0,51.67615482,-128.1232837,sand,n,35,e,seagrass,zostera,seagrass_sand,zostera_sand,99.68,9.126599999999999e-159,310,Metazoa,Ctenophora,Tentaculata,Cydippida,Cydippidae,Pleurobrachia,0,0,TRUE,ASV1570,1,Pleurobrachia bachei
edna0022,ASV2458,motu1104,Haliotis kamtschatkana,Northern abalone,species,NA,1,NA,1,NA,98,NA,NA,133,NA,NA,Haliotis kamtschatkana,Northern abalone,2018_chp_surface,chp,beach_seine,2018-07-12,2018-07-10,2018,surface,1,edna_chp_00,surface,biological,12,30.48,8.13,NA,NA,NA,3.5,1000,0,51.67615482,-128.1232837,sand,n,35,e,seagrass,zostera,seagrass_sand,zostera_sand,99.68,9.126599999999999e-159,310,Metazoa,Mollusca,Mollusca,Lepetellida,Haliotidae,Haliotis,0,0,TRUE,ASV1304,9,Haliotis kamtschatkana
edna0022,ASV3670,motu1590,Haliotis kamtschatkana,Northern abalone,species,NA,1,NA,NA,NA,90,NA,NA,NA,NA,NA,Haliotis kamtschatkana,Northern abalone,2018_chp_surface,chp,beach_seine,2018-07-12,2018-07-10,2018,surface,1,edna_chp_00,surface,biological,12,30.48,8.13,NA,NA,NA,3.5,1000,0,51.67615482,-128.1232837,sand,n,35,e,seagrass,zostera,seagrass_sand,zostera_sand,99.68,9.126599999999999e-159,310,Metazoa,Mollusca,Mollusca,Lepetellida,Haliotidae,Haliotis,0,0,TRUE,ASV1911,6,Haliotis kamtschatkana
edna0022,ASV2534,motu412,Saxidomus gigantea,Butter clam,species,NA,1,1,1,NA,29,14,10,11,NA,12,Saxidomus,Washington clam species,2018_chp_surface,chp,beach_seine,2018-07-12,2018-07-10,2018,surface,1,edna_chp_00,surface,biological,12,30.48,8.13,NA,NA,NA,3.5,1000,0,51.67615482,-128.1232837,sand,n,35,e,seagrass,zostera,seagrass_sand,zostera_sand,99.68,9.126599999999999e-159,310,Metazoa,Mollusca,Mollusca,Venerida,Veneridae,Saxidomus,0,0,TRUE,ASV467,12,Saxidomus gigantea
edna0022,ASV3325,motu2652,Membraniporidae,Bryozoan,family,NA,1,NA,1,NA,7,NA,NA,NA,NA,9,Membraniporidae,Bryozoan,2018_chp_surface,chp,beach_seine,2018-07-12,2018-07-10,2018,surface,1,edna_chp_00,surface,biological,12,30.48,8.13,NA,NA,NA,3.5,1000,0,51.67615482,-128.1232837,sand,n,35,e,seagrass,zostera,seagrass_sand,zostera_sand,90.95,6.1511e-76,161,Metazoa,Bryozoa,Bryozoa,Cheilostomatida,Membraniporidae,NA,0,0,TRUE,ASV3325,1,NA
edna0022,ASV3279,motu1208,Paracalanus,Calanoid copepod,genus,NA,1,NA,NA,NA,8,NA,NA,NA,NA,NA,Paracalanus,Calanoid copepod,2018_chp_surface,chp,beach_seine,2018-07-12,2018-07-10,2018,surface,1,edna_chp_00,surface,biological,12,30.48,8.13,NA,NA,NA,3.5,1000,0,51.67615482,-128.1232837,sand,n,35,e,seagrass,zostera,seagrass_sand,zostera_sand,98.68,1.14987e-147,290,Metazoa,Arthropoda,Arthropoda,Calanoida,Paracalanidae,Paracalanus,0,0,TRUE,ASV1431,2,NA
edna0022,ASV4609,motu3578,Neritidae,Nerite snail species,family,NA,1,NA,NA,NA,13,NA,NA,NA,NA,NA,Neritidae,Nerite snail species,2018_chp_surface,chp,beach_seine,2018-07-12,2018-07-10,2018,surface,1,edna_chp_00,surface,biological,12,30.48,8.13,NA,NA,NA,3.5,1000,0,51.67615482,-128.1232837,sand,n,35,e,seagrass,zostera,seagrass_sand,zostera_sand,90,6.69344e-6,35,Metazoa,Mollusca,Mollusca,Cycloneritida,Neritidae,NA,0,0,TRUE,ASV4609,1,NA
edna0022,ASV4112,motu3042,Neosabellaria cementarium,Cemented sandmason tubeworm,species,NA,1,NA,1,NA,7,NA,NA,11,NA,NA,Neosabellaria cementarium,Cemented sandmason tubeworm,2018_chp_surface,chp,beach_seine,2018-07-12,2018-07-10,2018,surface,1,edna_chp_00,surface,biological,12,30.48,8.13,NA,NA,NA,3.5,1000,0,51.67615482,-128.1232837,sand,n,35,e,seagrass,zostera,seagrass_sand,zostera_sand,99.04,1.97556e-155,304,Metazoa,Annelida,Polychaeta,NA,Sabellariidae,Neosabellaria,0,0,TRUE,ASV3873,3,Neosabellaria cementarium
edna0022,ASV6333,motu4894,Mytilus californianus,California mussel,species,NA,1,NA,NA,NA,8,NA,NA,NA,NA,NA,Mytilus californianus,California mussel,2018_chp_surface,chp,beach_seine,2018-07-12,2018-07-10,2018,surface,1,edna_chp_00,surface,biological,12,30.48,8.13,NA,NA,NA,3.5,1000,0,51.67615482,-128.1232837,sand,n,35,e,seagrass,zostera,seagrass_sand,zostera_sand,100,2.0011299999999987e-160,313,Metazoa,Mollusca,Bivalvia,Mytilida,Mytilidae,Mytilus,0,0,TRUE,ASV6333,1,Mytilus californianus
edna0022,ASV3630,motu2877,Pseudocnus lubricus,Fishers sea cucumber,species,NA,1,NA,NA,NA,3,NA,NA,NA,NA,NA,Pseudocnus lubricus,Fishers sea cucumber,2018_chp_surface,chp,beach_seine,2018-07-12,2018-07-10,2018,surface,1,edna_chp_00,surface,biological,12,30.48,8.13,NA,NA,NA,3.5,1000,0,51.67615482,-128.1232837,sand,n,35,e,seagrass,zostera,seagrass_sand,zostera_sand,100,1.4886099999999998e-156,306,Metazoa,Echinodermata,Holothuroidea,Dendrochirotida,Cucumariidae,Cucumaria,0,0,TRUE,ASV3630,1,Pseudocnus lubricus
edna0024,ASV131,motu117,Lensia,Siphonophore,genus,NA,1,NA,NA,NA,11,NA,NA,NA,NA,NA,Lensia,Siphonophore,2018_chp_surface,chp,beach_seine,2018-07-12,2018-07-10,2018,surface,2,edna_chp_30,surface,biological,12.1,30.4,8.12,NA,NA,NA,3.5,1000,0,51.6763963,-128.123414,sand,n,35,e,seagrass,zostera,seagrass_sand,zostera_sand,100,0.00408744,30,Metazoa,Cnidaria,Cnidaria,Siphonophorae,Diphyidae,Lensia,0,0,TRUE,ASV131,2,NA
edna0024,ASV452,motu183,Euchlanidae,Rotifer,family,NA,1,NA,NA,NA,26,NA,NA,NA,NA,NA,No Results,No Results,2018_chp_surface,chp,beach_seine,2018-07-12,2018-07-10,2018,surface,2,edna_chp_30,surface,biological,12.1,30.4,8.12,NA,NA,NA,3.5,1000,0,51.6763963,-128.123414,sand,n,35,e,seagrass,zostera,seagrass_sand,zostera_sand,91.35,3.005919999999998e-29,77,Metazoa,Rotifera,Rotifera,Ploima,Euchlanidae,NA,1,NA,TRUE,ASV208,2,NA
edna0024,ASV205,motu181,Pseudocalanus mimus,Calanoid copepod,species,NA,1,NA,1,NA,31,NA,NA,21,NA,28,Pseudocalanus mimus,Calanoid copepod,2018_chp_surface,chp,beach_seine,2018-07-12,2018-07-10,2018,surface,2,edna_chp_30,surface,biological,12.1,30.4,8.12,NA,NA,NA,3.5,1000,0,51.6763963,-128.123414,sand,n,35,e,seagrass,zostera,seagrass_sand,zostera_sand,100,1.18898e-152,299,Metazoa,Arthropoda,Copepoda,Calanoida,Clausocalanidae,Pseudocalanus,0,0,TRUE,ASV205,8,Pseudocalanus mimus
edna0024,ASV580,motu150,Pseudocalanus mimus,Calanoid copepod,species,NA,1,NA,NA,NA,48,NA,NA,NA,NA,NA,Pseudocalanus mimus,Calanoid copepod,2018_chp_surface,chp,beach_seine,2018-07-12,2018-07-10,2018,surface,2,edna_chp_30,surface,biological,12.1,30.4,8.12,NA,NA,NA,3.5,1000,0,51.6763963,-128.123414,sand,n,35,e,seagrass,zostera,seagrass_sand,zostera_sand,99.67,9.19139e-154,301,Metazoa,Arthropoda,Copepoda,Calanoida,Clausocalanidae,Pseudocalanus,0,0,TRUE,ASV171,10,Pseudocalanus mimus
edna0024,ASV275,motu244,Ophiopholis kennerlyi,Daisy brittle star,species,NA,1,NA,NA,NA,8,NA,NA,NA,NA,NA,Ophiopholis kennerlyi,Daisy brittle star,2018_chp_surface,chp,beach_seine,2018-07-12,2018-07-10,2018,surface,2,edna_chp_30,surface,biological,12.1,30.4,8.12,NA,NA,NA,3.5,1000,0,51.6763963,-128.123414,sand,n,35,e,seagrass,zostera,seagrass_sand,zostera_sand,100,1.96163e-160,313,Metazoa,Echinodermata,Echinodermata,Amphilepidida,Ophiopholidae,Ophiopholis,0,0,TRUE,ASV275,7,Ophiopholis kennerlyi
edna0024,ASV354,motu313,Mitrocoma cellularia,Cross jelly,species,NA,1,NA,1,NA,9,NA,6,8,NA,NA,Mitrocoma cellularia,Cross jelly,2018_chp_surface,chp,beach_seine,2018-07-12,2018-07-10,2018,surface,2,edna_chp_30,surface,biological,12.1,30.4,8.12,NA,NA,NA,3.5,1000,0,51.6763963,-128.123414,sand,n,35,e,seagrass,zostera,seagrass_sand,zostera_sand,100,1.4886099999999998e-156,306,Metazoa,Cnidaria,Hydrozoa,Leptothecata,Mitrocomidae,Mitrocoma,0,0,TRUE,ASV354,2,Mitrocoma cellularia
edna0024,ASV605,motu529,Ophiopholis,Brittle star species,genus,NA,1,NA,NA,NA,9,NA,NA,NA,NA,NA,Ophiopholis kennerlyi,Daisy brittle star,2018_chp_surface,chp,beach_seine,2018-07-12,2018-07-10,2018,surface,2,edna_chp_30,surface,biological,12.1,30.4,8.12,NA,NA,NA,3.5,1000,0,51.6763963,-128.123414,sand,n,35,e,seagrass,zostera,seagrass_sand,zostera_sand,100,1.96163e-160,313,Metazoa,Echinodermata,Echinodermata,Amphilepidida,Ophiopholidae,Ophiopholis,0,0,TRUE,ASV603,6,NA
edna0024,ASV322,motu283,Dodecaceria,Cirratulid polychaete,genus,NA,1,NA,NA,NA,17,NA,NA,NA,NA,NA,Dodecaceria,Cirratulid polychaete,2018_chp_surface,chp,beach_seine,2018-07-12,2018-07-10,2018,surface,2,edna_chp_30,surface,biological,12.1,30.4,8.12,NA,NA,NA,3.5,1000,0,51.6763963,-128.123414,sand,n,35,e,seagrass,zostera,seagrass_sand,zostera_sand,100,1.96163e-160,313,Metazoa,Annelida,Polychaeta,Terebellida,Cirratulidae,Dodecaceria,0,0,TRUE,ASV322,5,NA
edna0024,ASV1196,motu537,Mitrocoma cellularia,Cross jelly,species,NA,1,NA,NA,NA,9,NA,NA,NA,NA,NA,Mitrocoma cellularia,Cross jelly,2018_chp_surface,chp,beach_seine,2018-07-12,2018-07-10,2018,surface,2,edna_chp_30,surface,biological,12.1,30.4,8.12,NA,NA,NA,3.5,1000,0,51.6763963,-128.123414,sand,n,35,e,seagrass,zostera,seagrass_sand,zostera_sand,99.67,6.925819999999995e-155,303,Metazoa,Cnidaria,Hydrozoa,Leptothecata,Mitrocomidae,Mitrocoma,0,0,TRUE,ASV616,6,Mitrocoma cellularia
edna0024,ASV916,motu796,Panopea generosa,Pacific geoduck,species,NA,1,NA,NA,NA,14,NA,NA,NA,NA,NA,Panopea generosa,Pacific geoduck,2018_chp_surface,chp,beach_seine,2018-07-12,2018-07-10,2018,surface,2,edna_chp_30,surface,biological,12.1,30.4,8.12,NA,NA,NA,3.5,1000,0,51.6763963,-128.123414,sand,n,35,e,seagrass,zostera,seagrass_sand,zostera_sand,100,1.96163e-160,313,Metazoa,Mollusca,Bivalvia,Adapedonta,Hiatellidae,Panopea,0,0,TRUE,ASV916,4,Panopea generosa
edna0024,ASV750,motu654,Orobdella,Freshwater leech,genus,NA,1,NA,NA,NA,13,NA,NA,NA,NA,NA,Orobdella,Freshwater leech,2018_chp_surface,chp,beach_seine,2018-07-12,2018-07-10,2018,surface,2,edna_chp_30,surface,biological,12.1,30.4,8.12,NA,NA,NA,3.5,1000,0,51.6763963,-128.123414,sand,n,35,e,seagrass,zostera,seagrass_sand,zostera_sand,97.06,0.00121031,31,Metazoa,Annelida,Annelida,Erpobdelliformes,Orobdellidae,Orobdella,NA,NA,TRUE,ASV750,1,NA
edna0024,ASV498,motu441,Clytia gregaria,Gregarious jellyfish,species,NA,1,NA,1,NA,9,NA,NA,NA,NA,5,Clytia gregaria,Gregarious jellyfish,2018_chp_surface,chp,beach_seine,2018-07-12,2018-07-10,2018,surface,2,edna_chp_30,surface,biological,12.1,30.4,8.12,NA,NA,NA,3.5,1000,0,51.6763963,-128.123414,sand,n,35,e,seagrass,zostera,seagrass_sand,zostera_sand,99.68,9.126599999999999e-159,310,Metazoa,Cnidaria,Hydrozoa,Leptothecata,Campanulariidae,Clytia,0,0,TRUE,ASV498,2,Clytia gregaria
edna0024,ASV713,motu350,Synchaeta pectinata,Rotifer,species,NA,1,NA,NA,NA,3,NA,NA,NA,NA,NA,Synchaeta pectinata,Rotifer,2018_chp_surface,chp,beach_seine,2018-07-12,2018-07-10,2018,surface,2,edna_chp_30,surface,biological,12.1,30.4,8.12,NA,NA,NA,3.5,1000,0,51.6763963,-128.123414,sand,n,35,e,seagrass,zostera,seagrass_sand,zostera_sand,90.79,3.5361899999999996e-113,228,Metazoa,Rotifera,Eurotatoria,Ploima,Synchaetidae,Synchaeta,0,0,TRUE,ASV398,4,Synchaeta pectinata
edna0024,ASV780,motu679,Aequorea,Crystal jelly species,genus,NA,1,NA,NA,NA,3,NA,NA,NA,NA,NA,Aequorea,Crystal jelly species,2018_chp_surface,chp,beach_seine,2018-07-12,2018-07-10,2018,surface,2,edna_chp_30,surface,biological,12.1,30.4,8.12,NA,NA,NA,3.5,1000,0,51.6763963,-128.123414,sand,n,35,e,seagrass,zostera,seagrass_sand,zostera_sand,100,1.4886099999999998e-156,306,Metazoa,Cnidaria,Hydrozoa,Leptothecata,Aequoreidae,Aequorea,0,0,TRUE,ASV780,4,NA
edna0024,ASV1546,motu1303,Chaetognatha,Arrow worm,phylum,NA,1,NA,NA,NA,15,NA,NA,NA,NA,NA,Chaetognatha,Arrow worm,2018_chp_surface,chp,beach_seine,2018-07-12,2018-07-10,2018,surface,2,edna_chp_30,surface,biological,12.1,30.4,8.12,NA,NA,NA,3.5,1000,0,51.6763963,-128.123414,sand,n,35,e,seagrass,zostera,seagrass_sand,zostera_sand,95.02,1.63074e-81,171,Metazoa,Chaetognatha,NA,NA,NA,NA,0,0,TRUE,ASV1546,2,NA
edna0024,ASV1526,motu1287,Myxicola aesthetica,Feather duster worm,species,NA,1,NA,NA,NA,5,NA,NA,NA,NA,NA,Myxicola aesthetica,Feather duster worm,2018_chp_surface,chp,beach_seine,2018-07-12,2018-07-10,2018,surface,2,edna_chp_30,surface,biological,12.1,30.4,8.12,NA,NA,NA,3.5,1000,0,51.6763963,-128.123414,sand,n,35,e,seagrass,zostera,seagrass_sand,zostera_sand,100,1.96163e-160,313,Metazoa,Annelida,Polychaeta,Sabellida,Sabellidae,Myxicola,0,0,TRUE,ASV1526,2,Myxicola aesthetica
edna0024,ASV765,motu666,Myxicola aesthetica,Feather duster worm,species,NA,1,NA,NA,NA,7,NA,NA,NA,NA,NA,Myxicola aesthetica,Feather duster worm,2018_chp_surface,chp,beach_seine,2018-07-12,2018-07-10,2018,surface,2,edna_chp_30,surface,biological,12.1,30.4,8.12,NA,NA,NA,3.5,1000,0,51.6763963,-128.123414,sand,n,35,e,seagrass,zostera,seagrass_sand,zostera_sand,100,1.96163e-160,313,Metazoa,Annelida,Polychaeta,Sabellida,Sabellidae,Myxicola,0,0,TRUE,ASV765,3,Myxicola aesthetica
edna0024,ASV1029,motu891,Lottia scutum,Plate limpet,species,NA,1,NA,NA,NA,3,NA,NA,NA,NA,NA,Lottia scutum,Plate limpet,2018_chp_surface,chp,beach_seine,2018-07-12,2018-07-10,2018,surface,2,edna_chp_30,surface,biological,12.1,30.4,8.12,NA,NA,NA,3.5,1000,0,51.6763963,-128.123414,sand,n,35,e,seagrass,zostera,seagrass_sand,zostera_sand,100,3.150669999999998e-153,300,Metazoa,Mollusca,Mollusca,NA,Lottiidae,Lottia,0,0,TRUE,ASV1029,1,Lottia scutum
edna0024,ASV1791,motu1494,Saxidomus nuttalli,California butterclam,species,NA,1,NA,NA,NA,3,NA,NA,NA,NA,NA,Saxidomus nuttalli,California butterclam,2018_chp_surface,chp,beach_seine,2018-07-12,2018-07-10,2018,surface,2,edna_chp_30,surface,biological,12.1,30.4,8.12,NA,NA,NA,3.5,1000,0,51.6763963,-128.123414,sand,n,35,e,seagrass,zostera,seagrass_sand,zostera_sand,99.68,4.246189999999999e-157,307,Metazoa,Mollusca,Bivalvia,Venerida,Veneridae,Saxidomus,0,0,TRUE,ASV1791,2,Saxidomus nuttalli
edna0024,ASV1293,motu1094,Asteriidae,Sea star,family,NA,1,NA,NA,NA,5,NA,NA,NA,NA,NA,Asteriidae,Sea star,2018_chp_surface,chp,beach_seine,2018-07-12,2018-07-10,2018,surface,2,edna_chp_30,surface,biological,12.1,30.4,8.12,NA,NA,NA,3.5,1000,0,51.6763963,-128.123414,sand,n,35,e,seagrass,zostera,seagrass_sand,zostera_sand,100,1.96163e-160,313,Metazoa,Echinodermata,Echinodermata,Forcipulatida,Asteriidae,NA,0,0,TRUE,ASV1293,1,NA
edna0024,ASV2147,motu1769,Asteriidae,Sea star,family,NA,1,NA,NA,NA,5,NA,NA,NA,NA,NA,Asteriidae,Sea star,2018_chp_surface,chp,beach_seine,2018-07-12,2018-07-10,2018,surface,2,edna_chp_30,surface,biological,12.1,30.4,8.12,NA,NA,NA,3.5,1000,0,51.6763963,-128.123414,sand,n,35,e,seagrass,zostera,seagrass_sand,zostera_sand,100,1.96163e-160,313,Metazoa,Echinodermata,Echinodermata,Forcipulatida,Asteriidae,NA,0,0,TRUE,ASV2147,1,NA
edna0024,ASV2407,motu643,Pseudocalanus mimus,Calanoid copepod,species,NA,1,NA,NA,NA,28,NA,NA,NA,NA,NA,Pseudocalanus mimus,Calanoid copepod,2018_chp_surface,chp,beach_seine,2018-07-12,2018-07-10,2018,surface,2,edna_chp_30,surface,biological,12.1,30.4,8.12,NA,NA,NA,3.5,1000,0,51.6763963,-128.123414,sand,n,35,e,seagrass,zostera,seagrass_sand,zostera_sand,100,1.18898e-152,299,Metazoa,Arthropoda,Copepoda,Calanoida,Clausocalanidae,Pseudocalanus,0,0,TRUE,ASV739,3,Pseudocalanus mimus
edna0024,ASV2669,motu1590,Haliotis kamtschatkana,Northern abalone,species,NA,1,NA,NA,NA,18,NA,NA,NA,NA,NA,Haliotis kamtschatkana,Northern abalone,2018_chp_surface,chp,beach_seine,2018-07-12,2018-07-10,2018,surface,2,edna_chp_30,surface,biological,12.1,30.4,8.12,NA,NA,NA,3.5,1000,0,51.6763963,-128.123414,sand,n,35,e,seagrass,zostera,seagrass_sand,zostera_sand,100,1.96163e-160,313,Metazoa,Mollusca,Mollusca,Lepetellida,Haliotidae,Haliotis,0,0,TRUE,ASV1911,6,Haliotis kamtschatkana
edna0024,ASV1443,motu1220,Orobdella,Freshwater leech,genus,NA,1,NA,NA,NA,12,NA,NA,NA,NA,NA,Orobdella,Freshwater leech,2018_chp_surface,chp,beach_seine,2018-07-12,2018-07-10,2018,surface,2,edna_chp_30,surface,biological,12.1,30.4,8.12,NA,NA,NA,3.5,1000,0,51.6763963,-128.123414,sand,n,35,e,seagrass,zostera,seagrass_sand,zostera_sand,97.06,0.0011939,31,Metazoa,Annelida,Annelida,Erpobdelliformes,Orobdellidae,Orobdella,NA,NA,TRUE,ASV1443,1,NA
edna0024,ASV1417,motu383,Pseudocalanus mimus,Calanoid copepod,species,NA,1,1,NA,NA,24,17,NA,NA,NA,NA,Pseudocalanus mimus,Calanoid copepod,2018_chp_surface,chp,beach_seine,2018-07-12,2018-07-10,2018,surface,2,edna_chp_30,surface,biological,12.1,30.4,8.12,NA,NA,NA,3.5,1000,0,51.6763963,-128.123414,sand,n,35,e,seagrass,zostera,seagrass_sand,zostera_sand,100,1.18898e-152,299,Metazoa,Arthropoda,Copepoda,Calanoida,Clausocalanidae,Pseudocalanus,0,0,TRUE,ASV435,4,Pseudocalanus mimus
edna0024,ASV2930,motu2362,Chaetognatha,Arrow worm,phylum,NA,1,NA,NA,NA,7,NA,NA,NA,NA,NA,Chaetognatha,Arrow worm,2018_chp_surface,chp,beach_seine,2018-07-12,2018-07-10,2018,surface,2,edna_chp_30,surface,biological,12.1,30.4,8.12,NA,NA,NA,3.5,1000,0,51.6763963,-128.123414,sand,n,35,e,seagrass,zostera,seagrass_sand,zostera_sand,98.01,1.6078299999999998e-91,189,Metazoa,Chaetognatha,NA,NA,NA,NA,0,0,TRUE,ASV2930,1,NA
edna0024,ASV2582,motu1556,Dodecaceria,Cirratulid polychaete,genus,NA,1,NA,NA,NA,8,NA,NA,NA,NA,NA,Dodecaceria,Cirratulid polychaete,2018_chp_surface,chp,beach_seine,2018-07-12,2018-07-10,2018,surface,2,edna_chp_30,surface,biological,12.1,30.4,8.12,NA,NA,NA,3.5,1000,0,51.6763963,-128.123414,sand,n,35,e,seagrass,zostera,seagrass_sand,zostera_sand,100,1.96163e-160,313,Metazoa,Annelida,Polychaeta,Terebellida,Cirratulidae,Dodecaceria,0,0,TRUE,ASV1870,5,NA
edna0024,ASV3175,motu2541,Arthropoda,Unknown arthropod,phylum,NA,1,NA,NA,NA,5,NA,NA,NA,NA,NA,Arthropoda,Unknown arthropod,2018_chp_surface,chp,beach_seine,2018-07-12,2018-07-10,2018,surface,2,edna_chp_30,surface,biological,12.1,30.4,8.12,NA,NA,NA,3.5,1000,0,51.6763963,-128.123414,sand,n,35,e,seagrass,zostera,seagrass_sand,zostera_sand,100,0.014701,29,Metazoa,Arthropoda,NA,NA,NA,NA,NA,NA,TRUE,ASV3175,1,NA
edna0024,ASV3205,motu150,Pseudocalanus mimus,Calanoid copepod,species,NA,1,NA,NA,NA,9,NA,NA,NA,NA,NA,Pseudocalanus mimus,Calanoid copepod,2018_chp_surface,chp,beach_seine,2018-07-12,2018-07-10,2018,surface,2,edna_chp_30,surface,biological,12.1,30.4,8.12,NA,NA,NA,3.5,1000,0,51.6763963,-128.123414,sand,n,35,e,seagrass,zostera,seagrass_sand,zostera_sand,99.67,9.19139e-154,301,Metazoa,Arthropoda,Copepoda,Calanoida,Clausocalanidae,Pseudocalanus,0,0,TRUE,ASV171,10,Pseudocalanus mimus
edna0024,ASV2881,motu2328,Coleoptera,Hexapod,order,NA,1,NA,NA,NA,3,NA,NA,NA,NA,NA,Coleoptera,Hexapod,2018_chp_surface,chp,beach_seine,2018-07-12,2018-07-10,2018,surface,2,edna_chp_30,surface,biological,12.1,30.4,8.12,NA,NA,NA,3.5,1000,0,51.6763963,-128.123414,sand,n,35,e,seagrass,zostera,seagrass_sand,zostera_sand,100,0.00110774,31,Metazoa,Arthropoda,Arthropoda,Coleoptera,NA,NA,NA,NA,TRUE,ASV2881,1,NA
edna0024,ASV2852,motu2305,Coleoptera,Hexapod,order,NA,1,NA,NA,NA,2,NA,NA,NA,NA,NA,Coleoptera,Hexapod,2018_chp_surface,chp,beach_seine,2018-07-12,2018-07-10,2018,surface,2,edna_chp_30,surface,biological,12.1,30.4,8.12,NA,NA,NA,3.5,1000,0,51.6763963,-128.123414,sand,n,35,e,seagrass,zostera,seagrass_sand,zostera_sand,100,0.00110774,31,Metazoa,Arthropoda,Arthropoda,Coleoptera,NA,NA,NA,NA,TRUE,ASV2852,1,NA
edna0024,ASV3663,motu524,Strongylocentrotus droebachiensis,Green sea urcin,species,NA,1,1,1,NA,13,7,NA,10,NA,10,Strongylocentrotus droebachiensis,Green sea urcin,2018_chp_surface,chp,beach_seine,2018-07-12,2018-07-10,2018,surface,2,edna_chp_30,surface,biological,12.1,30.4,8.12,NA,NA,NA,3.5,1000,0,51.6763963,-128.123414,sand,n,35,e,seagrass,zostera,seagrass_sand,zostera_sand,99.68,9.126599999999999e-159,310,Metazoa,Echinodermata,Echinodermata,Camarodonta,Strongylocentrotidae,Strongylocentrotus,0,0,TRUE,ASV598,2,Strongylocentrotus droebachiensis
edna0024,ASV3808,motu2995,Lottia paradigitalis,Boreal limpet,species,NA,1,NA,NA,NA,5,NA,NA,NA,NA,NA,Lottia paradigitalis,Boreal limpet,2018_chp_surface,chp,beach_seine,2018-07-12,2018-07-10,2018,surface,2,edna_chp_30,surface,biological,12.1,30.4,8.12,NA,NA,NA,3.5,1000,0,51.6763963,-128.123414,sand,n,35,e,seagrass,zostera,seagrass_sand,zostera_sand,100,1.96163e-160,313,Metazoa,Mollusca,Gastropoda,NA,Lottiidae,Lottia,0,0,TRUE,ASV3808,2,Lottia paradigitalis
edna0024,ASV1462,motu1233,Clytia gregaria,Gregarious jellyfish,species,NA,1,NA,NA,NA,8,NA,NA,NA,NA,NA,Clytia gregaria,Gregarious jellyfish,2018_chp_surface,chp,beach_seine,2018-07-12,2018-07-10,2018,surface,2,edna_chp_30,surface,biological,12.1,30.4,8.12,NA,NA,NA,3.5,1000,0,51.6763963,-128.123414,sand,n,35,e,seagrass,zostera,seagrass_sand,zostera_sand,99.67,6.925819999999995e-155,303,Metazoa,Cnidaria,Hydrozoa,Leptothecata,Campanulariidae,Clytia,0,0,TRUE,ASV1462,2,Clytia gregaria
edna0024,ASV4094,motu3212,Humilaria kennerleyi,Kennerleys venus,species,NA,1,NA,NA,NA,9,NA,NA,NA,NA,NA,Humilaria kennerleyi,Kennerleys venus,2018_chp_surface,chp,beach_seine,2018-07-12,2018-07-10,2018,surface,2,edna_chp_30,surface,biological,12.1,30.4,8.12,NA,NA,NA,3.5,1000,0,51.6763963,-128.123414,sand,n,35,e,seagrass,zostera,seagrass_sand,zostera_sand,100,5.334159999999996e-156,305,Metazoa,Mollusca,Bivalvia,Venerida,Veneridae,Humilaria,0,0,TRUE,ASV4094,1,Humilaria kennerleyi
edna0024,ASV5441,motu4178,Membranipora membranacea,Coffin box bryozoan,species,NA,1,NA,NA,NA,11,NA,NA,NA,NA,NA,Membranipora membranacea,Coffin box bryozoan,2018_chp_surface,chp,beach_seine,2018-07-12,2018-07-10,2018,surface,2,edna_chp_30,surface,biological,12.1,30.4,8.12,NA,NA,NA,3.5,1000,0,51.6763963,-128.123414,sand,n,35,e,seagrass,zostera,seagrass_sand,zostera_sand,97.45,4.366339999999999e-127,253,Metazoa,Bryozoa,Bryozoa,Cheilostomatida,Membraniporidae,Membranipora,0,0,TRUE,ASV5441,1,Membranipora membranacea
edna0024,ASV6425,motu4971,Apostichopus californicus,California sea cucumber,species,NA,1,NA,NA,NA,5,NA,NA,NA,NA,NA,Apostichopus californicus,California sea cucumber,2018_chp_surface,chp,beach_seine,2018-07-12,2018-07-10,2018,surface,2,edna_chp_30,surface,biological,12.1,30.4,8.12,NA,NA,NA,3.5,1000,0,51.6763963,-128.123414,sand,n,35,e,seagrass,zostera,seagrass_sand,zostera_sand,100,2.0011299999999987e-160,313,Metazoa,Echinodermata,Holothuroidea,Synallactida,Stichopodidae,Apostichopus,0,0,TRUE,ASV6425,1,Apostichopus californicus
edna0024,ASV6876,motu5349,Nutricola tantilla,Purple dwarf-venus,species,NA,1,NA,NA,NA,4,NA,NA,NA,NA,NA,Nutricola tantilla,Purple dwarf-venus,2018_chp_surface,chp,beach_seine,2018-07-12,2018-07-10,2018,surface,2,edna_chp_30,surface,biological,12.1,30.4,8.12,NA,NA,NA,3.5,1000,0,51.6763963,-128.123414,sand,n,35,e,seagrass,zostera,seagrass_sand,zostera_sand,93.59,1.6255099999999998e-126,252,Metazoa,Mollusca,Bivalvia,Venerida,Veneridae,Nutricola,0,0,TRUE,ASV6876,1,Nutricola tantilla
edna0024,ASV7400,motu5786,Phytoseiidae,Mite,genus,NA,1,NA,NA,NA,2,NA,NA,NA,NA,NA,Phytoseiidae,Mite,2018_chp_surface,chp,beach_seine,2018-07-12,2018-07-10,2018,surface,2,edna_chp_30,surface,biological,12.1,30.4,8.12,NA,NA,NA,3.5,1000,0,51.6763963,-128.123414,sand,n,35,e,seagrass,zostera,seagrass_sand,zostera_sand,97.3,2.49185e-5,34,Metazoa,Arthropoda,Arthropoda,Mesostigmata,NA,Phytoseiidae,NA,NA,TRUE,ASV7400,1,NA
edna0025,ASV131,motu117,Lensia,Siphonophore,genus,NA,1,NA,1,NA,10,NA,8,16,NA,NA,Lensia,Siphonophore,2018_chp_depth,chp,beach_seine,2018-07-12,2018-07-10,2018,depth,2,edna_chp_00,depth,biological,11.6,30.85,8.12,NA,NA,NA,3.5,1000,0,51.67615482,-128.1232837,sand,n,35,e,seagrass,zostera,seagrass_sand,zostera_sand,100,0.00408744,30,Metazoa,Cnidaria,Cnidaria,Siphonophorae,Diphyidae,Lensia,0,0,TRUE,ASV131,2,NA
edna0025,ASV118,motu105,Mesocentrotus franciscanus,Red sea urchin,species,NA,1,NA,1,NA,217,NA,NA,319,NA,305,Mesocentrotus franciscanus,Red sea urchin,2018_chp_depth,chp,beach_seine,2018-07-12,2018-07-10,2018,depth,2,edna_chp_00,depth,biological,11.6,30.85,8.12,NA,NA,NA,3.5,1000,0,51.67615482,-128.1232837,sand,n,35,e,seagrass,zostera,seagrass_sand,zostera_sand,100,2.51921e-159,311,Metazoa,Echinodermata,Echinoidea,Camarodonta,Strongylocentrotidae,Mesocentrotus,0,0,TRUE,ASV118,8,Mesocentrotus franciscanus
edna0025,ASV132,motu118,Mesocentrotus franciscanus,Red sea urchin,species,NA,1,1,1,NA,229,85,181,334,NA,262,Mesocentrotus franciscanus,Red sea urchin,2018_chp_depth,chp,beach_seine,2018-07-12,2018-07-10,2018,depth,2,edna_chp_00,depth,biological,11.6,30.85,8.12,NA,NA,NA,3.5,1000,0,51.67615482,-128.1232837,sand,n,35,e,seagrass,zostera,seagrass_sand,zostera_sand,100,2.51921e-159,311,Metazoa,Echinodermata,Echinoidea,Camarodonta,Strongylocentrotidae,Mesocentrotus,0,0,TRUE,ASV132,8,Mesocentrotus franciscanus
edna0025,ASV536,motu470,Paracalanus parvus parvus,Calanoid copepod,species,NA,1,NA,NA,NA,6,NA,NA,NA,NA,NA,Paracalanus parvus parvus,Calanoid copepod,2018_chp_depth,chp,beach_seine,2018-07-12,2018-07-10,2018,depth,2,edna_chp_00,depth,biological,11.6,30.85,8.12,NA,NA,NA,3.5,1000,0,51.67615482,-128.1232837,sand,n,35,e,seagrass,zostera,seagrass_sand,zostera_sand,100,1.17454e-132,263,Metazoa,Arthropoda,Copepoda,Calanoida,Paracalanidae,Paracalanus,0,0,TRUE,ASV536,6,Paracalanus parvus parvus
edna0025,ASV275,motu244,Ophiopholis kennerlyi,Daisy brittle star,species,NA,1,NA,NA,NA,59,NA,NA,NA,NA,NA,Ophiopholis kennerlyi,Daisy brittle star,2018_chp_depth,chp,beach_seine,2018-07-12,2018-07-10,2018,depth,2,edna_chp_00,depth,biological,11.6,30.85,8.12,NA,NA,NA,3.5,1000,0,51.67615482,-128.1232837,sand,n,35,e,seagrass,zostera,seagrass_sand,zostera_sand,100,1.96163e-160,313,Metazoa,Echinodermata,Echinodermata,Amphilepidida,Ophiopholidae,Ophiopholis,0,0,TRUE,ASV275,7,Ophiopholis kennerlyi
edna0025,ASV390,motu343,Dodecaceria,Cirratulid polychaete,genus,NA,1,NA,NA,NA,20,NA,NA,NA,NA,NA,Dodecaceria,Cirratulid polychaete,2018_chp_depth,chp,beach_seine,2018-07-12,2018-07-10,2018,depth,2,edna_chp_00,depth,biological,11.6,30.85,8.12,NA,NA,NA,3.5,1000,0,51.67615482,-128.1232837,sand,n,35,e,seagrass,zostera,seagrass_sand,zostera_sand,100,1.96163e-160,313,Metazoa,Annelida,Polychaeta,Terebellida,Cirratulidae,Dodecaceria,0,0,TRUE,ASV390,6,NA
edna0025,ASV322,motu283,Dodecaceria,Cirratulid polychaete,genus,NA,1,NA,1,NA,22,NA,12,NA,NA,NA,Dodecaceria,Cirratulid polychaete,2018_chp_depth,chp,beach_seine,2018-07-12,2018-07-10,2018,depth,2,edna_chp_00,depth,biological,11.6,30.85,8.12,NA,NA,NA,3.5,1000,0,51.67615482,-128.1232837,sand,n,35,e,seagrass,zostera,seagrass_sand,zostera_sand,100,1.96163e-160,313,Metazoa,Annelida,Polychaeta,Terebellida,Cirratulidae,Dodecaceria,0,0,TRUE,ASV322,5,NA
edna0025,ASV1038,motu895,Clytia gregaria,Gregarious jellyfish,species,NA,1,NA,NA,NA,3,NA,NA,NA,NA,NA,Clytia gregaria,Gregarious jellyfish,2018_chp_depth,chp,beach_seine,2018-07-12,2018-07-10,2018,depth,2,edna_chp_00,depth,biological,11.6,30.85,8.12,NA,NA,NA,3.5,1000,0,51.67615482,-128.1232837,sand,n,35,e,seagrass,zostera,seagrass_sand,zostera_sand,99.68,9.126599999999999e-159,310,Metazoa,Cnidaria,Hydrozoa,Leptothecata,Campanulariidae,Clytia,0,0,TRUE,ASV1038,2,Clytia gregaria
edna0025,ASV1013,motu876,Orobdella,Freshwater leech,genus,NA,1,NA,NA,NA,3,NA,NA,NA,NA,NA,Orobdella,Freshwater leech,2018_chp_depth,chp,beach_seine,2018-07-12,2018-07-10,2018,depth,2,edna_chp_00,depth,biological,11.6,30.85,8.12,NA,NA,NA,3.5,1000,0,51.67615482,-128.1232837,sand,n,35,e,seagrass,zostera,seagrass_sand,zostera_sand,97.06,0.00121031,31,Metazoa,Annelida,Annelida,Erpobdelliformes,Orobdellidae,Orobdella,NA,NA,TRUE,ASV1013,1,NA
edna0025,ASV498,motu441,Clytia gregaria,Gregarious jellyfish,species,NA,1,NA,1,NA,5,NA,NA,NA,NA,7,Clytia gregaria,Gregarious jellyfish,2018_chp_depth,chp,beach_seine,2018-07-12,2018-07-10,2018,depth,2,edna_chp_00,depth,biological,11.6,30.85,8.12,NA,NA,NA,3.5,1000,0,51.67615482,-128.1232837,sand,n,35,e,seagrass,zostera,seagrass_sand,zostera_sand,99.68,9.126599999999999e-159,310,Metazoa,Cnidaria,Hydrozoa,Leptothecata,Campanulariidae,Clytia,0,0,TRUE,ASV498,2,Clytia gregaria
edna0025,ASV674,motu334,Synchaeta pectinata,Rotifer,species,NA,1,NA,1,NA,5,NA,NA,NA,NA,5,Synchaeta pectinata,Rotifer,2018_chp_depth,chp,beach_seine,2018-07-12,2018-07-10,2018,depth,2,edna_chp_00,depth,biological,11.6,30.85,8.12,NA,NA,NA,3.5,1000,0,51.67615482,-128.1232837,sand,n,35,e,seagrass,zostera,seagrass_sand,zostera_sand,90.79,3.5361899999999996e-113,228,Metazoa,Rotifera,Eurotatoria,Ploima,Synchaetidae,Synchaeta,0,0,TRUE,ASV377,5,Synchaeta pectinata
edna0025,ASV713,motu350,Synchaeta pectinata,Rotifer,species,NA,1,NA,NA,NA,4,NA,NA,NA,NA,NA,Synchaeta pectinata,Rotifer,2018_chp_depth,chp,beach_seine,2018-07-12,2018-07-10,2018,depth,2,edna_chp_00,depth,biological,11.6,30.85,8.12,NA,NA,NA,3.5,1000,0,51.67615482,-128.1232837,sand,n,35,e,seagrass,zostera,seagrass_sand,zostera_sand,90.79,3.5361899999999996e-113,228,Metazoa,Rotifera,Eurotatoria,Ploima,Synchaetidae,Synchaeta,0,0,TRUE,ASV398,4,Synchaeta pectinata
edna0025,ASV682,motu593,Strongylocentrotus droebachiensis,Green sea urcin,species,NA,1,NA,NA,NA,7,NA,NA,NA,NA,NA,Strongylocentrotus droebachiensis,Green sea urcin,2018_chp_depth,chp,beach_seine,2018-07-12,2018-07-10,2018,depth,2,edna_chp_00,depth,biological,11.6,30.85,8.12,NA,NA,NA,3.5,1000,0,51.67615482,-128.1232837,sand,n,35,e,seagrass,zostera,seagrass_sand,zostera_sand,100,1.96163e-160,313,Metazoa,Echinodermata,Echinoidea,Camarodonta,Strongylocentrotidae,Strongylocentrotus,0,0,TRUE,ASV682,2,Strongylocentrotus droebachiensis
edna0025,ASV1384,motu1168,Membranipora membranacea,Coffin box bryozoan,species,NA,1,NA,NA,NA,4,NA,NA,NA,NA,NA,Membranipora membranacea,Coffin box bryozoan,2018_chp_depth,chp,beach_seine,2018-07-12,2018-07-10,2018,depth,2,edna_chp_00,depth,biological,11.6,30.85,8.12,NA,NA,NA,3.5,1000,0,51.67615482,-128.1232837,sand,n,35,e,seagrass,zostera,seagrass_sand,zostera_sand,100,9.252979999999995e-139,274,Metazoa,Bryozoa,Gymnolaemata,Cheilostomatida,Membraniporidae,Membranipora,0,0,TRUE,ASV1384,2,Membranipora membranacea
edna0025,ASV978,motu848,Halosydna brevisetosa,Shortscaled worm,species,NA,1,NA,NA,NA,22,NA,NA,NA,NA,NA,Halosydna brevisetosa,Shortscaled worm,2018_chp_depth,chp,beach_seine,2018-07-12,2018-07-10,2018,depth,2,edna_chp_00,depth,biological,11.6,30.85,8.12,NA,NA,NA,3.5,1000,0,51.67615482,-128.1232837,sand,n,35,e,seagrass,zostera,seagrass_sand,zostera_sand,100,1.96163e-160,313,Metazoa,Annelida,Polychaeta,Phyllodocida,Polynoidae,Halosydna,0,0,TRUE,ASV978,4,Halosydna brevisetosa
edna0025,ASV1521,motu1283,Polymorphidae,Thorny headed worm,family,NA,1,NA,NA,NA,8,NA,NA,NA,NA,NA,Polymorphidae,Thorny headed worm,2018_chp_depth,chp,beach_seine,2018-07-12,2018-07-10,2018,depth,2,edna_chp_00,depth,biological,11.6,30.85,8.12,NA,NA,NA,3.5,1000,0,51.67615482,-128.1232837,sand,n,35,e,seagrass,zostera,seagrass_sand,zostera_sand,94.87,8.37307e-5,33,Metazoa,Acanthocephala,Acanthocephala,Polymorphida,Polymorphidae,NA,0,0,TRUE,ASV1521,2,NA
edna0025,ASV1526,motu1287,Myxicola aesthetica,Feather duster worm,species,NA,1,NA,NA,NA,12,NA,NA,NA,NA,NA,Myxicola aesthetica,Feather duster worm,2018_chp_depth,chp,beach_seine,2018-07-12,2018-07-10,2018,depth,2,edna_chp_00,depth,biological,11.6,30.85,8.12,NA,NA,NA,3.5,1000,0,51.67615482,-128.1232837,sand,n,35,e,seagrass,zostera,seagrass_sand,zostera_sand,100,1.96163e-160,313,Metazoa,Annelida,Polychaeta,Sabellida,Sabellidae,Myxicola,0,0,TRUE,ASV1526,2,Myxicola aesthetica
edna0025,ASV2758,motu303,Pseudocalanus mimus,Calanoid copepod,species,NA,1,NA,NA,NA,44,NA,NA,NA,NA,NA,Pseudocalanus mimus,Calanoid copepod,2018_chp_depth,chp,beach_seine,2018-07-12,2018-07-10,2018,depth,2,edna_chp_00,depth,biological,11.6,30.85,8.12,NA,NA,NA,3.5,1000,0,51.67615482,-128.1232837,sand,n,35,e,seagrass,zostera,seagrass_sand,zostera_sand,100,1.18898e-152,299,Metazoa,Arthropoda,Copepoda,Calanoida,Clausocalanidae,Pseudocalanus,0,0,TRUE,ASV343,11,Pseudocalanus mimus
edna0025,ASV2570,motu303,Pseudocalanus mimus,Calanoid copepod,species,NA,1,NA,NA,NA,11,NA,NA,NA,NA,NA,Pseudocalanus mimus,Calanoid copepod,2018_chp_depth,chp,beach_seine,2018-07-12,2018-07-10,2018,depth,2,edna_chp_00,depth,biological,11.6,30.85,8.12,NA,NA,NA,3.5,1000,0,51.67615482,-128.1232837,sand,n,35,e,seagrass,zostera,seagrass_sand,zostera_sand,100,4.27634e-152,298,Metazoa,Arthropoda,Copepoda,Calanoida,Clausocalanidae,Pseudocalanus,0,0,TRUE,ASV343,11,Pseudocalanus mimus
edna0025,ASV1917,motu1595,Arthropoda,Unknown arthropod,phylum,NA,1,NA,1,NA,7,NA,NA,11,NA,NA,Arthropoda,Unknown arthropod,2018_chp_depth,chp,beach_seine,2018-07-12,2018-07-10,2018,depth,2,edna_chp_00,depth,biological,11.6,30.85,8.12,NA,NA,NA,3.5,1000,0,51.67615482,-128.1232837,sand,n,35,e,seagrass,zostera,seagrass_sand,zostera_sand,95,2.34566e-5,34,Metazoa,Arthropoda,NA,NA,NA,NA,NA,NA,TRUE,ASV1917,1,NA
edna0025,ASV1304,motu1104,Haliotis kamtschatkana,Northern abalone,species,NA,1,NA,NA,NA,20,NA,NA,NA,NA,NA,Haliotis kamtschatkana,Northern abalone,2018_chp_depth,chp,beach_seine,2018-07-12,2018-07-10,2018,depth,2,edna_chp_00,depth,biological,11.6,30.85,8.12,NA,NA,NA,3.5,1000,0,51.67615482,-128.1232837,sand,n,35,e,seagrass,zostera,seagrass_sand,zostera_sand,100,1.96163e-160,313,Metazoa,Mollusca,Mollusca,Lepetellida,Haliotidae,Haliotis,0,0,TRUE,ASV1304,9,Haliotis kamtschatkana
edna0025,ASV1582,motu1332,Mytilus californianus,California mussel,species,NA,1,NA,NA,NA,9,NA,NA,NA,NA,NA,Mytilus californianus,California mussel,2018_chp_depth,chp,beach_seine,2018-07-12,2018-07-10,2018,depth,2,edna_chp_00,depth,biological,11.6,30.85,8.12,NA,NA,NA,3.5,1000,0,51.67615482,-128.1232837,sand,n,35,e,seagrass,zostera,seagrass_sand,zostera_sand,100,3.2351099999999996e-158,309,Metazoa,Mollusca,Bivalvia,Mytilida,Mytilidae,Mytilus,0,0,TRUE,ASV1582,5,Mytilus californianus
edna0025,ASV2840,motu2298,Arthropoda,Unknown arthropod,phylum,NA,1,NA,NA,NA,8,NA,NA,NA,NA,NA,Arthropoda,Unknown arthropod,2018_chp_depth,chp,beach_seine,2018-07-12,2018-07-10,2018,depth,2,edna_chp_00,depth,biological,11.6,30.85,8.12,NA,NA,NA,3.5,1000,0,51.67615482,-128.1232837,sand,n,35,e,seagrass,zostera,seagrass_sand,zostera_sand,95,2.34566e-5,34,Metazoa,Arthropoda,NA,NA,NA,NA,NA,NA,TRUE,ASV2840,1,NA
edna0025,ASV3067,motu2468,Halichondria (Halichondria) panicea,Breadcrumb sponge species,species,NA,1,NA,NA,NA,2,NA,NA,NA,NA,NA,Halichondria (Halichondria) panicea,Breadcrumb sponge species,2018_chp_depth,chp,beach_seine,2018-07-12,2018-07-10,2018,depth,2,edna_chp_00,depth,biological,11.6,30.85,8.12,NA,NA,NA,3.5,1000,0,51.67615482,-128.1232837,sand,n,35,e,seagrass,zostera,seagrass_sand,zostera_sand,99.33,6.819989999999996e-150,294,Metazoa,Porifera,Demospongiae,Suberitida,Halichondriidae,Halichondria,0,0,TRUE,ASV3067,1,Halichondria (Halichondria) panicea
edna0025,ASV2773,motu2242,Diplostomida,Flatworm,order,NA,1,NA,NA,NA,4,NA,NA,NA,NA,NA,Diplostomida,Flatworm,2018_chp_depth,chp,beach_seine,2018-07-12,2018-07-10,2018,depth,2,edna_chp_00,depth,biological,11.6,30.85,8.12,NA,NA,NA,3.5,1000,0,51.67615482,-128.1232837,sand,n,35,e,seagrass,zostera,seagrass_sand,zostera_sand,96.88,0.0144888,29,Metazoa,Platyhelminthes,Platyhelminthes,Diplostomida,NA,NA,0,0,TRUE,ASV2773,1,NA
edna0025,ASV2852,motu2305,Coleoptera,Hexapod,order,NA,1,NA,NA,NA,5,NA,NA,NA,NA,NA,Coleoptera,Hexapod,2018_chp_depth,chp,beach_seine,2018-07-12,2018-07-10,2018,depth,2,edna_chp_00,depth,biological,11.6,30.85,8.12,NA,NA,NA,3.5,1000,0,51.67615482,-128.1232837,sand,n,35,e,seagrass,zostera,seagrass_sand,zostera_sand,100,0.00110774,31,Metazoa,Arthropoda,Arthropoda,Coleoptera,NA,NA,NA,NA,TRUE,ASV2852,1,NA
edna0025,ASV3827,motu2791,Halosydna brevisetosa,Shortscaled worm,species,NA,1,NA,NA,NA,2,NA,NA,NA,NA,NA,Halosydna brevisetosa,Shortscaled worm,2018_chp_depth,chp,beach_seine,2018-07-12,2018-07-10,2018,depth,2,edna_chp_00,depth,biological,11.6,30.85,8.12,NA,NA,NA,3.5,1000,0,51.67615482,-128.1232837,sand,n,35,e,seagrass,zostera,seagrass_sand,zostera_sand,99.31,7.206629999999995e-145,285,Metazoa,Annelida,Polychaeta,Phyllodocida,Polynoidae,Halosydna,0,0,TRUE,ASV3512,2,Halosydna brevisetosa
edna0025,ASV4569,motu3550,Amonardia perturbata,Harpacticoid copepod,species,NA,1,NA,NA,NA,47,NA,NA,NA,NA,NA,Amonardia perturbata,Harpacticoid copepod,2018_chp_depth,chp,beach_seine,2018-07-12,2018-07-10,2018,depth,2,edna_chp_00,depth,biological,11.6,30.85,8.12,NA,NA,NA,3.5,1000,0,51.67615482,-128.1232837,sand,n,35,e,seagrass,zostera,seagrass_sand,zostera_sand,99.68,9.126599999999999e-159,310,Metazoa,Arthropoda,Copepoda,Harpacticoida,Miraciidae,Amonardia,0,0,TRUE,ASV4569,1,Amonardia perturbata
edna0025,ASV4648,motu3607,Lottia paradigitalis,Boreal limpet,species,NA,1,NA,NA,NA,4,NA,NA,NA,NA,NA,Lottia paradigitalis,Boreal limpet,2018_chp_depth,chp,beach_seine,2018-07-12,2018-07-10,2018,depth,2,edna_chp_00,depth,biological,11.6,30.85,8.12,NA,NA,NA,3.5,1000,0,51.67615482,-128.1232837,sand,n,35,e,seagrass,zostera,seagrass_sand,zostera_sand,100,1.96163e-160,313,Metazoa,Mollusca,Gastropoda,NA,Lottiidae,Lottia,0,0,TRUE,ASV4648,2,Lottia paradigitalis
edna0025,ASV4888,motu3781,Amonardia perturbata,Harpacticoid copepod,species,NA,1,NA,NA,NA,39,NA,NA,NA,NA,NA,Amonardia perturbata,Harpacticoid copepod,2018_chp_depth,chp,beach_seine,2018-07-12,2018-07-10,2018,depth,2,edna_chp_00,depth,biological,11.6,30.85,8.12,NA,NA,NA,3.5,1000,0,51.67615482,-128.1232837,sand,n,35,e,seagrass,zostera,seagrass_sand,zostera_sand,99.68,9.126599999999999e-159,310,Metazoa,Arthropoda,Copepoda,Harpacticoida,Miraciidae,Amonardia,0,0,TRUE,ASV4888,1,Amonardia perturbata
edna0025,ASV5093,motu2171,Amonardia perturbata,Harpacticoid copepod,species,NA,1,NA,NA,NA,34,NA,NA,NA,NA,NA,Amonardia perturbata,Harpacticoid copepod,2018_chp_depth,chp,beach_seine,2018-07-12,2018-07-10,2018,depth,2,edna_chp_00,depth,biological,11.6,30.85,8.12,NA,NA,NA,3.5,1000,0,51.67615482,-128.1232837,sand,n,35,e,seagrass,zostera,seagrass_sand,zostera_sand,98.72,9.19139e-154,301,Metazoa,Arthropoda,Copepoda,Harpacticoida,Miraciidae,Amonardia,0,0,TRUE,ASV2675,2,Amonardia perturbata
edna0025,ASV5094,motu190,Mytilus,Mussel species,genus,NA,1,NA,NA,NA,34,NA,NA,NA,NA,NA,Mytilus trossulus,Bay mussel,2018_chp_depth,chp,beach_seine,2018-07-12,2018-07-10,2018,depth,2,edna_chp_00,depth,biological,11.6,30.85,8.12,NA,NA,NA,3.5,1000,0,51.67615482,-128.1232837,sand,n,35,e,seagrass,zostera,seagrass_sand,zostera_sand,99.68,1.5051499999999994e-156,306,Metazoa,Mollusca,Mollusca,Mytilida,Mytilidae,Mytilus,0,0,TRUE,ASV216,23,NA
edna0025,ASV5374,motu4126,Nudibranchia,Nudibranch species,order,NA,1,NA,NA,NA,29,NA,NA,NA,NA,NA,Nudibranchia,Nudibranch species,2018_chp_depth,chp,beach_seine,2018-07-12,2018-07-10,2018,depth,2,edna_chp_00,depth,biological,11.6,30.85,8.12,NA,NA,NA,3.5,1000,0,51.67615482,-128.1232837,sand,n,35,e,seagrass,zostera,seagrass_sand,zostera_sand,99.36,4.246189999999999e-157,307,Metazoa,Mollusca,Mollusca,Nudibranchia,NA,NA,0,0,TRUE,ASV5374,1,NA
edna0025,ASV4712,motu3652,Staphylinidae,Hexapod,genus,NA,1,NA,NA,NA,5,NA,NA,NA,NA,NA,Staphylinidae,Hexapod,2018_chp_depth,chp,beach_seine,2018-07-12,2018-07-10,2018,depth,2,edna_chp_00,depth,biological,11.6,30.85,8.12,NA,NA,NA,3.5,1000,0,51.67615482,-128.1232837,sand,n,35,e,seagrass,zostera,seagrass_sand,zostera_sand,96.08,1.85468e-11,45,Metazoa,Arthropoda,Arthropoda,Coleoptera,Staphylinidae,Staphylinidae,NA,NA,TRUE,ASV4712,1,NA
edna0025,ASV5987,motu4604,Lineus,Ribbon worm,genus,NA,1,NA,NA,NA,11,NA,NA,NA,NA,NA,Lineus,Ribbon worm,2018_chp_depth,chp,beach_seine,2018-07-12,2018-07-10,2018,depth,2,edna_chp_00,depth,biological,11.6,30.85,8.12,NA,NA,NA,3.5,1000,0,51.67615482,-128.1232837,sand,n,35,e,seagrass,zostera,seagrass_sand,zostera_sand,99.68,9.126599999999999e-159,310,Metazoa,Nemertea,Pilidiophora,Heteronemertea,Lineidae,Lineus,0,0,TRUE,ASV5987,1,NA
edna0025,ASV6065,motu4671,Lineus,Ribbon worm,genus,NA,1,NA,NA,NA,7,NA,NA,NA,NA,NA,Lineus,Ribbon worm,2018_chp_depth,chp,beach_seine,2018-07-12,2018-07-10,2018,depth,2,edna_chp_00,depth,biological,11.6,30.85,8.12,NA,NA,NA,3.5,1000,0,51.67615482,-128.1232837,sand,n,35,e,seagrass,zostera,seagrass_sand,zostera_sand,99.68,9.126599999999999e-159,310,Metazoa,Nemertea,Pilidiophora,Heteronemertea,Lineidae,Lineus,0,0,TRUE,ASV6065,1,NA
edna0025,ASV5429,motu4167,Cecidomyiidae,Hexapod,genus,NA,1,NA,NA,NA,2,NA,NA,NA,NA,NA,Cecidomyiidae,Hexapod,2018_chp_depth,chp,beach_seine,2018-07-12,2018-07-10,2018,depth,2,edna_chp_00,depth,biological,11.6,30.85,8.12,NA,NA,NA,3.5,1000,0,51.67615482,-128.1232837,sand,n,35,e,seagrass,zostera,seagrass_sand,zostera_sand,95,2.44266e-5,34,Metazoa,Arthropoda,Arthropoda,Diptera,Cecidomyiidae,Cecidomyiidae,NA,NA,TRUE,ASV5429,1,NA
edna0025,ASV6334,motu4895,Staphylinidae,Hexapod,genus,NA,1,NA,NA,NA,8,NA,NA,NA,NA,NA,Staphylinidae,Hexapod,2018_chp_depth,chp,beach_seine,2018-07-12,2018-07-10,2018,depth,2,edna_chp_00,depth,biological,11.6,30.85,8.12,NA,NA,NA,3.5,1000,0,51.67615482,-128.1232837,sand,n,35,e,seagrass,zostera,seagrass_sand,zostera_sand,96.08,1.89202e-11,45,Metazoa,Arthropoda,Arthropoda,Coleoptera,Staphylinidae,Staphylinidae,NA,NA,TRUE,ASV6334,1,NA
edna0025,ASV6876,motu5349,Nutricola tantilla,Purple dwarf-venus,species,NA,1,NA,NA,NA,3,NA,NA,NA,NA,NA,Nutricola tantilla,Purple dwarf-venus,2018_chp_depth,chp,beach_seine,2018-07-12,2018-07-10,2018,depth,2,edna_chp_00,depth,biological,11.6,30.85,8.12,NA,NA,NA,3.5,1000,0,51.67615482,-128.1232837,sand,n,35,e,seagrass,zostera,seagrass_sand,zostera_sand,93.59,1.6255099999999998e-126,252,Metazoa,Mollusca,Bivalvia,Venerida,Veneridae,Nutricola,0,0,TRUE,ASV6876,1,Nutricola tantilla
edna0026,ASV131,motu117,Lensia,Siphonophore,genus,NA,1,NA,NA,NA,12,NA,NA,NA,NA,NA,Lensia,Siphonophore,2018_chp_surface,chp,beach_seine,2018-07-12,2018-07-10,2018,surface,3,edna_chp_15,surface,biological,11.6,30.86,8.09,NA,NA,NA,3.5,1000,0,51.67628487,-128.1233672,sand,n,35,e,seagrass,zostera,seagrass_sand,zostera_sand,100,0.00408744,30,Metazoa,Cnidaria,Cnidaria,Siphonophorae,Diphyidae,Lensia,0,0,TRUE,ASV131,2,NA
edna0026,ASV251,motu105,Mesocentrotus franciscanus,Red sea urchin,species,NA,1,NA,1,NA,48,NA,NA,NA,NA,44,Mesocentrotus franciscanus,Red sea urchin,2018_chp_surface,chp,beach_seine,2018-07-12,2018-07-10,2018,surface,3,edna_chp_15,surface,biological,11.6,30.86,8.09,NA,NA,NA,3.5,1000,0,51.67628487,-128.1233672,sand,n,35,e,seagrass,zostera,seagrass_sand,zostera_sand,100,7.02982e-160,312,Metazoa,Echinodermata,Echinoidea,Camarodonta,Strongylocentrotidae,Mesocentrotus,0,0,TRUE,ASV118,8,Mesocentrotus franciscanus
edna0026,ASV226,motu199,Mytilus trossulus,Bay mussel,species,NA,1,1,NA,NA,30,16,NA,NA,NA,NA,Mytilus trossulus,Bay mussel,2018_chp_surface,chp,beach_seine,2018-07-12,2018-07-10,2018,surface,3,edna_chp_15,surface,biological,11.6,30.86,8.09,NA,NA,NA,3.5,1000,0,51.67628487,-128.1233672,sand,n,35,e,seagrass,zostera,seagrass_sand,zostera_sand,100,3.2351099999999996e-158,309,Metazoa,Mollusca,Mollusca,Mytilida,Mytilidae,Mytilus,0,0,TRUE,ASV226,18,Mytilus trossulus
edna0026,ASV580,motu150,Pseudocalanus mimus,Calanoid copepod,species,NA,1,1,NA,NA,58,38,NA,NA,NA,NA,Pseudocalanus mimus,Calanoid copepod,2018_chp_surface,chp,beach_seine,2018-07-12,2018-07-10,2018,surface,3,edna_chp_15,surface,biological,11.6,30.86,8.09,NA,NA,NA,3.5,1000,0,51.67628487,-128.1233672,sand,n,35,e,seagrass,zostera,seagrass_sand,zostera_sand,99.67,9.19139e-154,301,Metazoa,Arthropoda,Copepoda,Calanoida,Clausocalanidae,Pseudocalanus,0,0,TRUE,ASV171,10,Pseudocalanus mimus
edna0026,ASV354,motu313,Mitrocoma cellularia,Cross jelly,species,NA,1,NA,1,NA,4,NA,NA,NA,NA,6,Mitrocoma cellularia,Cross jelly,2018_chp_surface,chp,beach_seine,2018-07-12,2018-07-10,2018,surface,3,edna_chp_15,surface,biological,11.6,30.86,8.09,NA,NA,NA,3.5,1000,0,51.67628487,-128.1233672,sand,n,35,e,seagrass,zostera,seagrass_sand,zostera_sand,100,1.4886099999999998e-156,306,Metazoa,Cnidaria,Hydrozoa,Leptothecata,Mitrocomidae,Mitrocoma,0,0,TRUE,ASV354,2,Mitrocoma cellularia
edna0026,ASV616,motu537,Mitrocoma cellularia,Cross jelly,species,NA,1,NA,NA,NA,7,NA,NA,NA,NA,NA,Mitrocoma cellularia,Cross jelly,2018_chp_surface,chp,beach_seine,2018-07-12,2018-07-10,2018,surface,3,edna_chp_15,surface,biological,11.6,30.86,8.09,NA,NA,NA,3.5,1000,0,51.67628487,-128.1233672,sand,n,35,e,seagrass,zostera,seagrass_sand,zostera_sand,100,1.4886099999999998e-156,306,Metazoa,Cnidaria,Hydrozoa,Leptothecata,Mitrocomidae,Mitrocoma,0,0,TRUE,ASV616,6,Mitrocoma cellularia
edna0026,ASV744,motu648,Evasterias troschelii,False ochre star,species,NA,1,NA,NA,NA,2,NA,NA,NA,NA,NA,Evasterias troschelii,False ochre star,2018_chp_surface,chp,beach_seine,2018-07-12,2018-07-10,2018,surface,3,edna_chp_15,surface,biological,11.6,30.86,8.09,NA,NA,NA,3.5,1000,0,51.67628487,-128.1233672,sand,n,35,e,seagrass,zostera,seagrass_sand,zostera_sand,100,1.96163e-160,313,Metazoa,Echinodermata,Asteroidea,Forcipulatida,Asteriidae,Evasterias,0,0,TRUE,ASV744,1,Evasterias troschelii
edna0026,ASV320,motu281,Pseudocalanus newmani,Calanoid copepod,species,NA,1,1,1,NA,78,23,50,81,NA,57,Pseudocalanus newmani,Calanoid copepod,2018_chp_surface,chp,beach_seine,2018-07-12,2018-07-10,2018,surface,3,edna_chp_15,surface,biological,11.6,30.86,8.09,NA,NA,NA,3.5,1000,0,51.67628487,-128.1233672,sand,n,35,e,seagrass,zostera,seagrass_sand,zostera_sand,100,1.96163e-160,313,Metazoa,Arthropoda,Copepoda,Calanoida,Clausocalanidae,Pseudocalanus,0,0,TRUE,ASV320,6,Pseudocalanus newmani
edna0026,ASV916,motu796,Panopea generosa,Pacific geoduck,species,NA,1,NA,NA,NA,12,NA,NA,NA,NA,NA,Panopea generosa,Pacific geoduck,2018_chp_surface,chp,beach_seine,2018-07-12,2018-07-10,2018,surface,3,edna_chp_15,surface,biological,11.6,30.86,8.09,NA,NA,NA,3.5,1000,0,51.67628487,-128.1233672,sand,n,35,e,seagrass,zostera,seagrass_sand,zostera_sand,100,1.96163e-160,313,Metazoa,Mollusca,Bivalvia,Adapedonta,Hiatellidae,Panopea,0,0,TRUE,ASV916,4,Panopea generosa
edna0026,ASV1038,motu895,Clytia gregaria,Gregarious jellyfish,species,NA,1,NA,NA,NA,4,NA,NA,NA,NA,NA,Clytia gregaria,Gregarious jellyfish,2018_chp_surface,chp,beach_seine,2018-07-12,2018-07-10,2018,surface,3,edna_chp_15,surface,biological,11.6,30.86,8.09,NA,NA,NA,3.5,1000,0,51.67628487,-128.1233672,sand,n,35,e,seagrass,zostera,seagrass_sand,zostera_sand,99.68,9.126599999999999e-159,310,Metazoa,Cnidaria,Hydrozoa,Leptothecata,Campanulariidae,Clytia,0,0,TRUE,ASV1038,2,Clytia gregaria
edna0026,ASV1013,motu876,Orobdella,Freshwater leech,genus,NA,1,NA,NA,NA,10,NA,NA,NA,NA,NA,Orobdella,Freshwater leech,2018_chp_surface,chp,beach_seine,2018-07-12,2018-07-10,2018,surface,3,edna_chp_15,surface,biological,11.6,30.86,8.09,NA,NA,NA,3.5,1000,0,51.67628487,-128.1233672,sand,n,35,e,seagrass,zostera,seagrass_sand,zostera_sand,97.06,0.00121031,31,Metazoa,Annelida,Annelida,Erpobdelliformes,Orobdellidae,Orobdella,NA,NA,TRUE,ASV1013,1,NA
edna0026,ASV1062,motu914,Chone magna,Feather duster worm,species,NA,1,NA,NA,NA,3,NA,NA,NA,NA,NA,Chone magna,Feather duster worm,2018_chp_surface,chp,beach_seine,2018-07-12,2018-07-10,2018,surface,3,edna_chp_15,surface,biological,11.6,30.86,8.09,NA,NA,NA,3.5,1000,0,51.67628487,-128.1233672,sand,n,35,e,seagrass,zostera,seagrass_sand,zostera_sand,100,1.96163e-160,313,Metazoa,Annelida,Polychaeta,Sabellida,Sabellidae,Chone,0,0,TRUE,ASV1062,2,Chone magna
edna0026,ASV1099,motu71,Acartia (Acartiura) longiremis,Calanoid copepod,species,NA,1,NA,NA,NA,58,NA,NA,NA,NA,NA,Acartia (Acartiura) longiremis,Calanoid copepod,2018_chp_surface,chp,beach_seine,2018-07-12,2018-07-10,2018,surface,3,edna_chp_15,surface,biological,11.6,30.86,8.09,NA,NA,NA,3.5,1000,0,51.67628487,-128.1233672,sand,n,35,e,seagrass,zostera,seagrass_sand,zostera_sand,99.68,9.126599999999999e-159,310,Metazoa,Arthropoda,Copepoda,Calanoida,Acartiidae,Acartia,0,0,TRUE,ASV81,23,Acartia (Acartiura) longiremis
edna0026,ASV714,motu22,Acartia (Acartiura) longiremis,Calanoid copepod,species,NA,1,NA,1,NA,58,NA,94,NA,NA,NA,Acartia (Acartiura) longiremis,Calanoid copepod,2018_chp_surface,chp,beach_seine,2018-07-12,2018-07-10,2018,surface,3,edna_chp_15,surface,biological,11.6,30.86,8.09,NA,NA,NA,3.5,1000,0,51.67628487,-128.1233672,sand,n,35,e,seagrass,zostera,seagrass_sand,zostera_sand,99.68,9.126599999999999e-159,310,Metazoa,Arthropoda,Copepoda,Calanoida,Acartiidae,Acartia,0,0,TRUE,ASV25,27,Acartia (Acartiura) longiremis
edna0026,ASV713,motu350,Synchaeta pectinata,Rotifer,species,NA,1,1,1,NA,5,4,6,11,NA,12,Synchaeta pectinata,Rotifer,2018_chp_surface,chp,beach_seine,2018-07-12,2018-07-10,2018,surface,3,edna_chp_15,surface,biological,11.6,30.86,8.09,NA,NA,NA,3.5,1000,0,51.67628487,-128.1233672,sand,n,35,e,seagrass,zostera,seagrass_sand,zostera_sand,90.79,3.5361899999999996e-113,228,Metazoa,Rotifera,Eurotatoria,Ploima,Synchaetidae,Synchaeta,0,0,TRUE,ASV398,4,Synchaeta pectinata
edna0026,ASV1384,motu1168,Membranipora membranacea,Coffin box bryozoan,species,NA,1,NA,NA,NA,6,NA,NA,NA,NA,NA,Membranipora membranacea,Coffin box bryozoan,2018_chp_surface,chp,beach_seine,2018-07-12,2018-07-10,2018,surface,3,edna_chp_15,surface,biological,11.6,30.86,8.09,NA,NA,NA,3.5,1000,0,51.67628487,-128.1233672,sand,n,35,e,seagrass,zostera,seagrass_sand,zostera_sand,100,9.252979999999995e-139,274,Metazoa,Bryozoa,Gymnolaemata,Cheilostomatida,Membraniporidae,Membranipora,0,0,TRUE,ASV1384,2,Membranipora membranacea
edna0026,ASV1482,motu118,Mesocentrotus franciscanus,Red sea urchin,species,NA,1,NA,NA,NA,60,NA,NA,NA,NA,NA,Mesocentrotus franciscanus,Red sea urchin,2018_chp_surface,chp,beach_seine,2018-07-12,2018-07-10,2018,surface,3,edna_chp_15,surface,biological,11.6,30.86,8.09,NA,NA,NA,3.5,1000,0,51.67628487,-128.1233672,sand,n,35,e,seagrass,zostera,seagrass_sand,zostera_sand,100,1.96163e-160,313,Metazoa,Echinodermata,Echinoidea,Camarodonta,Strongylocentrotidae,Mesocentrotus,0,0,TRUE,ASV132,8,Mesocentrotus franciscanus
edna0026,ASV920,motu800,Polymorphidae,Thorny headed worm,family,NA,1,NA,NA,NA,10,NA,NA,NA,NA,NA,Polymorphidae,Thorny headed worm,2018_chp_surface,chp,beach_seine,2018-07-12,2018-07-10,2018,surface,3,edna_chp_15,surface,biological,11.6,30.86,8.09,NA,NA,NA,3.5,1000,0,51.67628487,-128.1233672,sand,n,35,e,seagrass,zostera,seagrass_sand,zostera_sand,94.87,8.37307e-5,33,Metazoa,Acanthocephala,Acanthocephala,Polymorphida,Polymorphidae,NA,0,0,TRUE,ASV920,3,NA
edna0026,ASV1546,motu1303,Chaetognatha,Arrow worm,phylum,NA,1,NA,NA,NA,8,NA,NA,NA,NA,NA,Chaetognatha,Arrow worm,2018_chp_surface,chp,beach_seine,2018-07-12,2018-07-10,2018,surface,3,edna_chp_15,surface,biological,11.6,30.86,8.09,NA,NA,NA,3.5,1000,0,51.67628487,-128.1233672,sand,n,35,e,seagrass,zostera,seagrass_sand,zostera_sand,95.02,1.63074e-81,171,Metazoa,Chaetognatha,NA,NA,NA,NA,0,0,TRUE,ASV1546,2,NA
edna0026,ASV801,motu697,Micropodarke dubia,Hesionid polychaete,species,NA,1,NA,1,NA,7,NA,NA,NA,NA,10,Micropodarke dubia,Hesionid polychaete,2018_chp_surface,chp,beach_seine,2018-07-12,2018-07-10,2018,surface,3,edna_chp_15,surface,biological,11.6,30.86,8.09,NA,NA,NA,3.5,1000,0,51.67628487,-128.1233672,sand,n,35,e,seagrass,zostera,seagrass_sand,zostera_sand,100,1.96163e-160,313,Metazoa,Annelida,Polychaeta,Phyllodocida,Hesionidae,Micropodarke,0,0,TRUE,ASV801,2,Micropodarke dubia
edna0026,ASV1585,motu1335,Lottia scutum,Plate limpet,species,NA,1,NA,NA,NA,2,NA,NA,NA,NA,NA,Lottia scutum,Plate limpet,2018_chp_surface,chp,beach_seine,2018-07-12,2018-07-10,2018,surface,3,edna_chp_15,surface,biological,11.6,30.86,8.09,NA,NA,NA,3.5,1000,0,51.67628487,-128.1233672,sand,n,35,e,seagrass,zostera,seagrass_sand,zostera_sand,100,3.150669999999998e-153,300,Metazoa,Mollusca,Mollusca,NA,Lottiidae,Lottia,0,0,TRUE,ASV1585,1,Lottia scutum
edna0026,ASV2138,motu470,Paracalanus,Calanoid copepod,genus,NA,1,NA,NA,NA,13,NA,NA,NA,NA,NA,Paracalanus parvus parvus,Calanoid copepod,2018_chp_surface,chp,beach_seine,2018-07-12,2018-07-10,2018,surface,3,edna_chp_15,surface,biological,11.6,30.86,8.09,NA,NA,NA,3.5,1000,0,51.67628487,-128.1233672,sand,n,35,e,seagrass,zostera,seagrass_sand,zostera_sand,99.67,1.14177e-152,299,Metazoa,Arthropoda,Arthropoda,Calanoida,Paracalanidae,Paracalanus,0,0,TRUE,ASV536,6,NA
edna0026,ASV2669,motu1590,Haliotis kamtschatkana,Northern abalone,species,NA,1,NA,NA,NA,8,NA,NA,NA,NA,NA,Haliotis kamtschatkana,Northern abalone,2018_chp_surface,chp,beach_seine,2018-07-12,2018-07-10,2018,surface,3,edna_chp_15,surface,biological,11.6,30.86,8.09,NA,NA,NA,3.5,1000,0,51.67628487,-128.1233672,sand,n,35,e,seagrass,zostera,seagrass_sand,zostera_sand,100,1.96163e-160,313,Metazoa,Mollusca,Mollusca,Lepetellida,Haliotidae,Haliotis,0,0,TRUE,ASV1911,6,Haliotis kamtschatkana
edna0026,ASV2213,motu1826,Mytilus californianus,California mussel,species,NA,1,NA,1,NA,39,NA,NA,NA,NA,48,Mytilus californianus,California mussel,2018_chp_surface,chp,beach_seine,2018-07-12,2018-07-10,2018,surface,3,edna_chp_15,surface,biological,11.6,30.86,8.09,NA,NA,NA,3.5,1000,0,51.67628487,-128.1233672,sand,n,35,e,seagrass,zostera,seagrass_sand,zostera_sand,100,3.2351099999999996e-158,309,Metazoa,Mollusca,Bivalvia,Mytilida,Mytilidae,Mytilus,0,0,TRUE,ASV2213,3,Mytilus californianus
edna0026,ASV1576,motu1328,Strongylocentrotus purpuratus,Purple sea urchin,species,NA,1,NA,1,NA,12,NA,NA,NA,NA,17,Strongylocentrotus purpuratus,Purple sea urchin,2018_chp_surface,chp,beach_seine,2018-07-12,2018-07-10,2018,surface,3,edna_chp_15,surface,biological,11.6,30.86,8.09,NA,NA,NA,3.5,1000,0,51.67628487,-128.1233672,sand,n,35,e,seagrass,zostera,seagrass_sand,zostera_sand,100,1.96163e-160,313,Metazoa,Echinodermata,Echinoidea,Camarodonta,Strongylocentrotidae,Strongylocentrotus,0,0,TRUE,ASV1576,4,Strongylocentrotus purpuratus
edna0026,ASV2796,motu2259,Strongylocentrotus purpuratus,Purple sea urchin,species,NA,1,NA,NA,NA,21,NA,NA,NA,NA,NA,Strongylocentrotus purpuratus,Purple sea urchin,2018_chp_surface,chp,beach_seine,2018-07-12,2018-07-10,2018,surface,3,edna_chp_15,surface,biological,11.6,30.86,8.09,NA,NA,NA,3.5,1000,0,51.67628487,-128.1233672,sand,n,35,e,seagrass,zostera,seagrass_sand,zostera_sand,100,1.96163e-160,313,Metazoa,Echinodermata,Echinoidea,Camarodonta,Strongylocentrotidae,Strongylocentrotus,0,0,TRUE,ASV2796,2,Strongylocentrotus purpuratus
edna0026,ASV2582,motu1556,Dodecaceria,Cirratulid polychaete,genus,NA,1,NA,NA,NA,11,NA,NA,NA,NA,NA,Dodecaceria,Cirratulid polychaete,2018_chp_surface,chp,beach_seine,2018-07-12,2018-07-10,2018,surface,3,edna_chp_15,surface,biological,11.6,30.86,8.09,NA,NA,NA,3.5,1000,0,51.67628487,-128.1233672,sand,n,35,e,seagrass,zostera,seagrass_sand,zostera_sand,100,1.96163e-160,313,Metazoa,Annelida,Polychaeta,Terebellida,Cirratulidae,Dodecaceria,0,0,TRUE,ASV1870,5,NA
edna0026,ASV1655,motu1104,Haliotis kamtschatkana,Northern abalone,species,NA,1,NA,NA,NA,13,NA,NA,NA,NA,NA,Haliotis kamtschatkana,Northern abalone,2018_chp_surface,chp,beach_seine,2018-07-12,2018-07-10,2018,surface,3,edna_chp_15,surface,biological,11.6,30.86,8.09,NA,NA,NA,3.5,1000,0,51.67628487,-128.1233672,sand,n,35,e,seagrass,zostera,seagrass_sand,zostera_sand,100,7.02982e-160,312,Metazoa,Mollusca,Mollusca,Lepetellida,Haliotidae,Haliotis,0,0,TRUE,ASV1304,9,Haliotis kamtschatkana
edna0026,ASV3605,motu2855,Paracalanus,Calanoid copepod,genus,NA,1,NA,NA,NA,13,NA,NA,NA,NA,NA,Paracalanus,Calanoid copepod,2018_chp_surface,chp,beach_seine,2018-07-12,2018-07-10,2018,surface,3,edna_chp_15,surface,biological,11.6,30.86,8.09,NA,NA,NA,3.5,1000,0,51.67628487,-128.1233672,sand,n,35,e,seagrass,zostera,seagrass_sand,zostera_sand,99.68,1.172079999999999e-157,308,Metazoa,Arthropoda,Arthropoda,Calanoida,Paracalanidae,Paracalanus,0,0,TRUE,ASV3605,1,NA
edna0026,ASV3067,motu2468,Halichondria (Halichondria) panicea,Breadcrumb sponge species,species,NA,1,NA,NA,NA,3,NA,NA,NA,NA,NA,Halichondria (Halichondria) panicea,Breadcrumb sponge species,2018_chp_surface,chp,beach_seine,2018-07-12,2018-07-10,2018,surface,3,edna_chp_15,surface,biological,11.6,30.86,8.09,NA,NA,NA,3.5,1000,0,51.67628487,-128.1233672,sand,n,35,e,seagrass,zostera,seagrass_sand,zostera_sand,99.33,6.819989999999996e-150,294,Metazoa,Porifera,Demospongiae,Suberitida,Halichondriidae,Halichondria,0,0,TRUE,ASV3067,1,Halichondria (Halichondria) panicea
edna0026,ASV2807,motu1655,Notomastus,Capitellid polychaete,genus,NA,1,NA,NA,NA,3,NA,NA,NA,NA,NA,Notomastus,Capitellid polychaete,2018_chp_surface,chp,beach_seine,2018-07-12,2018-07-10,2018,surface,3,edna_chp_15,surface,biological,11.6,30.86,8.09,NA,NA,NA,3.5,1000,0,51.67628487,-128.1233672,sand,n,35,e,seagrass,zostera,seagrass_sand,zostera_sand,100,1.96163e-160,313,Metazoa,Annelida,Polychaeta,NA,Capitellidae,Notomastus,0,0,TRUE,ASV1997,2,NA
edna0026,ASV2414,motu1743,Notomastus,Capitellid polychaete,genus,NA,1,NA,NA,NA,6,NA,NA,NA,NA,NA,Notomastus,Capitellid polychaete,2018_chp_surface,chp,beach_seine,2018-07-12,2018-07-10,2018,surface,3,edna_chp_15,surface,biological,11.6,30.86,8.09,NA,NA,NA,3.5,1000,0,51.67628487,-128.1233672,sand,n,35,e,seagrass,zostera,seagrass_sand,zostera_sand,100,1.96163e-160,313,Metazoa,Annelida,Polychaeta,NA,Capitellidae,Notomastus,0,0,TRUE,ASV2114,2,NA
edna0026,ASV3153,motu2527,Aurelia labiata,Moon jelly species,species,NA,1,NA,1,NA,2,NA,NA,NA,NA,5,Aurelia labiata,Moon jelly species,2018_chp_surface,chp,beach_seine,2018-07-12,2018-07-10,2018,surface,3,edna_chp_15,surface,biological,11.6,30.86,8.09,NA,NA,NA,3.5,1000,0,51.67628487,-128.1233672,sand,n,35,e,seagrass,zostera,seagrass_sand,zostera_sand,99.04,1.97556e-155,304,Metazoa,Cnidaria,Scyphozoa,Semaeostomeae,Ulmaridae,Aurelia,0,0,TRUE,ASV3153,1,Aurelia labiata
edna0026,ASV7404,motu5789,Coryne eximia,Athecate hydroid,species,NA,1,NA,NA,NA,4,NA,NA,NA,NA,NA,Coryne eximia,Athecate hydroid,2018_chp_surface,chp,beach_seine,2018-07-12,2018-07-10,2018,surface,3,edna_chp_15,surface,biological,11.6,30.86,8.09,NA,NA,NA,3.5,1000,0,51.67628487,-128.1233672,sand,n,35,e,seagrass,zostera,seagrass_sand,zostera_sand,99.67,7.065279999999996e-155,303,Metazoa,Cnidaria,Hydrozoa,Anthoathecata,Corynidae,Coryne,0,0,TRUE,ASV7404,1,Coryne eximia
edna0027,ASV143,motu128,Centropages abdominalis,Calanoid copepod,species,NA,1,NA,NA,NA,10,NA,NA,NA,NA,NA,Centropages abdominalis,Calanoid copepod,2018_chp_depth,chp,beach_seine,2018-07-12,2018-07-10,2018,depth,3,edna_chp_30,depth,biological,NA,NA,NA,NA,NA,NA,3.5,1000,0,51.6763963,-128.123414,sand,n,35,e,seagrass,zostera,seagrass_sand,zostera_sand,100,1.96163e-160,313,Metazoa,Arthropoda,Copepoda,Calanoida,Centropagidae,Centropages,0,0,TRUE,ASV143,11,Centropages abdominalis
edna0027,ASV258,motu228,Lensia,Siphonophore,genus,NA,1,NA,NA,NA,9,NA,NA,NA,NA,NA,Lensia,Siphonophore,2018_chp_depth,chp,beach_seine,2018-07-12,2018-07-10,2018,depth,3,edna_chp_30,depth,biological,NA,NA,NA,NA,NA,NA,3.5,1000,0,51.6763963,-128.123414,sand,n,35,e,seagrass,zostera,seagrass_sand,zostera_sand,100,0.00408744,30,Metazoa,Cnidaria,Cnidaria,Siphonophorae,Diphyidae,Lensia,0,0,TRUE,ASV258,1,NA
edna0027,ASV226,motu199,Mytilus trossulus,Bay mussel,species,NA,1,NA,NA,NA,40,NA,NA,NA,NA,NA,Mytilus trossulus,Bay mussel,2018_chp_depth,chp,beach_seine,2018-07-12,2018-07-10,2018,depth,3,edna_chp_30,depth,biological,NA,NA,NA,NA,NA,NA,3.5,1000,0,51.6763963,-128.123414,sand,n,35,e,seagrass,zostera,seagrass_sand,zostera_sand,100,3.2351099999999996e-158,309,Metazoa,Mollusca,Mollusca,Mytilida,Mytilidae,Mytilus,0,0,TRUE,ASV226,18,Mytilus trossulus
edna0027,ASV132,motu118,Mesocentrotus franciscanus,Red sea urchin,species,NA,1,NA,1,NA,64,NA,53,41,NA,76,Mesocentrotus franciscanus,Red sea urchin,2018_chp_depth,chp,beach_seine,2018-07-12,2018-07-10,2018,depth,3,edna_chp_30,depth,biological,NA,NA,NA,NA,NA,NA,3.5,1000,0,51.6763963,-128.123414,sand,n,35,e,seagrass,zostera,seagrass_sand,zostera_sand,100,2.51921e-159,311,Metazoa,Echinodermata,Echinoidea,Camarodonta,Strongylocentrotidae,Mesocentrotus,0,0,TRUE,ASV132,8,Mesocentrotus franciscanus
edna0027,ASV603,motu529,Ophiopholis kennerlyi,Daisy brittle star,species,NA,1,NA,NA,NA,9,NA,NA,NA,NA,NA,Ophiopholis kennerlyi,Daisy brittle star,2018_chp_depth,chp,beach_seine,2018-07-12,2018-07-10,2018,depth,3,edna_chp_30,depth,biological,NA,NA,NA,NA,NA,NA,3.5,1000,0,51.6763963,-128.123414,sand,n,35,e,seagrass,zostera,seagrass_sand,zostera_sand,100,1.96163e-160,313,Metazoa,Echinodermata,Echinodermata,Amphilepidida,Ophiopholidae,Ophiopholis,0,0,TRUE,ASV603,6,Ophiopholis kennerlyi
edna0027,ASV322,motu283,Dodecaceria,Cirratulid polychaete,genus,NA,1,NA,NA,NA,17,NA,NA,NA,NA,NA,Dodecaceria,Cirratulid polychaete,2018_chp_depth,chp,beach_seine,2018-07-12,2018-07-10,2018,depth,3,edna_chp_30,depth,biological,NA,NA,NA,NA,NA,NA,3.5,1000,0,51.6763963,-128.123414,sand,n,35,e,seagrass,zostera,seagrass_sand,zostera_sand,100,1.96163e-160,313,Metazoa,Annelida,Polychaeta,Terebellida,Cirratulidae,Dodecaceria,0,0,TRUE,ASV322,5,NA
edna0027,ASV744,motu648,Evasterias troschelii,False ochre star,species,NA,1,NA,NA,NA,7,NA,NA,NA,NA,NA,Evasterias troschelii,False ochre star,2018_chp_depth,chp,beach_seine,2018-07-12,2018-07-10,2018,depth,3,edna_chp_30,depth,biological,NA,NA,NA,NA,NA,NA,3.5,1000,0,51.6763963,-128.123414,sand,n,35,e,seagrass,zostera,seagrass_sand,zostera_sand,100,1.96163e-160,313,Metazoa,Echinodermata,Asteroidea,Forcipulatida,Asteriidae,Evasterias,0,0,TRUE,ASV744,1,Evasterias troschelii
edna0027,ASV916,motu796,Panopea generosa,Pacific geoduck,species,NA,1,NA,1,NA,38,NA,16,NA,NA,NA,Panopea generosa,Pacific geoduck,2018_chp_depth,chp,beach_seine,2018-07-12,2018-07-10,2018,depth,3,edna_chp_30,depth,biological,NA,NA,NA,NA,NA,NA,3.5,1000,0,51.6763963,-128.123414,sand,n,35,e,seagrass,zostera,seagrass_sand,zostera_sand,100,1.96163e-160,313,Metazoa,Mollusca,Bivalvia,Adapedonta,Hiatellidae,Panopea,0,0,TRUE,ASV916,4,Panopea generosa
edna0027,ASV1038,motu895,Clytia gregaria,Gregarious jellyfish,species,NA,1,NA,NA,NA,4,NA,NA,NA,NA,NA,Clytia gregaria,Gregarious jellyfish,2018_chp_depth,chp,beach_seine,2018-07-12,2018-07-10,2018,depth,3,edna_chp_30,depth,biological,NA,NA,NA,NA,NA,NA,3.5,1000,0,51.6763963,-128.123414,sand,n,35,e,seagrass,zostera,seagrass_sand,zostera_sand,99.68,9.126599999999999e-159,310,Metazoa,Cnidaria,Hydrozoa,Leptothecata,Campanulariidae,Clytia,0,0,TRUE,ASV1038,2,Clytia gregaria
edna0027,ASV1013,motu876,Orobdella,Freshwater leech,genus,NA,1,NA,NA,NA,6,NA,NA,NA,NA,NA,Orobdella,Freshwater leech,2018_chp_depth,chp,beach_seine,2018-07-12,2018-07-10,2018,depth,3,edna_chp_30,depth,biological,NA,NA,NA,NA,NA,NA,3.5,1000,0,51.6763963,-128.123414,sand,n,35,e,seagrass,zostera,seagrass_sand,zostera_sand,97.06,0.00121031,31,Metazoa,Annelida,Annelida,Erpobdelliformes,Orobdellidae,Orobdella,NA,NA,TRUE,ASV1013,1,NA
edna0027,ASV1062,motu914,Chone magna,Feather duster worm,species,NA,1,NA,NA,NA,3,NA,NA,NA,NA,NA,Chone magna,Feather duster worm,2018_chp_depth,chp,beach_seine,2018-07-12,2018-07-10,2018,depth,3,edna_chp_30,depth,biological,NA,NA,NA,NA,NA,NA,3.5,1000,0,51.6763963,-128.123414,sand,n,35,e,seagrass,zostera,seagrass_sand,zostera_sand,100,1.96163e-160,313,Metazoa,Annelida,Polychaeta,Sabellida,Sabellidae,Chone,0,0,TRUE,ASV1062,2,Chone magna
edna0027,ASV716,motu622,Chone magna,Feather duster worm,species,NA,1,NA,NA,NA,4,NA,NA,NA,NA,NA,Chone magna,Feather duster worm,2018_chp_depth,chp,beach_seine,2018-07-12,2018-07-10,2018,depth,3,edna_chp_30,depth,biological,NA,NA,NA,NA,NA,NA,3.5,1000,0,51.6763963,-128.123414,sand,n,35,e,seagrass,zostera,seagrass_sand,zostera_sand,100,1.96163e-160,313,Metazoa,Annelida,Polychaeta,Sabellida,Sabellidae,Chone,0,0,TRUE,ASV716,2,Chone magna
edna0027,ASV920,motu800,Polymorphidae,Thorny headed worm,family,NA,1,1,1,NA,11,5,NA,NA,NA,9,Polymorphidae,Thorny headed worm,2018_chp_depth,chp,beach_seine,2018-07-12,2018-07-10,2018,depth,3,edna_chp_30,depth,biological,NA,NA,NA,NA,NA,NA,3.5,1000,0,51.6763963,-128.123414,sand,n,35,e,seagrass,zostera,seagrass_sand,zostera_sand,94.87,8.37307e-5,33,Metazoa,Acanthocephala,Acanthocephala,Polymorphida,Polymorphidae,NA,0,0,TRUE,ASV920,3,NA
edna0027,ASV1475,motu1246,Cyanea,Lions mane jellyfish species,genus,NA,1,NA,NA,NA,5,NA,NA,NA,NA,NA,Cyanea,Lions mane jellyfish species,2018_chp_depth,chp,beach_seine,2018-07-12,2018-07-10,2018,depth,3,edna_chp_30,depth,biological,NA,NA,NA,NA,NA,NA,3.5,1000,0,51.6763963,-128.123414,sand,n,35,e,seagrass,zostera,seagrass_sand,zostera_sand,100,3.2351099999999996e-158,309,Metazoa,Cnidaria,Scyphozoa,Semaeostomeae,Cyaneidae,Cyanea,0,0,TRUE,ASV1475,2,NA
edna0027,ASV1521,motu1283,Polymorphidae,Thorny headed worm,family,NA,1,NA,NA,NA,9,NA,NA,NA,NA,NA,Polymorphidae,Thorny headed worm,2018_chp_depth,chp,beach_seine,2018-07-12,2018-07-10,2018,depth,3,edna_chp_30,depth,biological,NA,NA,NA,NA,NA,NA,3.5,1000,0,51.6763963,-128.123414,sand,n,35,e,seagrass,zostera,seagrass_sand,zostera_sand,94.87,8.37307e-5,33,Metazoa,Acanthocephala,Acanthocephala,Polymorphida,Polymorphidae,NA,0,0,TRUE,ASV1521,2,NA
edna0027,ASV1059,motu911,Pleurobrachia bachei,Pacific sea gooseberry,species,NA,1,NA,1,NA,3,NA,NA,5,NA,5,Pleurobrachia bachei,Pacific sea gooseberry,2018_chp_depth,chp,beach_seine,2018-07-12,2018-07-10,2018,depth,3,edna_chp_30,depth,biological,NA,NA,NA,NA,NA,NA,3.5,1000,0,51.6763963,-128.123414,sand,n,35,e,seagrass,zostera,seagrass_sand,zostera_sand,100,1.96163e-160,313,Metazoa,Ctenophora,Tentaculata,Cydippida,Cydippidae,Pleurobrachia,0,0,TRUE,ASV1059,3,Pleurobrachia bachei
edna0027,ASV1293,motu1094,Asteriidae,Sea star,family,NA,1,NA,NA,NA,5,NA,NA,NA,NA,NA,Asteriidae,Sea star,2018_chp_depth,chp,beach_seine,2018-07-12,2018-07-10,2018,depth,3,edna_chp_30,depth,biological,NA,NA,NA,NA,NA,NA,3.5,1000,0,51.6763963,-128.123414,sand,n,35,e,seagrass,zostera,seagrass_sand,zostera_sand,100,1.96163e-160,313,Metazoa,Echinodermata,Echinodermata,Forcipulatida,Asteriidae,NA,0,0,TRUE,ASV1293,1,NA
edna0027,ASV2518,motu2051,Chaetognatha,Arrow worm,phylum,NA,1,NA,NA,NA,7,NA,NA,NA,NA,NA,Chaetognatha,Arrow worm,2018_chp_depth,chp,beach_seine,2018-07-12,2018-07-10,2018,depth,3,edna_chp_30,depth,biological,NA,NA,NA,NA,NA,NA,3.5,1000,0,51.6763963,-128.123414,sand,n,35,e,seagrass,zostera,seagrass_sand,zostera_sand,96.52,1.6192399999999998e-86,180,Metazoa,Chaetognatha,NA,NA,NA,NA,0,0,TRUE,ASV2518,1,NA
edna0027,ASV1755,motu1466,Siphonenteron,Ribbon worm,genus,NA,1,1,1,NA,10,7,NA,10,NA,NA,Siphonenteron,Ribbon worm,2018_chp_depth,chp,beach_seine,2018-07-12,2018-07-10,2018,depth,3,edna_chp_30,depth,biological,NA,NA,NA,NA,NA,NA,3.5,1000,0,51.6763963,-128.123414,sand,n,35,e,seagrass,zostera,seagrass_sand,zostera_sand,100,1.96163e-160,313,Metazoa,Nemertea,Pilidiophora,Heteronemertea,Lineidae,Siphonenteron,0,0,TRUE,ASV1755,2,NA
edna0027,ASV2807,motu1655,Notomastus,Capitellid polychaete,genus,NA,1,NA,1,NA,6,NA,NA,NA,NA,7,Notomastus,Capitellid polychaete,2018_chp_depth,chp,beach_seine,2018-07-12,2018-07-10,2018,depth,3,edna_chp_30,depth,biological,NA,NA,NA,NA,NA,NA,3.5,1000,0,51.6763963,-128.123414,sand,n,35,e,seagrass,zostera,seagrass_sand,zostera_sand,100,1.96163e-160,313,Metazoa,Annelida,Polychaeta,NA,Capitellidae,Notomastus,0,0,TRUE,ASV1997,2,NA
edna0027,ASV2852,motu2305,Coleoptera,Hexapod,order,NA,1,NA,NA,NA,2,NA,NA,NA,NA,NA,Coleoptera,Hexapod,2018_chp_depth,chp,beach_seine,2018-07-12,2018-07-10,2018,depth,3,edna_chp_30,depth,biological,NA,NA,NA,NA,NA,NA,3.5,1000,0,51.6763963,-128.123414,sand,n,35,e,seagrass,zostera,seagrass_sand,zostera_sand,100,0.00110774,31,Metazoa,Arthropoda,Arthropoda,Coleoptera,NA,NA,NA,NA,TRUE,ASV2852,1,NA
edna0027,ASV3252,motu2600,Manania handi,Stalked jellyfish,species,NA,1,NA,NA,NA,3,NA,NA,NA,NA,NA,Manania handi,Stalked jellyfish,2018_chp_depth,chp,beach_seine,2018-07-12,2018-07-10,2018,depth,3,edna_chp_30,depth,biological,NA,NA,NA,NA,NA,NA,3.5,1000,0,51.6763963,-128.123414,sand,n,35,e,seagrass,zostera,seagrass_sand,zostera_sand,100,3.2351099999999996e-158,309,Metazoa,Cnidaria,Cnidaria,Stauromedusae,Haliclystidae,Manania,0,0,TRUE,ASV3252,2,Manania handi
edna0027,ASV4712,motu3652,Staphylinidae,Hexapod,genus,NA,1,NA,NA,NA,6,NA,NA,NA,NA,NA,Staphylinidae,Hexapod,2018_chp_depth,chp,beach_seine,2018-07-12,2018-07-10,2018,depth,3,edna_chp_30,depth,biological,NA,NA,NA,NA,NA,NA,3.5,1000,0,51.6763963,-128.123414,sand,n,35,e,seagrass,zostera,seagrass_sand,zostera_sand,96.08,1.85468e-11,45,Metazoa,Arthropoda,Arthropoda,Coleoptera,Staphylinidae,Staphylinidae,NA,NA,TRUE,ASV4712,1,NA
edna0027,ASV5050,motu3892,Bolinopsis microptera,Short-lobed comb jelly,species,NA,1,NA,NA,NA,5,NA,NA,NA,NA,NA,Bolinopsis microptera,Short-lobed comb jelly,2018_chp_depth,chp,beach_seine,2018-07-12,2018-07-10,2018,depth,3,edna_chp_30,depth,biological,NA,NA,NA,NA,NA,NA,3.5,1000,0,51.6763963,-128.123414,sand,n,35,e,seagrass,zostera,seagrass_sand,zostera_sand,100,1.96163e-160,313,Metazoa,Ctenophora,Tentaculata,Lobata,Bolinopsidae,Bolinopsis,0,0,TRUE,ASV5050,1,Bolinopsis microptera
edna0027,ASV6147,motu4737,Stylasterias forreri,Velcro star,species,NA,1,NA,NA,NA,11,NA,NA,NA,NA,NA,Stylasterias forreri,Velcro star,2018_chp_depth,chp,beach_seine,2018-07-12,2018-07-10,2018,depth,3,edna_chp_30,depth,biological,NA,NA,NA,NA,NA,NA,3.5,1000,0,51.6763963,-128.123414,sand,n,35,e,seagrass,zostera,seagrass_sand,zostera_sand,100,3.2351099999999996e-158,309,Metazoa,Echinodermata,Asteroidea,Forcipulatida,Asteriidae,Stylasterias,0,0,TRUE,ASV6147,1,Stylasterias forreri
edna0027,ASV6227,motu4802,Stylasterias forreri,Velcro star,species,NA,1,NA,NA,NA,11,NA,NA,NA,NA,NA,Stylasterias forreri,Velcro star,2018_chp_depth,chp,beach_seine,2018-07-12,2018-07-10,2018,depth,3,edna_chp_30,depth,biological,NA,NA,NA,NA,NA,NA,3.5,1000,0,51.6763963,-128.123414,sand,n,35,e,seagrass,zostera,seagrass_sand,zostera_sand,100,3.30025e-158,309,Metazoa,Echinodermata,Asteroidea,Forcipulatida,Asteriidae,Stylasterias,0,0,TRUE,ASV6227,1,Stylasterias forreri
edna0027,ASV6333,motu4894,Mytilus californianus,California mussel,species,NA,1,NA,NA,NA,8,NA,NA,NA,NA,NA,Mytilus californianus,California mussel,2018_chp_depth,chp,beach_seine,2018-07-12,2018-07-10,2018,depth,3,edna_chp_30,depth,biological,NA,NA,NA,NA,NA,NA,3.5,1000,0,51.6763963,-128.123414,sand,n,35,e,seagrass,zostera,seagrass_sand,zostera_sand,100,2.0011299999999987e-160,313,Metazoa,Mollusca,Bivalvia,Mytilida,Mytilidae,Mytilus,0,0,TRUE,ASV6333,1,Mytilus californianus
edna0027,ASV4838,motu3744,Ameira,Harpacticoid copepod,genus,NA,1,NA,NA,NA,3,NA,NA,NA,NA,NA,Ameira,Harpacticoid copepod,2018_chp_depth,chp,beach_seine,2018-07-12,2018-07-10,2018,depth,3,edna_chp_30,depth,biological,NA,NA,NA,NA,NA,NA,3.5,1000,0,51.6763963,-128.123414,sand,n,35,e,seagrass,zostera,seagrass_sand,zostera_sand,100,3.2351099999999996e-158,309,Metazoa,Arthropoda,Copepoda,Harpacticoida,Ameiridae,Ameira,0,0,TRUE,ASV4838,1,NA
edna0027,ASV5514,motu4230,Apostichopus californicus,California sea cucumber,species,NA,1,NA,NA,NA,6,NA,NA,NA,NA,NA,Apostichopus californicus,California sea cucumber,2018_chp_depth,chp,beach_seine,2018-07-12,2018-07-10,2018,depth,3,edna_chp_30,depth,biological,NA,NA,NA,NA,NA,NA,3.5,1000,0,51.6763963,-128.123414,sand,n,35,e,seagrass,zostera,seagrass_sand,zostera_sand,100,1.96163e-160,313,Metazoa,Echinodermata,Holothuroidea,Synallactida,Stichopodidae,Apostichopus,0,0,TRUE,ASV5514,1,Apostichopus californicus
edna0027,ASV7404,motu5789,Coryne eximia,Athecate hydroid,species,NA,1,NA,NA,NA,3,NA,NA,NA,NA,NA,Coryne eximia,Athecate hydroid,2018_chp_depth,chp,beach_seine,2018-07-12,2018-07-10,2018,depth,3,edna_chp_30,depth,biological,NA,NA,NA,NA,NA,NA,3.5,1000,0,51.6763963,-128.123414,sand,n,35,e,seagrass,zostera,seagrass_sand,zostera_sand,99.67,7.065279999999996e-155,303,Metazoa,Cnidaria,Hydrozoa,Anthoathecata,Corynidae,Coryne,0,0,TRUE,ASV7404,1,Coryne eximia
edna0027,ASV7556,motu5922,Acari,Mite,class,NA,1,NA,NA,NA,3,NA,NA,NA,NA,NA,Acari,Mite,2018_chp_depth,chp,beach_seine,2018-07-12,2018-07-10,2018,depth,3,edna_chp_30,depth,biological,NA,NA,NA,NA,NA,NA,3.5,1000,0,51.6763963,-128.123414,sand,n,35,e,seagrass,zostera,seagrass_sand,zostera_sand,92.06,4.11116e-13,48,Metazoa,Arthropoda,Arthropoda,NA,NA,NA,NA,NA,TRUE,ASV7556,1,NA
edna0028,ASV216,motu190,Mytilus trossulus,Bay mussel,species,NA,1,NA,NA,NA,36,NA,NA,NA,NA,NA,Mytilus trossulus,Bay mussel,2018_hab4_surface,hab4,beach_seine,2018-07-12,2018-07-11,2018,surface,1,edna_hab4_00,surface,biological,16.5,26.08,8.43,NA,NA,NA,6.4,1000,0,51.664962,-128.0798158,mud,y,200,sp,macroalgae,algae,macroalgae_mud,algae_mud,100,3.2351099999999996e-158,309,Metazoa,Mollusca,Mollusca,Mytilida,Mytilidae,Mytilus,0,0,TRUE,ASV216,23,Mytilus trossulus
edna0028,ASV467,motu412,Saxidomus,Washington clam species,genus,NA,1,1,1,NA,12,7,18,NA,NA,NA,Saxidomus,Washington clam species,2018_hab4_surface,hab4,beach_seine,2018-07-12,2018-07-11,2018,surface,1,edna_hab4_00,surface,biological,16.5,26.08,8.43,NA,NA,NA,6.4,1000,0,51.664962,-128.0798158,mud,y,200,sp,macroalgae,algae,macroalgae_mud,algae_mud,100,1.96163e-160,313,Metazoa,Mollusca,Mollusca,Venerida,Veneridae,Saxidomus,0,0,TRUE,ASV467,12,NA
edna0028,ASV860,motu748,Saxidomus,Washington clam species,genus,NA,1,NA,NA,NA,21,NA,NA,NA,NA,NA,Saxidomus,Washington clam species,2018_hab4_surface,hab4,beach_seine,2018-07-12,2018-07-11,2018,surface,1,edna_hab4_00,surface,biological,16.5,26.08,8.43,NA,NA,NA,6.4,1000,0,51.664962,-128.0798158,mud,y,200,sp,macroalgae,algae,macroalgae_mud,algae_mud,100,1.96163e-160,313,Metazoa,Mollusca,Mollusca,Venerida,Veneridae,Saxidomus,0,0,TRUE,ASV860,4,NA
edna0028,ASV772,motu672,Parastenocarididae,Harpacticoid copepod,family,NA,1,NA,NA,NA,30,NA,NA,NA,NA,NA,Parastenocarididae,Harpacticoid copepod,2018_hab4_surface,hab4,beach_seine,2018-07-12,2018-07-11,2018,surface,1,edna_hab4_00,surface,biological,16.5,26.08,8.43,NA,NA,NA,6.4,1000,0,51.664962,-128.0798158,mud,y,200,sp,macroalgae,algae,macroalgae_mud,algae_mud,94.59,0.00408744,30,Metazoa,Arthropoda,Arthropoda,Harpacticoida,Parastenocarididae,NA,1,0,TRUE,ASV772,1,NA
edna0028,ASV1502,motu1269,Oithona similis,Cyclopoid copepod,species,NA,1,NA,NA,NA,2,NA,NA,NA,NA,NA,Oithona similis,Cyclopoid copepod,2018_hab4_surface,hab4,beach_seine,2018-07-12,2018-07-11,2018,surface,1,edna_hab4_00,surface,biological,16.5,26.08,8.43,NA,NA,NA,6.4,1000,0,51.664962,-128.0798158,mud,y,200,sp,macroalgae,algae,macroalgae_mud,algae_mud,96.17,2.0179399999999996e-140,277,Metazoa,Arthropoda,Copepoda,Cyclopoida,Oithonidae,Oithona,0,0,TRUE,ASV1502,1,Oithona similis
edna0028,ASV1040,motu897,Oithona similis,Cyclopoid copepod,species,NA,1,NA,NA,NA,5,NA,NA,NA,NA,NA,Oithona similis,Cyclopoid copepod,2018_hab4_surface,hab4,beach_seine,2018-07-12,2018-07-11,2018,surface,1,edna_hab4_00,surface,biological,16.5,26.08,8.43,NA,NA,NA,6.4,1000,0,51.664962,-128.0798158,mud,y,200,sp,macroalgae,algae,macroalgae_mud,algae_mud,96.17,2.0179399999999996e-140,277,Metazoa,Arthropoda,Copepoda,Cyclopoida,Oithonidae,Oithona,0,0,TRUE,ASV1040,1,Oithona similis
edna0028,ASV1068,motu920,Arthropoda,Unknown arthropod,phylum,NA,1,NA,NA,NA,22,NA,NA,NA,NA,NA,Arthropoda,Unknown arthropod,2018_hab4_surface,hab4,beach_seine,2018-07-12,2018-07-11,2018,surface,1,edna_hab4_00,surface,biological,16.5,26.08,8.43,NA,NA,NA,6.4,1000,0,51.664962,-128.0798158,mud,y,200,sp,macroalgae,algae,macroalgae_mud,algae_mud,94.87,8.78538e-5,33,Metazoa,Arthropoda,NA,NA,NA,NA,NA,NA,TRUE,ASV1068,4,NA
edna0028,ASV1791,motu1494,Saxidomus nuttalli,California butterclam,species,NA,1,NA,NA,NA,9,NA,NA,NA,NA,NA,Saxidomus nuttalli,California butterclam,2018_hab4_surface,hab4,beach_seine,2018-07-12,2018-07-11,2018,surface,1,edna_hab4_00,surface,biological,16.5,26.08,8.43,NA,NA,NA,6.4,1000,0,51.664962,-128.0798158,mud,y,200,sp,macroalgae,algae,macroalgae_mud,algae_mud,99.68,4.246189999999999e-157,307,Metazoa,Mollusca,Bivalvia,Venerida,Veneridae,Saxidomus,0,0,TRUE,ASV1791,2,Saxidomus nuttalli
edna0028,ASV2291,motu1886,Cerebratulus marginatus,Milky ribbon worm,species,NA,1,NA,NA,NA,34,NA,NA,NA,NA,NA,Cerebratulus marginatus,Milky ribbon worm,2018_hab4_surface,hab4,beach_seine,2018-07-12,2018-07-11,2018,surface,1,edna_hab4_00,surface,biological,16.5,26.08,8.43,NA,NA,NA,6.4,1000,0,51.664962,-128.0798158,mud,y,200,sp,macroalgae,algae,macroalgae_mud,algae_mud,100,1.96163e-160,313,Metazoa,Nemertea,Pilidiophora,Heteronemertea,Lineidae,Cerebratulus,0,0,TRUE,ASV2291,1,Cerebratulus marginatus
edna0028,ASV1431,motu1208,Paracalanus,Calanoid copepod,genus,NA,1,1,NA,NA,46,23,NA,NA,NA,NA,Paracalanus,Calanoid copepod,2018_hab4_surface,hab4,beach_seine,2018-07-12,2018-07-11,2018,surface,1,edna_hab4_00,surface,biological,16.5,26.08,8.43,NA,NA,NA,6.4,1000,0,51.664962,-128.0798158,mud,y,200,sp,macroalgae,algae,macroalgae_mud,algae_mud,99.01,2.4714899999999987e-149,293,Metazoa,Arthropoda,Arthropoda,Calanoida,Paracalanidae,Paracalanus,0,0,TRUE,ASV1431,2,NA
edna0028,ASV1755,motu1466,Siphonenteron,Ribbon worm,genus,NA,1,NA,NA,NA,3,NA,NA,NA,NA,NA,Siphonenteron,Ribbon worm,2018_hab4_surface,hab4,beach_seine,2018-07-12,2018-07-11,2018,surface,1,edna_hab4_00,surface,biological,16.5,26.08,8.43,NA,NA,NA,6.4,1000,0,51.664962,-128.0798158,mud,y,200,sp,macroalgae,algae,macroalgae_mud,algae_mud,100,1.96163e-160,313,Metazoa,Nemertea,Pilidiophora,Heteronemertea,Lineidae,Siphonenteron,0,0,TRUE,ASV1755,2,NA
edna0028,ASV1578,motu1329,Amonardia perturbata,Harpacticoid copepod,species,NA,1,NA,NA,NA,2,NA,NA,NA,NA,NA,Amonardia perturbata,Harpacticoid copepod,2018_hab4_surface,hab4,beach_seine,2018-07-12,2018-07-11,2018,surface,1,edna_hab4_00,surface,biological,16.5,26.08,8.43,NA,NA,NA,6.4,1000,0,51.664962,-128.0798158,mud,y,200,sp,macroalgae,algae,macroalgae_mud,algae_mud,99.04,1.97556e-155,304,Metazoa,Arthropoda,Copepoda,Harpacticoida,Miraciidae,Amonardia,0,0,TRUE,ASV1578,1,Amonardia perturbata
edna0028,ASV2296,motu1890,Insecta,Hexapod,class,NA,1,NA,NA,NA,2,NA,NA,NA,NA,NA,Insecta,Hexapod,2018_hab4_surface,hab4,beach_seine,2018-07-12,2018-07-11,2018,surface,1,edna_hab4_00,surface,biological,16.5,26.08,8.43,NA,NA,NA,6.4,1000,0,51.664962,-128.0798158,mud,y,200,sp,macroalgae,algae,macroalgae_mud,algae_mud,90.91,1.07393e-43,103,Metazoa,Arthropoda,Arthropoda,NA,NA,NA,NA,NA,TRUE,ASV2296,3,NA
edna0028,ASV2839,motu2297,Araneae,Spider,class,NA,1,NA,NA,NA,13,NA,NA,NA,NA,NA,Araneae,Spider,2018_hab4_surface,hab4,beach_seine,2018-07-12,2018-07-11,2018,surface,1,edna_hab4_00,surface,biological,16.5,26.08,8.43,NA,NA,NA,6.4,1000,0,51.664962,-128.0798158,mud,y,200,sp,macroalgae,algae,macroalgae_mud,algae_mud,93.33,8.47668e-20,60,Metazoa,Arthropoda,Arthropoda,NA,NA,NA,NA,NA,TRUE,ASV2839,1,NA
edna0028,ASV2818,motu2279,Araneae,Spider,class,NA,1,1,NA,NA,13,7,NA,NA,NA,NA,Araneae,Spider,2018_hab4_surface,hab4,beach_seine,2018-07-12,2018-07-11,2018,surface,1,edna_hab4_00,surface,biological,16.5,26.08,8.43,NA,NA,NA,6.4,1000,0,51.664962,-128.0798158,mud,y,200,sp,macroalgae,algae,macroalgae_mud,algae_mud,93.33,8.47668e-20,60,Metazoa,Arthropoda,Arthropoda,NA,NA,NA,NA,NA,TRUE,ASV2818,1,NA
edna0028,ASV4610,motu199,Mytilus trossulus,Bay mussel,species,NA,1,NA,NA,NA,19,NA,NA,NA,NA,NA,Mytilus trossulus,Bay mussel,2018_hab4_surface,hab4,beach_seine,2018-07-12,2018-07-11,2018,surface,1,edna_hab4_00,surface,biological,16.5,26.08,8.43,NA,NA,NA,6.4,1000,0,51.664962,-128.0798158,mud,y,200,sp,macroalgae,algae,macroalgae_mud,algae_mud,99.68,1.5051499999999994e-156,306,Metazoa,Mollusca,Mollusca,Mytilida,Mytilidae,Mytilus,0,0,TRUE,ASV226,18,Mytilus trossulus
edna0028,ASV4763,motu3689,Carinoma,Ribbon worm,genus,NA,1,NA,NA,NA,4,NA,NA,NA,NA,NA,Carinoma,Ribbon worm,2018_hab4_surface,hab4,beach_seine,2018-07-12,2018-07-11,2018,surface,1,edna_hab4_00,surface,biological,16.5,26.08,8.43,NA,NA,NA,6.4,1000,0,51.664962,-128.0798158,mud,y,200,sp,macroalgae,algae,macroalgae_mud,algae_mud,99.32,4.3066999999999997e-147,289,Metazoa,Nemertea,Palaeonemertea,Carinomiformes,Carinomidae,Carinoma,0,0,TRUE,ASV4763,1,NA
edna0028,ASV3808,motu2995,Lottia paradigitalis,Boreal limpet,species,NA,1,NA,NA,NA,6,NA,NA,NA,NA,NA,Lottia paradigitalis,Boreal limpet,2018_hab4_surface,hab4,beach_seine,2018-07-12,2018-07-11,2018,surface,1,edna_hab4_00,surface,biological,16.5,26.08,8.43,NA,NA,NA,6.4,1000,0,51.664962,-128.0798158,mud,y,200,sp,macroalgae,algae,macroalgae_mud,algae_mud,100,1.96163e-160,313,Metazoa,Mollusca,Gastropoda,NA,Lottiidae,Lottia,0,0,TRUE,ASV3808,2,Lottia paradigitalis
edna0028,ASV4995,motu2581,Humilaria kennerleyi,Kennerleys venus,species,NA,1,NA,NA,NA,12,NA,NA,NA,NA,NA,Humilaria kennerleyi,Kennerleys venus,2018_hab4_surface,hab4,beach_seine,2018-07-12,2018-07-11,2018,surface,1,edna_hab4_00,surface,biological,16.5,26.08,8.43,NA,NA,NA,6.4,1000,0,51.664962,-128.0798158,mud,y,200,sp,macroalgae,algae,macroalgae_mud,algae_mud,99.68,9.126599999999999e-159,310,Metazoa,Mollusca,Bivalvia,Venerida,Veneridae,Humilaria,0,0,TRUE,ASV3224,2,Humilaria kennerleyi
edna0028,ASV4616,motu3582,Cerebratulus,Ribbon worm,genus,NA,1,1,NA,NA,5,4,NA,NA,NA,NA,Cerebratulus,Ribbon worm,2018_hab4_surface,hab4,beach_seine,2018-07-12,2018-07-11,2018,surface,1,edna_hab4_00,surface,biological,16.5,26.08,8.43,NA,NA,NA,6.4,1000,0,51.664962,-128.0798158,mud,y,200,sp,macroalgae,algae,macroalgae_mud,algae_mud,100,1.96163e-160,313,Metazoa,Nemertea,Pilidiophora,Heteronemertea,Lineidae,Cerebratulus,0,0,TRUE,ASV4616,1,NA
edna0028,ASV5750,motu1598,Humilaria kennerleyi,Kennerleys venus,species,NA,1,NA,NA,NA,12,NA,NA,NA,NA,NA,Humilaria kennerleyi,Kennerleys venus,2018_hab4_surface,hab4,beach_seine,2018-07-12,2018-07-11,2018,surface,1,edna_hab4_00,surface,biological,16.5,26.08,8.43,NA,NA,NA,6.4,1000,0,51.664962,-128.0798158,mud,y,200,sp,macroalgae,algae,macroalgae_mud,algae_mud,99.68,9.126599999999999e-159,310,Metazoa,Mollusca,Bivalvia,Venerida,Veneridae,Humilaria,0,0,TRUE,ASV1921,2,Humilaria kennerleyi
edna0028,ASV6878,motu5351,Cerebratulus,Ribbon worm,genus,NA,1,NA,NA,NA,3,NA,NA,NA,NA,NA,Cerebratulus,Ribbon worm,2018_hab4_surface,hab4,beach_seine,2018-07-12,2018-07-11,2018,surface,1,edna_hab4_00,surface,biological,16.5,26.08,8.43,NA,NA,NA,6.4,1000,0,51.664962,-128.0798158,mud,y,200,sp,macroalgae,algae,macroalgae_mud,algae_mud,100,2.0011299999999987e-160,313,Metazoa,Nemertea,Pilidiophora,Heteronemertea,Lineidae,Cerebratulus,0,0,TRUE,ASV6878,1,NA
edna0028,ASV7012,motu5458,Tubificida,Freshwater oligochaete,order,NA,1,NA,NA,NA,4,NA,NA,NA,NA,NA,Tubificida,Freshwater oligochaete,2018_hab4_surface,hab4,beach_seine,2018-07-12,2018-07-11,2018,surface,1,edna_hab4_00,surface,biological,16.5,26.08,8.43,NA,NA,NA,6.4,1000,0,51.664962,-128.0798158,mud,y,200,sp,macroalgae,algae,macroalgae_mud,algae_mud,100,0.0149971,29,Metazoa,Annelida,Annelida,Tubificida,NA,NA,1,0,TRUE,ASV7012,1,NA
edna0028,ASV7558,motu5924,Rhagada,Terrestrial snail,genus,NA,1,NA,NA,NA,3,NA,NA,NA,NA,NA,Rhagada,Terrestrial snail,2018_hab4_surface,hab4,beach_seine,2018-07-12,2018-07-11,2018,surface,1,edna_hab4_00,surface,biological,16.5,26.08,8.43,NA,NA,NA,6.4,1000,0,51.664962,-128.0798158,mud,y,200,sp,macroalgae,algae,macroalgae_mud,algae_mud,97.14,3.22341e-4,32,Metazoa,Mollusca,Mollusca,Panpulmonata,Eupulmonata,Rhagada,NA,1,TRUE,ASV7558,1,NA
edna0058,ASV258,motu228,Lensia,Siphonophore,genus,NA,1,NA,NA,NA,13,NA,NA,NA,NA,NA,Lensia,Siphonophore,2018_hdo_depth,hdo,beach_seine,2018-07-13,2018-07-11,2018,depth,2,edna_hdo_00,depth,biological,10.3,31.22,7.88,NA,NA,NA,6.8,1000,0,51.65501227,-128.1295942,mud,n,320,p,seagrass,zostera,seagrass_mud,zostera_mud,100,0.00408744,30,Metazoa,Cnidaria,Cnidaria,Siphonophorae,Diphyidae,Lensia,0,0,TRUE,ASV258,1,NA
edna0058,ASV452,motu183,Euchlanidae,Rotifer,family,NA,1,NA,NA,NA,49,NA,NA,NA,NA,NA,No Results,No Results,2018_hdo_depth,hdo,beach_seine,2018-07-13,2018-07-11,2018,depth,2,edna_hdo_00,depth,biological,10.3,31.22,7.88,NA,NA,NA,6.8,1000,0,51.65501227,-128.1295942,mud,n,320,p,seagrass,zostera,seagrass_mud,zostera_mud,91.35,3.005919999999998e-29,77,Metazoa,Rotifera,Rotifera,Ploima,Euchlanidae,NA,1,NA,TRUE,ASV208,2,NA
edna0058,ASV270,motu199,Mytilus,Mussel species,genus,NA,1,1,1,NA,8,6,NA,NA,NA,13,Mytilus trossulus,Bay mussel,2018_hdo_depth,hdo,beach_seine,2018-07-13,2018-07-11,2018,depth,2,edna_hdo_00,depth,biological,10.3,31.22,7.88,NA,NA,NA,6.8,1000,0,51.65501227,-128.1295942,mud,n,320,p,seagrass,zostera,seagrass_mud,zostera_mud,100,3.2351099999999996e-158,309,Metazoa,Mollusca,Mollusca,Mytilida,Mytilidae,Mytilus,0,0,TRUE,ASV226,18,NA
edna0058,ASV280,motu190,Mytilus,Mussel species,genus,NA,1,1,1,NA,5,3,8,NA,NA,15,Mytilus trossulus,Bay mussel,2018_hdo_depth,hdo,beach_seine,2018-07-13,2018-07-11,2018,depth,2,edna_hdo_00,depth,biological,10.3,31.22,7.88,NA,NA,NA,6.8,1000,0,51.65501227,-128.1295942,mud,n,320,p,seagrass,zostera,seagrass_mud,zostera_mud,100,3.2351099999999996e-158,309,Metazoa,Mollusca,Mollusca,Mytilida,Mytilidae,Mytilus,0,0,TRUE,ASV216,23,NA
edna0058,ASV654,motu567,Kellia suborbicularis,Suborbicular kellyclam,species,NA,1,NA,NA,NA,47,NA,NA,NA,NA,NA,Kellia suborbicularis,Suborbicular kellyclam,2018_hdo_depth,hdo,beach_seine,2018-07-13,2018-07-11,2018,depth,2,edna_hdo_00,depth,biological,10.3,31.22,7.88,NA,NA,NA,6.8,1000,0,51.65501227,-128.1295942,mud,n,320,p,seagrass,zostera,seagrass_mud,zostera_mud,98.4,4.27634e-152,298,Metazoa,Mollusca,Bivalvia,Galeommatida,Lasaeidae,Kellia,0,0,TRUE,ASV654,4,Kellia suborbicularis
edna0058,ASV377,motu334,Synchaeta pectinata,Rotifer,species,NA,1,NA,1,NA,26,NA,72,NA,NA,57,Synchaeta pectinata,Rotifer,2018_hdo_depth,hdo,beach_seine,2018-07-13,2018-07-11,2018,depth,2,edna_hdo_00,depth,biological,10.3,31.22,7.88,NA,NA,NA,6.8,1000,0,51.65501227,-128.1295942,mud,n,320,p,seagrass,zostera,seagrass_mud,zostera_mud,90.48,1.6452299999999999e-111,225,Metazoa,Rotifera,Eurotatoria,Ploima,Synchaetidae,Synchaeta,0,0,TRUE,ASV377,5,Synchaeta pectinata
edna0058,ASV750,motu654,Orobdella,Freshwater leech,genus,NA,1,NA,1,NA,13,NA,54,NA,NA,NA,Orobdella,Freshwater leech,2018_hdo_depth,hdo,beach_seine,2018-07-13,2018-07-11,2018,depth,2,edna_hdo_00,depth,biological,10.3,31.22,7.88,NA,NA,NA,6.8,1000,0,51.65501227,-128.1295942,mud,n,320,p,seagrass,zostera,seagrass_mud,zostera_mud,97.06,0.00121031,31,Metazoa,Annelida,Annelida,Erpobdelliformes,Orobdellidae,Orobdella,NA,NA,TRUE,ASV750,1,NA
edna0058,ASV1038,motu895,Clytia gregaria,Gregarious jellyfish,species,NA,1,NA,NA,NA,4,NA,NA,NA,NA,NA,Clytia gregaria,Gregarious jellyfish,2018_hdo_depth,hdo,beach_seine,2018-07-13,2018-07-11,2018,depth,2,edna_hdo_00,depth,biological,10.3,31.22,7.88,NA,NA,NA,6.8,1000,0,51.65501227,-128.1295942,mud,n,320,p,seagrass,zostera,seagrass_mud,zostera_mud,99.68,9.126599999999999e-159,310,Metazoa,Cnidaria,Hydrozoa,Leptothecata,Campanulariidae,Clytia,0,0,TRUE,ASV1038,2,Clytia gregaria
edna0058,ASV1013,motu876,Orobdella,Freshwater leech,genus,NA,1,NA,NA,NA,13,NA,NA,NA,NA,NA,Orobdella,Freshwater leech,2018_hdo_depth,hdo,beach_seine,2018-07-13,2018-07-11,2018,depth,2,edna_hdo_00,depth,biological,10.3,31.22,7.88,NA,NA,NA,6.8,1000,0,51.65501227,-128.1295942,mud,n,320,p,seagrass,zostera,seagrass_mud,zostera_mud,97.06,0.00121031,31,Metazoa,Annelida,Annelida,Erpobdelliformes,Orobdellidae,Orobdella,NA,NA,TRUE,ASV1013,1,NA
edna0058,ASV731,motu407,Kellia suborbicularis,Suborbicular kellyclam,species,NA,1,NA,1,NA,24,NA,NA,179,NA,61,Kellia suborbicularis,Suborbicular kellyclam,2018_hdo_depth,hdo,beach_seine,2018-07-13,2018-07-11,2018,depth,2,edna_hdo_00,depth,biological,10.3,31.22,7.88,NA,NA,NA,6.8,1000,0,51.65501227,-128.1295942,mud,n,320,p,seagrass,zostera,seagrass_mud,zostera_mud,98.72,9.19139e-154,301,Metazoa,Mollusca,Bivalvia,Galeommatida,Lasaeidae,Kellia,0,0,TRUE,ASV462,4,Kellia suborbicularis
edna0058,ASV1475,motu1246,Cyanea,Lions mane jellyfish species,genus,NA,1,NA,NA,NA,3,NA,NA,NA,NA,NA,Cyanea,Lions mane jellyfish species,2018_hdo_depth,hdo,beach_seine,2018-07-13,2018-07-11,2018,depth,2,edna_hdo_00,depth,biological,10.3,31.22,7.88,NA,NA,NA,6.8,1000,0,51.65501227,-128.1295942,mud,n,320,p,seagrass,zostera,seagrass_mud,zostera_mud,100,3.2351099999999996e-158,309,Metazoa,Cnidaria,Scyphozoa,Semaeostomeae,Cyaneidae,Cyanea,0,0,TRUE,ASV1475,2,NA
edna0058,ASV1040,motu897,Oithona similis,Cyclopoid copepod,species,NA,1,NA,1,NA,16,NA,20,17,NA,21,Oithona similis,Cyclopoid copepod,2018_hdo_depth,hdo,beach_seine,2018-07-13,2018-07-11,2018,depth,2,edna_hdo_00,depth,biological,10.3,31.22,7.88,NA,NA,NA,6.8,1000,0,51.65501227,-128.1295942,mud,n,320,p,seagrass,zostera,seagrass_mud,zostera_mud,96.17,2.0179399999999996e-140,277,Metazoa,Arthropoda,Copepoda,Cyclopoida,Oithonidae,Oithona,0,0,TRUE,ASV1040,1,Oithona similis
edna0058,ASV1580,motu1330,Sthenelais berkeleyi,Scale worm,species,NA,1,NA,NA,NA,20,NA,NA,NA,NA,NA,Sthenelais berkeleyi,Scale worm,2018_hdo_depth,hdo,beach_seine,2018-07-13,2018-07-11,2018,depth,2,edna_hdo_00,depth,biological,10.3,31.22,7.88,NA,NA,NA,6.8,1000,0,51.65501227,-128.1295942,mud,n,320,p,seagrass,zostera,seagrass_mud,zostera_mud,99.04,1.97556e-155,304,Metazoa,Annelida,Polychaeta,Phyllodocida,Sigalionidae,Sthenelais,0,0,TRUE,ASV1580,1,Sthenelais berkeleyi
edna0058,ASV1059,motu911,Pleurobrachia bachei,Pacific sea gooseberry,species,NA,1,NA,1,NA,7,NA,19,9,NA,NA,Pleurobrachia bachei,Pacific sea gooseberry,2018_hdo_depth,hdo,beach_seine,2018-07-13,2018-07-11,2018,depth,2,edna_hdo_00,depth,biological,10.3,31.22,7.88,NA,NA,NA,6.8,1000,0,51.65501227,-128.1295942,mud,n,320,p,seagrass,zostera,seagrass_mud,zostera_mud,100,1.96163e-160,313,Metazoa,Ctenophora,Tentaculata,Cydippida,Cydippidae,Pleurobrachia,0,0,TRUE,ASV1059,3,Pleurobrachia bachei
edna0058,ASV1712,motu1430,Cistenides granulata,Trumpet worm,species,NA,1,NA,NA,NA,42,NA,NA,NA,NA,NA,Cistenides granulata,Trumpet worm,2018_hdo_depth,hdo,beach_seine,2018-07-13,2018-07-11,2018,depth,2,edna_hdo_00,depth,biological,10.3,31.22,7.88,NA,NA,NA,6.8,1000,0,51.65501227,-128.1295942,mud,n,320,p,seagrass,zostera,seagrass_mud,zostera_mud,100,1.96163e-160,313,Metazoa,Annelida,Polychaeta,Terebellida,Pectinariidae,Pectinaria,0,0,TRUE,ASV1712,1,Cistenides granulata
edna0058,ASV1742,motu1454,Micropodarke dubia,Hesionid polychaete,species,NA,1,NA,NA,NA,5,NA,NA,NA,NA,NA,Micropodarke dubia,Hesionid polychaete,2018_hdo_depth,hdo,beach_seine,2018-07-13,2018-07-11,2018,depth,2,edna_hdo_00,depth,biological,10.3,31.22,7.88,NA,NA,NA,6.8,1000,0,51.65501227,-128.1295942,mud,n,320,p,seagrass,zostera,seagrass_mud,zostera_mud,100,1.96163e-160,313,Metazoa,Annelida,Polychaeta,Phyllodocida,Hesionidae,Micropodarke,0,0,TRUE,ASV1742,2,Micropodarke dubia
edna0058,ASV1470,motu1241,Cistenides granulata,Trumpet worm,species,NA,1,NA,1,NA,50,NA,NA,33,NA,NA,Cistenides granulata,Trumpet worm,2018_hdo_depth,hdo,beach_seine,2018-07-13,2018-07-11,2018,depth,2,edna_hdo_00,depth,biological,10.3,31.22,7.88,NA,NA,NA,6.8,1000,0,51.65501227,-128.1295942,mud,n,320,p,seagrass,zostera,seagrass_mud,zostera_mud,100,1.96163e-160,313,Metazoa,Annelida,Polychaeta,Terebellida,Pectinariidae,Pectinaria,0,0,TRUE,ASV1470,1,Cistenides granulata
edna0058,ASV1603,motu1347,Armandia brevis,Opheliid polychaete,species,NA,1,NA,1,NA,15,NA,27,18,NA,36,Armandia brevis,Opheliid polychaete,2018_hdo_depth,hdo,beach_seine,2018-07-13,2018-07-11,2018,depth,2,edna_hdo_00,depth,biological,10.3,31.22,7.88,NA,NA,NA,6.8,1000,0,51.65501227,-128.1295942,mud,n,320,p,seagrass,zostera,seagrass_mud,zostera_mud,100,3.4804099999999994e-173,336,Metazoa,Annelida,Polychaeta,NA,Opheliidae,Armandia,0,0,TRUE,ASV1603,1,Armandia brevis
edna0058,ASV2930,motu2362,Chaetognatha,Arrow worm,phylum,NA,1,NA,NA,NA,11,NA,NA,NA,NA,NA,Chaetognatha,Arrow worm,2018_hdo_depth,hdo,beach_seine,2018-07-13,2018-07-11,2018,depth,2,edna_hdo_00,depth,biological,10.3,31.22,7.88,NA,NA,NA,6.8,1000,0,51.65501227,-128.1295942,mud,n,320,p,seagrass,zostera,seagrass_mud,zostera_mud,98.01,1.6078299999999998e-91,189,Metazoa,Chaetognatha,NA,NA,NA,NA,0,0,TRUE,ASV2930,1,NA
edna0058,ASV2709,motu2195,Halitholus,Athecate hydroid,genus,NA,1,NA,NA,NA,43,NA,NA,NA,NA,NA,Halitholus,Athecate hydroid,2018_hdo_depth,hdo,beach_seine,2018-07-13,2018-07-11,2018,depth,2,edna_hdo_00,depth,biological,10.3,31.22,7.88,NA,NA,NA,6.8,1000,0,51.65501227,-128.1295942,mud,n,320,p,seagrass,zostera,seagrass_mud,zostera_mud,98.72,9.19139e-154,301,Metazoa,Cnidaria,Cnidaria,Anthoathecata,Pandeidae,Halitholus,0,0,TRUE,ASV2709,1,NA
edna0058,ASV1716,motu1434,Armandia brevis,Opheliid polychaete,species,NA,1,NA,1,NA,15,NA,NA,17,NA,NA,Armandia brevis,Opheliid polychaete,2018_hdo_depth,hdo,beach_seine,2018-07-13,2018-07-11,2018,depth,2,edna_hdo_00,depth,biological,10.3,31.22,7.88,NA,NA,NA,6.8,1000,0,51.65501227,-128.1295942,mud,n,320,p,seagrass,zostera,seagrass_mud,zostera_mud,100,2.1076299999999988e-175,340,Metazoa,Annelida,Polychaeta,NA,Opheliidae,Armandia,0,0,TRUE,ASV1716,1,Armandia brevis
edna0058,ASV3175,motu2541,Arthropoda,Unknown arthropod,phylum,NA,1,NA,NA,NA,3,NA,NA,NA,NA,NA,Arthropoda,Unknown arthropod,2018_hdo_depth,hdo,beach_seine,2018-07-13,2018-07-11,2018,depth,2,edna_hdo_00,depth,biological,10.3,31.22,7.88,NA,NA,NA,6.8,1000,0,51.65501227,-128.1295942,mud,n,320,p,seagrass,zostera,seagrass_mud,zostera_mud,100,0.014701,29,Metazoa,Arthropoda,NA,NA,NA,NA,NA,NA,TRUE,ASV3175,1,NA
edna0058,ASV3266,motu2608,Arthropoda,Unknown arthropod,phylum,NA,1,NA,NA,NA,3,NA,NA,NA,NA,NA,Arthropoda,Unknown arthropod,2018_hdo_depth,hdo,beach_seine,2018-07-13,2018-07-11,2018,depth,2,edna_hdo_00,depth,biological,10.3,31.22,7.88,NA,NA,NA,6.8,1000,0,51.65501227,-128.1295942,mud,n,320,p,seagrass,zostera,seagrass_mud,zostera_mud,100,0.014701,29,Metazoa,Arthropoda,NA,NA,NA,NA,NA,NA,TRUE,ASV3266,1,NA
edna0058,ASV3286,motu2624,Halitholus,Athecate hydroid,genus,NA,1,1,1,NA,37,28,NA,53,NA,NA,Halitholus,Athecate hydroid,2018_hdo_depth,hdo,beach_seine,2018-07-13,2018-07-11,2018,depth,2,edna_hdo_00,depth,biological,10.3,31.22,7.88,NA,NA,NA,6.8,1000,0,51.65501227,-128.1295942,mud,n,320,p,seagrass,zostera,seagrass_mud,zostera_mud,98.72,9.19139e-154,301,Metazoa,Cnidaria,Cnidaria,Anthoathecata,Pandeidae,Halitholus,0,0,TRUE,ASV3286,1,NA
edna0058,ASV3981,motu3127,Potential chimera,Potential chimera,species,NA,1,NA,1,NA,11,NA,16,6,NA,12,Potential chimera,Potential chimera,2018_hdo_depth,hdo,beach_seine,2018-07-13,2018-07-11,2018,depth,2,edna_hdo_00,depth,biological,10.3,31.22,7.88,NA,NA,NA,6.8,1000,0,51.65501227,-128.1295942,mud,n,320,p,seagrass,zostera,seagrass_mud,zostera_mud,97.3,2.33684e-5,34,Metazoa,Arthropoda,Arthropoda,Hymenoptera,Apoidea,Tachysphex,NA,NA,TRUE,ASV3981,1,Potential chimera
edna0058,ASV4690,motu3640,Potential chimera,Potential chimera,species,NA,1,NA,1,NA,4,NA,12,5,NA,7,Potential chimera,Potential chimera,2018_hdo_depth,hdo,beach_seine,2018-07-13,2018-07-11,2018,depth,2,edna_hdo_00,depth,biological,10.3,31.22,7.88,NA,NA,NA,6.8,1000,0,51.65501227,-128.1295942,mud,n,320,p,seagrass,zostera,seagrass_mud,zostera_mud,97.3,2.33684e-5,34,Metazoa,Arthropoda,Arthropoda,Hymenoptera,Apoidea,Tachysphex,NA,NA,TRUE,ASV4690,1,Potential chimera
edna0058,ASV7013,motu5459,Ameritella modesta,Tellin,species,NA,1,NA,NA,NA,6,NA,NA,NA,NA,NA,Ameritella modesta,Tellin,2018_hdo_depth,hdo,beach_seine,2018-07-13,2018-07-11,2018,depth,2,edna_hdo_00,depth,biological,10.3,31.22,7.88,NA,NA,NA,6.8,1000,0,51.65501227,-128.1295942,mud,n,320,p,seagrass,zostera,seagrass_mud,zostera_mud,99.68,9.310369999999999e-159,310,Metazoa,Mollusca,Bivalvia,Cardiida,Tellinidae,Ameritella,0,0,TRUE,ASV7013,1,Ameritella modesta
edna0058,ASV7263,motu5669,Nutricola tantilla,Purple dwarf-venus,species,NA,1,NA,NA,NA,3,NA,NA,NA,NA,NA,Nutricola tantilla,Purple dwarf-venus,2018_hdo_depth,hdo,beach_seine,2018-07-13,2018-07-11,2018,depth,2,edna_hdo_00,depth,biological,10.3,31.22,7.88,NA,NA,NA,6.8,1000,0,51.65501227,-128.1295942,mud,n,320,p,seagrass,zostera,seagrass_mud,zostera_mud,91.99,3.5435899999999998e-118,237,Metazoa,Mollusca,Bivalvia,Venerida,Veneridae,Nutricola,0,0,TRUE,ASV7263,1,Nutricola tantilla
edna0029,ASV744,motu648,Evasterias troschelii,False ochre star,species,NA,1,NA,NA,NA,8,NA,NA,NA,NA,NA,Evasterias troschelii,False ochre star,2018_hab4_surface,hab4,beach_seine,2018-07-12,2018-07-11,2018,surface,2,edna_hab4_15,surface,biological,16.9,26.02,8.43,11.4,30.12,8.23,6.2,1000,0,51.66480057,-128.0797635,mud,y,200,sp,macroalgae,algae,macroalgae_mud,algae_mud,100,1.96163e-160,313,Metazoa,Echinodermata,Asteroidea,Forcipulatida,Asteriidae,Evasterias,0,0,TRUE,ASV744,1,Evasterias troschelii
edna0029,ASV834,motu128,Centropages abdominalis,Calanoid copepod,species,NA,1,NA,NA,NA,71,NA,NA,NA,NA,NA,Centropages abdominalis,Calanoid copepod,2018_hab4_surface,hab4,beach_seine,2018-07-12,2018-07-11,2018,surface,2,edna_hab4_15,surface,biological,16.9,26.02,8.43,11.4,30.12,8.23,6.2,1000,0,51.66480057,-128.0797635,mud,y,200,sp,macroalgae,algae,macroalgae_mud,algae_mud,99.68,9.126599999999999e-159,310,Metazoa,Arthropoda,Copepoda,Calanoida,Centropagidae,Centropages,0,0,TRUE,ASV143,11,Centropages abdominalis
edna0029,ASV365,motu31,Centropages abdominalis,Calanoid copepod,species,NA,1,1,NA,NA,55,20,NA,NA,NA,NA,Centropages abdominalis,Calanoid copepod,2018_hab4_surface,hab4,beach_seine,2018-07-12,2018-07-11,2018,surface,2,edna_hab4_15,surface,biological,16.9,26.02,8.43,11.4,30.12,8.23,6.2,1000,0,51.66480057,-128.0797635,mud,y,200,sp,macroalgae,algae,macroalgae_mud,algae_mud,99.68,9.126599999999999e-159,310,Metazoa,Arthropoda,Copepoda,Calanoida,Centropagidae,Centropages,0,0,TRUE,ASV34,19,Centropages abdominalis
edna0029,ASV1062,motu914,Chone magna,Feather duster worm,species,NA,1,NA,NA,NA,3,NA,NA,NA,NA,NA,Chone magna,Feather duster worm,2018_hab4_surface,hab4,beach_seine,2018-07-12,2018-07-11,2018,surface,2,edna_hab4_15,surface,biological,16.9,26.02,8.43,11.4,30.12,8.23,6.2,1000,0,51.66480057,-128.0797635,mud,y,200,sp,macroalgae,algae,macroalgae_mud,algae_mud,100,1.96163e-160,313,Metazoa,Annelida,Polychaeta,Sabellida,Sabellidae,Chone,0,0,TRUE,ASV1062,2,Chone magna
edna0029,ASV716,motu622,Chone magna,Feather duster worm,species,NA,1,NA,NA,NA,3,NA,NA,NA,NA,NA,Chone magna,Feather duster worm,2018_hab4_surface,hab4,beach_seine,2018-07-12,2018-07-11,2018,surface,2,edna_hab4_15,surface,biological,16.9,26.02,8.43,11.4,30.12,8.23,6.2,1000,0,51.66480057,-128.0797635,mud,y,200,sp,macroalgae,algae,macroalgae_mud,algae_mud,100,1.96163e-160,313,Metazoa,Annelida,Polychaeta,Sabellida,Sabellidae,Chone,0,0,TRUE,ASV716,2,Chone magna
edna0029,ASV643,motu557,Macoma nasuta,Bent-nosed clam,species,NA,1,NA,NA,NA,154,NA,NA,NA,NA,NA,Macoma nasuta,Bent-nosed clam,2018_hab4_surface,hab4,beach_seine,2018-07-12,2018-07-11,2018,surface,2,edna_hab4_15,surface,biological,16.9,26.02,8.43,11.4,30.12,8.23,6.2,1000,0,51.66480057,-128.0797635,mud,y,200,sp,macroalgae,algae,macroalgae_mud,algae_mud,99.68,9.126599999999999e-159,310,Metazoa,Mollusca,Bivalvia,Cardiida,Tellinidae,Macoma,0,0,TRUE,ASV643,4,Macoma nasuta
edna0029,ASV679,motu591,Phyllodocida,Polychaete,order,NA,1,NA,1,NA,21,NA,NA,19,NA,NA,Phyllodocida,Polychaete,2018_hab4_surface,hab4,beach_seine,2018-07-12,2018-07-11,2018,surface,2,edna_hab4_15,surface,biological,16.9,26.02,8.43,11.4,30.12,8.23,6.2,1000,0,51.66480057,-128.0797635,mud,y,200,sp,macroalgae,algae,macroalgae_mud,algae_mud,100,0.0603188,28,Metazoa,Annelida,Annelida,Phyllodocida,NA,NA,0,0,TRUE,ASV679,1,NA
edna0029,ASV775,motu675,Aequorea,Crystal jelly species,genus,NA,1,NA,NA,NA,3,NA,NA,NA,NA,NA,Aequorea,Crystal jelly species,2018_hab4_surface,hab4,beach_seine,2018-07-12,2018-07-11,2018,surface,2,edna_hab4_15,surface,biological,16.9,26.02,8.43,11.4,30.12,8.23,6.2,1000,0,51.66480057,-128.0797635,mud,y,200,sp,macroalgae,algae,macroalgae_mud,algae_mud,100,1.4886099999999998e-156,306,Metazoa,Cnidaria,Hydrozoa,Leptothecata,Aequoreidae,Aequorea,0,0,TRUE,ASV775,3,NA
edna0029,ASV1502,motu1269,Oithona similis,Cyclopoid copepod,species,NA,1,NA,NA,NA,8,NA,NA,NA,NA,NA,Oithona similis,Cyclopoid copepod,2018_hab4_surface,hab4,beach_seine,2018-07-12,2018-07-11,2018,surface,2,edna_hab4_15,surface,biological,16.9,26.02,8.43,11.4,30.12,8.23,6.2,1000,0,51.66480057,-128.0797635,mud,y,200,sp,macroalgae,algae,macroalgae_mud,algae_mud,96.17,2.0179399999999996e-140,277,Metazoa,Arthropoda,Copepoda,Cyclopoida,Oithonidae,Oithona,0,0,TRUE,ASV1502,1,Oithona similis
edna0029,ASV1040,motu897,Oithona similis,Cyclopoid copepod,species,NA,1,NA,NA,NA,5,NA,NA,NA,NA,NA,Oithona similis,Cyclopoid copepod,2018_hab4_surface,hab4,beach_seine,2018-07-12,2018-07-11,2018,surface,2,edna_hab4_15,surface,biological,16.9,26.02,8.43,11.4,30.12,8.23,6.2,1000,0,51.66480057,-128.0797635,mud,y,200,sp,macroalgae,algae,macroalgae_mud,algae_mud,96.17,2.0179399999999996e-140,277,Metazoa,Arthropoda,Copepoda,Cyclopoida,Oithonidae,Oithona,0,0,TRUE,ASV1040,1,Oithona similis
edna0029,ASV709,motu492,Eupolymnia heterobranchia,Brown intertidal spaghetti worm,species,NA,1,NA,NA,NA,2,NA,NA,NA,NA,NA,Eupolymnia heterobranchia,Brown intertidal spaghetti worm,2018_hab4_surface,hab4,beach_seine,2018-07-12,2018-07-11,2018,surface,2,edna_hab4_15,surface,biological,16.9,26.02,8.43,11.4,30.12,8.23,6.2,1000,0,51.66480057,-128.0797635,mud,y,200,sp,macroalgae,algae,macroalgae_mud,algae_mud,99.67,6.925819999999995e-155,303,Metazoa,Annelida,Polychaeta,Terebellida,Terebellidae,Eupolymnia,0,0,TRUE,ASV559,3,Eupolymnia heterobranchia
edna0029,ASV1585,motu1335,Lottia scutum,Plate limpet,species,NA,1,NA,NA,NA,5,NA,NA,NA,NA,NA,Lottia scutum,Plate limpet,2018_hab4_surface,hab4,beach_seine,2018-07-12,2018-07-11,2018,surface,2,edna_hab4_15,surface,biological,16.9,26.02,8.43,11.4,30.12,8.23,6.2,1000,0,51.66480057,-128.0797635,mud,y,200,sp,macroalgae,algae,macroalgae_mud,algae_mud,100,3.150669999999998e-153,300,Metazoa,Mollusca,Mollusca,NA,Lottiidae,Lottia,0,0,TRUE,ASV1585,1,Lottia scutum
edna0029,ASV1945,motu1049,Macoma nasuta,Bent-nosed clam,species,NA,1,NA,NA,NA,107,NA,NA,NA,NA,NA,Macoma nasuta,Bent-nosed clam,2018_hab4_surface,hab4,beach_seine,2018-07-12,2018-07-11,2018,surface,2,edna_hab4_15,surface,biological,16.9,26.02,8.43,11.4,30.12,8.23,6.2,1000,0,51.66480057,-128.0797635,mud,y,200,sp,macroalgae,algae,macroalgae_mud,algae_mud,99.36,4.246189999999999e-157,307,Metazoa,Mollusca,Bivalvia,Cardiida,Tellinidae,Macoma,0,0,TRUE,ASV1238,3,Macoma nasuta
edna0029,ASV1293,motu1094,Asteriidae,Sea star,family,NA,1,NA,NA,NA,4,NA,NA,NA,NA,NA,Asteriidae,Sea star,2018_hab4_surface,hab4,beach_seine,2018-07-12,2018-07-11,2018,surface,2,edna_hab4_15,surface,biological,16.9,26.02,8.43,11.4,30.12,8.23,6.2,1000,0,51.66480057,-128.0797635,mud,y,200,sp,macroalgae,algae,macroalgae_mud,algae_mud,100,1.96163e-160,313,Metazoa,Echinodermata,Echinodermata,Forcipulatida,Asteriidae,NA,0,0,TRUE,ASV1293,1,NA
edna0029,ASV2518,motu2051,Chaetognatha,Arrow worm,phylum,NA,1,NA,NA,NA,9,NA,NA,NA,NA,NA,Chaetognatha,Arrow worm,2018_hab4_surface,hab4,beach_seine,2018-07-12,2018-07-11,2018,surface,2,edna_hab4_15,surface,biological,16.9,26.02,8.43,11.4,30.12,8.23,6.2,1000,0,51.66480057,-128.0797635,mud,y,200,sp,macroalgae,algae,macroalgae_mud,algae_mud,96.52,1.6192399999999998e-86,180,Metazoa,Chaetognatha,NA,NA,NA,NA,0,0,TRUE,ASV2518,1,NA
edna0029,ASV2402,motu1965,Chaetognatha,Arrow worm,phylum,NA,1,NA,NA,NA,22,NA,NA,NA,NA,NA,Chaetognatha,Arrow worm,2018_hab4_surface,hab4,beach_seine,2018-07-12,2018-07-11,2018,surface,2,edna_hab4_15,surface,biological,16.9,26.02,8.43,11.4,30.12,8.23,6.2,1000,0,51.66480057,-128.0797635,mud,y,200,sp,macroalgae,algae,macroalgae_mud,algae_mud,96.52,1.6192399999999998e-86,180,Metazoa,Chaetognatha,NA,NA,NA,NA,0,0,TRUE,ASV2402,1,NA
edna0029,ASV1917,motu1595,Arthropoda,Unknown arthropod,phylum,NA,1,1,1,NA,7,2,NA,NA,NA,10,Arthropoda,Unknown arthropod,2018_hab4_surface,hab4,beach_seine,2018-07-12,2018-07-11,2018,surface,2,edna_hab4_15,surface,biological,16.9,26.02,8.43,11.4,30.12,8.23,6.2,1000,0,51.66480057,-128.0797635,mud,y,200,sp,macroalgae,algae,macroalgae_mud,algae_mud,95,2.34566e-5,34,Metazoa,Arthropoda,NA,NA,NA,NA,NA,NA,TRUE,ASV1917,1,NA
edna0029,ASV2523,motu2054,Paracalanus,Calanoid copepod,genus,NA,1,NA,1,NA,52,NA,61,NA,NA,NA,Paracalanus,Calanoid copepod,2018_hab4_surface,hab4,beach_seine,2018-07-12,2018-07-11,2018,surface,2,edna_hab4_15,surface,biological,16.9,26.02,8.43,11.4,30.12,8.23,6.2,1000,0,51.66480057,-128.0797635,mud,y,200,sp,macroalgae,algae,macroalgae_mud,algae_mud,99.68,9.126599999999999e-159,310,Metazoa,Arthropoda,Arthropoda,Calanoida,Paracalanidae,Paracalanus,0,0,TRUE,ASV2523,1,NA
edna0029,ASV3089,motu2486,Cerebratulus marginatus,Milky ribbon worm,species,NA,1,NA,NA,NA,136,NA,NA,NA,NA,NA,Cerebratulus marginatus,Milky ribbon worm,2018_hab4_surface,hab4,beach_seine,2018-07-12,2018-07-11,2018,surface,2,edna_hab4_15,surface,biological,16.9,26.02,8.43,11.4,30.12,8.23,6.2,1000,0,51.66480057,-128.0797635,mud,y,200,sp,macroalgae,algae,macroalgae_mud,algae_mud,99.36,4.246189999999999e-157,307,Metazoa,Nemertea,Pilidiophora,Heteronemertea,Lineidae,Cerebratulus,0,0,TRUE,ASV3089,1,Cerebratulus marginatus
edna0029,ASV3605,motu2855,Paracalanus,Calanoid copepod,genus,NA,1,NA,NA,NA,49,NA,NA,NA,NA,NA,Paracalanus,Calanoid copepod,2018_hab4_surface,hab4,beach_seine,2018-07-12,2018-07-11,2018,surface,2,edna_hab4_15,surface,biological,16.9,26.02,8.43,11.4,30.12,8.23,6.2,1000,0,51.66480057,-128.0797635,mud,y,200,sp,macroalgae,algae,macroalgae_mud,algae_mud,99.68,1.172079999999999e-157,308,Metazoa,Arthropoda,Arthropoda,Calanoida,Paracalanidae,Paracalanus,0,0,TRUE,ASV3605,1,NA
edna0029,ASV3266,motu2608,Arthropoda,Unknown arthropod,phylum,NA,1,NA,NA,NA,4,NA,NA,NA,NA,NA,Arthropoda,Unknown arthropod,2018_hab4_surface,hab4,beach_seine,2018-07-12,2018-07-11,2018,surface,2,edna_hab4_15,surface,biological,16.9,26.02,8.43,11.4,30.12,8.23,6.2,1000,0,51.66480057,-128.0797635,mud,y,200,sp,macroalgae,algae,macroalgae_mud,algae_mud,100,0.014701,29,Metazoa,Arthropoda,NA,NA,NA,NA,NA,NA,TRUE,ASV3266,1,NA
edna0029,ASV3048,motu2456,Semibalanus balanoides,Common rock barnacle,species,NA,1,NA,NA,NA,3,NA,NA,NA,NA,NA,Semibalanus balanoides,Common rock barnacle,2018_hab4_surface,hab4,beach_seine,2018-07-12,2018-07-11,2018,surface,2,edna_hab4_15,surface,biological,16.9,26.02,8.43,11.4,30.12,8.23,6.2,1000,0,51.66480057,-128.0797635,mud,y,200,sp,macroalgae,algae,macroalgae_mud,algae_mud,100,1.96163e-160,313,Metazoa,Arthropoda,Thecostraca,Balanomorpha,Balanidae,Semibalanus,0,0,TRUE,ASV3048,1,Semibalanus balanoides
edna0029,ASV3017,motu2432,Euphausia pacifica,North Pacific krill,species,NA,1,NA,NA,NA,7,NA,NA,NA,NA,NA,Euphausia pacifica,North Pacific krill,2018_hab4_surface,hab4,beach_seine,2018-07-12,2018-07-11,2018,surface,2,edna_hab4_15,surface,biological,16.9,26.02,8.43,11.4,30.12,8.23,6.2,1000,0,51.66480057,-128.0797635,mud,y,200,sp,macroalgae,algae,macroalgae_mud,algae_mud,100,3.2351099999999996e-158,309,Metazoa,Arthropoda,Malacostraca,Euphausiacea,Euphausiidae,Euphausia,0,0,TRUE,ASV3017,1,Euphausia pacifica
edna0029,ASV4395,motu190,Mytilus trossulus,Bay mussel,species,NA,1,NA,NA,NA,23,NA,NA,NA,NA,NA,Mytilus trossulus,Bay mussel,2018_hab4_surface,hab4,beach_seine,2018-07-12,2018-07-11,2018,surface,2,edna_hab4_15,surface,biological,16.9,26.02,8.43,11.4,30.12,8.23,6.2,1000,0,51.66480057,-128.0797635,mud,y,200,sp,macroalgae,algae,macroalgae_mud,algae_mud,99.68,1.5051499999999994e-156,306,Metazoa,Mollusca,Mollusca,Mytilida,Mytilidae,Mytilus,0,0,TRUE,ASV216,23,Mytilus trossulus
edna0029,ASV4995,motu2581,Humilaria kennerleyi,Kennerleys venus,species,NA,1,NA,NA,NA,14,NA,NA,NA,NA,NA,Humilaria kennerleyi,Kennerleys venus,2018_hab4_surface,hab4,beach_seine,2018-07-12,2018-07-11,2018,surface,2,edna_hab4_15,surface,biological,16.9,26.02,8.43,11.4,30.12,8.23,6.2,1000,0,51.66480057,-128.0797635,mud,y,200,sp,macroalgae,algae,macroalgae_mud,algae_mud,99.68,9.126599999999999e-159,310,Metazoa,Mollusca,Bivalvia,Venerida,Veneridae,Humilaria,0,0,TRUE,ASV3224,2,Humilaria kennerleyi
edna0029,ASV5302,motu4072,Paranais,Freshwater oligochaete,genus,NA,1,NA,NA,NA,5,NA,NA,NA,NA,NA,Paranais,Freshwater oligochaete,2018_hab4_surface,hab4,beach_seine,2018-07-12,2018-07-11,2018,surface,2,edna_hab4_15,surface,biological,16.9,26.02,8.43,11.4,30.12,8.23,6.2,1000,0,51.66480057,-128.0797635,mud,y,200,sp,macroalgae,algae,macroalgae_mud,algae_mud,90.85,2.6449e-109,221,Metazoa,Annelida,Annelida,Tubificida,Naididae,Paranais,0,0,TRUE,ASV5302,2,NA
edna0029,ASV4616,motu3582,Cerebratulus,Ribbon worm,genus,NA,1,NA,NA,NA,24,NA,NA,NA,NA,NA,Cerebratulus,Ribbon worm,2018_hab4_surface,hab4,beach_seine,2018-07-12,2018-07-11,2018,surface,2,edna_hab4_15,surface,biological,16.9,26.02,8.43,11.4,30.12,8.23,6.2,1000,0,51.66480057,-128.0797635,mud,y,200,sp,macroalgae,algae,macroalgae_mud,algae_mud,100,1.96163e-160,313,Metazoa,Nemertea,Pilidiophora,Heteronemertea,Lineidae,Cerebratulus,0,0,TRUE,ASV4616,1,NA
edna0029,ASV5004,motu3865,Synchaeta cecilia,Rotifer,species,NA,1,NA,NA,NA,6,NA,NA,NA,NA,NA,Synchaeta cecilia,Rotifer,2018_hab4_surface,hab4,beach_seine,2018-07-12,2018-07-11,2018,surface,2,edna_hab4_15,surface,biological,16.9,26.02,8.43,11.4,30.12,8.23,6.2,1000,0,51.66480057,-128.0797635,mud,y,200,sp,macroalgae,algae,macroalgae_mud,algae_mud,90.06,3.51042e-108,219,Metazoa,Rotifera,Eurotatoria,Ploima,Synchaetidae,Synchaeta,0,0,TRUE,ASV5004,1,Synchaeta cecilia
edna0029,ASV5680,motu4358,Carinoma,Ribbon worm,genus,NA,1,NA,NA,NA,5,NA,NA,NA,NA,NA,Carinoma,Ribbon worm,2018_hab4_surface,hab4,beach_seine,2018-07-12,2018-07-11,2018,surface,2,edna_hab4_15,surface,biological,16.9,26.02,8.43,11.4,30.12,8.23,6.2,1000,0,51.66480057,-128.0797635,mud,y,200,sp,macroalgae,algae,macroalgae_mud,algae_mud,99.32,4.3066999999999997e-147,289,Metazoa,Nemertea,Palaeonemertea,Carinomiformes,Carinomidae,Carinoma,0,0,TRUE,ASV5680,1,NA
edna0029,ASV5750,motu1598,Humilaria kennerleyi,Kennerleys venus,species,NA,1,NA,NA,NA,11,NA,NA,NA,NA,NA,Humilaria kennerleyi,Kennerleys venus,2018_hab4_surface,hab4,beach_seine,2018-07-12,2018-07-11,2018,surface,2,edna_hab4_15,surface,biological,16.9,26.02,8.43,11.4,30.12,8.23,6.2,1000,0,51.66480057,-128.0797635,mud,y,200,sp,macroalgae,algae,macroalgae_mud,algae_mud,99.68,9.126599999999999e-159,310,Metazoa,Mollusca,Bivalvia,Venerida,Veneridae,Humilaria,0,0,TRUE,ASV1921,2,Humilaria kennerleyi
edna0029,ASV5053,motu3894,Cicadellidae,Hexapod,family,NA,1,NA,NA,NA,3,NA,NA,NA,NA,NA,Cicadellidae,Hexapod,2018_hab4_surface,hab4,beach_seine,2018-07-12,2018-07-11,2018,surface,2,edna_hab4_15,surface,biological,16.9,26.02,8.43,11.4,30.12,8.23,6.2,1000,0,51.66480057,-128.0797635,mud,y,200,sp,macroalgae,algae,macroalgae_mud,algae_mud,91.67,1.83561e-26,72,Metazoa,Arthropoda,Arthropoda,Hemiptera,Cicadellidae,NA,NA,NA,TRUE,ASV5053,1,NA
edna0029,ASV4894,motu3787,Olividae,Sea snail species,family,NA,1,NA,1,NA,5,NA,NA,NA,NA,9,Olividae,Sea snail species,2018_hab4_surface,hab4,beach_seine,2018-07-12,2018-07-11,2018,surface,2,edna_hab4_15,surface,biological,16.9,26.02,8.43,11.4,30.12,8.23,6.2,1000,0,51.66480057,-128.0797635,mud,y,200,sp,macroalgae,algae,macroalgae_mud,algae_mud,90.16,8.59747e-10,42,Metazoa,Mollusca,Mollusca,Neogastropoda,Olividae,NA,0,0,TRUE,ASV4894,1,NA
edna0029,ASV5514,motu4230,Apostichopus californicus,California sea cucumber,species,NA,1,NA,1,NA,4,NA,NA,10,NA,NA,Apostichopus californicus,California sea cucumber,2018_hab4_surface,hab4,beach_seine,2018-07-12,2018-07-11,2018,surface,2,edna_hab4_15,surface,biological,16.9,26.02,8.43,11.4,30.12,8.23,6.2,1000,0,51.66480057,-128.0797635,mud,y,200,sp,macroalgae,algae,macroalgae_mud,algae_mud,100,1.96163e-160,313,Metazoa,Echinodermata,Holothuroidea,Synallactida,Stichopodidae,Apostichopus,0,0,TRUE,ASV5514,1,Apostichopus californicus
edna0029,ASV7266,motu5672,Insecta,Hexapod,class,NA,1,NA,NA,NA,4,NA,NA,NA,NA,NA,Insecta,Hexapod,2018_hab4_surface,hab4,beach_seine,2018-07-12,2018-07-11,2018,surface,2,edna_hab4_15,surface,biological,16.9,26.02,8.43,11.4,30.12,8.23,6.2,1000,0,51.66480057,-128.0797635,mud,y,200,sp,macroalgae,algae,macroalgae_mud,algae_mud,100,0.0171086,29,Metazoa,Arthropoda,Arthropoda,NA,NA,NA,NA,NA,TRUE,ASV7266,1,NA
edna0029,ASV7558,motu5924,Rhagada,Terrestrial snail,genus,NA,1,NA,NA,NA,3,NA,NA,NA,NA,NA,Rhagada,Terrestrial snail,2018_hab4_surface,hab4,beach_seine,2018-07-12,2018-07-11,2018,surface,2,edna_hab4_15,surface,biological,16.9,26.02,8.43,11.4,30.12,8.23,6.2,1000,0,51.66480057,-128.0797635,mud,y,200,sp,macroalgae,algae,macroalgae_mud,algae_mud,97.14,3.22341e-4,32,Metazoa,Mollusca,Mollusca,Panpulmonata,Eupulmonata,Rhagada,NA,1,TRUE,ASV7558,1,NA
edna0029,ASV7561,motu5927,Pleurotrocha,Rotifer,genus,NA,1,NA,NA,NA,2,NA,NA,NA,NA,NA,Pleurotrocha,Rotifer,2018_hab4_surface,hab4,beach_seine,2018-07-12,2018-07-11,2018,surface,2,edna_hab4_15,surface,biological,16.9,26.02,8.43,11.4,30.12,8.23,6.2,1000,0,51.66480057,-128.0797635,mud,y,200,sp,macroalgae,algae,macroalgae_mud,algae_mud,97.14,3.22341e-4,32,Metazoa,Rotifera,Rotifera,Ploima,Notommatidae,Pleurotrocha,0,0,TRUE,ASV7561,1,NA
edna0030,ASV623,motu543,Balanus,Barnacle species,genus,NA,1,NA,NA,NA,5,NA,NA,NA,NA,NA,Balanus,Barnacle species,2018_hab4_surface,hab4,beach_seine,2018-07-12,2018-07-11,2018,surface,3,edna_hab4_30,surface,biological,15.9,26.09,8.45,NA,NA,NA,5.8,1000,0,51.66465401,-128.0797184,mud,y,200,sp,macroalgae,algae,macroalgae_mud,algae_mud,100,1.4886099999999998e-156,306,Metazoa,Arthropoda,Arthropoda,Balanomorpha,Balanidae,Balanus,0,0,TRUE,ASV623,7,NA
edna0030,ASV733,motu637,Phyllodocida,Polychaete,order,NA,1,NA,NA,NA,5,NA,NA,NA,NA,NA,Phyllodocida,Polychaete,2018_hab4_surface,hab4,beach_seine,2018-07-12,2018-07-11,2018,surface,3,edna_hab4_30,surface,biological,15.9,26.09,8.45,NA,NA,NA,5.8,1000,0,51.66465401,-128.0797184,mud,y,200,sp,macroalgae,algae,macroalgae_mud,algae_mud,100,0.0603188,28,Metazoa,Annelida,Annelida,Phyllodocida,NA,NA,0,0,TRUE,ASV733,1,NA
edna0030,ASV679,motu591,Phyllodocida,Polychaete,order,NA,1,NA,1,NA,4,NA,NA,NA,NA,9,Phyllodocida,Polychaete,2018_hab4_surface,hab4,beach_seine,2018-07-12,2018-07-11,2018,surface,3,edna_hab4_30,surface,biological,15.9,26.09,8.45,NA,NA,NA,5.8,1000,0,51.66465401,-128.0797184,mud,y,200,sp,macroalgae,algae,macroalgae_mud,algae_mud,100,0.0603188,28,Metazoa,Annelida,Annelida,Phyllodocida,NA,NA,0,0,TRUE,ASV679,1,NA
edna0030,ASV1502,motu1269,Oithona similis,Cyclopoid copepod,species,NA,1,NA,NA,NA,6,NA,NA,NA,NA,NA,Oithona similis,Cyclopoid copepod,2018_hab4_surface,hab4,beach_seine,2018-07-12,2018-07-11,2018,surface,3,edna_hab4_30,surface,biological,15.9,26.09,8.45,NA,NA,NA,5.8,1000,0,51.66465401,-128.0797184,mud,y,200,sp,macroalgae,algae,macroalgae_mud,algae_mud,96.17,2.0179399999999996e-140,277,Metazoa,Arthropoda,Copepoda,Cyclopoida,Oithonidae,Oithona,0,0,TRUE,ASV1502,1,Oithona similis
edna0030,ASV1040,motu897,Oithona similis,Cyclopoid copepod,species,NA,1,NA,NA,NA,5,NA,NA,NA,NA,NA,Oithona similis,Cyclopoid copepod,2018_hab4_surface,hab4,beach_seine,2018-07-12,2018-07-11,2018,surface,3,edna_hab4_30,surface,biological,15.9,26.09,8.45,NA,NA,NA,5.8,1000,0,51.66465401,-128.0797184,mud,y,200,sp,macroalgae,algae,macroalgae_mud,algae_mud,96.17,2.0179399999999996e-140,277,Metazoa,Arthropoda,Copepoda,Cyclopoida,Oithonidae,Oithona,0,0,TRUE,ASV1040,1,Oithona similis
edna0030,ASV1059,motu911,Pleurobrachia bachei,Pacific sea gooseberry,species,NA,1,NA,1,NA,35,NA,NA,6,NA,NA,Pleurobrachia bachei,Pacific sea gooseberry,2018_hab4_surface,hab4,beach_seine,2018-07-12,2018-07-11,2018,surface,3,edna_hab4_30,surface,biological,15.9,26.09,8.45,NA,NA,NA,5.8,1000,0,51.66465401,-128.0797184,mud,y,200,sp,macroalgae,algae,macroalgae_mud,algae_mud,100,1.96163e-160,313,Metazoa,Ctenophora,Tentaculata,Cydippida,Cydippidae,Pleurobrachia,0,0,TRUE,ASV1059,3,Pleurobrachia bachei
edna0030,ASV1145,motu557,Macoma nasuta,Bent-nosed clam,species,NA,1,NA,NA,NA,66,NA,NA,NA,NA,NA,Macoma nasuta,Bent-nosed clam,2018_hab4_surface,hab4,beach_seine,2018-07-12,2018-07-11,2018,surface,3,edna_hab4_30,surface,biological,15.9,26.09,8.45,NA,NA,NA,5.8,1000,0,51.66465401,-128.0797184,mud,y,200,sp,macroalgae,algae,macroalgae_mud,algae_mud,99.36,4.246189999999999e-157,307,Metazoa,Mollusca,Bivalvia,Cardiida,Tellinidae,Macoma,0,0,TRUE,ASV643,4,Macoma nasuta
edna0030,ASV1470,motu1241,Cistenides granulata,Trumpet worm,species,NA,1,NA,1,NA,18,NA,7,NA,NA,NA,Cistenides granulata,Trumpet worm,2018_hab4_surface,hab4,beach_seine,2018-07-12,2018-07-11,2018,surface,3,edna_hab4_30,surface,biological,15.9,26.09,8.45,NA,NA,NA,5.8,1000,0,51.66465401,-128.0797184,mud,y,200,sp,macroalgae,algae,macroalgae_mud,algae_mud,100,1.96163e-160,313,Metazoa,Annelida,Polychaeta,Terebellida,Pectinariidae,Pectinaria,0,0,TRUE,ASV1470,1,Cistenides granulata
edna0030,ASV1945,motu1049,Macoma nasuta,Bent-nosed clam,species,NA,1,NA,NA,NA,51,NA,NA,NA,NA,NA,Macoma nasuta,Bent-nosed clam,2018_hab4_surface,hab4,beach_seine,2018-07-12,2018-07-11,2018,surface,3,edna_hab4_30,surface,biological,15.9,26.09,8.45,NA,NA,NA,5.8,1000,0,51.66465401,-128.0797184,mud,y,200,sp,macroalgae,algae,macroalgae_mud,algae_mud,99.36,4.246189999999999e-157,307,Metazoa,Mollusca,Bivalvia,Cardiida,Tellinidae,Macoma,0,0,TRUE,ASV1238,3,Macoma nasuta
edna0030,ASV2291,motu1886,Cerebratulus marginatus,Milky ribbon worm,species,NA,1,NA,NA,NA,27,NA,NA,NA,NA,NA,Cerebratulus marginatus,Milky ribbon worm,2018_hab4_surface,hab4,beach_seine,2018-07-12,2018-07-11,2018,surface,3,edna_hab4_30,surface,biological,15.9,26.09,8.45,NA,NA,NA,5.8,1000,0,51.66465401,-128.0797184,mud,y,200,sp,macroalgae,algae,macroalgae_mud,algae_mud,100,1.96163e-160,313,Metazoa,Nemertea,Pilidiophora,Heteronemertea,Lineidae,Cerebratulus,0,0,TRUE,ASV2291,1,Cerebratulus marginatus
edna0030,ASV1431,motu1208,Paracalanus,Calanoid copepod,genus,NA,1,NA,NA,NA,61,NA,NA,NA,NA,NA,Paracalanus,Calanoid copepod,2018_hab4_surface,hab4,beach_seine,2018-07-12,2018-07-11,2018,surface,3,edna_hab4_30,surface,biological,15.9,26.09,8.45,NA,NA,NA,5.8,1000,0,51.66465401,-128.0797184,mud,y,200,sp,macroalgae,algae,macroalgae_mud,algae_mud,99.01,2.4714899999999987e-149,293,Metazoa,Arthropoda,Arthropoda,Calanoida,Paracalanidae,Paracalanus,0,0,TRUE,ASV1431,2,NA
edna0030,ASV1057,motu909,Orobdella,Freshwater leech,genus,NA,1,NA,1,NA,7,NA,NA,6,NA,14,Orobdella,Freshwater leech,2018_hab4_surface,hab4,beach_seine,2018-07-12,2018-07-11,2018,surface,3,edna_hab4_30,surface,biological,15.9,26.09,8.45,NA,NA,NA,5.8,1000,0,51.66465401,-128.0797184,mud,y,200,sp,macroalgae,algae,macroalgae_mud,algae_mud,97.06,0.0011939,31,Metazoa,Annelida,Annelida,Erpobdelliformes,Orobdellidae,Orobdella,NA,NA,TRUE,ASV1057,1,NA
edna0030,ASV1917,motu1595,Arthropoda,Unknown arthropod,phylum,NA,1,NA,NA,NA,8,NA,NA,NA,NA,NA,Arthropoda,Unknown arthropod,2018_hab4_surface,hab4,beach_seine,2018-07-12,2018-07-11,2018,surface,3,edna_hab4_30,surface,biological,15.9,26.09,8.45,NA,NA,NA,5.8,1000,0,51.66465401,-128.0797184,mud,y,200,sp,macroalgae,algae,macroalgae_mud,algae_mud,95,2.34566e-5,34,Metazoa,Arthropoda,NA,NA,NA,NA,NA,NA,TRUE,ASV1917,1,NA
edna0030,ASV1747,motu1458,Armandia brevis,Opheliid polychaete,species,NA,1,NA,NA,NA,6,NA,NA,NA,NA,NA,Armandia brevis,Opheliid polychaete,2018_hab4_surface,hab4,beach_seine,2018-07-12,2018-07-11,2018,surface,3,edna_hab4_30,surface,biological,15.9,26.09,8.45,NA,NA,NA,5.8,1000,0,51.66465401,-128.0797184,mud,y,200,sp,macroalgae,algae,macroalgae_mud,algae_mud,100,3.4804099999999994e-173,336,Metazoa,Annelida,Polychaeta,NA,Opheliidae,Armandia,0,0,TRUE,ASV1747,1,Armandia brevis
edna0030,ASV2840,motu2298,Arthropoda,Unknown arthropod,phylum,NA,1,NA,NA,NA,6,NA,NA,NA,NA,NA,Arthropoda,Unknown arthropod,2018_hab4_surface,hab4,beach_seine,2018-07-12,2018-07-11,2018,surface,3,edna_hab4_30,surface,biological,15.9,26.09,8.45,NA,NA,NA,5.8,1000,0,51.66465401,-128.0797184,mud,y,200,sp,macroalgae,algae,macroalgae_mud,algae_mud,95,2.34566e-5,34,Metazoa,Arthropoda,NA,NA,NA,NA,NA,NA,TRUE,ASV2840,1,NA
edna0030,ASV3199,motu285,Paracalanus,Calanoid copepod,genus,NA,1,NA,NA,NA,34,NA,NA,NA,NA,NA,Paracalanus parvus parvus,Calanoid copepod,2018_hab4_surface,hab4,beach_seine,2018-07-12,2018-07-11,2018,surface,3,edna_hab4_30,surface,biological,15.9,26.09,8.45,NA,NA,NA,5.8,1000,0,51.66465401,-128.0797184,mud,y,200,sp,macroalgae,algae,macroalgae_mud,algae_mud,99.34,5.31212e-151,296,Metazoa,Arthropoda,Arthropoda,Calanoida,Paracalanidae,Paracalanus,0,0,TRUE,ASV324,6,NA
edna0030,ASV3669,motu1837,Balanus glandula,Acorn barnacle,species,NA,1,NA,NA,NA,24,NA,NA,NA,NA,NA,Balanus glandula,Acorn barnacle,2018_hab4_surface,hab4,beach_seine,2018-07-12,2018-07-11,2018,surface,3,edna_hab4_30,surface,biological,15.9,26.09,8.45,NA,NA,NA,5.8,1000,0,51.66465401,-128.0797184,mud,y,200,sp,macroalgae,algae,macroalgae_mud,algae_mud,99.68,1.5051499999999994e-156,306,Metazoa,Arthropoda,Thecostraca,Balanomorpha,Balanidae,Balanus,0,0,TRUE,ASV2229,2,Balanus glandula
edna0030,ASV3803,motu2992,Balanus glandula,Acorn barnacle,species,NA,1,NA,NA,NA,19,NA,NA,NA,NA,NA,Balanus glandula,Acorn barnacle,2018_hab4_surface,hab4,beach_seine,2018-07-12,2018-07-11,2018,surface,3,edna_hab4_30,surface,biological,15.9,26.09,8.45,NA,NA,NA,5.8,1000,0,51.66465401,-128.0797184,mud,y,200,sp,macroalgae,algae,macroalgae_mud,algae_mud,99.68,1.5051499999999994e-156,306,Metazoa,Arthropoda,Thecostraca,Balanomorpha,Balanidae,Balanus,0,0,TRUE,ASV3803,1,Balanus glandula
edna0030,ASV4648,motu3607,Lottia paradigitalis,Boreal limpet,species,NA,1,NA,NA,NA,8,NA,NA,NA,NA,NA,Lottia paradigitalis,Boreal limpet,2018_hab4_surface,hab4,beach_seine,2018-07-12,2018-07-11,2018,surface,3,edna_hab4_30,surface,biological,15.9,26.09,8.45,NA,NA,NA,5.8,1000,0,51.66465401,-128.0797184,mud,y,200,sp,macroalgae,algae,macroalgae_mud,algae_mud,100,1.96163e-160,313,Metazoa,Mollusca,Gastropoda,NA,Lottiidae,Lottia,0,0,TRUE,ASV4648,2,Lottia paradigitalis
edna0030,ASV3808,motu2995,Lottia paradigitalis,Boreal limpet,species,NA,1,NA,NA,NA,9,NA,NA,NA,NA,NA,Lottia paradigitalis,Boreal limpet,2018_hab4_surface,hab4,beach_seine,2018-07-12,2018-07-11,2018,surface,3,edna_hab4_30,surface,biological,15.9,26.09,8.45,NA,NA,NA,5.8,1000,0,51.66465401,-128.0797184,mud,y,200,sp,macroalgae,algae,macroalgae_mud,algae_mud,100,1.96163e-160,313,Metazoa,Mollusca,Gastropoda,NA,Lottiidae,Lottia,0,0,TRUE,ASV3808,2,Lottia paradigitalis
edna0030,ASV4875,motu3770,Leukoma staminea,Pacific littleneck clam,species,NA,1,NA,NA,NA,8,NA,NA,NA,NA,NA,Leukoma staminea,Pacific littleneck clam,2018_hab4_surface,hab4,beach_seine,2018-07-12,2018-07-11,2018,surface,3,edna_hab4_30,surface,biological,15.9,26.09,8.45,NA,NA,NA,5.8,1000,0,51.66465401,-128.0797184,mud,y,200,sp,macroalgae,algae,macroalgae_mud,algae_mud,100,1.54896e-146,288,Metazoa,Mollusca,Bivalvia,Venerida,Veneridae,Leukoma,0,0,TRUE,ASV4875,1,Leukoma staminea
edna0030,ASV5053,motu3894,Cicadellidae,Hexapod,family,NA,1,NA,NA,NA,3,NA,NA,NA,NA,NA,Cicadellidae,Hexapod,2018_hab4_surface,hab4,beach_seine,2018-07-12,2018-07-11,2018,surface,3,edna_hab4_30,surface,biological,15.9,26.09,8.45,NA,NA,NA,5.8,1000,0,51.66465401,-128.0797184,mud,y,200,sp,macroalgae,algae,macroalgae_mud,algae_mud,91.67,1.83561e-26,72,Metazoa,Arthropoda,Arthropoda,Hemiptera,Cicadellidae,NA,NA,NA,TRUE,ASV5053,1,NA
edna0030,ASV5454,motu4188,Solenopsis,Hexapod,genus,NA,1,NA,NA,NA,6,NA,NA,NA,NA,NA,Solenopsis,Hexapod,2018_hab4_surface,hab4,beach_seine,2018-07-12,2018-07-11,2018,surface,3,edna_hab4_30,surface,biological,15.9,26.09,8.45,NA,NA,NA,5.8,1000,0,51.66465401,-128.0797184,mud,y,200,sp,macroalgae,algae,macroalgae_mud,algae_mud,100,0.00113646,31,Metazoa,Arthropoda,Arthropoda,Hymenoptera,Formicoidea,Solenopsis,NA,NA,TRUE,ASV5454,1,NA
edna0031,ASV280,motu190,Mytilus,Mussel species,genus,NA,1,NA,NA,NA,40,NA,NA,NA,NA,NA,Mytilus trossulus,Bay mussel,2018_pba_surface,pba,beach_seine,2018-07-12,2018-07-10,2018,surface,1,edna_pba_00,surface,biological,16.5,26.11,8.44,NA,NA,NA,5.8,1000,0,51.64670412,-128.1188409,mud,y,180,p,seagrass,zostera,seagrass_mud,zostera_mud,100,3.2351099999999996e-158,309,Metazoa,Mollusca,Mollusca,Mytilida,Mytilidae,Mytilus,0,0,TRUE,ASV216,23,NA
edna0031,ASV377,motu334,Synchaeta pectinata,Rotifer,species,NA,1,NA,1,NA,7,NA,13,NA,NA,15,Synchaeta pectinata,Rotifer,2018_pba_surface,pba,beach_seine,2018-07-12,2018-07-10,2018,surface,1,edna_pba_00,surface,biological,16.5,26.11,8.44,NA,NA,NA,5.8,1000,0,51.64670412,-128.1188409,mud,y,180,p,seagrass,zostera,seagrass_mud,zostera_mud,90.48,1.6452299999999999e-111,225,Metazoa,Rotifera,Eurotatoria,Ploima,Synchaetidae,Synchaeta,0,0,TRUE,ASV377,5,Synchaeta pectinata
edna0031,ASV520,motu457,Evasterias troschelii,False ochre star,species,NA,1,NA,1,NA,7,NA,NA,8,NA,NA,Evasterias troschelii,False ochre star,2018_pba_surface,pba,beach_seine,2018-07-12,2018-07-10,2018,surface,1,edna_pba_00,surface,biological,16.5,26.11,8.44,NA,NA,NA,5.8,1000,0,51.64670412,-128.1188409,mud,y,180,p,seagrass,zostera,seagrass_mud,zostera_mud,100,1.96163e-160,313,Metazoa,Echinodermata,Asteroidea,Forcipulatida,Asteriidae,Evasterias,0,0,TRUE,ASV520,1,Evasterias troschelii
edna0031,ASV744,motu648,Evasterias troschelii,False ochre star,species,NA,1,NA,NA,NA,3,NA,NA,NA,NA,NA,Evasterias troschelii,False ochre star,2018_pba_surface,pba,beach_seine,2018-07-12,2018-07-10,2018,surface,1,edna_pba_00,surface,biological,16.5,26.11,8.44,NA,NA,NA,5.8,1000,0,51.64670412,-128.1188409,mud,y,180,p,seagrass,zostera,seagrass_mud,zostera_mud,100,1.96163e-160,313,Metazoa,Echinodermata,Asteroidea,Forcipulatida,Asteriidae,Evasterias,0,0,TRUE,ASV744,1,Evasterias troschelii
edna0031,ASV1013,motu876,Orobdella,Freshwater leech,genus,NA,1,NA,NA,NA,8,NA,NA,NA,NA,NA,Orobdella,Freshwater leech,2018_pba_surface,pba,beach_seine,2018-07-12,2018-07-10,2018,surface,1,edna_pba_00,surface,biological,16.5,26.11,8.44,NA,NA,NA,5.8,1000,0,51.64670412,-128.1188409,mud,y,180,p,seagrass,zostera,seagrass_mud,zostera_mud,97.06,0.00121031,31,Metazoa,Annelida,Annelida,Erpobdelliformes,Orobdellidae,Orobdella,NA,NA,TRUE,ASV1013,1,NA
edna0031,ASV1034,motu567,Kellia suborbicularis,Suborbicular kellyclam,species,NA,1,NA,NA,NA,12,NA,NA,NA,NA,NA,Kellia suborbicularis,Suborbicular kellyclam,2018_pba_surface,pba,beach_seine,2018-07-12,2018-07-10,2018,surface,1,edna_pba_00,surface,biological,16.5,26.11,8.44,NA,NA,NA,5.8,1000,0,51.64670412,-128.1188409,mud,y,180,p,seagrass,zostera,seagrass_mud,zostera_mud,98.72,9.19139e-154,301,Metazoa,Mollusca,Bivalvia,Galeommatida,Lasaeidae,Kellia,0,0,TRUE,ASV654,4,Kellia suborbicularis
edna0031,ASV733,motu637,Phyllodocida,Polychaete,order,NA,1,1,1,NA,18,10,NA,NA,NA,10,Phyllodocida,Polychaete,2018_pba_surface,pba,beach_seine,2018-07-12,2018-07-10,2018,surface,1,edna_pba_00,surface,biological,16.5,26.11,8.44,NA,NA,NA,5.8,1000,0,51.64670412,-128.1188409,mud,y,180,p,seagrass,zostera,seagrass_mud,zostera_mud,100,0.0603188,28,Metazoa,Annelida,Annelida,Phyllodocida,NA,NA,0,0,TRUE,ASV733,1,NA
edna0031,ASV1546,motu1303,Chaetognatha,Arrow worm,phylum,NA,1,NA,NA,NA,11,NA,NA,NA,NA,NA,Chaetognatha,Arrow worm,2018_pba_surface,pba,beach_seine,2018-07-12,2018-07-10,2018,surface,1,edna_pba_00,surface,biological,16.5,26.11,8.44,NA,NA,NA,5.8,1000,0,51.64670412,-128.1188409,mud,y,180,p,seagrass,zostera,seagrass_mud,zostera_mud,95.02,1.63074e-81,171,Metazoa,Chaetognatha,NA,NA,NA,NA,0,0,TRUE,ASV1546,2,NA
edna0031,ASV1070,motu922,Pleurobrachia bachei,Pacific sea gooseberry,species,NA,1,NA,1,NA,15,NA,39,24,NA,22,Pleurobrachia bachei,Pacific sea gooseberry,2018_pba_surface,pba,beach_seine,2018-07-12,2018-07-10,2018,surface,1,edna_pba_00,surface,biological,16.5,26.11,8.44,NA,NA,NA,5.8,1000,0,51.64670412,-128.1188409,mud,y,180,p,seagrass,zostera,seagrass_mud,zostera_mud,100,1.96163e-160,313,Metazoa,Ctenophora,Tentaculata,Cydippida,Cydippidae,Pleurobrachia,0,0,TRUE,ASV1070,7,Pleurobrachia bachei
edna0031,ASV2518,motu2051,Chaetognatha,Arrow worm,phylum,NA,1,NA,NA,NA,15,NA,NA,NA,NA,NA,Chaetognatha,Arrow worm,2018_pba_surface,pba,beach_seine,2018-07-12,2018-07-10,2018,surface,1,edna_pba_00,surface,biological,16.5,26.11,8.44,NA,NA,NA,5.8,1000,0,51.64670412,-128.1188409,mud,y,180,p,seagrass,zostera,seagrass_mud,zostera_mud,96.52,1.6192399999999998e-86,180,Metazoa,Chaetognatha,NA,NA,NA,NA,0,0,TRUE,ASV2518,1,NA
edna0031,ASV2147,motu1769,Asteriidae,Sea star,family,NA,1,NA,NA,NA,2,NA,NA,NA,NA,NA,Asteriidae,Sea star,2018_pba_surface,pba,beach_seine,2018-07-12,2018-07-10,2018,surface,1,edna_pba_00,surface,biological,16.5,26.11,8.44,NA,NA,NA,5.8,1000,0,51.64670412,-128.1188409,mud,y,180,p,seagrass,zostera,seagrass_mud,zostera_mud,100,1.96163e-160,313,Metazoa,Echinodermata,Echinodermata,Forcipulatida,Asteriidae,NA,0,0,TRUE,ASV2147,1,NA
edna0031,ASV3199,motu285,Paracalanus,Calanoid copepod,genus,NA,1,NA,NA,NA,26,NA,NA,NA,NA,NA,Paracalanus parvus parvus,Calanoid copepod,2018_pba_surface,pba,beach_seine,2018-07-12,2018-07-10,2018,surface,1,edna_pba_00,surface,biological,16.5,26.11,8.44,NA,NA,NA,5.8,1000,0,51.64670412,-128.1188409,mud,y,180,p,seagrass,zostera,seagrass_mud,zostera_mud,99.34,5.31212e-151,296,Metazoa,Arthropoda,Arthropoda,Calanoida,Paracalanidae,Paracalanus,0,0,TRUE,ASV324,6,NA
edna0031,ASV2797,motu2260,Armandia brevis,Opheliid polychaete,species,NA,1,NA,1,NA,4,NA,2,NA,NA,NA,Armandia brevis,Opheliid polychaete,2018_pba_surface,pba,beach_seine,2018-07-12,2018-07-10,2018,surface,1,edna_pba_00,surface,biological,16.5,26.11,8.44,NA,NA,NA,5.8,1000,0,51.64670412,-128.1188409,mud,y,180,p,seagrass,zostera,seagrass_mud,zostera_mud,100,2.708459999999999e-174,338,Metazoa,Annelida,Polychaeta,NA,Opheliidae,Armandia,0,0,TRUE,ASV2797,1,Armandia brevis
edna0031,ASV3171,motu2538,Semibalanus balanoides,Common rock barnacle,species,NA,1,NA,NA,NA,6,NA,NA,NA,NA,NA,Semibalanus balanoides,Common rock barnacle,2018_pba_surface,pba,beach_seine,2018-07-12,2018-07-10,2018,surface,1,edna_pba_00,surface,biological,16.5,26.11,8.44,NA,NA,NA,5.8,1000,0,51.64670412,-128.1188409,mud,y,180,p,seagrass,zostera,seagrass_mud,zostera_mud,100,1.96163e-160,313,Metazoa,Arthropoda,Thecostraca,Balanomorpha,Balanidae,Semibalanus,0,0,TRUE,ASV3171,1,Semibalanus balanoides
edna0031,ASV3266,motu2608,Arthropoda,Unknown arthropod,phylum,NA,1,NA,NA,NA,6,NA,NA,NA,NA,NA,Arthropoda,Unknown arthropod,2018_pba_surface,pba,beach_seine,2018-07-12,2018-07-10,2018,surface,1,edna_pba_00,surface,biological,16.5,26.11,8.44,NA,NA,NA,5.8,1000,0,51.64670412,-128.1188409,mud,y,180,p,seagrass,zostera,seagrass_mud,zostera_mud,100,0.014701,29,Metazoa,Arthropoda,NA,NA,NA,NA,NA,NA,TRUE,ASV3266,1,NA
edna0031,ASV3159,motu470,Paracalanus,Calanoid copepod,genus,NA,1,NA,NA,NA,6,NA,NA,NA,NA,NA,Paracalanus parvus parvus,Calanoid copepod,2018_pba_surface,pba,beach_seine,2018-07-12,2018-07-10,2018,surface,1,edna_pba_00,surface,biological,16.5,26.11,8.44,NA,NA,NA,5.8,1000,0,51.64670412,-128.1188409,mud,y,180,p,seagrass,zostera,seagrass_mud,zostera_mud,99.34,5.31212e-151,296,Metazoa,Arthropoda,Arthropoda,Calanoida,Paracalanidae,Paracalanus,0,0,TRUE,ASV536,6,NA
edna0031,ASV5237,motu1049,Macoma nasuta,Bent-nosed clam,species,NA,1,NA,NA,NA,19,NA,NA,NA,NA,NA,Macoma nasuta,Bent-nosed clam,2018_pba_surface,pba,beach_seine,2018-07-12,2018-07-10,2018,surface,1,edna_pba_00,surface,biological,16.5,26.11,8.44,NA,NA,NA,5.8,1000,0,51.64670412,-128.1188409,mud,y,180,p,seagrass,zostera,seagrass_mud,zostera_mud,99.36,4.246189999999999e-157,307,Metazoa,Mollusca,Bivalvia,Cardiida,Tellinidae,Macoma,0,0,TRUE,ASV1238,3,Macoma nasuta
edna0032,ASV251,motu105,Mesocentrotus franciscanus,Red sea urchin,species,NA,1,NA,NA,NA,3,NA,NA,NA,NA,NA,Mesocentrotus franciscanus,Red sea urchin,2018_pba_depth,pba,beach_seine,2018-07-12,2018-07-10,2018,depth,1,edna_pba_15,depth,biological,12.9,26.46,8.3,NA,NA,NA,5.8,1000,0,51.64655803,-128.1188964,mud,y,180,p,seagrass,zostera,seagrass_mud,zostera_mud,100,7.02982e-160,312,Metazoa,Echinodermata,Echinoidea,Camarodonta,Strongylocentrotidae,Mesocentrotus,0,0,TRUE,ASV118,8,Mesocentrotus franciscanus
edna0032,ASV536,motu470,Paracalanus parvus parvus,Calanoid copepod,species,NA,1,NA,NA,NA,56,NA,NA,NA,NA,NA,Paracalanus parvus parvus,Calanoid copepod,2018_pba_depth,pba,beach_seine,2018-07-12,2018-07-10,2018,depth,1,edna_pba_15,depth,biological,12.9,26.46,8.3,NA,NA,NA,5.8,1000,0,51.64655803,-128.1188964,mud,y,180,p,seagrass,zostera,seagrass_mud,zostera_mud,100,1.17454e-132,263,Metazoa,Arthropoda,Copepoda,Calanoida,Paracalanidae,Paracalanus,0,0,TRUE,ASV536,6,Paracalanus parvus parvus
edna0032,ASV750,motu654,Orobdella,Freshwater leech,genus,NA,1,NA,NA,NA,16,NA,NA,NA,NA,NA,Orobdella,Freshwater leech,2018_pba_depth,pba,beach_seine,2018-07-12,2018-07-10,2018,depth,1,edna_pba_15,depth,biological,12.9,26.46,8.3,NA,NA,NA,5.8,1000,0,51.64655803,-128.1188964,mud,y,180,p,seagrass,zostera,seagrass_mud,zostera_mud,97.06,0.00121031,31,Metazoa,Annelida,Annelida,Erpobdelliformes,Orobdellidae,Orobdella,NA,NA,TRUE,ASV750,1,NA
edna0032,ASV1013,motu876,Orobdella,Freshwater leech,genus,NA,1,NA,NA,NA,15,NA,NA,NA,NA,NA,Orobdella,Freshwater leech,2018_pba_depth,pba,beach_seine,2018-07-12,2018-07-10,2018,depth,1,edna_pba_15,depth,biological,12.9,26.46,8.3,NA,NA,NA,5.8,1000,0,51.64655803,-128.1188964,mud,y,180,p,seagrass,zostera,seagrass_mud,zostera_mud,97.06,0.00121031,31,Metazoa,Annelida,Annelida,Erpobdelliformes,Orobdellidae,Orobdella,NA,NA,TRUE,ASV1013,1,NA
edna0032,ASV559,motu492,Eupolymnia heterobranchia,Brown intertidal spaghetti worm,species,NA,1,NA,NA,NA,2,NA,NA,NA,NA,NA,Eupolymnia heterobranchia,Brown intertidal spaghetti worm,2018_pba_depth,pba,beach_seine,2018-07-12,2018-07-10,2018,depth,1,edna_pba_15,depth,biological,12.9,26.46,8.3,NA,NA,NA,5.8,1000,0,51.64655803,-128.1188964,mud,y,180,p,seagrass,zostera,seagrass_mud,zostera_mud,100,1.4886099999999998e-156,306,Metazoa,Annelida,Polychaeta,Terebellida,Terebellidae,Eupolymnia,0,0,TRUE,ASV559,3,Eupolymnia heterobranchia
edna0032,ASV733,motu637,Phyllodocida,Polychaete,order,NA,1,NA,1,NA,7,NA,12,16,NA,21,Phyllodocida,Polychaete,2018_pba_depth,pba,beach_seine,2018-07-12,2018-07-10,2018,depth,1,edna_pba_15,depth,biological,12.9,26.46,8.3,NA,NA,NA,5.8,1000,0,51.64655803,-128.1188964,mud,y,180,p,seagrass,zostera,seagrass_mud,zostera_mud,100,0.0603188,28,Metazoa,Annelida,Annelida,Phyllodocida,NA,NA,0,0,TRUE,ASV733,1,NA
edna0032,ASV679,motu591,Phyllodocida,Polychaete,order,NA,1,NA,1,NA,13,NA,NA,14,NA,39,Phyllodocida,Polychaete,2018_pba_depth,pba,beach_seine,2018-07-12,2018-07-10,2018,depth,1,edna_pba_15,depth,biological,12.9,26.46,8.3,NA,NA,NA,5.8,1000,0,51.64655803,-128.1188964,mud,y,180,p,seagrass,zostera,seagrass_mud,zostera_mud,100,0.0603188,28,Metazoa,Annelida,Annelida,Phyllodocida,NA,NA,0,0,TRUE,ASV679,1,NA
edna0032,ASV1546,motu1303,Chaetognatha,Arrow worm,phylum,NA,1,NA,NA,NA,13,NA,NA,NA,NA,NA,Chaetognatha,Arrow worm,2018_pba_depth,pba,beach_seine,2018-07-12,2018-07-10,2018,depth,1,edna_pba_15,depth,biological,12.9,26.46,8.3,NA,NA,NA,5.8,1000,0,51.64655803,-128.1188964,mud,y,180,p,seagrass,zostera,seagrass_mud,zostera_mud,95.02,1.63074e-81,171,Metazoa,Chaetognatha,NA,NA,NA,NA,0,0,TRUE,ASV1546,2,NA
edna0032,ASV1748,motu1459,Chaetognatha,Arrow worm,phylum,NA,1,NA,NA,NA,12,NA,NA,NA,NA,NA,Chaetognatha,Arrow worm,2018_pba_depth,pba,beach_seine,2018-07-12,2018-07-10,2018,depth,1,edna_pba_15,depth,biological,12.9,26.46,8.3,NA,NA,NA,5.8,1000,0,51.64655803,-128.1188964,mud,y,180,p,seagrass,zostera,seagrass_mud,zostera_mud,95.02,1.63074e-81,171,Metazoa,Chaetognatha,NA,NA,NA,NA,0,0,TRUE,ASV1748,1,NA
edna0032,ASV1068,motu920,Arthropoda,Unknown arthropod,phylum,NA,1,NA,NA,NA,8,NA,NA,NA,NA,NA,Arthropoda,Unknown arthropod,2018_pba_depth,pba,beach_seine,2018-07-12,2018-07-10,2018,depth,1,edna_pba_15,depth,biological,12.9,26.46,8.3,NA,NA,NA,5.8,1000,0,51.64655803,-128.1188964,mud,y,180,p,seagrass,zostera,seagrass_mud,zostera_mud,94.87,8.78538e-5,33,Metazoa,Arthropoda,NA,NA,NA,NA,NA,NA,TRUE,ASV1068,4,NA
edna0032,ASV1046,motu902,Arthropoda,Unknown arthropod,phylum,NA,1,1,NA,NA,3,3,NA,NA,NA,NA,Arthropoda,Unknown arthropod,2018_pba_depth,pba,beach_seine,2018-07-12,2018-07-10,2018,depth,1,edna_pba_15,depth,biological,12.9,26.46,8.3,NA,NA,NA,5.8,1000,0,51.64655803,-128.1188964,mud,y,180,p,seagrass,zostera,seagrass_mud,zostera_mud,94.87,8.78538e-5,33,Metazoa,Arthropoda,NA,NA,NA,NA,NA,NA,TRUE,ASV1046,4,NA
edna0032,ASV1445,motu1221,Cistenides granulata,Trumpet worm,species,NA,1,1,NA,NA,149,57,NA,NA,NA,NA,Cistenides granulata,Trumpet worm,2018_pba_depth,pba,beach_seine,2018-07-12,2018-07-10,2018,depth,1,edna_pba_15,depth,biological,12.9,26.46,8.3,NA,NA,NA,5.8,1000,0,51.64655803,-128.1188964,mud,y,180,p,seagrass,zostera,seagrass_mud,zostera_mud,100,1.4886099999999998e-156,306,Metazoa,Annelida,Polychaeta,Terebellida,Pectinariidae,Pectinaria,0,0,TRUE,ASV1445,1,Cistenides granulata
edna0032,ASV1266,motu1074,Cistenides granulata,Trumpet worm,species,NA,1,NA,1,NA,175,NA,50,79,NA,NA,Cistenides granulata,Trumpet worm,2018_pba_depth,pba,beach_seine,2018-07-12,2018-07-10,2018,depth,1,edna_pba_15,depth,biological,12.9,26.46,8.3,NA,NA,NA,5.8,1000,0,51.64655803,-128.1188964,mud,y,180,p,seagrass,zostera,seagrass_mud,zostera_mud,100,2.51921e-159,311,Metazoa,Annelida,Polychaeta,Terebellida,Pectinariidae,Pectinaria,0,0,TRUE,ASV1266,1,Cistenides granulata
edna0032,ASV1497,motu1264,Balanus glandula,Acorn barnacle,species,NA,1,NA,NA,NA,4,NA,NA,NA,NA,NA,Balanus glandula,Acorn barnacle,2018_pba_depth,pba,beach_seine,2018-07-12,2018-07-10,2018,depth,1,edna_pba_15,depth,biological,12.9,26.46,8.3,NA,NA,NA,5.8,1000,0,51.64655803,-128.1188964,mud,y,180,p,seagrass,zostera,seagrass_mud,zostera_mud,100,1.96163e-160,313,Metazoa,Arthropoda,Thecostraca,Balanomorpha,Balanidae,Balanus,0,0,TRUE,ASV1497,1,Balanus glandula
edna0032,ASV1917,motu1595,Arthropoda,Unknown arthropod,phylum,NA,1,NA,NA,NA,4,NA,NA,NA,NA,NA,Arthropoda,Unknown arthropod,2018_pba_depth,pba,beach_seine,2018-07-12,2018-07-10,2018,depth,1,edna_pba_15,depth,biological,12.9,26.46,8.3,NA,NA,NA,5.8,1000,0,51.64655803,-128.1188964,mud,y,180,p,seagrass,zostera,seagrass_mud,zostera_mud,95,2.34566e-5,34,Metazoa,Arthropoda,NA,NA,NA,NA,NA,NA,TRUE,ASV1917,1,NA
edna0032,ASV2523,motu2054,Paracalanus,Calanoid copepod,genus,NA,1,NA,NA,NA,99,NA,NA,NA,NA,NA,Paracalanus,Calanoid copepod,2018_pba_depth,pba,beach_seine,2018-07-12,2018-07-10,2018,depth,1,edna_pba_15,depth,biological,12.9,26.46,8.3,NA,NA,NA,5.8,1000,0,51.64655803,-128.1188964,mud,y,180,p,seagrass,zostera,seagrass_mud,zostera_mud,99.68,9.126599999999999e-159,310,Metazoa,Arthropoda,Arthropoda,Calanoida,Paracalanidae,Paracalanus,0,0,TRUE,ASV2523,1,NA
edna0032,ASV1603,motu1347,Armandia brevis,Opheliid polychaete,species,NA,1,NA,1,NA,18,NA,NA,9,NA,NA,Armandia brevis,Opheliid polychaete,2018_pba_depth,pba,beach_seine,2018-07-12,2018-07-10,2018,depth,1,edna_pba_15,depth,biological,12.9,26.46,8.3,NA,NA,NA,5.8,1000,0,51.64655803,-128.1188964,mud,y,180,p,seagrass,zostera,seagrass_mud,zostera_mud,100,3.4804099999999994e-173,336,Metazoa,Annelida,Polychaeta,NA,Opheliidae,Armandia,0,0,TRUE,ASV1603,1,Armandia brevis
edna0032,ASV2481,motu199,Mytilus trossulus,Bay mussel,species,NA,1,NA,NA,NA,48,NA,NA,NA,NA,NA,Mytilus trossulus,Bay mussel,2018_pba_depth,pba,beach_seine,2018-07-12,2018-07-10,2018,depth,1,edna_pba_15,depth,biological,12.9,26.46,8.3,NA,NA,NA,5.8,1000,0,51.64655803,-128.1188964,mud,y,180,p,seagrass,zostera,seagrass_mud,zostera_mud,99.68,1.5051499999999994e-156,306,Metazoa,Mollusca,Mollusca,Mytilida,Mytilidae,Mytilus,0,0,TRUE,ASV226,18,Mytilus trossulus
edna0032,ASV2274,motu1873,Paracalanus,Calanoid copepod,genus,NA,1,NA,1,NA,93,NA,NA,NA,NA,121,Paracalanus,Calanoid copepod,2018_pba_depth,pba,beach_seine,2018-07-12,2018-07-10,2018,depth,1,edna_pba_15,depth,biological,12.9,26.46,8.3,NA,NA,NA,5.8,1000,0,51.64655803,-128.1188964,mud,y,180,p,seagrass,zostera,seagrass_mud,zostera_mud,99.68,9.126599999999999e-159,310,Metazoa,Arthropoda,Arthropoda,Calanoida,Paracalanidae,Paracalanus,0,0,TRUE,ASV2274,1,NA
edna0032,ASV2773,motu2242,Diplostomida,Flatworm,order,NA,1,NA,NA,NA,23,NA,NA,NA,NA,NA,Diplostomida,Flatworm,2018_pba_depth,pba,beach_seine,2018-07-12,2018-07-10,2018,depth,1,edna_pba_15,depth,biological,12.9,26.46,8.3,NA,NA,NA,5.8,1000,0,51.64655803,-128.1188964,mud,y,180,p,seagrass,zostera,seagrass_mud,zostera_mud,96.88,0.0144888,29,Metazoa,Platyhelminthes,Platyhelminthes,Diplostomida,NA,NA,0,0,TRUE,ASV2773,1,NA
edna0032,ASV3266,motu2608,Arthropoda,Unknown arthropod,phylum,NA,1,NA,NA,NA,8,NA,NA,NA,NA,NA,Arthropoda,Unknown arthropod,2018_pba_depth,pba,beach_seine,2018-07-12,2018-07-10,2018,depth,1,edna_pba_15,depth,biological,12.9,26.46,8.3,NA,NA,NA,5.8,1000,0,51.64655803,-128.1188964,mud,y,180,p,seagrass,zostera,seagrass_mud,zostera_mud,100,0.014701,29,Metazoa,Arthropoda,NA,NA,NA,NA,NA,NA,TRUE,ASV3266,1,NA
edna0032,ASV1840,motu1162,Phascolosoma (Phascolosoma) agassizii,Agassiz peanut worm,species,NA,1,NA,NA,NA,3,NA,NA,NA,NA,NA,Phascolosoma (Phascolosoma) agassizii,Agassiz peanut worm,2018_pba_depth,pba,beach_seine,2018-07-12,2018-07-10,2018,depth,1,edna_pba_15,depth,biological,12.9,26.46,8.3,NA,NA,NA,5.8,1000,0,51.64655803,-128.1188964,mud,y,180,p,seagrass,zostera,seagrass_mud,zostera_mud,100,1.96163e-160,313,Metazoa,Annelida,NA,Sipuncula,Phascolosomatidae,Phascolosoma,0,0,TRUE,ASV1376,3,Phascolosoma (Phascolosoma) agassizii
edna0032,ASV3017,motu2432,Euphausia pacifica,North Pacific krill,species,NA,1,NA,NA,NA,2,NA,NA,NA,NA,NA,Euphausia pacifica,North Pacific krill,2018_pba_depth,pba,beach_seine,2018-07-12,2018-07-10,2018,depth,1,edna_pba_15,depth,biological,12.9,26.46,8.3,NA,NA,NA,5.8,1000,0,51.64655803,-128.1188964,mud,y,180,p,seagrass,zostera,seagrass_mud,zostera_mud,100,3.2351099999999996e-158,309,Metazoa,Arthropoda,Malacostraca,Euphausiacea,Euphausiidae,Euphausia,0,0,TRUE,ASV3017,1,Euphausia pacifica
edna0032,ASV4024,motu3156,Clytia,Thecate Hydroid,genus,NA,1,NA,NA,NA,3,NA,NA,NA,NA,NA,Clytia,Thecate Hydroid,2018_pba_depth,pba,beach_seine,2018-07-12,2018-07-10,2018,depth,1,edna_pba_15,depth,biological,12.9,26.46,8.3,NA,NA,NA,5.8,1000,0,51.64655803,-128.1188964,mud,y,180,p,seagrass,zostera,seagrass_mud,zostera_mud,100,1.4886099999999998e-156,306,Metazoa,Cnidaria,Cnidaria,Leptothecata,Campanulariidae,Clytia,0,0,TRUE,ASV4024,1,NA
edna0032,ASV7012,motu5458,Tubificida,Freshwater oligochaete,order,NA,1,NA,NA,NA,3,NA,NA,NA,NA,NA,Tubificida,Freshwater oligochaete,2018_pba_depth,pba,beach_seine,2018-07-12,2018-07-10,2018,depth,1,edna_pba_15,depth,biological,12.9,26.46,8.3,NA,NA,NA,5.8,1000,0,51.64655803,-128.1188964,mud,y,180,p,seagrass,zostera,seagrass_mud,zostera_mud,100,0.0149971,29,Metazoa,Annelida,Annelida,Tubificida,NA,NA,1,0,TRUE,ASV7012,1,NA
edna0032,ASV7017,motu5463,Chaetognatha,Arrow worm,phylum,NA,1,NA,NA,NA,5,NA,NA,NA,NA,NA,Chaetognatha,Arrow worm,2018_pba_depth,pba,beach_seine,2018-07-12,2018-07-10,2018,depth,1,edna_pba_15,depth,biological,12.9,26.46,8.3,NA,NA,NA,5.8,1000,0,51.64655803,-128.1188964,mud,y,180,p,seagrass,zostera,seagrass_mud,zostera_mud,93.53,1.74467e-76,162,Metazoa,Chaetognatha,NA,NA,NA,NA,0,0,TRUE,ASV7017,1,NA
edna0035,ASV536,motu470,Paracalanus parvus parvus,Calanoid copepod,species,NA,1,NA,NA,NA,24,NA,NA,NA,NA,NA,Paracalanus parvus parvus,Calanoid copepod,2018_pba_surface,pba,beach_seine,2018-07-12,2018-07-10,2018,surface,3,edna_pba_15,surface,biological,16.6,26.08,8.4,NA,NA,NA,3.7,1000,0,51.64655803,-128.1188964,mud,y,180,p,seagrass,zostera,seagrass_mud,zostera_mud,100,1.17454e-132,263,Metazoa,Arthropoda,Copepoda,Calanoida,Paracalanidae,Paracalanus,0,0,TRUE,ASV536,6,Paracalanus parvus parvus
edna0035,ASV324,motu285,Paracalanus parvus parvus,Calanoid copepod,species,NA,1,NA,1,NA,25,NA,NA,NA,NA,14,Paracalanus parvus parvus,Calanoid copepod,2018_pba_surface,pba,beach_seine,2018-07-12,2018-07-10,2018,surface,3,edna_pba_15,surface,biological,16.6,26.08,8.4,NA,NA,NA,3.7,1000,0,51.64655803,-128.1188964,mud,y,180,p,seagrass,zostera,seagrass_mud,zostera_mud,100,1.17454e-132,263,Metazoa,Arthropoda,Copepoda,Calanoida,Paracalanidae,Paracalanus,0,0,TRUE,ASV324,6,Paracalanus parvus parvus
edna0035,ASV398,motu350,Synchaeta pectinata,Rotifer,species,NA,1,1,NA,NA,8,3,NA,NA,NA,NA,Synchaeta pectinata,Rotifer,2018_pba_surface,pba,beach_seine,2018-07-12,2018-07-10,2018,surface,3,edna_pba_15,surface,biological,16.6,26.08,8.4,NA,NA,NA,3.7,1000,0,51.64655803,-128.1188964,mud,y,180,p,seagrass,zostera,seagrass_mud,zostera_mud,90.48,1.6452299999999999e-111,225,Metazoa,Rotifera,Eurotatoria,Ploima,Synchaetidae,Synchaeta,0,0,TRUE,ASV398,4,Synchaeta pectinata
edna0035,ASV520,motu457,Evasterias troschelii,False ochre star,species,NA,1,NA,1,NA,20,NA,NA,5,NA,8,Evasterias troschelii,False ochre star,2018_pba_surface,pba,beach_seine,2018-07-12,2018-07-10,2018,surface,3,edna_pba_15,surface,biological,16.6,26.08,8.4,NA,NA,NA,3.7,1000,0,51.64655803,-128.1188964,mud,y,180,p,seagrass,zostera,seagrass_mud,zostera_mud,100,1.96163e-160,313,Metazoa,Echinodermata,Asteroidea,Forcipulatida,Asteriidae,Evasterias,0,0,TRUE,ASV520,1,Evasterias troschelii
edna0035,ASV744,motu648,Evasterias troschelii,False ochre star,species,NA,1,NA,NA,NA,13,NA,NA,NA,NA,NA,Evasterias troschelii,False ochre star,2018_pba_surface,pba,beach_seine,2018-07-12,2018-07-10,2018,surface,3,edna_pba_15,surface,biological,16.6,26.08,8.4,NA,NA,NA,3.7,1000,0,51.64655803,-128.1188964,mud,y,180,p,seagrass,zostera,seagrass_mud,zostera_mud,100,1.96163e-160,313,Metazoa,Echinodermata,Asteroidea,Forcipulatida,Asteriidae,Evasterias,0,0,TRUE,ASV744,1,Evasterias troschelii
edna0035,ASV1013,motu876,Orobdella,Freshwater leech,genus,NA,1,NA,NA,NA,3,NA,NA,NA,NA,NA,Orobdella,Freshwater leech,2018_pba_surface,pba,beach_seine,2018-07-12,2018-07-10,2018,surface,3,edna_pba_15,surface,biological,16.6,26.08,8.4,NA,NA,NA,3.7,1000,0,51.64655803,-128.1188964,mud,y,180,p,seagrass,zostera,seagrass_mud,zostera_mud,97.06,0.00121031,31,Metazoa,Annelida,Annelida,Erpobdelliformes,Orobdellidae,Orobdella,NA,NA,TRUE,ASV1013,1,NA
edna0035,ASV1154,motu989,Eupolymnia heterobranchia,Brown intertidal spaghetti worm,species,NA,1,NA,NA,NA,4,NA,NA,NA,NA,NA,Eupolymnia heterobranchia,Brown intertidal spaghetti worm,2018_pba_surface,pba,beach_seine,2018-07-12,2018-07-10,2018,surface,3,edna_pba_15,surface,biological,16.6,26.08,8.4,NA,NA,NA,3.7,1000,0,51.64655803,-128.1188964,mud,y,180,p,seagrass,zostera,seagrass_mud,zostera_mud,100,1.4886099999999998e-156,306,Metazoa,Annelida,Polychaeta,Terebellida,Terebellidae,Eupolymnia,0,0,TRUE,ASV1154,3,Eupolymnia heterobranchia
edna0035,ASV801,motu697,Micropodarke dubia,Hesionid polychaete,species,NA,1,NA,1,NA,8,NA,NA,NA,NA,9,Micropodarke dubia,Hesionid polychaete,2018_pba_surface,pba,beach_seine,2018-07-12,2018-07-10,2018,surface,3,edna_pba_15,surface,biological,16.6,26.08,8.4,NA,NA,NA,3.7,1000,0,51.64655803,-128.1188964,mud,y,180,p,seagrass,zostera,seagrass_mud,zostera_mud,100,1.96163e-160,313,Metazoa,Annelida,Polychaeta,Phyllodocida,Hesionidae,Micropodarke,0,0,TRUE,ASV801,2,Micropodarke dubia
edna0035,ASV1742,motu1454,Micropodarke dubia,Hesionid polychaete,species,NA,1,NA,1,NA,5,NA,NA,12,NA,NA,Micropodarke dubia,Hesionid polychaete,2018_pba_surface,pba,beach_seine,2018-07-12,2018-07-10,2018,surface,3,edna_pba_15,surface,biological,16.6,26.08,8.4,NA,NA,NA,3.7,1000,0,51.64655803,-128.1188964,mud,y,180,p,seagrass,zostera,seagrass_mud,zostera_mud,100,1.96163e-160,313,Metazoa,Annelida,Polychaeta,Phyllodocida,Hesionidae,Micropodarke,0,0,TRUE,ASV1742,2,Micropodarke dubia
edna0035,ASV2651,motu2153,Clinocardium nuttallii,Basket cockle,species,NA,1,NA,NA,NA,17,NA,NA,NA,NA,NA,Clinocardium nuttallii,Basket cockle,2018_pba_surface,pba,beach_seine,2018-07-12,2018-07-10,2018,surface,3,edna_pba_15,surface,biological,16.6,26.08,8.4,NA,NA,NA,3.7,1000,0,51.64655803,-128.1188964,mud,y,180,p,seagrass,zostera,seagrass_mud,zostera_mud,100,2.4540699999999983e-154,302,Metazoa,Mollusca,Bivalvia,Cardiida,Cardiidae,Clinocardium,0,0,TRUE,ASV2651,1,Clinocardium nuttallii
edna0035,ASV3146,motu2524,Paracalanus,Calanoid copepod,genus,NA,1,NA,NA,NA,12,NA,NA,NA,NA,NA,Paracalanus,Calanoid copepod,2018_pba_surface,pba,beach_seine,2018-07-12,2018-07-10,2018,surface,3,edna_pba_15,surface,biological,16.6,26.08,8.4,NA,NA,NA,3.7,1000,0,51.64655803,-128.1188964,mud,y,180,p,seagrass,zostera,seagrass_mud,zostera_mud,99.34,1.9105799999999988e-150,295,Metazoa,Arthropoda,Copepoda,Calanoida,Paracalanidae,Paracalanus,0,0,TRUE,ASV3146,1,NA
edna0035,ASV3175,motu2541,Arthropoda,Unknown arthropod,phylum,NA,1,NA,NA,NA,4,NA,NA,NA,NA,NA,Arthropoda,Unknown arthropod,2018_pba_surface,pba,beach_seine,2018-07-12,2018-07-10,2018,surface,3,edna_pba_15,surface,biological,16.6,26.08,8.4,NA,NA,NA,3.7,1000,0,51.64655803,-128.1188964,mud,y,180,p,seagrass,zostera,seagrass_mud,zostera_mud,100,0.014701,29,Metazoa,Arthropoda,NA,NA,NA,NA,NA,NA,TRUE,ASV3175,1,NA
edna0035,ASV2852,motu2305,Coleoptera,Hexapod,order,NA,1,NA,NA,NA,3,NA,NA,NA,NA,NA,Coleoptera,Hexapod,2018_pba_surface,pba,beach_seine,2018-07-12,2018-07-10,2018,surface,3,edna_pba_15,surface,biological,16.6,26.08,8.4,NA,NA,NA,3.7,1000,0,51.64655803,-128.1188964,mud,y,180,p,seagrass,zostera,seagrass_mud,zostera_mud,100,0.00110774,31,Metazoa,Arthropoda,Arthropoda,Coleoptera,NA,NA,NA,NA,TRUE,ASV2852,1,NA
edna0035,ASV4610,motu199,Mytilus trossulus,Bay mussel,species,NA,1,NA,NA,NA,27,NA,NA,NA,NA,NA,Mytilus trossulus,Bay mussel,2018_pba_surface,pba,beach_seine,2018-07-12,2018-07-10,2018,surface,3,edna_pba_15,surface,biological,16.6,26.08,8.4,NA,NA,NA,3.7,1000,0,51.64655803,-128.1188964,mud,y,180,p,seagrass,zostera,seagrass_mud,zostera_mud,99.68,1.5051499999999994e-156,306,Metazoa,Mollusca,Mollusca,Mytilida,Mytilidae,Mytilus,0,0,TRUE,ASV226,18,Mytilus trossulus
edna0035,ASV4242,motu3326,Mya arenaria,Softshell clam,species,NA,1,NA,1,NA,4,NA,4,NA,NA,4,Mya arenaria,Softshell clam,2018_pba_surface,pba,beach_seine,2018-07-12,2018-07-10,2018,surface,3,edna_pba_15,surface,biological,16.6,26.08,8.4,NA,NA,NA,3.7,1000,0,51.64655803,-128.1188964,mud,y,180,p,seagrass,zostera,seagrass_mud,zostera_mud,100,4.2619199999999965e-162,316,Metazoa,Mollusca,Bivalvia,Myida,Myidae,Mya,0,0,TRUE,ASV4242,1,Mya arenaria
edna0035,ASV6527,motu5055,Talitridae,Amphipod,family,NA,1,NA,NA,NA,4,NA,NA,NA,NA,NA,Talitridae,Amphipod,2018_pba_surface,pba,beach_seine,2018-07-12,2018-07-10,2018,surface,3,edna_pba_15,surface,biological,16.6,26.08,8.4,NA,NA,NA,3.7,1000,0,51.64655803,-128.1188964,mud,y,180,p,seagrass,zostera,seagrass_mud,zostera_mud,90.28,8.83636e-15,51,Metazoa,Arthropoda,Arthropoda,Amphipoda,Talitridae,NA,0,1,TRUE,ASV6527,1,NA
edna0035,ASV5427,motu4165,Chaetognatha,Arrow worm,phylum,NA,1,NA,NA,NA,6,NA,NA,NA,NA,NA,Chaetognatha,Arrow worm,2018_pba_surface,pba,beach_seine,2018-07-12,2018-07-10,2018,surface,3,edna_pba_15,surface,biological,16.6,26.08,8.4,NA,NA,NA,3.7,1000,0,51.64655803,-128.1188964,mud,y,180,p,seagrass,zostera,seagrass_mud,zostera_mud,98.01,1.6078299999999998e-91,189,Metazoa,Chaetognatha,NA,NA,NA,NA,0,0,TRUE,ASV5427,1,NA
edna0035,ASV7692,motu6045,Nuttallia obscurata,Purple varnish clam,species,NA,1,NA,NA,NA,2,NA,NA,NA,NA,NA,Nuttallia obscurata,Purple varnish clam,2018_pba_surface,pba,beach_seine,2018-07-12,2018-07-10,2018,surface,3,edna_pba_15,surface,biological,16.6,26.08,8.4,NA,NA,NA,3.7,1000,0,51.64655803,-128.1188964,mud,y,180,p,seagrass,zostera,seagrass_mud,zostera_mud,100,9.310369999999999e-159,310,Metazoa,Mollusca,Bivalvia,Cardiida,Psammobiidae,Nuttallia,0,0,TRUE,ASV7692,1,Nuttallia obscurata
edna0035,ASV7816,motu6162,Pisciforma,Hexapod,family,NA,1,NA,NA,NA,2,NA,NA,NA,NA,NA,Pisciforma,Hexapod,2018_pba_surface,pba,beach_seine,2018-07-12,2018-07-10,2018,surface,3,edna_pba_15,surface,biological,16.6,26.08,8.4,NA,NA,NA,3.7,1000,0,51.64655803,-128.1188964,mud,y,180,p,seagrass,zostera,seagrass_mud,zostera_mud,94.23,2.47428e-10,43,Metazoa,Arthropoda,Arthropoda,Pisciforma,Pisciforma,NA,NA,NA,TRUE,ASV7816,1,NA
edna0036,ASV447,motu394,Balanus glandula,Acorn barnacle,species,NA,1,NA,NA,NA,3,NA,NA,NA,NA,NA,Balanus glandula,Acorn barnacle,2018_pba_depth,pba,beach_seine,2018-07-12,2018-07-10,2018,depth,3,edna_pba_30,depth,biological,12.7,29.67,8.28,NA,NA,NA,3.7,1000,0,51.64642312,-128.1189452,mud,y,180,p,seagrass,zostera,seagrass_mud,zostera_mud,100,3.2351099999999996e-158,309,Metazoa,Arthropoda,Thecostraca,Balanomorpha,Balanidae,Balanus,0,0,TRUE,ASV447,12,Balanus glandula
edna0036,ASV377,motu334,Synchaeta pectinata,Rotifer,species,NA,1,NA,1,NA,18,NA,NA,NA,NA,19,Synchaeta pectinata,Rotifer,2018_pba_depth,pba,beach_seine,2018-07-12,2018-07-10,2018,depth,3,edna_pba_30,depth,biological,12.7,29.67,8.28,NA,NA,NA,3.7,1000,0,51.64642312,-128.1189452,mud,y,180,p,seagrass,zostera,seagrass_mud,zostera_mud,90.48,1.6452299999999999e-111,225,Metazoa,Rotifera,Eurotatoria,Ploima,Synchaetidae,Synchaeta,0,0,TRUE,ASV377,5,Synchaeta pectinata
edna0036,ASV744,motu648,Evasterias troschelii,False ochre star,species,NA,1,NA,NA,NA,4,NA,NA,NA,NA,NA,Evasterias troschelii,False ochre star,2018_pba_depth,pba,beach_seine,2018-07-12,2018-07-10,2018,depth,3,edna_pba_30,depth,biological,12.7,29.67,8.28,NA,NA,NA,3.7,1000,0,51.64642312,-128.1189452,mud,y,180,p,seagrass,zostera,seagrass_mud,zostera_mud,100,1.96163e-160,313,Metazoa,Echinodermata,Asteroidea,Forcipulatida,Asteriidae,Evasterias,0,0,TRUE,ASV744,1,Evasterias troschelii
edna0036,ASV865,motu753,Parastenocarididae,Harpacticoid copepod,family,NA,1,NA,NA,NA,22,NA,NA,NA,NA,NA,Parastenocarididae,Harpacticoid copepod,2018_pba_depth,pba,beach_seine,2018-07-12,2018-07-10,2018,depth,3,edna_pba_30,depth,biological,12.7,29.67,8.28,NA,NA,NA,3.7,1000,0,51.64642312,-128.1189452,mud,y,180,p,seagrass,zostera,seagrass_mud,zostera_mud,94.59,0.00408744,30,Metazoa,Arthropoda,Arthropoda,Harpacticoida,Parastenocarididae,NA,1,0,TRUE,ASV865,1,NA
edna0036,ASV772,motu672,Parastenocarididae,Harpacticoid copepod,family,NA,1,NA,1,NA,25,NA,NA,74,NA,NA,Parastenocarididae,Harpacticoid copepod,2018_pba_depth,pba,beach_seine,2018-07-12,2018-07-10,2018,depth,3,edna_pba_30,depth,biological,12.7,29.67,8.28,NA,NA,NA,3.7,1000,0,51.64642312,-128.1189452,mud,y,180,p,seagrass,zostera,seagrass_mud,zostera_mud,94.59,0.00408744,30,Metazoa,Arthropoda,Arthropoda,Harpacticoida,Parastenocarididae,NA,1,0,TRUE,ASV772,1,NA
edna0036,ASV916,motu796,Panopea generosa,Pacific geoduck,species,NA,1,1,NA,NA,13,6,NA,NA,NA,NA,Panopea generosa,Pacific geoduck,2018_pba_depth,pba,beach_seine,2018-07-12,2018-07-10,2018,depth,3,edna_pba_30,depth,biological,12.7,29.67,8.28,NA,NA,NA,3.7,1000,0,51.64642312,-128.1189452,mud,y,180,p,seagrass,zostera,seagrass_mud,zostera_mud,100,1.96163e-160,313,Metazoa,Mollusca,Bivalvia,Adapedonta,Hiatellidae,Panopea,0,0,TRUE,ASV916,4,Panopea generosa
edna0036,ASV622,motu22,Acartia (Acartiura) longiremis,Calanoid copepod,species,NA,1,NA,1,NA,50,NA,125,136,NA,NA,Acartia (Acartiura) longiremis,Calanoid copepod,2018_pba_depth,pba,beach_seine,2018-07-12,2018-07-10,2018,depth,3,edna_pba_30,depth,biological,12.7,29.67,8.28,NA,NA,NA,3.7,1000,0,51.64642312,-128.1189452,mud,y,180,p,seagrass,zostera,seagrass_mud,zostera_mud,99.68,9.126599999999999e-159,310,Metazoa,Arthropoda,Copepoda,Calanoida,Acartiidae,Acartia,0,0,TRUE,ASV25,27,Acartia (Acartiura) longiremis
edna0036,ASV1546,motu1303,Chaetognatha,Arrow worm,phylum,NA,1,NA,NA,NA,9,NA,NA,NA,NA,NA,Chaetognatha,Arrow worm,2018_pba_depth,pba,beach_seine,2018-07-12,2018-07-10,2018,depth,3,edna_pba_30,depth,biological,12.7,29.67,8.28,NA,NA,NA,3.7,1000,0,51.64642312,-128.1189452,mud,y,180,p,seagrass,zostera,seagrass_mud,zostera_mud,95.02,1.63074e-81,171,Metazoa,Chaetognatha,NA,NA,NA,NA,0,0,TRUE,ASV1546,2,NA
edna0036,ASV709,motu492,Eupolymnia heterobranchia,Brown intertidal spaghetti worm,species,NA,1,NA,NA,NA,3,NA,NA,NA,NA,NA,Eupolymnia heterobranchia,Brown intertidal spaghetti worm,2018_pba_depth,pba,beach_seine,2018-07-12,2018-07-10,2018,depth,3,edna_pba_30,depth,biological,12.7,29.67,8.28,NA,NA,NA,3.7,1000,0,51.64642312,-128.1189452,mud,y,180,p,seagrass,zostera,seagrass_mud,zostera_mud,99.67,6.925819999999995e-155,303,Metazoa,Annelida,Polychaeta,Terebellida,Terebellidae,Eupolymnia,0,0,TRUE,ASV559,3,Eupolymnia heterobranchia
edna0036,ASV1522,motu989,Eupolymnia heterobranchia,Brown intertidal spaghetti worm,species,NA,1,NA,NA,NA,5,NA,NA,NA,NA,NA,Eupolymnia heterobranchia,Brown intertidal spaghetti worm,2018_pba_depth,pba,beach_seine,2018-07-12,2018-07-10,2018,depth,3,edna_pba_30,depth,biological,12.7,29.67,8.28,NA,NA,NA,3.7,1000,0,51.64642312,-128.1189452,mud,y,180,p,seagrass,zostera,seagrass_mud,zostera_mud,99.67,6.925819999999995e-155,303,Metazoa,Annelida,Polychaeta,Terebellida,Terebellidae,Eupolymnia,0,0,TRUE,ASV1154,3,Eupolymnia heterobranchia
edna0036,ASV1057,motu909,Orobdella,Freshwater leech,genus,NA,1,NA,NA,NA,14,NA,NA,NA,NA,NA,Orobdella,Freshwater leech,2018_pba_depth,pba,beach_seine,2018-07-12,2018-07-10,2018,depth,3,edna_pba_30,depth,biological,12.7,29.67,8.28,NA,NA,NA,3.7,1000,0,51.64642312,-128.1189452,mud,y,180,p,seagrass,zostera,seagrass_mud,zostera_mud,97.06,0.0011939,31,Metazoa,Annelida,Annelida,Erpobdelliformes,Orobdellidae,Orobdella,NA,NA,TRUE,ASV1057,1,NA
edna0036,ASV2523,motu2054,Paracalanus,Calanoid copepod,genus,NA,1,NA,NA,NA,4,NA,NA,NA,NA,NA,Paracalanus,Calanoid copepod,2018_pba_depth,pba,beach_seine,2018-07-12,2018-07-10,2018,depth,3,edna_pba_30,depth,biological,12.7,29.67,8.28,NA,NA,NA,3.7,1000,0,51.64642312,-128.1189452,mud,y,180,p,seagrass,zostera,seagrass_mud,zostera_mud,99.68,9.126599999999999e-159,310,Metazoa,Arthropoda,Arthropoda,Calanoida,Paracalanidae,Paracalanus,0,0,TRUE,ASV2523,1,NA
edna0036,ASV1569,motu1322,Clinocardium nuttallii,Basket cockle,species,NA,1,NA,1,NA,6,NA,NA,24,NA,NA,Clinocardium nuttallii,Basket cockle,2018_pba_depth,pba,beach_seine,2018-07-12,2018-07-10,2018,depth,3,edna_pba_30,depth,biological,12.7,29.67,8.28,NA,NA,NA,3.7,1000,0,51.64642312,-128.1189452,mud,y,180,p,seagrass,zostera,seagrass_mud,zostera_mud,100,2.4540699999999983e-154,302,Metazoa,Mollusca,Bivalvia,Cardiida,Cardiidae,Clinocardium,0,0,TRUE,ASV1569,2,Clinocardium nuttallii
edna0036,ASV3384,motu567,Kellia suborbicularis,Suborbicular kellyclam,species,NA,1,NA,NA,NA,9,NA,NA,NA,NA,NA,Kellia suborbicularis,Suborbicular kellyclam,2018_pba_depth,pba,beach_seine,2018-07-12,2018-07-10,2018,depth,3,edna_pba_30,depth,biological,12.7,29.67,8.28,NA,NA,NA,3.7,1000,0,51.64642312,-128.1189452,mud,y,180,p,seagrass,zostera,seagrass_mud,zostera_mud,98.08,1.9895899999999988e-150,295,Metazoa,Mollusca,Bivalvia,Galeommatida,Lasaeidae,Kellia,0,0,TRUE,ASV654,4,Kellia suborbicularis
edna0036,ASV2773,motu2242,Diplostomida,Flatworm,order,NA,1,NA,NA,NA,5,NA,NA,NA,NA,NA,Diplostomida,Flatworm,2018_pba_depth,pba,beach_seine,2018-07-12,2018-07-10,2018,depth,3,edna_pba_30,depth,biological,12.7,29.67,8.28,NA,NA,NA,3.7,1000,0,51.64642312,-128.1189452,mud,y,180,p,seagrass,zostera,seagrass_mud,zostera_mud,96.88,0.0144888,29,Metazoa,Platyhelminthes,Platyhelminthes,Diplostomida,NA,NA,0,0,TRUE,ASV2773,1,NA
edna0036,ASV3359,motu407,Kellia suborbicularis,Suborbicular kellyclam,species,NA,1,NA,1,NA,3,NA,3,18,NA,2,Kellia suborbicularis,Suborbicular kellyclam,2018_pba_depth,pba,beach_seine,2018-07-12,2018-07-10,2018,depth,3,edna_pba_30,depth,biological,12.7,29.67,8.28,NA,NA,NA,3.7,1000,0,51.64642312,-128.1189452,mud,y,180,p,seagrass,zostera,seagrass_mud,zostera_mud,98.08,1.9895899999999988e-150,295,Metazoa,Mollusca,Bivalvia,Galeommatida,Lasaeidae,Kellia,0,0,TRUE,ASV462,4,Kellia suborbicularis
edna0036,ASV3017,motu2432,Euphausia pacifica,North Pacific krill,species,NA,1,NA,NA,NA,6,NA,NA,NA,NA,NA,Euphausia pacifica,North Pacific krill,2018_pba_depth,pba,beach_seine,2018-07-12,2018-07-10,2018,depth,3,edna_pba_30,depth,biological,12.7,29.67,8.28,NA,NA,NA,3.7,1000,0,51.64642312,-128.1189452,mud,y,180,p,seagrass,zostera,seagrass_mud,zostera_mud,100,3.2351099999999996e-158,309,Metazoa,Arthropoda,Malacostraca,Euphausiacea,Euphausiidae,Euphausia,0,0,TRUE,ASV3017,1,Euphausia pacifica
edna0036,ASV4609,motu3578,Neritidae,Nerite snail species,family,NA,1,NA,NA,NA,3,NA,NA,NA,NA,NA,Neritidae,Nerite snail species,2018_pba_depth,pba,beach_seine,2018-07-12,2018-07-10,2018,depth,3,edna_pba_30,depth,biological,12.7,29.67,8.28,NA,NA,NA,3.7,1000,0,51.64642312,-128.1189452,mud,y,180,p,seagrass,zostera,seagrass_mud,zostera_mud,90,6.69344e-6,35,Metazoa,Mollusca,Mollusca,Cycloneritida,Neritidae,NA,0,0,TRUE,ASV4609,1,NA
edna0036,ASV5443,motu4180,Cistenides granulata,Trumpet worm,species,NA,1,NA,NA,NA,28,NA,NA,NA,NA,NA,Cistenides granulata,Trumpet worm,2018_pba_depth,pba,beach_seine,2018-07-12,2018-07-10,2018,depth,3,edna_pba_30,depth,biological,12.7,29.67,8.28,NA,NA,NA,3.7,1000,0,51.64642312,-128.1189452,mud,y,180,p,seagrass,zostera,seagrass_mud,zostera_mud,98.72,9.19139e-154,301,Metazoa,Annelida,Polychaeta,Terebellida,Pectinariidae,Pectinaria,0,0,TRUE,ASV5443,1,Cistenides granulata
edna0036,ASV4953,motu3834,Cistenides granulata,Trumpet worm,species,NA,1,1,NA,NA,22,15,NA,NA,NA,NA,Cistenides granulata,Trumpet worm,2018_pba_depth,pba,beach_seine,2018-07-12,2018-07-10,2018,depth,3,edna_pba_30,depth,biological,12.7,29.67,8.28,NA,NA,NA,3.7,1000,0,51.64642312,-128.1189452,mud,y,180,p,seagrass,zostera,seagrass_mud,zostera_mud,98.69,6.974989999999997e-150,294,Metazoa,Annelida,Polychaeta,Terebellida,Pectinariidae,Pectinaria,0,0,TRUE,ASV4953,1,Cistenides granulata
edna0037,ASV251,motu105,Mesocentrotus franciscanus,Red sea urchin,species,NA,1,NA,NA,NA,97,NA,NA,NA,NA,NA,Mesocentrotus franciscanus,Red sea urchin,2018_wfb_surface,wfb,beach_seine,2018-07-13,2018-07-12,2018,surface,1,edna_wfb_00,surface,biological,12.5,30.95,7.97,NA,NA,NA,5.3,1000,0,51.66858165,-128.1194495,sand,y,350,se,none,none,none_sand,none_sand,100,7.02982e-160,312,Metazoa,Echinodermata,Echinoidea,Camarodonta,Strongylocentrotidae,Mesocentrotus,0,0,TRUE,ASV118,8,Mesocentrotus franciscanus
edna0037,ASV307,motu118,Mesocentrotus franciscanus,Red sea urchin,species,NA,1,NA,NA,NA,92,NA,NA,NA,NA,NA,Mesocentrotus franciscanus,Red sea urchin,2018_wfb_surface,wfb,beach_seine,2018-07-13,2018-07-12,2018,surface,1,edna_wfb_00,surface,biological,12.5,30.95,7.97,NA,NA,NA,5.3,1000,0,51.66858165,-128.1194495,sand,y,350,se,none,none,none_sand,none_sand,100,7.02982e-160,312,Metazoa,Echinodermata,Echinoidea,Camarodonta,Strongylocentrotidae,Mesocentrotus,0,0,TRUE,ASV132,8,Mesocentrotus franciscanus
edna0037,ASV232,motu204,Cecidomyiidae,Hexapod,genus,NA,1,NA,NA,NA,5,NA,NA,NA,NA,NA,Cecidomyiidae,Hexapod,2018_wfb_surface,wfb,beach_seine,2018-07-13,2018-07-12,2018,surface,1,edna_wfb_00,surface,biological,12.5,30.95,7.97,NA,NA,NA,5.3,1000,0,51.66858165,-128.1194495,sand,y,350,se,none,none,none_sand,none_sand,100,0.00408744,30,Metazoa,Arthropoda,Arthropoda,Diptera,Cecidomyiidae,Cecidomyiidae,NA,NA,TRUE,ASV232,1,NA
edna0037,ASV616,motu537,Mitrocoma cellularia,Cross jelly,species,NA,1,NA,NA,NA,65,NA,NA,NA,NA,NA,Mitrocoma cellularia,Cross jelly,2018_wfb_surface,wfb,beach_seine,2018-07-13,2018-07-12,2018,surface,1,edna_wfb_00,surface,biological,12.5,30.95,7.97,NA,NA,NA,5.3,1000,0,51.66858165,-128.1194495,sand,y,350,se,none,none,none_sand,none_sand,100,1.4886099999999998e-156,306,Metazoa,Cnidaria,Hydrozoa,Leptothecata,Mitrocomidae,Mitrocoma,0,0,TRUE,ASV616,6,Mitrocoma cellularia
edna0037,ASV390,motu343,Dodecaceria,Cirratulid polychaete,genus,NA,1,NA,1,NA,26,NA,33,NA,NA,NA,Dodecaceria,Cirratulid polychaete,2018_wfb_surface,wfb,beach_seine,2018-07-13,2018-07-12,2018,surface,1,edna_wfb_00,surface,biological,12.5,30.95,7.97,NA,NA,NA,5.3,1000,0,51.66858165,-128.1194495,sand,y,350,se,none,none,none_sand,none_sand,100,1.96163e-160,313,Metazoa,Annelida,Polychaeta,Terebellida,Cirratulidae,Dodecaceria,0,0,TRUE,ASV390,6,NA
edna0037,ASV1038,motu895,Clytia gregaria,Gregarious jellyfish,species,NA,1,NA,NA,NA,19,NA,NA,NA,NA,NA,Clytia gregaria,Gregarious jellyfish,2018_wfb_surface,wfb,beach_seine,2018-07-13,2018-07-12,2018,surface,1,edna_wfb_00,surface,biological,12.5,30.95,7.97,NA,NA,NA,5.3,1000,0,51.66858165,-128.1194495,sand,y,350,se,none,none,none_sand,none_sand,99.68,9.126599999999999e-159,310,Metazoa,Cnidaria,Hydrozoa,Leptothecata,Campanulariidae,Clytia,0,0,TRUE,ASV1038,2,Clytia gregaria
edna0037,ASV1384,motu1168,Membranipora membranacea,Coffin box bryozoan,species,NA,1,NA,NA,NA,8,NA,NA,NA,NA,NA,Membranipora membranacea,Coffin box bryozoan,2018_wfb_surface,wfb,beach_seine,2018-07-13,2018-07-12,2018,surface,1,edna_wfb_00,surface,biological,12.5,30.95,7.97,NA,NA,NA,5.3,1000,0,51.66858165,-128.1194495,sand,y,350,se,none,none,none_sand,none_sand,100,9.252979999999995e-139,274,Metazoa,Bryozoa,Gymnolaemata,Cheilostomatida,Membraniporidae,Membranipora,0,0,TRUE,ASV1384,2,Membranipora membranacea
edna0037,ASV780,motu679,Aequorea,Crystal jelly species,genus,NA,1,NA,1,NA,32,NA,27,49,NA,NA,Aequorea,Crystal jelly species,2018_wfb_surface,wfb,beach_seine,2018-07-13,2018-07-12,2018,surface,1,edna_wfb_00,surface,biological,12.5,30.95,7.97,NA,NA,NA,5.3,1000,0,51.66858165,-128.1194495,sand,y,350,se,none,none,none_sand,none_sand,100,1.4886099999999998e-156,306,Metazoa,Cnidaria,Hydrozoa,Leptothecata,Aequoreidae,Aequorea,0,0,TRUE,ASV780,4,NA
edna0037,ASV775,motu675,Aequorea,Crystal jelly species,genus,NA,1,1,1,NA,31,16,31,NA,NA,NA,Aequorea,Crystal jelly species,2018_wfb_surface,wfb,beach_seine,2018-07-13,2018-07-12,2018,surface,1,edna_wfb_00,surface,biological,12.5,30.95,7.97,NA,NA,NA,5.3,1000,0,51.66858165,-128.1194495,sand,y,350,se,none,none,none_sand,none_sand,100,1.4886099999999998e-156,306,Metazoa,Cnidaria,Hydrozoa,Leptothecata,Aequoreidae,Aequorea,0,0,TRUE,ASV775,3,NA
edna0037,ASV795,motu692,Phascolosoma (Phascolosoma) agassizii,Agassiz peanut worm,species,NA,1,NA,NA,NA,5,NA,NA,NA,NA,NA,Phascolosoma (Phascolosoma) agassizii,Agassiz peanut worm,2018_wfb_surface,wfb,beach_seine,2018-07-13,2018-07-12,2018,surface,1,edna_wfb_00,surface,biological,12.5,30.95,7.97,NA,NA,NA,5.3,1000,0,51.66858165,-128.1194495,sand,y,350,se,none,none,none_sand,none_sand,100,1.96163e-160,313,Metazoa,Annelida,NA,Sipuncula,Phascolosomatidae,Phascolosoma,0,0,TRUE,ASV795,3,Phascolosoma (Phascolosoma) agassizii
edna0037,ASV1748,motu1459,Chaetognatha,Arrow worm,phylum,NA,1,NA,NA,NA,6,NA,NA,NA,NA,NA,Chaetognatha,Arrow worm,2018_wfb_surface,wfb,beach_seine,2018-07-13,2018-07-12,2018,surface,1,edna_wfb_00,surface,biological,12.5,30.95,7.97,NA,NA,NA,5.3,1000,0,51.66858165,-128.1194495,sand,y,350,se,none,none,none_sand,none_sand,95.02,1.63074e-81,171,Metazoa,Chaetognatha,NA,NA,NA,NA,0,0,TRUE,ASV1748,1,NA
edna0037,ASV1068,motu920,Arthropoda,Unknown arthropod,phylum,NA,1,1,1,NA,8,4,13,38,NA,14,Arthropoda,Unknown arthropod,2018_wfb_surface,wfb,beach_seine,2018-07-13,2018-07-12,2018,surface,1,edna_wfb_00,surface,biological,12.5,30.95,7.97,NA,NA,NA,5.3,1000,0,51.66858165,-128.1194495,sand,y,350,se,none,none,none_sand,none_sand,94.87,8.78538e-5,33,Metazoa,Arthropoda,NA,NA,NA,NA,NA,NA,TRUE,ASV1068,4,NA
edna0037,ASV1576,motu1328,Strongylocentrotus purpuratus,Purple sea urchin,species,NA,1,1,1,NA,10,5,NA,14,NA,NA,Strongylocentrotus purpuratus,Purple sea urchin,2018_wfb_surface,wfb,beach_seine,2018-07-13,2018-07-12,2018,surface,1,edna_wfb_00,surface,biological,12.5,30.95,7.97,NA,NA,NA,5.3,1000,0,51.66858165,-128.1194495,sand,y,350,se,none,none,none_sand,none_sand,100,1.96163e-160,313,Metazoa,Echinodermata,Echinoidea,Camarodonta,Strongylocentrotidae,Strongylocentrotus,0,0,TRUE,ASV1576,4,Strongylocentrotus purpuratus
edna0037,ASV2930,motu2362,Chaetognatha,Arrow worm,phylum,NA,1,NA,NA,NA,11,NA,NA,NA,NA,NA,Chaetognatha,Arrow worm,2018_wfb_surface,wfb,beach_seine,2018-07-13,2018-07-12,2018,surface,1,edna_wfb_00,surface,biological,12.5,30.95,7.97,NA,NA,NA,5.3,1000,0,51.66858165,-128.1194495,sand,y,350,se,none,none,none_sand,none_sand,98.01,1.6078299999999998e-91,189,Metazoa,Chaetognatha,NA,NA,NA,NA,0,0,TRUE,ASV2930,1,NA
edna0037,ASV1859,motu1549,Aurelia,Moon jelly species,genus,NA,1,NA,1,NA,10,NA,31,NA,NA,NA,Aurelia,Moon jelly species,2018_wfb_surface,wfb,beach_seine,2018-07-13,2018-07-12,2018,surface,1,edna_wfb_00,surface,biological,12.5,30.95,7.97,NA,NA,NA,5.3,1000,0,51.66858165,-128.1194495,sand,y,350,se,none,none,none_sand,none_sand,100,1.96163e-160,313,Metazoa,Cnidaria,Cnidaria,Semaeostomeae,Ulmaridae,Aurelia,0,0,TRUE,ASV1859,2,NA
edna0037,ASV1722,motu1438,Aurelia labiata,Moon jelly species,species,NA,1,NA,1,NA,15,NA,NA,37,NA,NA,Aurelia labiata,Moon jelly species,2018_wfb_surface,wfb,beach_seine,2018-07-13,2018-07-12,2018,surface,1,edna_wfb_00,surface,biological,12.5,30.95,7.97,NA,NA,NA,5.3,1000,0,51.66858165,-128.1194495,sand,y,350,se,none,none,none_sand,none_sand,99.36,4.246189999999999e-157,307,Metazoa,Cnidaria,Scyphozoa,Semaeostomeae,Ulmaridae,Aurelia,0,0,TRUE,ASV1722,4,Aurelia labiata
edna0037,ASV2941,motu2370,Axiothella rubrocincta,Bamboo worm,species,NA,1,1,NA,NA,11,4,NA,NA,NA,NA,Axiothella rubrocincta,Bamboo worm,2018_wfb_surface,wfb,beach_seine,2018-07-13,2018-07-12,2018,surface,1,edna_wfb_00,surface,biological,12.5,30.95,7.97,NA,NA,NA,5.3,1000,0,51.66858165,-128.1194495,sand,y,350,se,none,none,none_sand,none_sand,100,1.4886099999999998e-156,306,Metazoa,Annelida,Polychaeta,NA,Maldanidae,Axiothella,0,0,TRUE,ASV2941,1,Axiothella rubrocincta
edna0037,ASV4234,motu3319,Axiothella rubrocincta,Bamboo worm,species,NA,1,NA,NA,NA,12,NA,NA,NA,NA,NA,Axiothella rubrocincta,Bamboo worm,2018_wfb_surface,wfb,beach_seine,2018-07-13,2018-07-12,2018,surface,1,edna_wfb_00,surface,biological,12.5,30.95,7.97,NA,NA,NA,5.3,1000,0,51.66858165,-128.1194495,sand,y,350,se,none,none,none_sand,none_sand,100,1.4886099999999998e-156,306,Metazoa,Annelida,Polychaeta,NA,Maldanidae,Axiothella,0,0,TRUE,ASV4234,1,Axiothella rubrocincta
edna0037,ASV5290,motu4062,Neosabellaria cementarium,Cemented sandmason tubeworm,species,NA,1,NA,NA,NA,2,NA,NA,NA,NA,NA,Neosabellaria cementarium,Cemented sandmason tubeworm,2018_wfb_surface,wfb,beach_seine,2018-07-13,2018-07-12,2018,surface,1,edna_wfb_00,surface,biological,12.5,30.95,7.97,NA,NA,NA,5.3,1000,0,51.66858165,-128.1194495,sand,y,350,se,none,none,none_sand,none_sand,99.04,1.97556e-155,304,Metazoa,Annelida,Polychaeta,NA,Sabellariidae,Neosabellaria,0,0,TRUE,ASV5290,1,Neosabellaria cementarium
edna0037,ASV6248,motu4821,Proctotrupidae,Hexapod,genus,NA,1,NA,NA,NA,3,NA,NA,NA,NA,NA,Proctotrupidae,Hexapod,2018_wfb_surface,wfb,beach_seine,2018-07-13,2018-07-12,2018,surface,1,edna_wfb_00,surface,biological,12.5,30.95,7.97,NA,NA,NA,5.3,1000,0,51.66858165,-128.1194495,sand,y,350,se,none,none,none_sand,none_sand,100,6.92826e-6,35,Metazoa,Arthropoda,Arthropoda,Hymenoptera,Proctotrupoidea,Proctotrupidae,NA,NA,TRUE,ASV6248,1,NA
edna0038,ASV258,motu228,Lensia,Siphonophore,genus,NA,1,NA,NA,NA,5,NA,NA,NA,NA,NA,Lensia,Siphonophore,2018_wfb_depth,wfb,beach_seine,2018-07-13,2018-07-12,2018,depth,1,edna_wfb_15,depth,biological,10.6,31.55,7.94,NA,NA,NA,5.3,1000,0,51.66850793,-128.1196609,sand,y,350,se,none,none,none_sand,none_sand,100,0.00408744,30,Metazoa,Cnidaria,Cnidaria,Siphonophorae,Diphyidae,Lensia,0,0,TRUE,ASV258,1,NA
edna0038,ASV251,motu105,Mesocentrotus franciscanus,Red sea urchin,species,NA,1,1,NA,NA,13,8,NA,NA,NA,NA,Mesocentrotus franciscanus,Red sea urchin,2018_wfb_depth,wfb,beach_seine,2018-07-13,2018-07-12,2018,depth,1,edna_wfb_15,depth,biological,10.6,31.55,7.94,NA,NA,NA,5.3,1000,0,51.66850793,-128.1196609,sand,y,350,se,none,none,none_sand,none_sand,100,7.02982e-160,312,Metazoa,Echinodermata,Echinoidea,Camarodonta,Strongylocentrotidae,Mesocentrotus,0,0,TRUE,ASV118,8,Mesocentrotus franciscanus
edna0038,ASV132,motu118,Mesocentrotus franciscanus,Red sea urchin,species,NA,1,NA,1,NA,11,NA,NA,NA,NA,10,Mesocentrotus franciscanus,Red sea urchin,2018_wfb_depth,wfb,beach_seine,2018-07-13,2018-07-12,2018,depth,1,edna_wfb_15,depth,biological,10.6,31.55,7.94,NA,NA,NA,5.3,1000,0,51.66850793,-128.1196609,sand,y,350,se,none,none,none_sand,none_sand,100,2.51921e-159,311,Metazoa,Echinodermata,Echinoidea,Camarodonta,Strongylocentrotidae,Mesocentrotus,0,0,TRUE,ASV132,8,Mesocentrotus franciscanus
edna0038,ASV580,motu150,Pseudocalanus mimus,Calanoid copepod,species,NA,1,1,NA,NA,204,94,NA,NA,NA,NA,Pseudocalanus mimus,Calanoid copepod,2018_wfb_depth,wfb,beach_seine,2018-07-13,2018-07-12,2018,depth,1,edna_wfb_15,depth,biological,10.6,31.55,7.94,NA,NA,NA,5.3,1000,0,51.66850793,-128.1196609,sand,y,350,se,none,none,none_sand,none_sand,99.67,9.19139e-154,301,Metazoa,Arthropoda,Copepoda,Calanoida,Clausocalanidae,Pseudocalanus,0,0,TRUE,ASV171,10,Pseudocalanus mimus
edna0038,ASV603,motu529,Ophiopholis kennerlyi,Daisy brittle star,species,NA,1,NA,NA,NA,2,NA,NA,NA,NA,NA,Ophiopholis kennerlyi,Daisy brittle star,2018_wfb_depth,wfb,beach_seine,2018-07-13,2018-07-12,2018,depth,1,edna_wfb_15,depth,biological,10.6,31.55,7.94,NA,NA,NA,5.3,1000,0,51.66850793,-128.1196609,sand,y,350,se,none,none,none_sand,none_sand,100,1.96163e-160,313,Metazoa,Echinodermata,Echinodermata,Amphilepidida,Ophiopholidae,Ophiopholis,0,0,TRUE,ASV603,6,Ophiopholis kennerlyi
edna0038,ASV390,motu343,Dodecaceria,Cirratulid polychaete,genus,NA,1,NA,NA,NA,42,NA,NA,NA,NA,NA,Dodecaceria,Cirratulid polychaete,2018_wfb_depth,wfb,beach_seine,2018-07-13,2018-07-12,2018,depth,1,edna_wfb_15,depth,biological,10.6,31.55,7.94,NA,NA,NA,5.3,1000,0,51.66850793,-128.1196609,sand,y,350,se,none,none,none_sand,none_sand,100,1.96163e-160,313,Metazoa,Annelida,Polychaeta,Terebellida,Cirratulidae,Dodecaceria,0,0,TRUE,ASV390,6,NA
edna0038,ASV322,motu283,Dodecaceria,Cirratulid polychaete,genus,NA,1,NA,NA,NA,37,NA,NA,NA,NA,NA,Dodecaceria,Cirratulid polychaete,2018_wfb_depth,wfb,beach_seine,2018-07-13,2018-07-12,2018,depth,1,edna_wfb_15,depth,biological,10.6,31.55,7.94,NA,NA,NA,5.3,1000,0,51.66850793,-128.1196609,sand,y,350,se,none,none,none_sand,none_sand,100,1.96163e-160,313,Metazoa,Annelida,Polychaeta,Terebellida,Cirratulidae,Dodecaceria,0,0,TRUE,ASV322,5,NA
edna0038,ASV1013,motu876,Orobdella,Freshwater leech,genus,NA,1,NA,NA,NA,11,NA,NA,NA,NA,NA,Orobdella,Freshwater leech,2018_wfb_depth,wfb,beach_seine,2018-07-13,2018-07-12,2018,depth,1,edna_wfb_15,depth,biological,10.6,31.55,7.94,NA,NA,NA,5.3,1000,0,51.66850793,-128.1196609,sand,y,350,se,none,none,none_sand,none_sand,97.06,0.00121031,31,Metazoa,Annelida,Annelida,Erpobdelliformes,Orobdellidae,Orobdella,NA,NA,TRUE,ASV1013,1,NA
edna0038,ASV1154,motu989,Eupolymnia heterobranchia,Brown intertidal spaghetti worm,species,NA,1,NA,NA,NA,8,NA,NA,NA,NA,NA,Eupolymnia heterobranchia,Brown intertidal spaghetti worm,2018_wfb_depth,wfb,beach_seine,2018-07-13,2018-07-12,2018,depth,1,edna_wfb_15,depth,biological,10.6,31.55,7.94,NA,NA,NA,5.3,1000,0,51.66850793,-128.1196609,sand,y,350,se,none,none,none_sand,none_sand,100,1.4886099999999998e-156,306,Metazoa,Annelida,Polychaeta,Terebellida,Terebellidae,Eupolymnia,0,0,TRUE,ASV1154,3,Eupolymnia heterobranchia
edna0038,ASV1367,motu1153,Cyanea,Lions mane jellyfish species,genus,NA,1,NA,NA,NA,13,NA,NA,NA,NA,NA,Cyanea,Lions mane jellyfish species,2018_wfb_depth,wfb,beach_seine,2018-07-13,2018-07-12,2018,depth,1,edna_wfb_15,depth,biological,10.6,31.55,7.94,NA,NA,NA,5.3,1000,0,51.66850793,-128.1196609,sand,y,350,se,none,none,none_sand,none_sand,100,3.2351099999999996e-158,309,Metazoa,Cnidaria,Scyphozoa,Semaeostomeae,Cyaneidae,Cyanea,0,0,TRUE,ASV1367,2,NA
edna0038,ASV801,motu697,Micropodarke dubia,Hesionid polychaete,species,NA,1,NA,NA,NA,9,NA,NA,NA,NA,NA,Micropodarke dubia,Hesionid polychaete,2018_wfb_depth,wfb,beach_seine,2018-07-13,2018-07-12,2018,depth,1,edna_wfb_15,depth,biological,10.6,31.55,7.94,NA,NA,NA,5.3,1000,0,51.66850793,-128.1196609,sand,y,350,se,none,none,none_sand,none_sand,100,1.96163e-160,313,Metazoa,Annelida,Polychaeta,Phyllodocida,Hesionidae,Micropodarke,0,0,TRUE,ASV801,2,Micropodarke dubia
edna0038,ASV2518,motu2051,Chaetognatha,Arrow worm,phylum,NA,1,NA,NA,NA,19,NA,NA,NA,NA,NA,Chaetognatha,Arrow worm,2018_wfb_depth,wfb,beach_seine,2018-07-13,2018-07-12,2018,depth,1,edna_wfb_15,depth,biological,10.6,31.55,7.94,NA,NA,NA,5.3,1000,0,51.66850793,-128.1196609,sand,y,350,se,none,none,none_sand,none_sand,96.52,1.6192399999999998e-86,180,Metazoa,Chaetognatha,NA,NA,NA,NA,0,0,TRUE,ASV2518,1,NA
edna0038,ASV2147,motu1769,Asteriidae,Sea star,family,NA,1,NA,NA,NA,8,NA,NA,NA,NA,NA,Asteriidae,Sea star,2018_wfb_depth,wfb,beach_seine,2018-07-13,2018-07-12,2018,depth,1,edna_wfb_15,depth,biological,10.6,31.55,7.94,NA,NA,NA,5.3,1000,0,51.66850793,-128.1196609,sand,y,350,se,none,none,none_sand,none_sand,100,1.96163e-160,313,Metazoa,Echinodermata,Echinodermata,Forcipulatida,Asteriidae,NA,0,0,TRUE,ASV2147,1,NA
edna0038,ASV1431,motu1208,Paracalanus,Calanoid copepod,genus,NA,1,NA,1,NA,10,NA,NA,11,NA,NA,Paracalanus,Calanoid copepod,2018_wfb_depth,wfb,beach_seine,2018-07-13,2018-07-12,2018,depth,1,edna_wfb_15,depth,biological,10.6,31.55,7.94,NA,NA,NA,5.3,1000,0,51.66850793,-128.1196609,sand,y,350,se,none,none,none_sand,none_sand,99.01,2.4714899999999987e-149,293,Metazoa,Arthropoda,Arthropoda,Calanoida,Paracalanidae,Paracalanus,0,0,TRUE,ASV1431,2,NA
edna0038,ASV2402,motu1965,Chaetognatha,Arrow worm,phylum,NA,1,NA,NA,NA,15,NA,NA,NA,NA,NA,Chaetognatha,Arrow worm,2018_wfb_depth,wfb,beach_seine,2018-07-13,2018-07-12,2018,depth,1,edna_wfb_15,depth,biological,10.6,31.55,7.94,NA,NA,NA,5.3,1000,0,51.66850793,-128.1196609,sand,y,350,se,none,none,none_sand,none_sand,96.52,1.6192399999999998e-86,180,Metazoa,Chaetognatha,NA,NA,NA,NA,0,0,TRUE,ASV2402,1,NA
edna0038,ASV1921,motu1598,Humilaria kennerleyi,Kennerleys venus,species,NA,1,NA,NA,NA,6,NA,NA,NA,NA,NA,Humilaria kennerleyi,Kennerleys venus,2018_wfb_depth,wfb,beach_seine,2018-07-13,2018-07-12,2018,depth,1,edna_wfb_15,depth,biological,10.6,31.55,7.94,NA,NA,NA,5.3,1000,0,51.66850793,-128.1196609,sand,y,350,se,none,none,none_sand,none_sand,100,1.96163e-160,313,Metazoa,Mollusca,Bivalvia,Venerida,Veneridae,Humilaria,0,0,TRUE,ASV1921,2,Humilaria kennerleyi
edna0038,ASV2840,motu2298,Arthropoda,Unknown arthropod,phylum,NA,1,NA,NA,NA,10,NA,NA,NA,NA,NA,Arthropoda,Unknown arthropod,2018_wfb_depth,wfb,beach_seine,2018-07-13,2018-07-12,2018,depth,1,edna_wfb_15,depth,biological,10.6,31.55,7.94,NA,NA,NA,5.3,1000,0,51.66850793,-128.1196609,sand,y,350,se,none,none,none_sand,none_sand,95,2.34566e-5,34,Metazoa,Arthropoda,NA,NA,NA,NA,NA,NA,TRUE,ASV2840,1,NA
edna0038,ASV3177,motu2543,Polycirrus,Sphagetti worm,genus,NA,1,NA,NA,NA,6,NA,NA,NA,NA,NA,Polycirrus,Sphagetti worm,2018_wfb_depth,wfb,beach_seine,2018-07-13,2018-07-12,2018,depth,1,edna_wfb_15,depth,biological,10.6,31.55,7.94,NA,NA,NA,5.3,1000,0,51.66850793,-128.1196609,sand,y,350,se,none,none,none_sand,none_sand,100,3.2351099999999996e-158,309,Metazoa,Annelida,Polychaeta,Terebellida,Terebellidae,Polycirrus,0,0,TRUE,ASV3177,1,NA
edna0038,ASV3441,motu2732,Halosydna brevisetosa,Shortscaled worm,species,NA,1,NA,1,NA,55,NA,50,NA,NA,NA,Halosydna brevisetosa,Shortscaled worm,2018_wfb_depth,wfb,beach_seine,2018-07-13,2018-07-12,2018,depth,1,edna_wfb_15,depth,biological,10.6,31.55,7.94,NA,NA,NA,5.3,1000,0,51.66850793,-128.1196609,sand,y,350,se,none,none,none_sand,none_sand,99.36,4.246189999999999e-157,307,Metazoa,Annelida,Polychaeta,Phyllodocida,Polynoidae,Halosydna,0,0,TRUE,ASV3441,1,Halosydna brevisetosa
edna0038,ASV2459,motu2003,Aurelia labiata,Moon jelly species,species,NA,1,1,1,NA,40,12,16,10,NA,3,Aurelia labiata,Moon jelly species,2018_wfb_depth,wfb,beach_seine,2018-07-13,2018-07-12,2018,depth,1,edna_wfb_15,depth,biological,10.6,31.55,7.94,NA,NA,NA,5.3,1000,0,51.66850793,-128.1196609,sand,y,350,se,none,none,none_sand,none_sand,99.04,1.97556e-155,304,Metazoa,Cnidaria,Scyphozoa,Semaeostomeae,Ulmaridae,Aurelia,0,0,TRUE,ASV2459,1,Aurelia labiata
edna0038,ASV2624,motu2129,Sabellariidae,Feather duster worm,family,NA,1,NA,1,NA,17,NA,NA,NA,NA,10,Sabellariidae,Feather duster worm,2018_wfb_depth,wfb,beach_seine,2018-07-13,2018-07-12,2018,depth,1,edna_wfb_15,depth,biological,10.6,31.55,7.94,NA,NA,NA,5.3,1000,0,51.66850793,-128.1196609,sand,y,350,se,none,none,none_sand,none_sand,100,1.925639999999999e-155,304,Metazoa,Annelida,Polychaeta,NA,Sabellariidae,NA,0,0,TRUE,ASV2624,2,NA
edna0038,ASV2801,motu2264,Synchaeta triophthalma,Rotifer,species,NA,1,1,1,NA,10,3,NA,NA,NA,11,Synchaeta triophthalma,Rotifer,2018_wfb_depth,wfb,beach_seine,2018-07-13,2018-07-12,2018,depth,1,edna_wfb_15,depth,biological,10.6,31.55,7.94,NA,NA,NA,5.3,1000,0,51.66850793,-128.1196609,sand,y,350,se,none,none,none_sand,none_sand,91.35,7.600549999999996e-115,231,Metazoa,Rotifera,Eurotatoria,Ploima,Synchaetidae,Synchaeta,0,0,TRUE,ASV2801,1,Synchaeta triophthalma
edna0038,ASV6768,motu5258,Semibalanus cariosus,Thatched barnacle,species,NA,1,NA,NA,NA,3,NA,NA,NA,NA,NA,Semibalanus cariosus,Thatched barnacle,2018_wfb_depth,wfb,beach_seine,2018-07-13,2018-07-12,2018,depth,1,edna_wfb_15,depth,biological,10.6,31.55,7.94,NA,NA,NA,5.3,1000,0,51.66850793,-128.1196609,sand,y,350,se,none,none,none_sand,none_sand,100,2.0011299999999987e-160,313,Metazoa,Arthropoda,Thecostraca,Balanomorpha,Balanidae,Semibalanus,0,0,TRUE,ASV6768,1,Semibalanus cariosus
edna0039,ASV258,motu228,Lensia,Siphonophore,genus,NA,1,NA,NA,NA,8,NA,NA,NA,NA,NA,Lensia,Siphonophore,2018_wfb_surface,wfb,beach_seine,2018-07-13,2018-07-12,2018,surface,2,edna_wfb_30,surface,biological,12.4,31.02,7.95,NA,NA,NA,5.3,1000,0,51.66843974,-128.1199132,sand,y,350,se,none,none,none_sand,none_sand,100,0.00408744,30,Metazoa,Cnidaria,Cnidaria,Siphonophorae,Diphyidae,Lensia,0,0,TRUE,ASV258,1,NA
edna0039,ASV131,motu117,Lensia,Siphonophore,genus,NA,1,NA,1,NA,7,NA,NA,14,NA,NA,Lensia,Siphonophore,2018_wfb_surface,wfb,beach_seine,2018-07-13,2018-07-12,2018,surface,2,edna_wfb_30,surface,biological,12.4,31.02,7.95,NA,NA,NA,5.3,1000,0,51.66843974,-128.1199132,sand,y,350,se,none,none,none_sand,none_sand,100,0.00408744,30,Metazoa,Cnidaria,Cnidaria,Siphonophorae,Diphyidae,Lensia,0,0,TRUE,ASV131,2,NA
edna0039,ASV233,motu74,Euchlanidae,Rotifer,family,NA,1,NA,1,NA,45,NA,NA,NA,NA,60,No Results,No Results,2018_wfb_surface,wfb,beach_seine,2018-07-13,2018-07-12,2018,surface,2,edna_wfb_30,surface,biological,12.4,31.02,7.95,NA,NA,NA,5.3,1000,0,51.66843974,-128.1199132,sand,y,350,se,none,none,none_sand,none_sand,91.35,3.005919999999998e-29,77,Metazoa,Rotifera,Rotifera,Ploima,Euchlanidae,NA,1,NA,TRUE,ASV84,2,NA
edna0039,ASV452,motu183,Euchlanidae,Rotifer,family,NA,1,NA,NA,NA,20,NA,NA,NA,NA,NA,No Results,No Results,2018_wfb_surface,wfb,beach_seine,2018-07-13,2018-07-12,2018,surface,2,edna_wfb_30,surface,biological,12.4,31.02,7.95,NA,NA,NA,5.3,1000,0,51.66843974,-128.1199132,sand,y,350,se,none,none,none_sand,none_sand,91.35,3.005919999999998e-29,77,Metazoa,Rotifera,Rotifera,Ploima,Euchlanidae,NA,1,NA,TRUE,ASV208,2,NA
edna0039,ASV595,motu522,Cecidomyiidae,Hexapod,genus,NA,1,NA,NA,NA,12,NA,NA,NA,NA,NA,Cecidomyiidae,Hexapod,2018_wfb_surface,wfb,beach_seine,2018-07-13,2018-07-12,2018,surface,2,edna_wfb_30,surface,biological,12.4,31.02,7.95,NA,NA,NA,5.3,1000,0,51.66843974,-128.1199132,sand,y,350,se,none,none,none_sand,none_sand,100,0.00408744,30,Metazoa,Arthropoda,Arthropoda,Diptera,Cecidomyiidae,Cecidomyiidae,NA,NA,TRUE,ASV595,1,NA
edna0039,ASV390,motu343,Dodecaceria,Cirratulid polychaete,genus,NA,1,NA,NA,NA,56,NA,NA,NA,NA,NA,Dodecaceria,Cirratulid polychaete,2018_wfb_surface,wfb,beach_seine,2018-07-13,2018-07-12,2018,surface,2,edna_wfb_30,surface,biological,12.4,31.02,7.95,NA,NA,NA,5.3,1000,0,51.66843974,-128.1199132,sand,y,350,se,none,none,none_sand,none_sand,100,1.96163e-160,313,Metazoa,Annelida,Polychaeta,Terebellida,Cirratulidae,Dodecaceria,0,0,TRUE,ASV390,6,NA
edna0039,ASV322,motu283,Dodecaceria,Cirratulid polychaete,genus,NA,1,1,1,NA,45,28,46,NA,NA,NA,Dodecaceria,Cirratulid polychaete,2018_wfb_surface,wfb,beach_seine,2018-07-13,2018-07-12,2018,surface,2,edna_wfb_30,surface,biological,12.4,31.02,7.95,NA,NA,NA,5.3,1000,0,51.66843974,-128.1199132,sand,y,350,se,none,none,none_sand,none_sand,100,1.96163e-160,313,Metazoa,Annelida,Polychaeta,Terebellida,Cirratulidae,Dodecaceria,0,0,TRUE,ASV322,5,NA
edna0039,ASV1038,motu895,Clytia gregaria,Gregarious jellyfish,species,NA,1,NA,NA,NA,4,NA,NA,NA,NA,NA,Clytia gregaria,Gregarious jellyfish,2018_wfb_surface,wfb,beach_seine,2018-07-13,2018-07-12,2018,surface,2,edna_wfb_30,surface,biological,12.4,31.02,7.95,NA,NA,NA,5.3,1000,0,51.66843974,-128.1199132,sand,y,350,se,none,none,none_sand,none_sand,99.68,9.126599999999999e-159,310,Metazoa,Cnidaria,Hydrozoa,Leptothecata,Campanulariidae,Clytia,0,0,TRUE,ASV1038,2,Clytia gregaria
edna0039,ASV1154,motu989,Eupolymnia heterobranchia,Brown intertidal spaghetti worm,species,NA,1,NA,NA,NA,21,NA,NA,NA,NA,NA,Eupolymnia heterobranchia,Brown intertidal spaghetti worm,2018_wfb_surface,wfb,beach_seine,2018-07-13,2018-07-12,2018,surface,2,edna_wfb_30,surface,biological,12.4,31.02,7.95,NA,NA,NA,5.3,1000,0,51.66843974,-128.1199132,sand,y,350,se,none,none,none_sand,none_sand,100,1.4886099999999998e-156,306,Metazoa,Annelida,Polychaeta,Terebellida,Terebellidae,Eupolymnia,0,0,TRUE,ASV1154,3,Eupolymnia heterobranchia
edna0039,ASV559,motu492,Eupolymnia heterobranchia,Brown intertidal spaghetti worm,species,NA,1,NA,1,NA,19,NA,24,33,NA,NA,Eupolymnia heterobranchia,Brown intertidal spaghetti worm,2018_wfb_surface,wfb,beach_seine,2018-07-13,2018-07-12,2018,surface,2,edna_wfb_30,surface,biological,12.4,31.02,7.95,NA,NA,NA,5.3,1000,0,51.66843974,-128.1199132,sand,y,350,se,none,none,none_sand,none_sand,100,1.4886099999999998e-156,306,Metazoa,Annelida,Polychaeta,Terebellida,Terebellidae,Eupolymnia,0,0,TRUE,ASV559,3,Eupolymnia heterobranchia
edna0039,ASV542,motu476,Phascolosoma (Phascolosoma) agassizii,Agassiz peanut worm,species,NA,1,NA,1,NA,12,NA,14,NA,NA,NA,Phascolosoma (Phascolosoma) agassizii,Agassiz peanut worm,2018_wfb_surface,wfb,beach_seine,2018-07-13,2018-07-12,2018,surface,2,edna_wfb_30,surface,biological,12.4,31.02,7.95,NA,NA,NA,5.3,1000,0,51.66843974,-128.1199132,sand,y,350,se,none,none,none_sand,none_sand,100,1.96163e-160,313,Metazoa,Annelida,NA,Sipuncula,Phascolosomatidae,Phascolosoma,0,0,TRUE,ASV542,4,Phascolosoma (Phascolosoma) agassizii
edna0039,ASV978,motu848,Halosydna brevisetosa,Shortscaled worm,species,NA,1,NA,NA,NA,6,NA,NA,NA,NA,NA,Halosydna brevisetosa,Shortscaled worm,2018_wfb_surface,wfb,beach_seine,2018-07-13,2018-07-12,2018,surface,2,edna_wfb_30,surface,biological,12.4,31.02,7.95,NA,NA,NA,5.3,1000,0,51.66843974,-128.1199132,sand,y,350,se,none,none,none_sand,none_sand,100,1.96163e-160,313,Metazoa,Annelida,Polychaeta,Phyllodocida,Polynoidae,Halosydna,0,0,TRUE,ASV978,4,Halosydna brevisetosa
edna0039,ASV920,motu800,Polymorphidae,Thorny headed worm,family,NA,1,NA,NA,NA,3,NA,NA,NA,NA,NA,Polymorphidae,Thorny headed worm,2018_wfb_surface,wfb,beach_seine,2018-07-13,2018-07-12,2018,surface,2,edna_wfb_30,surface,biological,12.4,31.02,7.95,NA,NA,NA,5.3,1000,0,51.66843974,-128.1199132,sand,y,350,se,none,none,none_sand,none_sand,94.87,8.37307e-5,33,Metazoa,Acanthocephala,Acanthocephala,Polymorphida,Polymorphidae,NA,0,0,TRUE,ASV920,3,NA
edna0039,ASV1502,motu1269,Oithona similis,Cyclopoid copepod,species,NA,1,NA,NA,NA,8,NA,NA,NA,NA,NA,Oithona similis,Cyclopoid copepod,2018_wfb_surface,wfb,beach_seine,2018-07-13,2018-07-12,2018,surface,2,edna_wfb_30,surface,biological,12.4,31.02,7.95,NA,NA,NA,5.3,1000,0,51.66843974,-128.1199132,sand,y,350,se,none,none,none_sand,none_sand,96.17,2.0179399999999996e-140,277,Metazoa,Arthropoda,Copepoda,Cyclopoida,Oithonidae,Oithona,0,0,TRUE,ASV1502,1,Oithona similis
edna0039,ASV2518,motu2051,Chaetognatha,Arrow worm,phylum,NA,1,NA,NA,NA,6,NA,NA,NA,NA,NA,Chaetognatha,Arrow worm,2018_wfb_surface,wfb,beach_seine,2018-07-13,2018-07-12,2018,surface,2,edna_wfb_30,surface,biological,12.4,31.02,7.95,NA,NA,NA,5.3,1000,0,51.66843974,-128.1199132,sand,y,350,se,none,none,none_sand,none_sand,96.52,1.6192399999999998e-86,180,Metazoa,Chaetognatha,NA,NA,NA,NA,0,0,TRUE,ASV2518,1,NA
edna0039,ASV1578,motu1329,Amonardia perturbata,Harpacticoid copepod,species,NA,1,NA,NA,NA,4,NA,NA,NA,NA,NA,Amonardia perturbata,Harpacticoid copepod,2018_wfb_surface,wfb,beach_seine,2018-07-13,2018-07-12,2018,surface,2,edna_wfb_30,surface,biological,12.4,31.02,7.95,NA,NA,NA,5.3,1000,0,51.66843974,-128.1199132,sand,y,350,se,none,none,none_sand,none_sand,99.04,1.97556e-155,304,Metazoa,Arthropoda,Copepoda,Harpacticoida,Miraciidae,Amonardia,0,0,TRUE,ASV1578,1,Amonardia perturbata
edna0039,ASV2582,motu1556,Dodecaceria,Cirratulid polychaete,genus,NA,1,NA,NA,NA,21,NA,NA,NA,NA,NA,Dodecaceria,Cirratulid polychaete,2018_wfb_surface,wfb,beach_seine,2018-07-13,2018-07-12,2018,surface,2,edna_wfb_30,surface,biological,12.4,31.02,7.95,NA,NA,NA,5.3,1000,0,51.66843974,-128.1199132,sand,y,350,se,none,none,none_sand,none_sand,100,1.96163e-160,313,Metazoa,Annelida,Polychaeta,Terebellida,Cirratulidae,Dodecaceria,0,0,TRUE,ASV1870,5,NA
edna0039,ASV1921,motu1598,Humilaria kennerleyi,Kennerleys venus,species,NA,1,NA,NA,NA,3,NA,NA,NA,NA,NA,Humilaria kennerleyi,Kennerleys venus,2018_wfb_surface,wfb,beach_seine,2018-07-13,2018-07-12,2018,surface,2,edna_wfb_30,surface,biological,12.4,31.02,7.95,NA,NA,NA,5.3,1000,0,51.66843974,-128.1199132,sand,y,350,se,none,none,none_sand,none_sand,100,1.96163e-160,313,Metazoa,Mollusca,Bivalvia,Venerida,Veneridae,Humilaria,0,0,TRUE,ASV1921,2,Humilaria kennerleyi
edna0039,ASV3696,motu2919,Phacellophora camtschatica,Fried egg jellyfish,species,NA,1,NA,NA,NA,4,NA,NA,NA,NA,NA,Phacellophora camtschatica,Fried egg jellyfish,2018_wfb_surface,wfb,beach_seine,2018-07-13,2018-07-12,2018,surface,2,edna_wfb_30,surface,biological,12.4,31.02,7.95,NA,NA,NA,5.3,1000,0,51.66843974,-128.1199132,sand,y,350,se,none,none,none_sand,none_sand,100,1.96163e-160,313,Metazoa,Cnidaria,Scyphozoa,Semaeostomeae,Phacellophoridae,Phacellophora,0,0,TRUE,ASV3696,1,Phacellophora camtschatica
edna0039,ASV2326,motu1914,Membraniporidae,Bryozoan,family,NA,1,NA,NA,NA,3,NA,NA,NA,NA,NA,Membraniporidae,Bryozoan,2018_wfb_surface,wfb,beach_seine,2018-07-13,2018-07-12,2018,surface,2,edna_wfb_30,surface,biological,12.4,31.02,7.95,NA,NA,NA,5.3,1000,0,51.66843974,-128.1199132,sand,y,350,se,none,none,none_sand,none_sand,90.95,6.1511e-76,161,Metazoa,Bryozoa,Bryozoa,Cheilostomatida,Membraniporidae,NA,0,0,TRUE,ASV2326,1,NA
edna0039,ASV2490,motu2027,Phacellophora camtschatica,Fried egg jellyfish,species,NA,1,NA,1,NA,3,NA,3,3,NA,NA,Phacellophora camtschatica,Fried egg jellyfish,2018_wfb_surface,wfb,beach_seine,2018-07-13,2018-07-12,2018,surface,2,edna_wfb_30,surface,biological,12.4,31.02,7.95,NA,NA,NA,5.3,1000,0,51.66843974,-128.1199132,sand,y,350,se,none,none,none_sand,none_sand,100,1.96163e-160,313,Metazoa,Cnidaria,Scyphozoa,Semaeostomeae,Phacellophoridae,Phacellophora,0,0,TRUE,ASV2490,1,Phacellophora camtschatica
edna0039,ASV2881,motu2328,Coleoptera,Hexapod,order,NA,1,NA,NA,NA,5,NA,NA,NA,NA,NA,Coleoptera,Hexapod,2018_wfb_surface,wfb,beach_seine,2018-07-13,2018-07-12,2018,surface,2,edna_wfb_30,surface,biological,12.4,31.02,7.95,NA,NA,NA,5.3,1000,0,51.66843974,-128.1199132,sand,y,350,se,none,none,none_sand,none_sand,100,0.00110774,31,Metazoa,Arthropoda,Arthropoda,Coleoptera,NA,NA,NA,NA,TRUE,ASV2881,1,NA
edna0039,ASV4609,motu3578,Neritidae,Nerite snail species,family,NA,1,NA,NA,NA,2,NA,NA,NA,NA,NA,Neritidae,Nerite snail species,2018_wfb_surface,wfb,beach_seine,2018-07-13,2018-07-12,2018,surface,2,edna_wfb_30,surface,biological,12.4,31.02,7.95,NA,NA,NA,5.3,1000,0,51.66843974,-128.1199132,sand,y,350,se,none,none,none_sand,none_sand,90,6.69344e-6,35,Metazoa,Mollusca,Mollusca,Cycloneritida,Neritidae,NA,0,0,TRUE,ASV4609,1,NA
edna0039,ASV6888,motu5360,Cicadellidae,Hexapod,genus,NA,1,NA,NA,NA,3,NA,NA,NA,NA,NA,Cicadellidae,Hexapod,2018_wfb_surface,wfb,beach_seine,2018-07-13,2018-07-12,2018,surface,2,edna_wfb_30,surface,biological,12.4,31.02,7.95,NA,NA,NA,5.3,1000,0,51.66843974,-128.1199132,sand,y,350,se,none,none,none_sand,none_sand,94.44,0.00416974,30,Metazoa,Arthropoda,Arthropoda,Hemiptera,Cicadellidae,Cicadellidae,NA,NA,TRUE,ASV6888,1,NA
edna0039,ASV7567,motu5932,Neoamphitrite robusta,Sphagetti worm,species,NA,1,NA,NA,NA,3,NA,NA,NA,NA,NA,Neoamphitrite robusta,Sphagetti worm,2018_wfb_surface,wfb,beach_seine,2018-07-13,2018-07-12,2018,surface,2,edna_wfb_30,surface,biological,12.4,31.02,7.95,NA,NA,NA,5.3,1000,0,51.66843974,-128.1199132,sand,y,350,se,none,none,none_sand,none_sand,100,2.0011299999999987e-160,313,Metazoa,Annelida,Polychaeta,Terebellida,Terebellidae,Neoamphitrite,0,0,TRUE,ASV7567,1,Neoamphitrite robusta
edna0040,ASV34,motu31,Centropages abdominalis,Calanoid copepod,species,NA,1,1,1,NA,6,4,35,30,NA,34,Centropages abdominalis,Calanoid copepod,2018_wfb_depth,wfb,beach_seine,2018-07-13,2018-07-12,2018,depth,2,edna_wfb_00,depth,biological,10.6,31.55,7.96,NA,NA,NA,5.3,1000,0,51.66858165,-128.1194495,sand,y,350,se,none,none,none_sand,none_sand,100,1.96163e-160,313,Metazoa,Arthropoda,Copepoda,Calanoida,Centropagidae,Centropages,0,0,TRUE,ASV34,19,Centropages abdominalis
edna0040,ASV233,motu74,Euchlanidae,Rotifer,family,NA,1,NA,NA,NA,32,NA,NA,NA,NA,NA,No Results,No Results,2018_wfb_depth,wfb,beach_seine,2018-07-13,2018-07-12,2018,depth,2,edna_wfb_00,depth,biological,10.6,31.55,7.96,NA,NA,NA,5.3,1000,0,51.66858165,-128.1194495,sand,y,350,se,none,none,none_sand,none_sand,91.35,3.005919999999998e-29,77,Metazoa,Rotifera,Rotifera,Ploima,Euchlanidae,NA,1,NA,TRUE,ASV84,2,NA
edna0040,ASV226,motu199,Mytilus trossulus,Bay mussel,species,NA,1,1,1,NA,17,12,16,19,NA,25,Mytilus trossulus,Bay mussel,2018_wfb_depth,wfb,beach_seine,2018-07-13,2018-07-12,2018,depth,2,edna_wfb_00,depth,biological,10.6,31.55,7.96,NA,NA,NA,5.3,1000,0,51.66858165,-128.1194495,sand,y,350,se,none,none,none_sand,none_sand,100,3.2351099999999996e-158,309,Metazoa,Mollusca,Mollusca,Mytilida,Mytilidae,Mytilus,0,0,TRUE,ASV226,18,Mytilus trossulus
edna0040,ASV132,motu118,Mesocentrotus franciscanus,Red sea urchin,species,NA,1,NA,NA,NA,4,NA,NA,NA,NA,NA,Mesocentrotus franciscanus,Red sea urchin,2018_wfb_depth,wfb,beach_seine,2018-07-13,2018-07-12,2018,depth,2,edna_wfb_00,depth,biological,10.6,31.55,7.96,NA,NA,NA,5.3,1000,0,51.66858165,-128.1194495,sand,y,350,se,none,none,none_sand,none_sand,100,2.51921e-159,311,Metazoa,Echinodermata,Echinoidea,Camarodonta,Strongylocentrotidae,Mesocentrotus,0,0,TRUE,ASV132,8,Mesocentrotus franciscanus
edna0040,ASV1013,motu876,Orobdella,Freshwater leech,genus,NA,1,NA,NA,NA,5,NA,NA,NA,NA,NA,Orobdella,Freshwater leech,2018_wfb_depth,wfb,beach_seine,2018-07-13,2018-07-12,2018,depth,2,edna_wfb_00,depth,biological,10.6,31.55,7.96,NA,NA,NA,5.3,1000,0,51.66858165,-128.1194495,sand,y,350,se,none,none,none_sand,none_sand,97.06,0.00121031,31,Metazoa,Annelida,Annelida,Erpobdelliformes,Orobdellidae,Orobdella,NA,NA,TRUE,ASV1013,1,NA
edna0040,ASV1154,motu989,Eupolymnia heterobranchia,Brown intertidal spaghetti worm,species,NA,1,NA,NA,NA,8,NA,NA,NA,NA,NA,Eupolymnia heterobranchia,Brown intertidal spaghetti worm,2018_wfb_depth,wfb,beach_seine,2018-07-13,2018-07-12,2018,depth,2,edna_wfb_00,depth,biological,10.6,31.55,7.96,NA,NA,NA,5.3,1000,0,51.66858165,-128.1194495,sand,y,350,se,none,none,none_sand,none_sand,100,1.4886099999999998e-156,306,Metazoa,Annelida,Polychaeta,Terebellida,Terebellidae,Eupolymnia,0,0,TRUE,ASV1154,3,Eupolymnia heterobranchia
edna0040,ASV559,motu492,Eupolymnia heterobranchia,Brown intertidal spaghetti worm,species,NA,1,NA,1,NA,7,NA,11,NA,NA,12,Eupolymnia heterobranchia,Brown intertidal spaghetti worm,2018_wfb_depth,wfb,beach_seine,2018-07-13,2018-07-12,2018,depth,2,edna_wfb_00,depth,biological,10.6,31.55,7.96,NA,NA,NA,5.3,1000,0,51.66858165,-128.1194495,sand,y,350,se,none,none,none_sand,none_sand,100,1.4886099999999998e-156,306,Metazoa,Annelida,Polychaeta,Terebellida,Terebellidae,Eupolymnia,0,0,TRUE,ASV559,3,Eupolymnia heterobranchia
edna0040,ASV1475,motu1246,Cyanea,Lions mane jellyfish species,genus,NA,1,NA,NA,NA,3,NA,NA,NA,NA,NA,Cyanea,Lions mane jellyfish species,2018_wfb_depth,wfb,beach_seine,2018-07-13,2018-07-12,2018,depth,2,edna_wfb_00,depth,biological,10.6,31.55,7.96,NA,NA,NA,5.3,1000,0,51.66858165,-128.1194495,sand,y,350,se,none,none,none_sand,none_sand,100,3.2351099999999996e-158,309,Metazoa,Cnidaria,Scyphozoa,Semaeostomeae,Cyaneidae,Cyanea,0,0,TRUE,ASV1475,2,NA
edna0040,ASV944,motu821,Phascolosoma (Phascolosoma) agassizii,Agassiz peanut worm,species,NA,1,NA,NA,NA,12,NA,NA,NA,NA,NA,Phascolosoma (Phascolosoma) agassizii,Agassiz peanut worm,2018_wfb_depth,wfb,beach_seine,2018-07-13,2018-07-12,2018,depth,2,edna_wfb_00,depth,biological,10.6,31.55,7.96,NA,NA,NA,5.3,1000,0,51.66858165,-128.1194495,sand,y,350,se,none,none,none_sand,none_sand,100,1.96163e-160,313,Metazoa,Annelida,NA,Sipuncula,Phascolosomatidae,Phascolosoma,0,0,TRUE,ASV944,3,Phascolosoma (Phascolosoma) agassizii
edna0040,ASV1748,motu1459,Chaetognatha,Arrow worm,phylum,NA,1,NA,NA,NA,7,NA,NA,NA,NA,NA,Chaetognatha,Arrow worm,2018_wfb_depth,wfb,beach_seine,2018-07-13,2018-07-12,2018,depth,2,edna_wfb_00,depth,biological,10.6,31.55,7.96,NA,NA,NA,5.3,1000,0,51.66858165,-128.1194495,sand,y,350,se,none,none,none_sand,none_sand,95.02,1.63074e-81,171,Metazoa,Chaetognatha,NA,NA,NA,NA,0,0,TRUE,ASV1748,1,NA
edna0040,ASV1293,motu1094,Asteriidae,Sea star,family,NA,1,NA,NA,NA,3,NA,NA,NA,NA,NA,Asteriidae,Sea star,2018_wfb_depth,wfb,beach_seine,2018-07-13,2018-07-12,2018,depth,2,edna_wfb_00,depth,biological,10.6,31.55,7.96,NA,NA,NA,5.3,1000,0,51.66858165,-128.1194495,sand,y,350,se,none,none,none_sand,none_sand,100,1.96163e-160,313,Metazoa,Echinodermata,Echinodermata,Forcipulatida,Asteriidae,NA,0,0,TRUE,ASV1293,1,NA
edna0040,ASV1870,motu1556,Dodecaceria,Cirratulid polychaete,genus,NA,1,NA,NA,NA,13,NA,NA,NA,NA,NA,Dodecaceria,Cirratulid polychaete,2018_wfb_depth,wfb,beach_seine,2018-07-13,2018-07-12,2018,depth,2,edna_wfb_00,depth,biological,10.6,31.55,7.96,NA,NA,NA,5.3,1000,0,51.66858165,-128.1194495,sand,y,350,se,none,none,none_sand,none_sand,100,1.96163e-160,313,Metazoa,Annelida,Polychaeta,Terebellida,Cirratulidae,Dodecaceria,0,0,TRUE,ASV1870,5,NA
edna0040,ASV2213,motu1826,Mytilus californianus,California mussel,species,NA,1,NA,NA,NA,5,NA,NA,NA,NA,NA,Mytilus californianus,California mussel,2018_wfb_depth,wfb,beach_seine,2018-07-13,2018-07-12,2018,depth,2,edna_wfb_00,depth,biological,10.6,31.55,7.96,NA,NA,NA,5.3,1000,0,51.66858165,-128.1194495,sand,y,350,se,none,none,none_sand,none_sand,100,3.2351099999999996e-158,309,Metazoa,Mollusca,Bivalvia,Mytilida,Mytilidae,Mytilus,0,0,TRUE,ASV2213,3,Mytilus californianus
edna0040,ASV1582,motu1332,Mytilus californianus,California mussel,species,NA,1,NA,NA,NA,7,NA,NA,NA,NA,NA,Mytilus californianus,California mussel,2018_wfb_depth,wfb,beach_seine,2018-07-13,2018-07-12,2018,depth,2,edna_wfb_00,depth,biological,10.6,31.55,7.96,NA,NA,NA,5.3,1000,0,51.66858165,-128.1194495,sand,y,350,se,none,none,none_sand,none_sand,100,3.2351099999999996e-158,309,Metazoa,Mollusca,Bivalvia,Mytilida,Mytilidae,Mytilus,0,0,TRUE,ASV1582,5,Mytilus californianus
edna0040,ASV1921,motu1598,Humilaria kennerleyi,Kennerleys venus,species,NA,1,NA,NA,NA,4,NA,NA,NA,NA,NA,Humilaria kennerleyi,Kennerleys venus,2018_wfb_depth,wfb,beach_seine,2018-07-13,2018-07-12,2018,depth,2,edna_wfb_00,depth,biological,10.6,31.55,7.96,NA,NA,NA,5.3,1000,0,51.66858165,-128.1194495,sand,y,350,se,none,none,none_sand,none_sand,100,1.96163e-160,313,Metazoa,Mollusca,Bivalvia,Venerida,Veneridae,Humilaria,0,0,TRUE,ASV1921,2,Humilaria kennerleyi
edna0040,ASV3146,motu2524,Paracalanus,Calanoid copepod,genus,NA,1,NA,NA,NA,2,NA,NA,NA,NA,NA,Paracalanus,Calanoid copepod,2018_wfb_depth,wfb,beach_seine,2018-07-13,2018-07-12,2018,depth,2,edna_wfb_00,depth,biological,10.6,31.55,7.96,NA,NA,NA,5.3,1000,0,51.66858165,-128.1194495,sand,y,350,se,none,none,none_sand,none_sand,99.34,1.9105799999999988e-150,295,Metazoa,Arthropoda,Copepoda,Calanoida,Paracalanidae,Paracalanus,0,0,TRUE,ASV3146,1,NA
edna0040,ASV3177,motu2543,Polycirrus,Sphagetti worm,genus,NA,1,NA,NA,NA,89,NA,NA,NA,NA,NA,Polycirrus,Sphagetti worm,2018_wfb_depth,wfb,beach_seine,2018-07-13,2018-07-12,2018,depth,2,edna_wfb_00,depth,biological,10.6,31.55,7.96,NA,NA,NA,5.3,1000,0,51.66858165,-128.1194495,sand,y,350,se,none,none,none_sand,none_sand,100,3.2351099999999996e-158,309,Metazoa,Annelida,Polychaeta,Terebellida,Terebellidae,Polycirrus,0,0,TRUE,ASV3177,1,NA
edna0040,ASV1175,motu1006,Dodecaceria,Cirratulid polychaete,genus,NA,1,NA,1,NA,64,NA,NA,NA,NA,100,Dodecaceria,Cirratulid polychaete,2018_wfb_depth,wfb,beach_seine,2018-07-13,2018-07-12,2018,depth,2,edna_wfb_00,depth,biological,10.6,31.55,7.96,NA,NA,NA,5.3,1000,0,51.66858165,-128.1194495,sand,y,350,se,none,none,none_sand,none_sand,100,2.51921e-159,311,Metazoa,Annelida,Polychaeta,Terebellida,Cirratulidae,Dodecaceria,0,0,TRUE,ASV1175,1,NA
edna0041,ASV258,motu228,Lensia,Siphonophore,genus,NA,1,NA,NA,NA,5,NA,NA,NA,NA,NA,Lensia,Siphonophore,2018_wfb_surface,wfb,beach_seine,2018-07-13,2018-07-12,2018,surface,3,edna_wfb_15,surface,biological,12.1,30.5,7.99,NA,NA,NA,5.3,1000,0,51.66850793,-128.1196609,sand,y,350,se,none,none,none_sand,none_sand,100,0.00408744,30,Metazoa,Cnidaria,Cnidaria,Siphonophorae,Diphyidae,Lensia,0,0,TRUE,ASV258,1,NA
edna0041,ASV233,motu74,Euchlanidae,Rotifer,family,NA,1,NA,1,NA,59,NA,63,NA,NA,NA,No Results,No Results,2018_wfb_surface,wfb,beach_seine,2018-07-13,2018-07-12,2018,surface,3,edna_wfb_15,surface,biological,12.1,30.5,7.99,NA,NA,NA,5.3,1000,0,51.66850793,-128.1196609,sand,y,350,se,none,none,none_sand,none_sand,91.35,3.005919999999998e-29,77,Metazoa,Rotifera,Rotifera,Ploima,Euchlanidae,NA,1,NA,TRUE,ASV84,2,NA
edna0041,ASV118,motu105,Mesocentrotus franciscanus,Red sea urchin,species,NA,1,NA,1,NA,9,NA,27,NA,NA,NA,Mesocentrotus franciscanus,Red sea urchin,2018_wfb_surface,wfb,beach_seine,2018-07-13,2018-07-12,2018,surface,3,edna_wfb_15,surface,biological,12.1,30.5,7.99,NA,NA,NA,5.3,1000,0,51.66850793,-128.1196609,sand,y,350,se,none,none,none_sand,none_sand,100,2.51921e-159,311,Metazoa,Echinodermata,Echinoidea,Camarodonta,Strongylocentrotidae,Mesocentrotus,0,0,TRUE,ASV118,8,Mesocentrotus franciscanus
edna0041,ASV452,motu183,Euchlanidae,Rotifer,family,NA,1,NA,NA,NA,47,NA,NA,NA,NA,NA,No Results,No Results,2018_wfb_surface,wfb,beach_seine,2018-07-13,2018-07-12,2018,surface,3,edna_wfb_15,surface,biological,12.1,30.5,7.99,NA,NA,NA,5.3,1000,0,51.66850793,-128.1196609,sand,y,350,se,none,none,none_sand,none_sand,91.35,3.005919999999998e-29,77,Metazoa,Rotifera,Rotifera,Ploima,Euchlanidae,NA,1,NA,TRUE,ASV208,2,NA
edna0041,ASV595,motu522,Cecidomyiidae,Hexapod,genus,NA,1,NA,NA,NA,7,NA,NA,NA,NA,NA,Cecidomyiidae,Hexapod,2018_wfb_surface,wfb,beach_seine,2018-07-13,2018-07-12,2018,surface,3,edna_wfb_15,surface,biological,12.1,30.5,7.99,NA,NA,NA,5.3,1000,0,51.66850793,-128.1196609,sand,y,350,se,none,none,none_sand,none_sand,100,0.00408744,30,Metazoa,Arthropoda,Arthropoda,Diptera,Cecidomyiidae,Cecidomyiidae,NA,NA,TRUE,ASV595,1,NA
edna0041,ASV354,motu313,Mitrocoma cellularia,Cross jelly,species,NA,1,1,1,NA,37,18,29,24,NA,NA,Mitrocoma cellularia,Cross jelly,2018_wfb_surface,wfb,beach_seine,2018-07-13,2018-07-12,2018,surface,3,edna_wfb_15,surface,biological,12.1,30.5,7.99,NA,NA,NA,5.3,1000,0,51.66850793,-128.1196609,sand,y,350,se,none,none,none_sand,none_sand,100,1.4886099999999998e-156,306,Metazoa,Cnidaria,Hydrozoa,Leptothecata,Mitrocomidae,Mitrocoma,0,0,TRUE,ASV354,2,Mitrocoma cellularia
edna0041,ASV377,motu334,Synchaeta pectinata,Rotifer,species,NA,1,NA,1,NA,6,NA,NA,NA,NA,11,Synchaeta pectinata,Rotifer,2018_wfb_surface,wfb,beach_seine,2018-07-13,2018-07-12,2018,surface,3,edna_wfb_15,surface,biological,12.1,30.5,7.99,NA,NA,NA,5.3,1000,0,51.66850793,-128.1196609,sand,y,350,se,none,none,none_sand,none_sand,90.48,1.6452299999999999e-111,225,Metazoa,Rotifera,Eurotatoria,Ploima,Synchaetidae,Synchaeta,0,0,TRUE,ASV377,5,Synchaeta pectinata
edna0041,ASV1196,motu537,Mitrocoma cellularia,Cross jelly,species,NA,1,NA,NA,NA,34,NA,NA,NA,NA,NA,Mitrocoma cellularia,Cross jelly,2018_wfb_surface,wfb,beach_seine,2018-07-13,2018-07-12,2018,surface,3,edna_wfb_15,surface,biological,12.1,30.5,7.99,NA,NA,NA,5.3,1000,0,51.66850793,-128.1196609,sand,y,350,se,none,none,none_sand,none_sand,99.67,6.925819999999995e-155,303,Metazoa,Cnidaria,Hydrozoa,Leptothecata,Mitrocomidae,Mitrocoma,0,0,TRUE,ASV616,6,Mitrocoma cellularia
edna0041,ASV916,motu796,Panopea generosa,Pacific geoduck,species,NA,1,NA,1,NA,5,NA,NA,9,NA,NA,Panopea generosa,Pacific geoduck,2018_wfb_surface,wfb,beach_seine,2018-07-13,2018-07-12,2018,surface,3,edna_wfb_15,surface,biological,12.1,30.5,7.99,NA,NA,NA,5.3,1000,0,51.66850793,-128.1196609,sand,y,350,se,none,none,none_sand,none_sand,100,1.96163e-160,313,Metazoa,Mollusca,Bivalvia,Adapedonta,Hiatellidae,Panopea,0,0,TRUE,ASV916,4,Panopea generosa
edna0041,ASV750,motu654,Orobdella,Freshwater leech,genus,NA,1,NA,NA,NA,6,NA,NA,NA,NA,NA,Orobdella,Freshwater leech,2018_wfb_surface,wfb,beach_seine,2018-07-13,2018-07-12,2018,surface,3,edna_wfb_15,surface,biological,12.1,30.5,7.99,NA,NA,NA,5.3,1000,0,51.66850793,-128.1196609,sand,y,350,se,none,none,none_sand,none_sand,97.06,0.00121031,31,Metazoa,Annelida,Annelida,Erpobdelliformes,Orobdellidae,Orobdella,NA,NA,TRUE,ASV750,1,NA
edna0041,ASV559,motu492,Eupolymnia heterobranchia,Brown intertidal spaghetti worm,species,NA,1,1,1,NA,20,13,59,43,NA,38,Eupolymnia heterobranchia,Brown intertidal spaghetti worm,2018_wfb_surface,wfb,beach_seine,2018-07-13,2018-07-12,2018,surface,3,edna_wfb_15,surface,biological,12.1,30.5,7.99,NA,NA,NA,5.3,1000,0,51.66850793,-128.1196609,sand,y,350,se,none,none,none_sand,none_sand,100,1.4886099999999998e-156,306,Metazoa,Annelida,Polychaeta,Terebellida,Terebellidae,Eupolymnia,0,0,TRUE,ASV559,3,Eupolymnia heterobranchia
edna0041,ASV542,motu476,Phascolosoma (Phascolosoma) agassizii,Agassiz peanut worm,species,NA,1,NA,1,NA,14,NA,29,NA,NA,NA,Phascolosoma (Phascolosoma) agassizii,Agassiz peanut worm,2018_wfb_surface,wfb,beach_seine,2018-07-13,2018-07-12,2018,surface,3,edna_wfb_15,surface,biological,12.1,30.5,7.99,NA,NA,NA,5.3,1000,0,51.66850793,-128.1196609,sand,y,350,se,none,none,none_sand,none_sand,100,1.96163e-160,313,Metazoa,Annelida,NA,Sipuncula,Phascolosomatidae,Phascolosoma,0,0,TRUE,ASV542,4,Phascolosoma (Phascolosoma) agassizii
edna0041,ASV1384,motu1168,Membranipora membranacea,Coffin box bryozoan,species,NA,1,NA,NA,NA,13,NA,NA,NA,NA,NA,Membranipora membranacea,Coffin box bryozoan,2018_wfb_surface,wfb,beach_seine,2018-07-13,2018-07-12,2018,surface,3,edna_wfb_15,surface,biological,12.1,30.5,7.99,NA,NA,NA,5.3,1000,0,51.66850793,-128.1196609,sand,y,350,se,none,none,none_sand,none_sand,100,9.252979999999995e-139,274,Metazoa,Bryozoa,Gymnolaemata,Cheilostomatida,Membraniporidae,Membranipora,0,0,TRUE,ASV1384,2,Membranipora membranacea
edna0041,ASV1482,motu118,Mesocentrotus franciscanus,Red sea urchin,species,NA,1,NA,NA,NA,11,NA,NA,NA,NA,NA,Mesocentrotus franciscanus,Red sea urchin,2018_wfb_surface,wfb,beach_seine,2018-07-13,2018-07-12,2018,surface,3,edna_wfb_15,surface,biological,12.1,30.5,7.99,NA,NA,NA,5.3,1000,0,51.66850793,-128.1196609,sand,y,350,se,none,none,none_sand,none_sand,100,1.96163e-160,313,Metazoa,Echinodermata,Echinoidea,Camarodonta,Strongylocentrotidae,Mesocentrotus,0,0,TRUE,ASV132,8,Mesocentrotus franciscanus
edna0041,ASV1492,motu1259,Membranipora membranacea,Coffin box bryozoan,species,NA,1,NA,NA,NA,16,NA,NA,NA,NA,NA,Membranipora membranacea,Coffin box bryozoan,2018_wfb_surface,wfb,beach_seine,2018-07-13,2018-07-12,2018,surface,3,edna_wfb_15,surface,biological,12.1,30.5,7.99,NA,NA,NA,5.3,1000,0,51.66850793,-128.1196609,sand,y,350,se,none,none,none_sand,none_sand,100,9.252979999999995e-139,274,Metazoa,Bryozoa,Gymnolaemata,Cheilostomatida,Membraniporidae,Membranipora,0,0,TRUE,ASV1492,2,Membranipora membranacea
edna0041,ASV1046,motu902,Arthropoda,Unknown arthropod,phylum,NA,1,NA,NA,NA,3,NA,NA,NA,NA,NA,Arthropoda,Unknown arthropod,2018_wfb_surface,wfb,beach_seine,2018-07-13,2018-07-12,2018,surface,3,edna_wfb_15,surface,biological,12.1,30.5,7.99,NA,NA,NA,5.3,1000,0,51.66850793,-128.1196609,sand,y,350,se,none,none,none_sand,none_sand,94.87,8.78538e-5,33,Metazoa,Arthropoda,NA,NA,NA,NA,NA,NA,TRUE,ASV1046,4,NA
edna0041,ASV1870,motu1556,Dodecaceria,Cirratulid polychaete,genus,NA,1,NA,NA,NA,25,NA,NA,NA,NA,NA,Dodecaceria,Cirratulid polychaete,2018_wfb_surface,wfb,beach_seine,2018-07-13,2018-07-12,2018,surface,3,edna_wfb_15,surface,biological,12.1,30.5,7.99,NA,NA,NA,5.3,1000,0,51.66850793,-128.1196609,sand,y,350,se,none,none,none_sand,none_sand,100,1.96163e-160,313,Metazoa,Annelida,Polychaeta,Terebellida,Cirratulidae,Dodecaceria,0,0,TRUE,ASV1870,5,NA
edna0041,ASV1097,motu944,Dodecaceria,Cirratulid polychaete,genus,NA,1,1,1,NA,17,10,43,29,NA,NA,Dodecaceria,Cirratulid polychaete,2018_wfb_surface,wfb,beach_seine,2018-07-13,2018-07-12,2018,surface,3,edna_wfb_15,surface,biological,12.1,30.5,7.99,NA,NA,NA,5.3,1000,0,51.66850793,-128.1196609,sand,y,350,se,none,none,none_sand,none_sand,100,1.96163e-160,313,Metazoa,Annelida,Polychaeta,Terebellida,Cirratulidae,Dodecaceria,0,0,TRUE,ASV1097,6,NA
edna0041,ASV2147,motu1769,Asteriidae,Sea star,family,NA,1,NA,NA,NA,4,NA,NA,NA,NA,NA,Asteriidae,Sea star,2018_wfb_surface,wfb,beach_seine,2018-07-13,2018-07-12,2018,surface,3,edna_wfb_15,surface,biological,12.1,30.5,7.99,NA,NA,NA,5.3,1000,0,51.66850793,-128.1196609,sand,y,350,se,none,none,none_sand,none_sand,100,1.96163e-160,313,Metazoa,Echinodermata,Echinodermata,Forcipulatida,Asteriidae,NA,0,0,TRUE,ASV2147,1,NA
edna0041,ASV1443,motu1220,Orobdella,Freshwater leech,genus,NA,1,NA,NA,NA,8,NA,NA,NA,NA,NA,Orobdella,Freshwater leech,2018_wfb_surface,wfb,beach_seine,2018-07-13,2018-07-12,2018,surface,3,edna_wfb_15,surface,biological,12.1,30.5,7.99,NA,NA,NA,5.3,1000,0,51.66850793,-128.1196609,sand,y,350,se,none,none,none_sand,none_sand,97.06,0.0011939,31,Metazoa,Annelida,Annelida,Erpobdelliformes,Orobdellidae,Orobdella,NA,NA,TRUE,ASV1443,1,NA
edna0041,ASV3175,motu2541,Arthropoda,Unknown arthropod,phylum,NA,1,NA,NA,NA,4,NA,NA,NA,NA,NA,Arthropoda,Unknown arthropod,2018_wfb_surface,wfb,beach_seine,2018-07-13,2018-07-12,2018,surface,3,edna_wfb_15,surface,biological,12.1,30.5,7.99,NA,NA,NA,5.3,1000,0,51.66850793,-128.1196609,sand,y,350,se,none,none,none_sand,none_sand,100,0.014701,29,Metazoa,Arthropoda,NA,NA,NA,NA,NA,NA,TRUE,ASV3175,1,NA
edna0041,ASV3356,motu2675,Chaetognatha,Arrow worm,phylum,NA,1,NA,NA,NA,5,NA,NA,NA,NA,NA,Chaetognatha,Arrow worm,2018_wfb_surface,wfb,beach_seine,2018-07-13,2018-07-12,2018,surface,3,edna_wfb_15,surface,biological,12.1,30.5,7.99,NA,NA,NA,5.3,1000,0,51.66850793,-128.1196609,sand,y,350,se,none,none,none_sand,none_sand,98.01,1.6078299999999998e-91,189,Metazoa,Chaetognatha,NA,NA,NA,NA,0,0,TRUE,ASV3356,1,NA
edna0041,ASV3829,motu1191,Membranipora membranacea,Coffin box bryozoan,species,NA,1,NA,NA,NA,10,NA,NA,NA,NA,NA,Membranipora membranacea,Coffin box bryozoan,2018_wfb_surface,wfb,beach_seine,2018-07-13,2018-07-12,2018,surface,3,edna_wfb_15,surface,biological,12.1,30.5,7.99,NA,NA,NA,5.3,1000,0,51.66850793,-128.1196609,sand,y,350,se,none,none,none_sand,none_sand,100,5.610619999999999e-141,278,Metazoa,Bryozoa,Gymnolaemata,Cheilostomatida,Membraniporidae,Membranipora,0,0,TRUE,ASV1410,2,Membranipora membranacea
edna0041,ASV3531,motu350,Synchaeta pectinata,Rotifer,species,NA,1,NA,NA,NA,3,NA,NA,NA,NA,NA,Synchaeta pectinata,Rotifer,2018_wfb_surface,wfb,beach_seine,2018-07-13,2018-07-12,2018,surface,3,edna_wfb_15,surface,biological,12.1,30.5,7.99,NA,NA,NA,5.3,1000,0,51.66850793,-128.1196609,sand,y,350,se,none,none,none_sand,none_sand,90.16,7.65451e-110,222,Metazoa,Rotifera,Eurotatoria,Ploima,Synchaetidae,Synchaeta,0,0,TRUE,ASV398,4,Synchaeta pectinata
edna0042,ASV258,motu228,Lensia,Siphonophore,genus,NA,1,NA,NA,NA,11,NA,NA,NA,NA,NA,Lensia,Siphonophore,2018_wfb_depth,wfb,beach_seine,2018-07-13,2018-07-12,2018,depth,3,edna_wfb_30,depth,biological,10.6,31.64,7.97,NA,NA,NA,5.3,1000,0,51.66843974,-128.1199132,sand,y,350,se,none,none,none_sand,none_sand,100,0.00408744,30,Metazoa,Cnidaria,Cnidaria,Siphonophorae,Diphyidae,Lensia,0,0,TRUE,ASV258,1,NA
edna0042,ASV131,motu117,Lensia,Siphonophore,genus,NA,1,NA,NA,NA,5,NA,NA,NA,NA,NA,Lensia,Siphonophore,2018_wfb_depth,wfb,beach_seine,2018-07-13,2018-07-12,2018,depth,3,edna_wfb_30,depth,biological,10.6,31.64,7.97,NA,NA,NA,5.3,1000,0,51.66843974,-128.1199132,sand,y,350,se,none,none,none_sand,none_sand,100,0.00408744,30,Metazoa,Cnidaria,Cnidaria,Siphonophorae,Diphyidae,Lensia,0,0,TRUE,ASV131,2,NA
edna0042,ASV251,motu105,Mesocentrotus franciscanus,Red sea urchin,species,NA,1,NA,NA,NA,10,NA,NA,NA,NA,NA,Mesocentrotus franciscanus,Red sea urchin,2018_wfb_depth,wfb,beach_seine,2018-07-13,2018-07-12,2018,depth,3,edna_wfb_30,depth,biological,10.6,31.64,7.97,NA,NA,NA,5.3,1000,0,51.66843974,-128.1199132,sand,y,350,se,none,none,none_sand,none_sand,100,7.02982e-160,312,Metazoa,Echinodermata,Echinoidea,Camarodonta,Strongylocentrotidae,Mesocentrotus,0,0,TRUE,ASV118,8,Mesocentrotus franciscanus
edna0042,ASV452,motu183,Euchlanidae,Rotifer,family,NA,1,NA,NA,NA,40,NA,NA,NA,NA,NA,No Results,No Results,2018_wfb_depth,wfb,beach_seine,2018-07-13,2018-07-12,2018,depth,3,edna_wfb_30,depth,biological,10.6,31.64,7.97,NA,NA,NA,5.3,1000,0,51.66843974,-128.1199132,sand,y,350,se,none,none,none_sand,none_sand,91.35,3.005919999999998e-29,77,Metazoa,Rotifera,Rotifera,Ploima,Euchlanidae,NA,1,NA,TRUE,ASV208,2,NA
edna0042,ASV536,motu470,Paracalanus parvus parvus,Calanoid copepod,species,NA,1,NA,NA,NA,32,NA,NA,NA,NA,NA,Paracalanus parvus parvus,Calanoid copepod,2018_wfb_depth,wfb,beach_seine,2018-07-13,2018-07-12,2018,depth,3,edna_wfb_30,depth,biological,10.6,31.64,7.97,NA,NA,NA,5.3,1000,0,51.66843974,-128.1199132,sand,y,350,se,none,none,none_sand,none_sand,100,1.17454e-132,263,Metazoa,Arthropoda,Copepoda,Calanoida,Paracalanidae,Paracalanus,0,0,TRUE,ASV536,6,Paracalanus parvus parvus
edna0042,ASV580,motu150,Pseudocalanus mimus,Calanoid copepod,species,NA,1,NA,NA,NA,20,NA,NA,NA,NA,NA,Pseudocalanus mimus,Calanoid copepod,2018_wfb_depth,wfb,beach_seine,2018-07-13,2018-07-12,2018,depth,3,edna_wfb_30,depth,biological,10.6,31.64,7.97,NA,NA,NA,5.3,1000,0,51.66843974,-128.1199132,sand,y,350,se,none,none,none_sand,none_sand,99.67,9.19139e-154,301,Metazoa,Arthropoda,Copepoda,Calanoida,Clausocalanidae,Pseudocalanus,0,0,TRUE,ASV171,10,Pseudocalanus mimus
edna0042,ASV324,motu285,Paracalanus parvus parvus,Calanoid copepod,species,NA,1,NA,NA,NA,29,NA,NA,NA,NA,NA,Paracalanus parvus parvus,Calanoid copepod,2018_wfb_depth,wfb,beach_seine,2018-07-13,2018-07-12,2018,depth,3,edna_wfb_30,depth,biological,10.6,31.64,7.97,NA,NA,NA,5.3,1000,0,51.66843974,-128.1199132,sand,y,350,se,none,none,none_sand,none_sand,100,1.17454e-132,263,Metazoa,Arthropoda,Copepoda,Calanoida,Paracalanidae,Paracalanus,0,0,TRUE,ASV324,6,Paracalanus parvus parvus
edna0042,ASV354,motu313,Mitrocoma cellularia,Cross jelly,species,NA,1,1,1,NA,11,5,9,6,NA,NA,Mitrocoma cellularia,Cross jelly,2018_wfb_depth,wfb,beach_seine,2018-07-13,2018-07-12,2018,depth,3,edna_wfb_30,depth,biological,10.6,31.64,7.97,NA,NA,NA,5.3,1000,0,51.66843974,-128.1199132,sand,y,350,se,none,none,none_sand,none_sand,100,1.4886099999999998e-156,306,Metazoa,Cnidaria,Hydrozoa,Leptothecata,Mitrocomidae,Mitrocoma,0,0,TRUE,ASV354,2,Mitrocoma cellularia
edna0042,ASV616,motu537,Mitrocoma cellularia,Cross jelly,species,NA,1,NA,NA,NA,9,NA,NA,NA,NA,NA,Mitrocoma cellularia,Cross jelly,2018_wfb_depth,wfb,beach_seine,2018-07-13,2018-07-12,2018,depth,3,edna_wfb_30,depth,biological,10.6,31.64,7.97,NA,NA,NA,5.3,1000,0,51.66843974,-128.1199132,sand,y,350,se,none,none,none_sand,none_sand,100,1.4886099999999998e-156,306,Metazoa,Cnidaria,Hydrozoa,Leptothecata,Mitrocomidae,Mitrocoma,0,0,TRUE,ASV616,6,Mitrocoma cellularia
edna0042,ASV559,motu492,Eupolymnia heterobranchia,Brown intertidal spaghetti worm,species,NA,1,NA,NA,NA,7,NA,NA,NA,NA,NA,Eupolymnia heterobranchia,Brown intertidal spaghetti worm,2018_wfb_depth,wfb,beach_seine,2018-07-13,2018-07-12,2018,depth,3,edna_wfb_30,depth,biological,10.6,31.64,7.97,NA,NA,NA,5.3,1000,0,51.66843974,-128.1199132,sand,y,350,se,none,none,none_sand,none_sand,100,1.4886099999999998e-156,306,Metazoa,Annelida,Polychaeta,Terebellida,Terebellidae,Eupolymnia,0,0,TRUE,ASV559,3,Eupolymnia heterobranchia
edna0042,ASV1475,motu1246,Cyanea,Lions mane jellyfish species,genus,NA,1,NA,NA,NA,6,NA,NA,NA,NA,NA,Cyanea,Lions mane jellyfish species,2018_wfb_depth,wfb,beach_seine,2018-07-13,2018-07-12,2018,depth,3,edna_wfb_30,depth,biological,10.6,31.64,7.97,NA,NA,NA,5.3,1000,0,51.66843974,-128.1199132,sand,y,350,se,none,none,none_sand,none_sand,100,3.2351099999999996e-158,309,Metazoa,Cnidaria,Scyphozoa,Semaeostomeae,Cyaneidae,Cyanea,0,0,TRUE,ASV1475,2,NA
edna0042,ASV1040,motu897,Oithona similis,Cyclopoid copepod,species,NA,1,NA,NA,NA,3,NA,NA,NA,NA,NA,Oithona similis,Cyclopoid copepod,2018_wfb_depth,wfb,beach_seine,2018-07-13,2018-07-12,2018,depth,3,edna_wfb_30,depth,biological,10.6,31.64,7.97,NA,NA,NA,5.3,1000,0,51.66843974,-128.1199132,sand,y,350,se,none,none,none_sand,none_sand,96.17,2.0179399999999996e-140,277,Metazoa,Arthropoda,Copepoda,Cyclopoida,Oithonidae,Oithona,0,0,TRUE,ASV1040,1,Oithona similis
edna0042,ASV1125,motu968,Halosydna brevisetosa,Shortscaled worm,species,NA,1,1,1,NA,47,17,48,62,NA,29,Halosydna brevisetosa,Shortscaled worm,2018_wfb_depth,wfb,beach_seine,2018-07-13,2018-07-12,2018,depth,3,edna_wfb_30,depth,biological,10.6,31.64,7.97,NA,NA,NA,5.3,1000,0,51.66843974,-128.1199132,sand,y,350,se,none,none,none_sand,none_sand,100,1.96163e-160,313,Metazoa,Annelida,Polychaeta,Phyllodocida,Polynoidae,Halosydna,0,0,TRUE,ASV1125,1,Halosydna brevisetosa
edna0042,ASV1870,motu1556,Dodecaceria,Cirratulid polychaete,genus,NA,1,NA,NA,NA,17,NA,NA,NA,NA,NA,Dodecaceria,Cirratulid polychaete,2018_wfb_depth,wfb,beach_seine,2018-07-13,2018-07-12,2018,depth,3,edna_wfb_30,depth,biological,10.6,31.64,7.97,NA,NA,NA,5.3,1000,0,51.66843974,-128.1199132,sand,y,350,se,none,none,none_sand,none_sand,100,1.96163e-160,313,Metazoa,Annelida,Polychaeta,Terebellida,Cirratulidae,Dodecaceria,0,0,TRUE,ASV1870,5,NA
edna0042,ASV1582,motu1332,Mytilus californianus,California mussel,species,NA,1,NA,1,NA,4,NA,3,NA,NA,6,Mytilus californianus,California mussel,2018_wfb_depth,wfb,beach_seine,2018-07-13,2018-07-12,2018,depth,3,edna_wfb_30,depth,biological,10.6,31.64,7.97,NA,NA,NA,5.3,1000,0,51.66843974,-128.1199132,sand,y,350,se,none,none,none_sand,none_sand,100,3.2351099999999996e-158,309,Metazoa,Mollusca,Bivalvia,Mytilida,Mytilidae,Mytilus,0,0,TRUE,ASV1582,5,Mytilus californianus
edna0042,ASV2930,motu2362,Chaetognatha,Arrow worm,phylum,NA,1,NA,NA,NA,5,NA,NA,NA,NA,NA,Chaetognatha,Arrow worm,2018_wfb_depth,wfb,beach_seine,2018-07-13,2018-07-12,2018,depth,3,edna_wfb_30,depth,biological,10.6,31.64,7.97,NA,NA,NA,5.3,1000,0,51.66843974,-128.1199132,sand,y,350,se,none,none,none_sand,none_sand,98.01,1.6078299999999998e-91,189,Metazoa,Chaetognatha,NA,NA,NA,NA,0,0,TRUE,ASV2930,1,NA
edna0042,ASV2840,motu2298,Arthropoda,Unknown arthropod,phylum,NA,1,NA,NA,NA,5,NA,NA,NA,NA,NA,Arthropoda,Unknown arthropod,2018_wfb_depth,wfb,beach_seine,2018-07-13,2018-07-12,2018,depth,3,edna_wfb_30,depth,biological,10.6,31.64,7.97,NA,NA,NA,5.3,1000,0,51.66843974,-128.1199132,sand,y,350,se,none,none,none_sand,none_sand,95,2.34566e-5,34,Metazoa,Arthropoda,NA,NA,NA,NA,NA,NA,TRUE,ASV2840,1,NA
edna0042,ASV3266,motu2608,Arthropoda,Unknown arthropod,phylum,NA,1,NA,NA,NA,3,NA,NA,NA,NA,NA,Arthropoda,Unknown arthropod,2018_wfb_depth,wfb,beach_seine,2018-07-13,2018-07-12,2018,depth,3,edna_wfb_30,depth,biological,10.6,31.64,7.97,NA,NA,NA,5.3,1000,0,51.66843974,-128.1199132,sand,y,350,se,none,none,none_sand,none_sand,100,0.014701,29,Metazoa,Arthropoda,NA,NA,NA,NA,NA,NA,TRUE,ASV3266,1,NA
edna0042,ASV3696,motu2919,Phacellophora camtschatica,Fried egg jellyfish,species,NA,1,NA,NA,NA,3,NA,NA,NA,NA,NA,Phacellophora camtschatica,Fried egg jellyfish,2018_wfb_depth,wfb,beach_seine,2018-07-13,2018-07-12,2018,depth,3,edna_wfb_30,depth,biological,10.6,31.64,7.97,NA,NA,NA,5.3,1000,0,51.66843974,-128.1199132,sand,y,350,se,none,none,none_sand,none_sand,100,1.96163e-160,313,Metazoa,Cnidaria,Scyphozoa,Semaeostomeae,Phacellophoridae,Phacellophora,0,0,TRUE,ASV3696,1,Phacellophora camtschatica
edna0042,ASV2941,motu2370,Axiothella rubrocincta,Bamboo worm,species,NA,1,NA,NA,NA,3,NA,NA,NA,NA,NA,Axiothella rubrocincta,Bamboo worm,2018_wfb_depth,wfb,beach_seine,2018-07-13,2018-07-12,2018,depth,3,edna_wfb_30,depth,biological,10.6,31.64,7.97,NA,NA,NA,5.3,1000,0,51.66843974,-128.1199132,sand,y,350,se,none,none,none_sand,none_sand,100,1.4886099999999998e-156,306,Metazoa,Annelida,Polychaeta,NA,Maldanidae,Axiothella,0,0,TRUE,ASV2941,1,Axiothella rubrocincta
edna0042,ASV5987,motu4604,Lineus,Ribbon worm,genus,NA,1,NA,NA,NA,9,NA,NA,NA,NA,NA,Lineus,Ribbon worm,2018_wfb_depth,wfb,beach_seine,2018-07-13,2018-07-12,2018,depth,3,edna_wfb_30,depth,biological,10.6,31.64,7.97,NA,NA,NA,5.3,1000,0,51.66843974,-128.1199132,sand,y,350,se,none,none,none_sand,none_sand,99.68,9.126599999999999e-159,310,Metazoa,Nemertea,Pilidiophora,Heteronemertea,Lineidae,Lineus,0,0,TRUE,ASV5987,1,NA
edna0042,ASV6065,motu4671,Lineus,Ribbon worm,genus,NA,1,NA,NA,NA,12,NA,NA,NA,NA,NA,Lineus,Ribbon worm,2018_wfb_depth,wfb,beach_seine,2018-07-13,2018-07-12,2018,depth,3,edna_wfb_30,depth,biological,10.6,31.64,7.97,NA,NA,NA,5.3,1000,0,51.66843974,-128.1199132,sand,y,350,se,none,none,none_sand,none_sand,99.68,9.126599999999999e-159,310,Metazoa,Nemertea,Pilidiophora,Heteronemertea,Lineidae,Lineus,0,0,TRUE,ASV6065,1,NA
edna0042,ASV6527,motu5055,Talitridae,Amphipod,family,NA,1,NA,NA,NA,2,NA,NA,NA,NA,NA,Talitridae,Amphipod,2018_wfb_depth,wfb,beach_seine,2018-07-13,2018-07-12,2018,depth,3,edna_wfb_30,depth,biological,10.6,31.64,7.97,NA,NA,NA,5.3,1000,0,51.66843974,-128.1199132,sand,y,350,se,none,none,none_sand,none_sand,90.28,8.83636e-15,51,Metazoa,Arthropoda,Arthropoda,Amphipoda,Talitridae,NA,0,1,TRUE,ASV6527,1,NA
edna0042,ASV7569,motu5934,Trochidae,Sea snail species,family,NA,1,NA,NA,NA,4,NA,NA,NA,NA,NA,Trochidae,Sea snail species,2018_wfb_depth,wfb,beach_seine,2018-07-13,2018-07-12,2018,depth,3,edna_wfb_30,depth,biological,10.6,31.64,7.97,NA,NA,NA,5.3,1000,0,51.66843974,-128.1199132,sand,y,350,se,none,none,none_sand,none_sand,93.18,6.92826e-6,35,Metazoa,Mollusca,Mollusca,Trochida,Trochidae,NA,0,0,TRUE,ASV7569,1,NA
edna0043,ASV233,motu74,Euchlanidae,Rotifer,family,NA,1,1,1,NA,46,40,86,48,NA,NA,No Results,No Results,2018_ssp_surface,ssp,beach_seine,2018-07-13,2018-07-12,2018,surface,1,edna_ssp_00,surface,biological,11.3,30.51,8.01,NA,NA,NA,4.7,1000,0,51.67909247,-128.1153275,sand,y,455,se,seagrass,zostera,seagrass_sand,zostera_sand,91.35,3.005919999999998e-29,77,Metazoa,Rotifera,Rotifera,Ploima,Euchlanidae,NA,1,NA,TRUE,ASV84,2,NA
edna0043,ASV452,motu183,Euchlanidae,Rotifer,family,NA,1,NA,NA,NA,40,NA,NA,NA,NA,NA,No Results,No Results,2018_ssp_surface,ssp,beach_seine,2018-07-13,2018-07-12,2018,surface,1,edna_ssp_00,surface,biological,11.3,30.51,8.01,NA,NA,NA,4.7,1000,0,51.67909247,-128.1153275,sand,y,455,se,seagrass,zostera,seagrass_sand,zostera_sand,91.35,3.005919999999998e-29,77,Metazoa,Rotifera,Rotifera,Ploima,Euchlanidae,NA,1,NA,TRUE,ASV208,2,NA
edna0043,ASV416,motu366,Pseudocalanus mimus,Calanoid copepod,species,NA,1,NA,NA,NA,20,NA,NA,NA,NA,NA,Pseudocalanus mimus,Calanoid copepod,2018_ssp_surface,ssp,beach_seine,2018-07-13,2018-07-12,2018,surface,1,edna_ssp_00,surface,biological,11.3,30.51,8.01,NA,NA,NA,4.7,1000,0,51.67909247,-128.1153275,sand,y,455,se,seagrass,zostera,seagrass_sand,zostera_sand,100,1.18898e-152,299,Metazoa,Arthropoda,Copepoda,Calanoida,Clausocalanidae,Pseudocalanus,0,0,TRUE,ASV416,7,Pseudocalanus mimus
edna0043,ASV205,motu181,Pseudocalanus mimus,Calanoid copepod,species,NA,1,NA,1,NA,18,NA,32,35,NA,NA,Pseudocalanus mimus,Calanoid copepod,2018_ssp_surface,ssp,beach_seine,2018-07-13,2018-07-12,2018,surface,1,edna_ssp_00,surface,biological,11.3,30.51,8.01,NA,NA,NA,4.7,1000,0,51.67909247,-128.1153275,sand,y,455,se,seagrass,zostera,seagrass_sand,zostera_sand,100,1.18898e-152,299,Metazoa,Arthropoda,Copepoda,Calanoida,Clausocalanidae,Pseudocalanus,0,0,TRUE,ASV205,8,Pseudocalanus mimus
edna0043,ASV616,motu537,Mitrocoma cellularia,Cross jelly,species,NA,1,NA,NA,NA,6,NA,NA,NA,NA,NA,Mitrocoma cellularia,Cross jelly,2018_ssp_surface,ssp,beach_seine,2018-07-13,2018-07-12,2018,surface,1,edna_ssp_00,surface,biological,11.3,30.51,8.01,NA,NA,NA,4.7,1000,0,51.67909247,-128.1153275,sand,y,455,se,seagrass,zostera,seagrass_sand,zostera_sand,100,1.4886099999999998e-156,306,Metazoa,Cnidaria,Hydrozoa,Leptothecata,Mitrocomidae,Mitrocoma,0,0,TRUE,ASV616,6,Mitrocoma cellularia
edna0043,ASV605,motu529,Ophiopholis,Brittle star species,genus,NA,1,NA,NA,NA,5,NA,NA,NA,NA,NA,Ophiopholis kennerlyi,Daisy brittle star,2018_ssp_surface,ssp,beach_seine,2018-07-13,2018-07-12,2018,surface,1,edna_ssp_00,surface,biological,11.3,30.51,8.01,NA,NA,NA,4.7,1000,0,51.67909247,-128.1153275,sand,y,455,se,seagrass,zostera,seagrass_sand,zostera_sand,100,1.96163e-160,313,Metazoa,Echinodermata,Echinodermata,Amphilepidida,Ophiopholidae,Ophiopholis,0,0,TRUE,ASV603,6,NA
edna0043,ASV739,motu643,Pseudocalanus mimus,Calanoid copepod,species,NA,1,NA,NA,NA,37,NA,NA,NA,NA,NA,Pseudocalanus mimus,Calanoid copepod,2018_ssp_surface,ssp,beach_seine,2018-07-13,2018-07-12,2018,surface,1,edna_ssp_00,surface,biological,11.3,30.51,8.01,NA,NA,NA,4.7,1000,0,51.67909247,-128.1153275,sand,y,455,se,seagrass,zostera,seagrass_sand,zostera_sand,99.67,9.19139e-154,301,Metazoa,Arthropoda,Copepoda,Calanoida,Clausocalanidae,Pseudocalanus,0,0,TRUE,ASV739,3,Pseudocalanus mimus
edna0043,ASV435,motu383,Pseudocalanus mimus,Calanoid copepod,species,NA,1,1,1,NA,52,43,103,NA,NA,95,Pseudocalanus mimus,Calanoid copepod,2018_ssp_surface,ssp,beach_seine,2018-07-13,2018-07-12,2018,surface,1,edna_ssp_00,surface,biological,11.3,30.51,8.01,NA,NA,NA,4.7,1000,0,51.67909247,-128.1153275,sand,y,455,se,seagrass,zostera,seagrass_sand,zostera_sand,99.67,9.19139e-154,301,Metazoa,Arthropoda,Copepoda,Calanoida,Clausocalanidae,Pseudocalanus,0,0,TRUE,ASV435,4,Pseudocalanus mimus
edna0043,ASV843,motu343,Dodecaceria,Cirratulid polychaete,genus,NA,1,NA,NA,NA,48,NA,NA,NA,NA,NA,Dodecaceria,Cirratulid polychaete,2018_ssp_surface,ssp,beach_seine,2018-07-13,2018-07-12,2018,surface,1,edna_ssp_00,surface,biological,11.3,30.51,8.01,NA,NA,NA,4.7,1000,0,51.67909247,-128.1153275,sand,y,455,se,seagrass,zostera,seagrass_sand,zostera_sand,99.68,9.126599999999999e-159,310,Metazoa,Annelida,Polychaeta,Terebellida,Cirratulidae,Dodecaceria,0,0,TRUE,ASV390,6,NA
edna0043,ASV500,motu283,Dodecaceria,Cirratulid polychaete,genus,NA,1,NA,NA,NA,40,NA,NA,NA,NA,NA,Dodecaceria,Cirratulid polychaete,2018_ssp_surface,ssp,beach_seine,2018-07-13,2018-07-12,2018,surface,1,edna_ssp_00,surface,biological,11.3,30.51,8.01,NA,NA,NA,4.7,1000,0,51.67909247,-128.1153275,sand,y,455,se,seagrass,zostera,seagrass_sand,zostera_sand,99.68,9.126599999999999e-159,310,Metazoa,Annelida,Polychaeta,Terebellida,Cirratulidae,Dodecaceria,0,0,TRUE,ASV322,5,NA
edna0043,ASV750,motu654,Orobdella,Freshwater leech,genus,NA,1,NA,1,NA,15,NA,NA,NA,NA,5,Orobdella,Freshwater leech,2018_ssp_surface,ssp,beach_seine,2018-07-13,2018-07-12,2018,surface,1,edna_ssp_00,surface,biological,11.3,30.51,8.01,NA,NA,NA,4.7,1000,0,51.67909247,-128.1153275,sand,y,455,se,seagrass,zostera,seagrass_sand,zostera_sand,97.06,0.00121031,31,Metazoa,Annelida,Annelida,Erpobdelliformes,Orobdellidae,Orobdella,NA,NA,TRUE,ASV750,1,NA
edna0043,ASV1013,motu876,Orobdella,Freshwater leech,genus,NA,1,NA,NA,NA,8,NA,NA,NA,NA,NA,Orobdella,Freshwater leech,2018_ssp_surface,ssp,beach_seine,2018-07-13,2018-07-12,2018,surface,1,edna_ssp_00,surface,biological,11.3,30.51,8.01,NA,NA,NA,4.7,1000,0,51.67909247,-128.1153275,sand,y,455,se,seagrass,zostera,seagrass_sand,zostera_sand,97.06,0.00121031,31,Metazoa,Annelida,Annelida,Erpobdelliformes,Orobdellidae,Orobdella,NA,NA,TRUE,ASV1013,1,NA
edna0043,ASV559,motu492,Eupolymnia heterobranchia,Brown intertidal spaghetti worm,species,NA,1,NA,NA,NA,7,NA,NA,NA,NA,NA,Eupolymnia heterobranchia,Brown intertidal spaghetti worm,2018_ssp_surface,ssp,beach_seine,2018-07-13,2018-07-12,2018,surface,1,edna_ssp_00,surface,biological,11.3,30.51,8.01,NA,NA,NA,4.7,1000,0,51.67909247,-128.1153275,sand,y,455,se,seagrass,zostera,seagrass_sand,zostera_sand,100,1.4886099999999998e-156,306,Metazoa,Annelida,Polychaeta,Terebellida,Terebellidae,Eupolymnia,0,0,TRUE,ASV559,3,Eupolymnia heterobranchia
edna0043,ASV598,motu524,Strongylocentrotus droebachiensis,Green sea urcin,species,NA,1,1,NA,NA,6,5,NA,NA,NA,NA,Strongylocentrotus droebachiensis,Green sea urcin,2018_ssp_surface,ssp,beach_seine,2018-07-13,2018-07-12,2018,surface,1,edna_ssp_00,surface,biological,11.3,30.51,8.01,NA,NA,NA,4.7,1000,0,51.67909247,-128.1153275,sand,y,455,se,seagrass,zostera,seagrass_sand,zostera_sand,100,1.96163e-160,313,Metazoa,Echinodermata,Echinoidea,Camarodonta,Strongylocentrotidae,Strongylocentrotus,0,0,TRUE,ASV598,2,Strongylocentrotus droebachiensis
edna0043,ASV780,motu679,Aequorea,Crystal jelly species,genus,NA,1,NA,NA,NA,4,NA,NA,NA,NA,NA,Aequorea,Crystal jelly species,2018_ssp_surface,ssp,beach_seine,2018-07-13,2018-07-12,2018,surface,1,edna_ssp_00,surface,biological,11.3,30.51,8.01,NA,NA,NA,4.7,1000,0,51.67909247,-128.1153275,sand,y,455,se,seagrass,zostera,seagrass_sand,zostera_sand,100,1.4886099999999998e-156,306,Metazoa,Cnidaria,Hydrozoa,Leptothecata,Aequoreidae,Aequorea,0,0,TRUE,ASV780,4,NA
edna0043,ASV1475,motu1246,Cyanea,Lions mane jellyfish species,genus,NA,1,NA,NA,NA,10,NA,NA,NA,NA,NA,Cyanea,Lions mane jellyfish species,2018_ssp_surface,ssp,beach_seine,2018-07-13,2018-07-12,2018,surface,1,edna_ssp_00,surface,biological,11.3,30.51,8.01,NA,NA,NA,4.7,1000,0,51.67909247,-128.1153275,sand,y,455,se,seagrass,zostera,seagrass_sand,zostera_sand,100,3.2351099999999996e-158,309,Metazoa,Cnidaria,Scyphozoa,Semaeostomeae,Cyaneidae,Cyanea,0,0,TRUE,ASV1475,2,NA
edna0043,ASV1502,motu1269,Oithona similis,Cyclopoid copepod,species,NA,1,NA,NA,NA,7,NA,NA,NA,NA,NA,Oithona similis,Cyclopoid copepod,2018_ssp_surface,ssp,beach_seine,2018-07-13,2018-07-12,2018,surface,1,edna_ssp_00,surface,biological,11.3,30.51,8.01,NA,NA,NA,4.7,1000,0,51.67909247,-128.1153275,sand,y,455,se,seagrass,zostera,seagrass_sand,zostera_sand,96.17,2.0179399999999996e-140,277,Metazoa,Arthropoda,Copepoda,Cyclopoida,Oithonidae,Oithona,0,0,TRUE,ASV1502,1,Oithona similis
edna0043,ASV1546,motu1303,Chaetognatha,Arrow worm,phylum,NA,1,NA,NA,NA,14,NA,NA,NA,NA,NA,Chaetognatha,Arrow worm,2018_ssp_surface,ssp,beach_seine,2018-07-13,2018-07-12,2018,surface,1,edna_ssp_00,surface,biological,11.3,30.51,8.01,NA,NA,NA,4.7,1000,0,51.67909247,-128.1153275,sand,y,455,se,seagrass,zostera,seagrass_sand,zostera_sand,95.02,1.63074e-81,171,Metazoa,Chaetognatha,NA,NA,NA,NA,0,0,TRUE,ASV1546,2,NA
edna0043,ASV1367,motu1153,Cyanea,Lions mane jellyfish species,genus,NA,1,NA,NA,NA,7,NA,NA,NA,NA,NA,Cyanea,Lions mane jellyfish species,2018_ssp_surface,ssp,beach_seine,2018-07-13,2018-07-12,2018,surface,1,edna_ssp_00,surface,biological,11.3,30.51,8.01,NA,NA,NA,4.7,1000,0,51.67909247,-128.1153275,sand,y,455,se,seagrass,zostera,seagrass_sand,zostera_sand,100,3.2351099999999996e-158,309,Metazoa,Cnidaria,Scyphozoa,Semaeostomeae,Cyaneidae,Cyanea,0,0,TRUE,ASV1367,2,NA
edna0043,ASV1492,motu1259,Membranipora membranacea,Coffin box bryozoan,species,NA,1,NA,NA,NA,23,NA,NA,NA,NA,NA,Membranipora membranacea,Coffin box bryozoan,2018_ssp_surface,ssp,beach_seine,2018-07-13,2018-07-12,2018,surface,1,edna_ssp_00,surface,biological,11.3,30.51,8.01,NA,NA,NA,4.7,1000,0,51.67909247,-128.1153275,sand,y,455,se,seagrass,zostera,seagrass_sand,zostera_sand,100,9.252979999999995e-139,274,Metazoa,Bryozoa,Gymnolaemata,Cheilostomatida,Membraniporidae,Membranipora,0,0,TRUE,ASV1492,2,Membranipora membranacea
edna0043,ASV801,motu697,Micropodarke dubia,Hesionid polychaete,species,NA,1,NA,1,NA,5,NA,NA,7,NA,NA,Micropodarke dubia,Hesionid polychaete,2018_ssp_surface,ssp,beach_seine,2018-07-13,2018-07-12,2018,surface,1,edna_ssp_00,surface,biological,11.3,30.51,8.01,NA,NA,NA,4.7,1000,0,51.67909247,-128.1153275,sand,y,455,se,seagrass,zostera,seagrass_sand,zostera_sand,100,1.96163e-160,313,Metazoa,Annelida,Polychaeta,Phyllodocida,Hesionidae,Micropodarke,0,0,TRUE,ASV801,2,Micropodarke dubia
edna0043,ASV838,motu729,Strongylocentrotus purpuratus,Purple sea urchin,species,NA,1,1,1,NA,37,31,46,36,NA,51,Strongylocentrotus purpuratus,Purple sea urchin,2018_ssp_surface,ssp,beach_seine,2018-07-13,2018-07-12,2018,surface,1,edna_ssp_00,surface,biological,11.3,30.51,8.01,NA,NA,NA,4.7,1000,0,51.67909247,-128.1153275,sand,y,455,se,seagrass,zostera,seagrass_sand,zostera_sand,100,1.96163e-160,313,Metazoa,Echinodermata,Echinoidea,Camarodonta,Strongylocentrotidae,Strongylocentrotus,0,0,TRUE,ASV838,2,Strongylocentrotus purpuratus
edna0043,ASV1984,motu1645,Strongylocentrotus purpuratus,Purple sea urchin,species,NA,1,NA,NA,NA,37,NA,NA,NA,NA,NA,Strongylocentrotus purpuratus,Purple sea urchin,2018_ssp_surface,ssp,beach_seine,2018-07-13,2018-07-12,2018,surface,1,edna_ssp_00,surface,biological,11.3,30.51,8.01,NA,NA,NA,4.7,1000,0,51.67909247,-128.1153275,sand,y,455,se,seagrass,zostera,seagrass_sand,zostera_sand,100,1.96163e-160,313,Metazoa,Echinodermata,Echinoidea,Camarodonta,Strongylocentrotidae,Strongylocentrotus,0,0,TRUE,ASV1984,1,Strongylocentrotus purpuratus
edna0043,ASV2031,motu1681,Membranipora membranacea,Coffin box bryozoan,species,NA,1,NA,NA,NA,8,NA,NA,NA,NA,NA,Membranipora membranacea,Coffin box bryozoan,2018_ssp_surface,ssp,beach_seine,2018-07-13,2018-07-12,2018,surface,1,edna_ssp_00,surface,biological,11.3,30.51,8.01,NA,NA,NA,4.7,1000,0,51.67909247,-128.1153275,sand,y,455,se,seagrass,zostera,seagrass_sand,zostera_sand,100,9.252979999999995e-139,274,Metazoa,Bryozoa,Gymnolaemata,Cheilostomatida,Membraniporidae,Membranipora,0,0,TRUE,ASV2031,1,Membranipora membranacea
edna0043,ASV1097,motu944,Dodecaceria,Cirratulid polychaete,genus,NA,1,NA,NA,NA,25,NA,NA,NA,NA,NA,Dodecaceria,Cirratulid polychaete,2018_ssp_surface,ssp,beach_seine,2018-07-13,2018-07-12,2018,surface,1,edna_ssp_00,surface,biological,11.3,30.51,8.01,NA,NA,NA,4.7,1000,0,51.67909247,-128.1153275,sand,y,455,se,seagrass,zostera,seagrass_sand,zostera_sand,100,1.96163e-160,313,Metazoa,Annelida,Polychaeta,Terebellida,Cirratulidae,Dodecaceria,0,0,TRUE,ASV1097,6,NA
edna0043,ASV2147,motu1769,Asteriidae,Sea star,family,NA,1,NA,NA,NA,4,NA,NA,NA,NA,NA,Asteriidae,Sea star,2018_ssp_surface,ssp,beach_seine,2018-07-13,2018-07-12,2018,surface,1,edna_ssp_00,surface,biological,11.3,30.51,8.01,NA,NA,NA,4.7,1000,0,51.67909247,-128.1153275,sand,y,455,se,seagrass,zostera,seagrass_sand,zostera_sand,100,1.96163e-160,313,Metazoa,Echinodermata,Echinodermata,Forcipulatida,Asteriidae,NA,0,0,TRUE,ASV2147,1,NA
edna0043,ASV1917,motu1595,Arthropoda,Unknown arthropod,phylum,NA,1,NA,NA,NA,5,NA,NA,NA,NA,NA,Arthropoda,Unknown arthropod,2018_ssp_surface,ssp,beach_seine,2018-07-13,2018-07-12,2018,surface,1,edna_ssp_00,surface,biological,11.3,30.51,8.01,NA,NA,NA,4.7,1000,0,51.67909247,-128.1153275,sand,y,455,se,seagrass,zostera,seagrass_sand,zostera_sand,95,2.34566e-5,34,Metazoa,Arthropoda,NA,NA,NA,NA,NA,NA,TRUE,ASV1917,1,NA
edna0043,ASV1599,motu1332,Mytilus californianus,California mussel,species,NA,1,NA,1,NA,13,NA,NA,13,NA,NA,Mytilus californianus,California mussel,2018_ssp_surface,ssp,beach_seine,2018-07-13,2018-07-12,2018,surface,1,edna_ssp_00,surface,biological,11.3,30.51,8.01,NA,NA,NA,4.7,1000,0,51.67909247,-128.1153275,sand,y,455,se,seagrass,zostera,seagrass_sand,zostera_sand,100,3.2351099999999996e-158,309,Metazoa,Mollusca,Bivalvia,Mytilida,Mytilidae,Mytilus,0,0,TRUE,ASV1582,5,Mytilus californianus
edna0043,ASV2582,motu1556,Dodecaceria,Cirratulid polychaete,genus,NA,1,NA,NA,NA,22,NA,NA,NA,NA,NA,Dodecaceria,Cirratulid polychaete,2018_ssp_surface,ssp,beach_seine,2018-07-13,2018-07-12,2018,surface,1,edna_ssp_00,surface,biological,11.3,30.51,8.01,NA,NA,NA,4.7,1000,0,51.67909247,-128.1153275,sand,y,455,se,seagrass,zostera,seagrass_sand,zostera_sand,100,1.96163e-160,313,Metazoa,Annelida,Polychaeta,Terebellida,Cirratulidae,Dodecaceria,0,0,TRUE,ASV1870,5,NA
edna0043,ASV1995,motu1653,Phascolosoma (Phascolosoma) agassizii,Agassiz peanut worm,species,NA,1,NA,NA,NA,13,NA,NA,NA,NA,NA,Phascolosoma (Phascolosoma) agassizii,Agassiz peanut worm,2018_ssp_surface,ssp,beach_seine,2018-07-13,2018-07-12,2018,surface,1,edna_ssp_00,surface,biological,11.3,30.51,8.01,NA,NA,NA,4.7,1000,0,51.67909247,-128.1153275,sand,y,455,se,seagrass,zostera,seagrass_sand,zostera_sand,100,1.96163e-160,313,Metazoa,Annelida,NA,Sipuncula,Phascolosomatidae,Phascolosoma,0,0,TRUE,ASV1995,1,Phascolosoma (Phascolosoma) agassizii
edna0043,ASV2881,motu2328,Coleoptera,Hexapod,order,NA,1,NA,1,NA,8,NA,7,NA,NA,NA,Coleoptera,Hexapod,2018_ssp_surface,ssp,beach_seine,2018-07-13,2018-07-12,2018,surface,1,edna_ssp_00,surface,biological,11.3,30.51,8.01,NA,NA,NA,4.7,1000,0,51.67909247,-128.1153275,sand,y,455,se,seagrass,zostera,seagrass_sand,zostera_sand,100,0.00110774,31,Metazoa,Arthropoda,Arthropoda,Coleoptera,NA,NA,NA,NA,TRUE,ASV2881,1,NA
edna0043,ASV2852,motu2305,Coleoptera,Hexapod,order,NA,1,1,1,NA,6,8,10,8,NA,NA,Coleoptera,Hexapod,2018_ssp_surface,ssp,beach_seine,2018-07-13,2018-07-12,2018,surface,1,edna_ssp_00,surface,biological,11.3,30.51,8.01,NA,NA,NA,4.7,1000,0,51.67909247,-128.1153275,sand,y,455,se,seagrass,zostera,seagrass_sand,zostera_sand,100,0.00110774,31,Metazoa,Arthropoda,Arthropoda,Coleoptera,NA,NA,NA,NA,TRUE,ASV2852,1,NA
edna0043,ASV3232,motu334,Synchaeta pectinata,Rotifer,species,NA,1,NA,NA,NA,15,NA,NA,NA,NA,NA,Synchaeta pectinata,Rotifer,2018_ssp_surface,ssp,beach_seine,2018-07-13,2018-07-12,2018,surface,1,edna_ssp_00,surface,biological,11.3,30.51,8.01,NA,NA,NA,4.7,1000,0,51.67909247,-128.1153275,sand,y,455,se,seagrass,zostera,seagrass_sand,zostera_sand,90.16,7.65451e-110,222,Metazoa,Rotifera,Eurotatoria,Ploima,Synchaetidae,Synchaeta,0,0,TRUE,ASV377,5,Synchaeta pectinata
edna0043,ASV4234,motu3319,Axiothella rubrocincta,Bamboo worm,species,NA,1,NA,NA,NA,3,NA,NA,NA,NA,NA,Axiothella rubrocincta,Bamboo worm,2018_ssp_surface,ssp,beach_seine,2018-07-13,2018-07-12,2018,surface,1,edna_ssp_00,surface,biological,11.3,30.51,8.01,NA,NA,NA,4.7,1000,0,51.67909247,-128.1153275,sand,y,455,se,seagrass,zostera,seagrass_sand,zostera_sand,100,1.4886099999999998e-156,306,Metazoa,Annelida,Polychaeta,NA,Maldanidae,Axiothella,0,0,TRUE,ASV4234,1,Axiothella rubrocincta
edna0043,ASV5908,motu3233,Membranipora membranacea,Coffin box bryozoan,species,NA,1,NA,NA,NA,2,NA,NA,NA,NA,NA,Membranipora membranacea,Coffin box bryozoan,2018_ssp_surface,ssp,beach_seine,2018-07-13,2018-07-12,2018,surface,1,edna_ssp_00,surface,biological,11.3,30.51,8.01,NA,NA,NA,4.7,1000,0,51.67909247,-128.1153275,sand,y,455,se,seagrass,zostera,seagrass_sand,zostera_sand,100,5.610619999999999e-141,278,Metazoa,Bryozoa,Gymnolaemata,Cheilostomatida,Membraniporidae,Membranipora,0,0,TRUE,ASV4121,4,Membranipora membranacea
edna0044,ASV258,motu228,Lensia,Siphonophore,genus,NA,1,NA,NA,NA,12,NA,NA,NA,NA,NA,Lensia,Siphonophore,2018_ssp_depth,ssp,beach_seine,2018-07-13,2018-07-12,2018,depth,1,edna_ssp_15,depth,biological,10.8,31.46,8.02,NA,NA,NA,4.7,1000,0,51.67894579,-128.115172,sand,y,455,se,seagrass,zostera,seagrass_sand,zostera_sand,100,0.00408744,30,Metazoa,Cnidaria,Cnidaria,Siphonophorae,Diphyidae,Lensia,0,0,TRUE,ASV258,1,NA
edna0044,ASV307,motu118,Mesocentrotus franciscanus,Red sea urchin,species,NA,1,NA,1,NA,220,NA,NA,163,NA,NA,Mesocentrotus franciscanus,Red sea urchin,2018_ssp_depth,ssp,beach_seine,2018-07-13,2018-07-12,2018,depth,1,edna_ssp_15,depth,biological,10.8,31.46,8.02,NA,NA,NA,4.7,1000,0,51.67894579,-128.115172,sand,y,455,se,seagrass,zostera,seagrass_sand,zostera_sand,100,7.02982e-160,312,Metazoa,Echinodermata,Echinoidea,Camarodonta,Strongylocentrotidae,Mesocentrotus,0,0,TRUE,ASV132,8,Mesocentrotus franciscanus
edna0044,ASV118,motu105,Mesocentrotus franciscanus,Red sea urchin,species,NA,1,NA,1,NA,225,NA,157,NA,NA,135,Mesocentrotus franciscanus,Red sea urchin,2018_ssp_depth,ssp,beach_seine,2018-07-13,2018-07-12,2018,depth,1,edna_ssp_15,depth,biological,10.8,31.46,8.02,NA,NA,NA,4.7,1000,0,51.67894579,-128.115172,sand,y,455,se,seagrass,zostera,seagrass_sand,zostera_sand,100,2.51921e-159,311,Metazoa,Echinodermata,Echinoidea,Camarodonta,Strongylocentrotidae,Mesocentrotus,0,0,TRUE,ASV118,8,Mesocentrotus franciscanus
edna0044,ASV232,motu204,Cecidomyiidae,Hexapod,genus,NA,1,1,1,NA,21,12,12,25,NA,NA,Cecidomyiidae,Hexapod,2018_ssp_depth,ssp,beach_seine,2018-07-13,2018-07-12,2018,depth,1,edna_ssp_15,depth,biological,10.8,31.46,8.02,NA,NA,NA,4.7,1000,0,51.67894579,-128.115172,sand,y,455,se,seagrass,zostera,seagrass_sand,zostera_sand,100,0.00408744,30,Metazoa,Arthropoda,Arthropoda,Diptera,Cecidomyiidae,Cecidomyiidae,NA,NA,TRUE,ASV232,1,NA
edna0044,ASV354,motu313,Mitrocoma cellularia,Cross jelly,species,NA,1,1,1,NA,10,13,NA,NA,NA,9,Mitrocoma cellularia,Cross jelly,2018_ssp_depth,ssp,beach_seine,2018-07-13,2018-07-12,2018,depth,1,edna_ssp_15,depth,biological,10.8,31.46,8.02,NA,NA,NA,4.7,1000,0,51.67894579,-128.115172,sand,y,455,se,seagrass,zostera,seagrass_sand,zostera_sand,100,1.4886099999999998e-156,306,Metazoa,Cnidaria,Hydrozoa,Leptothecata,Mitrocomidae,Mitrocoma,0,0,TRUE,ASV354,2,Mitrocoma cellularia
edna0044,ASV1013,motu876,Orobdella,Freshwater leech,genus,NA,1,NA,NA,NA,7,NA,NA,NA,NA,NA,Orobdella,Freshwater leech,2018_ssp_depth,ssp,beach_seine,2018-07-13,2018-07-12,2018,depth,1,edna_ssp_15,depth,biological,10.8,31.46,8.02,NA,NA,NA,4.7,1000,0,51.67894579,-128.115172,sand,y,455,se,seagrass,zostera,seagrass_sand,zostera_sand,97.06,0.00121031,31,Metazoa,Annelida,Annelida,Erpobdelliformes,Orobdellidae,Orobdella,NA,NA,TRUE,ASV1013,1,NA
edna0044,ASV1154,motu989,Eupolymnia heterobranchia,Brown intertidal spaghetti worm,species,NA,1,NA,NA,NA,26,NA,NA,NA,NA,NA,Eupolymnia heterobranchia,Brown intertidal spaghetti worm,2018_ssp_depth,ssp,beach_seine,2018-07-13,2018-07-12,2018,depth,1,edna_ssp_15,depth,biological,10.8,31.46,8.02,NA,NA,NA,4.7,1000,0,51.67894579,-128.115172,sand,y,455,se,seagrass,zostera,seagrass_sand,zostera_sand,100,1.4886099999999998e-156,306,Metazoa,Annelida,Polychaeta,Terebellida,Terebellidae,Eupolymnia,0,0,TRUE,ASV1154,3,Eupolymnia heterobranchia
edna0044,ASV542,motu476,Phascolosoma (Phascolosoma) agassizii,Agassiz peanut worm,species,NA,1,NA,NA,NA,16,NA,NA,NA,NA,NA,Phascolosoma (Phascolosoma) agassizii,Agassiz peanut worm,2018_ssp_depth,ssp,beach_seine,2018-07-13,2018-07-12,2018,depth,1,edna_ssp_15,depth,biological,10.8,31.46,8.02,NA,NA,NA,4.7,1000,0,51.67894579,-128.115172,sand,y,455,se,seagrass,zostera,seagrass_sand,zostera_sand,100,1.96163e-160,313,Metazoa,Annelida,NA,Sipuncula,Phascolosomatidae,Phascolosoma,0,0,TRUE,ASV542,4,Phascolosoma (Phascolosoma) agassizii
edna0044,ASV1736,motu1450,Polycirrus,Sphagetti worm,genus,NA,1,NA,1,NA,283,NA,190,NA,NA,NA,Polycirrus,Sphagetti worm,2018_ssp_depth,ssp,beach_seine,2018-07-13,2018-07-12,2018,depth,1,edna_ssp_15,depth,biological,10.8,31.46,8.02,NA,NA,NA,4.7,1000,0,51.67894579,-128.115172,sand,y,455,se,seagrass,zostera,seagrass_sand,zostera_sand,100,2.51921e-159,311,Metazoa,Annelida,Polychaeta,Terebellida,Terebellidae,Polycirrus,0,0,TRUE,ASV1736,1,NA
edna0044,ASV2213,motu1826,Mytilus californianus,California mussel,species,NA,1,NA,NA,NA,8,NA,NA,NA,NA,NA,Mytilus californianus,California mussel,2018_ssp_depth,ssp,beach_seine,2018-07-13,2018-07-12,2018,depth,1,edna_ssp_15,depth,biological,10.8,31.46,8.02,NA,NA,NA,4.7,1000,0,51.67894579,-128.115172,sand,y,455,se,seagrass,zostera,seagrass_sand,zostera_sand,100,3.2351099999999996e-158,309,Metazoa,Mollusca,Bivalvia,Mytilida,Mytilidae,Mytilus,0,0,TRUE,ASV2213,3,Mytilus californianus
edna0044,ASV1917,motu1595,Arthropoda,Unknown arthropod,phylum,NA,1,NA,NA,NA,5,NA,NA,NA,NA,NA,Arthropoda,Unknown arthropod,2018_ssp_depth,ssp,beach_seine,2018-07-13,2018-07-12,2018,depth,1,edna_ssp_15,depth,biological,10.8,31.46,8.02,NA,NA,NA,4.7,1000,0,51.67894579,-128.115172,sand,y,455,se,seagrass,zostera,seagrass_sand,zostera_sand,95,2.34566e-5,34,Metazoa,Arthropoda,NA,NA,NA,NA,NA,NA,TRUE,ASV1917,1,NA
edna0044,ASV2773,motu2242,Diplostomida,Flatworm,order,NA,1,NA,NA,NA,4,NA,NA,NA,NA,NA,Diplostomida,Flatworm,2018_ssp_depth,ssp,beach_seine,2018-07-13,2018-07-12,2018,depth,1,edna_ssp_15,depth,biological,10.8,31.46,8.02,NA,NA,NA,4.7,1000,0,51.67894579,-128.115172,sand,y,455,se,seagrass,zostera,seagrass_sand,zostera_sand,96.88,0.0144888,29,Metazoa,Platyhelminthes,Platyhelminthes,Diplostomida,NA,NA,0,0,TRUE,ASV2773,1,NA
edna0044,ASV3221,motu2578,Nudibranchia,Nudibranch species,order,NA,1,NA,NA,NA,4,NA,NA,NA,NA,NA,Nudibranchia,Nudibranch species,2018_ssp_depth,ssp,beach_seine,2018-07-13,2018-07-12,2018,depth,1,edna_ssp_15,depth,biological,10.8,31.46,8.02,NA,NA,NA,4.7,1000,0,51.67894579,-128.115172,sand,y,455,se,seagrass,zostera,seagrass_sand,zostera_sand,100,1.96163e-160,313,Metazoa,Mollusca,Mollusca,Nudibranchia,NA,NA,0,0,TRUE,ASV3221,1,NA
edna0044,ASV2326,motu1914,Membraniporidae,Bryozoan,family,NA,1,NA,1,NA,7,NA,NA,9,NA,NA,Membraniporidae,Bryozoan,2018_ssp_depth,ssp,beach_seine,2018-07-13,2018-07-12,2018,depth,1,edna_ssp_15,depth,biological,10.8,31.46,8.02,NA,NA,NA,4.7,1000,0,51.67894579,-128.115172,sand,y,455,se,seagrass,zostera,seagrass_sand,zostera_sand,90.95,6.1511e-76,161,Metazoa,Bryozoa,Bryozoa,Cheilostomatida,Membraniporidae,NA,0,0,TRUE,ASV2326,1,NA
edna0044,ASV2941,motu2370,Axiothella rubrocincta,Bamboo worm,species,NA,1,1,NA,NA,7,3,NA,NA,NA,NA,Axiothella rubrocincta,Bamboo worm,2018_ssp_depth,ssp,beach_seine,2018-07-13,2018-07-12,2018,depth,1,edna_ssp_15,depth,biological,10.8,31.46,8.02,NA,NA,NA,4.7,1000,0,51.67894579,-128.115172,sand,y,455,se,seagrass,zostera,seagrass_sand,zostera_sand,100,1.4886099999999998e-156,306,Metazoa,Annelida,Polychaeta,NA,Maldanidae,Axiothella,0,0,TRUE,ASV2941,1,Axiothella rubrocincta
edna0044,ASV4234,motu3319,Axiothella rubrocincta,Bamboo worm,species,NA,1,NA,NA,NA,9,NA,NA,NA,NA,NA,Axiothella rubrocincta,Bamboo worm,2018_ssp_depth,ssp,beach_seine,2018-07-13,2018-07-12,2018,depth,1,edna_ssp_15,depth,biological,10.8,31.46,8.02,NA,NA,NA,4.7,1000,0,51.67894579,-128.115172,sand,y,455,se,seagrass,zostera,seagrass_sand,zostera_sand,100,1.4886099999999998e-156,306,Metazoa,Annelida,Polychaeta,NA,Maldanidae,Axiothella,0,0,TRUE,ASV4234,1,Axiothella rubrocincta
edna0044,ASV5993,motu4609,Photidae,Amphipod,family,NA,1,NA,NA,NA,15,NA,NA,NA,NA,NA,Photidae,Amphipod,2018_ssp_depth,ssp,beach_seine,2018-07-13,2018-07-12,2018,depth,1,edna_ssp_15,depth,biological,10.8,31.46,8.02,NA,NA,NA,4.7,1000,0,51.67894579,-128.115172,sand,y,455,se,seagrass,zostera,seagrass_sand,zostera_sand,98.4,4.27634e-152,298,Metazoa,Arthropoda,Arthropoda,Amphipoda,Photidae,NA,0,0,TRUE,ASV5993,1,NA
edna0044,ASV4112,motu3042,Neosabellaria cementarium,Cemented sandmason tubeworm,species,NA,1,NA,1,NA,12,NA,NA,NA,NA,6,Neosabellaria cementarium,Cemented sandmason tubeworm,2018_ssp_depth,ssp,beach_seine,2018-07-13,2018-07-12,2018,depth,1,edna_ssp_15,depth,biological,10.8,31.46,8.02,NA,NA,NA,4.7,1000,0,51.67894579,-128.115172,sand,y,455,se,seagrass,zostera,seagrass_sand,zostera_sand,99.04,1.97556e-155,304,Metazoa,Annelida,Polychaeta,NA,Sabellariidae,Neosabellaria,0,0,TRUE,ASV3873,3,Neosabellaria cementarium
edna0044,ASV4441,motu3459,Ameira,Harpacticoid copepod,genus,NA,1,NA,NA,NA,6,NA,NA,NA,NA,NA,Ameira,Harpacticoid copepod,2018_ssp_depth,ssp,beach_seine,2018-07-13,2018-07-12,2018,depth,1,edna_ssp_15,depth,biological,10.8,31.46,8.02,NA,NA,NA,4.7,1000,0,51.67894579,-128.115172,sand,y,455,se,seagrass,zostera,seagrass_sand,zostera_sand,100,3.2351099999999996e-158,309,Metazoa,Arthropoda,Copepoda,Harpacticoida,Ameiridae,Ameira,0,0,TRUE,ASV4441,1,NA
edna0044,ASV4268,motu3344,Nutricola tantilla,Purple dwarf-venus,species,NA,1,NA,NA,NA,2,NA,NA,NA,NA,NA,Nutricola tantilla,Purple dwarf-venus,2018_ssp_depth,ssp,beach_seine,2018-07-13,2018-07-12,2018,depth,1,edna_ssp_15,depth,biological,10.8,31.46,8.02,NA,NA,NA,4.7,1000,0,51.67894579,-128.115172,sand,y,455,se,seagrass,zostera,seagrass_sand,zostera_sand,93.59,1.5934199999999998e-126,252,Metazoa,Mollusca,Bivalvia,Venerida,Veneridae,Nutricola,0,0,TRUE,ASV4268,1,Nutricola tantilla
edna0044,ASV7571,motu5936,Xingyurella,Thecate Hydroid,genus,NA,1,NA,NA,NA,3,NA,NA,NA,NA,NA,Xingyurella,Thecate Hydroid,2018_ssp_depth,ssp,beach_seine,2018-07-13,2018-07-12,2018,depth,1,edna_ssp_15,depth,biological,10.8,31.46,8.02,NA,NA,NA,4.7,1000,0,51.67894579,-128.115172,sand,y,455,se,seagrass,zostera,seagrass_sand,zostera_sand,95.13,1.22972e-132,263,Metazoa,Cnidaria,Cnidaria,Leptothecata,Sertularellidae,Xingyurella,0,0,TRUE,ASV7571,1,NA
edna0045,ASV258,motu228,Lensia,Siphonophore,genus,NA,1,NA,NA,NA,12,NA,NA,NA,NA,NA,Lensia,Siphonophore,2018_ssp_surface,ssp,beach_seine,2018-07-13,2018-07-12,2018,surface,2,edna_ssp_30,surface,biological,11.5,30.62,8.03,NA,NA,NA,4.5,1000,0,51.67882714,-128.114958,sand,y,455,se,seagrass,zostera,seagrass_sand,zostera_sand,100,0.00408744,30,Metazoa,Cnidaria,Cnidaria,Siphonophorae,Diphyidae,Lensia,0,0,TRUE,ASV258,1,NA
edna0045,ASV131,motu117,Lensia,Siphonophore,genus,NA,1,NA,NA,NA,11,NA,NA,NA,NA,NA,Lensia,Siphonophore,2018_ssp_surface,ssp,beach_seine,2018-07-13,2018-07-12,2018,surface,2,edna_ssp_30,surface,biological,11.5,30.62,8.03,NA,NA,NA,4.5,1000,0,51.67882714,-128.114958,sand,y,455,se,seagrass,zostera,seagrass_sand,zostera_sand,100,0.00408744,30,Metazoa,Cnidaria,Cnidaria,Siphonophorae,Diphyidae,Lensia,0,0,TRUE,ASV131,2,NA
edna0045,ASV307,motu118,Mesocentrotus franciscanus,Red sea urchin,species,NA,1,NA,NA,NA,6,NA,NA,NA,NA,NA,Mesocentrotus franciscanus,Red sea urchin,2018_ssp_surface,ssp,beach_seine,2018-07-13,2018-07-12,2018,surface,2,edna_ssp_30,surface,biological,11.5,30.62,8.03,NA,NA,NA,4.5,1000,0,51.67882714,-128.114958,sand,y,455,se,seagrass,zostera,seagrass_sand,zostera_sand,100,7.02982e-160,312,Metazoa,Echinodermata,Echinoidea,Camarodonta,Strongylocentrotidae,Mesocentrotus,0,0,TRUE,ASV132,8,Mesocentrotus franciscanus
edna0045,ASV270,motu199,Mytilus,Mussel species,genus,NA,1,NA,1,NA,35,NA,43,NA,NA,NA,Mytilus trossulus,Bay mussel,2018_ssp_surface,ssp,beach_seine,2018-07-13,2018-07-12,2018,surface,2,edna_ssp_30,surface,biological,11.5,30.62,8.03,NA,NA,NA,4.5,1000,0,51.67882714,-128.114958,sand,y,455,se,seagrass,zostera,seagrass_sand,zostera_sand,100,3.2351099999999996e-158,309,Metazoa,Mollusca,Mollusca,Mytilida,Mytilidae,Mytilus,0,0,TRUE,ASV226,18,NA
edna0045,ASV580,motu150,Pseudocalanus mimus,Calanoid copepod,species,NA,1,NA,NA,NA,19,NA,NA,NA,NA,NA,Pseudocalanus mimus,Calanoid copepod,2018_ssp_surface,ssp,beach_seine,2018-07-13,2018-07-12,2018,surface,2,edna_ssp_30,surface,biological,11.5,30.62,8.03,NA,NA,NA,4.5,1000,0,51.67882714,-128.114958,sand,y,455,se,seagrass,zostera,seagrass_sand,zostera_sand,99.67,9.19139e-154,301,Metazoa,Arthropoda,Copepoda,Calanoida,Clausocalanidae,Pseudocalanus,0,0,TRUE,ASV171,10,Pseudocalanus mimus
edna0045,ASV595,motu522,Cecidomyiidae,Hexapod,genus,NA,1,NA,NA,NA,9,NA,NA,NA,NA,NA,Cecidomyiidae,Hexapod,2018_ssp_surface,ssp,beach_seine,2018-07-13,2018-07-12,2018,surface,2,edna_ssp_30,surface,biological,11.5,30.62,8.03,NA,NA,NA,4.5,1000,0,51.67882714,-128.114958,sand,y,455,se,seagrass,zostera,seagrass_sand,zostera_sand,100,0.00408744,30,Metazoa,Arthropoda,Arthropoda,Diptera,Cecidomyiidae,Cecidomyiidae,NA,NA,TRUE,ASV595,1,NA
edna0045,ASV232,motu204,Cecidomyiidae,Hexapod,genus,NA,1,1,NA,NA,9,5,NA,NA,NA,NA,Cecidomyiidae,Hexapod,2018_ssp_surface,ssp,beach_seine,2018-07-13,2018-07-12,2018,surface,2,edna_ssp_30,surface,biological,11.5,30.62,8.03,NA,NA,NA,4.5,1000,0,51.67882714,-128.114958,sand,y,455,se,seagrass,zostera,seagrass_sand,zostera_sand,100,0.00408744,30,Metazoa,Arthropoda,Arthropoda,Diptera,Cecidomyiidae,Cecidomyiidae,NA,NA,TRUE,ASV232,1,NA
edna0045,ASV354,motu313,Mitrocoma cellularia,Cross jelly,species,NA,1,1,1,NA,5,9,NA,7,NA,8,Mitrocoma cellularia,Cross jelly,2018_ssp_surface,ssp,beach_seine,2018-07-13,2018-07-12,2018,surface,2,edna_ssp_30,surface,biological,11.5,30.62,8.03,NA,NA,NA,4.5,1000,0,51.67882714,-128.114958,sand,y,455,se,seagrass,zostera,seagrass_sand,zostera_sand,100,1.4886099999999998e-156,306,Metazoa,Cnidaria,Hydrozoa,Leptothecata,Mitrocomidae,Mitrocoma,0,0,TRUE,ASV354,2,Mitrocoma cellularia
edna0045,ASV322,motu283,Dodecaceria,Cirratulid polychaete,genus,NA,1,1,1,NA,30,30,NA,40,NA,NA,Dodecaceria,Cirratulid polychaete,2018_ssp_surface,ssp,beach_seine,2018-07-13,2018-07-12,2018,surface,2,edna_ssp_30,surface,biological,11.5,30.62,8.03,NA,NA,NA,4.5,1000,0,51.67882714,-128.114958,sand,y,455,se,seagrass,zostera,seagrass_sand,zostera_sand,100,1.96163e-160,313,Metazoa,Annelida,Polychaeta,Terebellida,Cirratulidae,Dodecaceria,0,0,TRUE,ASV322,5,NA
edna0045,ASV843,motu343,Dodecaceria,Cirratulid polychaete,genus,NA,1,NA,NA,NA,36,NA,NA,NA,NA,NA,Dodecaceria,Cirratulid polychaete,2018_ssp_surface,ssp,beach_seine,2018-07-13,2018-07-12,2018,surface,2,edna_ssp_30,surface,biological,11.5,30.62,8.03,NA,NA,NA,4.5,1000,0,51.67882714,-128.114958,sand,y,455,se,seagrass,zostera,seagrass_sand,zostera_sand,99.68,9.126599999999999e-159,310,Metazoa,Annelida,Polychaeta,Terebellida,Cirratulidae,Dodecaceria,0,0,TRUE,ASV390,6,NA
edna0045,ASV1038,motu895,Clytia gregaria,Gregarious jellyfish,species,NA,1,NA,NA,NA,4,NA,NA,NA,NA,NA,Clytia gregaria,Gregarious jellyfish,2018_ssp_surface,ssp,beach_seine,2018-07-13,2018-07-12,2018,surface,2,edna_ssp_30,surface,biological,11.5,30.62,8.03,NA,NA,NA,4.5,1000,0,51.67882714,-128.114958,sand,y,455,se,seagrass,zostera,seagrass_sand,zostera_sand,99.68,9.126599999999999e-159,310,Metazoa,Cnidaria,Hydrozoa,Leptothecata,Campanulariidae,Clytia,0,0,TRUE,ASV1038,2,Clytia gregaria
edna0045,ASV1546,motu1303,Chaetognatha,Arrow worm,phylum,NA,1,NA,NA,NA,19,NA,NA,NA,NA,NA,Chaetognatha,Arrow worm,2018_ssp_surface,ssp,beach_seine,2018-07-13,2018-07-12,2018,surface,2,edna_ssp_30,surface,biological,11.5,30.62,8.03,NA,NA,NA,4.5,1000,0,51.67882714,-128.114958,sand,y,455,se,seagrass,zostera,seagrass_sand,zostera_sand,95.02,1.63074e-81,171,Metazoa,Chaetognatha,NA,NA,NA,NA,0,0,TRUE,ASV1546,2,NA
edna0045,ASV1367,motu1153,Cyanea,Lions mane jellyfish species,genus,NA,1,NA,NA,NA,3,NA,NA,NA,NA,NA,Cyanea,Lions mane jellyfish species,2018_ssp_surface,ssp,beach_seine,2018-07-13,2018-07-12,2018,surface,2,edna_ssp_30,surface,biological,11.5,30.62,8.03,NA,NA,NA,4.5,1000,0,51.67882714,-128.114958,sand,y,455,se,seagrass,zostera,seagrass_sand,zostera_sand,100,3.2351099999999996e-158,309,Metazoa,Cnidaria,Scyphozoa,Semaeostomeae,Cyaneidae,Cyanea,0,0,TRUE,ASV1367,2,NA
edna0045,ASV1984,motu1645,Strongylocentrotus purpuratus,Purple sea urchin,species,NA,1,NA,NA,NA,47,NA,NA,NA,NA,NA,Strongylocentrotus purpuratus,Purple sea urchin,2018_ssp_surface,ssp,beach_seine,2018-07-13,2018-07-12,2018,surface,2,edna_ssp_30,surface,biological,11.5,30.62,8.03,NA,NA,NA,4.5,1000,0,51.67882714,-128.114958,sand,y,455,se,seagrass,zostera,seagrass_sand,zostera_sand,100,1.96163e-160,313,Metazoa,Echinodermata,Echinoidea,Camarodonta,Strongylocentrotidae,Strongylocentrotus,0,0,TRUE,ASV1984,1,Strongylocentrotus purpuratus
edna0045,ASV1293,motu1094,Asteriidae,Sea star,family,NA,1,NA,NA,NA,4,NA,NA,NA,NA,NA,Asteriidae,Sea star,2018_ssp_surface,ssp,beach_seine,2018-07-13,2018-07-12,2018,surface,2,edna_ssp_30,surface,biological,11.5,30.62,8.03,NA,NA,NA,4.5,1000,0,51.67882714,-128.114958,sand,y,455,se,seagrass,zostera,seagrass_sand,zostera_sand,100,1.96163e-160,313,Metazoa,Echinodermata,Echinodermata,Forcipulatida,Asteriidae,NA,0,0,TRUE,ASV1293,1,NA
edna0045,ASV1870,motu1556,Dodecaceria,Cirratulid polychaete,genus,NA,1,NA,NA,NA,25,NA,NA,NA,NA,NA,Dodecaceria,Cirratulid polychaete,2018_ssp_surface,ssp,beach_seine,2018-07-13,2018-07-12,2018,surface,2,edna_ssp_30,surface,biological,11.5,30.62,8.03,NA,NA,NA,4.5,1000,0,51.67882714,-128.114958,sand,y,455,se,seagrass,zostera,seagrass_sand,zostera_sand,100,1.96163e-160,313,Metazoa,Annelida,Polychaeta,Terebellida,Cirratulidae,Dodecaceria,0,0,TRUE,ASV1870,5,NA
edna0045,ASV1599,motu1332,Mytilus californianus,California mussel,species,NA,1,NA,NA,NA,8,NA,NA,NA,NA,NA,Mytilus californianus,California mussel,2018_ssp_surface,ssp,beach_seine,2018-07-13,2018-07-12,2018,surface,2,edna_ssp_30,surface,biological,11.5,30.62,8.03,NA,NA,NA,4.5,1000,0,51.67882714,-128.114958,sand,y,455,se,seagrass,zostera,seagrass_sand,zostera_sand,100,3.2351099999999996e-158,309,Metazoa,Mollusca,Bivalvia,Mytilida,Mytilidae,Mytilus,0,0,TRUE,ASV1582,5,Mytilus californianus
edna0045,ASV1831,motu105,Mesocentrotus franciscanus,Red sea urchin,species,NA,1,NA,NA,NA,7,NA,NA,NA,NA,NA,Mesocentrotus franciscanus,Red sea urchin,2018_ssp_surface,ssp,beach_seine,2018-07-13,2018-07-12,2018,surface,2,edna_ssp_30,surface,biological,11.5,30.62,8.03,NA,NA,NA,4.5,1000,0,51.67882714,-128.114958,sand,y,455,se,seagrass,zostera,seagrass_sand,zostera_sand,99.68,1.172079999999999e-157,308,Metazoa,Echinodermata,Echinoidea,Camarodonta,Strongylocentrotidae,Mesocentrotus,0,0,TRUE,ASV118,8,Mesocentrotus franciscanus
edna0045,ASV3534,motu2809,Polypogon,Hexapod,genus,NA,1,NA,NA,NA,3,NA,NA,NA,NA,NA,Polypogon,Hexapod,2018_ssp_surface,ssp,beach_seine,2018-07-13,2018-07-12,2018,surface,2,edna_ssp_30,surface,biological,11.5,30.62,8.03,NA,NA,NA,4.5,1000,0,51.67882714,-128.114958,sand,y,455,se,seagrass,zostera,seagrass_sand,zostera_sand,95.12,6.79151e-6,35,Metazoa,Arthropoda,Arthropoda,Lepidoptera,Noctuoidea,Polypogon,NA,NA,TRUE,ASV3534,1,NA
edna0045,ASV4219,motu1092,Metridium senile,Plumose anemone,species,NA,1,NA,NA,NA,61,NA,NA,NA,NA,NA,Metridium senile,Plumose anemone,2018_ssp_surface,ssp,beach_seine,2018-07-13,2018-07-12,2018,surface,2,edna_ssp_30,surface,biological,11.5,30.62,8.03,NA,NA,NA,4.5,1000,0,51.67882714,-128.114958,sand,y,455,se,seagrass,zostera,seagrass_sand,zostera_sand,99.67,6.925819999999995e-155,303,Metazoa,Cnidaria,Anthozoa,Actiniaria,Metridiidae,Metridium,0,0,TRUE,ASV1291,2,Metridium senile
edna0045,ASV4220,motu71,Acartia (Acartiura) longiremis,Calanoid copepod,species,NA,1,NA,NA,NA,61,NA,NA,NA,NA,NA,Acartia (Acartiura) longiremis,Calanoid copepod,2018_ssp_surface,ssp,beach_seine,2018-07-13,2018-07-12,2018,surface,2,edna_ssp_30,surface,biological,11.5,30.62,8.03,NA,NA,NA,4.5,1000,0,51.67882714,-128.114958,sand,y,455,se,seagrass,zostera,seagrass_sand,zostera_sand,100,1.96163e-160,313,Metazoa,Arthropoda,Copepoda,Calanoida,Acartiidae,Acartia,0,0,TRUE,ASV81,23,Acartia (Acartiura) longiremis
edna0045,ASV2941,motu2370,Axiothella rubrocincta,Bamboo worm,species,NA,1,NA,NA,NA,4,NA,NA,NA,NA,NA,Axiothella rubrocincta,Bamboo worm,2018_ssp_surface,ssp,beach_seine,2018-07-13,2018-07-12,2018,surface,2,edna_ssp_30,surface,biological,11.5,30.62,8.03,NA,NA,NA,4.5,1000,0,51.67882714,-128.114958,sand,y,455,se,seagrass,zostera,seagrass_sand,zostera_sand,100,1.4886099999999998e-156,306,Metazoa,Annelida,Polychaeta,NA,Maldanidae,Axiothella,0,0,TRUE,ASV2941,1,Axiothella rubrocincta
edna0045,ASV2218,motu848,Halosydna brevisetosa,Shortscaled worm,species,NA,1,1,1,NA,51,48,115,NA,NA,76,Halosydna brevisetosa,Shortscaled worm,2018_ssp_surface,ssp,beach_seine,2018-07-13,2018-07-12,2018,surface,2,edna_ssp_30,surface,biological,11.5,30.62,8.03,NA,NA,NA,4.5,1000,0,51.67882714,-128.114958,sand,y,455,se,seagrass,zostera,seagrass_sand,zostera_sand,99.68,9.126599999999999e-159,310,Metazoa,Annelida,Polychaeta,Phyllodocida,Polynoidae,Halosydna,0,0,TRUE,ASV978,4,Halosydna brevisetosa
edna0045,ASV4995,motu2581,Humilaria kennerleyi,Kennerleys venus,species,NA,1,NA,NA,NA,10,NA,NA,NA,NA,NA,Humilaria kennerleyi,Kennerleys venus,2018_ssp_surface,ssp,beach_seine,2018-07-13,2018-07-12,2018,surface,2,edna_ssp_30,surface,biological,11.5,30.62,8.03,NA,NA,NA,4.5,1000,0,51.67882714,-128.114958,sand,y,455,se,seagrass,zostera,seagrass_sand,zostera_sand,99.68,9.126599999999999e-159,310,Metazoa,Mollusca,Bivalvia,Venerida,Veneridae,Humilaria,0,0,TRUE,ASV3224,2,Humilaria kennerleyi
edna0045,ASV5096,motu3923,Pseudocalanus mimus,Calanoid copepod,species,NA,1,NA,NA,NA,34,NA,NA,NA,NA,NA,Pseudocalanus mimus,Calanoid copepod,2018_ssp_surface,ssp,beach_seine,2018-07-13,2018-07-12,2018,surface,2,edna_ssp_30,surface,biological,11.5,30.62,8.03,NA,NA,NA,4.5,1000,0,51.67882714,-128.114958,sand,y,455,se,seagrass,zostera,seagrass_sand,zostera_sand,99.01,1.9895899999999988e-150,295,Metazoa,Arthropoda,Copepoda,Calanoida,Clausocalanidae,Pseudocalanus,0,0,TRUE,ASV5096,1,Pseudocalanus mimus
edna0045,ASV1680,motu1405,Aurelia,Moon jelly species,genus,NA,1,NA,NA,NA,6,NA,NA,NA,NA,NA,Aurelia,Moon jelly species,2018_ssp_surface,ssp,beach_seine,2018-07-13,2018-07-12,2018,surface,2,edna_ssp_30,surface,biological,11.5,30.62,8.03,NA,NA,NA,4.5,1000,0,51.67882714,-128.114958,sand,y,455,se,seagrass,zostera,seagrass_sand,zostera_sand,100,1.96163e-160,313,Metazoa,Cnidaria,Cnidaria,Semaeostomeae,Ulmaridae,Aurelia,0,0,TRUE,ASV1680,1,NA
edna0045,ASV5908,motu3233,Membranipora membranacea,Coffin box bryozoan,species,NA,1,NA,NA,NA,19,NA,NA,NA,NA,NA,Membranipora membranacea,Coffin box bryozoan,2018_ssp_surface,ssp,beach_seine,2018-07-13,2018-07-12,2018,surface,2,edna_ssp_30,surface,biological,11.5,30.62,8.03,NA,NA,NA,4.5,1000,0,51.67882714,-128.114958,sand,y,455,se,seagrass,zostera,seagrass_sand,zostera_sand,100,5.610619999999999e-141,278,Metazoa,Bryozoa,Gymnolaemata,Cheilostomatida,Membraniporidae,Membranipora,0,0,TRUE,ASV4121,4,Membranipora membranacea
edna0045,ASV5518,motu4234,Pseudoscorpiones,Other arachnid,class,NA,1,NA,1,NA,2,NA,3,NA,NA,NA,Pseudoscorpiones,Other arachnid,2018_ssp_surface,ssp,beach_seine,2018-07-13,2018-07-12,2018,surface,2,edna_ssp_30,surface,biological,11.5,30.62,8.03,NA,NA,NA,4.5,1000,0,51.67882714,-128.114958,sand,y,455,se,seagrass,zostera,seagrass_sand,zostera_sand,91.89,1.43404e-17,56,Metazoa,Arthropoda,Arthropoda,NA,NA,NA,NA,NA,TRUE,ASV5518,1,NA
edna0045,ASV7567,motu5932,Neoamphitrite robusta,Sphagetti worm,species,NA,1,NA,NA,NA,3,NA,NA,NA,NA,NA,Neoamphitrite robusta,Sphagetti worm,2018_ssp_surface,ssp,beach_seine,2018-07-13,2018-07-12,2018,surface,2,edna_ssp_30,surface,biological,11.5,30.62,8.03,NA,NA,NA,4.5,1000,0,51.67882714,-128.114958,sand,y,455,se,seagrass,zostera,seagrass_sand,zostera_sand,100,2.0011299999999987e-160,313,Metazoa,Annelida,Polychaeta,Terebellida,Terebellidae,Neoamphitrite,0,0,TRUE,ASV7567,1,Neoamphitrite robusta
edna0046,ASV258,motu228,Lensia,Siphonophore,genus,NA,1,NA,NA,NA,10,NA,NA,NA,NA,NA,Lensia,Siphonophore,2018_ssp_depth,ssp,beach_seine,2018-07-13,2018-07-12,2018,depth,2,edna_ssp_00,depth,biological,10.8,31.21,8.01,NA,NA,NA,4.3,1000,0,51.67909247,-128.1153275,sand,y,455,se,seagrass,zostera,seagrass_sand,zostera_sand,100,0.00408744,30,Metazoa,Cnidaria,Cnidaria,Siphonophorae,Diphyidae,Lensia,0,0,TRUE,ASV258,1,NA
edna0046,ASV233,motu74,Euchlanidae,Rotifer,family,NA,1,NA,NA,NA,24,NA,NA,NA,NA,NA,No Results,No Results,2018_ssp_depth,ssp,beach_seine,2018-07-13,2018-07-12,2018,depth,2,edna_ssp_00,depth,biological,10.8,31.21,8.01,NA,NA,NA,4.3,1000,0,51.67909247,-128.1153275,sand,y,455,se,seagrass,zostera,seagrass_sand,zostera_sand,91.35,3.005919999999998e-29,77,Metazoa,Rotifera,Rotifera,Ploima,Euchlanidae,NA,1,NA,TRUE,ASV84,2,NA
edna0046,ASV452,motu183,Euchlanidae,Rotifer,family,NA,1,NA,NA,NA,43,NA,NA,NA,NA,NA,No Results,No Results,2018_ssp_depth,ssp,beach_seine,2018-07-13,2018-07-12,2018,depth,2,edna_ssp_00,depth,biological,10.8,31.21,8.01,NA,NA,NA,4.3,1000,0,51.67909247,-128.1153275,sand,y,455,se,seagrass,zostera,seagrass_sand,zostera_sand,91.35,3.005919999999998e-29,77,Metazoa,Rotifera,Rotifera,Ploima,Euchlanidae,NA,1,NA,TRUE,ASV208,2,NA
edna0046,ASV324,motu285,Paracalanus parvus parvus,Calanoid copepod,species,NA,1,NA,NA,NA,4,NA,NA,NA,NA,NA,Paracalanus parvus parvus,Calanoid copepod,2018_ssp_depth,ssp,beach_seine,2018-07-13,2018-07-12,2018,depth,2,edna_ssp_00,depth,biological,10.8,31.21,8.01,NA,NA,NA,4.3,1000,0,51.67909247,-128.1153275,sand,y,455,se,seagrass,zostera,seagrass_sand,zostera_sand,100,1.17454e-132,263,Metazoa,Arthropoda,Copepoda,Calanoida,Paracalanidae,Paracalanus,0,0,TRUE,ASV324,6,Paracalanus parvus parvus
edna0046,ASV595,motu522,Cecidomyiidae,Hexapod,genus,NA,1,NA,NA,NA,18,NA,NA,NA,NA,NA,Cecidomyiidae,Hexapod,2018_ssp_depth,ssp,beach_seine,2018-07-13,2018-07-12,2018,depth,2,edna_ssp_00,depth,biological,10.8,31.21,8.01,NA,NA,NA,4.3,1000,0,51.67909247,-128.1153275,sand,y,455,se,seagrass,zostera,seagrass_sand,zostera_sand,100,0.00408744,30,Metazoa,Arthropoda,Arthropoda,Diptera,Cecidomyiidae,Cecidomyiidae,NA,NA,TRUE,ASV595,1,NA
edna0046,ASV750,motu654,Orobdella,Freshwater leech,genus,NA,1,NA,1,NA,4,NA,NA,NA,NA,9,Orobdella,Freshwater leech,2018_ssp_depth,ssp,beach_seine,2018-07-13,2018-07-12,2018,depth,2,edna_ssp_00,depth,biological,10.8,31.21,8.01,NA,NA,NA,4.3,1000,0,51.67909247,-128.1153275,sand,y,455,se,seagrass,zostera,seagrass_sand,zostera_sand,97.06,0.00121031,31,Metazoa,Annelida,Annelida,Erpobdelliformes,Orobdellidae,Orobdella,NA,NA,TRUE,ASV750,1,NA
edna0046,ASV1482,motu118,Mesocentrotus franciscanus,Red sea urchin,species,NA,1,NA,NA,NA,4,NA,NA,NA,NA,NA,Mesocentrotus franciscanus,Red sea urchin,2018_ssp_depth,ssp,beach_seine,2018-07-13,2018-07-12,2018,depth,2,edna_ssp_00,depth,biological,10.8,31.21,8.01,NA,NA,NA,4.3,1000,0,51.67909247,-128.1153275,sand,y,455,se,seagrass,zostera,seagrass_sand,zostera_sand,100,1.96163e-160,313,Metazoa,Echinodermata,Echinoidea,Camarodonta,Strongylocentrotidae,Mesocentrotus,0,0,TRUE,ASV132,8,Mesocentrotus franciscanus
edna0046,ASV1546,motu1303,Chaetognatha,Arrow worm,phylum,NA,1,NA,NA,NA,9,NA,NA,NA,NA,NA,Chaetognatha,Arrow worm,2018_ssp_depth,ssp,beach_seine,2018-07-13,2018-07-12,2018,depth,2,edna_ssp_00,depth,biological,10.8,31.21,8.01,NA,NA,NA,4.3,1000,0,51.67909247,-128.1153275,sand,y,455,se,seagrass,zostera,seagrass_sand,zostera_sand,95.02,1.63074e-81,171,Metazoa,Chaetognatha,NA,NA,NA,NA,0,0,TRUE,ASV1546,2,NA
edna0046,ASV1040,motu897,Oithona similis,Cyclopoid copepod,species,NA,1,NA,NA,NA,2,NA,NA,NA,NA,NA,Oithona similis,Cyclopoid copepod,2018_ssp_depth,ssp,beach_seine,2018-07-13,2018-07-12,2018,depth,2,edna_ssp_00,depth,biological,10.8,31.21,8.01,NA,NA,NA,4.3,1000,0,51.67909247,-128.1153275,sand,y,455,se,seagrass,zostera,seagrass_sand,zostera_sand,96.17,2.0179399999999996e-140,277,Metazoa,Arthropoda,Copepoda,Cyclopoida,Oithonidae,Oithona,0,0,TRUE,ASV1040,1,Oithona similis
edna0046,ASV1808,motu1310,Metridia pacifica,Calanoid copepod,species,NA,1,NA,1,NA,9,NA,13,NA,NA,NA,Metridia pacifica,Calanoid copepod,2018_ssp_depth,ssp,beach_seine,2018-07-13,2018-07-12,2018,depth,2,edna_ssp_00,depth,biological,10.8,31.21,8.01,NA,NA,NA,4.3,1000,0,51.67909247,-128.1153275,sand,y,455,se,seagrass,zostera,seagrass_sand,zostera_sand,100,1.96163e-160,313,Metazoa,Arthropoda,Copepoda,Calanoida,Metridinidae,Metridia,0,0,TRUE,ASV1555,6,Metridia pacifica
edna0046,ASV2426,motu1978,Paleanotus bellis,Golden petal worm,species,NA,1,NA,NA,NA,8,NA,NA,NA,NA,NA,Paleanotus bellis,Golden petal worm,2018_ssp_depth,ssp,beach_seine,2018-07-13,2018-07-12,2018,depth,2,edna_ssp_00,depth,biological,10.8,31.21,8.01,NA,NA,NA,4.3,1000,0,51.67909247,-128.1153275,sand,y,455,se,seagrass,zostera,seagrass_sand,zostera_sand,100,3.2351099999999996e-158,309,Metazoa,Annelida,Polychaeta,Phyllodocida,Chrysopetalidae,Paleanotus,0,0,TRUE,ASV2426,2,Paleanotus bellis
edna0046,ASV1337,motu1130,Dodecaceria,Cirratulid polychaete,genus,NA,1,1,NA,NA,165,103,NA,NA,NA,NA,Dodecaceria,Cirratulid polychaete,2018_ssp_depth,ssp,beach_seine,2018-07-13,2018-07-12,2018,depth,2,edna_ssp_00,depth,biological,10.8,31.21,8.01,NA,NA,NA,4.3,1000,0,51.67909247,-128.1153275,sand,y,455,se,seagrass,zostera,seagrass_sand,zostera_sand,100,2.51921e-159,311,Metazoa,Annelida,Polychaeta,Terebellida,Cirratulidae,Dodecaceria,0,0,TRUE,ASV1337,1,NA
edna0046,ASV1755,motu1466,Siphonenteron,Ribbon worm,genus,NA,1,NA,1,NA,18,NA,21,NA,NA,15,Siphonenteron,Ribbon worm,2018_ssp_depth,ssp,beach_seine,2018-07-13,2018-07-12,2018,depth,2,edna_ssp_00,depth,biological,10.8,31.21,8.01,NA,NA,NA,4.3,1000,0,51.67909247,-128.1153275,sand,y,455,se,seagrass,zostera,seagrass_sand,zostera_sand,100,1.96163e-160,313,Metazoa,Nemertea,Pilidiophora,Heteronemertea,Lineidae,Siphonenteron,0,0,TRUE,ASV1755,2,NA
edna0046,ASV1654,motu1388,Paleanotus bellis,Golden petal worm,species,NA,1,NA,1,NA,11,NA,9,10,NA,10,Paleanotus bellis,Golden petal worm,2018_ssp_depth,ssp,beach_seine,2018-07-13,2018-07-12,2018,depth,2,edna_ssp_00,depth,biological,10.8,31.21,8.01,NA,NA,NA,4.3,1000,0,51.67909247,-128.1153275,sand,y,455,se,seagrass,zostera,seagrass_sand,zostera_sand,100,3.2351099999999996e-158,309,Metazoa,Annelida,Polychaeta,Phyllodocida,Chrysopetalidae,Paleanotus,0,0,TRUE,ASV1654,4,Paleanotus bellis
edna0046,ASV1408,motu343,Dodecaceria,Cirratulid polychaete,genus,NA,1,NA,1,NA,140,NA,127,NA,NA,NA,Dodecaceria,Cirratulid polychaete,2018_ssp_depth,ssp,beach_seine,2018-07-13,2018-07-12,2018,depth,2,edna_ssp_00,depth,biological,10.8,31.21,8.01,NA,NA,NA,4.3,1000,0,51.67909247,-128.1153275,sand,y,455,se,seagrass,zostera,seagrass_sand,zostera_sand,100,7.02982e-160,312,Metazoa,Annelida,Polychaeta,Terebellida,Cirratulidae,Dodecaceria,0,0,TRUE,ASV390,6,NA
edna0046,ASV3159,motu470,Paracalanus,Calanoid copepod,genus,NA,1,NA,NA,NA,8,NA,NA,NA,NA,NA,Paracalanus parvus parvus,Calanoid copepod,2018_ssp_depth,ssp,beach_seine,2018-07-13,2018-07-12,2018,depth,2,edna_ssp_00,depth,biological,10.8,31.21,8.01,NA,NA,NA,4.3,1000,0,51.67909247,-128.1153275,sand,y,455,se,seagrass,zostera,seagrass_sand,zostera_sand,99.34,5.31212e-151,296,Metazoa,Arthropoda,Arthropoda,Calanoida,Paracalanidae,Paracalanus,0,0,TRUE,ASV536,6,NA
edna0046,ASV2941,motu2370,Axiothella rubrocincta,Bamboo worm,species,NA,1,NA,1,NA,3,NA,NA,NA,NA,4,Axiothella rubrocincta,Bamboo worm,2018_ssp_depth,ssp,beach_seine,2018-07-13,2018-07-12,2018,depth,2,edna_ssp_00,depth,biological,10.8,31.21,8.01,NA,NA,NA,4.3,1000,0,51.67909247,-128.1153275,sand,y,455,se,seagrass,zostera,seagrass_sand,zostera_sand,100,1.4886099999999998e-156,306,Metazoa,Annelida,Polychaeta,NA,Maldanidae,Axiothella,0,0,TRUE,ASV2941,1,Axiothella rubrocincta
edna0046,ASV3252,motu2600,Manania handi,Stalked jellyfish,species,NA,1,NA,NA,NA,4,NA,NA,NA,NA,NA,Manania handi,Stalked jellyfish,2018_ssp_depth,ssp,beach_seine,2018-07-13,2018-07-12,2018,depth,2,edna_ssp_00,depth,biological,10.8,31.21,8.01,NA,NA,NA,4.3,1000,0,51.67909247,-128.1153275,sand,y,455,se,seagrass,zostera,seagrass_sand,zostera_sand,100,3.2351099999999996e-158,309,Metazoa,Cnidaria,Cnidaria,Stauromedusae,Haliclystidae,Manania,0,0,TRUE,ASV3252,2,Manania handi
edna0046,ASV2643,motu2145,Manania handi,Stalked jellyfish,species,NA,1,1,NA,NA,3,3,NA,NA,NA,NA,Manania handi,Stalked jellyfish,2018_ssp_depth,ssp,beach_seine,2018-07-13,2018-07-12,2018,depth,2,edna_ssp_00,depth,biological,10.8,31.21,8.01,NA,NA,NA,4.3,1000,0,51.67909247,-128.1153275,sand,y,455,se,seagrass,zostera,seagrass_sand,zostera_sand,100,3.2351099999999996e-158,309,Metazoa,Cnidaria,Cnidaria,Stauromedusae,Haliclystidae,Manania,0,0,TRUE,ASV2643,1,Manania handi
edna0046,ASV3586,motu2841,Membranipora membranacea,Coffin box bryozoan,species,NA,1,1,NA,NA,7,3,NA,NA,NA,NA,Membranipora membranacea,Coffin box bryozoan,2018_ssp_depth,ssp,beach_seine,2018-07-13,2018-07-12,2018,depth,2,edna_ssp_00,depth,biological,10.8,31.21,8.01,NA,NA,NA,4.3,1000,0,51.67909247,-128.1153275,sand,y,455,se,seagrass,zostera,seagrass_sand,zostera_sand,99.64,7.2578e-140,276,Metazoa,Bryozoa,Gymnolaemata,Cheilostomatida,Membraniporidae,Membranipora,0,0,TRUE,ASV3586,2,Membranipora membranacea
edna0046,ASV3401,motu2703,Arctonoe pulchra,Red commensal scale worm,species,NA,1,NA,NA,NA,4,NA,NA,NA,NA,NA,Arctonoe pulchra,Red commensal scale worm,2018_ssp_depth,ssp,beach_seine,2018-07-13,2018-07-12,2018,depth,2,edna_ssp_00,depth,biological,10.8,31.21,8.01,NA,NA,NA,4.3,1000,0,51.67909247,-128.1153275,sand,y,455,se,seagrass,zostera,seagrass_sand,zostera_sand,100,2.4540699999999983e-154,302,Metazoa,Annelida,Polychaeta,Phyllodocida,Polynoidae,Arctonoe,0,0,TRUE,ASV3401,1,Arctonoe pulchra
edna0046,ASV5156,motu3968,Arctonoe pulchra,Red commensal scale worm,species,NA,1,NA,NA,NA,6,NA,NA,NA,NA,NA,Arctonoe pulchra,Red commensal scale worm,2018_ssp_depth,ssp,beach_seine,2018-07-13,2018-07-12,2018,depth,2,edna_ssp_00,depth,biological,10.8,31.21,8.01,NA,NA,NA,4.3,1000,0,51.67909247,-128.1153275,sand,y,455,se,seagrass,zostera,seagrass_sand,zostera_sand,100,2.4540699999999983e-154,302,Metazoa,Annelida,Polychaeta,Phyllodocida,Polynoidae,Arctonoe,0,0,TRUE,ASV5156,1,Arctonoe pulchra
edna0046,ASV1451,motu796,Panopea generosa,Pacific geoduck,species,NA,1,NA,1,NA,9,NA,NA,12,NA,NA,Panopea generosa,Pacific geoduck,2018_ssp_depth,ssp,beach_seine,2018-07-13,2018-07-12,2018,depth,2,edna_ssp_00,depth,biological,10.8,31.21,8.01,NA,NA,NA,4.3,1000,0,51.67909247,-128.1153275,sand,y,455,se,seagrass,zostera,seagrass_sand,zostera_sand,100,7.02982e-160,312,Metazoa,Mollusca,Bivalvia,Adapedonta,Hiatellidae,Panopea,0,0,TRUE,ASV916,4,Panopea generosa
edna0046,ASV3903,motu3067,Potential chimera,Potential chimera,species,NA,1,1,NA,NA,3,2,NA,NA,NA,NA,Potential chimera,Potential chimera,2018_ssp_depth,ssp,beach_seine,2018-07-13,2018-07-12,2018,depth,2,edna_ssp_00,depth,biological,10.8,31.21,8.01,NA,NA,NA,4.3,1000,0,51.67909247,-128.1153275,sand,y,455,se,seagrass,zostera,seagrass_sand,zostera_sand,94.44,0.00380707,30,Metazoa,Arthropoda,Arthropoda,Decapoda,NA,NA,0,0,TRUE,ASV3903,1,Potential chimera
edna0046,ASV2885,motu2332,Strongylocentrotus purpuratus,Purple sea urchin,species,NA,1,1,1,NA,24,22,NA,31,NA,NA,Strongylocentrotus purpuratus,Purple sea urchin,2018_ssp_depth,ssp,beach_seine,2018-07-13,2018-07-12,2018,depth,2,edna_ssp_00,depth,biological,10.8,31.21,8.01,NA,NA,NA,4.3,1000,0,51.67909247,-128.1153275,sand,y,455,se,seagrass,zostera,seagrass_sand,zostera_sand,99.04,1.97556e-155,304,Metazoa,Echinodermata,Echinoidea,Camarodonta,Strongylocentrotidae,Strongylocentrotus,0,0,TRUE,ASV2885,1,Strongylocentrotus purpuratus
edna0047,ASV25,motu22,Acartia (Acartiura) longiremis,Calanoid copepod,species,NA,1,NA,1,NA,43,NA,129,134,NA,NA,Acartia (Acartiura) longiremis,Calanoid copepod,2018_ssp_surface,ssp,beach_seine,2018-07-13,2018-07-12,2018,surface,3,edna_ssp_15,surface,biological,11,31,8.01,NA,NA,NA,4.3,1000,0,51.67894579,-128.115172,sand,y,455,se,seagrass,zostera,seagrass_sand,zostera_sand,100,1.96163e-160,313,Metazoa,Arthropoda,Copepoda,Calanoida,Acartiidae,Acartia,0,0,TRUE,ASV25,27,Acartia (Acartiura) longiremis
edna0047,ASV258,motu228,Lensia,Siphonophore,genus,NA,1,NA,NA,NA,12,NA,NA,NA,NA,NA,Lensia,Siphonophore,2018_ssp_surface,ssp,beach_seine,2018-07-13,2018-07-12,2018,surface,3,edna_ssp_15,surface,biological,11,31,8.01,NA,NA,NA,4.3,1000,0,51.67894579,-128.115172,sand,y,455,se,seagrass,zostera,seagrass_sand,zostera_sand,100,0.00408744,30,Metazoa,Cnidaria,Cnidaria,Siphonophorae,Diphyidae,Lensia,0,0,TRUE,ASV258,1,NA
edna0047,ASV343,motu303,Pseudocalanus mimus,Calanoid copepod,species,NA,1,NA,NA,NA,52,NA,NA,NA,NA,NA,Pseudocalanus mimus,Calanoid copepod,2018_ssp_surface,ssp,beach_seine,2018-07-13,2018-07-12,2018,surface,3,edna_ssp_15,surface,biological,11,31,8.01,NA,NA,NA,4.3,1000,0,51.67894579,-128.115172,sand,y,455,se,seagrass,zostera,seagrass_sand,zostera_sand,99.67,9.19139e-154,301,Metazoa,Arthropoda,Copepoda,Calanoida,Clausocalanidae,Pseudocalanus,0,0,TRUE,ASV343,11,Pseudocalanus mimus
edna0047,ASV307,motu118,Mesocentrotus franciscanus,Red sea urchin,species,NA,1,NA,1,NA,15,NA,NA,NA,NA,25,Mesocentrotus franciscanus,Red sea urchin,2018_ssp_surface,ssp,beach_seine,2018-07-13,2018-07-12,2018,surface,3,edna_ssp_15,surface,biological,11,31,8.01,NA,NA,NA,4.3,1000,0,51.67894579,-128.115172,sand,y,455,se,seagrass,zostera,seagrass_sand,zostera_sand,100,7.02982e-160,312,Metazoa,Echinodermata,Echinoidea,Camarodonta,Strongylocentrotidae,Mesocentrotus,0,0,TRUE,ASV132,8,Mesocentrotus franciscanus
edna0047,ASV171,motu150,Pseudocalanus mimus,Calanoid copepod,species,NA,1,1,NA,NA,59,38,NA,NA,NA,NA,Pseudocalanus mimus,Calanoid copepod,2018_ssp_surface,ssp,beach_seine,2018-07-13,2018-07-12,2018,surface,3,edna_ssp_15,surface,biological,11,31,8.01,NA,NA,NA,4.3,1000,0,51.67894579,-128.115172,sand,y,455,se,seagrass,zostera,seagrass_sand,zostera_sand,99.67,9.19139e-154,301,Metazoa,Arthropoda,Copepoda,Calanoida,Clausocalanidae,Pseudocalanus,0,0,TRUE,ASV171,10,Pseudocalanus mimus
edna0047,ASV233,motu74,Euchlanidae,Rotifer,family,NA,1,NA,1,NA,32,NA,37,NA,NA,NA,No Results,No Results,2018_ssp_surface,ssp,beach_seine,2018-07-13,2018-07-12,2018,surface,3,edna_ssp_15,surface,biological,11,31,8.01,NA,NA,NA,4.3,1000,0,51.67894579,-128.115172,sand,y,455,se,seagrass,zostera,seagrass_sand,zostera_sand,91.35,3.005919999999998e-29,77,Metazoa,Rotifera,Rotifera,Ploima,Euchlanidae,NA,1,NA,TRUE,ASV84,2,NA
edna0047,ASV226,motu199,Mytilus trossulus,Bay mussel,species,NA,1,NA,NA,NA,37,NA,NA,NA,NA,NA,Mytilus trossulus,Bay mussel,2018_ssp_surface,ssp,beach_seine,2018-07-13,2018-07-12,2018,surface,3,edna_ssp_15,surface,biological,11,31,8.01,NA,NA,NA,4.3,1000,0,51.67894579,-128.115172,sand,y,455,se,seagrass,zostera,seagrass_sand,zostera_sand,100,3.2351099999999996e-158,309,Metazoa,Mollusca,Mollusca,Mytilida,Mytilidae,Mytilus,0,0,TRUE,ASV226,18,Mytilus trossulus
edna0047,ASV336,motu296,Pseudocalanus newmani,Calanoid copepod,species,NA,1,NA,1,NA,27,NA,NA,NA,NA,34,Pseudocalanus newmani,Calanoid copepod,2018_ssp_surface,ssp,beach_seine,2018-07-13,2018-07-12,2018,surface,3,edna_ssp_15,surface,biological,11,31,8.01,NA,NA,NA,4.3,1000,0,51.67894579,-128.115172,sand,y,455,se,seagrass,zostera,seagrass_sand,zostera_sand,100,1.96163e-160,313,Metazoa,Arthropoda,Copepoda,Calanoida,Clausocalanidae,Pseudocalanus,0,0,TRUE,ASV336,4,Pseudocalanus newmani
edna0047,ASV324,motu285,Paracalanus parvus parvus,Calanoid copepod,species,NA,1,NA,1,NA,4,NA,5,6,NA,NA,Paracalanus parvus parvus,Calanoid copepod,2018_ssp_surface,ssp,beach_seine,2018-07-13,2018-07-12,2018,surface,3,edna_ssp_15,surface,biological,11,31,8.01,NA,NA,NA,4.3,1000,0,51.67894579,-128.115172,sand,y,455,se,seagrass,zostera,seagrass_sand,zostera_sand,100,1.17454e-132,263,Metazoa,Arthropoda,Copepoda,Calanoida,Paracalanidae,Paracalanus,0,0,TRUE,ASV324,6,Paracalanus parvus parvus
edna0047,ASV354,motu313,Mitrocoma cellularia,Cross jelly,species,NA,1,NA,NA,NA,8,NA,NA,NA,NA,NA,Mitrocoma cellularia,Cross jelly,2018_ssp_surface,ssp,beach_seine,2018-07-13,2018-07-12,2018,surface,3,edna_ssp_15,surface,biological,11,31,8.01,NA,NA,NA,4.3,1000,0,51.67894579,-128.115172,sand,y,455,se,seagrass,zostera,seagrass_sand,zostera_sand,100,1.4886099999999998e-156,306,Metazoa,Cnidaria,Hydrozoa,Leptothecata,Mitrocomidae,Mitrocoma,0,0,TRUE,ASV354,2,Mitrocoma cellularia
edna0047,ASV603,motu529,Ophiopholis kennerlyi,Daisy brittle star,species,NA,1,NA,NA,NA,4,NA,NA,NA,NA,NA,Ophiopholis kennerlyi,Daisy brittle star,2018_ssp_surface,ssp,beach_seine,2018-07-13,2018-07-12,2018,surface,3,edna_ssp_15,surface,biological,11,31,8.01,NA,NA,NA,4.3,1000,0,51.67894579,-128.115172,sand,y,455,se,seagrass,zostera,seagrass_sand,zostera_sand,100,1.96163e-160,313,Metazoa,Echinodermata,Echinodermata,Amphilepidida,Ophiopholidae,Ophiopholis,0,0,TRUE,ASV603,6,Ophiopholis kennerlyi
edna0047,ASV616,motu537,Mitrocoma cellularia,Cross jelly,species,NA,1,NA,NA,NA,8,NA,NA,NA,NA,NA,Mitrocoma cellularia,Cross jelly,2018_ssp_surface,ssp,beach_seine,2018-07-13,2018-07-12,2018,surface,3,edna_ssp_15,surface,biological,11,31,8.01,NA,NA,NA,4.3,1000,0,51.67894579,-128.115172,sand,y,455,se,seagrass,zostera,seagrass_sand,zostera_sand,100,1.4886099999999998e-156,306,Metazoa,Cnidaria,Hydrozoa,Leptothecata,Mitrocomidae,Mitrocoma,0,0,TRUE,ASV616,6,Mitrocoma cellularia
edna0047,ASV398,motu350,Synchaeta pectinata,Rotifer,species,NA,1,NA,NA,NA,11,NA,NA,NA,NA,NA,Synchaeta pectinata,Rotifer,2018_ssp_surface,ssp,beach_seine,2018-07-13,2018-07-12,2018,surface,3,edna_ssp_15,surface,biological,11,31,8.01,NA,NA,NA,4.3,1000,0,51.67894579,-128.115172,sand,y,455,se,seagrass,zostera,seagrass_sand,zostera_sand,90.48,1.6452299999999999e-111,225,Metazoa,Rotifera,Eurotatoria,Ploima,Synchaetidae,Synchaeta,0,0,TRUE,ASV398,4,Synchaeta pectinata
edna0047,ASV377,motu334,Synchaeta pectinata,Rotifer,species,NA,1,NA,NA,NA,14,NA,NA,NA,NA,NA,Synchaeta pectinata,Rotifer,2018_ssp_surface,ssp,beach_seine,2018-07-13,2018-07-12,2018,surface,3,edna_ssp_15,surface,biological,11,31,8.01,NA,NA,NA,4.3,1000,0,51.67894579,-128.115172,sand,y,455,se,seagrass,zostera,seagrass_sand,zostera_sand,90.48,1.6452299999999999e-111,225,Metazoa,Rotifera,Eurotatoria,Ploima,Synchaetidae,Synchaeta,0,0,TRUE,ASV377,5,Synchaeta pectinata
edna0047,ASV320,motu281,Pseudocalanus newmani,Calanoid copepod,species,NA,1,1,1,NA,32,17,20,39,NA,35,Pseudocalanus newmani,Calanoid copepod,2018_ssp_surface,ssp,beach_seine,2018-07-13,2018-07-12,2018,surface,3,edna_ssp_15,surface,biological,11,31,8.01,NA,NA,NA,4.3,1000,0,51.67894579,-128.115172,sand,y,455,se,seagrass,zostera,seagrass_sand,zostera_sand,100,1.96163e-160,313,Metazoa,Arthropoda,Copepoda,Calanoida,Clausocalanidae,Pseudocalanus,0,0,TRUE,ASV320,6,Pseudocalanus newmani
edna0047,ASV865,motu753,Parastenocarididae,Harpacticoid copepod,family,NA,1,NA,NA,NA,11,NA,NA,NA,NA,NA,Parastenocarididae,Harpacticoid copepod,2018_ssp_surface,ssp,beach_seine,2018-07-13,2018-07-12,2018,surface,3,edna_ssp_15,surface,biological,11,31,8.01,NA,NA,NA,4.3,1000,0,51.67894579,-128.115172,sand,y,455,se,seagrass,zostera,seagrass_sand,zostera_sand,94.59,0.00408744,30,Metazoa,Arthropoda,Arthropoda,Harpacticoida,Parastenocarididae,NA,1,0,TRUE,ASV865,1,NA
edna0047,ASV559,motu492,Eupolymnia heterobranchia,Brown intertidal spaghetti worm,species,NA,1,NA,1,NA,4,NA,NA,10,NA,7,Eupolymnia heterobranchia,Brown intertidal spaghetti worm,2018_ssp_surface,ssp,beach_seine,2018-07-13,2018-07-12,2018,surface,3,edna_ssp_15,surface,biological,11,31,8.01,NA,NA,NA,4.3,1000,0,51.67894579,-128.115172,sand,y,455,se,seagrass,zostera,seagrass_sand,zostera_sand,100,1.4886099999999998e-156,306,Metazoa,Annelida,Polychaeta,Terebellida,Terebellidae,Eupolymnia,0,0,TRUE,ASV559,3,Eupolymnia heterobranchia
edna0047,ASV780,motu679,Aequorea,Crystal jelly species,genus,NA,1,NA,NA,NA,3,NA,NA,NA,NA,NA,Aequorea,Crystal jelly species,2018_ssp_surface,ssp,beach_seine,2018-07-13,2018-07-12,2018,surface,3,edna_ssp_15,surface,biological,11,31,8.01,NA,NA,NA,4.3,1000,0,51.67894579,-128.115172,sand,y,455,se,seagrass,zostera,seagrass_sand,zostera_sand,100,1.4886099999999998e-156,306,Metazoa,Cnidaria,Hydrozoa,Leptothecata,Aequoreidae,Aequorea,0,0,TRUE,ASV780,4,NA
edna0047,ASV624,motu544,Halosydna brevisetosa,Shortscaled worm,species,NA,1,NA,NA,NA,5,NA,NA,NA,NA,NA,Halosydna brevisetosa,Shortscaled worm,2018_ssp_surface,ssp,beach_seine,2018-07-13,2018-07-12,2018,surface,3,edna_ssp_15,surface,biological,11,31,8.01,NA,NA,NA,4.3,1000,0,51.67894579,-128.115172,sand,y,455,se,seagrass,zostera,seagrass_sand,zostera_sand,100,1.96163e-160,313,Metazoa,Annelida,Polychaeta,Phyllodocida,Polynoidae,Halosydna,0,0,TRUE,ASV624,4,Halosydna brevisetosa
edna0047,ASV920,motu800,Polymorphidae,Thorny headed worm,family,NA,1,NA,NA,NA,5,NA,NA,NA,NA,NA,Polymorphidae,Thorny headed worm,2018_ssp_surface,ssp,beach_seine,2018-07-13,2018-07-12,2018,surface,3,edna_ssp_15,surface,biological,11,31,8.01,NA,NA,NA,4.3,1000,0,51.67894579,-128.115172,sand,y,455,se,seagrass,zostera,seagrass_sand,zostera_sand,94.87,8.37307e-5,33,Metazoa,Acanthocephala,Acanthocephala,Polymorphida,Polymorphidae,NA,0,0,TRUE,ASV920,3,NA
edna0047,ASV1531,motu1291,Halosydna brevisetosa,Shortscaled worm,species,NA,1,NA,NA,NA,6,NA,NA,NA,NA,NA,Halosydna brevisetosa,Shortscaled worm,2018_ssp_surface,ssp,beach_seine,2018-07-13,2018-07-12,2018,surface,3,edna_ssp_15,surface,biological,11,31,8.01,NA,NA,NA,4.3,1000,0,51.67894579,-128.115172,sand,y,455,se,seagrass,zostera,seagrass_sand,zostera_sand,100,1.96163e-160,313,Metazoa,Annelida,Polychaeta,Phyllodocida,Polynoidae,Halosydna,0,0,TRUE,ASV1531,1,Halosydna brevisetosa
edna0047,ASV1291,motu1092,Metridium senile,Plumose anemone,species,NA,1,NA,1,NA,22,NA,8,NA,NA,15,Metridium senile,Plumose anemone,2018_ssp_surface,ssp,beach_seine,2018-07-13,2018-07-12,2018,surface,3,edna_ssp_15,surface,biological,11,31,8.01,NA,NA,NA,4.3,1000,0,51.67894579,-128.115172,sand,y,455,se,seagrass,zostera,seagrass_sand,zostera_sand,100,1.4886099999999998e-156,306,Metazoa,Cnidaria,Anthozoa,Actiniaria,Metridiidae,Metridium,0,0,TRUE,ASV1291,2,Metridium senile
edna0047,ASV1443,motu1220,Orobdella,Freshwater leech,genus,NA,1,NA,NA,NA,7,NA,NA,NA,NA,NA,Orobdella,Freshwater leech,2018_ssp_surface,ssp,beach_seine,2018-07-13,2018-07-12,2018,surface,3,edna_ssp_15,surface,biological,11,31,8.01,NA,NA,NA,4.3,1000,0,51.67894579,-128.115172,sand,y,455,se,seagrass,zostera,seagrass_sand,zostera_sand,97.06,0.0011939,31,Metazoa,Annelida,Annelida,Erpobdelliformes,Orobdellidae,Orobdella,NA,NA,TRUE,ASV1443,1,NA
edna0047,ASV2582,motu1556,Dodecaceria,Cirratulid polychaete,genus,NA,1,NA,NA,NA,20,NA,NA,NA,NA,NA,Dodecaceria,Cirratulid polychaete,2018_ssp_surface,ssp,beach_seine,2018-07-13,2018-07-12,2018,surface,3,edna_ssp_15,surface,biological,11,31,8.01,NA,NA,NA,4.3,1000,0,51.67894579,-128.115172,sand,y,455,se,seagrass,zostera,seagrass_sand,zostera_sand,100,1.96163e-160,313,Metazoa,Annelida,Polychaeta,Terebellida,Cirratulidae,Dodecaceria,0,0,TRUE,ASV1870,5,NA
edna0047,ASV2720,motu1832,Phascolosoma (Phascolosoma) agassizii,Agassiz peanut worm,species,NA,1,NA,NA,NA,15,NA,NA,NA,NA,NA,Phascolosoma (Phascolosoma) agassizii,Agassiz peanut worm,2018_ssp_surface,ssp,beach_seine,2018-07-13,2018-07-12,2018,surface,3,edna_ssp_15,surface,biological,11,31,8.01,NA,NA,NA,4.3,1000,0,51.67894579,-128.115172,sand,y,455,se,seagrass,zostera,seagrass_sand,zostera_sand,100,1.96163e-160,313,Metazoa,Annelida,NA,Sipuncula,Phascolosomatidae,Phascolosoma,0,0,TRUE,ASV2222,2,Phascolosoma (Phascolosoma) agassizii
edna0047,ASV3356,motu2675,Chaetognatha,Arrow worm,phylum,NA,1,NA,NA,NA,8,NA,NA,NA,NA,NA,Chaetognatha,Arrow worm,2018_ssp_surface,ssp,beach_seine,2018-07-13,2018-07-12,2018,surface,3,edna_ssp_15,surface,biological,11,31,8.01,NA,NA,NA,4.3,1000,0,51.67894579,-128.115172,sand,y,455,se,seagrass,zostera,seagrass_sand,zostera_sand,98.01,1.6078299999999998e-91,189,Metazoa,Chaetognatha,NA,NA,NA,NA,0,0,TRUE,ASV3356,1,NA
edna0047,ASV2821,motu2282,Dodecaceria,Cirratulid polychaete,genus,NA,1,1,NA,NA,90,78,NA,NA,NA,NA,Dodecaceria,Cirratulid polychaete,2018_ssp_surface,ssp,beach_seine,2018-07-13,2018-07-12,2018,surface,3,edna_ssp_15,surface,biological,11,31,8.01,NA,NA,NA,4.3,1000,0,51.67894579,-128.115172,sand,y,455,se,seagrass,zostera,seagrass_sand,zostera_sand,100,2.51921e-159,311,Metazoa,Annelida,Polychaeta,Terebellida,Cirratulidae,Dodecaceria,0,0,TRUE,ASV2821,1,NA
edna0047,ASV2773,motu2242,Diplostomida,Flatworm,order,NA,1,NA,NA,NA,6,NA,NA,NA,NA,NA,Diplostomida,Flatworm,2018_ssp_surface,ssp,beach_seine,2018-07-13,2018-07-12,2018,surface,3,edna_ssp_15,surface,biological,11,31,8.01,NA,NA,NA,4.3,1000,0,51.67894579,-128.115172,sand,y,455,se,seagrass,zostera,seagrass_sand,zostera_sand,96.88,0.0144888,29,Metazoa,Platyhelminthes,Platyhelminthes,Diplostomida,NA,NA,0,0,TRUE,ASV2773,1,NA
edna0047,ASV1319,motu1116,Clytia gregaria,Gregarious jellyfish,species,NA,1,NA,NA,NA,5,NA,NA,NA,NA,NA,Clytia gregaria,Gregarious jellyfish,2018_ssp_surface,ssp,beach_seine,2018-07-13,2018-07-12,2018,surface,3,edna_ssp_15,surface,biological,11,31,8.01,NA,NA,NA,4.3,1000,0,51.67894579,-128.115172,sand,y,455,se,seagrass,zostera,seagrass_sand,zostera_sand,99.67,6.925819999999995e-155,303,Metazoa,Cnidaria,Hydrozoa,Leptothecata,Campanulariidae,Clytia,0,0,TRUE,ASV1319,3,Clytia gregaria
edna0047,ASV2757,motu2230,Diplostomida,Flatworm,order,NA,1,NA,NA,NA,9,NA,NA,NA,NA,NA,Diplostomida,Flatworm,2018_ssp_surface,ssp,beach_seine,2018-07-13,2018-07-12,2018,surface,3,edna_ssp_15,surface,biological,11,31,8.01,NA,NA,NA,4.3,1000,0,51.67894579,-128.115172,sand,y,455,se,seagrass,zostera,seagrass_sand,zostera_sand,96.88,0.0144888,29,Metazoa,Platyhelminthes,Platyhelminthes,Diplostomida,NA,NA,0,0,TRUE,ASV2757,1,NA
edna0047,ASV4237,motu1259,Membranipora,Bryozoan,genus,NA,1,NA,NA,NA,20,NA,NA,NA,NA,NA,Membranipora membranacea,Coffin box bryozoan,2018_ssp_surface,ssp,beach_seine,2018-07-13,2018-07-12,2018,surface,3,edna_ssp_15,surface,biological,11,31,8.01,NA,NA,NA,4.3,1000,0,51.67894579,-128.115172,sand,y,455,se,seagrass,zostera,seagrass_sand,zostera_sand,99.35,7.002779999999996e-155,303,Metazoa,Bryozoa,Bryozoa,Cheilostomatida,Membraniporidae,Membranipora,0,0,TRUE,ASV1492,2,NA
edna0047,ASV2852,motu2305,Coleoptera,Hexapod,order,NA,1,NA,NA,NA,4,NA,NA,NA,NA,NA,Coleoptera,Hexapod,2018_ssp_surface,ssp,beach_seine,2018-07-13,2018-07-12,2018,surface,3,edna_ssp_15,surface,biological,11,31,8.01,NA,NA,NA,4.3,1000,0,51.67894579,-128.115172,sand,y,455,se,seagrass,zostera,seagrass_sand,zostera_sand,100,0.00110774,31,Metazoa,Arthropoda,Arthropoda,Coleoptera,NA,NA,NA,NA,TRUE,ASV2852,1,NA
edna0047,ASV2907,motu944,Dodecaceria,Cirratulid polychaete,genus,NA,1,NA,NA,NA,28,NA,NA,NA,NA,NA,Dodecaceria,Cirratulid polychaete,2018_ssp_surface,ssp,beach_seine,2018-07-13,2018-07-12,2018,surface,3,edna_ssp_15,surface,biological,11,31,8.01,NA,NA,NA,4.3,1000,0,51.67894579,-128.115172,sand,y,455,se,seagrass,zostera,seagrass_sand,zostera_sand,100,7.02982e-160,312,Metazoa,Annelida,Polychaeta,Terebellida,Cirratulidae,Dodecaceria,0,0,TRUE,ASV1097,6,NA
edna0047,ASV5377,motu3115,Balanus nubilus,Giant acorn barnacle,species,NA,1,NA,NA,NA,29,NA,NA,NA,NA,NA,Balanus nubilus,Giant acorn barnacle,2018_ssp_surface,ssp,beach_seine,2018-07-13,2018-07-12,2018,surface,3,edna_ssp_15,surface,biological,11,31,8.01,NA,NA,NA,4.3,1000,0,51.67894579,-128.115172,sand,y,455,se,seagrass,zostera,seagrass_sand,zostera_sand,100,3.2351099999999996e-158,309,Metazoa,Arthropoda,Thecostraca,Balanomorpha,Balanidae,Balanus,0,0,TRUE,ASV3965,3,Balanus nubilus
edna0047,ASV5446,motu1168,Membranipora,Bryozoan,genus,NA,1,NA,NA,NA,13,NA,NA,NA,NA,NA,Membranipora membranacea,Coffin box bryozoan,2018_ssp_surface,ssp,beach_seine,2018-07-13,2018-07-12,2018,surface,3,edna_ssp_15,surface,biological,11,31,8.01,NA,NA,NA,4.3,1000,0,51.67894579,-128.115172,sand,y,455,se,seagrass,zostera,seagrass_sand,zostera_sand,99.35,7.002779999999996e-155,303,Metazoa,Bryozoa,Bryozoa,Cheilostomatida,Membraniporidae,Membranipora,0,0,TRUE,ASV1384,2,NA
edna0047,ASV3094,motu883,Balanus nubilus,Giant acorn barnacle,species,NA,1,NA,1,NA,26,NA,NA,NA,NA,42,Balanus nubilus,Giant acorn barnacle,2018_ssp_surface,ssp,beach_seine,2018-07-13,2018-07-12,2018,surface,3,edna_ssp_15,surface,biological,11,31,8.01,NA,NA,NA,4.3,1000,0,51.67894579,-128.115172,sand,y,455,se,seagrass,zostera,seagrass_sand,zostera_sand,100,3.2351099999999996e-158,309,Metazoa,Arthropoda,Thecostraca,Balanomorpha,Balanidae,Balanus,0,0,TRUE,ASV1021,4,Balanus nubilus
edna0047,ASV5616,motu3265,Sthenelais berkeleyi,Scale worm,species,NA,1,NA,NA,NA,9,NA,NA,NA,NA,NA,Sthenelais berkeleyi,Scale worm,2018_ssp_surface,ssp,beach_seine,2018-07-13,2018-07-12,2018,surface,3,edna_ssp_15,surface,biological,11,31,8.01,NA,NA,NA,4.3,1000,0,51.67894579,-128.115172,sand,y,455,se,seagrass,zostera,seagrass_sand,zostera_sand,99.68,9.126599999999999e-159,310,Metazoa,Annelida,Polychaeta,Phyllodocida,Sigalionidae,Sthenelais,0,0,TRUE,ASV4163,2,Sthenelais berkeleyi
edna0047,ASV6432,motu4977,Malmgreniella nigralba,Scale worm,species,NA,1,NA,NA,NA,9,NA,NA,NA,NA,NA,Malmgreniella nigralba,Scale worm,2018_ssp_surface,ssp,beach_seine,2018-07-13,2018-07-12,2018,surface,3,edna_ssp_15,surface,biological,11,31,8.01,NA,NA,NA,4.3,1000,0,51.67894579,-128.115172,sand,y,455,se,seagrass,zostera,seagrass_sand,zostera_sand,100,2.607009999999998e-154,302,Metazoa,Annelida,Polychaeta,Phyllodocida,Polynoidae,Malmgreniella,0,0,TRUE,ASV6432,1,Malmgreniella nigralba
edna0048,ASV307,motu118,Mesocentrotus franciscanus,Red sea urchin,species,NA,1,NA,1,NA,12,NA,23,NA,NA,NA,Mesocentrotus franciscanus,Red sea urchin,2018_ssp_depth,ssp,beach_seine,2018-07-13,2018-07-12,2018,depth,3,edna_ssp_30,depth,biological,10.8,31.42,8.01,NA,NA,NA,4.3,1000,0,51.67882714,-128.114958,sand,y,455,se,seagrass,zostera,seagrass_sand,zostera_sand,100,7.02982e-160,312,Metazoa,Echinodermata,Echinoidea,Camarodonta,Strongylocentrotidae,Mesocentrotus,0,0,TRUE,ASV132,8,Mesocentrotus franciscanus
edna0048,ASV390,motu343,Dodecaceria,Cirratulid polychaete,genus,NA,1,1,NA,NA,73,50,NA,NA,NA,NA,Dodecaceria,Cirratulid polychaete,2018_ssp_depth,ssp,beach_seine,2018-07-13,2018-07-12,2018,depth,3,edna_ssp_30,depth,biological,10.8,31.42,8.01,NA,NA,NA,4.3,1000,0,51.67882714,-128.114958,sand,y,455,se,seagrass,zostera,seagrass_sand,zostera_sand,100,1.96163e-160,313,Metazoa,Annelida,Polychaeta,Terebellida,Cirratulidae,Dodecaceria,0,0,TRUE,ASV390,6,NA
edna0048,ASV520,motu457,Evasterias troschelii,False ochre star,species,NA,1,NA,NA,NA,5,NA,NA,NA,NA,NA,Evasterias troschelii,False ochre star,2018_ssp_depth,ssp,beach_seine,2018-07-13,2018-07-12,2018,depth,3,edna_ssp_30,depth,biological,10.8,31.42,8.01,NA,NA,NA,4.3,1000,0,51.67882714,-128.114958,sand,y,455,se,seagrass,zostera,seagrass_sand,zostera_sand,100,1.96163e-160,313,Metazoa,Echinodermata,Asteroidea,Forcipulatida,Asteriidae,Evasterias,0,0,TRUE,ASV520,1,Evasterias troschelii
edna0048,ASV320,motu281,Pseudocalanus newmani,Calanoid copepod,species,NA,1,1,1,NA,35,33,28,28,NA,53,Pseudocalanus newmani,Calanoid copepod,2018_ssp_depth,ssp,beach_seine,2018-07-13,2018-07-12,2018,depth,3,edna_ssp_30,depth,biological,10.8,31.42,8.01,NA,NA,NA,4.3,1000,0,51.67882714,-128.114958,sand,y,455,se,seagrass,zostera,seagrass_sand,zostera_sand,100,1.96163e-160,313,Metazoa,Arthropoda,Copepoda,Calanoida,Clausocalanidae,Pseudocalanus,0,0,TRUE,ASV320,6,Pseudocalanus newmani
edna0048,ASV1196,motu537,Mitrocoma cellularia,Cross jelly,species,NA,1,NA,NA,NA,18,NA,NA,NA,NA,NA,Mitrocoma cellularia,Cross jelly,2018_ssp_depth,ssp,beach_seine,2018-07-13,2018-07-12,2018,depth,3,edna_ssp_30,depth,biological,10.8,31.42,8.01,NA,NA,NA,4.3,1000,0,51.67882714,-128.114958,sand,y,455,se,seagrass,zostera,seagrass_sand,zostera_sand,99.67,6.925819999999995e-155,303,Metazoa,Cnidaria,Hydrozoa,Leptothecata,Mitrocomidae,Mitrocoma,0,0,TRUE,ASV616,6,Mitrocoma cellularia
edna0048,ASV521,motu458,Sabellariidae,Feather duster worm,family,NA,1,1,1,NA,15,14,NA,NA,NA,12,Sabellariidae,Feather duster worm,2018_ssp_depth,ssp,beach_seine,2018-07-13,2018-07-12,2018,depth,3,edna_ssp_30,depth,biological,10.8,31.42,8.01,NA,NA,NA,4.3,1000,0,51.67882714,-128.114958,sand,y,455,se,seagrass,zostera,seagrass_sand,zostera_sand,99.68,1.5051499999999994e-156,306,Metazoa,Annelida,Polychaeta,NA,Sabellariidae,NA,0,0,TRUE,ASV521,12,NA
edna0048,ASV1038,motu895,Clytia gregaria,Gregarious jellyfish,species,NA,1,NA,NA,NA,9,NA,NA,NA,NA,NA,Clytia gregaria,Gregarious jellyfish,2018_ssp_depth,ssp,beach_seine,2018-07-13,2018-07-12,2018,depth,3,edna_ssp_30,depth,biological,10.8,31.42,8.01,NA,NA,NA,4.3,1000,0,51.67882714,-128.114958,sand,y,455,se,seagrass,zostera,seagrass_sand,zostera_sand,99.68,9.126599999999999e-159,310,Metazoa,Cnidaria,Hydrozoa,Leptothecata,Campanulariidae,Clytia,0,0,TRUE,ASV1038,2,Clytia gregaria
edna0048,ASV613,motu536,Sabellariidae,Feather duster worm,family,NA,1,NA,1,NA,11,NA,9,NA,NA,13,Sabellariidae,Feather duster worm,2018_ssp_depth,ssp,beach_seine,2018-07-13,2018-07-12,2018,depth,3,edna_ssp_30,depth,biological,10.8,31.42,8.01,NA,NA,NA,4.3,1000,0,51.67882714,-128.114958,sand,y,455,se,seagrass,zostera,seagrass_sand,zostera_sand,99.68,1.5051499999999994e-156,306,Metazoa,Annelida,Polychaeta,NA,Sabellariidae,NA,0,0,TRUE,ASV613,7,NA
edna0048,ASV1187,motu1015,Balanus,Barnacle species,genus,NA,1,NA,NA,NA,6,NA,NA,NA,NA,NA,Balanus,Barnacle species,2018_ssp_depth,ssp,beach_seine,2018-07-13,2018-07-12,2018,depth,3,edna_ssp_30,depth,biological,10.8,31.42,8.01,NA,NA,NA,4.3,1000,0,51.67882714,-128.114958,sand,y,455,se,seagrass,zostera,seagrass_sand,zostera_sand,100,1.4886099999999998e-156,306,Metazoa,Arthropoda,Arthropoda,Balanomorpha,Balanidae,Balanus,0,0,TRUE,ASV1187,5,NA
edna0048,ASV598,motu524,Strongylocentrotus droebachiensis,Green sea urcin,species,NA,1,NA,NA,NA,3,NA,NA,NA,NA,NA,Strongylocentrotus droebachiensis,Green sea urcin,2018_ssp_depth,ssp,beach_seine,2018-07-13,2018-07-12,2018,depth,3,edna_ssp_30,depth,biological,10.8,31.42,8.01,NA,NA,NA,4.3,1000,0,51.67882714,-128.114958,sand,y,455,se,seagrass,zostera,seagrass_sand,zostera_sand,100,1.96163e-160,313,Metazoa,Echinodermata,Echinoidea,Camarodonta,Strongylocentrotidae,Strongylocentrotus,0,0,TRUE,ASV598,2,Strongylocentrotus droebachiensis
edna0048,ASV944,motu821,Phascolosoma (Phascolosoma) agassizii,Agassiz peanut worm,species,NA,1,NA,NA,NA,20,NA,NA,NA,NA,NA,Phascolosoma (Phascolosoma) agassizii,Agassiz peanut worm,2018_ssp_depth,ssp,beach_seine,2018-07-13,2018-07-12,2018,depth,3,edna_ssp_30,depth,biological,10.8,31.42,8.01,NA,NA,NA,4.3,1000,0,51.67882714,-128.114958,sand,y,455,se,seagrass,zostera,seagrass_sand,zostera_sand,100,1.96163e-160,313,Metazoa,Annelida,NA,Sipuncula,Phascolosomatidae,Phascolosoma,0,0,TRUE,ASV944,3,Phascolosoma (Phascolosoma) agassizii
edna0048,ASV795,motu692,Phascolosoma (Phascolosoma) agassizii,Agassiz peanut worm,species,NA,1,NA,NA,NA,19,NA,NA,NA,NA,NA,Phascolosoma (Phascolosoma) agassizii,Agassiz peanut worm,2018_ssp_depth,ssp,beach_seine,2018-07-13,2018-07-12,2018,depth,3,edna_ssp_30,depth,biological,10.8,31.42,8.01,NA,NA,NA,4.3,1000,0,51.67882714,-128.114958,sand,y,455,se,seagrass,zostera,seagrass_sand,zostera_sand,100,1.96163e-160,313,Metazoa,Annelida,NA,Sipuncula,Phascolosomatidae,Phascolosoma,0,0,TRUE,ASV795,3,Phascolosoma (Phascolosoma) agassizii
edna0048,ASV1736,motu1450,Polycirrus,Sphagetti worm,genus,NA,1,NA,NA,NA,6,NA,NA,NA,NA,NA,Polycirrus,Sphagetti worm,2018_ssp_depth,ssp,beach_seine,2018-07-13,2018-07-12,2018,depth,3,edna_ssp_30,depth,biological,10.8,31.42,8.01,NA,NA,NA,4.3,1000,0,51.67882714,-128.114958,sand,y,455,se,seagrass,zostera,seagrass_sand,zostera_sand,100,2.51921e-159,311,Metazoa,Annelida,Polychaeta,Terebellida,Terebellidae,Polycirrus,0,0,TRUE,ASV1736,1,NA
edna0048,ASV1870,motu1556,Dodecaceria,Cirratulid polychaete,genus,NA,1,NA,NA,NA,28,NA,NA,NA,NA,NA,Dodecaceria,Cirratulid polychaete,2018_ssp_depth,ssp,beach_seine,2018-07-13,2018-07-12,2018,depth,3,edna_ssp_30,depth,biological,10.8,31.42,8.01,NA,NA,NA,4.3,1000,0,51.67882714,-128.114958,sand,y,455,se,seagrass,zostera,seagrass_sand,zostera_sand,100,1.96163e-160,313,Metazoa,Annelida,Polychaeta,Terebellida,Cirratulidae,Dodecaceria,0,0,TRUE,ASV1870,5,NA
edna0048,ASV1291,motu1092,Metridium senile,Plumose anemone,species,NA,1,1,1,NA,143,48,NA,61,NA,NA,Metridium senile,Plumose anemone,2018_ssp_depth,ssp,beach_seine,2018-07-13,2018-07-12,2018,depth,3,edna_ssp_30,depth,biological,10.8,31.42,8.01,NA,NA,NA,4.3,1000,0,51.67882714,-128.114958,sand,y,455,se,seagrass,zostera,seagrass_sand,zostera_sand,100,1.4886099999999998e-156,306,Metazoa,Cnidaria,Anthozoa,Actiniaria,Metridiidae,Metridium,0,0,TRUE,ASV1291,2,Metridium senile
edna0048,ASV1921,motu1598,Humilaria kennerleyi,Kennerleys venus,species,NA,1,NA,NA,NA,5,NA,NA,NA,NA,NA,Humilaria kennerleyi,Kennerleys venus,2018_ssp_depth,ssp,beach_seine,2018-07-13,2018-07-12,2018,depth,3,edna_ssp_30,depth,biological,10.8,31.42,8.01,NA,NA,NA,4.3,1000,0,51.67882714,-128.114958,sand,y,455,se,seagrass,zostera,seagrass_sand,zostera_sand,100,1.96163e-160,313,Metazoa,Mollusca,Bivalvia,Venerida,Veneridae,Humilaria,0,0,TRUE,ASV1921,2,Humilaria kennerleyi
edna0048,ASV2840,motu2298,Arthropoda,Unknown arthropod,phylum,NA,1,NA,NA,NA,7,NA,NA,NA,NA,NA,Arthropoda,Unknown arthropod,2018_ssp_depth,ssp,beach_seine,2018-07-13,2018-07-12,2018,depth,3,edna_ssp_30,depth,biological,10.8,31.42,8.01,NA,NA,NA,4.3,1000,0,51.67882714,-128.114958,sand,y,455,se,seagrass,zostera,seagrass_sand,zostera_sand,95,2.34566e-5,34,Metazoa,Arthropoda,NA,NA,NA,NA,NA,NA,TRUE,ASV2840,1,NA
edna0048,ASV3175,motu2541,Arthropoda,Unknown arthropod,phylum,NA,1,NA,NA,NA,4,NA,NA,NA,NA,NA,Arthropoda,Unknown arthropod,2018_ssp_depth,ssp,beach_seine,2018-07-13,2018-07-12,2018,depth,3,edna_ssp_30,depth,biological,10.8,31.42,8.01,NA,NA,NA,4.3,1000,0,51.67882714,-128.114958,sand,y,455,se,seagrass,zostera,seagrass_sand,zostera_sand,100,0.014701,29,Metazoa,Arthropoda,NA,NA,NA,NA,NA,NA,TRUE,ASV3175,1,NA
edna0048,ASV3266,motu2608,Arthropoda,Unknown arthropod,phylum,NA,1,NA,NA,NA,5,NA,NA,NA,NA,NA,Arthropoda,Unknown arthropod,2018_ssp_depth,ssp,beach_seine,2018-07-13,2018-07-12,2018,depth,3,edna_ssp_30,depth,biological,10.8,31.42,8.01,NA,NA,NA,4.3,1000,0,51.67882714,-128.114958,sand,y,455,se,seagrass,zostera,seagrass_sand,zostera_sand,100,0.014701,29,Metazoa,Arthropoda,NA,NA,NA,NA,NA,NA,TRUE,ASV3266,1,NA
edna0048,ASV3221,motu2578,Nudibranchia,Nudibranch species,order,NA,1,NA,NA,NA,5,NA,NA,NA,NA,NA,Nudibranchia,Nudibranch species,2018_ssp_depth,ssp,beach_seine,2018-07-13,2018-07-12,2018,depth,3,edna_ssp_30,depth,biological,10.8,31.42,8.01,NA,NA,NA,4.3,1000,0,51.67882714,-128.114958,sand,y,455,se,seagrass,zostera,seagrass_sand,zostera_sand,100,1.96163e-160,313,Metazoa,Mollusca,Mollusca,Nudibranchia,NA,NA,0,0,TRUE,ASV3221,1,NA
edna0048,ASV2757,motu2230,Diplostomida,Flatworm,order,NA,1,1,1,NA,5,8,NA,NA,NA,17,Diplostomida,Flatworm,2018_ssp_depth,ssp,beach_seine,2018-07-13,2018-07-12,2018,depth,3,edna_ssp_30,depth,biological,10.8,31.42,8.01,NA,NA,NA,4.3,1000,0,51.67882714,-128.114958,sand,y,455,se,seagrass,zostera,seagrass_sand,zostera_sand,96.88,0.0144888,29,Metazoa,Platyhelminthes,Platyhelminthes,Diplostomida,NA,NA,0,0,TRUE,ASV2757,1,NA
edna0048,ASV3570,motu944,Dodecaceria,Cirratulid polychaete,genus,NA,1,NA,NA,NA,43,NA,NA,NA,NA,NA,Dodecaceria,Cirratulid polychaete,2018_ssp_depth,ssp,beach_seine,2018-07-13,2018-07-12,2018,depth,3,edna_ssp_30,depth,biological,10.8,31.42,8.01,NA,NA,NA,4.3,1000,0,51.67882714,-128.114958,sand,y,455,se,seagrass,zostera,seagrass_sand,zostera_sand,100,2.51921e-159,311,Metazoa,Annelida,Polychaeta,Terebellida,Cirratulidae,Dodecaceria,0,0,TRUE,ASV1097,6,NA
edna0048,ASV2852,motu2305,Coleoptera,Hexapod,order,NA,1,1,NA,NA,4,4,NA,NA,NA,NA,Coleoptera,Hexapod,2018_ssp_depth,ssp,beach_seine,2018-07-13,2018-07-12,2018,depth,3,edna_ssp_30,depth,biological,10.8,31.42,8.01,NA,NA,NA,4.3,1000,0,51.67882714,-128.114958,sand,y,455,se,seagrass,zostera,seagrass_sand,zostera_sand,100,0.00110774,31,Metazoa,Arthropoda,Arthropoda,Coleoptera,NA,NA,NA,NA,TRUE,ASV2852,1,NA
edna0048,ASV2941,motu2370,Axiothella rubrocincta,Bamboo worm,species,NA,1,1,1,NA,6,7,4,NA,NA,NA,Axiothella rubrocincta,Bamboo worm,2018_ssp_depth,ssp,beach_seine,2018-07-13,2018-07-12,2018,depth,3,edna_ssp_30,depth,biological,10.8,31.42,8.01,NA,NA,NA,4.3,1000,0,51.67882714,-128.114958,sand,y,455,se,seagrass,zostera,seagrass_sand,zostera_sand,100,1.4886099999999998e-156,306,Metazoa,Annelida,Polychaeta,NA,Maldanidae,Axiothella,0,0,TRUE,ASV2941,1,Axiothella rubrocincta
edna0048,ASV4506,motu296,Pseudocalanus newmani,Calanoid copepod,species,NA,1,NA,NA,NA,49,NA,NA,NA,NA,NA,Pseudocalanus newmani,Calanoid copepod,2018_ssp_depth,ssp,beach_seine,2018-07-13,2018-07-12,2018,depth,3,edna_ssp_30,depth,biological,10.8,31.42,8.01,NA,NA,NA,4.3,1000,0,51.67882714,-128.114958,sand,y,455,se,seagrass,zostera,seagrass_sand,zostera_sand,99.68,9.126599999999999e-159,310,Metazoa,Arthropoda,Copepoda,Calanoida,Clausocalanidae,Pseudocalanus,0,0,TRUE,ASV336,4,Pseudocalanus newmani
edna0048,ASV3232,motu334,Synchaeta pectinata,Rotifer,species,NA,1,NA,NA,NA,10,NA,NA,NA,NA,NA,Synchaeta pectinata,Rotifer,2018_ssp_depth,ssp,beach_seine,2018-07-13,2018-07-12,2018,depth,3,edna_ssp_30,depth,biological,10.8,31.42,8.01,NA,NA,NA,4.3,1000,0,51.67882714,-128.114958,sand,y,455,se,seagrass,zostera,seagrass_sand,zostera_sand,90.16,7.65451e-110,222,Metazoa,Rotifera,Eurotatoria,Ploima,Synchaetidae,Synchaeta,0,0,TRUE,ASV377,5,Synchaeta pectinata
edna0048,ASV4234,motu3319,Axiothella rubrocincta,Bamboo worm,species,NA,1,NA,NA,NA,7,NA,NA,NA,NA,NA,Axiothella rubrocincta,Bamboo worm,2018_ssp_depth,ssp,beach_seine,2018-07-13,2018-07-12,2018,depth,3,edna_ssp_30,depth,biological,10.8,31.42,8.01,NA,NA,NA,4.3,1000,0,51.67882714,-128.114958,sand,y,455,se,seagrass,zostera,seagrass_sand,zostera_sand,100,1.4886099999999998e-156,306,Metazoa,Annelida,Polychaeta,NA,Maldanidae,Axiothella,0,0,TRUE,ASV4234,1,Axiothella rubrocincta
edna0048,ASV3808,motu2995,Lottia paradigitalis,Boreal limpet,species,NA,1,NA,NA,NA,3,NA,NA,NA,NA,NA,Lottia paradigitalis,Boreal limpet,2018_ssp_depth,ssp,beach_seine,2018-07-13,2018-07-12,2018,depth,3,edna_ssp_30,depth,biological,10.8,31.42,8.01,NA,NA,NA,4.3,1000,0,51.67882714,-128.114958,sand,y,455,se,seagrass,zostera,seagrass_sand,zostera_sand,100,1.96163e-160,313,Metazoa,Mollusca,Gastropoda,NA,Lottiidae,Lottia,0,0,TRUE,ASV3808,2,Lottia paradigitalis
edna0048,ASV3531,motu350,Synchaeta pectinata,Rotifer,species,NA,1,NA,NA,NA,21,NA,NA,NA,NA,NA,Synchaeta pectinata,Rotifer,2018_ssp_depth,ssp,beach_seine,2018-07-13,2018-07-12,2018,depth,3,edna_ssp_30,depth,biological,10.8,31.42,8.01,NA,NA,NA,4.3,1000,0,51.67882714,-128.114958,sand,y,455,se,seagrass,zostera,seagrass_sand,zostera_sand,90.16,7.65451e-110,222,Metazoa,Rotifera,Eurotatoria,Ploima,Synchaetidae,Synchaeta,0,0,TRUE,ASV398,4,Synchaeta pectinata
edna0048,ASV5616,motu3265,Sthenelais berkeleyi,Scale worm,species,NA,1,NA,NA,NA,4,NA,NA,NA,NA,NA,Sthenelais berkeleyi,Scale worm,2018_ssp_depth,ssp,beach_seine,2018-07-13,2018-07-12,2018,depth,3,edna_ssp_30,depth,biological,10.8,31.42,8.01,NA,NA,NA,4.3,1000,0,51.67882714,-128.114958,sand,y,455,se,seagrass,zostera,seagrass_sand,zostera_sand,99.68,9.126599999999999e-159,310,Metazoa,Annelida,Polychaeta,Phyllodocida,Sigalionidae,Sthenelais,0,0,TRUE,ASV4163,2,Sthenelais berkeleyi
edna0048,ASV5676,motu4354,Chaetognatha,Arrow worm,phylum,NA,1,NA,NA,NA,11,NA,NA,NA,NA,NA,Chaetognatha,Arrow worm,2018_ssp_depth,ssp,beach_seine,2018-07-13,2018-07-12,2018,depth,3,edna_ssp_30,depth,biological,10.8,31.42,8.01,NA,NA,NA,4.3,1000,0,51.67882714,-128.114958,sand,y,455,se,seagrass,zostera,seagrass_sand,zostera_sand,98.01,1.6078299999999998e-91,189,Metazoa,Chaetognatha,NA,NA,NA,NA,0,0,TRUE,ASV5676,1,NA
edna0048,ASV5993,motu4609,Photidae,Amphipod,family,NA,1,NA,NA,NA,5,NA,NA,NA,NA,NA,Photidae,Amphipod,2018_ssp_depth,ssp,beach_seine,2018-07-13,2018-07-12,2018,depth,3,edna_ssp_30,depth,biological,10.8,31.42,8.01,NA,NA,NA,4.3,1000,0,51.67882714,-128.114958,sand,y,455,se,seagrass,zostera,seagrass_sand,zostera_sand,98.4,4.27634e-152,298,Metazoa,Arthropoda,Arthropoda,Amphipoda,Photidae,NA,0,0,TRUE,ASV5993,1,NA
edna0048,ASV4441,motu3459,Ameira,Harpacticoid copepod,genus,NA,1,NA,1,NA,7,NA,9,14,NA,12,Ameira,Harpacticoid copepod,2018_ssp_depth,ssp,beach_seine,2018-07-13,2018-07-12,2018,depth,3,edna_ssp_30,depth,biological,10.8,31.42,8.01,NA,NA,NA,4.3,1000,0,51.67882714,-128.114958,sand,y,455,se,seagrass,zostera,seagrass_sand,zostera_sand,100,3.2351099999999996e-158,309,Metazoa,Arthropoda,Copepoda,Harpacticoida,Ameiridae,Ameira,0,0,TRUE,ASV4441,1,NA
edna0048,ASV5518,motu4234,Pseudoscorpiones,Other arachnid,class,NA,1,NA,NA,NA,5,NA,NA,NA,NA,NA,Pseudoscorpiones,Other arachnid,2018_ssp_depth,ssp,beach_seine,2018-07-13,2018-07-12,2018,depth,3,edna_ssp_30,depth,biological,10.8,31.42,8.01,NA,NA,NA,4.3,1000,0,51.67882714,-128.114958,sand,y,455,se,seagrass,zostera,seagrass_sand,zostera_sand,91.89,1.43404e-17,56,Metazoa,Arthropoda,Arthropoda,NA,NA,NA,NA,NA,TRUE,ASV5518,1,NA
edna0049,ASV233,motu74,Euchlanidae,Rotifer,family,NA,1,1,1,NA,55,44,58,NA,NA,NA,No Results,No Results,2018_ppo_surface,ppo,beach_seine,2018-07-13,2018-07-11,2018,surface,1,edna_ppo_00,surface,biological,14.4,28.28,8.31,NA,NA,NA,6.5,1000,0,51.65821943,-128.113325,mud,n,100,p,seagrass,zostera,seagrass_mud,zostera_mud,91.35,3.005919999999998e-29,77,Metazoa,Rotifera,Rotifera,Ploima,Euchlanidae,NA,1,NA,TRUE,ASV84,2,NA
edna0049,ASV226,motu199,Mytilus trossulus,Bay mussel,species,NA,1,1,1,NA,46,34,58,NA,NA,NA,Mytilus trossulus,Bay mussel,2018_ppo_surface,ppo,beach_seine,2018-07-13,2018-07-11,2018,surface,1,edna_ppo_00,surface,biological,14.4,28.28,8.31,NA,NA,NA,6.5,1000,0,51.65821943,-128.113325,mud,n,100,p,seagrass,zostera,seagrass_mud,zostera_mud,100,3.2351099999999996e-158,309,Metazoa,Mollusca,Mollusca,Mytilida,Mytilidae,Mytilus,0,0,TRUE,ASV226,18,Mytilus trossulus
edna0049,ASV452,motu183,Euchlanidae,Rotifer,family,NA,1,NA,NA,NA,54,NA,NA,NA,NA,NA,No Results,No Results,2018_ppo_surface,ppo,beach_seine,2018-07-13,2018-07-11,2018,surface,1,edna_ppo_00,surface,biological,14.4,28.28,8.31,NA,NA,NA,6.5,1000,0,51.65821943,-128.113325,mud,n,100,p,seagrass,zostera,seagrass_mud,zostera_mud,91.35,3.005919999999998e-29,77,Metazoa,Rotifera,Rotifera,Ploima,Euchlanidae,NA,1,NA,TRUE,ASV208,2,NA
edna0049,ASV270,motu199,Mytilus,Mussel species,genus,NA,1,1,1,NA,66,23,NA,109,NA,117,Mytilus trossulus,Bay mussel,2018_ppo_surface,ppo,beach_seine,2018-07-13,2018-07-11,2018,surface,1,edna_ppo_00,surface,biological,14.4,28.28,8.31,NA,NA,NA,6.5,1000,0,51.65821943,-128.113325,mud,n,100,p,seagrass,zostera,seagrass_mud,zostera_mud,100,3.2351099999999996e-158,309,Metazoa,Mollusca,Mollusca,Mytilida,Mytilidae,Mytilus,0,0,TRUE,ASV226,18,NA
edna0049,ASV377,motu334,Synchaeta pectinata,Rotifer,species,NA,1,NA,1,NA,2,NA,8,NA,NA,7,Synchaeta pectinata,Rotifer,2018_ppo_surface,ppo,beach_seine,2018-07-13,2018-07-11,2018,surface,1,edna_ppo_00,surface,biological,14.4,28.28,8.31,NA,NA,NA,6.5,1000,0,51.65821943,-128.113325,mud,n,100,p,seagrass,zostera,seagrass_mud,zostera_mud,90.48,1.6452299999999999e-111,225,Metazoa,Rotifera,Eurotatoria,Ploima,Synchaetidae,Synchaeta,0,0,TRUE,ASV377,5,Synchaeta pectinata
edna0049,ASV744,motu648,Evasterias troschelii,False ochre star,species,NA,1,NA,NA,NA,3,NA,NA,NA,NA,NA,Evasterias troschelii,False ochre star,2018_ppo_surface,ppo,beach_seine,2018-07-13,2018-07-11,2018,surface,1,edna_ppo_00,surface,biological,14.4,28.28,8.31,NA,NA,NA,6.5,1000,0,51.65821943,-128.113325,mud,n,100,p,seagrass,zostera,seagrass_mud,zostera_mud,100,1.96163e-160,313,Metazoa,Echinodermata,Asteroidea,Forcipulatida,Asteriidae,Evasterias,0,0,TRUE,ASV744,1,Evasterias troschelii
edna0049,ASV865,motu753,Parastenocarididae,Harpacticoid copepod,family,NA,1,NA,NA,NA,18,NA,NA,NA,NA,NA,Parastenocarididae,Harpacticoid copepod,2018_ppo_surface,ppo,beach_seine,2018-07-13,2018-07-11,2018,surface,1,edna_ppo_00,surface,biological,14.4,28.28,8.31,NA,NA,NA,6.5,1000,0,51.65821943,-128.113325,mud,n,100,p,seagrass,zostera,seagrass_mud,zostera_mud,94.59,0.00408744,30,Metazoa,Arthropoda,Arthropoda,Harpacticoida,Parastenocarididae,NA,1,0,TRUE,ASV865,1,NA
edna0049,ASV750,motu654,Orobdella,Freshwater leech,genus,NA,1,1,1,NA,5,14,20,17,NA,15,Orobdella,Freshwater leech,2018_ppo_surface,ppo,beach_seine,2018-07-13,2018-07-11,2018,surface,1,edna_ppo_00,surface,biological,14.4,28.28,8.31,NA,NA,NA,6.5,1000,0,51.65821943,-128.113325,mud,n,100,p,seagrass,zostera,seagrass_mud,zostera_mud,97.06,0.00121031,31,Metazoa,Annelida,Annelida,Erpobdelliformes,Orobdellidae,Orobdella,NA,NA,TRUE,ASV750,1,NA
edna0049,ASV623,motu543,Balanus,Barnacle species,genus,NA,1,NA,1,NA,6,NA,NA,NA,NA,7,Balanus,Barnacle species,2018_ppo_surface,ppo,beach_seine,2018-07-13,2018-07-11,2018,surface,1,edna_ppo_00,surface,biological,14.4,28.28,8.31,NA,NA,NA,6.5,1000,0,51.65821943,-128.113325,mud,n,100,p,seagrass,zostera,seagrass_mud,zostera_mud,100,1.4886099999999998e-156,306,Metazoa,Arthropoda,Arthropoda,Balanomorpha,Balanidae,Balanus,0,0,TRUE,ASV623,7,NA
edna0049,ASV1095,motu942,Balanus,Barnacle species,genus,NA,1,NA,NA,NA,4,NA,NA,NA,NA,NA,Balanus,Barnacle species,2018_ppo_surface,ppo,beach_seine,2018-07-13,2018-07-11,2018,surface,1,edna_ppo_00,surface,biological,14.4,28.28,8.31,NA,NA,NA,6.5,1000,0,51.65821943,-128.113325,mud,n,100,p,seagrass,zostera,seagrass_mud,zostera_mud,100,1.4886099999999998e-156,306,Metazoa,Arthropoda,Arthropoda,Balanomorpha,Balanidae,Balanus,0,0,TRUE,ASV1095,4,NA
edna0049,ASV670,motu583,Synchaeta triophthalma,Rotifer,species,NA,1,NA,1,NA,40,NA,56,46,NA,28,Synchaeta triophthalma,Rotifer,2018_ppo_surface,ppo,beach_seine,2018-07-13,2018-07-11,2018,surface,1,edna_ppo_00,surface,biological,14.4,28.28,8.31,NA,NA,NA,6.5,1000,0,51.65821943,-128.113325,mud,n,100,p,seagrass,zostera,seagrass_mud,zostera_mud,91.99,3.511259999999999e-118,237,Metazoa,Rotifera,Eurotatoria,Ploima,Synchaetidae,Synchaeta,0,0,TRUE,ASV670,4,Synchaeta triophthalma
edna0049,ASV1367,motu1153,Cyanea,Lions mane jellyfish species,genus,NA,1,NA,NA,NA,2,NA,NA,NA,NA,NA,Cyanea,Lions mane jellyfish species,2018_ppo_surface,ppo,beach_seine,2018-07-13,2018-07-11,2018,surface,1,edna_ppo_00,surface,biological,14.4,28.28,8.31,NA,NA,NA,6.5,1000,0,51.65821943,-128.113325,mud,n,100,p,seagrass,zostera,seagrass_mud,zostera_mud,100,3.2351099999999996e-158,309,Metazoa,Cnidaria,Scyphozoa,Semaeostomeae,Cyaneidae,Cyanea,0,0,TRUE,ASV1367,2,NA
edna0049,ASV1492,motu1259,Membranipora membranacea,Coffin box bryozoan,species,NA,1,NA,NA,NA,9,NA,NA,NA,NA,NA,Membranipora membranacea,Coffin box bryozoan,2018_ppo_surface,ppo,beach_seine,2018-07-13,2018-07-11,2018,surface,1,edna_ppo_00,surface,biological,14.4,28.28,8.31,NA,NA,NA,6.5,1000,0,51.65821943,-128.113325,mud,n,100,p,seagrass,zostera,seagrass_mud,zostera_mud,100,9.252979999999995e-139,274,Metazoa,Bryozoa,Gymnolaemata,Cheilostomatida,Membraniporidae,Membranipora,0,0,TRUE,ASV1492,2,Membranipora membranacea
edna0049,ASV801,motu697,Micropodarke dubia,Hesionid polychaete,species,NA,1,1,1,NA,6,6,29,20,NA,25,Micropodarke dubia,Hesionid polychaete,2018_ppo_surface,ppo,beach_seine,2018-07-13,2018-07-11,2018,surface,1,edna_ppo_00,surface,biological,14.4,28.28,8.31,NA,NA,NA,6.5,1000,0,51.65821943,-128.113325,mud,n,100,p,seagrass,zostera,seagrass_mud,zostera_mud,100,1.96163e-160,313,Metazoa,Annelida,Polychaeta,Phyllodocida,Hesionidae,Micropodarke,0,0,TRUE,ASV801,2,Micropodarke dubia
edna0049,ASV1555,motu1310,Metridia pacifica,Calanoid copepod,species,NA,1,NA,NA,NA,3,NA,NA,NA,NA,NA,Metridia pacifica,Calanoid copepod,2018_ppo_surface,ppo,beach_seine,2018-07-13,2018-07-11,2018,surface,1,edna_ppo_00,surface,biological,14.4,28.28,8.31,NA,NA,NA,6.5,1000,0,51.65821943,-128.113325,mud,n,100,p,seagrass,zostera,seagrass_mud,zostera_mud,100,1.96163e-160,313,Metazoa,Arthropoda,Copepoda,Calanoida,Metridinidae,Metridia,0,0,TRUE,ASV1555,6,Metridia pacifica
edna0049,ASV1431,motu1208,Paracalanus,Calanoid copepod,genus,NA,1,1,1,NA,34,31,42,33,NA,54,Paracalanus,Calanoid copepod,2018_ppo_surface,ppo,beach_seine,2018-07-13,2018-07-11,2018,surface,1,edna_ppo_00,surface,biological,14.4,28.28,8.31,NA,NA,NA,6.5,1000,0,51.65821943,-128.113325,mud,n,100,p,seagrass,zostera,seagrass_mud,zostera_mud,99.01,2.4714899999999987e-149,293,Metazoa,Arthropoda,Arthropoda,Calanoida,Paracalanidae,Paracalanus,0,0,TRUE,ASV1431,2,NA
edna0049,ASV1729,motu1443,Paracalanus,Calanoid copepod,genus,NA,1,1,1,NA,25,31,NA,NA,NA,50,Paracalanus,Calanoid copepod,2018_ppo_surface,ppo,beach_seine,2018-07-13,2018-07-11,2018,surface,1,edna_ppo_00,surface,biological,14.4,28.28,8.31,NA,NA,NA,6.5,1000,0,51.65821943,-128.113325,mud,n,100,p,seagrass,zostera,seagrass_mud,zostera_mud,99.01,2.4714899999999987e-149,293,Metazoa,Arthropoda,Arthropoda,Calanoida,Paracalanidae,Paracalanus,0,0,TRUE,ASV1729,2,NA
edna0049,ASV1917,motu1595,Arthropoda,Unknown arthropod,phylum,NA,1,NA,1,NA,7,NA,8,NA,NA,NA,Arthropoda,Unknown arthropod,2018_ppo_surface,ppo,beach_seine,2018-07-13,2018-07-11,2018,surface,1,edna_ppo_00,surface,biological,14.4,28.28,8.31,NA,NA,NA,6.5,1000,0,51.65821943,-128.113325,mud,n,100,p,seagrass,zostera,seagrass_mud,zostera_mud,95,2.34566e-5,34,Metazoa,Arthropoda,NA,NA,NA,NA,NA,NA,TRUE,ASV1917,1,NA
edna0049,ASV1755,motu1466,Siphonenteron,Ribbon worm,genus,NA,1,NA,NA,NA,2,NA,NA,NA,NA,NA,Siphonenteron,Ribbon worm,2018_ppo_surface,ppo,beach_seine,2018-07-13,2018-07-11,2018,surface,1,edna_ppo_00,surface,biological,14.4,28.28,8.31,NA,NA,NA,6.5,1000,0,51.65821943,-128.113325,mud,n,100,p,seagrass,zostera,seagrass_mud,zostera_mud,100,1.96163e-160,313,Metazoa,Nemertea,Pilidiophora,Heteronemertea,Lineidae,Siphonenteron,0,0,TRUE,ASV1755,2,NA
edna0049,ASV3199,motu285,Paracalanus,Calanoid copepod,genus,NA,1,NA,NA,NA,9,NA,NA,NA,NA,NA,Paracalanus parvus parvus,Calanoid copepod,2018_ppo_surface,ppo,beach_seine,2018-07-13,2018-07-11,2018,surface,1,edna_ppo_00,surface,biological,14.4,28.28,8.31,NA,NA,NA,6.5,1000,0,51.65821943,-128.113325,mud,n,100,p,seagrass,zostera,seagrass_mud,zostera_mud,99.34,5.31212e-151,296,Metazoa,Arthropoda,Arthropoda,Calanoida,Paracalanidae,Paracalanus,0,0,TRUE,ASV324,6,NA
edna0049,ASV2534,motu412,Saxidomus gigantea,Butter clam,species,NA,1,NA,1,NA,8,NA,17,NA,NA,NA,Saxidomus,Washington clam species,2018_ppo_surface,ppo,beach_seine,2018-07-13,2018-07-11,2018,surface,1,edna_ppo_00,surface,biological,14.4,28.28,8.31,NA,NA,NA,6.5,1000,0,51.65821943,-128.113325,mud,n,100,p,seagrass,zostera,seagrass_mud,zostera_mud,99.68,9.126599999999999e-159,310,Metazoa,Mollusca,Mollusca,Venerida,Veneridae,Saxidomus,0,0,TRUE,ASV467,12,Saxidomus gigantea
edna0049,ASV3171,motu2538,Semibalanus balanoides,Common rock barnacle,species,NA,1,NA,NA,NA,6,NA,NA,NA,NA,NA,Semibalanus balanoides,Common rock barnacle,2018_ppo_surface,ppo,beach_seine,2018-07-13,2018-07-11,2018,surface,1,edna_ppo_00,surface,biological,14.4,28.28,8.31,NA,NA,NA,6.5,1000,0,51.65821943,-128.113325,mud,n,100,p,seagrass,zostera,seagrass_mud,zostera_mud,100,1.96163e-160,313,Metazoa,Arthropoda,Thecostraca,Balanomorpha,Balanidae,Semibalanus,0,0,TRUE,ASV3171,1,Semibalanus balanoides
edna0049,ASV3159,motu470,Paracalanus,Calanoid copepod,genus,NA,1,NA,NA,NA,7,NA,NA,NA,NA,NA,Paracalanus parvus parvus,Calanoid copepod,2018_ppo_surface,ppo,beach_seine,2018-07-13,2018-07-11,2018,surface,1,edna_ppo_00,surface,biological,14.4,28.28,8.31,NA,NA,NA,6.5,1000,0,51.65821943,-128.113325,mud,n,100,p,seagrass,zostera,seagrass_mud,zostera_mud,99.34,5.31212e-151,296,Metazoa,Arthropoda,Arthropoda,Calanoida,Paracalanidae,Paracalanus,0,0,TRUE,ASV536,6,NA
edna0049,ASV4651,motu902,Arthropoda,Unknown arthropod,phylum,NA,1,NA,NA,NA,29,NA,NA,NA,NA,NA,Arthropoda,Unknown arthropod,2018_ppo_surface,ppo,beach_seine,2018-07-13,2018-07-11,2018,surface,1,edna_ppo_00,surface,biological,14.4,28.28,8.31,NA,NA,NA,6.5,1000,0,51.65821943,-128.113325,mud,n,100,p,seagrass,zostera,seagrass_mud,zostera_mud,94.87,8.78538e-5,33,Metazoa,Arthropoda,NA,NA,NA,NA,NA,NA,TRUE,ASV1046,4,NA
edna0050,ASV258,motu228,Lensia,Siphonophore,genus,NA,1,NA,NA,NA,9,NA,NA,NA,NA,NA,Lensia,Siphonophore,2018_ppo_depth,ppo,beach_seine,2018-07-13,2018-07-11,2018,depth,1,edna_ppo_15,depth,biological,10.8,30.81,8.03,NA,NA,NA,6.5,1000,0,51.65810573,-128.1131937,mud,n,100,p,seagrass,zostera,seagrass_mud,zostera_mud,100,0.00408744,30,Metazoa,Cnidaria,Cnidaria,Siphonophorae,Diphyidae,Lensia,0,0,TRUE,ASV258,1,NA
edna0050,ASV131,motu117,Lensia,Siphonophore,genus,NA,1,NA,NA,NA,14,NA,NA,NA,NA,NA,Lensia,Siphonophore,2018_ppo_depth,ppo,beach_seine,2018-07-13,2018-07-11,2018,depth,1,edna_ppo_15,depth,biological,10.8,30.81,8.03,NA,NA,NA,6.5,1000,0,51.65810573,-128.1131937,mud,n,100,p,seagrass,zostera,seagrass_mud,zostera_mud,100,0.00408744,30,Metazoa,Cnidaria,Cnidaria,Siphonophorae,Diphyidae,Lensia,0,0,TRUE,ASV131,2,NA
edna0050,ASV452,motu183,Euchlanidae,Rotifer,family,NA,1,NA,NA,NA,99,NA,NA,NA,NA,NA,No Results,No Results,2018_ppo_depth,ppo,beach_seine,2018-07-13,2018-07-11,2018,depth,1,edna_ppo_15,depth,biological,10.8,30.81,8.03,NA,NA,NA,6.5,1000,0,51.65810573,-128.1131937,mud,n,100,p,seagrass,zostera,seagrass_mud,zostera_mud,91.35,3.005919999999998e-29,77,Metazoa,Rotifera,Rotifera,Ploima,Euchlanidae,NA,1,NA,TRUE,ASV208,2,NA
edna0050,ASV616,motu537,Mitrocoma cellularia,Cross jelly,species,NA,1,NA,NA,NA,17,NA,NA,NA,NA,NA,Mitrocoma cellularia,Cross jelly,2018_ppo_depth,ppo,beach_seine,2018-07-13,2018-07-11,2018,depth,1,edna_ppo_15,depth,biological,10.8,30.81,8.03,NA,NA,NA,6.5,1000,0,51.65810573,-128.1131937,mud,n,100,p,seagrass,zostera,seagrass_mud,zostera_mud,100,1.4886099999999998e-156,306,Metazoa,Cnidaria,Hydrozoa,Leptothecata,Mitrocomidae,Mitrocoma,0,0,TRUE,ASV616,6,Mitrocoma cellularia
edna0050,ASV739,motu643,Pseudocalanus mimus,Calanoid copepod,species,NA,1,NA,1,NA,56,NA,NA,55,NA,NA,Pseudocalanus mimus,Calanoid copepod,2018_ppo_depth,ppo,beach_seine,2018-07-13,2018-07-11,2018,depth,1,edna_ppo_15,depth,biological,10.8,30.81,8.03,NA,NA,NA,6.5,1000,0,51.65810573,-128.1131937,mud,n,100,p,seagrass,zostera,seagrass_mud,zostera_mud,99.67,9.19139e-154,301,Metazoa,Arthropoda,Copepoda,Calanoida,Clausocalanidae,Pseudocalanus,0,0,TRUE,ASV739,3,Pseudocalanus mimus
edna0050,ASV435,motu383,Pseudocalanus mimus,Calanoid copepod,species,NA,1,NA,1,NA,65,NA,103,NA,NA,59,Pseudocalanus mimus,Calanoid copepod,2018_ppo_depth,ppo,beach_seine,2018-07-13,2018-07-11,2018,depth,1,edna_ppo_15,depth,biological,10.8,30.81,8.03,NA,NA,NA,6.5,1000,0,51.65810573,-128.1131937,mud,n,100,p,seagrass,zostera,seagrass_mud,zostera_mud,99.67,9.19139e-154,301,Metazoa,Arthropoda,Copepoda,Calanoida,Clausocalanidae,Pseudocalanus,0,0,TRUE,ASV435,4,Pseudocalanus mimus
edna0050,ASV1095,motu942,Balanus,Barnacle species,genus,NA,1,NA,NA,NA,32,NA,NA,NA,NA,NA,Balanus,Barnacle species,2018_ppo_depth,ppo,beach_seine,2018-07-13,2018-07-11,2018,depth,1,edna_ppo_15,depth,biological,10.8,30.81,8.03,NA,NA,NA,6.5,1000,0,51.65810573,-128.1131937,mud,n,100,p,seagrass,zostera,seagrass_mud,zostera_mud,100,1.4886099999999998e-156,306,Metazoa,Arthropoda,Arthropoda,Balanomorpha,Balanidae,Balanus,0,0,TRUE,ASV1095,4,NA
edna0050,ASV1546,motu1303,Chaetognatha,Arrow worm,phylum,NA,1,NA,NA,NA,11,NA,NA,NA,NA,NA,Chaetognatha,Arrow worm,2018_ppo_depth,ppo,beach_seine,2018-07-13,2018-07-11,2018,depth,1,edna_ppo_15,depth,biological,10.8,30.81,8.03,NA,NA,NA,6.5,1000,0,51.65810573,-128.1131937,mud,n,100,p,seagrass,zostera,seagrass_mud,zostera_mud,95.02,1.63074e-81,171,Metazoa,Chaetognatha,NA,NA,NA,NA,0,0,TRUE,ASV1546,2,NA
edna0050,ASV1046,motu902,Arthropoda,Unknown arthropod,phylum,NA,1,NA,1,NA,16,NA,NA,NA,NA,6,Arthropoda,Unknown arthropod,2018_ppo_depth,ppo,beach_seine,2018-07-13,2018-07-11,2018,depth,1,edna_ppo_15,depth,biological,10.8,30.81,8.03,NA,NA,NA,6.5,1000,0,51.65810573,-128.1131937,mud,n,100,p,seagrass,zostera,seagrass_mud,zostera_mud,94.87,8.78538e-5,33,Metazoa,Arthropoda,NA,NA,NA,NA,NA,NA,TRUE,ASV1046,4,NA
edna0050,ASV1443,motu1220,Orobdella,Freshwater leech,genus,NA,1,1,NA,NA,56,21,NA,NA,NA,NA,Orobdella,Freshwater leech,2018_ppo_depth,ppo,beach_seine,2018-07-13,2018-07-11,2018,depth,1,edna_ppo_15,depth,biological,10.8,30.81,8.03,NA,NA,NA,6.5,1000,0,51.65810573,-128.1131937,mud,n,100,p,seagrass,zostera,seagrass_mud,zostera_mud,97.06,0.0011939,31,Metazoa,Annelida,Annelida,Erpobdelliformes,Orobdellidae,Orobdella,NA,NA,TRUE,ASV1443,1,NA
edna0050,ASV1747,motu1458,Armandia brevis,Opheliid polychaete,species,NA,1,1,NA,NA,13,6,NA,NA,NA,NA,Armandia brevis,Opheliid polychaete,2018_ppo_depth,ppo,beach_seine,2018-07-13,2018-07-11,2018,depth,1,edna_ppo_15,depth,biological,10.8,30.81,8.03,NA,NA,NA,6.5,1000,0,51.65810573,-128.1131937,mud,n,100,p,seagrass,zostera,seagrass_mud,zostera_mud,100,3.4804099999999994e-173,336,Metazoa,Annelida,Polychaeta,NA,Opheliidae,Armandia,0,0,TRUE,ASV1747,1,Armandia brevis
edna0050,ASV2849,motu2303,Acartia (Acartiura) longiremis,Calanoid copepod,species,NA,1,NA,NA,NA,45,NA,NA,NA,NA,NA,Acartia (Acartiura) longiremis,Calanoid copepod,2018_ppo_depth,ppo,beach_seine,2018-07-13,2018-07-11,2018,depth,1,edna_ppo_15,depth,biological,10.8,30.81,8.03,NA,NA,NA,6.5,1000,0,51.65810573,-128.1131937,mud,n,100,p,seagrass,zostera,seagrass_mud,zostera_mud,99.04,5.492799999999996e-156,305,Metazoa,Arthropoda,Copepoda,Calanoida,Acartiidae,Acartia,0,0,TRUE,ASV2849,1,Acartia (Acartiura) longiremis
edna0050,ASV1805,motu1504,Cistenides granulata,Trumpet worm,species,NA,1,NA,1,NA,14,NA,12,NA,NA,NA,Cistenides granulata,Trumpet worm,2018_ppo_depth,ppo,beach_seine,2018-07-13,2018-07-11,2018,depth,1,edna_ppo_15,depth,biological,10.8,30.81,8.03,NA,NA,NA,6.5,1000,0,51.65810573,-128.1131937,mud,n,100,p,seagrass,zostera,seagrass_mud,zostera_mud,100,1.4886099999999998e-156,306,Metazoa,Annelida,Polychaeta,Terebellida,Pectinariidae,Pectinaria,0,0,TRUE,ASV1805,1,Cistenides granulata
edna0050,ASV2797,motu2260,Armandia brevis,Opheliid polychaete,species,NA,1,NA,NA,NA,10,NA,NA,NA,NA,NA,Armandia brevis,Opheliid polychaete,2018_ppo_depth,ppo,beach_seine,2018-07-13,2018-07-11,2018,depth,1,edna_ppo_15,depth,biological,10.8,30.81,8.03,NA,NA,NA,6.5,1000,0,51.65810573,-128.1131937,mud,n,100,p,seagrass,zostera,seagrass_mud,zostera_mud,100,2.708459999999999e-174,338,Metazoa,Annelida,Polychaeta,NA,Opheliidae,Armandia,0,0,TRUE,ASV2797,1,Armandia brevis
edna0050,ASV2725,motu2208,Pseudocalanus mimus,Calanoid copepod,species,NA,1,NA,NA,NA,11,NA,NA,NA,NA,NA,Pseudocalanus mimus,Calanoid copepod,2018_ppo_depth,ppo,beach_seine,2018-07-13,2018-07-11,2018,depth,1,edna_ppo_15,depth,biological,10.8,30.81,8.03,NA,NA,NA,6.5,1000,0,51.65810573,-128.1131937,mud,n,100,p,seagrass,zostera,seagrass_mud,zostera_mud,100,1.18898e-152,299,Metazoa,Arthropoda,Copepoda,Calanoida,Clausocalanidae,Pseudocalanus,0,0,TRUE,ASV2725,1,Pseudocalanus mimus
edna0050,ASV3651,motu1310,Metridia pacifica,Calanoid copepod,species,NA,1,NA,NA,NA,57,NA,NA,NA,NA,NA,Metridia pacifica,Calanoid copepod,2018_ppo_depth,ppo,beach_seine,2018-07-13,2018-07-11,2018,depth,1,edna_ppo_15,depth,biological,10.8,30.81,8.03,NA,NA,NA,6.5,1000,0,51.65810573,-128.1131937,mud,n,100,p,seagrass,zostera,seagrass_mud,zostera_mud,100,7.02982e-160,312,Metazoa,Arthropoda,Copepoda,Calanoida,Metridinidae,Metridia,0,0,TRUE,ASV1555,6,Metridia pacifica
edna0050,ASV4681,motu2441,Corynidae,Athecate hydroid,family,NA,1,NA,NA,NA,5,NA,NA,NA,NA,NA,Corynidae,Athecate hydroid,2018_ppo_depth,ppo,beach_seine,2018-07-13,2018-07-11,2018,depth,1,edna_ppo_15,depth,biological,10.8,30.81,8.03,NA,NA,NA,6.5,1000,0,51.65810573,-128.1131937,mud,n,100,p,seagrass,zostera,seagrass_mud,zostera_mud,93.79,7.41348e-125,249,Metazoa,Cnidaria,Cnidaria,Anthoathecata,Corynidae,NA,0,0,TRUE,ASV3029,2,NA
edna0050,ASV3401,motu2703,Arctonoe pulchra,Red commensal scale worm,species,NA,1,NA,1,NA,34,NA,19,30,NA,14,Arctonoe pulchra,Red commensal scale worm,2018_ppo_depth,ppo,beach_seine,2018-07-13,2018-07-11,2018,depth,1,edna_ppo_15,depth,biological,10.8,30.81,8.03,NA,NA,NA,6.5,1000,0,51.65810573,-128.1131937,mud,n,100,p,seagrass,zostera,seagrass_mud,zostera_mud,100,2.4540699999999983e-154,302,Metazoa,Annelida,Polychaeta,Phyllodocida,Polynoidae,Arctonoe,0,0,TRUE,ASV3401,1,Arctonoe pulchra
edna0050,ASV5156,motu3968,Arctonoe pulchra,Red commensal scale worm,species,NA,1,NA,NA,NA,27,NA,NA,NA,NA,NA,Arctonoe pulchra,Red commensal scale worm,2018_ppo_depth,ppo,beach_seine,2018-07-13,2018-07-11,2018,depth,1,edna_ppo_15,depth,biological,10.8,30.81,8.03,NA,NA,NA,6.5,1000,0,51.65810573,-128.1131937,mud,n,100,p,seagrass,zostera,seagrass_mud,zostera_mud,100,2.4540699999999983e-154,302,Metazoa,Annelida,Polychaeta,Phyllodocida,Polynoidae,Arctonoe,0,0,TRUE,ASV5156,1,Arctonoe pulchra
edna0050,ASV4544,motu920,Arthropoda,Unknown arthropod,phylum,NA,1,NA,NA,NA,28,NA,NA,NA,NA,NA,Arthropoda,Unknown arthropod,2018_ppo_depth,ppo,beach_seine,2018-07-13,2018-07-11,2018,depth,1,edna_ppo_15,depth,biological,10.8,30.81,8.03,NA,NA,NA,6.5,1000,0,51.65810573,-128.1131937,mud,n,100,p,seagrass,zostera,seagrass_mud,zostera_mud,94.87,8.78538e-5,33,Metazoa,Arthropoda,NA,NA,NA,NA,NA,NA,TRUE,ASV1068,4,NA
edna0050,ASV6894,motu3607,Lottia paradigitalis,Boreal limpet,species,NA,1,NA,NA,NA,2,NA,NA,NA,NA,NA,Lottia paradigitalis,Boreal limpet,2018_ppo_depth,ppo,beach_seine,2018-07-13,2018-07-11,2018,depth,1,edna_ppo_15,depth,biological,10.8,30.81,8.03,NA,NA,NA,6.5,1000,0,51.65810573,-128.1131937,mud,n,100,p,seagrass,zostera,seagrass_mud,zostera_mud,100,7.171369999999997e-160,312,Metazoa,Mollusca,Gastropoda,NA,Lottiidae,Lottia,0,0,TRUE,ASV4648,2,Lottia paradigitalis
edna0051,ASV452,motu183,Euchlanidae,Rotifer,family,NA,1,NA,NA,NA,64,NA,NA,NA,NA,NA,No Results,No Results,2018_ppo_surface,ppo,beach_seine,2018-07-13,2018-07-11,2018,surface,2,edna_ppo_30,surface,biological,14.4,28.26,8.23,NA,NA,NA,6.5,1000,0,51.65799974,-128.113112,mud,n,100,p,seagrass,zostera,seagrass_mud,zostera_mud,91.35,3.005919999999998e-29,77,Metazoa,Rotifera,Rotifera,Ploima,Euchlanidae,NA,1,NA,TRUE,ASV208,2,NA
edna0051,ASV744,motu648,Evasterias troschelii,False ochre star,species,NA,1,NA,NA,NA,8,NA,NA,NA,NA,NA,Evasterias troschelii,False ochre star,2018_ppo_surface,ppo,beach_seine,2018-07-13,2018-07-11,2018,surface,2,edna_ppo_30,surface,biological,14.4,28.26,8.23,NA,NA,NA,6.5,1000,0,51.65799974,-128.113112,mud,n,100,p,seagrass,zostera,seagrass_mud,zostera_mud,100,1.96163e-160,313,Metazoa,Echinodermata,Asteroidea,Forcipulatida,Asteriidae,Evasterias,0,0,TRUE,ASV744,1,Evasterias troschelii
edna0051,ASV834,motu128,Centropages abdominalis,Calanoid copepod,species,NA,1,1,1,NA,70,5,3,NA,NA,NA,Centropages abdominalis,Calanoid copepod,2018_ppo_surface,ppo,beach_seine,2018-07-13,2018-07-11,2018,surface,2,edna_ppo_30,surface,biological,14.4,28.26,8.23,NA,NA,NA,6.5,1000,0,51.65799974,-128.113112,mud,n,100,p,seagrass,zostera,seagrass_mud,zostera_mud,99.68,9.126599999999999e-159,310,Metazoa,Arthropoda,Copepoda,Calanoida,Centropagidae,Centropages,0,0,TRUE,ASV143,11,Centropages abdominalis
edna0051,ASV772,motu672,Parastenocarididae,Harpacticoid copepod,family,NA,1,NA,1,NA,45,NA,49,NA,NA,NA,Parastenocarididae,Harpacticoid copepod,2018_ppo_surface,ppo,beach_seine,2018-07-13,2018-07-11,2018,surface,2,edna_ppo_30,surface,biological,14.4,28.26,8.23,NA,NA,NA,6.5,1000,0,51.65799974,-128.113112,mud,n,100,p,seagrass,zostera,seagrass_mud,zostera_mud,94.59,0.00408744,30,Metazoa,Arthropoda,Arthropoda,Harpacticoida,Parastenocarididae,NA,1,0,TRUE,ASV772,1,NA
edna0051,ASV750,motu654,Orobdella,Freshwater leech,genus,NA,1,NA,1,NA,19,NA,NA,32,NA,27,Orobdella,Freshwater leech,2018_ppo_surface,ppo,beach_seine,2018-07-13,2018-07-11,2018,surface,2,edna_ppo_30,surface,biological,14.4,28.26,8.23,NA,NA,NA,6.5,1000,0,51.65799974,-128.113112,mud,n,100,p,seagrass,zostera,seagrass_mud,zostera_mud,97.06,0.00121031,31,Metazoa,Annelida,Annelida,Erpobdelliformes,Orobdellidae,Orobdella,NA,NA,TRUE,ASV750,1,NA
edna0051,ASV1013,motu876,Orobdella,Freshwater leech,genus,NA,1,NA,1,NA,12,NA,49,NA,NA,NA,Orobdella,Freshwater leech,2018_ppo_surface,ppo,beach_seine,2018-07-13,2018-07-11,2018,surface,2,edna_ppo_30,surface,biological,14.4,28.26,8.23,NA,NA,NA,6.5,1000,0,51.65799974,-128.113112,mud,n,100,p,seagrass,zostera,seagrass_mud,zostera_mud,97.06,0.00121031,31,Metazoa,Annelida,Annelida,Erpobdelliformes,Orobdellidae,Orobdella,NA,NA,TRUE,ASV1013,1,NA
edna0051,ASV713,motu350,Synchaeta pectinata,Rotifer,species,NA,1,NA,1,NA,26,NA,NA,NA,NA,13,Synchaeta pectinata,Rotifer,2018_ppo_surface,ppo,beach_seine,2018-07-13,2018-07-11,2018,surface,2,edna_ppo_30,surface,biological,14.4,28.26,8.23,NA,NA,NA,6.5,1000,0,51.65799974,-128.113112,mud,n,100,p,seagrass,zostera,seagrass_mud,zostera_mud,90.79,3.5361899999999996e-113,228,Metazoa,Rotifera,Eurotatoria,Ploima,Synchaetidae,Synchaeta,0,0,TRUE,ASV398,4,Synchaeta pectinata
edna0051,ASV1384,motu1168,Membranipora membranacea,Coffin box bryozoan,species,NA,1,NA,NA,NA,5,NA,NA,NA,NA,NA,Membranipora membranacea,Coffin box bryozoan,2018_ppo_surface,ppo,beach_seine,2018-07-13,2018-07-11,2018,surface,2,edna_ppo_30,surface,biological,14.4,28.26,8.23,NA,NA,NA,6.5,1000,0,51.65799974,-128.113112,mud,n,100,p,seagrass,zostera,seagrass_mud,zostera_mud,100,9.252979999999995e-139,274,Metazoa,Bryozoa,Gymnolaemata,Cheilostomatida,Membraniporidae,Membranipora,0,0,TRUE,ASV1384,2,Membranipora membranacea
edna0051,ASV1742,motu1454,Micropodarke dubia,Hesionid polychaete,species,NA,1,NA,NA,NA,43,NA,NA,NA,NA,NA,Micropodarke dubia,Hesionid polychaete,2018_ppo_surface,ppo,beach_seine,2018-07-13,2018-07-11,2018,surface,2,edna_ppo_30,surface,biological,14.4,28.26,8.23,NA,NA,NA,6.5,1000,0,51.65799974,-128.113112,mud,n,100,p,seagrass,zostera,seagrass_mud,zostera_mud,100,1.96163e-160,313,Metazoa,Annelida,Polychaeta,Phyllodocida,Hesionidae,Micropodarke,0,0,TRUE,ASV1742,2,Micropodarke dubia
edna0051,ASV1791,motu1494,Saxidomus nuttalli,California butterclam,species,NA,1,1,NA,NA,10,3,NA,NA,NA,NA,Saxidomus nuttalli,California butterclam,2018_ppo_surface,ppo,beach_seine,2018-07-13,2018-07-11,2018,surface,2,edna_ppo_30,surface,biological,14.4,28.26,8.23,NA,NA,NA,6.5,1000,0,51.65799974,-128.113112,mud,n,100,p,seagrass,zostera,seagrass_mud,zostera_mud,99.68,4.246189999999999e-157,307,Metazoa,Mollusca,Bivalvia,Venerida,Veneridae,Saxidomus,0,0,TRUE,ASV1791,2,Saxidomus nuttalli
edna0051,ASV1137,motu976,Metridia pacifica,Calanoid copepod,species,NA,1,NA,1,NA,34,NA,40,33,NA,20,Metridia pacifica,Calanoid copepod,2018_ppo_surface,ppo,beach_seine,2018-07-13,2018-07-11,2018,surface,2,edna_ppo_30,surface,biological,14.4,28.26,8.23,NA,NA,NA,6.5,1000,0,51.65799974,-128.113112,mud,n,100,p,seagrass,zostera,seagrass_mud,zostera_mud,100,1.96163e-160,313,Metazoa,Arthropoda,Copepoda,Calanoida,Metridinidae,Metridia,0,0,TRUE,ASV1137,4,Metridia pacifica
edna0051,ASV1555,motu1310,Metridia pacifica,Calanoid copepod,species,NA,1,1,1,NA,37,17,32,42,NA,NA,Metridia pacifica,Calanoid copepod,2018_ppo_surface,ppo,beach_seine,2018-07-13,2018-07-11,2018,surface,2,edna_ppo_30,surface,biological,14.4,28.26,8.23,NA,NA,NA,6.5,1000,0,51.65799974,-128.113112,mud,n,100,p,seagrass,zostera,seagrass_mud,zostera_mud,100,1.96163e-160,313,Metazoa,Arthropoda,Copepoda,Calanoida,Metridinidae,Metridia,0,0,TRUE,ASV1555,6,Metridia pacifica
edna0051,ASV2228,motu1836,Saxidomus nuttalli,California butterclam,species,NA,1,NA,NA,NA,10,NA,NA,NA,NA,NA,Saxidomus nuttalli,California butterclam,2018_ppo_surface,ppo,beach_seine,2018-07-13,2018-07-11,2018,surface,2,edna_ppo_30,surface,biological,14.4,28.26,8.23,NA,NA,NA,6.5,1000,0,51.65799974,-128.113112,mud,n,100,p,seagrass,zostera,seagrass_mud,zostera_mud,99.68,4.246189999999999e-157,307,Metazoa,Mollusca,Bivalvia,Venerida,Veneridae,Saxidomus,0,0,TRUE,ASV2228,1,Saxidomus nuttalli
edna0051,ASV2138,motu470,Paracalanus,Calanoid copepod,genus,NA,1,NA,NA,NA,36,NA,NA,NA,NA,NA,Paracalanus parvus parvus,Calanoid copepod,2018_ppo_surface,ppo,beach_seine,2018-07-13,2018-07-11,2018,surface,2,edna_ppo_30,surface,biological,14.4,28.26,8.23,NA,NA,NA,6.5,1000,0,51.65799974,-128.113112,mud,n,100,p,seagrass,zostera,seagrass_mud,zostera_mud,99.67,1.14177e-152,299,Metazoa,Arthropoda,Arthropoda,Calanoida,Paracalanidae,Paracalanus,0,0,TRUE,ASV536,6,NA
edna0051,ASV1818,motu1514,Platynereis,Ragworm,genus,NA,1,NA,1,NA,141,NA,NA,41,NA,71,Platynereis,Ragworm,2018_ppo_surface,ppo,beach_seine,2018-07-13,2018-07-11,2018,surface,2,edna_ppo_30,surface,biological,14.4,28.26,8.23,NA,NA,NA,6.5,1000,0,51.65799974,-128.113112,mud,n,100,p,seagrass,zostera,seagrass_mud,zostera_mud,100,1.96163e-160,313,Metazoa,Annelida,Polychaeta,Phyllodocida,Nereididae,Platynereis,0,0,TRUE,ASV1818,1,NA
edna0051,ASV1569,motu1322,Clinocardium nuttallii,Basket cockle,species,NA,1,NA,NA,NA,3,NA,NA,NA,NA,NA,Clinocardium nuttallii,Basket cockle,2018_ppo_surface,ppo,beach_seine,2018-07-13,2018-07-11,2018,surface,2,edna_ppo_30,surface,biological,14.4,28.26,8.23,NA,NA,NA,6.5,1000,0,51.65799974,-128.113112,mud,n,100,p,seagrass,zostera,seagrass_mud,zostera_mud,100,2.4540699999999983e-154,302,Metazoa,Mollusca,Bivalvia,Cardiida,Cardiidae,Clinocardium,0,0,TRUE,ASV1569,2,Clinocardium nuttallii
edna0051,ASV3090,motu2487,Platynereis,Ragworm,genus,NA,1,NA,NA,NA,136,NA,NA,NA,NA,NA,Platynereis,Ragworm,2018_ppo_surface,ppo,beach_seine,2018-07-13,2018-07-11,2018,surface,2,edna_ppo_30,surface,biological,14.4,28.26,8.23,NA,NA,NA,6.5,1000,0,51.65799974,-128.113112,mud,n,100,p,seagrass,zostera,seagrass_mud,zostera_mud,100,5.334159999999996e-156,305,Metazoa,Annelida,Polychaeta,Phyllodocida,Nereididae,Platynereis,0,0,TRUE,ASV3090,1,NA
edna0051,ASV2651,motu2153,Clinocardium nuttallii,Basket cockle,species,NA,1,NA,NA,NA,5,NA,NA,NA,NA,NA,Clinocardium nuttallii,Basket cockle,2018_ppo_surface,ppo,beach_seine,2018-07-13,2018-07-11,2018,surface,2,edna_ppo_30,surface,biological,14.4,28.26,8.23,NA,NA,NA,6.5,1000,0,51.65799974,-128.113112,mud,n,100,p,seagrass,zostera,seagrass_mud,zostera_mud,100,2.4540699999999983e-154,302,Metazoa,Mollusca,Bivalvia,Cardiida,Cardiidae,Clinocardium,0,0,TRUE,ASV2651,1,Clinocardium nuttallii
edna0051,ASV2003,motu31,Centropages abdominalis,Calanoid copepod,species,NA,1,1,1,NA,100,43,138,75,NA,NA,Centropages abdominalis,Calanoid copepod,2018_ppo_surface,ppo,beach_seine,2018-07-13,2018-07-11,2018,surface,2,edna_ppo_30,surface,biological,14.4,28.26,8.23,NA,NA,NA,6.5,1000,0,51.65799974,-128.113112,mud,n,100,p,seagrass,zostera,seagrass_mud,zostera_mud,99.68,9.126599999999999e-159,310,Metazoa,Arthropoda,Copepoda,Calanoida,Centropagidae,Centropages,0,0,TRUE,ASV34,19,Centropages abdominalis
edna0051,ASV3356,motu2675,Chaetognatha,Arrow worm,phylum,NA,1,NA,NA,NA,13,NA,NA,NA,NA,NA,Chaetognatha,Arrow worm,2018_ppo_surface,ppo,beach_seine,2018-07-13,2018-07-11,2018,surface,2,edna_ppo_30,surface,biological,14.4,28.26,8.23,NA,NA,NA,6.5,1000,0,51.65799974,-128.113112,mud,n,100,p,seagrass,zostera,seagrass_mud,zostera_mud,98.01,1.6078299999999998e-91,189,Metazoa,Chaetognatha,NA,NA,NA,NA,0,0,TRUE,ASV3356,1,NA
edna0051,ASV3669,motu1837,Balanus glandula,Acorn barnacle,species,NA,1,NA,NA,NA,15,NA,NA,NA,NA,NA,Balanus glandula,Acorn barnacle,2018_ppo_surface,ppo,beach_seine,2018-07-13,2018-07-11,2018,surface,2,edna_ppo_30,surface,biological,14.4,28.26,8.23,NA,NA,NA,6.5,1000,0,51.65799974,-128.113112,mud,n,100,p,seagrass,zostera,seagrass_mud,zostera_mud,99.68,1.5051499999999994e-156,306,Metazoa,Arthropoda,Thecostraca,Balanomorpha,Balanidae,Balanus,0,0,TRUE,ASV2229,2,Balanus glandula
edna0051,ASV3266,motu2608,Arthropoda,Unknown arthropod,phylum,NA,1,NA,NA,NA,6,NA,NA,NA,NA,NA,Arthropoda,Unknown arthropod,2018_ppo_surface,ppo,beach_seine,2018-07-13,2018-07-11,2018,surface,2,edna_ppo_30,surface,biological,14.4,28.26,8.23,NA,NA,NA,6.5,1000,0,51.65799974,-128.113112,mud,n,100,p,seagrass,zostera,seagrass_mud,zostera_mud,100,0.014701,29,Metazoa,Arthropoda,NA,NA,NA,NA,NA,NA,TRUE,ASV3266,1,NA
edna0051,ASV3803,motu2992,Balanus glandula,Acorn barnacle,species,NA,1,NA,NA,NA,24,NA,NA,NA,NA,NA,Balanus glandula,Acorn barnacle,2018_ppo_surface,ppo,beach_seine,2018-07-13,2018-07-11,2018,surface,2,edna_ppo_30,surface,biological,14.4,28.26,8.23,NA,NA,NA,6.5,1000,0,51.65799974,-128.113112,mud,n,100,p,seagrass,zostera,seagrass_mud,zostera_mud,99.68,1.5051499999999994e-156,306,Metazoa,Arthropoda,Thecostraca,Balanomorpha,Balanidae,Balanus,0,0,TRUE,ASV3803,1,Balanus glandula
edna0051,ASV2376,motu1949,Euphausia pacifica,North Pacific krill,species,NA,1,1,1,NA,8,5,8,9,NA,NA,Euphausia pacifica,North Pacific krill,2018_ppo_surface,ppo,beach_seine,2018-07-13,2018-07-11,2018,surface,2,edna_ppo_30,surface,biological,14.4,28.26,8.23,NA,NA,NA,6.5,1000,0,51.65799974,-128.113112,mud,n,100,p,seagrass,zostera,seagrass_mud,zostera_mud,100,3.2351099999999996e-158,309,Metazoa,Arthropoda,Malacostraca,Euphausiacea,Euphausiidae,Euphausia,0,0,TRUE,ASV2376,1,Euphausia pacifica
edna0051,ASV3072,motu920,Arthropoda,Unknown arthropod,phylum,NA,1,NA,1,NA,14,NA,NA,NA,NA,30,Arthropoda,Unknown arthropod,2018_ppo_surface,ppo,beach_seine,2018-07-13,2018-07-11,2018,surface,2,edna_ppo_30,surface,biological,14.4,28.26,8.23,NA,NA,NA,6.5,1000,0,51.65799974,-128.113112,mud,n,100,p,seagrass,zostera,seagrass_mud,zostera_mud,94.87,8.78538e-5,33,Metazoa,Arthropoda,NA,NA,NA,NA,NA,NA,TRUE,ASV1068,4,NA
edna0051,ASV2881,motu2328,Coleoptera,Hexapod,order,NA,1,NA,NA,NA,2,NA,NA,NA,NA,NA,Coleoptera,Hexapod,2018_ppo_surface,ppo,beach_seine,2018-07-13,2018-07-11,2018,surface,2,edna_ppo_30,surface,biological,14.4,28.26,8.23,NA,NA,NA,6.5,1000,0,51.65799974,-128.113112,mud,n,100,p,seagrass,zostera,seagrass_mud,zostera_mud,100,0.00110774,31,Metazoa,Arthropoda,Arthropoda,Coleoptera,NA,NA,NA,NA,TRUE,ASV2881,1,NA
edna0051,ASV2852,motu2305,Coleoptera,Hexapod,order,NA,1,NA,NA,NA,2,NA,NA,NA,NA,NA,Coleoptera,Hexapod,2018_ppo_surface,ppo,beach_seine,2018-07-13,2018-07-11,2018,surface,2,edna_ppo_30,surface,biological,14.4,28.26,8.23,NA,NA,NA,6.5,1000,0,51.65799974,-128.113112,mud,n,100,p,seagrass,zostera,seagrass_mud,zostera_mud,100,0.00110774,31,Metazoa,Arthropoda,Arthropoda,Coleoptera,NA,NA,NA,NA,TRUE,ASV2852,1,NA
edna0051,ASV4232,motu3317,Tubulanus,Ribbon worm,genus,NA,1,NA,NA,NA,2,NA,NA,NA,NA,NA,Tubulanus,Ribbon worm,2018_ppo_surface,ppo,beach_seine,2018-07-13,2018-07-11,2018,surface,2,edna_ppo_30,surface,biological,14.4,28.26,8.23,NA,NA,NA,6.5,1000,0,51.65799974,-128.113112,mud,n,100,p,seagrass,zostera,seagrass_mud,zostera_mud,100,7.1053799999999944e-155,303,Metazoa,Nemertea,Palaeonemertea,Tubulaniformes,Tubulanidae,Tubulanus,0,0,TRUE,ASV4232,1,NA
edna0051,ASV2782,motu902,Arthropoda,Unknown arthropod,phylum,NA,1,NA,1,NA,15,NA,37,NA,NA,28,Arthropoda,Unknown arthropod,2018_ppo_surface,ppo,beach_seine,2018-07-13,2018-07-11,2018,surface,2,edna_ppo_30,surface,biological,14.4,28.26,8.23,NA,NA,NA,6.5,1000,0,51.65799974,-128.113112,mud,n,100,p,seagrass,zostera,seagrass_mud,zostera_mud,94.87,8.78538e-5,33,Metazoa,Arthropoda,NA,NA,NA,NA,NA,NA,TRUE,ASV1046,4,NA
edna0051,ASV5674,motu593,Strongylocentrotus droebachiensis,Green sea urcin,species,NA,1,NA,NA,NA,2,NA,NA,NA,NA,NA,Strongylocentrotus droebachiensis,Green sea urcin,2018_ppo_surface,ppo,beach_seine,2018-07-13,2018-07-11,2018,surface,2,edna_ppo_30,surface,biological,14.4,28.26,8.23,NA,NA,NA,6.5,1000,0,51.65799974,-128.113112,mud,n,100,p,seagrass,zostera,seagrass_mud,zostera_mud,99.68,9.126599999999999e-159,310,Metazoa,Echinodermata,Echinodermata,Camarodonta,Strongylocentrotidae,Strongylocentrotus,0,0,TRUE,ASV682,2,Strongylocentrotus droebachiensis
edna0051,ASV6150,motu4740,Pleurobrachia bachei,Pacific sea gooseberry,species,NA,1,NA,NA,NA,10,NA,NA,NA,NA,NA,Pleurobrachia bachei,Pacific sea gooseberry,2018_ppo_surface,ppo,beach_seine,2018-07-13,2018-07-11,2018,surface,2,edna_ppo_30,surface,biological,14.4,28.26,8.23,NA,NA,NA,6.5,1000,0,51.65799974,-128.113112,mud,n,100,p,seagrass,zostera,seagrass_mud,zostera_mud,99.04,1.97556e-155,304,Metazoa,Ctenophora,Tentaculata,Cydippida,Cydippidae,Pleurobrachia,0,0,TRUE,ASV6150,2,Pleurobrachia bachei
edna0051,ASV6662,motu2995,Lottia paradigitalis,Boreal limpet,species,NA,1,NA,NA,NA,3,NA,NA,NA,NA,NA,Lottia paradigitalis,Boreal limpet,2018_ppo_surface,ppo,beach_seine,2018-07-13,2018-07-11,2018,surface,2,edna_ppo_30,surface,biological,14.4,28.26,8.23,NA,NA,NA,6.5,1000,0,51.65799974,-128.113112,mud,n,100,p,seagrass,zostera,seagrass_mud,zostera_mud,100,7.171369999999997e-160,312,Metazoa,Mollusca,Gastropoda,NA,Lottiidae,Lottia,0,0,TRUE,ASV3808,2,Lottia paradigitalis
edna0051,ASV5460,motu4193,Aurelia labiata,Moon jelly species,species,NA,1,NA,NA,NA,2,NA,NA,NA,NA,NA,Aurelia labiata,Moon jelly species,2018_ppo_surface,ppo,beach_seine,2018-07-13,2018-07-11,2018,surface,2,edna_ppo_30,surface,biological,14.4,28.26,8.23,NA,NA,NA,6.5,1000,0,51.65799974,-128.113112,mud,n,100,p,seagrass,zostera,seagrass_mud,zostera_mud,100,1.96163e-160,313,Metazoa,Cnidaria,Scyphozoa,Semaeostomeae,Ulmaridae,Aurelia,0,0,TRUE,ASV5460,1,Aurelia labiata
edna0051,ASV7013,motu5459,Ameritella modesta,Tellin,species,NA,1,NA,NA,NA,4,NA,NA,NA,NA,NA,Ameritella modesta,Tellin,2018_ppo_surface,ppo,beach_seine,2018-07-13,2018-07-11,2018,surface,2,edna_ppo_30,surface,biological,14.4,28.26,8.23,NA,NA,NA,6.5,1000,0,51.65799974,-128.113112,mud,n,100,p,seagrass,zostera,seagrass_mud,zostera_mud,99.68,9.310369999999999e-159,310,Metazoa,Mollusca,Bivalvia,Cardiida,Tellinidae,Ameritella,0,0,TRUE,ASV7013,1,Ameritella modesta
edna0052,ASV258,motu228,Lensia,Siphonophore,genus,NA,1,NA,NA,NA,17,NA,NA,NA,NA,NA,Lensia,Siphonophore,2018_ppo_depth,ppo,beach_seine,2018-07-13,2018-07-11,2018,depth,2,edna_ppo_00,depth,biological,11.1,30.58,8.08,NA,NA,NA,6.5,1000,0,51.65821943,-128.113325,mud,n,100,p,seagrass,zostera,seagrass_mud,zostera_mud,100,0.00408744,30,Metazoa,Cnidaria,Cnidaria,Siphonophorae,Diphyidae,Lensia,0,0,TRUE,ASV258,1,NA
edna0052,ASV131,motu117,Lensia,Siphonophore,genus,NA,1,1,1,NA,15,7,NA,5,NA,NA,Lensia,Siphonophore,2018_ppo_depth,ppo,beach_seine,2018-07-13,2018-07-11,2018,depth,2,edna_ppo_00,depth,biological,11.1,30.58,8.08,NA,NA,NA,6.5,1000,0,51.65821943,-128.113325,mud,n,100,p,seagrass,zostera,seagrass_mud,zostera_mud,100,0.00408744,30,Metazoa,Cnidaria,Cnidaria,Siphonophorae,Diphyidae,Lensia,0,0,TRUE,ASV131,2,NA
edna0052,ASV233,motu74,Euchlanidae,Rotifer,family,NA,1,NA,NA,NA,28,NA,NA,NA,NA,NA,No Results,No Results,2018_ppo_depth,ppo,beach_seine,2018-07-13,2018-07-11,2018,depth,2,edna_ppo_00,depth,biological,11.1,30.58,8.08,NA,NA,NA,6.5,1000,0,51.65821943,-128.113325,mud,n,100,p,seagrass,zostera,seagrass_mud,zostera_mud,91.35,3.005919999999998e-29,77,Metazoa,Rotifera,Rotifera,Ploima,Euchlanidae,NA,1,NA,TRUE,ASV84,2,NA
edna0052,ASV336,motu296,Pseudocalanus newmani,Calanoid copepod,species,NA,1,NA,1,NA,171,NA,NA,85,NA,82,Pseudocalanus newmani,Calanoid copepod,2018_ppo_depth,ppo,beach_seine,2018-07-13,2018-07-11,2018,depth,2,edna_ppo_00,depth,biological,11.1,30.58,8.08,NA,NA,NA,6.5,1000,0,51.65821943,-128.113325,mud,n,100,p,seagrass,zostera,seagrass_mud,zostera_mud,100,1.96163e-160,313,Metazoa,Arthropoda,Copepoda,Calanoida,Clausocalanidae,Pseudocalanus,0,0,TRUE,ASV336,4,Pseudocalanus newmani
edna0052,ASV580,motu150,Pseudocalanus mimus,Calanoid copepod,species,NA,1,1,NA,NA,132,74,NA,NA,NA,NA,Pseudocalanus mimus,Calanoid copepod,2018_ppo_depth,ppo,beach_seine,2018-07-13,2018-07-11,2018,depth,2,edna_ppo_00,depth,biological,11.1,30.58,8.08,NA,NA,NA,6.5,1000,0,51.65821943,-128.113325,mud,n,100,p,seagrass,zostera,seagrass_mud,zostera_mud,99.67,9.19139e-154,301,Metazoa,Arthropoda,Copepoda,Calanoida,Clausocalanidae,Pseudocalanus,0,0,TRUE,ASV171,10,Pseudocalanus mimus
edna0052,ASV1006,motu281,Pseudocalanus newmani,Calanoid copepod,species,NA,1,NA,NA,NA,189,NA,NA,NA,NA,NA,Pseudocalanus newmani,Calanoid copepod,2018_ppo_depth,ppo,beach_seine,2018-07-13,2018-07-11,2018,depth,2,edna_ppo_00,depth,biological,11.1,30.58,8.08,NA,NA,NA,6.5,1000,0,51.65821943,-128.113325,mud,n,100,p,seagrass,zostera,seagrass_mud,zostera_mud,99.68,9.126599999999999e-159,310,Metazoa,Arthropoda,Copepoda,Calanoida,Clausocalanidae,Pseudocalanus,0,0,TRUE,ASV320,6,Pseudocalanus newmani
edna0052,ASV1013,motu876,Orobdella,Freshwater leech,genus,NA,1,NA,NA,NA,73,NA,NA,NA,NA,NA,Orobdella,Freshwater leech,2018_ppo_depth,ppo,beach_seine,2018-07-13,2018-07-11,2018,depth,2,edna_ppo_00,depth,biological,11.1,30.58,8.08,NA,NA,NA,6.5,1000,0,51.65821943,-128.113325,mud,n,100,p,seagrass,zostera,seagrass_mud,zostera_mud,97.06,0.00121031,31,Metazoa,Annelida,Annelida,Erpobdelliformes,Orobdellidae,Orobdella,NA,NA,TRUE,ASV1013,1,NA
edna0052,ASV674,motu334,Synchaeta pectinata,Rotifer,species,NA,1,1,1,NA,88,32,52,NA,NA,47,Synchaeta pectinata,Rotifer,2018_ppo_depth,ppo,beach_seine,2018-07-13,2018-07-11,2018,depth,2,edna_ppo_00,depth,biological,11.1,30.58,8.08,NA,NA,NA,6.5,1000,0,51.65821943,-128.113325,mud,n,100,p,seagrass,zostera,seagrass_mud,zostera_mud,90.79,3.5361899999999996e-113,228,Metazoa,Rotifera,Eurotatoria,Ploima,Synchaetidae,Synchaeta,0,0,TRUE,ASV377,5,Synchaeta pectinata
edna0052,ASV960,motu833,Pseudocalanus mimus,Calanoid copepod,species,NA,1,NA,NA,NA,42,NA,NA,NA,NA,NA,Pseudocalanus mimus,Calanoid copepod,2018_ppo_depth,ppo,beach_seine,2018-07-13,2018-07-11,2018,depth,2,edna_ppo_00,depth,biological,11.1,30.58,8.08,NA,NA,NA,6.5,1000,0,51.65821943,-128.113325,mud,n,100,p,seagrass,zostera,seagrass_mud,zostera_mud,100,7.1053799999999944e-155,303,Metazoa,Arthropoda,Copepoda,Calanoida,Clausocalanidae,Pseudocalanus,0,0,TRUE,ASV960,1,Pseudocalanus mimus
edna0052,ASV1228,motu71,Acartia (Acartiura) longiremis,Calanoid copepod,species,NA,1,NA,1,NA,55,NA,6,NA,NA,NA,Acartia (Acartiura) longiremis,Calanoid copepod,2018_ppo_depth,ppo,beach_seine,2018-07-13,2018-07-11,2018,depth,2,edna_ppo_00,depth,biological,11.1,30.58,8.08,NA,NA,NA,6.5,1000,0,51.65821943,-128.113325,mud,n,100,p,seagrass,zostera,seagrass_mud,zostera_mud,99.68,9.126599999999999e-159,310,Metazoa,Arthropoda,Copepoda,Calanoida,Acartiidae,Acartia,0,0,TRUE,ASV81,23,Acartia (Acartiura) longiremis
edna0052,ASV1384,motu1168,Membranipora membranacea,Coffin box bryozoan,species,NA,1,NA,NA,NA,23,NA,NA,NA,NA,NA,Membranipora membranacea,Coffin box bryozoan,2018_ppo_depth,ppo,beach_seine,2018-07-13,2018-07-11,2018,depth,2,edna_ppo_00,depth,biological,11.1,30.58,8.08,NA,NA,NA,6.5,1000,0,51.65821943,-128.113325,mud,n,100,p,seagrass,zostera,seagrass_mud,zostera_mud,100,9.252979999999995e-139,274,Metazoa,Bryozoa,Gymnolaemata,Cheilostomatida,Membraniporidae,Membranipora,0,0,TRUE,ASV1384,2,Membranipora membranacea
edna0052,ASV1502,motu1269,Oithona similis,Cyclopoid copepod,species,NA,1,NA,NA,NA,6,NA,NA,NA,NA,NA,Oithona similis,Cyclopoid copepod,2018_ppo_depth,ppo,beach_seine,2018-07-13,2018-07-11,2018,depth,2,edna_ppo_00,depth,biological,11.1,30.58,8.08,NA,NA,NA,6.5,1000,0,51.65821943,-128.113325,mud,n,100,p,seagrass,zostera,seagrass_mud,zostera_mud,96.17,2.0179399999999996e-140,277,Metazoa,Arthropoda,Copepoda,Cyclopoida,Oithonidae,Oithona,0,0,TRUE,ASV1502,1,Oithona similis
edna0052,ASV1040,motu897,Oithona similis,Cyclopoid copepod,species,NA,1,NA,NA,NA,8,NA,NA,NA,NA,NA,Oithona similis,Cyclopoid copepod,2018_ppo_depth,ppo,beach_seine,2018-07-13,2018-07-11,2018,depth,2,edna_ppo_00,depth,biological,11.1,30.58,8.08,NA,NA,NA,6.5,1000,0,51.65821943,-128.113325,mud,n,100,p,seagrass,zostera,seagrass_mud,zostera_mud,96.17,2.0179399999999996e-140,277,Metazoa,Arthropoda,Copepoda,Cyclopoida,Oithonidae,Oithona,0,0,TRUE,ASV1040,1,Oithona similis
edna0052,ASV801,motu697,Micropodarke dubia,Hesionid polychaete,species,NA,1,1,1,NA,13,7,16,12,NA,12,Micropodarke dubia,Hesionid polychaete,2018_ppo_depth,ppo,beach_seine,2018-07-13,2018-07-11,2018,depth,2,edna_ppo_00,depth,biological,11.1,30.58,8.08,NA,NA,NA,6.5,1000,0,51.65821943,-128.113325,mud,n,100,p,seagrass,zostera,seagrass_mud,zostera_mud,100,1.96163e-160,313,Metazoa,Annelida,Polychaeta,Phyllodocida,Hesionidae,Micropodarke,0,0,TRUE,ASV801,2,Micropodarke dubia
edna0052,ASV1068,motu920,Arthropoda,Unknown arthropod,phylum,NA,1,NA,NA,NA,8,NA,NA,NA,NA,NA,Arthropoda,Unknown arthropod,2018_ppo_depth,ppo,beach_seine,2018-07-13,2018-07-11,2018,depth,2,edna_ppo_00,depth,biological,11.1,30.58,8.08,NA,NA,NA,6.5,1000,0,51.65821943,-128.113325,mud,n,100,p,seagrass,zostera,seagrass_mud,zostera_mud,94.87,8.78538e-5,33,Metazoa,Arthropoda,NA,NA,NA,NA,NA,NA,TRUE,ASV1068,4,NA
edna0052,ASV1742,motu1454,Micropodarke dubia,Hesionid polychaete,species,NA,1,NA,NA,NA,19,NA,NA,NA,NA,NA,Micropodarke dubia,Hesionid polychaete,2018_ppo_depth,ppo,beach_seine,2018-07-13,2018-07-11,2018,depth,2,edna_ppo_00,depth,biological,11.1,30.58,8.08,NA,NA,NA,6.5,1000,0,51.65821943,-128.113325,mud,n,100,p,seagrass,zostera,seagrass_mud,zostera_mud,100,1.96163e-160,313,Metazoa,Annelida,Polychaeta,Phyllodocida,Hesionidae,Micropodarke,0,0,TRUE,ASV1742,2,Micropodarke dubia
edna0052,ASV2518,motu2051,Chaetognatha,Arrow worm,phylum,NA,1,NA,NA,NA,20,NA,NA,NA,NA,NA,Chaetognatha,Arrow worm,2018_ppo_depth,ppo,beach_seine,2018-07-13,2018-07-11,2018,depth,2,edna_ppo_00,depth,biological,11.1,30.58,8.08,NA,NA,NA,6.5,1000,0,51.65821943,-128.113325,mud,n,100,p,seagrass,zostera,seagrass_mud,zostera_mud,96.52,1.6192399999999998e-86,180,Metazoa,Chaetognatha,NA,NA,NA,NA,0,0,TRUE,ASV2518,1,NA
edna0052,ASV2758,motu303,Pseudocalanus mimus,Calanoid copepod,species,NA,1,NA,NA,NA,41,NA,NA,NA,NA,NA,Pseudocalanus mimus,Calanoid copepod,2018_ppo_depth,ppo,beach_seine,2018-07-13,2018-07-11,2018,depth,2,edna_ppo_00,depth,biological,11.1,30.58,8.08,NA,NA,NA,6.5,1000,0,51.65821943,-128.113325,mud,n,100,p,seagrass,zostera,seagrass_mud,zostera_mud,100,1.18898e-152,299,Metazoa,Arthropoda,Copepoda,Calanoida,Clausocalanidae,Pseudocalanus,0,0,TRUE,ASV343,11,Pseudocalanus mimus
edna0052,ASV2402,motu1965,Chaetognatha,Arrow worm,phylum,NA,1,NA,NA,NA,19,NA,NA,NA,NA,NA,Chaetognatha,Arrow worm,2018_ppo_depth,ppo,beach_seine,2018-07-13,2018-07-11,2018,depth,2,edna_ppo_00,depth,biological,11.1,30.58,8.08,NA,NA,NA,6.5,1000,0,51.65821943,-128.113325,mud,n,100,p,seagrass,zostera,seagrass_mud,zostera_mud,96.52,1.6192399999999998e-86,180,Metazoa,Chaetognatha,NA,NA,NA,NA,0,0,TRUE,ASV2402,1,NA
edna0052,ASV2570,motu303,Pseudocalanus mimus,Calanoid copepod,species,NA,1,NA,NA,NA,14,NA,NA,NA,NA,NA,Pseudocalanus mimus,Calanoid copepod,2018_ppo_depth,ppo,beach_seine,2018-07-13,2018-07-11,2018,depth,2,edna_ppo_00,depth,biological,11.1,30.58,8.08,NA,NA,NA,6.5,1000,0,51.65821943,-128.113325,mud,n,100,p,seagrass,zostera,seagrass_mud,zostera_mud,100,4.27634e-152,298,Metazoa,Arthropoda,Copepoda,Calanoida,Clausocalanidae,Pseudocalanus,0,0,TRUE,ASV343,11,Pseudocalanus mimus
edna0052,ASV1747,motu1458,Armandia brevis,Opheliid polychaete,species,NA,1,NA,NA,NA,14,NA,NA,NA,NA,NA,Armandia brevis,Opheliid polychaete,2018_ppo_depth,ppo,beach_seine,2018-07-13,2018-07-11,2018,depth,2,edna_ppo_00,depth,biological,11.1,30.58,8.08,NA,NA,NA,6.5,1000,0,51.65821943,-128.113325,mud,n,100,p,seagrass,zostera,seagrass_mud,zostera_mud,100,3.4804099999999994e-173,336,Metazoa,Annelida,Polychaeta,NA,Opheliidae,Armandia,0,0,TRUE,ASV1747,1,Armandia brevis
edna0052,ASV3175,motu2541,Arthropoda,Unknown arthropod,phylum,NA,1,NA,NA,NA,7,NA,NA,NA,NA,NA,Arthropoda,Unknown arthropod,2018_ppo_depth,ppo,beach_seine,2018-07-13,2018-07-11,2018,depth,2,edna_ppo_00,depth,biological,11.1,30.58,8.08,NA,NA,NA,6.5,1000,0,51.65821943,-128.113325,mud,n,100,p,seagrass,zostera,seagrass_mud,zostera_mud,100,0.014701,29,Metazoa,Arthropoda,NA,NA,NA,NA,NA,NA,TRUE,ASV3175,1,NA
edna0052,ASV3650,motu22,Acartia (Acartiura) longiremis,Calanoid copepod,species,NA,1,NA,NA,NA,91,NA,NA,NA,NA,NA,Acartia (Acartiura) longiremis,Calanoid copepod,2018_ppo_depth,ppo,beach_seine,2018-07-13,2018-07-11,2018,depth,2,edna_ppo_00,depth,biological,11.1,30.58,8.08,NA,NA,NA,6.5,1000,0,51.65821943,-128.113325,mud,n,100,p,seagrass,zostera,seagrass_mud,zostera_mud,99.68,9.126599999999999e-159,310,Metazoa,Arthropoda,Copepoda,Calanoida,Acartiidae,Acartia,0,0,TRUE,ASV25,27,Acartia (Acartiura) longiremis
edna0052,ASV3747,motu2955,Clausocalanidae,Calanoid copepod,family,NA,1,NA,NA,NA,46,NA,NA,NA,NA,NA,Clausocalanidae,Calanoid copepod,2018_ppo_depth,ppo,beach_seine,2018-07-13,2018-07-11,2018,depth,2,edna_ppo_00,depth,biological,11.1,30.58,8.08,NA,NA,NA,6.5,1000,0,51.65821943,-128.113325,mud,n,100,p,seagrass,zostera,seagrass_mud,zostera_mud,92.64,2.0755e-115,232,Metazoa,Arthropoda,Arthropoda,Calanoida,Clausocalanidae,NA,0,0,TRUE,ASV3747,1,NA
edna0052,ASV3325,motu2652,Membraniporidae,Bryozoan,family,NA,1,NA,NA,NA,16,NA,NA,NA,NA,NA,Membraniporidae,Bryozoan,2018_ppo_depth,ppo,beach_seine,2018-07-13,2018-07-11,2018,depth,2,edna_ppo_00,depth,biological,11.1,30.58,8.08,NA,NA,NA,6.5,1000,0,51.65821943,-128.113325,mud,n,100,p,seagrass,zostera,seagrass_mud,zostera_mud,90.95,6.1511e-76,161,Metazoa,Bryozoa,Bryozoa,Cheilostomatida,Membraniporidae,NA,0,0,TRUE,ASV3325,1,NA
edna0052,ASV2925,motu2360,Corynidae,Athecate hydroid,family,NA,1,NA,NA,NA,31,NA,NA,NA,NA,NA,Corynidae,Athecate hydroid,2018_ppo_depth,ppo,beach_seine,2018-07-13,2018-07-11,2018,depth,2,edna_ppo_00,depth,biological,11.1,30.58,8.08,NA,NA,NA,6.5,1000,0,51.65821943,-128.113325,mud,n,100,p,seagrass,zostera,seagrass_mud,zostera_mud,93.79,7.41348e-125,249,Metazoa,Cnidaria,Cnidaria,Anthoathecata,Corynidae,NA,0,0,TRUE,ASV2925,2,NA
edna0052,ASV3991,motu366,Pseudocalanus mimus,Calanoid copepod,species,NA,1,NA,NA,NA,72,NA,NA,NA,NA,NA,Pseudocalanus mimus,Calanoid copepod,2018_ppo_depth,ppo,beach_seine,2018-07-13,2018-07-11,2018,depth,2,edna_ppo_00,depth,biological,11.1,30.58,8.08,NA,NA,NA,6.5,1000,0,51.65821943,-128.113325,mud,n,100,p,seagrass,zostera,seagrass_mud,zostera_mud,99.67,5.531789999999998e-151,296,Metazoa,Arthropoda,Copepoda,Calanoida,Clausocalanidae,Pseudocalanus,0,0,TRUE,ASV416,7,Pseudocalanus mimus
edna0052,ASV2326,motu1914,Membraniporidae,Bryozoan,family,NA,1,NA,NA,NA,15,NA,NA,NA,NA,NA,Membraniporidae,Bryozoan,2018_ppo_depth,ppo,beach_seine,2018-07-13,2018-07-11,2018,depth,2,edna_ppo_00,depth,biological,11.1,30.58,8.08,NA,NA,NA,6.5,1000,0,51.65821943,-128.113325,mud,n,100,p,seagrass,zostera,seagrass_mud,zostera_mud,90.95,6.1511e-76,161,Metazoa,Bryozoa,Bryozoa,Cheilostomatida,Membraniporidae,NA,0,0,TRUE,ASV2326,1,NA
edna0052,ASV4153,motu71,Acartia (Acartiura) longiremis,Calanoid copepod,species,NA,1,NA,NA,NA,64,NA,NA,NA,NA,NA,Acartia (Acartiura) longiremis,Calanoid copepod,2018_ppo_depth,ppo,beach_seine,2018-07-13,2018-07-11,2018,depth,2,edna_ppo_00,depth,biological,11.1,30.58,8.08,NA,NA,NA,6.5,1000,0,51.65821943,-128.113325,mud,n,100,p,seagrass,zostera,seagrass_mud,zostera_mud,99.68,9.126599999999999e-159,310,Metazoa,Arthropoda,Copepoda,Calanoida,Acartiidae,Acartia,0,0,TRUE,ASV81,23,Acartia (Acartiura) longiremis
edna0052,ASV2852,motu2305,Coleoptera,Hexapod,order,NA,1,NA,NA,NA,5,NA,NA,NA,NA,NA,Coleoptera,Hexapod,2018_ppo_depth,ppo,beach_seine,2018-07-13,2018-07-11,2018,depth,2,edna_ppo_00,depth,biological,11.1,30.58,8.08,NA,NA,NA,6.5,1000,0,51.65821943,-128.113325,mud,n,100,p,seagrass,zostera,seagrass_mud,zostera_mud,100,0.00110774,31,Metazoa,Arthropoda,Arthropoda,Coleoptera,NA,NA,NA,NA,TRUE,ASV2852,1,NA
edna0052,ASV4432,motu3454,Clausocalanidae,Calanoid copepod,family,NA,1,NA,NA,NA,52,NA,NA,NA,NA,NA,Clausocalanidae,Calanoid copepod,2018_ppo_depth,ppo,beach_seine,2018-07-13,2018-07-11,2018,depth,2,edna_ppo_00,depth,biological,11.1,30.58,8.08,NA,NA,NA,6.5,1000,0,51.65821943,-128.113325,mud,n,100,p,seagrass,zostera,seagrass_mud,zostera_mud,92.98,1.24934e-117,236,Metazoa,Arthropoda,Arthropoda,Calanoida,Clausocalanidae,NA,0,0,TRUE,ASV4432,1,NA
edna0052,ASV4651,motu902,Arthropoda,Unknown arthropod,phylum,NA,1,NA,NA,NA,16,NA,NA,NA,NA,NA,Arthropoda,Unknown arthropod,2018_ppo_depth,ppo,beach_seine,2018-07-13,2018-07-11,2018,depth,2,edna_ppo_00,depth,biological,11.1,30.58,8.08,NA,NA,NA,6.5,1000,0,51.65821943,-128.113325,mud,n,100,p,seagrass,zostera,seagrass_mud,zostera_mud,94.87,8.78538e-5,33,Metazoa,Arthropoda,NA,NA,NA,NA,NA,NA,TRUE,ASV1046,4,NA
edna0052,ASV4681,motu2441,Corynidae,Athecate hydroid,family,NA,1,NA,NA,NA,39,NA,NA,NA,NA,NA,Corynidae,Athecate hydroid,2018_ppo_depth,ppo,beach_seine,2018-07-13,2018-07-11,2018,depth,2,edna_ppo_00,depth,biological,11.1,30.58,8.08,NA,NA,NA,6.5,1000,0,51.65821943,-128.113325,mud,n,100,p,seagrass,zostera,seagrass_mud,zostera_mud,93.79,7.41348e-125,249,Metazoa,Cnidaria,Cnidaria,Anthoathecata,Corynidae,NA,0,0,TRUE,ASV3029,2,NA
edna0052,ASV4843,motu1812,Corynidae,Athecate hydroid,family,NA,1,NA,NA,NA,23,NA,NA,NA,NA,NA,Corynidae,Athecate hydroid,2018_ppo_depth,ppo,beach_seine,2018-07-13,2018-07-11,2018,depth,2,edna_ppo_00,depth,biological,11.1,30.58,8.08,NA,NA,NA,6.5,1000,0,51.65821943,-128.113325,mud,n,100,p,seagrass,zostera,seagrass_mud,zostera_mud,93.79,7.41348e-125,249,Metazoa,Cnidaria,Cnidaria,Anthoathecata,Corynidae,NA,0,0,TRUE,ASV2195,2,NA
edna0053,ASV233,motu74,Euchlanidae,Rotifer,family,NA,1,NA,1,NA,57,NA,78,NA,NA,NA,No Results,No Results,2018_ppo_surface,ppo,beach_seine,2018-07-13,2018-07-11,2018,surface,3,edna_ppo_15,surface,biological,14.3,28.32,8.32,NA,NA,NA,4.5,1000,0,51.65810573,-128.1131937,mud,n,100,p,seagrass,zostera,seagrass_mud,zostera_mud,91.35,3.005919999999998e-29,77,Metazoa,Rotifera,Rotifera,Ploima,Euchlanidae,NA,1,NA,TRUE,ASV84,2,NA
edna0053,ASV536,motu470,Paracalanus parvus parvus,Calanoid copepod,species,NA,1,NA,NA,NA,32,NA,NA,NA,NA,NA,Paracalanus parvus parvus,Calanoid copepod,2018_ppo_surface,ppo,beach_seine,2018-07-13,2018-07-11,2018,surface,3,edna_ppo_15,surface,biological,14.3,28.32,8.32,NA,NA,NA,4.5,1000,0,51.65810573,-128.1131937,mud,n,100,p,seagrass,zostera,seagrass_mud,zostera_mud,100,1.17454e-132,263,Metazoa,Arthropoda,Copepoda,Calanoida,Paracalanidae,Paracalanus,0,0,TRUE,ASV536,6,Paracalanus parvus parvus
edna0053,ASV324,motu285,Paracalanus parvus parvus,Calanoid copepod,species,NA,1,NA,NA,NA,44,NA,NA,NA,NA,NA,Paracalanus parvus parvus,Calanoid copepod,2018_ppo_surface,ppo,beach_seine,2018-07-13,2018-07-11,2018,surface,3,edna_ppo_15,surface,biological,14.3,28.32,8.32,NA,NA,NA,4.5,1000,0,51.65810573,-128.1131937,mud,n,100,p,seagrass,zostera,seagrass_mud,zostera_mud,100,1.17454e-132,263,Metazoa,Arthropoda,Copepoda,Calanoida,Paracalanidae,Paracalanus,0,0,TRUE,ASV324,6,Paracalanus parvus parvus
edna0053,ASV377,motu334,Synchaeta pectinata,Rotifer,species,NA,1,NA,NA,NA,26,NA,NA,NA,NA,NA,Synchaeta pectinata,Rotifer,2018_ppo_surface,ppo,beach_seine,2018-07-13,2018-07-11,2018,surface,3,edna_ppo_15,surface,biological,14.3,28.32,8.32,NA,NA,NA,4.5,1000,0,51.65810573,-128.1131937,mud,n,100,p,seagrass,zostera,seagrass_mud,zostera_mud,90.48,1.6452299999999999e-111,225,Metazoa,Rotifera,Eurotatoria,Ploima,Synchaetidae,Synchaeta,0,0,TRUE,ASV377,5,Synchaeta pectinata
edna0053,ASV520,motu457,Evasterias troschelii,False ochre star,species,NA,1,NA,NA,NA,14,NA,NA,NA,NA,NA,Evasterias troschelii,False ochre star,2018_ppo_surface,ppo,beach_seine,2018-07-13,2018-07-11,2018,surface,3,edna_ppo_15,surface,biological,14.3,28.32,8.32,NA,NA,NA,4.5,1000,0,51.65810573,-128.1131937,mud,n,100,p,seagrass,zostera,seagrass_mud,zostera_mud,100,1.96163e-160,313,Metazoa,Echinodermata,Asteroidea,Forcipulatida,Asteriidae,Evasterias,0,0,TRUE,ASV520,1,Evasterias troschelii
edna0053,ASV860,motu748,Saxidomus,Washington clam species,genus,NA,1,NA,NA,NA,60,NA,NA,NA,NA,NA,Saxidomus,Washington clam species,2018_ppo_surface,ppo,beach_seine,2018-07-13,2018-07-11,2018,surface,3,edna_ppo_15,surface,biological,14.3,28.32,8.32,NA,NA,NA,4.5,1000,0,51.65810573,-128.1131937,mud,n,100,p,seagrass,zostera,seagrass_mud,zostera_mud,100,1.96163e-160,313,Metazoa,Mollusca,Mollusca,Venerida,Veneridae,Saxidomus,0,0,TRUE,ASV860,4,NA
edna0053,ASV772,motu672,Parastenocarididae,Harpacticoid copepod,family,NA,1,NA,NA,NA,39,NA,NA,NA,NA,NA,Parastenocarididae,Harpacticoid copepod,2018_ppo_surface,ppo,beach_seine,2018-07-13,2018-07-11,2018,surface,3,edna_ppo_15,surface,biological,14.3,28.32,8.32,NA,NA,NA,4.5,1000,0,51.65810573,-128.1131937,mud,n,100,p,seagrass,zostera,seagrass_mud,zostera_mud,94.59,0.00408744,30,Metazoa,Arthropoda,Arthropoda,Harpacticoida,Parastenocarididae,NA,1,0,TRUE,ASV772,1,NA
edna0053,ASV733,motu637,Phyllodocida,Polychaete,order,NA,1,1,1,NA,6,4,NA,5,NA,11,Phyllodocida,Polychaete,2018_ppo_surface,ppo,beach_seine,2018-07-13,2018-07-11,2018,surface,3,edna_ppo_15,surface,biological,14.3,28.32,8.32,NA,NA,NA,4.5,1000,0,51.65810573,-128.1131937,mud,n,100,p,seagrass,zostera,seagrass_mud,zostera_mud,100,0.0603188,28,Metazoa,Annelida,Annelida,Phyllodocida,NA,NA,0,0,TRUE,ASV733,1,NA
edna0053,ASV1502,motu1269,Oithona similis,Cyclopoid copepod,species,NA,1,NA,NA,NA,7,NA,NA,NA,NA,NA,Oithona similis,Cyclopoid copepod,2018_ppo_surface,ppo,beach_seine,2018-07-13,2018-07-11,2018,surface,3,edna_ppo_15,surface,biological,14.3,28.32,8.32,NA,NA,NA,4.5,1000,0,51.65810573,-128.1131937,mud,n,100,p,seagrass,zostera,seagrass_mud,zostera_mud,96.17,2.0179399999999996e-140,277,Metazoa,Arthropoda,Copepoda,Cyclopoida,Oithonidae,Oithona,0,0,TRUE,ASV1502,1,Oithona similis
edna0053,ASV801,motu697,Micropodarke dubia,Hesionid polychaete,species,NA,1,NA,1,NA,7,NA,NA,2,NA,NA,Micropodarke dubia,Hesionid polychaete,2018_ppo_surface,ppo,beach_seine,2018-07-13,2018-07-11,2018,surface,3,edna_ppo_15,surface,biological,14.3,28.32,8.32,NA,NA,NA,4.5,1000,0,51.65810573,-128.1131937,mud,n,100,p,seagrass,zostera,seagrass_mud,zostera_mud,100,1.96163e-160,313,Metazoa,Annelida,Polychaeta,Phyllodocida,Hesionidae,Micropodarke,0,0,TRUE,ASV801,2,Micropodarke dubia
edna0053,ASV1742,motu1454,Micropodarke dubia,Hesionid polychaete,species,NA,1,NA,NA,NA,7,NA,NA,NA,NA,NA,Micropodarke dubia,Hesionid polychaete,2018_ppo_surface,ppo,beach_seine,2018-07-13,2018-07-11,2018,surface,3,edna_ppo_15,surface,biological,14.3,28.32,8.32,NA,NA,NA,4.5,1000,0,51.65810573,-128.1131937,mud,n,100,p,seagrass,zostera,seagrass_mud,zostera_mud,100,1.96163e-160,313,Metazoa,Annelida,Polychaeta,Phyllodocida,Hesionidae,Micropodarke,0,0,TRUE,ASV1742,2,Micropodarke dubia
edna0053,ASV1046,motu902,Arthropoda,Unknown arthropod,phylum,NA,1,1,NA,NA,17,5,NA,NA,NA,NA,Arthropoda,Unknown arthropod,2018_ppo_surface,ppo,beach_seine,2018-07-13,2018-07-11,2018,surface,3,edna_ppo_15,surface,biological,14.3,28.32,8.32,NA,NA,NA,4.5,1000,0,51.65810573,-128.1131937,mud,n,100,p,seagrass,zostera,seagrass_mud,zostera_mud,94.87,8.78538e-5,33,Metazoa,Arthropoda,NA,NA,NA,NA,NA,NA,TRUE,ASV1046,4,NA
edna0053,ASV2518,motu2051,Chaetognatha,Arrow worm,phylum,NA,1,NA,NA,NA,10,NA,NA,NA,NA,NA,Chaetognatha,Arrow worm,2018_ppo_surface,ppo,beach_seine,2018-07-13,2018-07-11,2018,surface,3,edna_ppo_15,surface,biological,14.3,28.32,8.32,NA,NA,NA,4.5,1000,0,51.65810573,-128.1131937,mud,n,100,p,seagrass,zostera,seagrass_mud,zostera_mud,96.52,1.6192399999999998e-86,180,Metazoa,Chaetognatha,NA,NA,NA,NA,0,0,TRUE,ASV2518,1,NA
edna0053,ASV1443,motu1220,Orobdella,Freshwater leech,genus,NA,1,NA,1,NA,17,NA,NA,12,NA,NA,Orobdella,Freshwater leech,2018_ppo_surface,ppo,beach_seine,2018-07-13,2018-07-11,2018,surface,3,edna_ppo_15,surface,biological,14.3,28.32,8.32,NA,NA,NA,4.5,1000,0,51.65810573,-128.1131937,mud,n,100,p,seagrass,zostera,seagrass_mud,zostera_mud,97.06,0.0011939,31,Metazoa,Annelida,Annelida,Erpobdelliformes,Orobdellidae,Orobdella,NA,NA,TRUE,ASV1443,1,NA
edna0053,ASV1917,motu1595,Arthropoda,Unknown arthropod,phylum,NA,1,NA,NA,NA,7,NA,NA,NA,NA,NA,Arthropoda,Unknown arthropod,2018_ppo_surface,ppo,beach_seine,2018-07-13,2018-07-11,2018,surface,3,edna_ppo_15,surface,biological,14.3,28.32,8.32,NA,NA,NA,4.5,1000,0,51.65810573,-128.1131937,mud,n,100,p,seagrass,zostera,seagrass_mud,zostera_mud,95,2.34566e-5,34,Metazoa,Arthropoda,NA,NA,NA,NA,NA,NA,TRUE,ASV1917,1,NA
edna0053,ASV1755,motu1466,Siphonenteron,Ribbon worm,genus,NA,1,NA,NA,NA,2,NA,NA,NA,NA,NA,Siphonenteron,Ribbon worm,2018_ppo_surface,ppo,beach_seine,2018-07-13,2018-07-11,2018,surface,3,edna_ppo_15,surface,biological,14.3,28.32,8.32,NA,NA,NA,4.5,1000,0,51.65810573,-128.1131937,mud,n,100,p,seagrass,zostera,seagrass_mud,zostera_mud,100,1.96163e-160,313,Metazoa,Nemertea,Pilidiophora,Heteronemertea,Lineidae,Siphonenteron,0,0,TRUE,ASV1755,2,NA
edna0053,ASV2651,motu2153,Clinocardium nuttallii,Basket cockle,species,NA,1,NA,NA,NA,13,NA,NA,NA,NA,NA,Clinocardium nuttallii,Basket cockle,2018_ppo_surface,ppo,beach_seine,2018-07-13,2018-07-11,2018,surface,3,edna_ppo_15,surface,biological,14.3,28.32,8.32,NA,NA,NA,4.5,1000,0,51.65810573,-128.1131937,mud,n,100,p,seagrass,zostera,seagrass_mud,zostera_mud,100,2.4540699999999983e-154,302,Metazoa,Mollusca,Bivalvia,Cardiida,Cardiidae,Clinocardium,0,0,TRUE,ASV2651,1,Clinocardium nuttallii
edna0053,ASV2840,motu2298,Arthropoda,Unknown arthropod,phylum,NA,1,NA,NA,NA,3,NA,NA,NA,NA,NA,Arthropoda,Unknown arthropod,2018_ppo_surface,ppo,beach_seine,2018-07-13,2018-07-11,2018,surface,3,edna_ppo_15,surface,biological,14.3,28.32,8.32,NA,NA,NA,4.5,1000,0,51.65810573,-128.1131937,mud,n,100,p,seagrass,zostera,seagrass_mud,zostera_mud,95,2.34566e-5,34,Metazoa,Arthropoda,NA,NA,NA,NA,NA,NA,TRUE,ASV2840,1,NA
edna0053,ASV1714,motu1432,Pleurobrachia bachei,Pacific sea gooseberry,species,NA,1,NA,1,NA,15,NA,NA,8,NA,12,Pleurobrachia bachei,Pacific sea gooseberry,2018_ppo_surface,ppo,beach_seine,2018-07-13,2018-07-11,2018,surface,3,edna_ppo_15,surface,biological,14.3,28.32,8.32,NA,NA,NA,4.5,1000,0,51.65810573,-128.1131937,mud,n,100,p,seagrass,zostera,seagrass_mud,zostera_mud,99.68,9.126599999999999e-159,310,Metazoa,Ctenophora,Tentaculata,Cydippida,Cydippidae,Pleurobrachia,0,0,TRUE,ASV1714,1,Pleurobrachia bachei
edna0053,ASV2287,motu1883,Saxidomus gigantea,Butter clam,species,NA,1,1,1,NA,76,30,33,23,NA,37,Saxidomus gigantea,Butter clam,2018_ppo_surface,ppo,beach_seine,2018-07-13,2018-07-11,2018,surface,3,edna_ppo_15,surface,biological,14.3,28.32,8.32,NA,NA,NA,4.5,1000,0,51.65810573,-128.1131937,mud,n,100,p,seagrass,zostera,seagrass_mud,zostera_mud,99.04,1.97556e-155,304,Metazoa,Mollusca,Mollusca,Venerida,Veneridae,Saxidomus,0,0,TRUE,ASV2287,1,Saxidomus gigantea
edna0053,ASV3224,motu2581,Humilaria kennerleyi,Kennerleys venus,species,NA,1,NA,NA,NA,3,NA,NA,NA,NA,NA,Humilaria kennerleyi,Kennerleys venus,2018_ppo_surface,ppo,beach_seine,2018-07-13,2018-07-11,2018,surface,3,edna_ppo_15,surface,biological,14.3,28.32,8.32,NA,NA,NA,4.5,1000,0,51.65810573,-128.1131937,mud,n,100,p,seagrass,zostera,seagrass_mud,zostera_mud,100,1.96163e-160,313,Metazoa,Mollusca,Bivalvia,Venerida,Veneridae,Humilaria,0,0,TRUE,ASV3224,2,Humilaria kennerleyi
edna0053,ASV3538,motu71,Acartia (Acartiura) longiremis,Calanoid copepod,species,NA,1,NA,NA,NA,98,NA,NA,NA,NA,NA,Acartia (Acartiura) longiremis,Calanoid copepod,2018_ppo_surface,ppo,beach_seine,2018-07-13,2018-07-11,2018,surface,3,edna_ppo_15,surface,biological,14.3,28.32,8.32,NA,NA,NA,4.5,1000,0,51.65810573,-128.1131937,mud,n,100,p,seagrass,zostera,seagrass_mud,zostera_mud,99.68,9.126599999999999e-159,310,Metazoa,Arthropoda,Copepoda,Calanoida,Acartiidae,Acartia,0,0,TRUE,ASV81,23,Acartia (Acartiura) longiremis
edna0053,ASV3855,motu3031,Saxidomus gigantea,Butter clam,species,NA,1,NA,NA,NA,59,NA,NA,NA,NA,NA,Saxidomus gigantea,Butter clam,2018_ppo_surface,ppo,beach_seine,2018-07-13,2018-07-11,2018,surface,3,edna_ppo_15,surface,biological,14.3,28.32,8.32,NA,NA,NA,4.5,1000,0,51.65810573,-128.1131937,mud,n,100,p,seagrass,zostera,seagrass_mud,zostera_mud,99.04,1.97556e-155,304,Metazoa,Mollusca,Mollusca,Venerida,Veneridae,Saxidomus,0,0,TRUE,ASV3855,1,Saxidomus gigantea
edna0053,ASV3880,motu71,Acartia (Acartiura) longiremis,Calanoid copepod,species,NA,1,NA,NA,NA,78,NA,NA,NA,NA,NA,Acartia (Acartiura) longiremis,Calanoid copepod,2018_ppo_surface,ppo,beach_seine,2018-07-13,2018-07-11,2018,surface,3,edna_ppo_15,surface,biological,14.3,28.32,8.32,NA,NA,NA,4.5,1000,0,51.65810573,-128.1131937,mud,n,100,p,seagrass,zostera,seagrass_mud,zostera_mud,99.68,9.126599999999999e-159,310,Metazoa,Arthropoda,Copepoda,Calanoida,Acartiidae,Acartia,0,0,TRUE,ASV81,23,Acartia (Acartiura) longiremis
edna0053,ASV3017,motu2432,Euphausia pacifica,North Pacific krill,species,NA,1,NA,1,NA,13,NA,NA,NA,NA,4,Euphausia pacifica,North Pacific krill,2018_ppo_surface,ppo,beach_seine,2018-07-13,2018-07-11,2018,surface,3,edna_ppo_15,surface,biological,14.3,28.32,8.32,NA,NA,NA,4.5,1000,0,51.65810573,-128.1131937,mud,n,100,p,seagrass,zostera,seagrass_mud,zostera_mud,100,3.2351099999999996e-158,309,Metazoa,Arthropoda,Malacostraca,Euphausiacea,Euphausiidae,Euphausia,0,0,TRUE,ASV3017,1,Euphausia pacifica
edna0053,ASV4283,motu22,Acartia (Acartiura) longiremis,Calanoid copepod,species,NA,1,1,NA,NA,49,9,NA,NA,NA,NA,Acartia (Acartiura) longiremis,Calanoid copepod,2018_ppo_surface,ppo,beach_seine,2018-07-13,2018-07-11,2018,surface,3,edna_ppo_15,surface,biological,14.3,28.32,8.32,NA,NA,NA,4.5,1000,0,51.65810573,-128.1131937,mud,n,100,p,seagrass,zostera,seagrass_mud,zostera_mud,99.68,9.126599999999999e-159,310,Metazoa,Arthropoda,Copepoda,Calanoida,Acartiidae,Acartia,0,0,TRUE,ASV25,27,Acartia (Acartiura) longiremis
edna0053,ASV6425,motu4971,Apostichopus californicus,California sea cucumber,species,NA,1,NA,NA,NA,6,NA,NA,NA,NA,NA,Apostichopus californicus,California sea cucumber,2018_ppo_surface,ppo,beach_seine,2018-07-13,2018-07-11,2018,surface,3,edna_ppo_15,surface,biological,14.3,28.32,8.32,NA,NA,NA,4.5,1000,0,51.65810573,-128.1131937,mud,n,100,p,seagrass,zostera,seagrass_mud,zostera_mud,100,2.0011299999999987e-160,313,Metazoa,Echinodermata,Holothuroidea,Synallactida,Stichopodidae,Apostichopus,0,0,TRUE,ASV6425,1,Apostichopus californicus
edna0053,ASV5460,motu4193,Aurelia labiata,Moon jelly species,species,NA,1,NA,1,NA,7,NA,NA,NA,NA,7,Aurelia labiata,Moon jelly species,2018_ppo_surface,ppo,beach_seine,2018-07-13,2018-07-11,2018,surface,3,edna_ppo_15,surface,biological,14.3,28.32,8.32,NA,NA,NA,4.5,1000,0,51.65810573,-128.1131937,mud,n,100,p,seagrass,zostera,seagrass_mud,zostera_mud,100,1.96163e-160,313,Metazoa,Cnidaria,Scyphozoa,Semaeostomeae,Ulmaridae,Aurelia,0,0,TRUE,ASV5460,1,Aurelia labiata
edna0053,ASV7012,motu5458,Tubificida,Freshwater oligochaete,order,NA,1,NA,NA,NA,3,NA,NA,NA,NA,NA,Tubificida,Freshwater oligochaete,2018_ppo_surface,ppo,beach_seine,2018-07-13,2018-07-11,2018,surface,3,edna_ppo_15,surface,biological,14.3,28.32,8.32,NA,NA,NA,4.5,1000,0,51.65810573,-128.1131937,mud,n,100,p,seagrass,zostera,seagrass_mud,zostera_mud,100,0.0149971,29,Metazoa,Annelida,Annelida,Tubificida,NA,NA,1,0,TRUE,ASV7012,1,NA
edna0054,ASV143,motu128,Centropages abdominalis,Calanoid copepod,species,NA,1,NA,NA,NA,16,NA,NA,NA,NA,NA,Centropages abdominalis,Calanoid copepod,2018_ppo_depth,ppo,beach_seine,2018-07-13,2018-07-11,2018,depth,3,edna_ppo_30,depth,biological,11.3,30.35,8.1,NA,NA,NA,4.5,1000,0,51.65799974,-128.113112,mud,n,100,p,seagrass,zostera,seagrass_mud,zostera_mud,100,1.96163e-160,313,Metazoa,Arthropoda,Copepoda,Calanoida,Centropagidae,Centropages,0,0,TRUE,ASV143,11,Centropages abdominalis
edna0054,ASV131,motu117,Lensia,Siphonophore,genus,NA,1,1,1,NA,58,25,34,22,NA,19,Lensia,Siphonophore,2018_ppo_depth,ppo,beach_seine,2018-07-13,2018-07-11,2018,depth,3,edna_ppo_30,depth,biological,11.3,30.35,8.1,NA,NA,NA,4.5,1000,0,51.65799974,-128.113112,mud,n,100,p,seagrass,zostera,seagrass_mud,zostera_mud,100,0.00408744,30,Metazoa,Cnidaria,Cnidaria,Siphonophorae,Diphyidae,Lensia,0,0,TRUE,ASV131,2,NA
edna0054,ASV233,motu74,Euchlanidae,Rotifer,family,NA,1,NA,NA,NA,84,NA,NA,NA,NA,NA,No Results,No Results,2018_ppo_depth,ppo,beach_seine,2018-07-13,2018-07-11,2018,depth,3,edna_ppo_30,depth,biological,11.3,30.35,8.1,NA,NA,NA,4.5,1000,0,51.65799974,-128.113112,mud,n,100,p,seagrass,zostera,seagrass_mud,zostera_mud,91.35,3.005919999999998e-29,77,Metazoa,Rotifera,Rotifera,Ploima,Euchlanidae,NA,1,NA,TRUE,ASV84,2,NA
edna0054,ASV336,motu296,Pseudocalanus newmani,Calanoid copepod,species,NA,1,1,1,NA,206,51,NA,94,NA,NA,Pseudocalanus newmani,Calanoid copepod,2018_ppo_depth,ppo,beach_seine,2018-07-13,2018-07-11,2018,depth,3,edna_ppo_30,depth,biological,11.3,30.35,8.1,NA,NA,NA,4.5,1000,0,51.65799974,-128.113112,mud,n,100,p,seagrass,zostera,seagrass_mud,zostera_mud,100,1.96163e-160,313,Metazoa,Arthropoda,Copepoda,Calanoida,Clausocalanidae,Pseudocalanus,0,0,TRUE,ASV336,4,Pseudocalanus newmani
edna0054,ASV865,motu753,Parastenocarididae,Harpacticoid copepod,family,NA,1,NA,NA,NA,32,NA,NA,NA,NA,NA,Parastenocarididae,Harpacticoid copepod,2018_ppo_depth,ppo,beach_seine,2018-07-13,2018-07-11,2018,depth,3,edna_ppo_30,depth,biological,11.3,30.35,8.1,NA,NA,NA,4.5,1000,0,51.65799974,-128.113112,mud,n,100,p,seagrass,zostera,seagrass_mud,zostera_mud,94.59,0.00408744,30,Metazoa,Arthropoda,Arthropoda,Harpacticoida,Parastenocarididae,NA,1,0,TRUE,ASV865,1,NA
edna0054,ASV1006,motu281,Pseudocalanus newmani,Calanoid copepod,species,NA,1,NA,NA,NA,283,NA,NA,NA,NA,NA,Pseudocalanus newmani,Calanoid copepod,2018_ppo_depth,ppo,beach_seine,2018-07-13,2018-07-11,2018,depth,3,edna_ppo_30,depth,biological,11.3,30.35,8.1,NA,NA,NA,4.5,1000,0,51.65799974,-128.113112,mud,n,100,p,seagrass,zostera,seagrass_mud,zostera_mud,99.68,9.126599999999999e-159,310,Metazoa,Arthropoda,Copepoda,Calanoida,Clausocalanidae,Pseudocalanus,0,0,TRUE,ASV320,6,Pseudocalanus newmani
edna0054,ASV750,motu654,Orobdella,Freshwater leech,genus,NA,1,1,1,NA,28,6,NA,14,NA,NA,Orobdella,Freshwater leech,2018_ppo_depth,ppo,beach_seine,2018-07-13,2018-07-11,2018,depth,3,edna_ppo_30,depth,biological,11.3,30.35,8.1,NA,NA,NA,4.5,1000,0,51.65799974,-128.113112,mud,n,100,p,seagrass,zostera,seagrass_mud,zostera_mud,97.06,0.00121031,31,Metazoa,Annelida,Annelida,Erpobdelliformes,Orobdellidae,Orobdella,NA,NA,TRUE,ASV750,1,NA
edna0054,ASV1013,motu876,Orobdella,Freshwater leech,genus,NA,1,1,NA,NA,28,11,NA,NA,NA,NA,Orobdella,Freshwater leech,2018_ppo_depth,ppo,beach_seine,2018-07-13,2018-07-11,2018,depth,3,edna_ppo_30,depth,biological,11.3,30.35,8.1,NA,NA,NA,4.5,1000,0,51.65799974,-128.113112,mud,n,100,p,seagrass,zostera,seagrass_mud,zostera_mud,97.06,0.00121031,31,Metazoa,Annelida,Annelida,Erpobdelliformes,Orobdellidae,Orobdella,NA,NA,TRUE,ASV1013,1,NA
edna0054,ASV674,motu334,Synchaeta pectinata,Rotifer,species,NA,1,1,1,NA,49,24,39,NA,NA,NA,Synchaeta pectinata,Rotifer,2018_ppo_depth,ppo,beach_seine,2018-07-13,2018-07-11,2018,depth,3,edna_ppo_30,depth,biological,11.3,30.35,8.1,NA,NA,NA,4.5,1000,0,51.65799974,-128.113112,mud,n,100,p,seagrass,zostera,seagrass_mud,zostera_mud,90.79,3.5361899999999996e-113,228,Metazoa,Rotifera,Eurotatoria,Ploima,Synchaetidae,Synchaeta,0,0,TRUE,ASV377,5,Synchaeta pectinata
edna0054,ASV713,motu350,Synchaeta pectinata,Rotifer,species,NA,1,NA,1,NA,47,NA,49,NA,NA,28,Synchaeta pectinata,Rotifer,2018_ppo_depth,ppo,beach_seine,2018-07-13,2018-07-11,2018,depth,3,edna_ppo_30,depth,biological,11.3,30.35,8.1,NA,NA,NA,4.5,1000,0,51.65799974,-128.113112,mud,n,100,p,seagrass,zostera,seagrass_mud,zostera_mud,90.79,3.5361899999999996e-113,228,Metazoa,Rotifera,Eurotatoria,Ploima,Synchaetidae,Synchaeta,0,0,TRUE,ASV398,4,Synchaeta pectinata
edna0054,ASV622,motu22,Acartia (Acartiura) longiremis,Calanoid copepod,species,NA,1,1,1,NA,114,30,144,NA,NA,NA,Acartia (Acartiura) longiremis,Calanoid copepod,2018_ppo_depth,ppo,beach_seine,2018-07-13,2018-07-11,2018,depth,3,edna_ppo_30,depth,biological,11.3,30.35,8.1,NA,NA,NA,4.5,1000,0,51.65799974,-128.113112,mud,n,100,p,seagrass,zostera,seagrass_mud,zostera_mud,99.68,9.126599999999999e-159,310,Metazoa,Arthropoda,Copepoda,Calanoida,Acartiidae,Acartia,0,0,TRUE,ASV25,27,Acartia (Acartiura) longiremis
edna0054,ASV1384,motu1168,Membranipora membranacea,Coffin box bryozoan,species,NA,1,NA,NA,NA,11,NA,NA,NA,NA,NA,Membranipora membranacea,Coffin box bryozoan,2018_ppo_depth,ppo,beach_seine,2018-07-13,2018-07-11,2018,depth,3,edna_ppo_30,depth,biological,11.3,30.35,8.1,NA,NA,NA,4.5,1000,0,51.65799974,-128.113112,mud,n,100,p,seagrass,zostera,seagrass_mud,zostera_mud,100,9.252979999999995e-139,274,Metazoa,Bryozoa,Gymnolaemata,Cheilostomatida,Membraniporidae,Membranipora,0,0,TRUE,ASV1384,2,Membranipora membranacea
edna0054,ASV1521,motu1283,Polymorphidae,Thorny headed worm,family,NA,1,NA,NA,NA,64,NA,NA,NA,NA,NA,Polymorphidae,Thorny headed worm,2018_ppo_depth,ppo,beach_seine,2018-07-13,2018-07-11,2018,depth,3,edna_ppo_30,depth,biological,11.3,30.35,8.1,NA,NA,NA,4.5,1000,0,51.65799974,-128.113112,mud,n,100,p,seagrass,zostera,seagrass_mud,zostera_mud,94.87,8.37307e-5,33,Metazoa,Acanthocephala,Acanthocephala,Polymorphida,Polymorphidae,NA,0,0,TRUE,ASV1521,2,NA
edna0054,ASV1546,motu1303,Chaetognatha,Arrow worm,phylum,NA,1,NA,NA,NA,9,NA,NA,NA,NA,NA,Chaetognatha,Arrow worm,2018_ppo_depth,ppo,beach_seine,2018-07-13,2018-07-11,2018,depth,3,edna_ppo_30,depth,biological,11.3,30.35,8.1,NA,NA,NA,4.5,1000,0,51.65799974,-128.113112,mud,n,100,p,seagrass,zostera,seagrass_mud,zostera_mud,95.02,1.63074e-81,171,Metazoa,Chaetognatha,NA,NA,NA,NA,0,0,TRUE,ASV1546,2,NA
edna0054,ASV801,motu697,Micropodarke dubia,Hesionid polychaete,species,NA,1,NA,NA,NA,9,NA,NA,NA,NA,NA,Micropodarke dubia,Hesionid polychaete,2018_ppo_depth,ppo,beach_seine,2018-07-13,2018-07-11,2018,depth,3,edna_ppo_30,depth,biological,11.3,30.35,8.1,NA,NA,NA,4.5,1000,0,51.65799974,-128.113112,mud,n,100,p,seagrass,zostera,seagrass_mud,zostera_mud,100,1.96163e-160,313,Metazoa,Annelida,Polychaeta,Phyllodocida,Hesionidae,Micropodarke,0,0,TRUE,ASV801,2,Micropodarke dubia
edna0054,ASV2426,motu1978,Paleanotus bellis,Golden petal worm,species,NA,1,NA,NA,NA,15,NA,NA,NA,NA,NA,Paleanotus bellis,Golden petal worm,2018_ppo_depth,ppo,beach_seine,2018-07-13,2018-07-11,2018,depth,3,edna_ppo_30,depth,biological,11.3,30.35,8.1,NA,NA,NA,4.5,1000,0,51.65799974,-128.113112,mud,n,100,p,seagrass,zostera,seagrass_mud,zostera_mud,100,3.2351099999999996e-158,309,Metazoa,Annelida,Polychaeta,Phyllodocida,Chrysopetalidae,Paleanotus,0,0,TRUE,ASV2426,2,Paleanotus bellis
edna0054,ASV1654,motu1388,Paleanotus bellis,Golden petal worm,species,NA,1,NA,1,NA,15,NA,10,NA,NA,NA,Paleanotus bellis,Golden petal worm,2018_ppo_depth,ppo,beach_seine,2018-07-13,2018-07-11,2018,depth,3,edna_ppo_30,depth,biological,11.3,30.35,8.1,NA,NA,NA,4.5,1000,0,51.65799974,-128.113112,mud,n,100,p,seagrass,zostera,seagrass_mud,zostera_mud,100,3.2351099999999996e-158,309,Metazoa,Annelida,Polychaeta,Phyllodocida,Chrysopetalidae,Paleanotus,0,0,TRUE,ASV1654,4,Paleanotus bellis
edna0054,ASV1716,motu1434,Armandia brevis,Opheliid polychaete,species,NA,1,NA,NA,NA,13,NA,NA,NA,NA,NA,Armandia brevis,Opheliid polychaete,2018_ppo_depth,ppo,beach_seine,2018-07-13,2018-07-11,2018,depth,3,edna_ppo_30,depth,biological,11.3,30.35,8.1,NA,NA,NA,4.5,1000,0,51.65799974,-128.113112,mud,n,100,p,seagrass,zostera,seagrass_mud,zostera_mud,100,2.1076299999999988e-175,340,Metazoa,Annelida,Polychaeta,NA,Opheliidae,Armandia,0,0,TRUE,ASV1716,1,Armandia brevis
edna0054,ASV1672,motu150,Pseudocalanus mimus,Calanoid copepod,species,NA,1,1,1,NA,53,27,NA,39,NA,NA,Pseudocalanus mimus,Calanoid copepod,2018_ppo_depth,ppo,beach_seine,2018-07-13,2018-07-11,2018,depth,3,edna_ppo_30,depth,biological,11.3,30.35,8.1,NA,NA,NA,4.5,1000,0,51.65799974,-128.113112,mud,n,100,p,seagrass,zostera,seagrass_mud,zostera_mud,99.34,4.27634e-152,298,Metazoa,Arthropoda,Copepoda,Calanoida,Clausocalanidae,Pseudocalanus,0,0,TRUE,ASV171,10,Pseudocalanus mimus
edna0054,ASV1714,motu1432,Pleurobrachia bachei,Pacific sea gooseberry,species,NA,1,1,1,NA,23,10,9,11,NA,4,Pleurobrachia bachei,Pacific sea gooseberry,2018_ppo_depth,ppo,beach_seine,2018-07-13,2018-07-11,2018,depth,3,edna_ppo_30,depth,biological,11.3,30.35,8.1,NA,NA,NA,4.5,1000,0,51.65799974,-128.113112,mud,n,100,p,seagrass,zostera,seagrass_mud,zostera_mud,99.68,9.126599999999999e-159,310,Metazoa,Ctenophora,Tentaculata,Cydippida,Cydippidae,Pleurobrachia,0,0,TRUE,ASV1714,1,Pleurobrachia bachei
edna0054,ASV2630,motu2135,Pseudocalanus mimus,Calanoid copepod,species,NA,1,1,1,NA,48,28,46,47,NA,29,Pseudocalanus mimus,Calanoid copepod,2018_ppo_depth,ppo,beach_seine,2018-07-13,2018-07-11,2018,depth,3,edna_ppo_30,depth,biological,11.3,30.35,8.1,NA,NA,NA,4.5,1000,0,51.65799974,-128.113112,mud,n,100,p,seagrass,zostera,seagrass_mud,zostera_mud,99.33,2.5736899999999995e-149,293,Metazoa,Arthropoda,Copepoda,Calanoida,Clausocalanidae,Pseudocalanus,0,0,TRUE,ASV2630,1,Pseudocalanus mimus
edna0054,ASV4567,motu796,Panopea generosa,Pacific geoduck,species,NA,1,NA,NA,NA,25,NA,NA,NA,NA,NA,Panopea generosa,Pacific geoduck,2018_ppo_depth,ppo,beach_seine,2018-07-13,2018-07-11,2018,depth,3,edna_ppo_30,depth,biological,11.3,30.35,8.1,NA,NA,NA,4.5,1000,0,51.65799974,-128.113112,mud,n,100,p,seagrass,zostera,seagrass_mud,zostera_mud,99.68,9.126599999999999e-159,310,Metazoa,Mollusca,Bivalvia,Adapedonta,Hiatellidae,Panopea,0,0,TRUE,ASV916,4,Panopea generosa
edna0054,ASV3506,motu2786,Cistenides granulata,Trumpet worm,species,NA,1,NA,1,NA,46,NA,54,NA,NA,NA,Cistenides granulata,Trumpet worm,2018_ppo_depth,ppo,beach_seine,2018-07-13,2018-07-11,2018,depth,3,edna_ppo_30,depth,biological,11.3,30.35,8.1,NA,NA,NA,4.5,1000,0,51.65799974,-128.113112,mud,n,100,p,seagrass,zostera,seagrass_mud,zostera_mud,99.36,5.453139999999996e-156,305,Metazoa,Annelida,Polychaeta,Terebellida,Pectinariidae,Pectinaria,0,0,TRUE,ASV3506,1,Cistenides granulata
edna0054,ASV4843,motu1812,Corynidae,Athecate hydroid,family,NA,1,NA,NA,NA,17,NA,NA,NA,NA,NA,Corynidae,Athecate hydroid,2018_ppo_depth,ppo,beach_seine,2018-07-13,2018-07-11,2018,depth,3,edna_ppo_30,depth,biological,11.3,30.35,8.1,NA,NA,NA,4.5,1000,0,51.65799974,-128.113112,mud,n,100,p,seagrass,zostera,seagrass_mud,zostera_mud,93.79,7.41348e-125,249,Metazoa,Cnidaria,Cnidaria,Anthoathecata,Corynidae,NA,0,0,TRUE,ASV2195,2,NA
edna0054,ASV5378,motu4128,Calanus pacificus,Calanoid copepod,species,NA,1,NA,NA,NA,22,NA,NA,NA,NA,NA,Calanus pacificus,Calanoid copepod,2018_ppo_depth,ppo,beach_seine,2018-07-13,2018-07-11,2018,depth,3,edna_ppo_30,depth,biological,11.3,30.35,8.1,NA,NA,NA,4.5,1000,0,51.65799974,-128.113112,mud,n,100,p,seagrass,zostera,seagrass_mud,zostera_mud,98.69,6.974989999999997e-150,294,Metazoa,Arthropoda,Copepoda,Calanoida,Calanidae,Calanus,0,0,TRUE,ASV5378,1,Calanus pacificus
edna0054,ASV3551,motu2821,Cardiida,Mussel species,order,NA,1,NA,1,NA,5,NA,3,NA,NA,NA,Cardiida,Mussel species,2018_ppo_depth,ppo,beach_seine,2018-07-13,2018-07-11,2018,depth,3,edna_ppo_30,depth,biological,11.3,30.35,8.1,NA,NA,NA,4.5,1000,0,51.65799974,-128.113112,mud,n,100,p,seagrass,zostera,seagrass_mud,zostera_mud,100,0.0374129,28,Metazoa,Mollusca,Mollusca,Cardiida,NA,NA,0,0,TRUE,ASV3551,2,NA
edna0055,ASV343,motu303,Pseudocalanus mimus,Calanoid copepod,species,NA,1,NA,NA,NA,33,NA,NA,NA,NA,NA,Pseudocalanus mimus,Calanoid copepod,2018_hdo_surface,hdo,beach_seine,2018-07-13,2018-07-11,2018,surface,1,edna_hdo_00,surface,biological,15.1,27.77,8.23,NA,NA,NA,4.8,1000,0,51.65501227,-128.1295942,mud,n,320,p,seagrass,zostera,seagrass_mud,zostera_mud,99.67,9.19139e-154,301,Metazoa,Arthropoda,Copepoda,Calanoida,Clausocalanidae,Pseudocalanus,0,0,TRUE,ASV343,11,Pseudocalanus mimus
edna0055,ASV452,motu183,Euchlanidae,Rotifer,family,NA,1,NA,NA,NA,188,NA,NA,NA,NA,NA,No Results,No Results,2018_hdo_surface,hdo,beach_seine,2018-07-13,2018-07-11,2018,surface,1,edna_hdo_00,surface,biological,15.1,27.77,8.23,NA,NA,NA,4.8,1000,0,51.65501227,-128.1295942,mud,n,320,p,seagrass,zostera,seagrass_mud,zostera_mud,91.35,3.005919999999998e-29,77,Metazoa,Rotifera,Rotifera,Ploima,Euchlanidae,NA,1,NA,TRUE,ASV208,2,NA
edna0055,ASV242,motu213,Balanus glandula,Acorn barnacle,species,NA,1,1,1,NA,27,12,NA,NA,NA,25,Balanus glandula,Acorn barnacle,2018_hdo_surface,hdo,beach_seine,2018-07-13,2018-07-11,2018,surface,1,edna_hdo_00,surface,biological,15.1,27.77,8.23,NA,NA,NA,4.8,1000,0,51.65501227,-128.1295942,mud,n,320,p,seagrass,zostera,seagrass_mud,zostera_mud,100,3.2351099999999996e-158,309,Metazoa,Arthropoda,Thecostraca,Balanomorpha,Balanidae,Balanus,0,0,TRUE,ASV242,15,Balanus glandula
edna0055,ASV580,motu150,Pseudocalanus mimus,Calanoid copepod,species,NA,1,NA,NA,NA,50,NA,NA,NA,NA,NA,Pseudocalanus mimus,Calanoid copepod,2018_hdo_surface,hdo,beach_seine,2018-07-13,2018-07-11,2018,surface,1,edna_hdo_00,surface,biological,15.1,27.77,8.23,NA,NA,NA,4.8,1000,0,51.65501227,-128.1295942,mud,n,320,p,seagrass,zostera,seagrass_mud,zostera_mud,99.67,9.19139e-154,301,Metazoa,Arthropoda,Copepoda,Calanoida,Clausocalanidae,Pseudocalanus,0,0,TRUE,ASV171,10,Pseudocalanus mimus
edna0055,ASV744,motu648,Evasterias troschelii,False ochre star,species,NA,1,NA,NA,NA,14,NA,NA,NA,NA,NA,Evasterias troschelii,False ochre star,2018_hdo_surface,hdo,beach_seine,2018-07-13,2018-07-11,2018,surface,1,edna_hdo_00,surface,biological,15.1,27.77,8.23,NA,NA,NA,4.8,1000,0,51.65501227,-128.1295942,mud,n,320,p,seagrass,zostera,seagrass_mud,zostera_mud,100,1.96163e-160,313,Metazoa,Echinodermata,Asteroidea,Forcipulatida,Asteriidae,Evasterias,0,0,TRUE,ASV744,1,Evasterias troschelii
edna0055,ASV772,motu672,Parastenocarididae,Harpacticoid copepod,family,NA,1,NA,1,NA,65,NA,57,NA,NA,79,Parastenocarididae,Harpacticoid copepod,2018_hdo_surface,hdo,beach_seine,2018-07-13,2018-07-11,2018,surface,1,edna_hdo_00,surface,biological,15.1,27.77,8.23,NA,NA,NA,4.8,1000,0,51.65501227,-128.1295942,mud,n,320,p,seagrass,zostera,seagrass_mud,zostera_mud,94.59,0.00408744,30,Metazoa,Arthropoda,Arthropoda,Harpacticoida,Parastenocarididae,NA,1,0,TRUE,ASV772,1,NA
edna0055,ASV733,motu637,Phyllodocida,Polychaete,order,NA,1,NA,NA,NA,5,NA,NA,NA,NA,NA,Phyllodocida,Polychaete,2018_hdo_surface,hdo,beach_seine,2018-07-13,2018-07-11,2018,surface,1,edna_hdo_00,surface,biological,15.1,27.77,8.23,NA,NA,NA,4.8,1000,0,51.65501227,-128.1295942,mud,n,320,p,seagrass,zostera,seagrass_mud,zostera_mud,100,0.0603188,28,Metazoa,Annelida,Annelida,Phyllodocida,NA,NA,0,0,TRUE,ASV733,1,NA
edna0055,ASV1070,motu922,Pleurobrachia bachei,Pacific sea gooseberry,species,NA,1,1,1,NA,3,2,4,12,NA,9,Pleurobrachia bachei,Pacific sea gooseberry,2018_hdo_surface,hdo,beach_seine,2018-07-13,2018-07-11,2018,surface,1,edna_hdo_00,surface,biological,15.1,27.77,8.23,NA,NA,NA,4.8,1000,0,51.65501227,-128.1295942,mud,n,320,p,seagrass,zostera,seagrass_mud,zostera_mud,100,1.96163e-160,313,Metazoa,Ctenophora,Tentaculata,Cydippida,Cydippidae,Pleurobrachia,0,0,TRUE,ASV1070,7,Pleurobrachia bachei
edna0055,ASV1917,motu1595,Arthropoda,Unknown arthropod,phylum,NA,1,NA,1,NA,3,NA,NA,NA,NA,4,Arthropoda,Unknown arthropod,2018_hdo_surface,hdo,beach_seine,2018-07-13,2018-07-11,2018,surface,1,edna_hdo_00,surface,biological,15.1,27.77,8.23,NA,NA,NA,4.8,1000,0,51.65501227,-128.1295942,mud,n,320,p,seagrass,zostera,seagrass_mud,zostera_mud,95,2.34566e-5,34,Metazoa,Arthropoda,NA,NA,NA,NA,NA,NA,TRUE,ASV1917,1,NA
edna0055,ASV2618,motu2123,Insecta,Hexapod,class,NA,1,NA,NA,NA,6,NA,NA,NA,NA,NA,Insecta,Hexapod,2018_hdo_surface,hdo,beach_seine,2018-07-13,2018-07-11,2018,surface,1,edna_hdo_00,surface,biological,15.1,27.77,8.23,NA,NA,NA,4.8,1000,0,51.65501227,-128.1295942,mud,n,320,p,seagrass,zostera,seagrass_mud,zostera_mud,90.91,1.07393e-43,103,Metazoa,Arthropoda,Arthropoda,NA,NA,NA,NA,NA,TRUE,ASV2618,2,NA
edna0055,ASV4395,motu190,Mytilus trossulus,Bay mussel,species,NA,1,NA,NA,NA,30,NA,NA,NA,NA,NA,Mytilus trossulus,Bay mussel,2018_hdo_surface,hdo,beach_seine,2018-07-13,2018-07-11,2018,surface,1,edna_hdo_00,surface,biological,15.1,27.77,8.23,NA,NA,NA,4.8,1000,0,51.65501227,-128.1295942,mud,n,320,p,seagrass,zostera,seagrass_mud,zostera_mud,99.68,1.5051499999999994e-156,306,Metazoa,Mollusca,Mollusca,Mytilida,Mytilidae,Mytilus,0,0,TRUE,ASV216,23,Mytilus trossulus
edna0055,ASV1587,motu1337,Armandia brevis,Opheliid polychaete,species,NA,1,NA,NA,NA,24,NA,NA,NA,NA,NA,Armandia brevis,Opheliid polychaete,2018_hdo_surface,hdo,beach_seine,2018-07-13,2018-07-11,2018,surface,1,edna_hdo_00,surface,biological,15.1,27.77,8.23,NA,NA,NA,4.8,1000,0,51.65501227,-128.1295942,mud,n,320,p,seagrass,zostera,seagrass_mud,zostera_mud,100,2.1076299999999988e-175,340,Metazoa,Annelida,Polychaeta,NA,Opheliidae,Armandia,0,0,TRUE,ASV1587,2,Armandia brevis
edna0056,ASV25,motu22,Acartia (Acartiura) longiremis,Calanoid copepod,species,NA,1,NA,1,NA,151,NA,93,91,NA,NA,Acartia (Acartiura) longiremis,Calanoid copepod,2018_hdo_depth,hdo,beach_seine,2018-07-13,2018-07-11,2018,depth,1,edna_hdo_15,depth,biological,10.7,30.95,7.94,NA,NA,NA,4.8,1000,0,51.65508561,-128.1293971,mud,n,320,p,seagrass,zostera,seagrass_mud,zostera_mud,100,1.96163e-160,313,Metazoa,Arthropoda,Copepoda,Calanoida,Acartiidae,Acartia,0,0,TRUE,ASV25,27,Acartia (Acartiura) longiremis
edna0056,ASV452,motu183,Euchlanidae,Rotifer,family,NA,1,NA,NA,NA,80,NA,NA,NA,NA,NA,No Results,No Results,2018_hdo_depth,hdo,beach_seine,2018-07-13,2018-07-11,2018,depth,1,edna_hdo_15,depth,biological,10.7,30.95,7.94,NA,NA,NA,4.8,1000,0,51.65508561,-128.1293971,mud,n,320,p,seagrass,zostera,seagrass_mud,zostera_mud,91.35,3.005919999999998e-29,77,Metazoa,Rotifera,Rotifera,Ploima,Euchlanidae,NA,1,NA,TRUE,ASV208,2,NA
edna0056,ASV580,motu150,Pseudocalanus mimus,Calanoid copepod,species,NA,1,1,NA,NA,220,164,NA,NA,NA,NA,Pseudocalanus mimus,Calanoid copepod,2018_hdo_depth,hdo,beach_seine,2018-07-13,2018-07-11,2018,depth,1,edna_hdo_15,depth,biological,10.7,30.95,7.94,NA,NA,NA,4.8,1000,0,51.65508561,-128.1293971,mud,n,320,p,seagrass,zostera,seagrass_mud,zostera_mud,99.67,9.19139e-154,301,Metazoa,Arthropoda,Copepoda,Calanoida,Clausocalanidae,Pseudocalanus,0,0,TRUE,ASV171,10,Pseudocalanus mimus
edna0056,ASV654,motu567,Kellia suborbicularis,Suborbicular kellyclam,species,NA,1,NA,NA,NA,23,NA,NA,NA,NA,NA,Kellia suborbicularis,Suborbicular kellyclam,2018_hdo_depth,hdo,beach_seine,2018-07-13,2018-07-11,2018,depth,1,edna_hdo_15,depth,biological,10.7,30.95,7.94,NA,NA,NA,4.8,1000,0,51.65508561,-128.1293971,mud,n,320,p,seagrass,zostera,seagrass_mud,zostera_mud,98.4,4.27634e-152,298,Metazoa,Mollusca,Bivalvia,Galeommatida,Lasaeidae,Kellia,0,0,TRUE,ASV654,4,Kellia suborbicularis
edna0056,ASV365,motu31,Centropages abdominalis,Calanoid copepod,species,NA,1,1,1,NA,85,36,52,53,NA,NA,Centropages abdominalis,Calanoid copepod,2018_hdo_depth,hdo,beach_seine,2018-07-13,2018-07-11,2018,depth,1,edna_hdo_15,depth,biological,10.7,30.95,7.94,NA,NA,NA,4.8,1000,0,51.65508561,-128.1293971,mud,n,320,p,seagrass,zostera,seagrass_mud,zostera_mud,99.68,9.126599999999999e-159,310,Metazoa,Arthropoda,Copepoda,Calanoida,Centropagidae,Centropages,0,0,TRUE,ASV34,19,Centropages abdominalis
edna0056,ASV772,motu672,Parastenocarididae,Harpacticoid copepod,family,NA,1,NA,1,NA,76,NA,56,NA,NA,NA,Parastenocarididae,Harpacticoid copepod,2018_hdo_depth,hdo,beach_seine,2018-07-13,2018-07-11,2018,depth,1,edna_hdo_15,depth,biological,10.7,30.95,7.94,NA,NA,NA,4.8,1000,0,51.65508561,-128.1293971,mud,n,320,p,seagrass,zostera,seagrass_mud,zostera_mud,94.59,0.00408744,30,Metazoa,Arthropoda,Arthropoda,Harpacticoida,Parastenocarididae,NA,1,0,TRUE,ASV772,1,NA
edna0056,ASV750,motu654,Orobdella,Freshwater leech,genus,NA,1,NA,1,NA,12,NA,21,NA,NA,13,Orobdella,Freshwater leech,2018_hdo_depth,hdo,beach_seine,2018-07-13,2018-07-11,2018,depth,1,edna_hdo_15,depth,biological,10.7,30.95,7.94,NA,NA,NA,4.8,1000,0,51.65508561,-128.1293971,mud,n,320,p,seagrass,zostera,seagrass_mud,zostera_mud,97.06,0.00121031,31,Metazoa,Annelida,Annelida,Erpobdelliformes,Orobdellidae,Orobdella,NA,NA,TRUE,ASV750,1,NA
edna0056,ASV623,motu543,Balanus,Barnacle species,genus,NA,1,NA,NA,NA,7,NA,NA,NA,NA,NA,Balanus,Barnacle species,2018_hdo_depth,hdo,beach_seine,2018-07-13,2018-07-11,2018,depth,1,edna_hdo_15,depth,biological,10.7,30.95,7.94,NA,NA,NA,4.8,1000,0,51.65508561,-128.1293971,mud,n,320,p,seagrass,zostera,seagrass_mud,zostera_mud,100,1.4886099999999998e-156,306,Metazoa,Arthropoda,Arthropoda,Balanomorpha,Balanidae,Balanus,0,0,TRUE,ASV623,7,NA
edna0056,ASV780,motu679,Aequorea,Crystal jelly species,genus,NA,1,1,NA,NA,13,4,NA,NA,NA,NA,Aequorea,Crystal jelly species,2018_hdo_depth,hdo,beach_seine,2018-07-13,2018-07-11,2018,depth,1,edna_hdo_15,depth,biological,10.7,30.95,7.94,NA,NA,NA,4.8,1000,0,51.65508561,-128.1293971,mud,n,320,p,seagrass,zostera,seagrass_mud,zostera_mud,100,1.4886099999999998e-156,306,Metazoa,Cnidaria,Hydrozoa,Leptothecata,Aequoreidae,Aequorea,0,0,TRUE,ASV780,4,NA
edna0056,ASV775,motu675,Aequorea,Crystal jelly species,genus,NA,1,1,1,NA,11,6,NA,8,NA,9,Aequorea,Crystal jelly species,2018_hdo_depth,hdo,beach_seine,2018-07-13,2018-07-11,2018,depth,1,edna_hdo_15,depth,biological,10.7,30.95,7.94,NA,NA,NA,4.8,1000,0,51.65508561,-128.1293971,mud,n,320,p,seagrass,zostera,seagrass_mud,zostera_mud,100,1.4886099999999998e-156,306,Metazoa,Cnidaria,Hydrozoa,Leptothecata,Aequoreidae,Aequorea,0,0,TRUE,ASV775,3,NA
edna0056,ASV1502,motu1269,Oithona similis,Cyclopoid copepod,species,NA,1,NA,NA,NA,8,NA,NA,NA,NA,NA,Oithona similis,Cyclopoid copepod,2018_hdo_depth,hdo,beach_seine,2018-07-13,2018-07-11,2018,depth,1,edna_hdo_15,depth,biological,10.7,30.95,7.94,NA,NA,NA,4.8,1000,0,51.65508561,-128.1293971,mud,n,320,p,seagrass,zostera,seagrass_mud,zostera_mud,96.17,2.0179399999999996e-140,277,Metazoa,Arthropoda,Copepoda,Cyclopoida,Oithonidae,Oithona,0,0,TRUE,ASV1502,1,Oithona similis
edna0056,ASV1748,motu1459,Chaetognatha,Arrow worm,phylum,NA,1,NA,NA,NA,8,NA,NA,NA,NA,NA,Chaetognatha,Arrow worm,2018_hdo_depth,hdo,beach_seine,2018-07-13,2018-07-11,2018,depth,1,edna_hdo_15,depth,biological,10.7,30.95,7.94,NA,NA,NA,4.8,1000,0,51.65508561,-128.1293971,mud,n,320,p,seagrass,zostera,seagrass_mud,zostera_mud,95.02,1.63074e-81,171,Metazoa,Chaetognatha,NA,NA,NA,NA,0,0,TRUE,ASV1748,1,NA
edna0056,ASV386,motu316,Hiatella,Clam species,genus,NA,1,1,1,NA,128,64,180,136,NA,120,Hiatella,Clam species,2018_hdo_depth,hdo,beach_seine,2018-07-13,2018-07-11,2018,depth,1,edna_hdo_15,depth,biological,10.7,30.95,7.94,NA,NA,NA,4.8,1000,0,51.65508561,-128.1293971,mud,n,320,p,seagrass,zostera,seagrass_mud,zostera_mud,100,9.027749999999999e-159,310,Metazoa,Mollusca,Bivalvia,Adapedonta,Hiatellidae,Hiatella,0,0,TRUE,ASV357,9,NA
edna0056,ASV1988,motu1648,Emplectonema viride,Green ribbon worm,species,NA,1,NA,NA,NA,3,NA,NA,NA,NA,NA,Emplectonema viride,Green ribbon worm,2018_hdo_depth,hdo,beach_seine,2018-07-13,2018-07-11,2018,depth,1,edna_hdo_15,depth,biological,10.7,30.95,7.94,NA,NA,NA,4.8,1000,0,51.65508561,-128.1293971,mud,n,320,p,seagrass,zostera,seagrass_mud,zostera_mud,100,1.96163e-160,313,Metazoa,Nemertea,Hoplonemertea,Monostilifera,Emplectonematidae,Emplectonema,0,0,TRUE,ASV1988,1,Emplectonema viride
edna0056,ASV1091,motu939,Emplectonema viride,Green ribbon worm,species,NA,1,NA,NA,NA,6,NA,NA,NA,NA,NA,Emplectonema viride,Green ribbon worm,2018_hdo_depth,hdo,beach_seine,2018-07-13,2018-07-11,2018,depth,1,edna_hdo_15,depth,biological,10.7,30.95,7.94,NA,NA,NA,4.8,1000,0,51.65508561,-128.1293971,mud,n,320,p,seagrass,zostera,seagrass_mud,zostera_mud,100,1.96163e-160,313,Metazoa,Nemertea,Hoplonemertea,Monostilifera,Emplectonematidae,Emplectonema,0,0,TRUE,ASV1091,1,Emplectonema viride
edna0056,ASV1603,motu1347,Armandia brevis,Opheliid polychaete,species,NA,1,NA,NA,NA,15,NA,NA,NA,NA,NA,Armandia brevis,Opheliid polychaete,2018_hdo_depth,hdo,beach_seine,2018-07-13,2018-07-11,2018,depth,1,edna_hdo_15,depth,biological,10.7,30.95,7.94,NA,NA,NA,4.8,1000,0,51.65508561,-128.1293971,mud,n,320,p,seagrass,zostera,seagrass_mud,zostera_mud,100,3.4804099999999994e-173,336,Metazoa,Annelida,Polychaeta,NA,Opheliidae,Armandia,0,0,TRUE,ASV1603,1,Armandia brevis
edna0056,ASV2930,motu2362,Chaetognatha,Arrow worm,phylum,NA,1,NA,NA,NA,8,NA,NA,NA,NA,NA,Chaetognatha,Arrow worm,2018_hdo_depth,hdo,beach_seine,2018-07-13,2018-07-11,2018,depth,1,edna_hdo_15,depth,biological,10.7,30.95,7.94,NA,NA,NA,4.8,1000,0,51.65508561,-128.1293971,mud,n,320,p,seagrass,zostera,seagrass_mud,zostera_mud,98.01,1.6078299999999998e-91,189,Metazoa,Chaetognatha,NA,NA,NA,NA,0,0,TRUE,ASV2930,1,NA
edna0056,ASV1570,motu1323,Pleurobrachia bachei,Pacific sea gooseberry,species,NA,1,NA,NA,NA,2,NA,NA,NA,NA,NA,Pleurobrachia bachei,Pacific sea gooseberry,2018_hdo_depth,hdo,beach_seine,2018-07-13,2018-07-11,2018,depth,1,edna_hdo_15,depth,biological,10.7,30.95,7.94,NA,NA,NA,4.8,1000,0,51.65508561,-128.1293971,mud,n,320,p,seagrass,zostera,seagrass_mud,zostera_mud,99.68,9.126599999999999e-159,310,Metazoa,Ctenophora,Tentaculata,Cydippida,Cydippidae,Pleurobrachia,0,0,TRUE,ASV1570,1,Pleurobrachia bachei
edna0056,ASV3175,motu2541,Arthropoda,Unknown arthropod,phylum,NA,1,NA,NA,NA,5,NA,NA,NA,NA,NA,Arthropoda,Unknown arthropod,2018_hdo_depth,hdo,beach_seine,2018-07-13,2018-07-11,2018,depth,1,edna_hdo_15,depth,biological,10.7,30.95,7.94,NA,NA,NA,4.8,1000,0,51.65508561,-128.1293971,mud,n,320,p,seagrass,zostera,seagrass_mud,zostera_mud,100,0.014701,29,Metazoa,Arthropoda,NA,NA,NA,NA,NA,NA,TRUE,ASV3175,1,NA
edna0056,ASV3048,motu2456,Semibalanus balanoides,Common rock barnacle,species,NA,1,NA,NA,NA,6,NA,NA,NA,NA,NA,Semibalanus balanoides,Common rock barnacle,2018_hdo_depth,hdo,beach_seine,2018-07-13,2018-07-11,2018,depth,1,edna_hdo_15,depth,biological,10.7,30.95,7.94,NA,NA,NA,4.8,1000,0,51.65508561,-128.1293971,mud,n,320,p,seagrass,zostera,seagrass_mud,zostera_mud,100,1.96163e-160,313,Metazoa,Arthropoda,Thecostraca,Balanomorpha,Balanidae,Semibalanus,0,0,TRUE,ASV3048,1,Semibalanus balanoides
edna0056,ASV4609,motu3578,Neritidae,Nerite snail species,family,NA,1,NA,NA,NA,2,NA,NA,NA,NA,NA,Neritidae,Nerite snail species,2018_hdo_depth,hdo,beach_seine,2018-07-13,2018-07-11,2018,depth,1,edna_hdo_15,depth,biological,10.7,30.95,7.94,NA,NA,NA,4.8,1000,0,51.65508561,-128.1293971,mud,n,320,p,seagrass,zostera,seagrass_mud,zostera_mud,90,6.69344e-6,35,Metazoa,Mollusca,Mollusca,Cycloneritida,Neritidae,NA,0,0,TRUE,ASV4609,1,NA
edna0056,ASV3834,motu3013,Thecostraca,Thecostracan crustacean species,class,NA,1,NA,1,NA,24,NA,10,NA,NA,10,Thecostraca,Thecostracan crustacean species,2018_hdo_depth,hdo,beach_seine,2018-07-13,2018-07-11,2018,depth,1,edna_hdo_15,depth,biological,10.7,30.95,7.94,NA,NA,NA,4.8,1000,0,51.65508561,-128.1293971,mud,n,320,p,seagrass,zostera,seagrass_mud,zostera_mud,97.22,8.40478e-5,33,Metazoa,Arthropoda,Arthropoda,NA,NA,NA,0,0,TRUE,ASV3834,3,NA
edna0056,ASV6797,motu5282,Cecidomyiidae,Hexapod,genus,NA,1,NA,NA,NA,4,NA,NA,NA,NA,NA,Cecidomyiidae,Hexapod,2018_hdo_depth,hdo,beach_seine,2018-07-13,2018-07-11,2018,depth,1,edna_hdo_15,depth,biological,10.7,30.95,7.94,NA,NA,NA,4.8,1000,0,51.65508561,-128.1293971,mud,n,320,p,seagrass,zostera,seagrass_mud,zostera_mud,95,2.49185e-5,34,Metazoa,Arthropoda,Arthropoda,Diptera,Cecidomyiidae,Cecidomyiidae,NA,NA,TRUE,ASV6797,1,NA
edna0059,ASV226,motu199,Mytilus trossulus,Bay mussel,species,NA,1,1,1,NA,33,15,35,NA,NA,40,Mytilus trossulus,Bay mussel,2018_hdo_surface,hdo,beach_seine,2018-07-13,2018-07-11,2018,surface,3,edna_hdo_15,surface,biological,14.2,28.64,8.26,NA,NA,NA,5.9,1000,0,51.65508561,-128.1293971,mud,n,320,p,seagrass,zostera,seagrass_mud,zostera_mud,100,3.2351099999999996e-158,309,Metazoa,Mollusca,Mollusca,Mytilida,Mytilidae,Mytilus,0,0,TRUE,ASV226,18,Mytilus trossulus
edna0059,ASV452,motu183,Euchlanidae,Rotifer,family,NA,1,NA,NA,NA,48,NA,NA,NA,NA,NA,No Results,No Results,2018_hdo_surface,hdo,beach_seine,2018-07-13,2018-07-11,2018,surface,3,edna_hdo_15,surface,biological,14.2,28.64,8.26,NA,NA,NA,5.9,1000,0,51.65508561,-128.1293971,mud,n,320,p,seagrass,zostera,seagrass_mud,zostera_mud,91.35,3.005919999999998e-29,77,Metazoa,Rotifera,Rotifera,Ploima,Euchlanidae,NA,1,NA,TRUE,ASV208,2,NA
edna0059,ASV216,motu190,Mytilus trossulus,Bay mussel,species,NA,1,NA,1,NA,35,NA,37,NA,NA,32,Mytilus trossulus,Bay mussel,2018_hdo_surface,hdo,beach_seine,2018-07-13,2018-07-11,2018,surface,3,edna_hdo_15,surface,biological,14.2,28.64,8.26,NA,NA,NA,5.9,1000,0,51.65508561,-128.1293971,mud,n,320,p,seagrass,zostera,seagrass_mud,zostera_mud,100,3.2351099999999996e-158,309,Metazoa,Mollusca,Mollusca,Mytilida,Mytilidae,Mytilus,0,0,TRUE,ASV216,23,Mytilus trossulus
edna0059,ASV398,motu350,Synchaeta pectinata,Rotifer,species,NA,1,1,1,NA,24,4,27,12,NA,NA,Synchaeta pectinata,Rotifer,2018_hdo_surface,hdo,beach_seine,2018-07-13,2018-07-11,2018,surface,3,edna_hdo_15,surface,biological,14.2,28.64,8.26,NA,NA,NA,5.9,1000,0,51.65508561,-128.1293971,mud,n,320,p,seagrass,zostera,seagrass_mud,zostera_mud,90.48,1.6452299999999999e-111,225,Metazoa,Rotifera,Eurotatoria,Ploima,Synchaetidae,Synchaeta,0,0,TRUE,ASV398,4,Synchaeta pectinata
edna0059,ASV377,motu334,Synchaeta pectinata,Rotifer,species,NA,1,1,1,NA,8,7,NA,NA,NA,27,Synchaeta pectinata,Rotifer,2018_hdo_surface,hdo,beach_seine,2018-07-13,2018-07-11,2018,surface,3,edna_hdo_15,surface,biological,14.2,28.64,8.26,NA,NA,NA,5.9,1000,0,51.65508561,-128.1293971,mud,n,320,p,seagrass,zostera,seagrass_mud,zostera_mud,90.48,1.6452299999999999e-111,225,Metazoa,Rotifera,Eurotatoria,Ploima,Synchaetidae,Synchaeta,0,0,TRUE,ASV377,5,Synchaeta pectinata
edna0059,ASV772,motu672,Parastenocarididae,Harpacticoid copepod,family,NA,1,NA,1,NA,74,NA,83,NA,NA,73,Parastenocarididae,Harpacticoid copepod,2018_hdo_surface,hdo,beach_seine,2018-07-13,2018-07-11,2018,surface,3,edna_hdo_15,surface,biological,14.2,28.64,8.26,NA,NA,NA,5.9,1000,0,51.65508561,-128.1293971,mud,n,320,p,seagrass,zostera,seagrass_mud,zostera_mud,94.59,0.00408744,30,Metazoa,Arthropoda,Arthropoda,Harpacticoida,Parastenocarididae,NA,1,0,TRUE,ASV772,1,NA
edna0059,ASV357,motu316,Hiatella,Clam species,genus,NA,1,1,1,NA,105,35,128,89,NA,121,Hiatella,Clam species,2018_hdo_surface,hdo,beach_seine,2018-07-13,2018-07-11,2018,surface,3,edna_hdo_15,surface,biological,14.2,28.64,8.26,NA,NA,NA,5.9,1000,0,51.65508561,-128.1293971,mud,n,320,p,seagrass,zostera,seagrass_mud,zostera_mud,100,9.027749999999999e-159,310,Metazoa,Mollusca,Bivalvia,Adapedonta,Hiatellidae,Hiatella,0,0,TRUE,ASV357,9,NA
edna0059,ASV750,motu654,Orobdella,Freshwater leech,genus,NA,1,NA,1,NA,24,NA,6,NA,NA,NA,Orobdella,Freshwater leech,2018_hdo_surface,hdo,beach_seine,2018-07-13,2018-07-11,2018,surface,3,edna_hdo_15,surface,biological,14.2,28.64,8.26,NA,NA,NA,5.9,1000,0,51.65508561,-128.1293971,mud,n,320,p,seagrass,zostera,seagrass_mud,zostera_mud,97.06,0.00121031,31,Metazoa,Annelida,Annelida,Erpobdelliformes,Orobdellidae,Orobdella,NA,NA,TRUE,ASV750,1,NA
edna0059,ASV1546,motu1303,Chaetognatha,Arrow worm,phylum,NA,1,NA,NA,NA,21,NA,NA,NA,NA,NA,Chaetognatha,Arrow worm,2018_hdo_surface,hdo,beach_seine,2018-07-13,2018-07-11,2018,surface,3,edna_hdo_15,surface,biological,14.2,28.64,8.26,NA,NA,NA,5.9,1000,0,51.65508561,-128.1293971,mud,n,320,p,seagrass,zostera,seagrass_mud,zostera_mud,95.02,1.63074e-81,171,Metazoa,Chaetognatha,NA,NA,NA,NA,0,0,TRUE,ASV1546,2,NA
edna0059,ASV1059,motu911,Pleurobrachia bachei,Pacific sea gooseberry,species,NA,1,1,NA,NA,5,3,NA,NA,NA,NA,Pleurobrachia bachei,Pacific sea gooseberry,2018_hdo_surface,hdo,beach_seine,2018-07-13,2018-07-11,2018,surface,3,edna_hdo_15,surface,biological,14.2,28.64,8.26,NA,NA,NA,5.9,1000,0,51.65508561,-128.1293971,mud,n,320,p,seagrass,zostera,seagrass_mud,zostera_mud,100,1.96163e-160,313,Metazoa,Ctenophora,Tentaculata,Cydippida,Cydippidae,Pleurobrachia,0,0,TRUE,ASV1059,3,Pleurobrachia bachei
edna0059,ASV1742,motu1454,Micropodarke dubia,Hesionid polychaete,species,NA,1,NA,NA,NA,7,NA,NA,NA,NA,NA,Micropodarke dubia,Hesionid polychaete,2018_hdo_surface,hdo,beach_seine,2018-07-13,2018-07-11,2018,surface,3,edna_hdo_15,surface,biological,14.2,28.64,8.26,NA,NA,NA,5.9,1000,0,51.65508561,-128.1293971,mud,n,320,p,seagrass,zostera,seagrass_mud,zostera_mud,100,1.96163e-160,313,Metazoa,Annelida,Polychaeta,Phyllodocida,Hesionidae,Micropodarke,0,0,TRUE,ASV1742,2,Micropodarke dubia
edna0059,ASV1443,motu1220,Orobdella,Freshwater leech,genus,NA,1,NA,NA,NA,11,NA,NA,NA,NA,NA,Orobdella,Freshwater leech,2018_hdo_surface,hdo,beach_seine,2018-07-13,2018-07-11,2018,surface,3,edna_hdo_15,surface,biological,14.2,28.64,8.26,NA,NA,NA,5.9,1000,0,51.65508561,-128.1293971,mud,n,320,p,seagrass,zostera,seagrass_mud,zostera_mud,97.06,0.0011939,31,Metazoa,Annelida,Annelida,Erpobdelliformes,Orobdellidae,Orobdella,NA,NA,TRUE,ASV1443,1,NA
edna0059,ASV2930,motu2362,Chaetognatha,Arrow worm,phylum,NA,1,NA,NA,NA,13,NA,NA,NA,NA,NA,Chaetognatha,Arrow worm,2018_hdo_surface,hdo,beach_seine,2018-07-13,2018-07-11,2018,surface,3,edna_hdo_15,surface,biological,14.2,28.64,8.26,NA,NA,NA,5.9,1000,0,51.65508561,-128.1293971,mud,n,320,p,seagrass,zostera,seagrass_mud,zostera_mud,98.01,1.6078299999999998e-91,189,Metazoa,Chaetognatha,NA,NA,NA,NA,0,0,TRUE,ASV2930,1,NA
edna0059,ASV1716,motu1434,Armandia brevis,Opheliid polychaete,species,NA,1,NA,NA,NA,9,NA,NA,NA,NA,NA,Armandia brevis,Opheliid polychaete,2018_hdo_surface,hdo,beach_seine,2018-07-13,2018-07-11,2018,surface,3,edna_hdo_15,surface,biological,14.2,28.64,8.26,NA,NA,NA,5.9,1000,0,51.65508561,-128.1293971,mud,n,320,p,seagrass,zostera,seagrass_mud,zostera_mud,100,2.1076299999999988e-175,340,Metazoa,Annelida,Polychaeta,NA,Opheliidae,Armandia,0,0,TRUE,ASV1716,1,Armandia brevis
edna0059,ASV1805,motu1504,Cistenides granulata,Trumpet worm,species,NA,1,NA,NA,NA,63,NA,NA,NA,NA,NA,Cistenides granulata,Trumpet worm,2018_hdo_surface,hdo,beach_seine,2018-07-13,2018-07-11,2018,surface,3,edna_hdo_15,surface,biological,14.2,28.64,8.26,NA,NA,NA,5.9,1000,0,51.65508561,-128.1293971,mud,n,320,p,seagrass,zostera,seagrass_mud,zostera_mud,100,1.4886099999999998e-156,306,Metazoa,Annelida,Polychaeta,Terebellida,Pectinariidae,Pectinaria,0,0,TRUE,ASV1805,1,Cistenides granulata
edna0059,ASV3171,motu2538,Semibalanus balanoides,Common rock barnacle,species,NA,1,NA,NA,NA,7,NA,NA,NA,NA,NA,Semibalanus balanoides,Common rock barnacle,2018_hdo_surface,hdo,beach_seine,2018-07-13,2018-07-11,2018,surface,3,edna_hdo_15,surface,biological,14.2,28.64,8.26,NA,NA,NA,5.9,1000,0,51.65508561,-128.1293971,mud,n,320,p,seagrass,zostera,seagrass_mud,zostera_mud,100,1.96163e-160,313,Metazoa,Arthropoda,Thecostraca,Balanomorpha,Balanidae,Semibalanus,0,0,TRUE,ASV3171,1,Semibalanus balanoides
edna0059,ASV3048,motu2456,Semibalanus balanoides,Common rock barnacle,species,NA,1,NA,NA,NA,5,NA,NA,NA,NA,NA,Semibalanus balanoides,Common rock barnacle,2018_hdo_surface,hdo,beach_seine,2018-07-13,2018-07-11,2018,surface,3,edna_hdo_15,surface,biological,14.2,28.64,8.26,NA,NA,NA,5.9,1000,0,51.65508561,-128.1293971,mud,n,320,p,seagrass,zostera,seagrass_mud,zostera_mud,100,1.96163e-160,313,Metazoa,Arthropoda,Thecostraca,Balanomorpha,Balanidae,Semibalanus,0,0,TRUE,ASV3048,1,Semibalanus balanoides
edna0059,ASV5237,motu1049,Macoma nasuta,Bent-nosed clam,species,NA,1,NA,NA,NA,12,NA,NA,NA,NA,NA,Macoma nasuta,Bent-nosed clam,2018_hdo_surface,hdo,beach_seine,2018-07-13,2018-07-11,2018,surface,3,edna_hdo_15,surface,biological,14.2,28.64,8.26,NA,NA,NA,5.9,1000,0,51.65508561,-128.1293971,mud,n,320,p,seagrass,zostera,seagrass_mud,zostera_mud,99.36,4.246189999999999e-157,307,Metazoa,Mollusca,Bivalvia,Cardiida,Tellinidae,Macoma,0,0,TRUE,ASV1238,3,Macoma nasuta
edna0059,ASV3903,motu3067,Potential chimera,Potential chimera,species,NA,1,NA,NA,NA,3,NA,NA,NA,NA,NA,Potential chimera,Potential chimera,2018_hdo_surface,hdo,beach_seine,2018-07-13,2018-07-11,2018,surface,3,edna_hdo_15,surface,biological,14.2,28.64,8.26,NA,NA,NA,5.9,1000,0,51.65508561,-128.1293971,mud,n,320,p,seagrass,zostera,seagrass_mud,zostera_mud,94.44,0.00380707,30,Metazoa,Arthropoda,Arthropoda,Decapoda,NA,NA,0,0,TRUE,ASV3903,1,Potential chimera
edna0059,ASV5909,motu4543,Nutricola tantilla,Purple dwarf-venus,species,NA,1,NA,NA,NA,4,NA,NA,NA,NA,NA,Nutricola tantilla,Purple dwarf-venus,2018_hdo_surface,hdo,beach_seine,2018-07-13,2018-07-11,2018,surface,3,edna_hdo_15,surface,biological,14.2,28.64,8.26,NA,NA,NA,5.9,1000,0,51.65508561,-128.1293971,mud,n,320,p,seagrass,zostera,seagrass_mud,zostera_mud,99.68,9.126599999999999e-159,310,Metazoa,Mollusca,Bivalvia,Venerida,Veneridae,Nutricola,0,0,TRUE,ASV5909,1,Nutricola tantilla
edna0059,ASV6662,motu2995,Lottia paradigitalis,Boreal limpet,species,NA,1,NA,NA,NA,6,NA,NA,NA,NA,NA,Lottia paradigitalis,Boreal limpet,2018_hdo_surface,hdo,beach_seine,2018-07-13,2018-07-11,2018,surface,3,edna_hdo_15,surface,biological,14.2,28.64,8.26,NA,NA,NA,5.9,1000,0,51.65508561,-128.1293971,mud,n,320,p,seagrass,zostera,seagrass_mud,zostera_mud,100,7.171369999999997e-160,312,Metazoa,Mollusca,Gastropoda,NA,Lottiidae,Lottia,0,0,TRUE,ASV3808,2,Lottia paradigitalis
edna0060,ASV131,motu117,Lensia,Siphonophore,genus,NA,1,NA,1,NA,5,NA,16,NA,NA,NA,Lensia,Siphonophore,2018_hdo_depth,hdo,beach_seine,2018-07-13,2018-07-11,2018,depth,3,edna_hdo_30,depth,biological,10.6,31,7.95,NA,NA,NA,5.9,1000,0,51.6551346,-128.1292625,mud,n,320,p,seagrass,zostera,seagrass_mud,zostera_mud,100,0.00408744,30,Metazoa,Cnidaria,Cnidaria,Siphonophorae,Diphyidae,Lensia,0,0,TRUE,ASV131,2,NA
edna0060,ASV233,motu74,Euchlanidae,Rotifer,family,NA,1,NA,NA,NA,21,NA,NA,NA,NA,NA,No Results,No Results,2018_hdo_depth,hdo,beach_seine,2018-07-13,2018-07-11,2018,depth,3,edna_hdo_30,depth,biological,10.6,31,7.95,NA,NA,NA,5.9,1000,0,51.6551346,-128.1292625,mud,n,320,p,seagrass,zostera,seagrass_mud,zostera_mud,91.35,3.005919999999998e-29,77,Metazoa,Rotifera,Rotifera,Ploima,Euchlanidae,NA,1,NA,TRUE,ASV84,2,NA
edna0060,ASV452,motu183,Euchlanidae,Rotifer,family,NA,1,NA,NA,NA,20,NA,NA,NA,NA,NA,No Results,No Results,2018_hdo_depth,hdo,beach_seine,2018-07-13,2018-07-11,2018,depth,3,edna_hdo_30,depth,biological,10.6,31,7.95,NA,NA,NA,5.9,1000,0,51.6551346,-128.1292625,mud,n,320,p,seagrass,zostera,seagrass_mud,zostera_mud,91.35,3.005919999999998e-29,77,Metazoa,Rotifera,Rotifera,Ploima,Euchlanidae,NA,1,NA,TRUE,ASV208,2,NA
edna0060,ASV520,motu457,Evasterias troschelii,False ochre star,species,NA,1,NA,NA,NA,3,NA,NA,NA,NA,NA,Evasterias troschelii,False ochre star,2018_hdo_depth,hdo,beach_seine,2018-07-13,2018-07-11,2018,depth,3,edna_hdo_30,depth,biological,10.6,31,7.95,NA,NA,NA,5.9,1000,0,51.6551346,-128.1292625,mud,n,320,p,seagrass,zostera,seagrass_mud,zostera_mud,100,1.96163e-160,313,Metazoa,Echinodermata,Asteroidea,Forcipulatida,Asteriidae,Evasterias,0,0,TRUE,ASV520,1,Evasterias troschelii
edna0060,ASV320,motu281,Pseudocalanus newmani,Calanoid copepod,species,NA,1,1,1,NA,149,48,190,151,NA,163,Pseudocalanus newmani,Calanoid copepod,2018_hdo_depth,hdo,beach_seine,2018-07-13,2018-07-11,2018,depth,3,edna_hdo_30,depth,biological,10.6,31,7.95,NA,NA,NA,5.9,1000,0,51.6551346,-128.1292625,mud,n,320,p,seagrass,zostera,seagrass_mud,zostera_mud,100,1.96163e-160,313,Metazoa,Arthropoda,Copepoda,Calanoida,Clausocalanidae,Pseudocalanus,0,0,TRUE,ASV320,6,Pseudocalanus newmani
edna0060,ASV772,motu672,Parastenocarididae,Harpacticoid copepod,family,NA,1,NA,NA,NA,14,NA,NA,NA,NA,NA,Parastenocarididae,Harpacticoid copepod,2018_hdo_depth,hdo,beach_seine,2018-07-13,2018-07-11,2018,depth,3,edna_hdo_30,depth,biological,10.6,31,7.95,NA,NA,NA,5.9,1000,0,51.6551346,-128.1292625,mud,n,320,p,seagrass,zostera,seagrass_mud,zostera_mud,94.59,0.00408744,30,Metazoa,Arthropoda,Arthropoda,Harpacticoida,Parastenocarididae,NA,1,0,TRUE,ASV772,1,NA
edna0060,ASV952,motu71,Acartia (Acartiura) longiremis,Calanoid copepod,species,NA,1,NA,NA,NA,55,NA,NA,NA,NA,NA,Acartia (Acartiura) longiremis,Calanoid copepod,2018_hdo_depth,hdo,beach_seine,2018-07-13,2018-07-11,2018,depth,3,edna_hdo_30,depth,biological,10.6,31,7.95,NA,NA,NA,5.9,1000,0,51.6551346,-128.1292625,mud,n,320,p,seagrass,zostera,seagrass_mud,zostera_mud,99.68,9.126599999999999e-159,310,Metazoa,Arthropoda,Copepoda,Calanoida,Acartiidae,Acartia,0,0,TRUE,ASV81,23,Acartia (Acartiura) longiremis
edna0060,ASV920,motu800,Polymorphidae,Thorny headed worm,family,NA,1,1,1,NA,37,20,NA,45,NA,NA,Polymorphidae,Thorny headed worm,2018_hdo_depth,hdo,beach_seine,2018-07-13,2018-07-11,2018,depth,3,edna_hdo_30,depth,biological,10.6,31,7.95,NA,NA,NA,5.9,1000,0,51.6551346,-128.1292625,mud,n,320,p,seagrass,zostera,seagrass_mud,zostera_mud,94.87,8.37307e-5,33,Metazoa,Acanthocephala,Acanthocephala,Polymorphida,Polymorphidae,NA,0,0,TRUE,ASV920,3,NA
edna0060,ASV1040,motu897,Oithona similis,Cyclopoid copepod,species,NA,1,NA,NA,NA,6,NA,NA,NA,NA,NA,Oithona similis,Cyclopoid copepod,2018_hdo_depth,hdo,beach_seine,2018-07-13,2018-07-11,2018,depth,3,edna_hdo_30,depth,biological,10.6,31,7.95,NA,NA,NA,5.9,1000,0,51.6551346,-128.1292625,mud,n,320,p,seagrass,zostera,seagrass_mud,zostera_mud,96.17,2.0179399999999996e-140,277,Metazoa,Arthropoda,Copepoda,Cyclopoida,Oithonidae,Oithona,0,0,TRUE,ASV1040,1,Oithona similis
edna0060,ASV1059,motu911,Pleurobrachia bachei,Pacific sea gooseberry,species,NA,1,NA,1,NA,5,NA,NA,NA,NA,7,Pleurobrachia bachei,Pacific sea gooseberry,2018_hdo_depth,hdo,beach_seine,2018-07-13,2018-07-11,2018,depth,3,edna_hdo_30,depth,biological,10.6,31,7.95,NA,NA,NA,5.9,1000,0,51.6551346,-128.1292625,mud,n,320,p,seagrass,zostera,seagrass_mud,zostera_mud,100,1.96163e-160,313,Metazoa,Ctenophora,Tentaculata,Cydippida,Cydippidae,Pleurobrachia,0,0,TRUE,ASV1059,3,Pleurobrachia bachei
edna0060,ASV1712,motu1430,Cistenides granulata,Trumpet worm,species,NA,1,NA,NA,NA,15,NA,NA,NA,NA,NA,Cistenides granulata,Trumpet worm,2018_hdo_depth,hdo,beach_seine,2018-07-13,2018-07-11,2018,depth,3,edna_hdo_30,depth,biological,10.6,31,7.95,NA,NA,NA,5.9,1000,0,51.6551346,-128.1292625,mud,n,320,p,seagrass,zostera,seagrass_mud,zostera_mud,100,1.96163e-160,313,Metazoa,Annelida,Polychaeta,Terebellida,Pectinariidae,Pectinaria,0,0,TRUE,ASV1712,1,Cistenides granulata
edna0060,ASV1470,motu1241,Cistenides granulata,Trumpet worm,species,NA,1,NA,1,NA,29,NA,21,NA,NA,NA,Cistenides granulata,Trumpet worm,2018_hdo_depth,hdo,beach_seine,2018-07-13,2018-07-11,2018,depth,3,edna_hdo_30,depth,biological,10.6,31,7.95,NA,NA,NA,5.9,1000,0,51.6551346,-128.1292625,mud,n,320,p,seagrass,zostera,seagrass_mud,zostera_mud,100,1.96163e-160,313,Metazoa,Annelida,Polychaeta,Terebellida,Pectinariidae,Pectinaria,0,0,TRUE,ASV1470,1,Cistenides granulata
edna0060,ASV2758,motu303,Pseudocalanus mimus,Calanoid copepod,species,NA,1,NA,NA,NA,55,NA,NA,NA,NA,NA,Pseudocalanus mimus,Calanoid copepod,2018_hdo_depth,hdo,beach_seine,2018-07-13,2018-07-11,2018,depth,3,edna_hdo_30,depth,biological,10.6,31,7.95,NA,NA,NA,5.9,1000,0,51.6551346,-128.1292625,mud,n,320,p,seagrass,zostera,seagrass_mud,zostera_mud,100,1.18898e-152,299,Metazoa,Arthropoda,Copepoda,Calanoida,Clausocalanidae,Pseudocalanus,0,0,TRUE,ASV343,11,Pseudocalanus mimus
edna0060,ASV1057,motu909,Orobdella,Freshwater leech,genus,NA,1,NA,1,NA,17,NA,NA,NA,NA,23,Orobdella,Freshwater leech,2018_hdo_depth,hdo,beach_seine,2018-07-13,2018-07-11,2018,depth,3,edna_hdo_30,depth,biological,10.6,31,7.95,NA,NA,NA,5.9,1000,0,51.6551346,-128.1292625,mud,n,320,p,seagrass,zostera,seagrass_mud,zostera_mud,97.06,0.0011939,31,Metazoa,Annelida,Annelida,Erpobdelliformes,Orobdellidae,Orobdella,NA,NA,TRUE,ASV1057,1,NA
edna0060,ASV3175,motu2541,Arthropoda,Unknown arthropod,phylum,NA,1,NA,NA,NA,4,NA,NA,NA,NA,NA,Arthropoda,Unknown arthropod,2018_hdo_depth,hdo,beach_seine,2018-07-13,2018-07-11,2018,depth,3,edna_hdo_30,depth,biological,10.6,31,7.95,NA,NA,NA,5.9,1000,0,51.6551346,-128.1292625,mud,n,320,p,seagrass,zostera,seagrass_mud,zostera_mud,100,0.014701,29,Metazoa,Arthropoda,NA,NA,NA,NA,NA,NA,TRUE,ASV3175,1,NA
edna0060,ASV4155,motu71,Acartia (Acartiura) longiremis,Calanoid copepod,species,NA,1,NA,NA,NA,64,NA,NA,NA,NA,NA,Acartia (Acartiura) longiremis,Calanoid copepod,2018_hdo_depth,hdo,beach_seine,2018-07-13,2018-07-11,2018,depth,3,edna_hdo_30,depth,biological,10.6,31,7.95,NA,NA,NA,5.9,1000,0,51.6551346,-128.1292625,mud,n,320,p,seagrass,zostera,seagrass_mud,zostera_mud,99.68,9.126599999999999e-159,310,Metazoa,Arthropoda,Copepoda,Calanoida,Acartiidae,Acartia,0,0,TRUE,ASV81,23,Acartia (Acartiura) longiremis
edna0060,ASV4720,motu3659,Proboscidactyla flavicirrata,Athecate hydroid,species,NA,1,NA,NA,NA,43,NA,NA,NA,NA,NA,Proboscidactyla flavicirrata,Athecate hydroid,2018_hdo_depth,hdo,beach_seine,2018-07-13,2018-07-11,2018,depth,3,edna_hdo_30,depth,biological,10.6,31,7.95,NA,NA,NA,5.9,1000,0,51.6551346,-128.1292625,mud,n,320,p,seagrass,zostera,seagrass_mud,zostera_mud,98.37,3.245149999999998e-148,291,Metazoa,Cnidaria,Hydrozoa,Anthoathecata,Proboscidactylidae,Proboscidactyla,0,0,TRUE,ASV4720,1,Proboscidactyla flavicirrata
edna0060,ASV4721,motu3660,Balanus crenatus,Wrinkled barnacle,species,NA,1,NA,NA,NA,43,NA,NA,NA,NA,NA,Balanus crenatus,Wrinkled barnacle,2018_hdo_depth,hdo,beach_seine,2018-07-13,2018-07-11,2018,depth,3,edna_hdo_30,depth,biological,10.6,31,7.95,NA,NA,NA,5.9,1000,0,51.6551346,-128.1292625,mud,n,320,p,seagrass,zostera,seagrass_mud,zostera_mud,99.35,3.22227e-153,300,Metazoa,Arthropoda,Thecostraca,Balanomorpha,Balanidae,Balanus,0,0,TRUE,ASV4721,1,Balanus crenatus
edna0060,ASV2454,motu2000,Balanus,Barnacle species,genus,NA,1,NA,1,NA,40,NA,61,63,NA,68,Balanus,Barnacle species,2018_hdo_depth,hdo,beach_seine,2018-07-13,2018-07-11,2018,depth,3,edna_hdo_30,depth,biological,10.6,31,7.95,NA,NA,NA,5.9,1000,0,51.6551346,-128.1292625,mud,n,320,p,seagrass,zostera,seagrass_mud,zostera_mud,99.35,3.22227e-153,300,Metazoa,Arthropoda,Arthropoda,Balanomorpha,Balanidae,Balanus,0,0,TRUE,ASV2454,1,NA
edna0061,ASV1818,motu1514,Platynereis,Ragworm,genus,NA,1,NA,NA,NA,8,NA,NA,NA,NA,NA,Platynereis,Ragworm,2018_gog1_surface,gog1,beach_seine,2018-07-15,2018-07-14,2018,surface,1,edna_gog1_00,surface,biological,13.4,31.43,8.07,13.4,31.2,8.09,2,1000,0,51.92391076,-128.4691706,mud,n,200,se,seagrass,zostera,seagrass_mud,zostera_mud,100,1.96163e-160,313,Metazoa,Annelida,Polychaeta,Phyllodocida,Nereididae,Platynereis,0,0,TRUE,ASV1818,1,NA
edna0061,ASV1478,motu1248,Synchaetidae,Rotifer,family,NA,1,NA,1,NA,3,NA,NA,11,NA,12,Synchaetidae,Rotifer,2018_gog1_surface,gog1,beach_seine,2018-07-15,2018-07-14,2018,surface,1,edna_gog1_00,surface,biological,13.4,31.43,8.07,13.4,31.2,8.09,2,1000,0,51.92391076,-128.4691706,mud,n,200,se,seagrass,zostera,seagrass_mud,zostera_mud,97.26,2.00292e-135,268,Metazoa,Rotifera,Eurotatoria,Ploima,Synchaetidae,NA,0,0,TRUE,ASV1478,1,NA
edna0061,ASV2757,motu2230,Diplostomida,Flatworm,order,NA,1,NA,NA,NA,5,NA,NA,NA,NA,NA,Diplostomida,Flatworm,2018_gog1_surface,gog1,beach_seine,2018-07-15,2018-07-14,2018,surface,1,edna_gog1_00,surface,biological,13.4,31.43,8.07,13.4,31.2,8.09,2,1000,0,51.92391076,-128.4691706,mud,n,200,se,seagrass,zostera,seagrass_mud,zostera_mud,96.88,0.0144888,29,Metazoa,Platyhelminthes,Platyhelminthes,Diplostomida,NA,NA,0,0,TRUE,ASV2757,1,NA
edna0061,ASV3467,motu2753,Lepidoptera,Hexapod,order,NA,1,NA,NA,NA,11,NA,NA,NA,NA,NA,Lepidoptera,Hexapod,2018_gog1_surface,gog1,beach_seine,2018-07-15,2018-07-14,2018,surface,1,edna_gog1_00,surface,biological,13.4,31.43,8.07,13.4,31.2,8.09,2,1000,0,51.92391076,-128.4691706,mud,n,200,se,seagrass,zostera,seagrass_mud,zostera_mud,96.97,0.00408744,30,Metazoa,Arthropoda,Arthropoda,Lepidoptera,NA,NA,NA,NA,TRUE,ASV3467,1,NA
edna0061,ASV2472,motu2014,Ergasilida,Cyclopoid copepod,order,NA,1,NA,NA,NA,6,NA,NA,NA,NA,NA,Ergasilida,Cyclopoid copepod,2018_gog1_surface,gog1,beach_seine,2018-07-15,2018-07-14,2018,surface,1,edna_gog1_00,surface,biological,13.4,31.43,8.07,13.4,31.2,8.09,2,1000,0,51.92391076,-128.4691706,mud,n,200,se,seagrass,zostera,seagrass_mud,zostera_mud,100,2.51921e-159,311,Metazoa,Arthropoda,Copepoda,Cyclopoida,NA,NA,0,0,FALSE,ASV2472,1,NA
edna0061,ASV5683,motu4360,Ectopleura marina,Pink-mouth hydroid,species,NA,1,NA,NA,NA,8,NA,NA,NA,NA,NA,Ectopleura marina,Pink-mouth hydroid,2018_gog1_surface,gog1,beach_seine,2018-07-15,2018-07-14,2018,surface,1,edna_gog1_00,surface,biological,13.4,31.43,8.07,13.4,31.2,8.09,2,1000,0,51.92391076,-128.4691706,mud,n,200,se,seagrass,zostera,seagrass_mud,zostera_mud,97.76,9.256649999999999e-149,292,Metazoa,Cnidaria,Hydrozoa,Anthoathecata,Tubulariidae,Ectopleura,0,0,TRUE,ASV5683,1,Ectopleura marina
edna0061,ASV2951,motu2380,Ergasilida,Cyclopoid copepod,order,NA,1,NA,NA,NA,11,NA,NA,NA,NA,NA,Ergasilida,Cyclopoid copepod,2018_gog1_surface,gog1,beach_seine,2018-07-15,2018-07-14,2018,surface,1,edna_gog1_00,surface,biological,13.4,31.43,8.07,13.4,31.2,8.09,2,1000,0,51.92391076,-128.4691706,mud,n,200,se,seagrass,zostera,seagrass_mud,zostera_mud,100,2.51921e-159,311,Metazoa,Arthropoda,Copepoda,Cyclopoida,NA,NA,0,0,FALSE,ASV2951,1,NA
edna0061,ASV4534,motu3527,Portunion conformis,Parasitic isopod,species,NA,1,NA,1,NA,9,NA,NA,NA,NA,11,Portunion conformis,Parasitic isopod,2018_gog1_surface,gog1,beach_seine,2018-07-15,2018-07-14,2018,surface,1,edna_gog1_00,surface,biological,13.4,31.43,8.07,13.4,31.2,8.09,2,1000,0,51.92391076,-128.4691706,mud,n,200,se,seagrass,zostera,seagrass_mud,zostera_mud,100,3.2825099999999985e-158,309,Metazoa,Arthropoda,Malacostraca,Isopoda,Entoniscidae,Portunion,0,0,TRUE,ASV4534,1,Portunion conformis
edna0061,ASV6640,motu1303,Chaetognatha,Arrow worm,phylum,NA,1,NA,NA,NA,4,NA,NA,NA,NA,NA,Chaetognatha,Arrow worm,2018_gog1_surface,gog1,beach_seine,2018-07-15,2018-07-14,2018,surface,1,edna_gog1_00,surface,biological,13.4,31.43,8.07,13.4,31.2,8.09,2,1000,0,51.92391076,-128.4691706,mud,n,200,se,seagrass,zostera,seagrass_mud,zostera_mud,95.52,3.57563e-83,174,Metazoa,Chaetognatha,NA,NA,NA,NA,0,0,TRUE,ASV1546,2,NA
edna0062,ASV416,motu366,Pseudocalanus mimus,Calanoid copepod,species,NA,1,NA,NA,NA,20,NA,NA,NA,NA,NA,Pseudocalanus mimus,Calanoid copepod,2018_gog1_surface,gog1,beach_seine,2018-07-15,2018-07-14,2018,surface,2,edna_gog1_15,surface,biological,13.5,31.49,8.06,13.4,31.39,8.08,2,1000,0,51.92402533,-128.4691053,mud,n,200,se,seagrass,zostera,seagrass_mud,zostera_mud,100,1.18898e-152,299,Metazoa,Arthropoda,Copepoda,Calanoida,Clausocalanidae,Pseudocalanus,0,0,TRUE,ASV416,7,Pseudocalanus mimus
edna0062,ASV205,motu181,Pseudocalanus mimus,Calanoid copepod,species,NA,1,1,1,NA,16,14,51,37,NA,64,Pseudocalanus mimus,Calanoid copepod,2018_gog1_surface,gog1,beach_seine,2018-07-15,2018-07-14,2018,surface,2,edna_gog1_15,surface,biological,13.5,31.49,8.06,13.4,31.39,8.08,2,1000,0,51.92402533,-128.4691053,mud,n,200,se,seagrass,zostera,seagrass_mud,zostera_mud,100,1.18898e-152,299,Metazoa,Arthropoda,Copepoda,Calanoida,Clausocalanidae,Pseudocalanus,0,0,TRUE,ASV205,8,Pseudocalanus mimus
edna0062,ASV336,motu296,Pseudocalanus newmani,Calanoid copepod,species,NA,1,NA,1,NA,36,NA,NA,NA,NA,46,Pseudocalanus newmani,Calanoid copepod,2018_gog1_surface,gog1,beach_seine,2018-07-15,2018-07-14,2018,surface,2,edna_gog1_15,surface,biological,13.5,31.49,8.06,13.4,31.39,8.08,2,1000,0,51.92402533,-128.4691053,mud,n,200,se,seagrass,zostera,seagrass_mud,zostera_mud,100,1.96163e-160,313,Metazoa,Arthropoda,Copepoda,Calanoida,Clausocalanidae,Pseudocalanus,0,0,TRUE,ASV336,4,Pseudocalanus newmani
edna0062,ASV580,motu150,Pseudocalanus mimus,Calanoid copepod,species,NA,1,NA,NA,NA,12,NA,NA,NA,NA,NA,Pseudocalanus mimus,Calanoid copepod,2018_gog1_surface,gog1,beach_seine,2018-07-15,2018-07-14,2018,surface,2,edna_gog1_15,surface,biological,13.5,31.49,8.06,13.4,31.39,8.08,2,1000,0,51.92402533,-128.4691053,mud,n,200,se,seagrass,zostera,seagrass_mud,zostera_mud,99.67,9.19139e-154,301,Metazoa,Arthropoda,Copepoda,Calanoida,Clausocalanidae,Pseudocalanus,0,0,TRUE,ASV171,10,Pseudocalanus mimus
edna0062,ASV654,motu567,Kellia suborbicularis,Suborbicular kellyclam,species,NA,1,NA,NA,NA,2,NA,NA,NA,NA,NA,Kellia suborbicularis,Suborbicular kellyclam,2018_gog1_surface,gog1,beach_seine,2018-07-15,2018-07-14,2018,surface,2,edna_gog1_15,surface,biological,13.5,31.49,8.06,13.4,31.39,8.08,2,1000,0,51.92402533,-128.4691053,mud,n,200,se,seagrass,zostera,seagrass_mud,zostera_mud,98.4,4.27634e-152,298,Metazoa,Mollusca,Bivalvia,Galeommatida,Lasaeidae,Kellia,0,0,TRUE,ASV654,4,Kellia suborbicularis
edna0062,ASV320,motu281,Pseudocalanus newmani,Calanoid copepod,species,NA,1,1,1,NA,31,11,32,36,NA,55,Pseudocalanus newmani,Calanoid copepod,2018_gog1_surface,gog1,beach_seine,2018-07-15,2018-07-14,2018,surface,2,edna_gog1_15,surface,biological,13.5,31.49,8.06,13.4,31.39,8.08,2,1000,0,51.92402533,-128.4691053,mud,n,200,se,seagrass,zostera,seagrass_mud,zostera_mud,100,1.96163e-160,313,Metazoa,Arthropoda,Copepoda,Calanoida,Clausocalanidae,Pseudocalanus,0,0,TRUE,ASV320,6,Pseudocalanus newmani
edna0062,ASV2413,motu1971,Ferkeria,Other arachnid,genus,NA,1,NA,NA,NA,4,NA,NA,NA,NA,NA,Ferkeria,Other arachnid,2018_gog1_surface,gog1,beach_seine,2018-07-15,2018-07-14,2018,surface,2,edna_gog1_15,surface,biological,13.5,31.49,8.06,13.4,31.39,8.08,2,1000,0,51.92402533,-128.4691053,mud,n,200,se,seagrass,zostera,seagrass_mud,zostera_mud,97.06,0.00112005,31,Metazoa,Arthropoda,Arthropoda,Grassatores,NA,Ferkeria,NA,NA,TRUE,ASV2413,1,NA
edna0062,ASV3467,motu2753,Lepidoptera,Hexapod,order,NA,1,NA,NA,NA,5,NA,NA,NA,NA,NA,Lepidoptera,Hexapod,2018_gog1_surface,gog1,beach_seine,2018-07-15,2018-07-14,2018,surface,2,edna_gog1_15,surface,biological,13.5,31.49,8.06,13.4,31.39,8.08,2,1000,0,51.92402533,-128.4691053,mud,n,200,se,seagrass,zostera,seagrass_mud,zostera_mud,96.97,0.00408744,30,Metazoa,Arthropoda,Arthropoda,Lepidoptera,NA,NA,NA,NA,TRUE,ASV3467,1,NA
edna0062,ASV2472,motu2014,Ergasilida,Cyclopoid copepod,order,NA,1,1,1,NA,9,9,NA,NA,NA,28,Ergasilida,Cyclopoid copepod,2018_gog1_surface,gog1,beach_seine,2018-07-15,2018-07-14,2018,surface,2,edna_gog1_15,surface,biological,13.5,31.49,8.06,13.4,31.39,8.08,2,1000,0,51.92402533,-128.4691053,mud,n,200,se,seagrass,zostera,seagrass_mud,zostera_mud,100,2.51921e-159,311,Metazoa,Arthropoda,Copepoda,Cyclopoida,NA,NA,0,0,FALSE,ASV2472,1,NA
edna0062,ASV5683,motu4360,Ectopleura marina,Pink-mouth hydroid,species,NA,1,NA,NA,NA,6,NA,NA,NA,NA,NA,Ectopleura marina,Pink-mouth hydroid,2018_gog1_surface,gog1,beach_seine,2018-07-15,2018-07-14,2018,surface,2,edna_gog1_15,surface,biological,13.5,31.49,8.06,13.4,31.39,8.08,2,1000,0,51.92402533,-128.4691053,mud,n,200,se,seagrass,zostera,seagrass_mud,zostera_mud,97.76,9.256649999999999e-149,292,Metazoa,Cnidaria,Hydrozoa,Anthoathecata,Tubulariidae,Ectopleura,0,0,TRUE,ASV5683,1,Ectopleura marina
edna0062,ASV4987,motu3852,Portunion conformis,Parasitic isopod,species,NA,1,NA,NA,NA,10,NA,NA,NA,NA,NA,Portunion conformis,Parasitic isopod,2018_gog1_surface,gog1,beach_seine,2018-07-15,2018-07-14,2018,surface,2,edna_gog1_15,surface,biological,13.5,31.49,8.06,13.4,31.39,8.08,2,1000,0,51.92402533,-128.4691053,mud,n,200,se,seagrass,zostera,seagrass_mud,zostera_mud,100,3.2825099999999985e-158,309,Metazoa,Arthropoda,Malacostraca,Isopoda,Entoniscidae,Portunion,0,0,TRUE,ASV4987,1,Portunion conformis
edna0063,ASV258,motu228,Lensia,Siphonophore,genus,NA,1,NA,NA,NA,7,NA,NA,NA,NA,NA,Lensia,Siphonophore,2018_gog1_surface,gog1,beach_seine,2018-07-15,2018-07-14,2018,surface,3,edna_gog1_30,surface,biological,13.4,31.41,8.06,13.3,31.39,8.07,2,1000,0,51.92409382,-128.4690359,mud,n,200,se,seagrass,zostera,seagrass_mud,zostera_mud,100,0.00408744,30,Metazoa,Cnidaria,Cnidaria,Siphonophorae,Diphyidae,Lensia,0,0,TRUE,ASV258,1,NA
edna0063,ASV131,motu117,Lensia,Siphonophore,genus,NA,1,1,1,NA,4,4,NA,NA,NA,5,Lensia,Siphonophore,2018_gog1_surface,gog1,beach_seine,2018-07-15,2018-07-14,2018,surface,3,edna_gog1_30,surface,biological,13.4,31.41,8.06,13.3,31.39,8.07,2,1000,0,51.92409382,-128.4690359,mud,n,200,se,seagrass,zostera,seagrass_mud,zostera_mud,100,0.00408744,30,Metazoa,Cnidaria,Cnidaria,Siphonophorae,Diphyidae,Lensia,0,0,TRUE,ASV131,2,NA
edna0063,ASV233,motu74,Euchlanidae,Rotifer,family,NA,1,NA,NA,NA,22,NA,NA,NA,NA,NA,No Results,No Results,2018_gog1_surface,gog1,beach_seine,2018-07-15,2018-07-14,2018,surface,3,edna_gog1_30,surface,biological,13.4,31.41,8.06,13.3,31.39,8.07,2,1000,0,51.92409382,-128.4690359,mud,n,200,se,seagrass,zostera,seagrass_mud,zostera_mud,91.35,3.005919999999998e-29,77,Metazoa,Rotifera,Rotifera,Ploima,Euchlanidae,NA,1,NA,TRUE,ASV84,2,NA
edna0063,ASV1478,motu1248,Synchaetidae,Rotifer,family,NA,1,NA,1,NA,7,NA,NA,6,NA,13,Synchaetidae,Rotifer,2018_gog1_surface,gog1,beach_seine,2018-07-15,2018-07-14,2018,surface,3,edna_gog1_30,surface,biological,13.4,31.41,8.06,13.3,31.39,8.07,2,1000,0,51.92409382,-128.4690359,mud,n,200,se,seagrass,zostera,seagrass_mud,zostera_mud,97.26,2.00292e-135,268,Metazoa,Rotifera,Eurotatoria,Ploima,Synchaetidae,NA,0,0,TRUE,ASV1478,1,NA
edna0063,ASV2006,motu1662,Haliclona,Sponge,genus,NA,1,NA,NA,NA,2,NA,NA,NA,NA,NA,Haliclona,Sponge,2018_gog1_surface,gog1,beach_seine,2018-07-15,2018-07-14,2018,surface,3,edna_gog1_30,surface,biological,13.4,31.41,8.06,13.3,31.39,8.07,2,1000,0,51.92409382,-128.4690359,mud,n,200,se,seagrass,zostera,seagrass_mud,zostera_mud,97.02,2.5067099999999998e-139,275,Metazoa,Porifera,Demospongiae,Haplosclerida,Chalinidae,Haliclona,0,0,TRUE,ASV2006,1,NA
edna0063,ASV1520,motu1282,Synchaetidae,Rotifer,family,NA,1,1,1,NA,8,6,7,13,NA,11,Synchaetidae,Rotifer,2018_gog1_surface,gog1,beach_seine,2018-07-15,2018-07-14,2018,surface,3,edna_gog1_30,surface,biological,13.4,31.41,8.06,13.3,31.39,8.07,2,1000,0,51.92409382,-128.4690359,mud,n,200,se,seagrass,zostera,seagrass_mud,zostera_mud,97.26,2.00292e-135,268,Metazoa,Rotifera,Eurotatoria,Ploima,Synchaetidae,NA,0,0,TRUE,ASV1520,1,NA
edna0063,ASV2490,motu2027,Phacellophora camtschatica,Fried egg jellyfish,species,NA,1,NA,1,NA,3,NA,3,NA,NA,NA,Phacellophora camtschatica,Fried egg jellyfish,2018_gog1_surface,gog1,beach_seine,2018-07-15,2018-07-14,2018,surface,3,edna_gog1_30,surface,biological,13.4,31.41,8.06,13.3,31.39,8.07,2,1000,0,51.92409382,-128.4690359,mud,n,200,se,seagrass,zostera,seagrass_mud,zostera_mud,100,1.96163e-160,313,Metazoa,Cnidaria,Scyphozoa,Semaeostomeae,Phacellophoridae,Phacellophora,0,0,TRUE,ASV2490,1,Phacellophora camtschatica
edna0063,ASV4844,motu3748,Lepidoptera,Hexapod,order,NA,1,NA,NA,NA,13,NA,NA,NA,NA,NA,Lepidoptera,Hexapod,2018_gog1_surface,gog1,beach_seine,2018-07-15,2018-07-14,2018,surface,3,edna_gog1_30,surface,biological,13.4,31.41,8.06,13.3,31.39,8.07,2,1000,0,51.92409382,-128.4690359,mud,n,200,se,seagrass,zostera,seagrass_mud,zostera_mud,96.97,0.00408744,30,Metazoa,Arthropoda,Arthropoda,Lepidoptera,NA,NA,NA,NA,TRUE,ASV4844,1,NA
edna0063,ASV3467,motu2753,Lepidoptera,Hexapod,order,NA,1,NA,NA,NA,16,NA,NA,NA,NA,NA,Lepidoptera,Hexapod,2018_gog1_surface,gog1,beach_seine,2018-07-15,2018-07-14,2018,surface,3,edna_gog1_30,surface,biological,13.4,31.41,8.06,13.3,31.39,8.07,2,1000,0,51.92409382,-128.4690359,mud,n,200,se,seagrass,zostera,seagrass_mud,zostera_mud,96.97,0.00408744,30,Metazoa,Arthropoda,Arthropoda,Lepidoptera,NA,NA,NA,NA,TRUE,ASV3467,1,NA
edna0063,ASV5369,motu4122,Pleurobrachia bachei,Pacific sea gooseberry,species,NA,1,NA,NA,NA,22,NA,NA,NA,NA,NA,Pleurobrachia bachei,Pacific sea gooseberry,2018_gog1_surface,gog1,beach_seine,2018-07-15,2018-07-14,2018,surface,3,edna_gog1_30,surface,biological,13.4,31.41,8.06,13.3,31.39,8.07,2,1000,0,51.92409382,-128.4690359,mud,n,200,se,seagrass,zostera,seagrass_mud,zostera_mud,97.44,4.3066999999999997e-147,289,Metazoa,Ctenophora,Tentaculata,Cydippida,Cydippidae,Pleurobrachia,0,0,TRUE,ASV5369,1,Pleurobrachia bachei
edna0063,ASV5683,motu4360,Ectopleura marina,Pink-mouth hydroid,species,NA,1,NA,NA,NA,10,NA,NA,NA,NA,NA,Ectopleura marina,Pink-mouth hydroid,2018_gog1_surface,gog1,beach_seine,2018-07-15,2018-07-14,2018,surface,3,edna_gog1_30,surface,biological,13.4,31.41,8.06,13.3,31.39,8.07,2,1000,0,51.92409382,-128.4690359,mud,n,200,se,seagrass,zostera,seagrass_mud,zostera_mud,97.76,9.256649999999999e-149,292,Metazoa,Cnidaria,Hydrozoa,Anthoathecata,Tubulariidae,Ectopleura,0,0,TRUE,ASV5683,1,Ectopleura marina
edna0063,ASV6542,motu5066,Enoploteuthidae,Squid species,family,NA,1,NA,NA,NA,3,NA,NA,NA,NA,NA,Enoploteuthidae,Squid species,2018_gog1_surface,gog1,beach_seine,2018-07-15,2018-07-14,2018,surface,3,edna_gog1_30,surface,biological,13.4,31.41,8.06,13.3,31.39,8.07,2,1000,0,51.92409382,-128.4690359,mud,n,200,se,seagrass,zostera,seagrass_mud,zostera_mud,92.75,1.89925e-16,54,Metazoa,Mollusca,Mollusca,Oegopsida,Enoploteuthidae,NA,0,0,TRUE,ASV6542,1,NA
edna0063,ASV7428,motu5813,Synchaeta triophthalma,Rotifer,species,NA,1,NA,NA,NA,2,NA,NA,NA,NA,NA,Synchaeta triophthalma,Rotifer,2018_gog1_surface,gog1,beach_seine,2018-07-15,2018-07-14,2018,surface,3,edna_gog1_30,surface,biological,13.4,31.41,8.06,13.3,31.39,8.07,2,1000,0,51.92409382,-128.4690359,mud,n,200,se,seagrass,zostera,seagrass_mud,zostera_mud,91.32,1.81373e-95,196,Metazoa,Rotifera,Eurotatoria,Ploima,Synchaetidae,Synchaeta,0,0,TRUE,ASV7428,1,Synchaeta triophthalma
edna0063,ASV7561,motu5927,Pleurotrocha,Rotifer,genus,NA,1,NA,NA,NA,4,NA,NA,NA,NA,NA,Pleurotrocha,Rotifer,2018_gog1_surface,gog1,beach_seine,2018-07-15,2018-07-14,2018,surface,3,edna_gog1_30,surface,biological,13.4,31.41,8.06,13.3,31.39,8.07,2,1000,0,51.92409382,-128.4690359,mud,n,200,se,seagrass,zostera,seagrass_mud,zostera_mud,97.14,3.22341e-4,32,Metazoa,Rotifera,Rotifera,Ploima,Notommatidae,Pleurotrocha,0,0,TRUE,ASV7561,1,NA
edna0064,ASV25,motu22,Acartia (Acartiura) longiremis,Calanoid copepod,species,NA,1,NA,1,NA,13,NA,NA,NA,NA,10,Acartia (Acartiura) longiremis,Calanoid copepod,2018_gog4_surface,gog4,beach_seine,2018-07-15,2018-07-14,2018,surface,1,edna_gog4_00,surface,biological,13.2,31.43,8.09,12.2,31.46,8.05,3.5,1000,0,51.90325188,-128.4390671,mud,n,150,se,seagrass,zostera,seagrass_mud,zostera_mud,100,1.96163e-160,313,Metazoa,Arthropoda,Copepoda,Calanoida,Acartiidae,Acartia,0,0,TRUE,ASV25,27,Acartia (Acartiura) longiremis
edna0064,ASV81,motu71,Acartia (Acartiura) longiremis,Calanoid copepod,species,NA,1,NA,NA,NA,12,NA,NA,NA,NA,NA,Acartia (Acartiura) longiremis,Calanoid copepod,2018_gog4_surface,gog4,beach_seine,2018-07-15,2018-07-14,2018,surface,1,edna_gog4_00,surface,biological,13.2,31.43,8.09,12.2,31.46,8.05,3.5,1000,0,51.90325188,-128.4390671,mud,n,150,se,seagrass,zostera,seagrass_mud,zostera_mud,100,1.96163e-160,313,Metazoa,Arthropoda,Copepoda,Calanoida,Acartiidae,Acartia,0,0,TRUE,ASV81,23,Acartia (Acartiura) longiremis
edna0064,ASV34,motu31,Centropages abdominalis,Calanoid copepod,species,NA,1,1,1,NA,26,7,20,12,NA,13,Centropages abdominalis,Calanoid copepod,2018_gog4_surface,gog4,beach_seine,2018-07-15,2018-07-14,2018,surface,1,edna_gog4_00,surface,biological,13.2,31.43,8.09,12.2,31.46,8.05,3.5,1000,0,51.90325188,-128.4390671,mud,n,150,se,seagrass,zostera,seagrass_mud,zostera_mud,100,1.96163e-160,313,Metazoa,Arthropoda,Copepoda,Calanoida,Centropagidae,Centropages,0,0,TRUE,ASV34,19,Centropages abdominalis
edna0064,ASV143,motu128,Centropages abdominalis,Calanoid copepod,species,NA,1,NA,NA,NA,20,NA,NA,NA,NA,NA,Centropages abdominalis,Calanoid copepod,2018_gog4_surface,gog4,beach_seine,2018-07-15,2018-07-14,2018,surface,1,edna_gog4_00,surface,biological,13.2,31.43,8.09,12.2,31.46,8.05,3.5,1000,0,51.90325188,-128.4390671,mud,n,150,se,seagrass,zostera,seagrass_mud,zostera_mud,100,1.96163e-160,313,Metazoa,Arthropoda,Copepoda,Calanoida,Centropagidae,Centropages,0,0,TRUE,ASV143,11,Centropages abdominalis
edna0064,ASV258,motu228,Lensia,Siphonophore,genus,NA,1,NA,NA,NA,29,NA,NA,NA,NA,NA,Lensia,Siphonophore,2018_gog4_surface,gog4,beach_seine,2018-07-15,2018-07-14,2018,surface,1,edna_gog4_00,surface,biological,13.2,31.43,8.09,12.2,31.46,8.05,3.5,1000,0,51.90325188,-128.4390671,mud,n,150,se,seagrass,zostera,seagrass_mud,zostera_mud,100,0.00408744,30,Metazoa,Cnidaria,Cnidaria,Siphonophorae,Diphyidae,Lensia,0,0,TRUE,ASV258,1,NA
edna0064,ASV131,motu117,Lensia,Siphonophore,genus,NA,1,1,1,NA,19,10,13,NA,NA,NA,Lensia,Siphonophore,2018_gog4_surface,gog4,beach_seine,2018-07-15,2018-07-14,2018,surface,1,edna_gog4_00,surface,biological,13.2,31.43,8.09,12.2,31.46,8.05,3.5,1000,0,51.90325188,-128.4390671,mud,n,150,se,seagrass,zostera,seagrass_mud,zostera_mud,100,0.00408744,30,Metazoa,Cnidaria,Cnidaria,Siphonophorae,Diphyidae,Lensia,0,0,TRUE,ASV131,2,NA
edna0064,ASV232,motu204,Cecidomyiidae,Hexapod,genus,NA,1,NA,NA,NA,3,NA,NA,NA,NA,NA,Cecidomyiidae,Hexapod,2018_gog4_surface,gog4,beach_seine,2018-07-15,2018-07-14,2018,surface,1,edna_gog4_00,surface,biological,13.2,31.43,8.09,12.2,31.46,8.05,3.5,1000,0,51.90325188,-128.4390671,mud,n,150,se,seagrass,zostera,seagrass_mud,zostera_mud,100,0.00408744,30,Metazoa,Arthropoda,Arthropoda,Diptera,Cecidomyiidae,Cecidomyiidae,NA,NA,TRUE,ASV232,1,NA
edna0064,ASV352,motu311,Synchaeta vorax,Rotifer,species,NA,1,1,1,NA,26,14,18,17,NA,16,Synchaeta vorax,Rotifer,2018_gog4_surface,gog4,beach_seine,2018-07-15,2018-07-14,2018,surface,1,edna_gog4_00,surface,biological,13.2,31.43,8.09,12.2,31.46,8.05,3.5,1000,0,51.90325188,-128.4390671,mud,n,150,se,seagrass,zostera,seagrass_mud,zostera_mud,98.08,7.129989999999999e-150,294,Metazoa,Rotifera,Eurotatoria,Ploima,Synchaetidae,Synchaeta,0,0,TRUE,ASV352,4,Synchaeta vorax
edna0064,ASV346,motu306,Synchaeta vorax,Rotifer,species,NA,1,1,1,NA,34,7,11,17,NA,23,Synchaeta vorax,Rotifer,2018_gog4_surface,gog4,beach_seine,2018-07-15,2018-07-14,2018,surface,1,edna_gog4_00,surface,biological,13.2,31.43,8.09,12.2,31.46,8.05,3.5,1000,0,51.90325188,-128.4390671,mud,n,150,se,seagrass,zostera,seagrass_mud,zostera_mud,98.08,7.129989999999999e-150,294,Metazoa,Rotifera,Eurotatoria,Ploima,Synchaetidae,Synchaeta,0,0,TRUE,ASV346,5,Synchaeta vorax
edna0064,ASV2335,motu1921,Ferkeria,Other arachnid,genus,NA,1,1,NA,NA,6,2,NA,NA,NA,NA,Ferkeria,Other arachnid,2018_gog4_surface,gog4,beach_seine,2018-07-15,2018-07-14,2018,surface,1,edna_gog4_00,surface,biological,13.2,31.43,8.09,12.2,31.46,8.05,3.5,1000,0,51.90325188,-128.4390671,mud,n,150,se,seagrass,zostera,seagrass_mud,zostera_mud,97.06,0.00112005,31,Metazoa,Arthropoda,Arthropoda,Grassatores,NA,Ferkeria,NA,NA,TRUE,ASV2335,1,NA
edna0064,ASV6150,motu4740,Pleurobrachia bachei,Pacific sea gooseberry,species,NA,1,NA,NA,NA,8,NA,NA,NA,NA,NA,Pleurobrachia bachei,Pacific sea gooseberry,2018_gog4_surface,gog4,beach_seine,2018-07-15,2018-07-14,2018,surface,1,edna_gog4_00,surface,biological,13.2,31.43,8.09,12.2,31.46,8.05,3.5,1000,0,51.90325188,-128.4390671,mud,n,150,se,seagrass,zostera,seagrass_mud,zostera_mud,99.04,1.97556e-155,304,Metazoa,Ctenophora,Tentaculata,Cydippida,Cydippidae,Pleurobrachia,0,0,TRUE,ASV6150,2,Pleurobrachia bachei
edna0064,ASV7028,motu583,Synchaeta triophthalma,Rotifer,species,NA,1,NA,NA,NA,5,NA,NA,NA,NA,NA,Synchaeta triophthalma,Rotifer,2018_gog4_surface,gog4,beach_seine,2018-07-15,2018-07-14,2018,surface,1,edna_gog4_00,surface,biological,13.2,31.43,8.09,12.2,31.46,8.05,3.5,1000,0,51.90325188,-128.4390671,mud,n,150,se,seagrass,zostera,seagrass_mud,zostera_mud,91.67,1.6665299999999995e-116,234,Metazoa,Rotifera,Eurotatoria,Ploima,Synchaetidae,Synchaeta,0,0,TRUE,ASV670,4,Synchaeta triophthalma
edna0065,ASV25,motu22,Acartia (Acartiura) longiremis,Calanoid copepod,species,NA,1,1,1,NA,32,22,23,30,NA,39,Acartia (Acartiura) longiremis,Calanoid copepod,2018_gog4_surface,gog4,beach_seine,2018-07-15,2018-07-14,2018,surface,2,edna_gog4_15,surface,biological,13.6,31.39,8.17,12.3,31.39,8.05,3.5,1000,0,51.90318965,-128.4388692,mud,n,150,se,seagrass,zostera,seagrass_mud,zostera_mud,100,1.96163e-160,313,Metazoa,Arthropoda,Copepoda,Calanoida,Acartiidae,Acartia,0,0,TRUE,ASV25,27,Acartia (Acartiura) longiremis
edna0065,ASV81,motu71,Acartia (Acartiura) longiremis,Calanoid copepod,species,NA,1,NA,NA,NA,24,NA,NA,NA,NA,NA,Acartia (Acartiura) longiremis,Calanoid copepod,2018_gog4_surface,gog4,beach_seine,2018-07-15,2018-07-14,2018,surface,2,edna_gog4_15,surface,biological,13.6,31.39,8.17,12.3,31.39,8.05,3.5,1000,0,51.90318965,-128.4388692,mud,n,150,se,seagrass,zostera,seagrass_mud,zostera_mud,100,1.96163e-160,313,Metazoa,Arthropoda,Copepoda,Calanoida,Acartiidae,Acartia,0,0,TRUE,ASV81,23,Acartia (Acartiura) longiremis
edna0065,ASV34,motu31,Centropages abdominalis,Calanoid copepod,species,NA,1,1,1,NA,53,17,66,60,NA,67,Centropages abdominalis,Calanoid copepod,2018_gog4_surface,gog4,beach_seine,2018-07-15,2018-07-14,2018,surface,2,edna_gog4_15,surface,biological,13.6,31.39,8.17,12.3,31.39,8.05,3.5,1000,0,51.90318965,-128.4388692,mud,n,150,se,seagrass,zostera,seagrass_mud,zostera_mud,100,1.96163e-160,313,Metazoa,Arthropoda,Copepoda,Calanoida,Centropagidae,Centropages,0,0,TRUE,ASV34,19,Centropages abdominalis
edna0065,ASV143,motu128,Centropages abdominalis,Calanoid copepod,species,NA,1,NA,NA,NA,50,NA,NA,NA,NA,NA,Centropages abdominalis,Calanoid copepod,2018_gog4_surface,gog4,beach_seine,2018-07-15,2018-07-14,2018,surface,2,edna_gog4_15,surface,biological,13.6,31.39,8.17,12.3,31.39,8.05,3.5,1000,0,51.90318965,-128.4388692,mud,n,150,se,seagrass,zostera,seagrass_mud,zostera_mud,100,1.96163e-160,313,Metazoa,Arthropoda,Copepoda,Calanoida,Centropagidae,Centropages,0,0,TRUE,ASV143,11,Centropages abdominalis
edna0065,ASV258,motu228,Lensia,Siphonophore,genus,NA,1,NA,NA,NA,13,NA,NA,NA,NA,NA,Lensia,Siphonophore,2018_gog4_surface,gog4,beach_seine,2018-07-15,2018-07-14,2018,surface,2,edna_gog4_15,surface,biological,13.6,31.39,8.17,12.3,31.39,8.05,3.5,1000,0,51.90318965,-128.4388692,mud,n,150,se,seagrass,zostera,seagrass_mud,zostera_mud,100,0.00408744,30,Metazoa,Cnidaria,Cnidaria,Siphonophorae,Diphyidae,Lensia,0,0,TRUE,ASV258,1,NA
edna0065,ASV131,motu117,Lensia,Siphonophore,genus,NA,1,NA,1,NA,25,NA,13,16,NA,13,Lensia,Siphonophore,2018_gog4_surface,gog4,beach_seine,2018-07-15,2018-07-14,2018,surface,2,edna_gog4_15,surface,biological,13.6,31.39,8.17,12.3,31.39,8.05,3.5,1000,0,51.90318965,-128.4388692,mud,n,150,se,seagrass,zostera,seagrass_mud,zostera_mud,100,0.00408744,30,Metazoa,Cnidaria,Cnidaria,Siphonophorae,Diphyidae,Lensia,0,0,TRUE,ASV131,2,NA
edna0065,ASV171,motu150,Pseudocalanus mimus,Calanoid copepod,species,NA,1,NA,1,NA,7,NA,18,NA,NA,25,Pseudocalanus mimus,Calanoid copepod,2018_gog4_surface,gog4,beach_seine,2018-07-15,2018-07-14,2018,surface,2,edna_gog4_15,surface,biological,13.6,31.39,8.17,12.3,31.39,8.05,3.5,1000,0,51.90318965,-128.4388692,mud,n,150,se,seagrass,zostera,seagrass_mud,zostera_mud,99.67,9.19139e-154,301,Metazoa,Arthropoda,Copepoda,Calanoida,Clausocalanidae,Pseudocalanus,0,0,TRUE,ASV171,10,Pseudocalanus mimus
edna0065,ASV595,motu522,Cecidomyiidae,Hexapod,genus,NA,1,NA,NA,NA,12,NA,NA,NA,NA,NA,Cecidomyiidae,Hexapod,2018_gog4_surface,gog4,beach_seine,2018-07-15,2018-07-14,2018,surface,2,edna_gog4_15,surface,biological,13.6,31.39,8.17,12.3,31.39,8.05,3.5,1000,0,51.90318965,-128.4388692,mud,n,150,se,seagrass,zostera,seagrass_mud,zostera_mud,100,0.00408744,30,Metazoa,Arthropoda,Arthropoda,Diptera,Cecidomyiidae,Cecidomyiidae,NA,NA,TRUE,ASV595,1,NA
edna0065,ASV232,motu204,Cecidomyiidae,Hexapod,genus,NA,1,NA,1,NA,12,NA,NA,15,NA,16,Cecidomyiidae,Hexapod,2018_gog4_surface,gog4,beach_seine,2018-07-15,2018-07-14,2018,surface,2,edna_gog4_15,surface,biological,13.6,31.39,8.17,12.3,31.39,8.05,3.5,1000,0,51.90318965,-128.4388692,mud,n,150,se,seagrass,zostera,seagrass_mud,zostera_mud,100,0.00408744,30,Metazoa,Arthropoda,Arthropoda,Diptera,Cecidomyiidae,Cecidomyiidae,NA,NA,TRUE,ASV232,1,NA
edna0065,ASV352,motu311,Synchaeta vorax,Rotifer,species,NA,1,1,1,NA,83,39,108,84,NA,92,Synchaeta vorax,Rotifer,2018_gog4_surface,gog4,beach_seine,2018-07-15,2018-07-14,2018,surface,2,edna_gog4_15,surface,biological,13.6,31.39,8.17,12.3,31.39,8.05,3.5,1000,0,51.90318965,-128.4388692,mud,n,150,se,seagrass,zostera,seagrass_mud,zostera_mud,98.08,7.129989999999999e-150,294,Metazoa,Rotifera,Eurotatoria,Ploima,Synchaetidae,Synchaeta,0,0,TRUE,ASV352,4,Synchaeta vorax
edna0065,ASV346,motu306,Synchaeta vorax,Rotifer,species,NA,1,1,1,NA,79,44,89,91,NA,104,Synchaeta vorax,Rotifer,2018_gog4_surface,gog4,beach_seine,2018-07-15,2018-07-14,2018,surface,2,edna_gog4_15,surface,biological,13.6,31.39,8.17,12.3,31.39,8.05,3.5,1000,0,51.90318965,-128.4388692,mud,n,150,se,seagrass,zostera,seagrass_mud,zostera_mud,98.08,7.129989999999999e-150,294,Metazoa,Rotifera,Eurotatoria,Ploima,Synchaetidae,Synchaeta,0,0,TRUE,ASV346,5,Synchaeta vorax
edna0065,ASV647,motu560,Synchaeta triophthalma,Rotifer,species,NA,1,1,1,NA,45,28,53,51,NA,52,Synchaeta triophthalma,Rotifer,2018_gog4_surface,gog4,beach_seine,2018-07-15,2018-07-14,2018,surface,2,edna_gog4_15,surface,biological,13.6,31.39,8.17,12.3,31.39,8.05,3.5,1000,0,51.90318965,-128.4388692,mud,n,150,se,seagrass,zostera,seagrass_mud,zostera_mud,91.99,3.511259999999999e-118,237,Metazoa,Rotifera,Eurotatoria,Ploima,Synchaetidae,Synchaeta,0,0,TRUE,ASV647,4,Synchaeta triophthalma
edna0065,ASV670,motu583,Synchaeta triophthalma,Rotifer,species,NA,1,1,1,NA,35,24,53,46,NA,73,Synchaeta triophthalma,Rotifer,2018_gog4_surface,gog4,beach_seine,2018-07-15,2018-07-14,2018,surface,2,edna_gog4_15,surface,biological,13.6,31.39,8.17,12.3,31.39,8.05,3.5,1000,0,51.90318965,-128.4388692,mud,n,150,se,seagrass,zostera,seagrass_mud,zostera_mud,91.99,3.511259999999999e-118,237,Metazoa,Rotifera,Eurotatoria,Ploima,Synchaetidae,Synchaeta,0,0,TRUE,ASV670,4,Synchaeta triophthalma
edna0065,ASV939,motu816,Ergasilida,Cyclopoid copepod,order,NA,1,NA,1,NA,5,NA,NA,4,NA,NA,Ergasilida,Cyclopoid copepod,2018_gog4_surface,gog4,beach_seine,2018-07-15,2018-07-14,2018,surface,2,edna_gog4_15,surface,biological,13.6,31.39,8.17,12.3,31.39,8.05,3.5,1000,0,51.90318965,-128.4388692,mud,n,150,se,seagrass,zostera,seagrass_mud,zostera_mud,100,1.96163e-160,313,Metazoa,Arthropoda,Copepoda,Cyclopoida,NA,NA,0,0,FALSE,ASV939,1,NA
edna0065,ASV842,motu733,Eurytemora americana,Brackish calanoid,species,NA,1,1,1,NA,327,45,260,159,NA,213,Eurytemora americana,Brackish calanoid,2018_gog4_surface,gog4,beach_seine,2018-07-15,2018-07-14,2018,surface,2,edna_gog4_15,surface,biological,13.6,31.39,8.17,12.3,31.39,8.05,3.5,1000,0,51.90318965,-128.4388692,mud,n,150,se,seagrass,zostera,seagrass_mud,zostera_mud,100,7.206629999999995e-145,285,Metazoa,Arthropoda,Copepoda,Calanoida,Temoridae,Eurytemora,0,0,TRUE,ASV842,1,Eurytemora americana
edna0065,ASV991,motu860,Eurytemora americana,Brackish calanoid,species,NA,1,1,1,NA,305,72,134,105,NA,128,Eurytemora americana,Brackish calanoid,2018_gog4_surface,gog4,beach_seine,2018-07-15,2018-07-14,2018,surface,2,edna_gog4_15,surface,biological,13.6,31.39,8.17,12.3,31.39,8.05,3.5,1000,0,51.90318965,-128.4388692,mud,n,150,se,seagrass,zostera,seagrass_mud,zostera_mud,100,7.206629999999995e-145,285,Metazoa,Arthropoda,Copepoda,Calanoida,Temoridae,Eurytemora,0,0,TRUE,ASV991,1,Eurytemora americana
edna0065,ASV1945,motu1049,Macoma nasuta,Bent-nosed clam,species,NA,1,NA,NA,NA,12,NA,NA,NA,NA,NA,Macoma nasuta,Bent-nosed clam,2018_gog4_surface,gog4,beach_seine,2018-07-15,2018-07-14,2018,surface,2,edna_gog4_15,surface,biological,13.6,31.39,8.17,12.3,31.39,8.05,3.5,1000,0,51.90318965,-128.4388692,mud,n,150,se,seagrass,zostera,seagrass_mud,zostera_mud,99.36,4.246189999999999e-157,307,Metazoa,Mollusca,Bivalvia,Cardiida,Tellinidae,Macoma,0,0,TRUE,ASV1238,3,Macoma nasuta
edna0065,ASV1303,motu517,Balanus,Barnacle species,genus,NA,1,NA,NA,NA,4,NA,NA,NA,NA,NA,Balanus,Barnacle species,2018_gog4_surface,gog4,beach_seine,2018-07-15,2018-07-14,2018,surface,2,edna_gog4_15,surface,biological,13.6,31.39,8.17,12.3,31.39,8.05,3.5,1000,0,51.90318965,-128.4388692,mud,n,150,se,seagrass,zostera,seagrass_mud,zostera_mud,99.67,6.925819999999995e-155,303,Metazoa,Arthropoda,Arthropoda,Balanomorpha,Balanidae,Balanus,0,0,TRUE,ASV587,10,NA
edna0065,ASV2413,motu1971,Ferkeria,Other arachnid,genus,NA,1,NA,NA,NA,4,NA,NA,NA,NA,NA,Ferkeria,Other arachnid,2018_gog4_surface,gog4,beach_seine,2018-07-15,2018-07-14,2018,surface,2,edna_gog4_15,surface,biological,13.6,31.39,8.17,12.3,31.39,8.05,3.5,1000,0,51.90318965,-128.4388692,mud,n,150,se,seagrass,zostera,seagrass_mud,zostera_mud,97.06,0.00112005,31,Metazoa,Arthropoda,Arthropoda,Grassatores,NA,Ferkeria,NA,NA,TRUE,ASV2413,1,NA
edna0065,ASV1478,motu1248,Synchaetidae,Rotifer,family,NA,1,1,1,NA,28,11,38,37,NA,48,Synchaetidae,Rotifer,2018_gog4_surface,gog4,beach_seine,2018-07-15,2018-07-14,2018,surface,2,edna_gog4_15,surface,biological,13.6,31.39,8.17,12.3,31.39,8.05,3.5,1000,0,51.90318965,-128.4388692,mud,n,150,se,seagrass,zostera,seagrass_mud,zostera_mud,97.26,2.00292e-135,268,Metazoa,Rotifera,Eurotatoria,Ploima,Synchaetidae,NA,0,0,TRUE,ASV1478,1,NA
edna0065,ASV1520,motu1282,Synchaetidae,Rotifer,family,NA,1,1,1,NA,23,6,34,30,NA,59,Synchaetidae,Rotifer,2018_gog4_surface,gog4,beach_seine,2018-07-15,2018-07-14,2018,surface,2,edna_gog4_15,surface,biological,13.6,31.39,8.17,12.3,31.39,8.05,3.5,1000,0,51.90318965,-128.4388692,mud,n,150,se,seagrass,zostera,seagrass_mud,zostera_mud,97.26,2.00292e-135,268,Metazoa,Rotifera,Eurotatoria,Ploima,Synchaetidae,NA,0,0,TRUE,ASV1520,1,NA
edna0065,ASV4611,motu2470,Synchaeta vorax,Rotifer,species,NA,1,NA,NA,NA,19,NA,NA,NA,NA,NA,Synchaeta vorax,Rotifer,2018_gog4_surface,gog4,beach_seine,2018-07-15,2018-07-14,2018,surface,2,edna_gog4_15,surface,biological,13.6,31.39,8.17,12.3,31.39,8.05,3.5,1000,0,51.90318965,-128.4388692,mud,n,150,se,seagrass,zostera,seagrass_mud,zostera_mud,97.44,1.54337e-146,288,Metazoa,Rotifera,Eurotatoria,Ploima,Synchaetidae,Synchaeta,0,0,TRUE,ASV3069,2,Synchaeta vorax
edna0065,ASV2629,motu2134,Ergasilida,Cyclopoid copepod,order,NA,1,NA,1,NA,7,NA,3,NA,NA,NA,Ergasilida,Cyclopoid copepod,2018_gog4_surface,gog4,beach_seine,2018-07-15,2018-07-14,2018,surface,2,edna_gog4_15,surface,biological,13.6,31.39,8.17,12.3,31.39,8.05,3.5,1000,0,51.90318965,-128.4388692,mud,n,150,se,seagrass,zostera,seagrass_mud,zostera_mud,100,3.2351099999999996e-158,309,Metazoa,Arthropoda,Copepoda,Cyclopoida,NA,NA,0,0,FALSE,ASV2629,1,NA
edna0065,ASV4722,motu2518,Synchaeta vorax,Rotifer,species,NA,1,NA,NA,NA,19,NA,NA,NA,NA,NA,Synchaeta vorax,Rotifer,2018_gog4_surface,gog4,beach_seine,2018-07-15,2018-07-14,2018,surface,2,edna_gog4_15,surface,biological,13.6,31.39,8.17,12.3,31.39,8.05,3.5,1000,0,51.90318965,-128.4388692,mud,n,150,se,seagrass,zostera,seagrass_mud,zostera_mud,97.44,1.54337e-146,288,Metazoa,Rotifera,Eurotatoria,Ploima,Synchaetidae,Synchaeta,0,0,TRUE,ASV3138,2,Synchaeta vorax
edna0065,ASV3982,motu3128,Proctotrupidae,Hexapod,genus,NA,1,NA,NA,NA,3,NA,NA,NA,NA,NA,Proctotrupidae,Hexapod,2018_gog4_surface,gog4,beach_seine,2018-07-15,2018-07-14,2018,surface,2,edna_gog4_15,surface,biological,13.6,31.39,8.17,12.3,31.39,8.05,3.5,1000,0,51.90318965,-128.4388692,mud,n,150,se,seagrass,zostera,seagrass_mud,zostera_mud,100,6.79151e-6,35,Metazoa,Arthropoda,Arthropoda,Hymenoptera,Proctotrupoidea,Proctotrupidae,NA,NA,TRUE,ASV3982,1,NA
edna0065,ASV7029,motu5473,Arthropoda,Unknown arthropod,phylum,NA,1,NA,NA,NA,7,NA,NA,NA,NA,NA,Arthropoda,Unknown arthropod,2018_gog4_surface,gog4,beach_seine,2018-07-15,2018-07-14,2018,surface,2,edna_gog4_15,surface,biological,13.6,31.39,8.17,12.3,31.39,8.05,3.5,1000,0,51.90318965,-128.4388692,mud,n,150,se,seagrass,zostera,seagrass_mud,zostera_mud,100,0.0531601,28,Metazoa,Arthropoda,NA,NA,NA,NA,NA,NA,TRUE,ASV7029,1,NA
edna0066,ASV25,motu22,Acartia (Acartiura) longiremis,Calanoid copepod,species,NA,1,1,1,NA,10,4,26,23,NA,18,Acartia (Acartiura) longiremis,Calanoid copepod,2018_gog4_surface,gog4,beach_seine,2018-07-15,2018-07-14,2018,surface,3,edna_gog4_30,surface,biological,13.7,31.43,8.17,12.3,31.42,8.04,3.5,1000,0,51.90312079,-128.4386561,mud,n,150,se,seagrass,zostera,seagrass_mud,zostera_mud,100,1.96163e-160,313,Metazoa,Arthropoda,Copepoda,Calanoida,Acartiidae,Acartia,0,0,TRUE,ASV25,27,Acartia (Acartiura) longiremis
edna0066,ASV81,motu71,Acartia (Acartiura) longiremis,Calanoid copepod,species,NA,1,NA,NA,NA,9,NA,NA,NA,NA,NA,Acartia (Acartiura) longiremis,Calanoid copepod,2018_gog4_surface,gog4,beach_seine,2018-07-15,2018-07-14,2018,surface,3,edna_gog4_30,surface,biological,13.7,31.43,8.17,12.3,31.42,8.04,3.5,1000,0,51.90312079,-128.4386561,mud,n,150,se,seagrass,zostera,seagrass_mud,zostera_mud,100,1.96163e-160,313,Metazoa,Arthropoda,Copepoda,Calanoida,Acartiidae,Acartia,0,0,TRUE,ASV81,23,Acartia (Acartiura) longiremis
edna0066,ASV34,motu31,Centropages abdominalis,Calanoid copepod,species,NA,1,NA,1,NA,6,NA,18,6,NA,6,Centropages abdominalis,Calanoid copepod,2018_gog4_surface,gog4,beach_seine,2018-07-15,2018-07-14,2018,surface,3,edna_gog4_30,surface,biological,13.7,31.43,8.17,12.3,31.42,8.04,3.5,1000,0,51.90312079,-128.4386561,mud,n,150,se,seagrass,zostera,seagrass_mud,zostera_mud,100,1.96163e-160,313,Metazoa,Arthropoda,Copepoda,Calanoida,Centropagidae,Centropages,0,0,TRUE,ASV34,19,Centropages abdominalis
edna0066,ASV143,motu128,Centropages abdominalis,Calanoid copepod,species,NA,1,NA,NA,NA,4,NA,NA,NA,NA,NA,Centropages abdominalis,Calanoid copepod,2018_gog4_surface,gog4,beach_seine,2018-07-15,2018-07-14,2018,surface,3,edna_gog4_30,surface,biological,13.7,31.43,8.17,12.3,31.42,8.04,3.5,1000,0,51.90312079,-128.4386561,mud,n,150,se,seagrass,zostera,seagrass_mud,zostera_mud,100,1.96163e-160,313,Metazoa,Arthropoda,Copepoda,Calanoida,Centropagidae,Centropages,0,0,TRUE,ASV143,11,Centropages abdominalis
edna0066,ASV258,motu228,Lensia,Siphonophore,genus,NA,1,NA,NA,NA,16,NA,NA,NA,NA,NA,Lensia,Siphonophore,2018_gog4_surface,gog4,beach_seine,2018-07-15,2018-07-14,2018,surface,3,edna_gog4_30,surface,biological,13.7,31.43,8.17,12.3,31.42,8.04,3.5,1000,0,51.90312079,-128.4386561,mud,n,150,se,seagrass,zostera,seagrass_mud,zostera_mud,100,0.00408744,30,Metazoa,Cnidaria,Cnidaria,Siphonophorae,Diphyidae,Lensia,0,0,TRUE,ASV258,1,NA
edna0066,ASV131,motu117,Lensia,Siphonophore,genus,NA,1,1,1,NA,15,9,13,11,NA,14,Lensia,Siphonophore,2018_gog4_surface,gog4,beach_seine,2018-07-15,2018-07-14,2018,surface,3,edna_gog4_30,surface,biological,13.7,31.43,8.17,12.3,31.42,8.04,3.5,1000,0,51.90312079,-128.4386561,mud,n,150,se,seagrass,zostera,seagrass_mud,zostera_mud,100,0.00408744,30,Metazoa,Cnidaria,Cnidaria,Siphonophorae,Diphyidae,Lensia,0,0,TRUE,ASV131,2,NA
edna0066,ASV352,motu311,Synchaeta vorax,Rotifer,species,NA,1,1,1,NA,49,12,105,89,NA,67,Synchaeta vorax,Rotifer,2018_gog4_surface,gog4,beach_seine,2018-07-15,2018-07-14,2018,surface,3,edna_gog4_30,surface,biological,13.7,31.43,8.17,12.3,31.42,8.04,3.5,1000,0,51.90312079,-128.4386561,mud,n,150,se,seagrass,zostera,seagrass_mud,zostera_mud,98.08,7.129989999999999e-150,294,Metazoa,Rotifera,Eurotatoria,Ploima,Synchaetidae,Synchaeta,0,0,TRUE,ASV352,4,Synchaeta vorax
edna0066,ASV346,motu306,Synchaeta vorax,Rotifer,species,NA,1,1,1,NA,39,16,130,76,NA,79,Synchaeta vorax,Rotifer,2018_gog4_surface,gog4,beach_seine,2018-07-15,2018-07-14,2018,surface,3,edna_gog4_30,surface,biological,13.7,31.43,8.17,12.3,31.42,8.04,3.5,1000,0,51.90312079,-128.4386561,mud,n,150,se,seagrass,zostera,seagrass_mud,zostera_mud,98.08,7.129989999999999e-150,294,Metazoa,Rotifera,Eurotatoria,Ploima,Synchaetidae,Synchaeta,0,0,TRUE,ASV346,5,Synchaeta vorax
edna0066,ASV643,motu557,Macoma nasuta,Bent-nosed clam,species,NA,1,1,1,NA,111,33,222,212,NA,164,Macoma nasuta,Bent-nosed clam,2018_gog4_surface,gog4,beach_seine,2018-07-15,2018-07-14,2018,surface,3,edna_gog4_30,surface,biological,13.7,31.43,8.17,12.3,31.42,8.04,3.5,1000,0,51.90312079,-128.4386561,mud,n,150,se,seagrass,zostera,seagrass_mud,zostera_mud,99.68,9.126599999999999e-159,310,Metazoa,Mollusca,Bivalvia,Cardiida,Tellinidae,Macoma,0,0,TRUE,ASV643,4,Macoma nasuta
edna0066,ASV647,motu560,Synchaeta triophthalma,Rotifer,species,NA,1,1,1,NA,15,7,32,16,NA,37,Synchaeta triophthalma,Rotifer,2018_gog4_surface,gog4,beach_seine,2018-07-15,2018-07-14,2018,surface,3,edna_gog4_30,surface,biological,13.7,31.43,8.17,12.3,31.42,8.04,3.5,1000,0,51.90312079,-128.4386561,mud,n,150,se,seagrass,zostera,seagrass_mud,zostera_mud,91.99,3.511259999999999e-118,237,Metazoa,Rotifera,Eurotatoria,Ploima,Synchaetidae,Synchaeta,0,0,TRUE,ASV647,4,Synchaeta triophthalma
edna0066,ASV1238,motu1049,Macoma nasuta,Bent-nosed clam,species,NA,1,NA,NA,NA,90,NA,NA,NA,NA,NA,Macoma nasuta,Bent-nosed clam,2018_gog4_surface,gog4,beach_seine,2018-07-15,2018-07-14,2018,surface,3,edna_gog4_30,surface,biological,13.7,31.43,8.17,12.3,31.42,8.04,3.5,1000,0,51.90312079,-128.4386561,mud,n,150,se,seagrass,zostera,seagrass_mud,zostera_mud,99.68,9.126599999999999e-159,310,Metazoa,Mollusca,Bivalvia,Cardiida,Tellinidae,Macoma,0,0,TRUE,ASV1238,3,Macoma nasuta
edna0066,ASV670,motu583,Synchaeta triophthalma,Rotifer,species,NA,1,NA,1,NA,17,NA,30,21,NA,38,Synchaeta triophthalma,Rotifer,2018_gog4_surface,gog4,beach_seine,2018-07-15,2018-07-14,2018,surface,3,edna_gog4_30,surface,biological,13.7,31.43,8.17,12.3,31.42,8.04,3.5,1000,0,51.90312079,-128.4386561,mud,n,150,se,seagrass,zostera,seagrass_mud,zostera_mud,91.99,3.511259999999999e-118,237,Metazoa,Rotifera,Eurotatoria,Ploima,Synchaetidae,Synchaeta,0,0,TRUE,ASV670,4,Synchaeta triophthalma
edna0066,ASV842,motu733,Eurytemora americana,Brackish calanoid,species,NA,1,NA,1,NA,90,NA,185,128,NA,111,Eurytemora americana,Brackish calanoid,2018_gog4_surface,gog4,beach_seine,2018-07-15,2018-07-14,2018,surface,3,edna_gog4_30,surface,biological,13.7,31.43,8.17,12.3,31.42,8.04,3.5,1000,0,51.90312079,-128.4386561,mud,n,150,se,seagrass,zostera,seagrass_mud,zostera_mud,100,7.206629999999995e-145,285,Metazoa,Arthropoda,Copepoda,Calanoida,Temoridae,Eurytemora,0,0,TRUE,ASV842,1,Eurytemora americana
edna0066,ASV1475,motu1246,Cyanea,Lions mane jellyfish species,genus,NA,1,NA,NA,NA,8,NA,NA,NA,NA,NA,Cyanea,Lions mane jellyfish species,2018_gog4_surface,gog4,beach_seine,2018-07-15,2018-07-14,2018,surface,3,edna_gog4_30,surface,biological,13.7,31.43,8.17,12.3,31.42,8.04,3.5,1000,0,51.90312079,-128.4386561,mud,n,150,se,seagrass,zostera,seagrass_mud,zostera_mud,100,3.2351099999999996e-158,309,Metazoa,Cnidaria,Scyphozoa,Semaeostomeae,Cyaneidae,Cyanea,0,0,TRUE,ASV1475,2,NA
edna0066,ASV1367,motu1153,Cyanea,Lions mane jellyfish species,genus,NA,1,NA,1,NA,5,NA,NA,NA,NA,7,Cyanea,Lions mane jellyfish species,2018_gog4_surface,gog4,beach_seine,2018-07-15,2018-07-14,2018,surface,3,edna_gog4_30,surface,biological,13.7,31.43,8.17,12.3,31.42,8.04,3.5,1000,0,51.90312079,-128.4386561,mud,n,150,se,seagrass,zostera,seagrass_mud,zostera_mud,100,3.2351099999999996e-158,309,Metazoa,Cnidaria,Scyphozoa,Semaeostomeae,Cyaneidae,Cyanea,0,0,TRUE,ASV1367,2,NA
edna0066,ASV991,motu860,Eurytemora americana,Brackish calanoid,species,NA,1,1,1,NA,83,39,145,88,NA,97,Eurytemora americana,Brackish calanoid,2018_gog4_surface,gog4,beach_seine,2018-07-15,2018-07-14,2018,surface,3,edna_gog4_30,surface,biological,13.7,31.43,8.17,12.3,31.42,8.04,3.5,1000,0,51.90312079,-128.4386561,mud,n,150,se,seagrass,zostera,seagrass_mud,zostera_mud,100,7.206629999999995e-145,285,Metazoa,Arthropoda,Copepoda,Calanoida,Temoridae,Eurytemora,0,0,TRUE,ASV991,1,Eurytemora americana
edna0066,ASV1791,motu1494,Saxidomus nuttalli,California butterclam,species,NA,1,NA,1,NA,6,NA,9,9,NA,NA,Saxidomus nuttalli,California butterclam,2018_gog4_surface,gog4,beach_seine,2018-07-15,2018-07-14,2018,surface,3,edna_gog4_30,surface,biological,13.7,31.43,8.17,12.3,31.42,8.04,3.5,1000,0,51.90312079,-128.4386561,mud,n,150,se,seagrass,zostera,seagrass_mud,zostera_mud,99.68,4.246189999999999e-157,307,Metazoa,Mollusca,Bivalvia,Venerida,Veneridae,Saxidomus,0,0,TRUE,ASV1791,2,Saxidomus nuttalli
edna0066,ASV1478,motu1248,Synchaetidae,Rotifer,family,NA,1,1,1,NA,44,20,196,100,NA,84,Synchaetidae,Rotifer,2018_gog4_surface,gog4,beach_seine,2018-07-15,2018-07-14,2018,surface,3,edna_gog4_30,surface,biological,13.7,31.43,8.17,12.3,31.42,8.04,3.5,1000,0,51.90312079,-128.4386561,mud,n,150,se,seagrass,zostera,seagrass_mud,zostera_mud,97.26,2.00292e-135,268,Metazoa,Rotifera,Eurotatoria,Ploima,Synchaetidae,NA,0,0,TRUE,ASV1478,1,NA
edna0066,ASV2335,motu1921,Ferkeria,Other arachnid,genus,NA,1,NA,NA,NA,2,NA,NA,NA,NA,NA,Ferkeria,Other arachnid,2018_gog4_surface,gog4,beach_seine,2018-07-15,2018-07-14,2018,surface,3,edna_gog4_30,surface,biological,13.7,31.43,8.17,12.3,31.42,8.04,3.5,1000,0,51.90312079,-128.4386561,mud,n,150,se,seagrass,zostera,seagrass_mud,zostera_mud,97.06,0.00112005,31,Metazoa,Arthropoda,Arthropoda,Grassatores,NA,Ferkeria,NA,NA,TRUE,ASV2335,1,NA
edna0066,ASV1520,motu1282,Synchaetidae,Rotifer,family,NA,1,1,1,NA,37,14,181,98,NA,84,Synchaetidae,Rotifer,2018_gog4_surface,gog4,beach_seine,2018-07-15,2018-07-14,2018,surface,3,edna_gog4_30,surface,biological,13.7,31.43,8.17,12.3,31.42,8.04,3.5,1000,0,51.90312079,-128.4386561,mud,n,150,se,seagrass,zostera,seagrass_mud,zostera_mud,97.26,2.00292e-135,268,Metazoa,Rotifera,Eurotatoria,Ploima,Synchaetidae,NA,0,0,TRUE,ASV1520,1,NA
edna0066,ASV2150,motu1772,Synchaeta grimpei,Rotifer,species,NA,1,NA,1,NA,2,NA,NA,5,NA,NA,Synchaeta grimpei,Rotifer,2018_gog4_surface,gog4,beach_seine,2018-07-15,2018-07-14,2018,surface,3,edna_gog4_30,surface,biological,13.7,31.43,8.17,12.3,31.42,8.04,3.5,1000,0,51.90312079,-128.4386561,mud,n,150,se,seagrass,zostera,seagrass_mud,zostera_mud,91.45,4.459999999999999e-112,226,Metazoa,Rotifera,Eurotatoria,Ploima,Synchaetidae,Synchaeta,0,0,TRUE,ASV2150,2,Synchaeta grimpei
edna0066,ASV4844,motu3748,Lepidoptera,Hexapod,order,NA,1,NA,NA,NA,12,NA,NA,NA,NA,NA,Lepidoptera,Hexapod,2018_gog4_surface,gog4,beach_seine,2018-07-15,2018-07-14,2018,surface,3,edna_gog4_30,surface,biological,13.7,31.43,8.17,12.3,31.42,8.04,3.5,1000,0,51.90312079,-128.4386561,mud,n,150,se,seagrass,zostera,seagrass_mud,zostera_mud,96.97,0.00408744,30,Metazoa,Arthropoda,Arthropoda,Lepidoptera,NA,NA,NA,NA,TRUE,ASV4844,1,NA
edna0066,ASV5616,motu3265,Sthenelais berkeleyi,Scale worm,species,NA,1,NA,NA,NA,4,NA,NA,NA,NA,NA,Sthenelais berkeleyi,Scale worm,2018_gog4_surface,gog4,beach_seine,2018-07-15,2018-07-14,2018,surface,3,edna_gog4_30,surface,biological,13.7,31.43,8.17,12.3,31.42,8.04,3.5,1000,0,51.90312079,-128.4386561,mud,n,150,se,seagrass,zostera,seagrass_mud,zostera_mud,99.68,9.126599999999999e-159,310,Metazoa,Annelida,Polychaeta,Phyllodocida,Sigalionidae,Sthenelais,0,0,TRUE,ASV4163,2,Sthenelais berkeleyi
edna0066,ASV3982,motu3128,Proctotrupidae,Hexapod,genus,NA,1,NA,1,NA,6,NA,21,11,NA,13,Proctotrupidae,Hexapod,2018_gog4_surface,gog4,beach_seine,2018-07-15,2018-07-14,2018,surface,3,edna_gog4_30,surface,biological,13.7,31.43,8.17,12.3,31.42,8.04,3.5,1000,0,51.90312079,-128.4386561,mud,n,150,se,seagrass,zostera,seagrass_mud,zostera_mud,100,6.79151e-6,35,Metazoa,Arthropoda,Arthropoda,Hymenoptera,Proctotrupoidea,Proctotrupidae,NA,NA,TRUE,ASV3982,1,NA
edna0066,ASV7029,motu5473,Arthropoda,Unknown arthropod,phylum,NA,1,NA,NA,NA,3,NA,NA,NA,NA,NA,Arthropoda,Unknown arthropod,2018_gog4_surface,gog4,beach_seine,2018-07-15,2018-07-14,2018,surface,3,edna_gog4_30,surface,biological,13.7,31.43,8.17,12.3,31.42,8.04,3.5,1000,0,51.90312079,-128.4386561,mud,n,150,se,seagrass,zostera,seagrass_mud,zostera_mud,100,0.0531601,28,Metazoa,Arthropoda,NA,NA,NA,NA,NA,NA,TRUE,ASV7029,1,NA
edna0066,ASV6248,motu4821,Proctotrupidae,Hexapod,genus,NA,1,NA,NA,NA,4,NA,NA,NA,NA,NA,Proctotrupidae,Hexapod,2018_gog4_surface,gog4,beach_seine,2018-07-15,2018-07-14,2018,surface,3,edna_gog4_30,surface,biological,13.7,31.43,8.17,12.3,31.42,8.04,3.5,1000,0,51.90312079,-128.4386561,mud,n,150,se,seagrass,zostera,seagrass_mud,zostera_mud,100,6.92826e-6,35,Metazoa,Arthropoda,Arthropoda,Hymenoptera,Proctotrupoidea,Proctotrupidae,NA,NA,TRUE,ASV6248,1,NA
edna0067,ASV81,motu71,Acartia (Acartiura) longiremis,Calanoid copepod,species,NA,1,NA,NA,NA,39,NA,NA,NA,NA,NA,Acartia (Acartiura) longiremis,Calanoid copepod,2018_kis2_surface,kis2,beach_seine,2018-07-15,2018-07-13,2018,surface,1,edna_kis2_00,surface,biological,14,31.12,8.11,13.7,31.11,8.12,4,1000,0,51.83671973,-128.239737,cobble,n,50,sp,macroalgae,algae,macroalgae_cobble,algae_cobble,100,1.96163e-160,313,Metazoa,Arthropoda,Copepoda,Calanoida,Acartiidae,Acartia,0,0,TRUE,ASV81,23,Acartia (Acartiura) longiremis
edna0067,ASV34,motu31,Centropages abdominalis,Calanoid copepod,species,NA,1,1,1,NA,64,34,83,52,NA,81,Centropages abdominalis,Calanoid copepod,2018_kis2_surface,kis2,beach_seine,2018-07-15,2018-07-13,2018,surface,1,edna_kis2_00,surface,biological,14,31.12,8.11,13.7,31.11,8.12,4,1000,0,51.83671973,-128.239737,cobble,n,50,sp,macroalgae,algae,macroalgae_cobble,algae_cobble,100,1.96163e-160,313,Metazoa,Arthropoda,Copepoda,Calanoida,Centropagidae,Centropages,0,0,TRUE,ASV34,19,Centropages abdominalis
edna0067,ASV143,motu128,Centropages abdominalis,Calanoid copepod,species,NA,1,NA,NA,NA,50,NA,NA,NA,NA,NA,Centropages abdominalis,Calanoid copepod,2018_kis2_surface,kis2,beach_seine,2018-07-15,2018-07-13,2018,surface,1,edna_kis2_00,surface,biological,14,31.12,8.11,13.7,31.11,8.12,4,1000,0,51.83671973,-128.239737,cobble,n,50,sp,macroalgae,algae,macroalgae_cobble,algae_cobble,100,1.96163e-160,313,Metazoa,Arthropoda,Copepoda,Calanoida,Centropagidae,Centropages,0,0,TRUE,ASV143,11,Centropages abdominalis
edna0067,ASV258,motu228,Lensia,Siphonophore,genus,NA,1,NA,NA,NA,5,NA,NA,NA,NA,NA,Lensia,Siphonophore,2018_kis2_surface,kis2,beach_seine,2018-07-15,2018-07-13,2018,surface,1,edna_kis2_00,surface,biological,14,31.12,8.11,13.7,31.11,8.12,4,1000,0,51.83671973,-128.239737,cobble,n,50,sp,macroalgae,algae,macroalgae_cobble,algae_cobble,100,0.00408744,30,Metazoa,Cnidaria,Cnidaria,Siphonophorae,Diphyidae,Lensia,0,0,TRUE,ASV258,1,NA
edna0067,ASV131,motu117,Lensia,Siphonophore,genus,NA,1,NA,1,NA,9,NA,11,6,NA,9,Lensia,Siphonophore,2018_kis2_surface,kis2,beach_seine,2018-07-15,2018-07-13,2018,surface,1,edna_kis2_00,surface,biological,14,31.12,8.11,13.7,31.11,8.12,4,1000,0,51.83671973,-128.239737,cobble,n,50,sp,macroalgae,algae,macroalgae_cobble,algae_cobble,100,0.00408744,30,Metazoa,Cnidaria,Cnidaria,Siphonophorae,Diphyidae,Lensia,0,0,TRUE,ASV131,2,NA
edna0067,ASV343,motu303,Pseudocalanus mimus,Calanoid copepod,species,NA,1,NA,1,NA,42,NA,62,NA,NA,NA,Pseudocalanus mimus,Calanoid copepod,2018_kis2_surface,kis2,beach_seine,2018-07-15,2018-07-13,2018,surface,1,edna_kis2_00,surface,biological,14,31.12,8.11,13.7,31.11,8.12,4,1000,0,51.83671973,-128.239737,cobble,n,50,sp,macroalgae,algae,macroalgae_cobble,algae_cobble,99.67,9.19139e-154,301,Metazoa,Arthropoda,Copepoda,Calanoida,Clausocalanidae,Pseudocalanus,0,0,TRUE,ASV343,11,Pseudocalanus mimus
edna0067,ASV251,motu105,Mesocentrotus franciscanus,Red sea urchin,species,NA,1,1,1,NA,71,38,NA,63,NA,NA,Mesocentrotus franciscanus,Red sea urchin,2018_kis2_surface,kis2,beach_seine,2018-07-15,2018-07-13,2018,surface,1,edna_kis2_00,surface,biological,14,31.12,8.11,13.7,31.11,8.12,4,1000,0,51.83671973,-128.239737,cobble,n,50,sp,macroalgae,algae,macroalgae_cobble,algae_cobble,100,7.02982e-160,312,Metazoa,Echinodermata,Echinoidea,Camarodonta,Strongylocentrotidae,Mesocentrotus,0,0,TRUE,ASV118,8,Mesocentrotus franciscanus
edna0067,ASV242,motu213,Balanus glandula,Acorn barnacle,species,NA,1,1,1,NA,80,29,198,134,NA,150,Balanus glandula,Acorn barnacle,2018_kis2_surface,kis2,beach_seine,2018-07-15,2018-07-13,2018,surface,1,edna_kis2_00,surface,biological,14,31.12,8.11,13.7,31.11,8.12,4,1000,0,51.83671973,-128.239737,cobble,n,50,sp,macroalgae,algae,macroalgae_cobble,algae_cobble,100,3.2351099999999996e-158,309,Metazoa,Arthropoda,Thecostraca,Balanomorpha,Balanidae,Balanus,0,0,TRUE,ASV242,15,Balanus glandula
edna0067,ASV447,motu394,Balanus glandula,Acorn barnacle,species,NA,1,NA,NA,NA,85,NA,NA,NA,NA,NA,Balanus glandula,Acorn barnacle,2018_kis2_surface,kis2,beach_seine,2018-07-15,2018-07-13,2018,surface,1,edna_kis2_00,surface,biological,14,31.12,8.11,13.7,31.11,8.12,4,1000,0,51.83671973,-128.239737,cobble,n,50,sp,macroalgae,algae,macroalgae_cobble,algae_cobble,100,3.2351099999999996e-158,309,Metazoa,Arthropoda,Thecostraca,Balanomorpha,Balanidae,Balanus,0,0,TRUE,ASV447,12,Balanus glandula
edna0067,ASV132,motu118,Mesocentrotus franciscanus,Red sea urchin,species,NA,1,1,1,NA,69,23,105,NA,NA,NA,Mesocentrotus franciscanus,Red sea urchin,2018_kis2_surface,kis2,beach_seine,2018-07-15,2018-07-13,2018,surface,1,edna_kis2_00,surface,biological,14,31.12,8.11,13.7,31.11,8.12,4,1000,0,51.83671973,-128.239737,cobble,n,50,sp,macroalgae,algae,macroalgae_cobble,algae_cobble,100,2.51921e-159,311,Metazoa,Echinodermata,Echinoidea,Camarodonta,Strongylocentrotidae,Mesocentrotus,0,0,TRUE,ASV132,8,Mesocentrotus franciscanus
edna0067,ASV595,motu522,Cecidomyiidae,Hexapod,genus,NA,1,NA,NA,NA,3,NA,NA,NA,NA,NA,Cecidomyiidae,Hexapod,2018_kis2_surface,kis2,beach_seine,2018-07-15,2018-07-13,2018,surface,1,edna_kis2_00,surface,biological,14,31.12,8.11,13.7,31.11,8.12,4,1000,0,51.83671973,-128.239737,cobble,n,50,sp,macroalgae,algae,macroalgae_cobble,algae_cobble,100,0.00408744,30,Metazoa,Arthropoda,Arthropoda,Diptera,Cecidomyiidae,Cecidomyiidae,NA,NA,TRUE,ASV595,1,NA
edna0067,ASV603,motu529,Ophiopholis kennerlyi,Daisy brittle star,species,NA,1,NA,NA,NA,2,NA,NA,NA,NA,NA,Ophiopholis kennerlyi,Daisy brittle star,2018_kis2_surface,kis2,beach_seine,2018-07-15,2018-07-13,2018,surface,1,edna_kis2_00,surface,biological,14,31.12,8.11,13.7,31.11,8.12,4,1000,0,51.83671973,-128.239737,cobble,n,50,sp,macroalgae,algae,macroalgae_cobble,algae_cobble,100,1.96163e-160,313,Metazoa,Echinodermata,Echinodermata,Amphilepidida,Ophiopholidae,Ophiopholis,0,0,TRUE,ASV603,6,Ophiopholis kennerlyi
edna0067,ASV346,motu306,Synchaeta vorax,Rotifer,species,NA,1,NA,1,NA,6,NA,8,NA,NA,6,Synchaeta vorax,Rotifer,2018_kis2_surface,kis2,beach_seine,2018-07-15,2018-07-13,2018,surface,1,edna_kis2_00,surface,biological,14,31.12,8.11,13.7,31.11,8.12,4,1000,0,51.83671973,-128.239737,cobble,n,50,sp,macroalgae,algae,macroalgae_cobble,algae_cobble,98.08,7.129989999999999e-150,294,Metazoa,Rotifera,Eurotatoria,Ploima,Synchaetidae,Synchaeta,0,0,TRUE,ASV346,5,Synchaeta vorax
edna0067,ASV1196,motu537,Mitrocoma cellularia,Cross jelly,species,NA,1,NA,NA,NA,21,NA,NA,NA,NA,NA,Mitrocoma cellularia,Cross jelly,2018_kis2_surface,kis2,beach_seine,2018-07-15,2018-07-13,2018,surface,1,edna_kis2_00,surface,biological,14,31.12,8.11,13.7,31.11,8.12,4,1000,0,51.83671973,-128.239737,cobble,n,50,sp,macroalgae,algae,macroalgae_cobble,algae_cobble,99.67,6.925819999999995e-155,303,Metazoa,Cnidaria,Hydrozoa,Leptothecata,Mitrocomidae,Mitrocoma,0,0,TRUE,ASV616,6,Mitrocoma cellularia
edna0067,ASV1038,motu895,Clytia gregaria,Gregarious jellyfish,species,NA,1,NA,NA,NA,5,NA,NA,NA,NA,NA,Clytia gregaria,Gregarious jellyfish,2018_kis2_surface,kis2,beach_seine,2018-07-15,2018-07-13,2018,surface,1,edna_kis2_00,surface,biological,14,31.12,8.11,13.7,31.11,8.12,4,1000,0,51.83671973,-128.239737,cobble,n,50,sp,macroalgae,algae,macroalgae_cobble,algae_cobble,99.68,9.126599999999999e-159,310,Metazoa,Cnidaria,Hydrozoa,Leptothecata,Campanulariidae,Clytia,0,0,TRUE,ASV1038,2,Clytia gregaria
edna0067,ASV1187,motu1015,Balanus,Barnacle species,genus,NA,1,NA,NA,NA,21,NA,NA,NA,NA,NA,Balanus,Barnacle species,2018_kis2_surface,kis2,beach_seine,2018-07-15,2018-07-13,2018,surface,1,edna_kis2_00,surface,biological,14,31.12,8.11,13.7,31.11,8.12,4,1000,0,51.83671973,-128.239737,cobble,n,50,sp,macroalgae,algae,macroalgae_cobble,algae_cobble,100,1.4886099999999998e-156,306,Metazoa,Arthropoda,Arthropoda,Balanomorpha,Balanidae,Balanus,0,0,TRUE,ASV1187,5,NA
edna0067,ASV634,motu517,Balanus,Barnacle species,genus,NA,1,NA,1,NA,22,NA,53,41,NA,43,Balanus,Barnacle species,2018_kis2_surface,kis2,beach_seine,2018-07-15,2018-07-13,2018,surface,1,edna_kis2_00,surface,biological,14,31.12,8.11,13.7,31.11,8.12,4,1000,0,51.83671973,-128.239737,cobble,n,50,sp,macroalgae,algae,macroalgae_cobble,algae_cobble,100,1.4886099999999998e-156,306,Metazoa,Arthropoda,Arthropoda,Balanomorpha,Balanidae,Balanus,0,0,TRUE,ASV587,10,NA
edna0067,ASV939,motu816,Ergasilida,Cyclopoid copepod,order,NA,1,1,1,NA,11,3,NA,13,NA,NA,Ergasilida,Cyclopoid copepod,2018_kis2_surface,kis2,beach_seine,2018-07-15,2018-07-13,2018,surface,1,edna_kis2_00,surface,biological,14,31.12,8.11,13.7,31.11,8.12,4,1000,0,51.83671973,-128.239737,cobble,n,50,sp,macroalgae,algae,macroalgae_cobble,algae_cobble,100,1.96163e-160,313,Metazoa,Arthropoda,Copepoda,Cyclopoida,NA,NA,0,0,FALSE,ASV939,1,NA
edna0067,ASV838,motu729,Strongylocentrotus purpuratus,Purple sea urchin,species,NA,1,1,1,NA,10,7,18,9,NA,16,Strongylocentrotus purpuratus,Purple sea urchin,2018_kis2_surface,kis2,beach_seine,2018-07-15,2018-07-13,2018,surface,1,edna_kis2_00,surface,biological,14,31.12,8.11,13.7,31.11,8.12,4,1000,0,51.83671973,-128.239737,cobble,n,50,sp,macroalgae,algae,macroalgae_cobble,algae_cobble,100,1.96163e-160,313,Metazoa,Echinodermata,Echinoidea,Camarodonta,Strongylocentrotidae,Strongylocentrotus,0,0,TRUE,ASV838,2,Strongylocentrotus purpuratus
edna0067,ASV1853,motu1544,Panopea generosa,Pacific geoduck,species,NA,1,NA,NA,NA,21,NA,NA,NA,NA,NA,Panopea generosa,Pacific geoduck,2018_kis2_surface,kis2,beach_seine,2018-07-15,2018-07-13,2018,surface,1,edna_kis2_00,surface,biological,14,31.12,8.11,13.7,31.11,8.12,4,1000,0,51.83671973,-128.239737,cobble,n,50,sp,macroalgae,algae,macroalgae_cobble,algae_cobble,100,7.02982e-160,312,Metazoa,Mollusca,Bivalvia,Adapedonta,Hiatellidae,Panopea,0,0,TRUE,ASV1853,3,Panopea generosa
edna0067,ASV1984,motu1645,Strongylocentrotus purpuratus,Purple sea urchin,species,NA,1,NA,NA,NA,14,NA,NA,NA,NA,NA,Strongylocentrotus purpuratus,Purple sea urchin,2018_kis2_surface,kis2,beach_seine,2018-07-15,2018-07-13,2018,surface,1,edna_kis2_00,surface,biological,14,31.12,8.11,13.7,31.11,8.12,4,1000,0,51.83671973,-128.239737,cobble,n,50,sp,macroalgae,algae,macroalgae_cobble,algae_cobble,100,1.96163e-160,313,Metazoa,Echinodermata,Echinoidea,Camarodonta,Strongylocentrotidae,Strongylocentrotus,0,0,TRUE,ASV1984,1,Strongylocentrotus purpuratus
edna0067,ASV2203,motu1819,Obelia dichotoma,Sea thread hydroid,species,NA,1,NA,NA,NA,5,NA,NA,NA,NA,NA,Obelia dichotoma,Sea thread hydroid,2018_kis2_surface,kis2,beach_seine,2018-07-15,2018-07-13,2018,surface,1,edna_kis2_00,surface,biological,14,31.12,8.11,13.7,31.11,8.12,4,1000,0,51.83671973,-128.239737,cobble,n,50,sp,macroalgae,algae,macroalgae_cobble,algae_cobble,100,5.353989999999996e-156,305,Metazoa,Cnidaria,Hydrozoa,Leptothecata,Campanulariidae,Obelia,0,0,TRUE,ASV2203,1,Obelia dichotoma
edna0067,ASV1082,motu932,Obelia dichotoma,Sea thread hydroid,species,NA,1,NA,1,NA,5,NA,9,14,NA,NA,Obelia dichotoma,Sea thread hydroid,2018_kis2_surface,kis2,beach_seine,2018-07-15,2018-07-13,2018,surface,1,edna_kis2_00,surface,biological,14,31.12,8.11,13.7,31.11,8.12,4,1000,0,51.83671973,-128.239737,cobble,n,50,sp,macroalgae,algae,macroalgae_cobble,algae_cobble,100,5.353989999999996e-156,305,Metazoa,Cnidaria,Hydrozoa,Leptothecata,Campanulariidae,Obelia,0,0,TRUE,ASV1082,1,Obelia dichotoma
edna0067,ASV2807,motu1655,Notomastus,Capitellid polychaete,genus,NA,1,NA,NA,NA,4,NA,NA,NA,NA,NA,Notomastus,Capitellid polychaete,2018_kis2_surface,kis2,beach_seine,2018-07-15,2018-07-13,2018,surface,1,edna_kis2_00,surface,biological,14,31.12,8.11,13.7,31.11,8.12,4,1000,0,51.83671973,-128.239737,cobble,n,50,sp,macroalgae,algae,macroalgae_cobble,algae_cobble,100,1.96163e-160,313,Metazoa,Annelida,Polychaeta,NA,Capitellidae,Notomastus,0,0,TRUE,ASV1997,2,NA
edna0067,ASV2629,motu2134,Ergasilida,Cyclopoid copepod,order,NA,1,NA,NA,NA,4,NA,NA,NA,NA,NA,Ergasilida,Cyclopoid copepod,2018_kis2_surface,kis2,beach_seine,2018-07-15,2018-07-13,2018,surface,1,edna_kis2_00,surface,biological,14,31.12,8.11,13.7,31.11,8.12,4,1000,0,51.83671973,-128.239737,cobble,n,50,sp,macroalgae,algae,macroalgae_cobble,algae_cobble,100,3.2351099999999996e-158,309,Metazoa,Arthropoda,Copepoda,Cyclopoida,NA,NA,0,0,FALSE,ASV2629,1,NA
edna0067,ASV3328,motu22,Acartia (Acartiura) longiremis,Calanoid copepod,species,NA,1,1,1,NA,34,19,61,NA,NA,NA,Acartia (Acartiura) longiremis,Calanoid copepod,2018_kis2_surface,kis2,beach_seine,2018-07-15,2018-07-13,2018,surface,1,edna_kis2_00,surface,biological,14,31.12,8.11,13.7,31.11,8.12,4,1000,0,51.83671973,-128.239737,cobble,n,50,sp,macroalgae,algae,macroalgae_cobble,algae_cobble,99.68,9.126599999999999e-159,310,Metazoa,Arthropoda,Copepoda,Calanoida,Acartiidae,Acartia,0,0,TRUE,ASV25,27,Acartia (Acartiura) longiremis
edna0067,ASV1451,motu796,Panopea generosa,Pacific geoduck,species,NA,1,NA,1,NA,22,NA,38,NA,NA,NA,Panopea generosa,Pacific geoduck,2018_kis2_surface,kis2,beach_seine,2018-07-15,2018-07-13,2018,surface,1,edna_kis2_00,surface,biological,14,31.12,8.11,13.7,31.11,8.12,4,1000,0,51.83671973,-128.239737,cobble,n,50,sp,macroalgae,algae,macroalgae_cobble,algae_cobble,100,7.02982e-160,312,Metazoa,Mollusca,Bivalvia,Adapedonta,Hiatellidae,Panopea,0,0,TRUE,ASV916,4,Panopea generosa
edna0067,ASV3240,motu2591,Pseudocalanus mimus,Calanoid copepod,species,NA,1,NA,1,NA,27,NA,40,29,NA,26,Pseudocalanus mimus,Calanoid copepod,2018_kis2_surface,kis2,beach_seine,2018-07-15,2018-07-13,2018,surface,1,edna_kis2_00,surface,biological,14,31.12,8.11,13.7,31.11,8.12,4,1000,0,51.83671973,-128.239737,cobble,n,50,sp,macroalgae,algae,macroalgae_cobble,algae_cobble,98.68,9.256649999999999e-149,292,Metazoa,Arthropoda,Copepoda,Calanoida,Clausocalanidae,Pseudocalanus,0,0,TRUE,ASV3240,1,Pseudocalanus mimus
edna0067,ASV5429,motu4167,Cecidomyiidae,Hexapod,genus,NA,1,NA,NA,NA,3,NA,NA,NA,NA,NA,Cecidomyiidae,Hexapod,2018_kis2_surface,kis2,beach_seine,2018-07-15,2018-07-13,2018,surface,1,edna_kis2_00,surface,biological,14,31.12,8.11,13.7,31.11,8.12,4,1000,0,51.83671973,-128.239737,cobble,n,50,sp,macroalgae,algae,macroalgae_cobble,algae_cobble,95,2.44266e-5,34,Metazoa,Arthropoda,Arthropoda,Diptera,Cecidomyiidae,Cecidomyiidae,NA,NA,TRUE,ASV5429,1,NA
edna0068,ASV34,motu31,Centropages abdominalis,Calanoid copepod,species,NA,1,1,1,NA,97,38,75,77,NA,114,Centropages abdominalis,Calanoid copepod,2018_kis2_surface,kis2,beach_seine,2018-07-15,2018-07-13,2018,surface,2,edna_kis2_15,surface,biological,13.9,31.13,8.12,13.7,31.09,8.14,4,1000,0,51.83670582,-128.2395558,cobble,n,50,sp,macroalgae,algae,macroalgae_cobble,algae_cobble,100,1.96163e-160,313,Metazoa,Arthropoda,Copepoda,Calanoida,Centropagidae,Centropages,0,0,TRUE,ASV34,19,Centropages abdominalis
edna0068,ASV143,motu128,Centropages abdominalis,Calanoid copepod,species,NA,1,NA,NA,NA,86,NA,NA,NA,NA,NA,Centropages abdominalis,Calanoid copepod,2018_kis2_surface,kis2,beach_seine,2018-07-15,2018-07-13,2018,surface,2,edna_kis2_15,surface,biological,13.9,31.13,8.12,13.7,31.09,8.14,4,1000,0,51.83670582,-128.2395558,cobble,n,50,sp,macroalgae,algae,macroalgae_cobble,algae_cobble,100,1.96163e-160,313,Metazoa,Arthropoda,Copepoda,Calanoida,Centropagidae,Centropages,0,0,TRUE,ASV143,11,Centropages abdominalis
edna0068,ASV258,motu228,Lensia,Siphonophore,genus,NA,1,NA,NA,NA,19,NA,NA,NA,NA,NA,Lensia,Siphonophore,2018_kis2_surface,kis2,beach_seine,2018-07-15,2018-07-13,2018,surface,2,edna_kis2_15,surface,biological,13.9,31.13,8.12,13.7,31.09,8.14,4,1000,0,51.83670582,-128.2395558,cobble,n,50,sp,macroalgae,algae,macroalgae_cobble,algae_cobble,100,0.00408744,30,Metazoa,Cnidaria,Cnidaria,Siphonophorae,Diphyidae,Lensia,0,0,TRUE,ASV258,1,NA
edna0068,ASV131,motu117,Lensia,Siphonophore,genus,NA,1,NA,1,NA,12,NA,13,7,NA,11,Lensia,Siphonophore,2018_kis2_surface,kis2,beach_seine,2018-07-15,2018-07-13,2018,surface,2,edna_kis2_15,surface,biological,13.9,31.13,8.12,13.7,31.09,8.14,4,1000,0,51.83670582,-128.2395558,cobble,n,50,sp,macroalgae,algae,macroalgae_cobble,algae_cobble,100,0.00408744,30,Metazoa,Cnidaria,Cnidaria,Siphonophorae,Diphyidae,Lensia,0,0,TRUE,ASV131,2,NA
edna0068,ASV343,motu303,Pseudocalanus mimus,Calanoid copepod,species,NA,1,NA,NA,NA,63,NA,NA,NA,NA,NA,Pseudocalanus mimus,Calanoid copepod,2018_kis2_surface,kis2,beach_seine,2018-07-15,2018-07-13,2018,surface,2,edna_kis2_15,surface,biological,13.9,31.13,8.12,13.7,31.09,8.14,4,1000,0,51.83670582,-128.2395558,cobble,n,50,sp,macroalgae,algae,macroalgae_cobble,algae_cobble,99.67,9.19139e-154,301,Metazoa,Arthropoda,Copepoda,Calanoida,Clausocalanidae,Pseudocalanus,0,0,TRUE,ASV343,11,Pseudocalanus mimus
edna0068,ASV251,motu105,Mesocentrotus franciscanus,Red sea urchin,species,NA,1,NA,1,NA,4,NA,NA,6,NA,NA,Mesocentrotus franciscanus,Red sea urchin,2018_kis2_surface,kis2,beach_seine,2018-07-15,2018-07-13,2018,surface,2,edna_kis2_15,surface,biological,13.9,31.13,8.12,13.7,31.09,8.14,4,1000,0,51.83670582,-128.2395558,cobble,n,50,sp,macroalgae,algae,macroalgae_cobble,algae_cobble,100,7.02982e-160,312,Metazoa,Echinodermata,Echinoidea,Camarodonta,Strongylocentrotidae,Mesocentrotus,0,0,TRUE,ASV118,8,Mesocentrotus franciscanus
edna0068,ASV307,motu118,Mesocentrotus franciscanus,Red sea urchin,species,NA,1,NA,NA,NA,6,NA,NA,NA,NA,NA,Mesocentrotus franciscanus,Red sea urchin,2018_kis2_surface,kis2,beach_seine,2018-07-15,2018-07-13,2018,surface,2,edna_kis2_15,surface,biological,13.9,31.13,8.12,13.7,31.09,8.14,4,1000,0,51.83670582,-128.2395558,cobble,n,50,sp,macroalgae,algae,macroalgae_cobble,algae_cobble,100,7.02982e-160,312,Metazoa,Echinodermata,Echinoidea,Camarodonta,Strongylocentrotidae,Mesocentrotus,0,0,TRUE,ASV132,8,Mesocentrotus franciscanus
edna0068,ASV171,motu150,Pseudocalanus mimus,Calanoid copepod,species,NA,1,1,1,NA,47,29,60,71,NA,73,Pseudocalanus mimus,Calanoid copepod,2018_kis2_surface,kis2,beach_seine,2018-07-15,2018-07-13,2018,surface,2,edna_kis2_15,surface,biological,13.9,31.13,8.12,13.7,31.09,8.14,4,1000,0,51.83670582,-128.2395558,cobble,n,50,sp,macroalgae,algae,macroalgae_cobble,algae_cobble,99.67,9.19139e-154,301,Metazoa,Arthropoda,Copepoda,Calanoida,Clausocalanidae,Pseudocalanus,0,0,TRUE,ASV171,10,Pseudocalanus mimus
edna0068,ASV595,motu522,Cecidomyiidae,Hexapod,genus,NA,1,NA,NA,NA,9,NA,NA,NA,NA,NA,Cecidomyiidae,Hexapod,2018_kis2_surface,kis2,beach_seine,2018-07-15,2018-07-13,2018,surface,2,edna_kis2_15,surface,biological,13.9,31.13,8.12,13.7,31.09,8.14,4,1000,0,51.83670582,-128.2395558,cobble,n,50,sp,macroalgae,algae,macroalgae_cobble,algae_cobble,100,0.00408744,30,Metazoa,Arthropoda,Arthropoda,Diptera,Cecidomyiidae,Cecidomyiidae,NA,NA,TRUE,ASV595,1,NA
edna0068,ASV616,motu537,Mitrocoma cellularia,Cross jelly,species,NA,1,NA,NA,NA,24,NA,NA,NA,NA,NA,Mitrocoma cellularia,Cross jelly,2018_kis2_surface,kis2,beach_seine,2018-07-15,2018-07-13,2018,surface,2,edna_kis2_15,surface,biological,13.9,31.13,8.12,13.7,31.09,8.14,4,1000,0,51.83670582,-128.2395558,cobble,n,50,sp,macroalgae,algae,macroalgae_cobble,algae_cobble,100,1.4886099999999998e-156,306,Metazoa,Cnidaria,Hydrozoa,Leptothecata,Mitrocomidae,Mitrocoma,0,0,TRUE,ASV616,6,Mitrocoma cellularia
edna0068,ASV352,motu311,Synchaeta vorax,Rotifer,species,NA,1,1,1,NA,22,6,21,19,NA,16,Synchaeta vorax,Rotifer,2018_kis2_surface,kis2,beach_seine,2018-07-15,2018-07-13,2018,surface,2,edna_kis2_15,surface,biological,13.9,31.13,8.12,13.7,31.09,8.14,4,1000,0,51.83670582,-128.2395558,cobble,n,50,sp,macroalgae,algae,macroalgae_cobble,algae_cobble,98.08,7.129989999999999e-150,294,Metazoa,Rotifera,Eurotatoria,Ploima,Synchaetidae,Synchaeta,0,0,TRUE,ASV352,4,Synchaeta vorax
edna0068,ASV346,motu306,Synchaeta vorax,Rotifer,species,NA,1,1,1,NA,35,14,7,22,NA,22,Synchaeta vorax,Rotifer,2018_kis2_surface,kis2,beach_seine,2018-07-15,2018-07-13,2018,surface,2,edna_kis2_15,surface,biological,13.9,31.13,8.12,13.7,31.09,8.14,4,1000,0,51.83670582,-128.2395558,cobble,n,50,sp,macroalgae,algae,macroalgae_cobble,algae_cobble,98.08,7.129989999999999e-150,294,Metazoa,Rotifera,Eurotatoria,Ploima,Synchaetidae,Synchaeta,0,0,TRUE,ASV346,5,Synchaeta vorax
edna0068,ASV916,motu796,Panopea generosa,Pacific geoduck,species,NA,1,NA,1,NA,90,NA,65,NA,NA,NA,Panopea generosa,Pacific geoduck,2018_kis2_surface,kis2,beach_seine,2018-07-15,2018-07-13,2018,surface,2,edna_kis2_15,surface,biological,13.9,31.13,8.12,13.7,31.09,8.14,4,1000,0,51.83670582,-128.2395558,cobble,n,50,sp,macroalgae,algae,macroalgae_cobble,algae_cobble,100,1.96163e-160,313,Metazoa,Mollusca,Bivalvia,Adapedonta,Hiatellidae,Panopea,0,0,TRUE,ASV916,4,Panopea generosa
edna0068,ASV1038,motu895,Clytia gregaria,Gregarious jellyfish,species,NA,1,NA,NA,NA,6,NA,NA,NA,NA,NA,Clytia gregaria,Gregarious jellyfish,2018_kis2_surface,kis2,beach_seine,2018-07-15,2018-07-13,2018,surface,2,edna_kis2_15,surface,biological,13.9,31.13,8.12,13.7,31.09,8.14,4,1000,0,51.83670582,-128.2395558,cobble,n,50,sp,macroalgae,algae,macroalgae_cobble,algae_cobble,99.68,9.126599999999999e-159,310,Metazoa,Cnidaria,Hydrozoa,Leptothecata,Campanulariidae,Clytia,0,0,TRUE,ASV1038,2,Clytia gregaria
edna0068,ASV1013,motu876,Orobdella,Freshwater leech,genus,NA,1,NA,NA,NA,6,NA,NA,NA,NA,NA,Orobdella,Freshwater leech,2018_kis2_surface,kis2,beach_seine,2018-07-15,2018-07-13,2018,surface,2,edna_kis2_15,surface,biological,13.9,31.13,8.12,13.7,31.09,8.14,4,1000,0,51.83670582,-128.2395558,cobble,n,50,sp,macroalgae,algae,macroalgae_cobble,algae_cobble,97.06,0.00121031,31,Metazoa,Annelida,Annelida,Erpobdelliformes,Orobdellidae,Orobdella,NA,NA,TRUE,ASV1013,1,NA
edna0068,ASV1289,motu1091,Chthamalus dalli,Little brown barnacle,species,NA,1,NA,NA,NA,186,NA,NA,NA,NA,NA,Chthamalus dalli,Little brown barnacle,2018_kis2_surface,kis2,beach_seine,2018-07-15,2018-07-13,2018,surface,2,edna_kis2_15,surface,biological,13.9,31.13,8.12,13.7,31.09,8.14,4,1000,0,51.83670582,-128.2395558,cobble,n,50,sp,macroalgae,algae,macroalgae_cobble,algae_cobble,99.34,5.31212e-151,296,Metazoa,Arthropoda,Thecostraca,Balanomorpha,Chthamalidae,Chthamalus,0,0,TRUE,ASV1289,3,Chthamalus dalli
edna0068,ASV647,motu560,Synchaeta triophthalma,Rotifer,species,NA,1,1,1,NA,21,10,11,12,NA,NA,Synchaeta triophthalma,Rotifer,2018_kis2_surface,kis2,beach_seine,2018-07-15,2018-07-13,2018,surface,2,edna_kis2_15,surface,biological,13.9,31.13,8.12,13.7,31.09,8.14,4,1000,0,51.83670582,-128.2395558,cobble,n,50,sp,macroalgae,algae,macroalgae_cobble,algae_cobble,91.99,3.511259999999999e-118,237,Metazoa,Rotifera,Eurotatoria,Ploima,Synchaetidae,Synchaeta,0,0,TRUE,ASV647,4,Synchaeta triophthalma
edna0068,ASV814,motu709,Chthamalus dalli,Little brown barnacle,species,NA,1,1,1,NA,170,71,129,157,NA,127,Chthamalus dalli,Little brown barnacle,2018_kis2_surface,kis2,beach_seine,2018-07-15,2018-07-13,2018,surface,2,edna_kis2_15,surface,biological,13.9,31.13,8.12,13.7,31.09,8.14,4,1000,0,51.83670582,-128.2395558,cobble,n,50,sp,macroalgae,algae,macroalgae_cobble,algae_cobble,99.34,5.31212e-151,296,Metazoa,Arthropoda,Thecostraca,Balanomorpha,Chthamalidae,Chthamalus,0,0,TRUE,ASV814,5,Chthamalus dalli
edna0068,ASV670,motu583,Synchaeta triophthalma,Rotifer,species,NA,1,1,NA,NA,15,11,NA,NA,NA,NA,Synchaeta triophthalma,Rotifer,2018_kis2_surface,kis2,beach_seine,2018-07-15,2018-07-13,2018,surface,2,edna_kis2_15,surface,biological,13.9,31.13,8.12,13.7,31.09,8.14,4,1000,0,51.83670582,-128.2395558,cobble,n,50,sp,macroalgae,algae,macroalgae_cobble,algae_cobble,91.99,3.511259999999999e-118,237,Metazoa,Rotifera,Eurotatoria,Ploima,Synchaetidae,Synchaeta,0,0,TRUE,ASV670,4,Synchaeta triophthalma
edna0068,ASV1059,motu911,Pleurobrachia bachei,Pacific sea gooseberry,species,NA,1,1,1,NA,12,5,NA,4,NA,12,Pleurobrachia bachei,Pacific sea gooseberry,2018_kis2_surface,kis2,beach_seine,2018-07-15,2018-07-13,2018,surface,2,edna_kis2_15,surface,biological,13.9,31.13,8.12,13.7,31.09,8.14,4,1000,0,51.83670582,-128.2395558,cobble,n,50,sp,macroalgae,algae,macroalgae_cobble,algae_cobble,100,1.96163e-160,313,Metazoa,Ctenophora,Tentaculata,Cydippida,Cydippidae,Pleurobrachia,0,0,TRUE,ASV1059,3,Pleurobrachia bachei
edna0068,ASV2061,motu1544,Panopea generosa,Pacific geoduck,species,NA,1,NA,NA,NA,75,NA,NA,NA,NA,NA,Panopea generosa,Pacific geoduck,2018_kis2_surface,kis2,beach_seine,2018-07-15,2018-07-13,2018,surface,2,edna_kis2_15,surface,biological,13.9,31.13,8.12,13.7,31.09,8.14,4,1000,0,51.83670582,-128.2395558,cobble,n,50,sp,macroalgae,algae,macroalgae_cobble,algae_cobble,100,1.96163e-160,313,Metazoa,Mollusca,Bivalvia,Adapedonta,Hiatellidae,Panopea,0,0,TRUE,ASV1853,3,Panopea generosa
edna0068,ASV1046,motu902,Arthropoda,Unknown arthropod,phylum,NA,1,NA,NA,NA,8,NA,NA,NA,NA,NA,Arthropoda,Unknown arthropod,2018_kis2_surface,kis2,beach_seine,2018-07-15,2018-07-13,2018,surface,2,edna_kis2_15,surface,biological,13.9,31.13,8.12,13.7,31.09,8.14,4,1000,0,51.83670582,-128.2395558,cobble,n,50,sp,macroalgae,algae,macroalgae_cobble,algae_cobble,94.87,8.78538e-5,33,Metazoa,Arthropoda,NA,NA,NA,NA,NA,NA,TRUE,ASV1046,4,NA
edna0068,ASV1070,motu922,Pleurobrachia bachei,Pacific sea gooseberry,species,NA,1,1,1,NA,4,3,10,8,NA,8,Pleurobrachia bachei,Pacific sea gooseberry,2018_kis2_surface,kis2,beach_seine,2018-07-15,2018-07-13,2018,surface,2,edna_kis2_15,surface,biological,13.9,31.13,8.12,13.7,31.09,8.14,4,1000,0,51.83670582,-128.2395558,cobble,n,50,sp,macroalgae,algae,macroalgae_cobble,algae_cobble,100,1.96163e-160,313,Metazoa,Ctenophora,Tentaculata,Cydippida,Cydippidae,Pleurobrachia,0,0,TRUE,ASV1070,7,Pleurobrachia bachei
edna0068,ASV2203,motu1819,Obelia dichotoma,Sea thread hydroid,species,NA,1,NA,NA,NA,22,NA,NA,NA,NA,NA,Obelia dichotoma,Sea thread hydroid,2018_kis2_surface,kis2,beach_seine,2018-07-15,2018-07-13,2018,surface,2,edna_kis2_15,surface,biological,13.9,31.13,8.12,13.7,31.09,8.14,4,1000,0,51.83670582,-128.2395558,cobble,n,50,sp,macroalgae,algae,macroalgae_cobble,algae_cobble,100,5.353989999999996e-156,305,Metazoa,Cnidaria,Hydrozoa,Leptothecata,Campanulariidae,Obelia,0,0,TRUE,ASV2203,1,Obelia dichotoma
edna0068,ASV1082,motu932,Obelia dichotoma,Sea thread hydroid,species,NA,1,1,1,NA,19,6,NA,10,NA,14,Obelia dichotoma,Sea thread hydroid,2018_kis2_surface,kis2,beach_seine,2018-07-15,2018-07-13,2018,surface,2,edna_kis2_15,surface,biological,13.9,31.13,8.12,13.7,31.09,8.14,4,1000,0,51.83670582,-128.2395558,cobble,n,50,sp,macroalgae,algae,macroalgae_cobble,algae_cobble,100,5.353989999999996e-156,305,Metazoa,Cnidaria,Hydrozoa,Leptothecata,Campanulariidae,Obelia,0,0,TRUE,ASV1082,1,Obelia dichotoma
edna0068,ASV1477,motu1247,Pollicipes polymerus,Gooseneck barnacle,species,NA,1,NA,1,NA,17,NA,NA,NA,NA,13,Pollicipes polymerus,Gooseneck barnacle,2018_kis2_surface,kis2,beach_seine,2018-07-15,2018-07-13,2018,surface,2,edna_kis2_15,surface,biological,13.9,31.13,8.12,13.7,31.09,8.14,4,1000,0,51.83670582,-128.2395558,cobble,n,50,sp,macroalgae,algae,macroalgae_cobble,algae_cobble,100,3.2351099999999996e-158,309,Metazoa,Arthropoda,Thecostraca,Pollicipedomorpha,Pollicipedidae,Pollicipes,0,0,TRUE,ASV1477,2,Pollicipes polymerus
edna0068,ASV1332,motu1125,Pollicipes polymerus,Gooseneck barnacle,species,NA,1,1,1,NA,18,9,8,15,NA,25,Pollicipes polymerus,Gooseneck barnacle,2018_kis2_surface,kis2,beach_seine,2018-07-15,2018-07-13,2018,surface,2,edna_kis2_15,surface,biological,13.9,31.13,8.12,13.7,31.09,8.14,4,1000,0,51.83670582,-128.2395558,cobble,n,50,sp,macroalgae,algae,macroalgae_cobble,algae_cobble,100,3.2351099999999996e-158,309,Metazoa,Arthropoda,Thecostraca,Pollicipedomorpha,Pollicipedidae,Pollicipes,0,0,TRUE,ASV1332,2,Pollicipes polymerus
edna0068,ASV2747,motu2223,Myxicola infundibulum,Feather duster worm,species,NA,1,NA,NA,NA,3,NA,NA,NA,NA,NA,Myxicola infundibulum,Feather duster worm,2018_kis2_surface,kis2,beach_seine,2018-07-15,2018-07-13,2018,surface,2,edna_kis2_15,surface,biological,13.9,31.13,8.12,13.7,31.09,8.14,4,1000,0,51.83670582,-128.2395558,cobble,n,50,sp,macroalgae,algae,macroalgae_cobble,algae_cobble,100,1.96163e-160,313,Metazoa,Annelida,Polychaeta,Sabellida,Sabellidae,Myxicola,0,0,TRUE,ASV2747,1,Myxicola infundibulum
edna0068,ASV3856,motu71,Acartia (Acartiura) longiremis,Calanoid copepod,species,NA,1,NA,NA,NA,63,NA,NA,NA,NA,NA,Acartia (Acartiura) longiremis,Calanoid copepod,2018_kis2_surface,kis2,beach_seine,2018-07-15,2018-07-13,2018,surface,2,edna_kis2_15,surface,biological,13.9,31.13,8.12,13.7,31.09,8.14,4,1000,0,51.83670582,-128.2395558,cobble,n,50,sp,macroalgae,algae,macroalgae_cobble,algae_cobble,99.68,9.126599999999999e-159,310,Metazoa,Arthropoda,Copepoda,Calanoida,Acartiidae,Acartia,0,0,TRUE,ASV81,23,Acartia (Acartiura) longiremis
edna0068,ASV2135,motu22,Acartia (Acartiura) longiremis,Calanoid copepod,species,NA,1,1,1,NA,57,31,69,51,NA,44,Acartia (Acartiura) longiremis,Calanoid copepod,2018_kis2_surface,kis2,beach_seine,2018-07-15,2018-07-13,2018,surface,2,edna_kis2_15,surface,biological,13.9,31.13,8.12,13.7,31.09,8.14,4,1000,0,51.83670582,-128.2395558,cobble,n,50,sp,macroalgae,algae,macroalgae_cobble,algae_cobble,99.68,9.126599999999999e-159,310,Metazoa,Arthropoda,Copepoda,Calanoida,Acartiidae,Acartia,0,0,TRUE,ASV25,27,Acartia (Acartiura) longiremis
edna0069,ASV25,motu22,Acartia (Acartiura) longiremis,Calanoid copepod,species,NA,1,1,1,NA,24,10,28,20,NA,28,Acartia (Acartiura) longiremis,Calanoid copepod,2018_kis2_surface,kis2,beach_seine,2018-07-15,2018-07-13,2018,surface,3,edna_kis2_30,surface,biological,14.3,31.16,8.12,13.7,31.1,8.12,3.5,1000,0,51.83669165,-128.239389,cobble,n,50,sp,macroalgae,algae,macroalgae_cobble,algae_cobble,100,1.96163e-160,313,Metazoa,Arthropoda,Copepoda,Calanoida,Acartiidae,Acartia,0,0,TRUE,ASV25,27,Acartia (Acartiura) longiremis
edna0069,ASV81,motu71,Acartia (Acartiura) longiremis,Calanoid copepod,species,NA,1,NA,NA,NA,30,NA,NA,NA,NA,NA,Acartia (Acartiura) longiremis,Calanoid copepod,2018_kis2_surface,kis2,beach_seine,2018-07-15,2018-07-13,2018,surface,3,edna_kis2_30,surface,biological,14.3,31.16,8.12,13.7,31.1,8.12,3.5,1000,0,51.83669165,-128.239389,cobble,n,50,sp,macroalgae,algae,macroalgae_cobble,algae_cobble,100,1.96163e-160,313,Metazoa,Arthropoda,Copepoda,Calanoida,Acartiidae,Acartia,0,0,TRUE,ASV81,23,Acartia (Acartiura) longiremis
edna0069,ASV34,motu31,Centropages abdominalis,Calanoid copepod,species,NA,1,1,1,NA,73,40,121,88,NA,109,Centropages abdominalis,Calanoid copepod,2018_kis2_surface,kis2,beach_seine,2018-07-15,2018-07-13,2018,surface,3,edna_kis2_30,surface,biological,14.3,31.16,8.12,13.7,31.1,8.12,3.5,1000,0,51.83669165,-128.239389,cobble,n,50,sp,macroalgae,algae,macroalgae_cobble,algae_cobble,100,1.96163e-160,313,Metazoa,Arthropoda,Copepoda,Calanoida,Centropagidae,Centropages,0,0,TRUE,ASV34,19,Centropages abdominalis
edna0069,ASV143,motu128,Centropages abdominalis,Calanoid copepod,species,NA,1,NA,NA,NA,83,NA,NA,NA,NA,NA,Centropages abdominalis,Calanoid copepod,2018_kis2_surface,kis2,beach_seine,2018-07-15,2018-07-13,2018,surface,3,edna_kis2_30,surface,biological,14.3,31.16,8.12,13.7,31.1,8.12,3.5,1000,0,51.83669165,-128.239389,cobble,n,50,sp,macroalgae,algae,macroalgae_cobble,algae_cobble,100,1.96163e-160,313,Metazoa,Arthropoda,Copepoda,Calanoida,Centropagidae,Centropages,0,0,TRUE,ASV143,11,Centropages abdominalis
edna0069,ASV258,motu228,Lensia,Siphonophore,genus,NA,1,NA,NA,NA,5,NA,NA,NA,NA,NA,Lensia,Siphonophore,2018_kis2_surface,kis2,beach_seine,2018-07-15,2018-07-13,2018,surface,3,edna_kis2_30,surface,biological,14.3,31.16,8.12,13.7,31.1,8.12,3.5,1000,0,51.83669165,-128.239389,cobble,n,50,sp,macroalgae,algae,macroalgae_cobble,algae_cobble,100,0.00408744,30,Metazoa,Cnidaria,Cnidaria,Siphonophorae,Diphyidae,Lensia,0,0,TRUE,ASV258,1,NA
edna0069,ASV131,motu117,Lensia,Siphonophore,genus,NA,1,NA,1,NA,13,NA,14,NA,NA,NA,Lensia,Siphonophore,2018_kis2_surface,kis2,beach_seine,2018-07-15,2018-07-13,2018,surface,3,edna_kis2_30,surface,biological,14.3,31.16,8.12,13.7,31.1,8.12,3.5,1000,0,51.83669165,-128.239389,cobble,n,50,sp,macroalgae,algae,macroalgae_cobble,algae_cobble,100,0.00408744,30,Metazoa,Cnidaria,Cnidaria,Siphonophorae,Diphyidae,Lensia,0,0,TRUE,ASV131,2,NA
edna0069,ASV171,motu150,Pseudocalanus mimus,Calanoid copepod,species,NA,1,1,1,NA,56,31,115,56,NA,NA,Pseudocalanus mimus,Calanoid copepod,2018_kis2_surface,kis2,beach_seine,2018-07-15,2018-07-13,2018,surface,3,edna_kis2_30,surface,biological,14.3,31.16,8.12,13.7,31.1,8.12,3.5,1000,0,51.83669165,-128.239389,cobble,n,50,sp,macroalgae,algae,macroalgae_cobble,algae_cobble,99.67,9.19139e-154,301,Metazoa,Arthropoda,Copepoda,Calanoida,Clausocalanidae,Pseudocalanus,0,0,TRUE,ASV171,10,Pseudocalanus mimus
edna0069,ASV354,motu313,Mitrocoma cellularia,Cross jelly,species,NA,1,1,1,NA,23,10,NA,19,NA,18,Mitrocoma cellularia,Cross jelly,2018_kis2_surface,kis2,beach_seine,2018-07-15,2018-07-13,2018,surface,3,edna_kis2_30,surface,biological,14.3,31.16,8.12,13.7,31.1,8.12,3.5,1000,0,51.83669165,-128.239389,cobble,n,50,sp,macroalgae,algae,macroalgae_cobble,algae_cobble,100,1.4886099999999998e-156,306,Metazoa,Cnidaria,Hydrozoa,Leptothecata,Mitrocomidae,Mitrocoma,0,0,TRUE,ASV354,2,Mitrocoma cellularia
edna0069,ASV616,motu537,Mitrocoma cellularia,Cross jelly,species,NA,1,NA,NA,NA,15,NA,NA,NA,NA,NA,Mitrocoma cellularia,Cross jelly,2018_kis2_surface,kis2,beach_seine,2018-07-15,2018-07-13,2018,surface,3,edna_kis2_30,surface,biological,14.3,31.16,8.12,13.7,31.1,8.12,3.5,1000,0,51.83669165,-128.239389,cobble,n,50,sp,macroalgae,algae,macroalgae_cobble,algae_cobble,100,1.4886099999999998e-156,306,Metazoa,Cnidaria,Hydrozoa,Leptothecata,Mitrocomidae,Mitrocoma,0,0,TRUE,ASV616,6,Mitrocoma cellularia
edna0069,ASV834,motu128,Centropages abdominalis,Calanoid copepod,species,NA,1,NA,NA,NA,95,NA,NA,NA,NA,NA,Centropages abdominalis,Calanoid copepod,2018_kis2_surface,kis2,beach_seine,2018-07-15,2018-07-13,2018,surface,3,edna_kis2_30,surface,biological,14.3,31.16,8.12,13.7,31.1,8.12,3.5,1000,0,51.83669165,-128.239389,cobble,n,50,sp,macroalgae,algae,macroalgae_cobble,algae_cobble,99.68,9.126599999999999e-159,310,Metazoa,Arthropoda,Copepoda,Calanoida,Centropagidae,Centropages,0,0,TRUE,ASV143,11,Centropages abdominalis
edna0069,ASV365,motu31,Centropages abdominalis,Calanoid copepod,species,NA,1,1,1,NA,98,57,176,102,NA,135,Centropages abdominalis,Calanoid copepod,2018_kis2_surface,kis2,beach_seine,2018-07-15,2018-07-13,2018,surface,3,edna_kis2_30,surface,biological,14.3,31.16,8.12,13.7,31.1,8.12,3.5,1000,0,51.83669165,-128.239389,cobble,n,50,sp,macroalgae,algae,macroalgae_cobble,algae_cobble,99.68,9.126599999999999e-159,310,Metazoa,Arthropoda,Copepoda,Calanoida,Centropagidae,Centropages,0,0,TRUE,ASV34,19,Centropages abdominalis
edna0069,ASV916,motu796,Panopea generosa,Pacific geoduck,species,NA,1,NA,NA,NA,42,NA,NA,NA,NA,NA,Panopea generosa,Pacific geoduck,2018_kis2_surface,kis2,beach_seine,2018-07-15,2018-07-13,2018,surface,3,edna_kis2_30,surface,biological,14.3,31.16,8.12,13.7,31.1,8.12,3.5,1000,0,51.83669165,-128.239389,cobble,n,50,sp,macroalgae,algae,macroalgae_cobble,algae_cobble,100,1.96163e-160,313,Metazoa,Mollusca,Bivalvia,Adapedonta,Hiatellidae,Panopea,0,0,TRUE,ASV916,4,Panopea generosa
edna0069,ASV498,motu441,Clytia gregaria,Gregarious jellyfish,species,NA,1,NA,NA,NA,11,NA,NA,NA,NA,NA,Clytia gregaria,Gregarious jellyfish,2018_kis2_surface,kis2,beach_seine,2018-07-15,2018-07-13,2018,surface,3,edna_kis2_30,surface,biological,14.3,31.16,8.12,13.7,31.1,8.12,3.5,1000,0,51.83669165,-128.239389,cobble,n,50,sp,macroalgae,algae,macroalgae_cobble,algae_cobble,99.68,9.126599999999999e-159,310,Metazoa,Cnidaria,Hydrozoa,Leptothecata,Campanulariidae,Clytia,0,0,TRUE,ASV498,2,Clytia gregaria
edna0069,ASV1475,motu1246,Cyanea,Lions mane jellyfish species,genus,NA,1,NA,NA,NA,4,NA,NA,NA,NA,NA,Cyanea,Lions mane jellyfish species,2018_kis2_surface,kis2,beach_seine,2018-07-15,2018-07-13,2018,surface,3,edna_kis2_30,surface,biological,14.3,31.16,8.12,13.7,31.1,8.12,3.5,1000,0,51.83669165,-128.239389,cobble,n,50,sp,macroalgae,algae,macroalgae_cobble,algae_cobble,100,3.2351099999999996e-158,309,Metazoa,Cnidaria,Scyphozoa,Semaeostomeae,Cyaneidae,Cyanea,0,0,TRUE,ASV1475,2,NA
edna0069,ASV2203,motu1819,Obelia dichotoma,Sea thread hydroid,species,NA,1,NA,NA,NA,40,NA,NA,NA,NA,NA,Obelia dichotoma,Sea thread hydroid,2018_kis2_surface,kis2,beach_seine,2018-07-15,2018-07-13,2018,surface,3,edna_kis2_30,surface,biological,14.3,31.16,8.12,13.7,31.1,8.12,3.5,1000,0,51.83669165,-128.239389,cobble,n,50,sp,macroalgae,algae,macroalgae_cobble,algae_cobble,100,5.353989999999996e-156,305,Metazoa,Cnidaria,Hydrozoa,Leptothecata,Campanulariidae,Obelia,0,0,TRUE,ASV2203,1,Obelia dichotoma
edna0069,ASV1082,motu932,Obelia dichotoma,Sea thread hydroid,species,NA,1,1,1,NA,32,18,34,15,NA,39,Obelia dichotoma,Sea thread hydroid,2018_kis2_surface,kis2,beach_seine,2018-07-15,2018-07-13,2018,surface,3,edna_kis2_30,surface,biological,14.3,31.16,8.12,13.7,31.1,8.12,3.5,1000,0,51.83669165,-128.239389,cobble,n,50,sp,macroalgae,algae,macroalgae_cobble,algae_cobble,100,5.353989999999996e-156,305,Metazoa,Cnidaria,Hydrozoa,Leptothecata,Campanulariidae,Obelia,0,0,TRUE,ASV1082,1,Obelia dichotoma
edna0069,ASV1477,motu1247,Pollicipes polymerus,Gooseneck barnacle,species,NA,1,1,1,NA,23,14,NA,NA,NA,20,Pollicipes polymerus,Gooseneck barnacle,2018_kis2_surface,kis2,beach_seine,2018-07-15,2018-07-13,2018,surface,3,edna_kis2_30,surface,biological,14.3,31.16,8.12,13.7,31.1,8.12,3.5,1000,0,51.83669165,-128.239389,cobble,n,50,sp,macroalgae,algae,macroalgae_cobble,algae_cobble,100,3.2351099999999996e-158,309,Metazoa,Arthropoda,Thecostraca,Pollicipedomorpha,Pollicipedidae,Pollicipes,0,0,TRUE,ASV1477,2,Pollicipes polymerus
edna0069,ASV2570,motu303,Pseudocalanus mimus,Calanoid copepod,species,NA,1,NA,NA,NA,72,NA,NA,NA,NA,NA,Pseudocalanus mimus,Calanoid copepod,2018_kis2_surface,kis2,beach_seine,2018-07-15,2018-07-13,2018,surface,3,edna_kis2_30,surface,biological,14.3,31.16,8.12,13.7,31.1,8.12,3.5,1000,0,51.83669165,-128.239389,cobble,n,50,sp,macroalgae,algae,macroalgae_cobble,algae_cobble,100,4.27634e-152,298,Metazoa,Arthropoda,Copepoda,Calanoida,Clausocalanidae,Pseudocalanus,0,0,TRUE,ASV343,11,Pseudocalanus mimus
edna0069,ASV1917,motu1595,Arthropoda,Unknown arthropod,phylum,NA,1,NA,NA,NA,12,NA,NA,NA,NA,NA,Arthropoda,Unknown arthropod,2018_kis2_surface,kis2,beach_seine,2018-07-15,2018-07-13,2018,surface,3,edna_kis2_30,surface,biological,14.3,31.16,8.12,13.7,31.1,8.12,3.5,1000,0,51.83669165,-128.239389,cobble,n,50,sp,macroalgae,algae,macroalgae_cobble,algae_cobble,95,2.34566e-5,34,Metazoa,Arthropoda,NA,NA,NA,NA,NA,NA,TRUE,ASV1917,1,NA
edna0069,ASV1332,motu1125,Pollicipes polymerus,Gooseneck barnacle,species,NA,1,1,1,NA,23,6,22,12,NA,24,Pollicipes polymerus,Gooseneck barnacle,2018_kis2_surface,kis2,beach_seine,2018-07-15,2018-07-13,2018,surface,3,edna_kis2_30,surface,biological,14.3,31.16,8.12,13.7,31.1,8.12,3.5,1000,0,51.83669165,-128.239389,cobble,n,50,sp,macroalgae,algae,macroalgae_cobble,algae_cobble,100,3.2351099999999996e-158,309,Metazoa,Arthropoda,Thecostraca,Pollicipedomorpha,Pollicipedidae,Pollicipes,0,0,TRUE,ASV1332,2,Pollicipes polymerus
edna0069,ASV3146,motu2524,Paracalanus,Calanoid copepod,genus,NA,1,NA,NA,NA,15,NA,NA,NA,NA,NA,Paracalanus,Calanoid copepod,2018_kis2_surface,kis2,beach_seine,2018-07-15,2018-07-13,2018,surface,3,edna_kis2_30,surface,biological,14.3,31.16,8.12,13.7,31.1,8.12,3.5,1000,0,51.83669165,-128.239389,cobble,n,50,sp,macroalgae,algae,macroalgae_cobble,algae_cobble,99.34,1.9105799999999988e-150,295,Metazoa,Arthropoda,Copepoda,Calanoida,Paracalanidae,Paracalanus,0,0,TRUE,ASV3146,1,NA
edna0069,ASV2172,motu1790,Paracalanus,Calanoid copepod,genus,NA,1,1,1,NA,20,7,8,9,NA,12,Paracalanus,Calanoid copepod,2018_kis2_surface,kis2,beach_seine,2018-07-15,2018-07-13,2018,surface,3,edna_kis2_30,surface,biological,14.3,31.16,8.12,13.7,31.1,8.12,3.5,1000,0,51.83669165,-128.239389,cobble,n,50,sp,macroalgae,algae,macroalgae_cobble,algae_cobble,99.34,1.9105799999999988e-150,295,Metazoa,Arthropoda,Copepoda,Calanoida,Paracalanidae,Paracalanus,0,0,TRUE,ASV2172,1,NA
edna0069,ASV2472,motu2014,Ergasilida,Cyclopoid copepod,order,NA,1,NA,NA,NA,8,NA,NA,NA,NA,NA,Ergasilida,Cyclopoid copepod,2018_kis2_surface,kis2,beach_seine,2018-07-15,2018-07-13,2018,surface,3,edna_kis2_30,surface,biological,14.3,31.16,8.12,13.7,31.1,8.12,3.5,1000,0,51.83669165,-128.239389,cobble,n,50,sp,macroalgae,algae,macroalgae_cobble,algae_cobble,100,2.51921e-159,311,Metazoa,Arthropoda,Copepoda,Cyclopoida,NA,NA,0,0,FALSE,ASV2472,1,NA
edna0069,ASV5910,motu4544,Maculaura oregonensis,Ribbon worm,species,NA,1,NA,NA,NA,17,NA,NA,NA,NA,NA,Maculaura oregonensis,Ribbon worm,2018_kis2_surface,kis2,beach_seine,2018-07-15,2018-07-13,2018,surface,3,edna_kis2_30,surface,biological,14.3,31.16,8.12,13.7,31.1,8.12,3.5,1000,0,51.83669165,-128.239389,cobble,n,50,sp,macroalgae,algae,macroalgae_cobble,algae_cobble,100,3.2351099999999996e-158,309,Metazoa,Nemertea,Pilidiophora,Heteronemertea,Lineidae,Maculaura,0,0,TRUE,ASV5910,1,Maculaura oregonensis
edna0069,ASV2951,motu2380,Ergasilida,Cyclopoid copepod,order,NA,1,NA,NA,NA,9,NA,NA,NA,NA,NA,Ergasilida,Cyclopoid copepod,2018_kis2_surface,kis2,beach_seine,2018-07-15,2018-07-13,2018,surface,3,edna_kis2_30,surface,biological,14.3,31.16,8.12,13.7,31.1,8.12,3.5,1000,0,51.83669165,-128.239389,cobble,n,50,sp,macroalgae,algae,macroalgae_cobble,algae_cobble,100,2.51921e-159,311,Metazoa,Arthropoda,Copepoda,Cyclopoida,NA,NA,0,0,FALSE,ASV2951,1,NA
edna0069,ASV6233,motu4807,Antheraea,Hexapod,genus,NA,1,NA,NA,NA,7,NA,NA,NA,NA,NA,Antheraea,Hexapod,2018_kis2_surface,kis2,beach_seine,2018-07-15,2018-07-13,2018,surface,3,edna_kis2_30,surface,biological,14.3,31.16,8.12,13.7,31.1,8.12,3.5,1000,0,51.83669165,-128.239389,cobble,n,50,sp,macroalgae,algae,macroalgae_cobble,algae_cobble,96,6.87942e-11,44,Metazoa,Arthropoda,Arthropoda,Lepidoptera,Bombycoidea,Antheraea,NA,NA,TRUE,ASV6233,1,NA
edna0070,ASV25,motu22,Acartia (Acartiura) longiremis,Calanoid copepod,species,NA,1,1,1,NA,186,48,248,157,NA,176,Acartia (Acartiura) longiremis,Calanoid copepod,2018_kis1_surface,kis1,beach_seine,2018-07-15,2018-07-13,2018,surface,1,edna_kis1_00,surface,biological,13.8,30.95,8.14,13.4,31.07,8.11,4.5,1000,0,51.81104261,-128.2291784,sand,n,25,sp,seagrass,zostera,seagrass_sand,zostera_sand,100,1.96163e-160,313,Metazoa,Arthropoda,Copepoda,Calanoida,Acartiidae,Acartia,0,0,TRUE,ASV25,27,Acartia (Acartiura) longiremis
edna0070,ASV81,motu71,Acartia (Acartiura) longiremis,Calanoid copepod,species,NA,1,NA,NA,NA,182,NA,NA,NA,NA,NA,Acartia (Acartiura) longiremis,Calanoid copepod,2018_kis1_surface,kis1,beach_seine,2018-07-15,2018-07-13,2018,surface,1,edna_kis1_00,surface,biological,13.8,30.95,8.14,13.4,31.07,8.11,4.5,1000,0,51.81104261,-128.2291784,sand,n,25,sp,seagrass,zostera,seagrass_sand,zostera_sand,100,1.96163e-160,313,Metazoa,Arthropoda,Copepoda,Calanoida,Acartiidae,Acartia,0,0,TRUE,ASV81,23,Acartia (Acartiura) longiremis
edna0070,ASV34,motu31,Centropages abdominalis,Calanoid copepod,species,NA,1,1,1,NA,36,19,33,27,NA,18,Centropages abdominalis,Calanoid copepod,2018_kis1_surface,kis1,beach_seine,2018-07-15,2018-07-13,2018,surface,1,edna_kis1_00,surface,biological,13.8,30.95,8.14,13.4,31.07,8.11,4.5,1000,0,51.81104261,-128.2291784,sand,n,25,sp,seagrass,zostera,seagrass_sand,zostera_sand,100,1.96163e-160,313,Metazoa,Arthropoda,Copepoda,Calanoida,Centropagidae,Centropages,0,0,TRUE,ASV34,19,Centropages abdominalis
edna0070,ASV143,motu128,Centropages abdominalis,Calanoid copepod,species,NA,1,NA,NA,NA,36,NA,NA,NA,NA,NA,Centropages abdominalis,Calanoid copepod,2018_kis1_surface,kis1,beach_seine,2018-07-15,2018-07-13,2018,surface,1,edna_kis1_00,surface,biological,13.8,30.95,8.14,13.4,31.07,8.11,4.5,1000,0,51.81104261,-128.2291784,sand,n,25,sp,seagrass,zostera,seagrass_sand,zostera_sand,100,1.96163e-160,313,Metazoa,Arthropoda,Copepoda,Calanoida,Centropagidae,Centropages,0,0,TRUE,ASV143,11,Centropages abdominalis
edna0070,ASV258,motu228,Lensia,Siphonophore,genus,NA,1,NA,NA,NA,10,NA,NA,NA,NA,NA,Lensia,Siphonophore,2018_kis1_surface,kis1,beach_seine,2018-07-15,2018-07-13,2018,surface,1,edna_kis1_00,surface,biological,13.8,30.95,8.14,13.4,31.07,8.11,4.5,1000,0,51.81104261,-128.2291784,sand,n,25,sp,seagrass,zostera,seagrass_sand,zostera_sand,100,0.00408744,30,Metazoa,Cnidaria,Cnidaria,Siphonophorae,Diphyidae,Lensia,0,0,TRUE,ASV258,1,NA
edna0070,ASV131,motu117,Lensia,Siphonophore,genus,NA,1,1,1,NA,10,6,10,9,NA,13,Lensia,Siphonophore,2018_kis1_surface,kis1,beach_seine,2018-07-15,2018-07-13,2018,surface,1,edna_kis1_00,surface,biological,13.8,30.95,8.14,13.4,31.07,8.11,4.5,1000,0,51.81104261,-128.2291784,sand,n,25,sp,seagrass,zostera,seagrass_sand,zostera_sand,100,0.00408744,30,Metazoa,Cnidaria,Cnidaria,Siphonophorae,Diphyidae,Lensia,0,0,TRUE,ASV131,2,NA
edna0070,ASV343,motu303,Pseudocalanus mimus,Calanoid copepod,species,NA,1,NA,NA,NA,52,NA,NA,NA,NA,NA,Pseudocalanus mimus,Calanoid copepod,2018_kis1_surface,kis1,beach_seine,2018-07-15,2018-07-13,2018,surface,1,edna_kis1_00,surface,biological,13.8,30.95,8.14,13.4,31.07,8.11,4.5,1000,0,51.81104261,-128.2291784,sand,n,25,sp,seagrass,zostera,seagrass_sand,zostera_sand,99.67,9.19139e-154,301,Metazoa,Arthropoda,Copepoda,Calanoida,Clausocalanidae,Pseudocalanus,0,0,TRUE,ASV343,11,Pseudocalanus mimus
edna0070,ASV171,motu150,Pseudocalanus mimus,Calanoid copepod,species,NA,1,NA,NA,NA,49,NA,NA,NA,NA,NA,Pseudocalanus mimus,Calanoid copepod,2018_kis1_surface,kis1,beach_seine,2018-07-15,2018-07-13,2018,surface,1,edna_kis1_00,surface,biological,13.8,30.95,8.14,13.4,31.07,8.11,4.5,1000,0,51.81104261,-128.2291784,sand,n,25,sp,seagrass,zostera,seagrass_sand,zostera_sand,99.67,9.19139e-154,301,Metazoa,Arthropoda,Copepoda,Calanoida,Clausocalanidae,Pseudocalanus,0,0,TRUE,ASV171,10,Pseudocalanus mimus
edna0070,ASV233,motu74,Euchlanidae,Rotifer,family,NA,1,NA,NA,NA,28,NA,NA,NA,NA,NA,No Results,No Results,2018_kis1_surface,kis1,beach_seine,2018-07-15,2018-07-13,2018,surface,1,edna_kis1_00,surface,biological,13.8,30.95,8.14,13.4,31.07,8.11,4.5,1000,0,51.81104261,-128.2291784,sand,n,25,sp,seagrass,zostera,seagrass_sand,zostera_sand,91.35,3.005919999999998e-29,77,Metazoa,Rotifera,Rotifera,Ploima,Euchlanidae,NA,1,NA,TRUE,ASV84,2,NA
edna0070,ASV416,motu366,Pseudocalanus mimus,Calanoid copepod,species,NA,1,NA,NA,NA,258,NA,NA,NA,NA,NA,Pseudocalanus mimus,Calanoid copepod,2018_kis1_surface,kis1,beach_seine,2018-07-15,2018-07-13,2018,surface,1,edna_kis1_00,surface,biological,13.8,30.95,8.14,13.4,31.07,8.11,4.5,1000,0,51.81104261,-128.2291784,sand,n,25,sp,seagrass,zostera,seagrass_sand,zostera_sand,100,1.18898e-152,299,Metazoa,Arthropoda,Copepoda,Calanoida,Clausocalanidae,Pseudocalanus,0,0,TRUE,ASV416,7,Pseudocalanus mimus
edna0070,ASV205,motu181,Pseudocalanus mimus,Calanoid copepod,species,NA,1,1,1,NA,238,135,99,103,NA,93,Pseudocalanus mimus,Calanoid copepod,2018_kis1_surface,kis1,beach_seine,2018-07-15,2018-07-13,2018,surface,1,edna_kis1_00,surface,biological,13.8,30.95,8.14,13.4,31.07,8.11,4.5,1000,0,51.81104261,-128.2291784,sand,n,25,sp,seagrass,zostera,seagrass_sand,zostera_sand,100,1.18898e-152,299,Metazoa,Arthropoda,Copepoda,Calanoida,Clausocalanidae,Pseudocalanus,0,0,TRUE,ASV205,8,Pseudocalanus mimus
edna0070,ASV270,motu199,Mytilus,Mussel species,genus,NA,1,NA,1,NA,5,NA,NA,5,NA,NA,Mytilus trossulus,Bay mussel,2018_kis1_surface,kis1,beach_seine,2018-07-15,2018-07-13,2018,surface,1,edna_kis1_00,surface,biological,13.8,30.95,8.14,13.4,31.07,8.11,4.5,1000,0,51.81104261,-128.2291784,sand,n,25,sp,seagrass,zostera,seagrass_sand,zostera_sand,100,3.2351099999999996e-158,309,Metazoa,Mollusca,Mollusca,Mytilida,Mytilidae,Mytilus,0,0,TRUE,ASV226,18,NA
edna0070,ASV280,motu190,Mytilus,Mussel species,genus,NA,1,NA,1,NA,10,NA,NA,3,NA,NA,Mytilus trossulus,Bay mussel,2018_kis1_surface,kis1,beach_seine,2018-07-15,2018-07-13,2018,surface,1,edna_kis1_00,surface,biological,13.8,30.95,8.14,13.4,31.07,8.11,4.5,1000,0,51.81104261,-128.2291784,sand,n,25,sp,seagrass,zostera,seagrass_sand,zostera_sand,100,3.2351099999999996e-158,309,Metazoa,Mollusca,Mollusca,Mytilida,Mytilidae,Mytilus,0,0,TRUE,ASV216,23,NA
edna0070,ASV580,motu150,Pseudocalanus mimus,Calanoid copepod,species,NA,1,1,NA,NA,60,28,NA,NA,NA,NA,Pseudocalanus mimus,Calanoid copepod,2018_kis1_surface,kis1,beach_seine,2018-07-15,2018-07-13,2018,surface,1,edna_kis1_00,surface,biological,13.8,30.95,8.14,13.4,31.07,8.11,4.5,1000,0,51.81104261,-128.2291784,sand,n,25,sp,seagrass,zostera,seagrass_sand,zostera_sand,99.67,9.19139e-154,301,Metazoa,Arthropoda,Copepoda,Calanoida,Clausocalanidae,Pseudocalanus,0,0,TRUE,ASV171,10,Pseudocalanus mimus
edna0070,ASV595,motu522,Cecidomyiidae,Hexapod,genus,NA,1,NA,NA,NA,18,NA,NA,NA,NA,NA,Cecidomyiidae,Hexapod,2018_kis1_surface,kis1,beach_seine,2018-07-15,2018-07-13,2018,surface,1,edna_kis1_00,surface,biological,13.8,30.95,8.14,13.4,31.07,8.11,4.5,1000,0,51.81104261,-128.2291784,sand,n,25,sp,seagrass,zostera,seagrass_sand,zostera_sand,100,0.00408744,30,Metazoa,Arthropoda,Arthropoda,Diptera,Cecidomyiidae,Cecidomyiidae,NA,NA,TRUE,ASV595,1,NA
edna0070,ASV232,motu204,Cecidomyiidae,Hexapod,genus,NA,1,1,1,NA,11,6,NA,5,NA,NA,Cecidomyiidae,Hexapod,2018_kis1_surface,kis1,beach_seine,2018-07-15,2018-07-13,2018,surface,1,edna_kis1_00,surface,biological,13.8,30.95,8.14,13.4,31.07,8.11,4.5,1000,0,51.81104261,-128.2291784,sand,n,25,sp,seagrass,zostera,seagrass_sand,zostera_sand,100,0.00408744,30,Metazoa,Arthropoda,Arthropoda,Diptera,Cecidomyiidae,Cecidomyiidae,NA,NA,TRUE,ASV232,1,NA
edna0070,ASV354,motu313,Mitrocoma cellularia,Cross jelly,species,NA,1,1,NA,NA,11,7,NA,NA,NA,NA,Mitrocoma cellularia,Cross jelly,2018_kis1_surface,kis1,beach_seine,2018-07-15,2018-07-13,2018,surface,1,edna_kis1_00,surface,biological,13.8,30.95,8.14,13.4,31.07,8.11,4.5,1000,0,51.81104261,-128.2291784,sand,n,25,sp,seagrass,zostera,seagrass_sand,zostera_sand,100,1.4886099999999998e-156,306,Metazoa,Cnidaria,Hydrozoa,Leptothecata,Mitrocomidae,Mitrocoma,0,0,TRUE,ASV354,2,Mitrocoma cellularia
edna0070,ASV616,motu537,Mitrocoma cellularia,Cross jelly,species,NA,1,NA,NA,NA,19,NA,NA,NA,NA,NA,Mitrocoma cellularia,Cross jelly,2018_kis1_surface,kis1,beach_seine,2018-07-15,2018-07-13,2018,surface,1,edna_kis1_00,surface,biological,13.8,30.95,8.14,13.4,31.07,8.11,4.5,1000,0,51.81104261,-128.2291784,sand,n,25,sp,seagrass,zostera,seagrass_sand,zostera_sand,100,1.4886099999999998e-156,306,Metazoa,Cnidaria,Hydrozoa,Leptothecata,Mitrocomidae,Mitrocoma,0,0,TRUE,ASV616,6,Mitrocoma cellularia
edna0070,ASV739,motu643,Pseudocalanus mimus,Calanoid copepod,species,NA,1,NA,NA,NA,143,NA,NA,NA,NA,NA,Pseudocalanus mimus,Calanoid copepod,2018_kis1_surface,kis1,beach_seine,2018-07-15,2018-07-13,2018,surface,1,edna_kis1_00,surface,biological,13.8,30.95,8.14,13.4,31.07,8.11,4.5,1000,0,51.81104261,-128.2291784,sand,n,25,sp,seagrass,zostera,seagrass_sand,zostera_sand,99.67,9.19139e-154,301,Metazoa,Arthropoda,Copepoda,Calanoida,Clausocalanidae,Pseudocalanus,0,0,TRUE,ASV739,3,Pseudocalanus mimus
edna0070,ASV352,motu311,Synchaeta vorax,Rotifer,species,NA,1,NA,1,NA,10,NA,NA,8,NA,NA,Synchaeta vorax,Rotifer,2018_kis1_surface,kis1,beach_seine,2018-07-15,2018-07-13,2018,surface,1,edna_kis1_00,surface,biological,13.8,30.95,8.14,13.4,31.07,8.11,4.5,1000,0,51.81104261,-128.2291784,sand,n,25,sp,seagrass,zostera,seagrass_sand,zostera_sand,98.08,7.129989999999999e-150,294,Metazoa,Rotifera,Eurotatoria,Ploima,Synchaetidae,Synchaeta,0,0,TRUE,ASV352,4,Synchaeta vorax
edna0070,ASV760,motu394,Balanus glandula,Acorn barnacle,species,NA,1,NA,NA,NA,114,NA,NA,NA,NA,NA,Balanus glandula,Acorn barnacle,2018_kis1_surface,kis1,beach_seine,2018-07-15,2018-07-13,2018,surface,1,edna_kis1_00,surface,biological,13.8,30.95,8.14,13.4,31.07,8.11,4.5,1000,0,51.81104261,-128.2291784,sand,n,25,sp,seagrass,zostera,seagrass_sand,zostera_sand,99.68,1.5051499999999994e-156,306,Metazoa,Arthropoda,Thecostraca,Balanomorpha,Balanidae,Balanus,0,0,TRUE,ASV447,12,Balanus glandula
edna0070,ASV417,motu213,Balanus glandula,Acorn barnacle,species,NA,1,NA,1,NA,113,NA,68,65,NA,66,Balanus glandula,Acorn barnacle,2018_kis1_surface,kis1,beach_seine,2018-07-15,2018-07-13,2018,surface,1,edna_kis1_00,surface,biological,13.8,30.95,8.14,13.4,31.07,8.11,4.5,1000,0,51.81104261,-128.2291784,sand,n,25,sp,seagrass,zostera,seagrass_sand,zostera_sand,99.68,1.5051499999999994e-156,306,Metazoa,Arthropoda,Thecostraca,Balanomorpha,Balanidae,Balanus,0,0,TRUE,ASV242,15,Balanus glandula
edna0070,ASV435,motu383,Pseudocalanus mimus,Calanoid copepod,species,NA,1,1,1,NA,133,62,54,NA,NA,75,Pseudocalanus mimus,Calanoid copepod,2018_kis1_surface,kis1,beach_seine,2018-07-15,2018-07-13,2018,surface,1,edna_kis1_00,surface,biological,13.8,30.95,8.14,13.4,31.07,8.11,4.5,1000,0,51.81104261,-128.2291784,sand,n,25,sp,seagrass,zostera,seagrass_sand,zostera_sand,99.67,9.19139e-154,301,Metazoa,Arthropoda,Copepoda,Calanoida,Clausocalanidae,Pseudocalanus,0,0,TRUE,ASV435,4,Pseudocalanus mimus
edna0070,ASV346,motu306,Synchaeta vorax,Rotifer,species,NA,1,NA,1,NA,7,NA,NA,5,NA,NA,Synchaeta vorax,Rotifer,2018_kis1_surface,kis1,beach_seine,2018-07-15,2018-07-13,2018,surface,1,edna_kis1_00,surface,biological,13.8,30.95,8.14,13.4,31.07,8.11,4.5,1000,0,51.81104261,-128.2291784,sand,n,25,sp,seagrass,zostera,seagrass_sand,zostera_sand,98.08,7.129989999999999e-150,294,Metazoa,Rotifera,Eurotatoria,Ploima,Synchaetidae,Synchaeta,0,0,TRUE,ASV346,5,Synchaeta vorax
edna0070,ASV916,motu796,Panopea generosa,Pacific geoduck,species,NA,1,NA,1,NA,24,NA,22,NA,NA,NA,Panopea generosa,Pacific geoduck,2018_kis1_surface,kis1,beach_seine,2018-07-15,2018-07-13,2018,surface,1,edna_kis1_00,surface,biological,13.8,30.95,8.14,13.4,31.07,8.11,4.5,1000,0,51.81104261,-128.2291784,sand,n,25,sp,seagrass,zostera,seagrass_sand,zostera_sand,100,1.96163e-160,313,Metazoa,Mollusca,Bivalvia,Adapedonta,Hiatellidae,Panopea,0,0,TRUE,ASV916,4,Panopea generosa
edna0070,ASV674,motu334,Synchaeta pectinata,Rotifer,species,NA,1,1,1,NA,11,2,NA,NA,NA,5,Synchaeta pectinata,Rotifer,2018_kis1_surface,kis1,beach_seine,2018-07-15,2018-07-13,2018,surface,1,edna_kis1_00,surface,biological,13.8,30.95,8.14,13.4,31.07,8.11,4.5,1000,0,51.81104261,-128.2291784,sand,n,25,sp,seagrass,zostera,seagrass_sand,zostera_sand,90.79,3.5361899999999996e-113,228,Metazoa,Rotifera,Eurotatoria,Ploima,Synchaetidae,Synchaeta,0,0,TRUE,ASV377,5,Synchaeta pectinata
edna0070,ASV558,motu491,Pseudocalanus mimus,Calanoid copepod,species,NA,1,1,1,NA,49,20,NA,44,NA,NA,Pseudocalanus mimus,Calanoid copepod,2018_kis1_surface,kis1,beach_seine,2018-07-15,2018-07-13,2018,surface,1,edna_kis1_00,surface,biological,13.8,30.95,8.14,13.4,31.07,8.11,4.5,1000,0,51.81104261,-128.2291784,sand,n,25,sp,seagrass,zostera,seagrass_sand,zostera_sand,100,7.1053799999999944e-155,303,Metazoa,Arthropoda,Copepoda,Calanoida,Clausocalanidae,Pseudocalanus,0,0,TRUE,ASV558,1,Pseudocalanus mimus
edna0070,ASV640,motu105,Mesocentrotus franciscanus,Red sea urchin,species,NA,1,NA,NA,NA,5,NA,NA,NA,NA,NA,Mesocentrotus franciscanus,Red sea urchin,2018_kis1_surface,kis1,beach_seine,2018-07-15,2018-07-13,2018,surface,1,edna_kis1_00,surface,biological,13.8,30.95,8.14,13.4,31.07,8.11,4.5,1000,0,51.81104261,-128.2291784,sand,n,25,sp,seagrass,zostera,seagrass_sand,zostera_sand,100,1.96163e-160,313,Metazoa,Echinodermata,Echinoidea,Camarodonta,Strongylocentrotidae,Mesocentrotus,0,0,TRUE,ASV118,8,Mesocentrotus franciscanus
edna0070,ASV960,motu833,Pseudocalanus mimus,Calanoid copepod,species,NA,1,NA,NA,NA,52,NA,NA,NA,NA,NA,Pseudocalanus mimus,Calanoid copepod,2018_kis1_surface,kis1,beach_seine,2018-07-15,2018-07-13,2018,surface,1,edna_kis1_00,surface,biological,13.8,30.95,8.14,13.4,31.07,8.11,4.5,1000,0,51.81104261,-128.2291784,sand,n,25,sp,seagrass,zostera,seagrass_sand,zostera_sand,100,7.1053799999999944e-155,303,Metazoa,Arthropoda,Copepoda,Calanoida,Clausocalanidae,Pseudocalanus,0,0,TRUE,ASV960,1,Pseudocalanus mimus
edna0070,ASV713,motu350,Synchaeta pectinata,Rotifer,species,NA,1,NA,1,NA,9,NA,3,NA,NA,NA,Synchaeta pectinata,Rotifer,2018_kis1_surface,kis1,beach_seine,2018-07-15,2018-07-13,2018,surface,1,edna_kis1_00,surface,biological,13.8,30.95,8.14,13.4,31.07,8.11,4.5,1000,0,51.81104261,-128.2291784,sand,n,25,sp,seagrass,zostera,seagrass_sand,zostera_sand,90.79,3.5361899999999996e-113,228,Metazoa,Rotifera,Eurotatoria,Ploima,Synchaetidae,Synchaeta,0,0,TRUE,ASV398,4,Synchaeta pectinata
edna0070,ASV733,motu637,Phyllodocida,Polychaete,order,NA,1,NA,NA,NA,10,NA,NA,NA,NA,NA,Phyllodocida,Polychaete,2018_kis1_surface,kis1,beach_seine,2018-07-15,2018-07-13,2018,surface,1,edna_kis1_00,surface,biological,13.8,30.95,8.14,13.4,31.07,8.11,4.5,1000,0,51.81104261,-128.2291784,sand,n,25,sp,seagrass,zostera,seagrass_sand,zostera_sand,100,0.0603188,28,Metazoa,Annelida,Annelida,Phyllodocida,NA,NA,0,0,TRUE,ASV733,1,NA
edna0070,ASV880,motu441,Clytia gregaria,Gregarious jellyfish,species,NA,1,NA,NA,NA,5,NA,NA,NA,NA,NA,Clytia gregaria,Gregarious jellyfish,2018_kis1_surface,kis1,beach_seine,2018-07-15,2018-07-13,2018,surface,1,edna_kis1_00,surface,biological,13.8,30.95,8.14,13.4,31.07,8.11,4.5,1000,0,51.81104261,-128.2291784,sand,n,25,sp,seagrass,zostera,seagrass_sand,zostera_sand,99.36,4.246189999999999e-157,307,Metazoa,Cnidaria,Cnidaria,Leptothecata,Campanulariidae,Clytia,0,0,TRUE,ASV498,2,Clytia gregaria
edna0070,ASV1359,motu895,Clytia gregaria,Gregarious jellyfish,species,NA,1,NA,NA,NA,8,NA,NA,NA,NA,NA,Clytia gregaria,Gregarious jellyfish,2018_kis1_surface,kis1,beach_seine,2018-07-15,2018-07-13,2018,surface,1,edna_kis1_00,surface,biological,13.8,30.95,8.14,13.4,31.07,8.11,4.5,1000,0,51.81104261,-128.2291784,sand,n,25,sp,seagrass,zostera,seagrass_sand,zostera_sand,99.36,4.246189999999999e-157,307,Metazoa,Cnidaria,Cnidaria,Leptothecata,Campanulariidae,Clytia,0,0,TRUE,ASV1038,2,Clytia gregaria
edna0070,ASV939,motu816,Ergasilida,Cyclopoid copepod,order,NA,1,NA,1,NA,19,NA,16,NA,NA,NA,Ergasilida,Cyclopoid copepod,2018_kis1_surface,kis1,beach_seine,2018-07-15,2018-07-13,2018,surface,1,edna_kis1_00,surface,biological,13.8,30.95,8.14,13.4,31.07,8.11,4.5,1000,0,51.81104261,-128.2291784,sand,n,25,sp,seagrass,zostera,seagrass_sand,zostera_sand,100,1.96163e-160,313,Metazoa,Arthropoda,Copepoda,Cyclopoida,NA,NA,0,0,FALSE,ASV939,1,NA
edna0070,ASV1374,motu1160,Ergasilida,Cyclopoid copepod,order,NA,1,NA,NA,NA,22,NA,NA,NA,NA,NA,Ergasilida,Cyclopoid copepod,2018_kis1_surface,kis1,beach_seine,2018-07-15,2018-07-13,2018,surface,1,edna_kis1_00,surface,biological,13.8,30.95,8.14,13.4,31.07,8.11,4.5,1000,0,51.81104261,-128.2291784,sand,n,25,sp,seagrass,zostera,seagrass_sand,zostera_sand,100,1.96163e-160,313,Metazoa,Arthropoda,Copepoda,Cyclopoida,NA,NA,0,0,FALSE,ASV1374,1,NA
edna0070,ASV1059,motu911,Pleurobrachia bachei,Pacific sea gooseberry,species,NA,1,1,NA,NA,15,3,NA,NA,NA,NA,Pleurobrachia bachei,Pacific sea gooseberry,2018_kis1_surface,kis1,beach_seine,2018-07-15,2018-07-13,2018,surface,1,edna_kis1_00,surface,biological,13.8,30.95,8.14,13.4,31.07,8.11,4.5,1000,0,51.81104261,-128.2291784,sand,n,25,sp,seagrass,zostera,seagrass_sand,zostera_sand,100,1.96163e-160,313,Metazoa,Ctenophora,Tentaculata,Cydippida,Cydippidae,Pleurobrachia,0,0,TRUE,ASV1059,3,Pleurobrachia bachei
edna0070,ASV1068,motu920,Arthropoda,Unknown arthropod,phylum,NA,1,NA,NA,NA,10,NA,NA,NA,NA,NA,Arthropoda,Unknown arthropod,2018_kis1_surface,kis1,beach_seine,2018-07-15,2018-07-13,2018,surface,1,edna_kis1_00,surface,biological,13.8,30.95,8.14,13.4,31.07,8.11,4.5,1000,0,51.81104261,-128.2291784,sand,n,25,sp,seagrass,zostera,seagrass_sand,zostera_sand,94.87,8.78538e-5,33,Metazoa,Arthropoda,NA,NA,NA,NA,NA,NA,TRUE,ASV1068,4,NA
edna0070,ASV1742,motu1454,Micropodarke dubia,Hesionid polychaete,species,NA,1,NA,NA,NA,5,NA,NA,NA,NA,NA,Micropodarke dubia,Hesionid polychaete,2018_kis1_surface,kis1,beach_seine,2018-07-15,2018-07-13,2018,surface,1,edna_kis1_00,surface,biological,13.8,30.95,8.14,13.4,31.07,8.11,4.5,1000,0,51.81104261,-128.2291784,sand,n,25,sp,seagrass,zostera,seagrass_sand,zostera_sand,100,1.96163e-160,313,Metazoa,Annelida,Polychaeta,Phyllodocida,Hesionidae,Micropodarke,0,0,TRUE,ASV1742,2,Micropodarke dubia
edna0070,ASV1046,motu902,Arthropoda,Unknown arthropod,phylum,NA,1,NA,NA,NA,16,NA,NA,NA,NA,NA,Arthropoda,Unknown arthropod,2018_kis1_surface,kis1,beach_seine,2018-07-15,2018-07-13,2018,surface,1,edna_kis1_00,surface,biological,13.8,30.95,8.14,13.4,31.07,8.11,4.5,1000,0,51.81104261,-128.2291784,sand,n,25,sp,seagrass,zostera,seagrass_sand,zostera_sand,94.87,8.78538e-5,33,Metazoa,Arthropoda,NA,NA,NA,NA,NA,NA,TRUE,ASV1046,4,NA
edna0070,ASV2203,motu1819,Obelia dichotoma,Sea thread hydroid,species,NA,1,NA,NA,NA,20,NA,NA,NA,NA,NA,Obelia dichotoma,Sea thread hydroid,2018_kis1_surface,kis1,beach_seine,2018-07-15,2018-07-13,2018,surface,1,edna_kis1_00,surface,biological,13.8,30.95,8.14,13.4,31.07,8.11,4.5,1000,0,51.81104261,-128.2291784,sand,n,25,sp,seagrass,zostera,seagrass_sand,zostera_sand,100,5.353989999999996e-156,305,Metazoa,Cnidaria,Hydrozoa,Leptothecata,Campanulariidae,Obelia,0,0,TRUE,ASV2203,1,Obelia dichotoma
edna0070,ASV1082,motu932,Obelia dichotoma,Sea thread hydroid,species,NA,1,1,1,NA,22,9,NA,NA,NA,11,Obelia dichotoma,Sea thread hydroid,2018_kis1_surface,kis1,beach_seine,2018-07-15,2018-07-13,2018,surface,1,edna_kis1_00,surface,biological,13.8,30.95,8.14,13.4,31.07,8.11,4.5,1000,0,51.81104261,-128.2291784,sand,n,25,sp,seagrass,zostera,seagrass_sand,zostera_sand,100,5.353989999999996e-156,305,Metazoa,Cnidaria,Hydrozoa,Leptothecata,Campanulariidae,Obelia,0,0,TRUE,ASV1082,1,Obelia dichotoma
edna0070,ASV2352,motu1933,Tubulanus sexlineatus,Six lined ribbon worm,species,NA,1,NA,NA,NA,13,NA,NA,NA,NA,NA,Tubulanus sexlineatus,Six lined ribbon worm,2018_kis1_surface,kis1,beach_seine,2018-07-15,2018-07-13,2018,surface,1,edna_kis1_00,surface,biological,13.8,30.95,8.14,13.4,31.07,8.11,4.5,1000,0,51.81104261,-128.2291784,sand,n,25,sp,seagrass,zostera,seagrass_sand,zostera_sand,100,1.96163e-160,313,Metazoa,Nemertea,Palaeonemertea,Tubulaniformes,Tubulanidae,Tubulanus,0,0,TRUE,ASV2352,1,Tubulanus sexlineatus
edna0070,ASV1431,motu1208,Paracalanus,Calanoid copepod,genus,NA,1,NA,NA,NA,8,NA,NA,NA,NA,NA,Paracalanus,Calanoid copepod,2018_kis1_surface,kis1,beach_seine,2018-07-15,2018-07-13,2018,surface,1,edna_kis1_00,surface,biological,13.8,30.95,8.14,13.4,31.07,8.11,4.5,1000,0,51.81104261,-128.2291784,sand,n,25,sp,seagrass,zostera,seagrass_sand,zostera_sand,99.01,2.4714899999999987e-149,293,Metazoa,Arthropoda,Arthropoda,Calanoida,Paracalanidae,Paracalanus,0,0,TRUE,ASV1431,2,NA
edna0070,ASV1057,motu909,Orobdella,Freshwater leech,genus,NA,1,NA,1,NA,4,NA,NA,NA,NA,6,Orobdella,Freshwater leech,2018_kis1_surface,kis1,beach_seine,2018-07-15,2018-07-13,2018,surface,1,edna_kis1_00,surface,biological,13.8,30.95,8.14,13.4,31.07,8.11,4.5,1000,0,51.81104261,-128.2291784,sand,n,25,sp,seagrass,zostera,seagrass_sand,zostera_sand,97.06,0.0011939,31,Metazoa,Annelida,Annelida,Erpobdelliformes,Orobdellidae,Orobdella,NA,NA,TRUE,ASV1057,1,NA
edna0070,ASV1729,motu1443,Paracalanus,Calanoid copepod,genus,NA,1,NA,NA,NA,6,NA,NA,NA,NA,NA,Paracalanus,Calanoid copepod,2018_kis1_surface,kis1,beach_seine,2018-07-15,2018-07-13,2018,surface,1,edna_kis1_00,surface,biological,13.8,30.95,8.14,13.4,31.07,8.11,4.5,1000,0,51.81104261,-128.2291784,sand,n,25,sp,seagrass,zostera,seagrass_sand,zostera_sand,99.01,2.4714899999999987e-149,293,Metazoa,Arthropoda,Arthropoda,Calanoida,Paracalanidae,Paracalanus,0,0,TRUE,ASV1729,2,NA
edna0070,ASV1467,motu1238,Tubulanus sexlineatus,Six lined ribbon worm,species,NA,1,1,1,NA,27,10,20,13,NA,17,Tubulanus sexlineatus,Six lined ribbon worm,2018_kis1_surface,kis1,beach_seine,2018-07-15,2018-07-13,2018,surface,1,edna_kis1_00,surface,biological,13.8,30.95,8.14,13.4,31.07,8.11,4.5,1000,0,51.81104261,-128.2291784,sand,n,25,sp,seagrass,zostera,seagrass_sand,zostera_sand,100,1.96163e-160,313,Metazoa,Nemertea,Palaeonemertea,Tubulaniformes,Tubulanidae,Tubulanus,0,0,TRUE,ASV1467,1,Tubulanus sexlineatus
edna0070,ASV1921,motu1598,Humilaria kennerleyi,Kennerleys venus,species,NA,1,NA,NA,NA,4,NA,NA,NA,NA,NA,Humilaria kennerleyi,Kennerleys venus,2018_kis1_surface,kis1,beach_seine,2018-07-15,2018-07-13,2018,surface,1,edna_kis1_00,surface,biological,13.8,30.95,8.14,13.4,31.07,8.11,4.5,1000,0,51.81104261,-128.2291784,sand,n,25,sp,seagrass,zostera,seagrass_sand,zostera_sand,100,1.96163e-160,313,Metazoa,Mollusca,Bivalvia,Venerida,Veneridae,Humilaria,0,0,TRUE,ASV1921,2,Humilaria kennerleyi
edna0070,ASV2840,motu2298,Arthropoda,Unknown arthropod,phylum,NA,1,NA,NA,NA,6,NA,NA,NA,NA,NA,Arthropoda,Unknown arthropod,2018_kis1_surface,kis1,beach_seine,2018-07-15,2018-07-13,2018,surface,1,edna_kis1_00,surface,biological,13.8,30.95,8.14,13.4,31.07,8.11,4.5,1000,0,51.81104261,-128.2291784,sand,n,25,sp,seagrass,zostera,seagrass_sand,zostera_sand,95,2.34566e-5,34,Metazoa,Arthropoda,NA,NA,NA,NA,NA,NA,TRUE,ASV2840,1,NA
edna0070,ASV2807,motu1655,Notomastus,Capitellid polychaete,genus,NA,1,NA,NA,NA,6,NA,NA,NA,NA,NA,Notomastus,Capitellid polychaete,2018_kis1_surface,kis1,beach_seine,2018-07-15,2018-07-13,2018,surface,1,edna_kis1_00,surface,biological,13.8,30.95,8.14,13.4,31.07,8.11,4.5,1000,0,51.81104261,-128.2291784,sand,n,25,sp,seagrass,zostera,seagrass_sand,zostera_sand,100,1.96163e-160,313,Metazoa,Annelida,Polychaeta,NA,Capitellidae,Notomastus,0,0,TRUE,ASV1997,2,NA
edna0070,ASV2414,motu1743,Notomastus,Capitellid polychaete,genus,NA,1,NA,NA,NA,9,NA,NA,NA,NA,NA,Notomastus,Capitellid polychaete,2018_kis1_surface,kis1,beach_seine,2018-07-15,2018-07-13,2018,surface,1,edna_kis1_00,surface,biological,13.8,30.95,8.14,13.4,31.07,8.11,4.5,1000,0,51.81104261,-128.2291784,sand,n,25,sp,seagrass,zostera,seagrass_sand,zostera_sand,100,1.96163e-160,313,Metazoa,Annelida,Polychaeta,NA,Capitellidae,Notomastus,0,0,TRUE,ASV2114,2,NA
edna0070,ASV4027,motu1978,Paleanotus bellis,Golden petal worm,species,NA,1,NA,NA,NA,18,NA,NA,NA,NA,NA,Paleanotus bellis,Golden petal worm,2018_kis1_surface,kis1,beach_seine,2018-07-15,2018-07-13,2018,surface,1,edna_kis1_00,surface,biological,13.8,30.95,8.14,13.4,31.07,8.11,4.5,1000,0,51.81104261,-128.2291784,sand,n,25,sp,seagrass,zostera,seagrass_sand,zostera_sand,99.68,1.5051499999999994e-156,306,Metazoa,Annelida,Polychaeta,Phyllodocida,Chrysopetalidae,Paleanotus,0,0,TRUE,ASV2426,2,Paleanotus bellis
edna0070,ASV3903,motu3067,Potential chimera,Potential chimera,species,NA,1,NA,1,NA,4,NA,NA,3,NA,6,Potential chimera,Potential chimera,2018_kis1_surface,kis1,beach_seine,2018-07-15,2018-07-13,2018,surface,1,edna_kis1_00,surface,biological,13.8,30.95,8.14,13.4,31.07,8.11,4.5,1000,0,51.81104261,-128.2291784,sand,n,25,sp,seagrass,zostera,seagrass_sand,zostera_sand,94.44,0.00380707,30,Metazoa,Arthropoda,Arthropoda,Decapoda,NA,NA,0,0,TRUE,ASV3903,1,Potential chimera
edna0070,ASV7433,motu5818,Vesiculariidae,Bryozoan,family,NA,1,NA,NA,NA,4,NA,NA,NA,NA,NA,Vesiculariidae,Bryozoan,2018_kis1_surface,kis1,beach_seine,2018-07-15,2018-07-13,2018,surface,1,edna_kis1_00,surface,biological,13.8,30.95,8.14,13.4,31.07,8.11,4.5,1000,0,51.81104261,-128.2291784,sand,n,25,sp,seagrass,zostera,seagrass_sand,zostera_sand,91.64,5.927319999999993e-106,215,Metazoa,Bryozoa,Bryozoa,Ctenostomatida,Vesiculariidae,NA,0,0,TRUE,ASV7433,1,NA
edna0070,ASV7554,motu5920,Platypezoidea,Hexapod,family,NA,1,NA,NA,NA,3,NA,NA,NA,NA,NA,Platypezoidea,Hexapod,2018_kis1_surface,kis1,beach_seine,2018-07-15,2018-07-13,2018,surface,1,edna_kis1_00,surface,biological,13.8,30.95,8.14,13.4,31.07,8.11,4.5,1000,0,51.81104261,-128.2291784,sand,n,25,sp,seagrass,zostera,seagrass_sand,zostera_sand,90.6,3.99645e-33,84,Metazoa,Arthropoda,Arthropoda,Diptera,Platypezoidea,NA,NA,NA,TRUE,ASV7554,1,NA
edna0071,ASV25,motu22,Acartia (Acartiura) longiremis,Calanoid copepod,species,NA,1,1,1,NA,17,13,22,NA,NA,7,Acartia (Acartiura) longiremis,Calanoid copepod,2018_kis1_surface,kis1,beach_seine,2018-07-15,2018-07-13,2018,surface,2,edna_kis1_15,surface,biological,13.8,30.95,8.15,13.5,30.97,8.13,4.5,1000,0,51.8111452,-128.2293129,sand,n,25,sp,seagrass,zostera,seagrass_sand,zostera_sand,100,1.96163e-160,313,Metazoa,Arthropoda,Copepoda,Calanoida,Acartiidae,Acartia,0,0,TRUE,ASV25,27,Acartia (Acartiura) longiremis
edna0071,ASV258,motu228,Lensia,Siphonophore,genus,NA,1,NA,NA,NA,6,NA,NA,NA,NA,NA,Lensia,Siphonophore,2018_kis1_surface,kis1,beach_seine,2018-07-15,2018-07-13,2018,surface,2,edna_kis1_15,surface,biological,13.8,30.95,8.15,13.5,30.97,8.13,4.5,1000,0,51.8111452,-128.2293129,sand,n,25,sp,seagrass,zostera,seagrass_sand,zostera_sand,100,0.00408744,30,Metazoa,Cnidaria,Cnidaria,Siphonophorae,Diphyidae,Lensia,0,0,TRUE,ASV258,1,NA
edna0071,ASV343,motu303,Pseudocalanus mimus,Calanoid copepod,species,NA,1,NA,NA,NA,27,NA,NA,NA,NA,NA,Pseudocalanus mimus,Calanoid copepod,2018_kis1_surface,kis1,beach_seine,2018-07-15,2018-07-13,2018,surface,2,edna_kis1_15,surface,biological,13.8,30.95,8.15,13.5,30.97,8.13,4.5,1000,0,51.8111452,-128.2293129,sand,n,25,sp,seagrass,zostera,seagrass_sand,zostera_sand,99.67,9.19139e-154,301,Metazoa,Arthropoda,Copepoda,Calanoida,Clausocalanidae,Pseudocalanus,0,0,TRUE,ASV343,11,Pseudocalanus mimus
edna0071,ASV336,motu296,Pseudocalanus newmani,Calanoid copepod,species,NA,1,1,1,NA,65,37,114,80,NA,105,Pseudocalanus newmani,Calanoid copepod,2018_kis1_surface,kis1,beach_seine,2018-07-15,2018-07-13,2018,surface,2,edna_kis1_15,surface,biological,13.8,30.95,8.15,13.5,30.97,8.13,4.5,1000,0,51.8111452,-128.2293129,sand,n,25,sp,seagrass,zostera,seagrass_sand,zostera_sand,100,1.96163e-160,313,Metazoa,Arthropoda,Copepoda,Calanoida,Clausocalanidae,Pseudocalanus,0,0,TRUE,ASV336,4,Pseudocalanus newmani
edna0071,ASV320,motu281,Pseudocalanus newmani,Calanoid copepod,species,NA,1,1,1,NA,72,28,138,85,NA,84,Pseudocalanus newmani,Calanoid copepod,2018_kis1_surface,kis1,beach_seine,2018-07-15,2018-07-13,2018,surface,2,edna_kis1_15,surface,biological,13.8,30.95,8.15,13.5,30.97,8.13,4.5,1000,0,51.8111452,-128.2293129,sand,n,25,sp,seagrass,zostera,seagrass_sand,zostera_sand,100,1.96163e-160,313,Metazoa,Arthropoda,Copepoda,Calanoida,Clausocalanidae,Pseudocalanus,0,0,TRUE,ASV320,6,Pseudocalanus newmani
edna0071,ASV1196,motu537,Mitrocoma cellularia,Cross jelly,species,NA,1,NA,NA,NA,18,NA,NA,NA,NA,NA,Mitrocoma cellularia,Cross jelly,2018_kis1_surface,kis1,beach_seine,2018-07-15,2018-07-13,2018,surface,2,edna_kis1_15,surface,biological,13.8,30.95,8.15,13.5,30.97,8.13,4.5,1000,0,51.8111452,-128.2293129,sand,n,25,sp,seagrass,zostera,seagrass_sand,zostera_sand,99.67,6.925819999999995e-155,303,Metazoa,Cnidaria,Hydrozoa,Leptothecata,Mitrocomidae,Mitrocoma,0,0,TRUE,ASV616,6,Mitrocoma cellularia
edna0071,ASV916,motu796,Panopea generosa,Pacific geoduck,species,NA,1,NA,NA,NA,5,NA,NA,NA,NA,NA,Panopea generosa,Pacific geoduck,2018_kis1_surface,kis1,beach_seine,2018-07-15,2018-07-13,2018,surface,2,edna_kis1_15,surface,biological,13.8,30.95,8.15,13.5,30.97,8.13,4.5,1000,0,51.8111452,-128.2293129,sand,n,25,sp,seagrass,zostera,seagrass_sand,zostera_sand,100,1.96163e-160,313,Metazoa,Mollusca,Bivalvia,Adapedonta,Hiatellidae,Panopea,0,0,TRUE,ASV916,4,Panopea generosa
edna0071,ASV750,motu654,Orobdella,Freshwater leech,genus,NA,1,1,NA,NA,9,6,NA,NA,NA,NA,Orobdella,Freshwater leech,2018_kis1_surface,kis1,beach_seine,2018-07-15,2018-07-13,2018,surface,2,edna_kis1_15,surface,biological,13.8,30.95,8.15,13.5,30.97,8.13,4.5,1000,0,51.8111452,-128.2293129,sand,n,25,sp,seagrass,zostera,seagrass_sand,zostera_sand,97.06,0.00121031,31,Metazoa,Annelida,Annelida,Erpobdelliformes,Orobdellidae,Orobdella,NA,NA,TRUE,ASV750,1,NA
edna0071,ASV1013,motu876,Orobdella,Freshwater leech,genus,NA,1,NA,NA,NA,13,NA,NA,NA,NA,NA,Orobdella,Freshwater leech,2018_kis1_surface,kis1,beach_seine,2018-07-15,2018-07-13,2018,surface,2,edna_kis1_15,surface,biological,13.8,30.95,8.15,13.5,30.97,8.13,4.5,1000,0,51.8111452,-128.2293129,sand,n,25,sp,seagrass,zostera,seagrass_sand,zostera_sand,97.06,0.00121031,31,Metazoa,Annelida,Annelida,Erpobdelliformes,Orobdellidae,Orobdella,NA,NA,TRUE,ASV1013,1,NA
edna0071,ASV647,motu560,Synchaeta triophthalma,Rotifer,species,NA,1,NA,1,NA,41,NA,37,22,NA,22,Synchaeta triophthalma,Rotifer,2018_kis1_surface,kis1,beach_seine,2018-07-15,2018-07-13,2018,surface,2,edna_kis1_15,surface,biological,13.8,30.95,8.15,13.5,30.97,8.13,4.5,1000,0,51.8111452,-128.2293129,sand,n,25,sp,seagrass,zostera,seagrass_sand,zostera_sand,91.99,3.511259999999999e-118,237,Metazoa,Rotifera,Eurotatoria,Ploima,Synchaetidae,Synchaeta,0,0,TRUE,ASV647,4,Synchaeta triophthalma
edna0071,ASV780,motu679,Aequorea,Crystal jelly species,genus,NA,1,NA,NA,NA,4,NA,NA,NA,NA,NA,Aequorea,Crystal jelly species,2018_kis1_surface,kis1,beach_seine,2018-07-15,2018-07-13,2018,surface,2,edna_kis1_15,surface,biological,13.8,30.95,8.15,13.5,30.97,8.13,4.5,1000,0,51.8111452,-128.2293129,sand,n,25,sp,seagrass,zostera,seagrass_sand,zostera_sand,100,1.4886099999999998e-156,306,Metazoa,Cnidaria,Hydrozoa,Leptothecata,Aequoreidae,Aequorea,0,0,TRUE,ASV780,4,NA
edna0071,ASV775,motu675,Aequorea,Crystal jelly species,genus,NA,1,NA,1,NA,5,NA,NA,NA,NA,7,Aequorea,Crystal jelly species,2018_kis1_surface,kis1,beach_seine,2018-07-15,2018-07-13,2018,surface,2,edna_kis1_15,surface,biological,13.8,30.95,8.15,13.5,30.97,8.13,4.5,1000,0,51.8111452,-128.2293129,sand,n,25,sp,seagrass,zostera,seagrass_sand,zostera_sand,100,1.4886099999999998e-156,306,Metazoa,Cnidaria,Hydrozoa,Leptothecata,Aequoreidae,Aequorea,0,0,TRUE,ASV775,3,NA
edna0071,ASV2058,motu1704,Saccocirrus,Polychaete,genus,NA,1,1,NA,NA,22,9,NA,NA,NA,NA,Saccocirrus,Polychaete,2018_kis1_surface,kis1,beach_seine,2018-07-15,2018-07-13,2018,surface,2,edna_kis1_15,surface,biological,13.8,30.95,8.15,13.5,30.97,8.13,4.5,1000,0,51.8111452,-128.2293129,sand,n,25,sp,seagrass,zostera,seagrass_sand,zostera_sand,100,1.96163e-160,313,Metazoa,Annelida,Polychaeta,NA,Saccocirridae,Saccocirrus,0,0,TRUE,ASV2058,1,NA
edna0071,ASV2187,motu1804,Saccocirrus,Polychaete,genus,NA,1,NA,NA,NA,17,NA,NA,NA,NA,NA,Saccocirrus,Polychaete,2018_kis1_surface,kis1,beach_seine,2018-07-15,2018-07-13,2018,surface,2,edna_kis1_15,surface,biological,13.8,30.95,8.15,13.5,30.97,8.13,4.5,1000,0,51.8111452,-128.2293129,sand,n,25,sp,seagrass,zostera,seagrass_sand,zostera_sand,100,1.96163e-160,313,Metazoa,Annelida,Polychaeta,NA,Saccocirridae,Saccocirrus,0,0,TRUE,ASV2187,1,NA
edna0071,ASV2402,motu1965,Chaetognatha,Arrow worm,phylum,NA,1,NA,NA,NA,13,NA,NA,NA,NA,NA,Chaetognatha,Arrow worm,2018_kis1_surface,kis1,beach_seine,2018-07-15,2018-07-13,2018,surface,2,edna_kis1_15,surface,biological,13.8,30.95,8.15,13.5,30.97,8.13,4.5,1000,0,51.8111452,-128.2293129,sand,n,25,sp,seagrass,zostera,seagrass_sand,zostera_sand,96.52,1.6192399999999998e-86,180,Metazoa,Chaetognatha,NA,NA,NA,NA,0,0,TRUE,ASV2402,1,NA
edna0071,ASV2807,motu1655,Notomastus,Capitellid polychaete,genus,NA,1,NA,NA,NA,5,NA,NA,NA,NA,NA,Notomastus,Capitellid polychaete,2018_kis1_surface,kis1,beach_seine,2018-07-15,2018-07-13,2018,surface,2,edna_kis1_15,surface,biological,13.8,30.95,8.15,13.5,30.97,8.13,4.5,1000,0,51.8111452,-128.2293129,sand,n,25,sp,seagrass,zostera,seagrass_sand,zostera_sand,100,1.96163e-160,313,Metazoa,Annelida,Polychaeta,NA,Capitellidae,Notomastus,0,0,TRUE,ASV1997,2,NA
edna0071,ASV2556,motu2078,Synchaeta triophthalma,Rotifer,species,NA,1,1,1,NA,35,20,31,17,NA,27,Synchaeta triophthalma,Rotifer,2018_kis1_surface,kis1,beach_seine,2018-07-15,2018-07-13,2018,surface,2,edna_kis1_15,surface,biological,13.8,30.95,8.15,13.5,30.97,8.13,4.5,1000,0,51.8111452,-128.2293129,sand,n,25,sp,seagrass,zostera,seagrass_sand,zostera_sand,91.35,7.600549999999996e-115,231,Metazoa,Rotifera,Eurotatoria,Ploima,Synchaetidae,Synchaeta,0,0,TRUE,ASV2556,1,Synchaeta triophthalma
edna0071,ASV2953,motu2381,Ergasilida,Cyclopoid copepod,order,NA,1,1,NA,NA,19,13,NA,NA,NA,NA,Ergasilida,Cyclopoid copepod,2018_kis1_surface,kis1,beach_seine,2018-07-15,2018-07-13,2018,surface,2,edna_kis1_15,surface,biological,13.8,30.95,8.15,13.5,30.97,8.13,4.5,1000,0,51.8111452,-128.2293129,sand,n,25,sp,seagrass,zostera,seagrass_sand,zostera_sand,100,3.2351099999999996e-158,309,Metazoa,Arthropoda,Copepoda,Cyclopoida,NA,NA,0,0,FALSE,ASV2953,1,NA
edna0071,ASV5835,motu4484,Formicoidea,Hexapod,family,NA,1,NA,NA,NA,7,NA,NA,NA,NA,NA,Formicoidea,Hexapod,2018_kis1_surface,kis1,beach_seine,2018-07-15,2018-07-13,2018,surface,2,edna_kis1_15,surface,biological,13.8,30.95,8.15,13.5,30.97,8.13,4.5,1000,0,51.8111452,-128.2293129,sand,n,25,sp,seagrass,zostera,seagrass_sand,zostera_sand,100,0.00408744,30,Metazoa,Arthropoda,Arthropoda,Hymenoptera,Formicoidea,NA,NA,NA,TRUE,ASV5835,1,NA
edna0071,ASV6666,motu5171,Blattidae,Hexapod,family,NA,1,NA,NA,NA,2,NA,NA,NA,NA,NA,Blattidae,Hexapod,2018_kis1_surface,kis1,beach_seine,2018-07-15,2018-07-13,2018,surface,2,edna_kis1_15,surface,biological,13.8,30.95,8.15,13.5,30.97,8.13,4.5,1000,0,51.8111452,-128.2293129,sand,n,25,sp,seagrass,zostera,seagrass_sand,zostera_sand,93.06,4.08218e-18,57,Metazoa,Arthropoda,Arthropoda,Dictyoptera,Blattidae,NA,NA,NA,TRUE,ASV6666,1,NA
edna0072,ASV131,motu117,Lensia,Siphonophore,genus,NA,1,NA,1,NA,5,NA,12,NA,NA,NA,Lensia,Siphonophore,2018_kis1_surface,kis1,beach_seine,2018-07-15,2018-07-13,2018,surface,3,edna_kis1_30,surface,biological,13.6,30.95,8.13,13.3,31.03,8.11,4.5,1000,0,51.81116654,-128.2295305,sand,n,25,sp,seagrass,zostera,seagrass_sand,zostera_sand,100,0.00408744,30,Metazoa,Cnidaria,Cnidaria,Siphonophorae,Diphyidae,Lensia,0,0,TRUE,ASV131,2,NA
edna0072,ASV232,motu204,Cecidomyiidae,Hexapod,genus,NA,1,1,1,NA,5,4,6,8,NA,NA,Cecidomyiidae,Hexapod,2018_kis1_surface,kis1,beach_seine,2018-07-15,2018-07-13,2018,surface,3,edna_kis1_30,surface,biological,13.6,30.95,8.13,13.3,31.03,8.11,4.5,1000,0,51.81116654,-128.2295305,sand,n,25,sp,seagrass,zostera,seagrass_sand,zostera_sand,100,0.00408744,30,Metazoa,Arthropoda,Arthropoda,Diptera,Cecidomyiidae,Cecidomyiidae,NA,NA,TRUE,ASV232,1,NA
edna0072,ASV603,motu529,Ophiopholis kennerlyi,Daisy brittle star,species,NA,1,NA,NA,NA,56,NA,NA,NA,NA,NA,Ophiopholis kennerlyi,Daisy brittle star,2018_kis1_surface,kis1,beach_seine,2018-07-15,2018-07-13,2018,surface,3,edna_kis1_30,surface,biological,13.6,30.95,8.13,13.3,31.03,8.11,4.5,1000,0,51.81116654,-128.2295305,sand,n,25,sp,seagrass,zostera,seagrass_sand,zostera_sand,100,1.96163e-160,313,Metazoa,Echinodermata,Echinodermata,Amphilepidida,Ophiopholidae,Ophiopholis,0,0,TRUE,ASV603,6,Ophiopholis kennerlyi
edna0072,ASV285,motu244,Ophiopholis,Brittle star species,genus,NA,1,1,1,NA,49,60,104,67,NA,70,Ophiopholis kennerlyi,Daisy brittle star,2018_kis1_surface,kis1,beach_seine,2018-07-15,2018-07-13,2018,surface,3,edna_kis1_30,surface,biological,13.6,30.95,8.13,13.3,31.03,8.11,4.5,1000,0,51.81116654,-128.2295305,sand,n,25,sp,seagrass,zostera,seagrass_sand,zostera_sand,100,1.96163e-160,313,Metazoa,Echinodermata,Echinodermata,Amphilepidida,Ophiopholidae,Ophiopholis,0,0,TRUE,ASV275,7,NA
edna0072,ASV1196,motu537,Mitrocoma cellularia,Cross jelly,species,NA,1,NA,NA,NA,8,NA,NA,NA,NA,NA,Mitrocoma cellularia,Cross jelly,2018_kis1_surface,kis1,beach_seine,2018-07-15,2018-07-13,2018,surface,3,edna_kis1_30,surface,biological,13.6,30.95,8.13,13.3,31.03,8.11,4.5,1000,0,51.81116654,-128.2295305,sand,n,25,sp,seagrass,zostera,seagrass_sand,zostera_sand,99.67,6.925819999999995e-155,303,Metazoa,Cnidaria,Hydrozoa,Leptothecata,Mitrocomidae,Mitrocoma,0,0,TRUE,ASV616,6,Mitrocoma cellularia
edna0072,ASV1013,motu876,Orobdella,Freshwater leech,genus,NA,1,NA,NA,NA,6,NA,NA,NA,NA,NA,Orobdella,Freshwater leech,2018_kis1_surface,kis1,beach_seine,2018-07-15,2018-07-13,2018,surface,3,edna_kis1_30,surface,biological,13.6,30.95,8.13,13.3,31.03,8.11,4.5,1000,0,51.81116654,-128.2295305,sand,n,25,sp,seagrass,zostera,seagrass_sand,zostera_sand,97.06,0.00121031,31,Metazoa,Annelida,Annelida,Erpobdelliformes,Orobdellidae,Orobdella,NA,NA,TRUE,ASV1013,1,NA
edna0072,ASV559,motu492,Eupolymnia heterobranchia,Brown intertidal spaghetti worm,species,NA,1,NA,NA,NA,2,NA,NA,NA,NA,NA,Eupolymnia heterobranchia,Brown intertidal spaghetti worm,2018_kis1_surface,kis1,beach_seine,2018-07-15,2018-07-13,2018,surface,3,edna_kis1_30,surface,biological,13.6,30.95,8.13,13.3,31.03,8.11,4.5,1000,0,51.81116654,-128.2295305,sand,n,25,sp,seagrass,zostera,seagrass_sand,zostera_sand,100,1.4886099999999998e-156,306,Metazoa,Annelida,Polychaeta,Terebellida,Terebellidae,Eupolymnia,0,0,TRUE,ASV559,3,Eupolymnia heterobranchia
edna0072,ASV960,motu833,Pseudocalanus mimus,Calanoid copepod,species,NA,1,NA,1,NA,37,NA,18,NA,NA,NA,Pseudocalanus mimus,Calanoid copepod,2018_kis1_surface,kis1,beach_seine,2018-07-15,2018-07-13,2018,surface,3,edna_kis1_30,surface,biological,13.6,30.95,8.13,13.3,31.03,8.11,4.5,1000,0,51.81116654,-128.2295305,sand,n,25,sp,seagrass,zostera,seagrass_sand,zostera_sand,100,7.1053799999999944e-155,303,Metazoa,Arthropoda,Copepoda,Calanoida,Clausocalanidae,Pseudocalanus,0,0,TRUE,ASV960,1,Pseudocalanus mimus
edna0072,ASV2061,motu1544,Panopea generosa,Pacific geoduck,species,NA,1,NA,NA,NA,227,NA,NA,NA,NA,NA,Panopea generosa,Pacific geoduck,2018_kis1_surface,kis1,beach_seine,2018-07-15,2018-07-13,2018,surface,3,edna_kis1_30,surface,biological,13.6,30.95,8.13,13.3,31.03,8.11,4.5,1000,0,51.81116654,-128.2295305,sand,n,25,sp,seagrass,zostera,seagrass_sand,zostera_sand,100,1.96163e-160,313,Metazoa,Mollusca,Bivalvia,Adapedonta,Hiatellidae,Panopea,0,0,TRUE,ASV1853,3,Panopea generosa
edna0072,ASV1068,motu920,Arthropoda,Unknown arthropod,phylum,NA,1,NA,1,NA,24,NA,94,89,NA,80,Arthropoda,Unknown arthropod,2018_kis1_surface,kis1,beach_seine,2018-07-15,2018-07-13,2018,surface,3,edna_kis1_30,surface,biological,13.6,30.95,8.13,13.3,31.03,8.11,4.5,1000,0,51.81116654,-128.2295305,sand,n,25,sp,seagrass,zostera,seagrass_sand,zostera_sand,94.87,8.78538e-5,33,Metazoa,Arthropoda,NA,NA,NA,NA,NA,NA,TRUE,ASV1068,4,NA
edna0072,ASV1791,motu1494,Saxidomus nuttalli,California butterclam,species,NA,1,NA,NA,NA,4,NA,NA,NA,NA,NA,Saxidomus nuttalli,California butterclam,2018_kis1_surface,kis1,beach_seine,2018-07-15,2018-07-13,2018,surface,3,edna_kis1_30,surface,biological,13.6,30.95,8.13,13.3,31.03,8.11,4.5,1000,0,51.81116654,-128.2295305,sand,n,25,sp,seagrass,zostera,seagrass_sand,zostera_sand,99.68,4.246189999999999e-157,307,Metazoa,Mollusca,Bivalvia,Venerida,Veneridae,Saxidomus,0,0,TRUE,ASV1791,2,Saxidomus nuttalli
edna0072,ASV2228,motu1836,Saxidomus nuttalli,California butterclam,species,NA,1,NA,NA,NA,5,NA,NA,NA,NA,NA,Saxidomus nuttalli,California butterclam,2018_kis1_surface,kis1,beach_seine,2018-07-15,2018-07-13,2018,surface,3,edna_kis1_30,surface,biological,13.6,30.95,8.13,13.3,31.03,8.11,4.5,1000,0,51.81116654,-128.2295305,sand,n,25,sp,seagrass,zostera,seagrass_sand,zostera_sand,99.68,4.246189999999999e-157,307,Metazoa,Mollusca,Bivalvia,Venerida,Veneridae,Saxidomus,0,0,TRUE,ASV2228,1,Saxidomus nuttalli
edna0072,ASV1917,motu1595,Arthropoda,Unknown arthropod,phylum,NA,1,NA,NA,NA,6,NA,NA,NA,NA,NA,Arthropoda,Unknown arthropod,2018_kis1_surface,kis1,beach_seine,2018-07-15,2018-07-13,2018,surface,3,edna_kis1_30,surface,biological,13.6,30.95,8.13,13.3,31.03,8.11,4.5,1000,0,51.81116654,-128.2295305,sand,n,25,sp,seagrass,zostera,seagrass_sand,zostera_sand,95,2.34566e-5,34,Metazoa,Arthropoda,NA,NA,NA,NA,NA,NA,TRUE,ASV1917,1,NA
edna0072,ASV2651,motu2153,Clinocardium nuttallii,Basket cockle,species,NA,1,NA,NA,NA,3,NA,NA,NA,NA,NA,Clinocardium nuttallii,Basket cockle,2018_kis1_surface,kis1,beach_seine,2018-07-15,2018-07-13,2018,surface,3,edna_kis1_30,surface,biological,13.6,30.95,8.13,13.3,31.03,8.11,4.5,1000,0,51.81116654,-128.2295305,sand,n,25,sp,seagrass,zostera,seagrass_sand,zostera_sand,100,2.4540699999999983e-154,302,Metazoa,Mollusca,Bivalvia,Cardiida,Cardiidae,Clinocardium,0,0,TRUE,ASV2651,1,Clinocardium nuttallii
edna0072,ASV1921,motu1598,Humilaria kennerleyi,Kennerleys venus,species,NA,1,NA,NA,NA,5,NA,NA,NA,NA,NA,Humilaria kennerleyi,Kennerleys venus,2018_kis1_surface,kis1,beach_seine,2018-07-15,2018-07-13,2018,surface,3,edna_kis1_30,surface,biological,13.6,30.95,8.13,13.3,31.03,8.11,4.5,1000,0,51.81116654,-128.2295305,sand,n,25,sp,seagrass,zostera,seagrass_sand,zostera_sand,100,1.96163e-160,313,Metazoa,Mollusca,Bivalvia,Venerida,Veneridae,Humilaria,0,0,TRUE,ASV1921,2,Humilaria kennerleyi
edna0072,ASV2840,motu2298,Arthropoda,Unknown arthropod,phylum,NA,1,NA,NA,NA,6,NA,NA,NA,NA,NA,Arthropoda,Unknown arthropod,2018_kis1_surface,kis1,beach_seine,2018-07-15,2018-07-13,2018,surface,3,edna_kis1_30,surface,biological,13.6,30.95,8.13,13.3,31.03,8.11,4.5,1000,0,51.81116654,-128.2295305,sand,n,25,sp,seagrass,zostera,seagrass_sand,zostera_sand,95,2.34566e-5,34,Metazoa,Arthropoda,NA,NA,NA,NA,NA,NA,TRUE,ASV2840,1,NA
edna0072,ASV3356,motu2675,Chaetognatha,Arrow worm,phylum,NA,1,NA,NA,NA,16,NA,NA,NA,NA,NA,Chaetognatha,Arrow worm,2018_kis1_surface,kis1,beach_seine,2018-07-15,2018-07-13,2018,surface,3,edna_kis1_30,surface,biological,13.6,30.95,8.13,13.3,31.03,8.11,4.5,1000,0,51.81116654,-128.2295305,sand,n,25,sp,seagrass,zostera,seagrass_sand,zostera_sand,98.01,1.6078299999999998e-91,189,Metazoa,Chaetognatha,NA,NA,NA,NA,0,0,TRUE,ASV3356,1,NA
edna0072,ASV4086,motu3205,Membranipora membranacea,Coffin box bryozoan,species,NA,1,NA,NA,NA,8,NA,NA,NA,NA,NA,Membranipora membranacea,Coffin box bryozoan,2018_kis1_surface,kis1,beach_seine,2018-07-15,2018-07-13,2018,surface,3,edna_kis1_30,surface,biological,13.6,30.95,8.13,13.3,31.03,8.11,4.5,1000,0,51.81116654,-128.2295305,sand,n,25,sp,seagrass,zostera,seagrass_sand,zostera_sand,100,9.252979999999995e-139,274,Metazoa,Bryozoa,Gymnolaemata,Cheilostomatida,Membraniporidae,Membranipora,0,0,TRUE,ASV4086,1,Membranipora membranacea
edna0072,ASV2629,motu2134,Ergasilida,Cyclopoid copepod,order,NA,1,1,NA,NA,12,14,NA,NA,NA,NA,Ergasilida,Cyclopoid copepod,2018_kis1_surface,kis1,beach_seine,2018-07-15,2018-07-13,2018,surface,3,edna_kis1_30,surface,biological,13.6,30.95,8.13,13.3,31.03,8.11,4.5,1000,0,51.81116654,-128.2295305,sand,n,25,sp,seagrass,zostera,seagrass_sand,zostera_sand,100,3.2351099999999996e-158,309,Metazoa,Arthropoda,Copepoda,Cyclopoida,NA,NA,0,0,FALSE,ASV2629,1,NA
edna0072,ASV4763,motu3689,Carinoma,Ribbon worm,genus,NA,1,NA,NA,NA,38,NA,NA,NA,NA,NA,Carinoma,Ribbon worm,2018_kis1_surface,kis1,beach_seine,2018-07-15,2018-07-13,2018,surface,3,edna_kis1_30,surface,biological,13.6,30.95,8.13,13.3,31.03,8.11,4.5,1000,0,51.81116654,-128.2295305,sand,n,25,sp,seagrass,zostera,seagrass_sand,zostera_sand,99.32,4.3066999999999997e-147,289,Metazoa,Nemertea,Palaeonemertea,Carinomiformes,Carinomidae,Carinoma,0,0,TRUE,ASV4763,1,NA
edna0072,ASV5680,motu4358,Carinoma,Ribbon worm,genus,NA,1,NA,NA,NA,19,NA,NA,NA,NA,NA,Carinoma,Ribbon worm,2018_kis1_surface,kis1,beach_seine,2018-07-15,2018-07-13,2018,surface,3,edna_kis1_30,surface,biological,13.6,30.95,8.13,13.3,31.03,8.11,4.5,1000,0,51.81116654,-128.2295305,sand,n,25,sp,seagrass,zostera,seagrass_sand,zostera_sand,99.32,4.3066999999999997e-147,289,Metazoa,Nemertea,Palaeonemertea,Carinomiformes,Carinomidae,Carinoma,0,0,TRUE,ASV5680,1,NA
edna0072,ASV6878,motu5351,Cerebratulus,Ribbon worm,genus,NA,1,NA,NA,NA,8,NA,NA,NA,NA,NA,Cerebratulus,Ribbon worm,2018_kis1_surface,kis1,beach_seine,2018-07-15,2018-07-13,2018,surface,3,edna_kis1_30,surface,biological,13.6,30.95,8.13,13.3,31.03,8.11,4.5,1000,0,51.81116654,-128.2295305,sand,n,25,sp,seagrass,zostera,seagrass_sand,zostera_sand,100,2.0011299999999987e-160,313,Metazoa,Nemertea,Pilidiophora,Heteronemertea,Lineidae,Cerebratulus,0,0,TRUE,ASV6878,1,NA
edna0073,ASV233,motu74,Euchlanidae,Rotifer,family,NA,1,NA,1,NA,34,NA,NA,NA,NA,29,No Results,No Results,2018_hab2_surface,hab2,beach_seine,2018-07-15,2018-07-12,2018,surface,1,edna_hab2_00,surface,biological,12.8,31.38,8.02,11.1,31.68,7.99,4.5,1000,0,51.66375908,-128.1431094,sand,n,1000,se,none,none,none_sand,none_sand,91.35,3.005919999999998e-29,77,Metazoa,Rotifera,Rotifera,Ploima,Euchlanidae,NA,1,NA,TRUE,ASV84,2,NA
edna0073,ASV118,motu105,Mesocentrotus franciscanus,Red sea urchin,species,NA,1,NA,1,NA,603,NA,510,NA,NA,318,Mesocentrotus franciscanus,Red sea urchin,2018_hab2_surface,hab2,beach_seine,2018-07-15,2018-07-12,2018,surface,1,edna_hab2_00,surface,biological,12.8,31.38,8.02,11.1,31.68,7.99,4.5,1000,0,51.66375908,-128.1431094,sand,n,1000,se,none,none,none_sand,none_sand,100,2.51921e-159,311,Metazoa,Echinodermata,Echinoidea,Camarodonta,Strongylocentrotidae,Mesocentrotus,0,0,TRUE,ASV118,8,Mesocentrotus franciscanus
edna0073,ASV226,motu199,Mytilus trossulus,Bay mussel,species,NA,1,1,NA,NA,5,5,NA,NA,NA,NA,Mytilus trossulus,Bay mussel,2018_hab2_surface,hab2,beach_seine,2018-07-15,2018-07-12,2018,surface,1,edna_hab2_00,surface,biological,12.8,31.38,8.02,11.1,31.68,7.99,4.5,1000,0,51.66375908,-128.1431094,sand,n,1000,se,none,none,none_sand,none_sand,100,3.2351099999999996e-158,309,Metazoa,Mollusca,Mollusca,Mytilida,Mytilidae,Mytilus,0,0,TRUE,ASV226,18,Mytilus trossulus
edna0073,ASV452,motu183,Euchlanidae,Rotifer,family,NA,1,NA,NA,NA,33,NA,NA,NA,NA,NA,No Results,No Results,2018_hab2_surface,hab2,beach_seine,2018-07-15,2018-07-12,2018,surface,1,edna_hab2_00,surface,biological,12.8,31.38,8.02,11.1,31.68,7.99,4.5,1000,0,51.66375908,-128.1431094,sand,n,1000,se,none,none,none_sand,none_sand,91.35,3.005919999999998e-29,77,Metazoa,Rotifera,Rotifera,Ploima,Euchlanidae,NA,1,NA,TRUE,ASV208,2,NA
edna0073,ASV580,motu150,Pseudocalanus mimus,Calanoid copepod,species,NA,1,1,NA,NA,116,56,NA,NA,NA,NA,Pseudocalanus mimus,Calanoid copepod,2018_hab2_surface,hab2,beach_seine,2018-07-15,2018-07-12,2018,surface,1,edna_hab2_00,surface,biological,12.8,31.38,8.02,11.1,31.68,7.99,4.5,1000,0,51.66375908,-128.1431094,sand,n,1000,se,none,none,none_sand,none_sand,99.67,9.19139e-154,301,Metazoa,Arthropoda,Copepoda,Calanoida,Clausocalanidae,Pseudocalanus,0,0,TRUE,ASV171,10,Pseudocalanus mimus
edna0073,ASV595,motu522,Cecidomyiidae,Hexapod,genus,NA,1,NA,NA,NA,8,NA,NA,NA,NA,NA,Cecidomyiidae,Hexapod,2018_hab2_surface,hab2,beach_seine,2018-07-15,2018-07-12,2018,surface,1,edna_hab2_00,surface,biological,12.8,31.38,8.02,11.1,31.68,7.99,4.5,1000,0,51.66375908,-128.1431094,sand,n,1000,se,none,none,none_sand,none_sand,100,0.00408744,30,Metazoa,Arthropoda,Arthropoda,Diptera,Cecidomyiidae,Cecidomyiidae,NA,NA,TRUE,ASV595,1,NA
edna0073,ASV232,motu204,Cecidomyiidae,Hexapod,genus,NA,1,1,1,NA,6,7,4,NA,NA,6,Cecidomyiidae,Hexapod,2018_hab2_surface,hab2,beach_seine,2018-07-15,2018-07-12,2018,surface,1,edna_hab2_00,surface,biological,12.8,31.38,8.02,11.1,31.68,7.99,4.5,1000,0,51.66375908,-128.1431094,sand,n,1000,se,none,none,none_sand,none_sand,100,0.00408744,30,Metazoa,Arthropoda,Arthropoda,Diptera,Cecidomyiidae,Cecidomyiidae,NA,NA,TRUE,ASV232,1,NA
edna0073,ASV390,motu343,Dodecaceria,Cirratulid polychaete,genus,NA,1,NA,NA,NA,6,NA,NA,NA,NA,NA,Dodecaceria,Cirratulid polychaete,2018_hab2_surface,hab2,beach_seine,2018-07-15,2018-07-12,2018,surface,1,edna_hab2_00,surface,biological,12.8,31.38,8.02,11.1,31.68,7.99,4.5,1000,0,51.66375908,-128.1431094,sand,n,1000,se,none,none,none_sand,none_sand,100,1.96163e-160,313,Metazoa,Annelida,Polychaeta,Terebellida,Cirratulidae,Dodecaceria,0,0,TRUE,ASV390,6,NA
edna0073,ASV916,motu796,Panopea generosa,Pacific geoduck,species,NA,1,NA,NA,NA,19,NA,NA,NA,NA,NA,Panopea generosa,Pacific geoduck,2018_hab2_surface,hab2,beach_seine,2018-07-15,2018-07-12,2018,surface,1,edna_hab2_00,surface,biological,12.8,31.38,8.02,11.1,31.68,7.99,4.5,1000,0,51.66375908,-128.1431094,sand,n,1000,se,none,none,none_sand,none_sand,100,1.96163e-160,313,Metazoa,Mollusca,Bivalvia,Adapedonta,Hiatellidae,Panopea,0,0,TRUE,ASV916,4,Panopea generosa
edna0073,ASV625,motu545,Phascolosoma (Phascolosoma) agassizii,Agassiz peanut worm,species,NA,1,NA,1,NA,43,NA,NA,NA,NA,26,Phascolosoma (Phascolosoma) agassizii,Agassiz peanut worm,2018_hab2_surface,hab2,beach_seine,2018-07-15,2018-07-12,2018,surface,1,edna_hab2_00,surface,biological,12.8,31.38,8.02,11.1,31.68,7.99,4.5,1000,0,51.66375908,-128.1431094,sand,n,1000,se,none,none,none_sand,none_sand,100,1.96163e-160,313,Metazoa,Annelida,NA,Sipuncula,Phascolosomatidae,Phascolosoma,0,0,TRUE,ASV625,3,Phascolosoma (Phascolosoma) agassizii
edna0073,ASV801,motu697,Micropodarke dubia,Hesionid polychaete,species,NA,1,NA,NA,NA,3,NA,NA,NA,NA,NA,Micropodarke dubia,Hesionid polychaete,2018_hab2_surface,hab2,beach_seine,2018-07-15,2018-07-12,2018,surface,1,edna_hab2_00,surface,biological,12.8,31.38,8.02,11.1,31.68,7.99,4.5,1000,0,51.66375908,-128.1431094,sand,n,1000,se,none,none,none_sand,none_sand,100,1.96163e-160,313,Metazoa,Annelida,Polychaeta,Phyllodocida,Hesionidae,Micropodarke,0,0,TRUE,ASV801,2,Micropodarke dubia
edna0073,ASV1748,motu1459,Chaetognatha,Arrow worm,phylum,NA,1,NA,NA,NA,11,NA,NA,NA,NA,NA,Chaetognatha,Arrow worm,2018_hab2_surface,hab2,beach_seine,2018-07-15,2018-07-12,2018,surface,1,edna_hab2_00,surface,biological,12.8,31.38,8.02,11.1,31.68,7.99,4.5,1000,0,51.66375908,-128.1431094,sand,n,1000,se,none,none,none_sand,none_sand,95.02,1.63074e-81,171,Metazoa,Chaetognatha,NA,NA,NA,NA,0,0,TRUE,ASV1748,1,NA
edna0073,ASV2061,motu1544,Panopea generosa,Pacific geoduck,species,NA,1,NA,NA,NA,31,NA,NA,NA,NA,NA,Panopea generosa,Pacific geoduck,2018_hab2_surface,hab2,beach_seine,2018-07-15,2018-07-12,2018,surface,1,edna_hab2_00,surface,biological,12.8,31.38,8.02,11.1,31.68,7.99,4.5,1000,0,51.66375908,-128.1431094,sand,n,1000,se,none,none,none_sand,none_sand,100,1.96163e-160,313,Metazoa,Mollusca,Bivalvia,Adapedonta,Hiatellidae,Panopea,0,0,TRUE,ASV1853,3,Panopea generosa
edna0073,ASV1293,motu1094,Asteriidae,Sea star,family,NA,1,NA,NA,NA,9,NA,NA,NA,NA,NA,Asteriidae,Sea star,2018_hab2_surface,hab2,beach_seine,2018-07-15,2018-07-12,2018,surface,1,edna_hab2_00,surface,biological,12.8,31.38,8.02,11.1,31.68,7.99,4.5,1000,0,51.66375908,-128.1431094,sand,n,1000,se,none,none,none_sand,none_sand,100,1.96163e-160,313,Metazoa,Echinodermata,Echinodermata,Forcipulatida,Asteriidae,NA,0,0,TRUE,ASV1293,1,NA
edna0073,ASV2518,motu2051,Chaetognatha,Arrow worm,phylum,NA,1,NA,NA,NA,21,NA,NA,NA,NA,NA,Chaetognatha,Arrow worm,2018_hab2_surface,hab2,beach_seine,2018-07-15,2018-07-12,2018,surface,1,edna_hab2_00,surface,biological,12.8,31.38,8.02,11.1,31.68,7.99,4.5,1000,0,51.66375908,-128.1431094,sand,n,1000,se,none,none,none_sand,none_sand,96.52,1.6192399999999998e-86,180,Metazoa,Chaetognatha,NA,NA,NA,NA,0,0,TRUE,ASV2518,1,NA
edna0073,ASV2402,motu1965,Chaetognatha,Arrow worm,phylum,NA,1,NA,NA,NA,12,NA,NA,NA,NA,NA,Chaetognatha,Arrow worm,2018_hab2_surface,hab2,beach_seine,2018-07-15,2018-07-12,2018,surface,1,edna_hab2_00,surface,biological,12.8,31.38,8.02,11.1,31.68,7.99,4.5,1000,0,51.66375908,-128.1431094,sand,n,1000,se,none,none,none_sand,none_sand,96.52,1.6192399999999998e-86,180,Metazoa,Chaetognatha,NA,NA,NA,NA,0,0,TRUE,ASV2402,1,NA
edna0073,ASV2840,motu2298,Arthropoda,Unknown arthropod,phylum,NA,1,NA,NA,NA,3,NA,NA,NA,NA,NA,Arthropoda,Unknown arthropod,2018_hab2_surface,hab2,beach_seine,2018-07-15,2018-07-12,2018,surface,1,edna_hab2_00,surface,biological,12.8,31.38,8.02,11.1,31.68,7.99,4.5,1000,0,51.66375908,-128.1431094,sand,n,1000,se,none,none,none_sand,none_sand,95,2.34566e-5,34,Metazoa,Arthropoda,NA,NA,NA,NA,NA,NA,TRUE,ASV2840,1,NA
edna0073,ASV2948,motu2377,Phoronis ijimai,Horseshoe worm,species,NA,1,NA,NA,NA,10,NA,NA,NA,NA,NA,Phoronis ijimai,Horseshoe worm,2018_hab2_surface,hab2,beach_seine,2018-07-15,2018-07-12,2018,surface,1,edna_hab2_00,surface,biological,12.8,31.38,8.02,11.1,31.68,7.99,4.5,1000,0,51.66375908,-128.1431094,sand,n,1000,se,none,none,none_sand,none_sand,98.08,1.9895899999999988e-150,295,Metazoa,Phoronida,NA,NA,Phoronidae,Phoronis,0,0,TRUE,ASV2948,1,Phoronis ijimai
edna0073,ASV1741,motu1453,Phoronis ijimai,Horseshoe worm,species,NA,1,NA,NA,NA,14,NA,NA,NA,NA,NA,Phoronis ijimai,Horseshoe worm,2018_hab2_surface,hab2,beach_seine,2018-07-15,2018-07-12,2018,surface,1,edna_hab2_00,surface,biological,12.8,31.38,8.02,11.1,31.68,7.99,4.5,1000,0,51.66375908,-128.1431094,sand,n,1000,se,none,none,none_sand,none_sand,98.08,1.9895899999999988e-150,295,Metazoa,Phoronida,NA,NA,Phoronidae,Phoronis,0,0,TRUE,ASV1741,1,Phoronis ijimai
edna0073,ASV3266,motu2608,Arthropoda,Unknown arthropod,phylum,NA,1,NA,NA,NA,8,NA,NA,NA,NA,NA,Arthropoda,Unknown arthropod,2018_hab2_surface,hab2,beach_seine,2018-07-15,2018-07-12,2018,surface,1,edna_hab2_00,surface,biological,12.8,31.38,8.02,11.1,31.68,7.99,4.5,1000,0,51.66375908,-128.1431094,sand,n,1000,se,none,none,none_sand,none_sand,100,0.014701,29,Metazoa,Arthropoda,NA,NA,NA,NA,NA,NA,TRUE,ASV3266,1,NA
edna0073,ASV2414,motu1743,Notomastus,Capitellid polychaete,genus,NA,1,NA,NA,NA,12,NA,NA,NA,NA,NA,Notomastus,Capitellid polychaete,2018_hab2_surface,hab2,beach_seine,2018-07-15,2018-07-12,2018,surface,1,edna_hab2_00,surface,biological,12.8,31.38,8.02,11.1,31.68,7.99,4.5,1000,0,51.66375908,-128.1431094,sand,n,1000,se,none,none,none_sand,none_sand,100,1.96163e-160,313,Metazoa,Annelida,Polychaeta,NA,Capitellidae,Notomastus,0,0,TRUE,ASV2114,2,NA
edna0073,ASV3221,motu2578,Nudibranchia,Nudibranch species,order,NA,1,NA,NA,NA,6,NA,NA,NA,NA,NA,Nudibranchia,Nudibranch species,2018_hab2_surface,hab2,beach_seine,2018-07-15,2018-07-12,2018,surface,1,edna_hab2_00,surface,biological,12.8,31.38,8.02,11.1,31.68,7.99,4.5,1000,0,51.66375908,-128.1431094,sand,n,1000,se,none,none,none_sand,none_sand,100,1.96163e-160,313,Metazoa,Mollusca,Mollusca,Nudibranchia,NA,NA,0,0,TRUE,ASV3221,1,NA
edna0073,ASV3696,motu2919,Phacellophora camtschatica,Fried egg jellyfish,species,NA,1,NA,NA,NA,3,NA,NA,NA,NA,NA,Phacellophora camtschatica,Fried egg jellyfish,2018_hab2_surface,hab2,beach_seine,2018-07-15,2018-07-12,2018,surface,1,edna_hab2_00,surface,biological,12.8,31.38,8.02,11.1,31.68,7.99,4.5,1000,0,51.66375908,-128.1431094,sand,n,1000,se,none,none,none_sand,none_sand,100,1.96163e-160,313,Metazoa,Cnidaria,Scyphozoa,Semaeostomeae,Phacellophoridae,Phacellophora,0,0,TRUE,ASV3696,1,Phacellophora camtschatica
edna0073,ASV2881,motu2328,Coleoptera,Hexapod,order,NA,1,NA,NA,NA,2,NA,NA,NA,NA,NA,Coleoptera,Hexapod,2018_hab2_surface,hab2,beach_seine,2018-07-15,2018-07-12,2018,surface,1,edna_hab2_00,surface,biological,12.8,31.38,8.02,11.1,31.68,7.99,4.5,1000,0,51.66375908,-128.1431094,sand,n,1000,se,none,none,none_sand,none_sand,100,0.00110774,31,Metazoa,Arthropoda,Arthropoda,Coleoptera,NA,NA,NA,NA,TRUE,ASV2881,1,NA
edna0073,ASV4482,motu1283,Polymorphidae,Thorny headed worm,family,NA,1,NA,NA,NA,6,NA,NA,NA,NA,NA,Polymorphidae,Thorny headed worm,2018_hab2_surface,hab2,beach_seine,2018-07-15,2018-07-12,2018,surface,1,edna_hab2_00,surface,biological,12.8,31.38,8.02,11.1,31.68,7.99,4.5,1000,0,51.66375908,-128.1431094,sand,n,1000,se,none,none,none_sand,none_sand,94.87,8.37307e-5,33,Metazoa,Acanthocephala,Acanthocephala,Polymorphida,Polymorphidae,NA,0,0,TRUE,ASV1521,2,NA
edna0073,ASV4765,motu1153,Cyanea,Lions mane jellyfish species,genus,NA,1,NA,NA,NA,16,NA,NA,NA,NA,NA,Cyanea,Lions mane jellyfish species,2018_hab2_surface,hab2,beach_seine,2018-07-15,2018-07-12,2018,surface,1,edna_hab2_00,surface,biological,12.8,31.38,8.02,11.1,31.68,7.99,4.5,1000,0,51.66375908,-128.1431094,sand,n,1000,se,none,none,none_sand,none_sand,100,3.2351099999999996e-158,309,Metazoa,Cnidaria,Scyphozoa,Semaeostomeae,Cyaneidae,Cyanea,0,0,TRUE,ASV1367,2,NA
edna0073,ASV3586,motu2841,Membranipora membranacea,Coffin box bryozoan,species,NA,1,NA,NA,NA,4,NA,NA,NA,NA,NA,Membranipora membranacea,Coffin box bryozoan,2018_hab2_surface,hab2,beach_seine,2018-07-15,2018-07-12,2018,surface,1,edna_hab2_00,surface,biological,12.8,31.38,8.02,11.1,31.68,7.99,4.5,1000,0,51.66375908,-128.1431094,sand,n,1000,se,none,none,none_sand,none_sand,99.64,7.2578e-140,276,Metazoa,Bryozoa,Gymnolaemata,Cheilostomatida,Membraniporidae,Membranipora,0,0,TRUE,ASV3586,2,Membranipora membranacea
edna0073,ASV5050,motu3892,Bolinopsis microptera,Short-lobed comb jelly,species,NA,1,NA,NA,NA,4,NA,NA,NA,NA,NA,Bolinopsis microptera,Short-lobed comb jelly,2018_hab2_surface,hab2,beach_seine,2018-07-15,2018-07-12,2018,surface,1,edna_hab2_00,surface,biological,12.8,31.38,8.02,11.1,31.68,7.99,4.5,1000,0,51.66375908,-128.1431094,sand,n,1000,se,none,none,none_sand,none_sand,100,1.96163e-160,313,Metazoa,Ctenophora,Tentaculata,Lobata,Bolinopsidae,Bolinopsis,0,0,TRUE,ASV5050,1,Bolinopsis microptera
edna0073,ASV5053,motu3894,Cicadellidae,Hexapod,family,NA,1,NA,NA,NA,6,NA,NA,NA,NA,NA,Cicadellidae,Hexapod,2018_hab2_surface,hab2,beach_seine,2018-07-15,2018-07-12,2018,surface,1,edna_hab2_00,surface,biological,12.8,31.38,8.02,11.1,31.68,7.99,4.5,1000,0,51.66375908,-128.1431094,sand,n,1000,se,none,none,none_sand,none_sand,91.67,1.83561e-26,72,Metazoa,Arthropoda,Arthropoda,Hemiptera,Cicadellidae,NA,NA,NA,TRUE,ASV5053,1,NA
edna0073,ASV4441,motu3459,Ameira,Harpacticoid copepod,genus,NA,1,NA,NA,NA,4,NA,NA,NA,NA,NA,Ameira,Harpacticoid copepod,2018_hab2_surface,hab2,beach_seine,2018-07-15,2018-07-12,2018,surface,1,edna_hab2_00,surface,biological,12.8,31.38,8.02,11.1,31.68,7.99,4.5,1000,0,51.66375908,-128.1431094,sand,n,1000,se,none,none,none_sand,none_sand,100,3.2351099999999996e-158,309,Metazoa,Arthropoda,Copepoda,Harpacticoida,Ameiridae,Ameira,0,0,TRUE,ASV4441,1,NA
edna0073,ASV3982,motu3128,Proctotrupidae,Hexapod,genus,NA,1,NA,NA,NA,2,NA,NA,NA,NA,NA,Proctotrupidae,Hexapod,2018_hab2_surface,hab2,beach_seine,2018-07-15,2018-07-12,2018,surface,1,edna_hab2_00,surface,biological,12.8,31.38,8.02,11.1,31.68,7.99,4.5,1000,0,51.66375908,-128.1431094,sand,n,1000,se,none,none,none_sand,none_sand,100,6.79151e-6,35,Metazoa,Arthropoda,Arthropoda,Hymenoptera,Proctotrupoidea,Proctotrupidae,NA,NA,TRUE,ASV3982,1,NA
edna0073,ASV7433,motu5818,Vesiculariidae,Bryozoan,family,NA,1,NA,NA,NA,3,NA,NA,NA,NA,NA,Vesiculariidae,Bryozoan,2018_hab2_surface,hab2,beach_seine,2018-07-15,2018-07-12,2018,surface,1,edna_hab2_00,surface,biological,12.8,31.38,8.02,11.1,31.68,7.99,4.5,1000,0,51.66375908,-128.1431094,sand,n,1000,se,none,none,none_sand,none_sand,91.64,5.927319999999993e-106,215,Metazoa,Bryozoa,Bryozoa,Ctenostomatida,Vesiculariidae,NA,0,0,TRUE,ASV7433,1,NA
edna0073,ASV7556,motu5922,Acari,Mite,class,NA,1,NA,NA,NA,3,NA,NA,NA,NA,NA,Acari,Mite,2018_hab2_surface,hab2,beach_seine,2018-07-15,2018-07-12,2018,surface,1,edna_hab2_00,surface,biological,12.8,31.38,8.02,11.1,31.68,7.99,4.5,1000,0,51.66375908,-128.1431094,sand,n,1000,se,none,none,none_sand,none_sand,92.06,4.11116e-13,48,Metazoa,Arthropoda,Arthropoda,NA,NA,NA,NA,NA,TRUE,ASV7556,1,NA
edna0074,ASV258,motu228,Lensia,Siphonophore,genus,NA,1,NA,NA,NA,12,NA,NA,NA,NA,NA,Lensia,Siphonophore,2018_hab2_surface,hab2,beach_seine,2018-07-15,2018-07-12,2018,surface,2,edna_hab2_15,surface,biological,12.3,31.38,8.02,11.2,31.69,7.98,5,1000,0,51.66377693,-128.1433209,sand,n,1000,se,none,none,none_sand,none_sand,100,0.00408744,30,Metazoa,Cnidaria,Cnidaria,Siphonophorae,Diphyidae,Lensia,0,0,TRUE,ASV258,1,NA
edna0074,ASV131,motu117,Lensia,Siphonophore,genus,NA,1,NA,NA,NA,3,NA,NA,NA,NA,NA,Lensia,Siphonophore,2018_hab2_surface,hab2,beach_seine,2018-07-15,2018-07-12,2018,surface,2,edna_hab2_15,surface,biological,12.3,31.38,8.02,11.2,31.69,7.98,5,1000,0,51.66377693,-128.1433209,sand,n,1000,se,none,none,none_sand,none_sand,100,0.00408744,30,Metazoa,Cnidaria,Cnidaria,Siphonophorae,Diphyidae,Lensia,0,0,TRUE,ASV131,2,NA
edna0074,ASV251,motu105,Mesocentrotus franciscanus,Red sea urchin,species,NA,1,NA,1,NA,12,NA,NA,NA,NA,6,Mesocentrotus franciscanus,Red sea urchin,2018_hab2_surface,hab2,beach_seine,2018-07-15,2018-07-12,2018,surface,2,edna_hab2_15,surface,biological,12.3,31.38,8.02,11.2,31.69,7.98,5,1000,0,51.66377693,-128.1433209,sand,n,1000,se,none,none,none_sand,none_sand,100,7.02982e-160,312,Metazoa,Echinodermata,Echinoidea,Camarodonta,Strongylocentrotidae,Mesocentrotus,0,0,TRUE,ASV118,8,Mesocentrotus franciscanus
edna0074,ASV603,motu529,Ophiopholis kennerlyi,Daisy brittle star,species,NA,1,NA,NA,NA,5,NA,NA,NA,NA,NA,Ophiopholis kennerlyi,Daisy brittle star,2018_hab2_surface,hab2,beach_seine,2018-07-15,2018-07-12,2018,surface,2,edna_hab2_15,surface,biological,12.3,31.38,8.02,11.2,31.69,7.98,5,1000,0,51.66377693,-128.1433209,sand,n,1000,se,none,none,none_sand,none_sand,100,1.96163e-160,313,Metazoa,Echinodermata,Echinodermata,Amphilepidida,Ophiopholidae,Ophiopholis,0,0,TRUE,ASV603,6,Ophiopholis kennerlyi
edna0074,ASV398,motu350,Synchaeta pectinata,Rotifer,species,NA,1,1,1,NA,4,4,4,4,NA,NA,Synchaeta pectinata,Rotifer,2018_hab2_surface,hab2,beach_seine,2018-07-15,2018-07-12,2018,surface,2,edna_hab2_15,surface,biological,12.3,31.38,8.02,11.2,31.69,7.98,5,1000,0,51.66377693,-128.1433209,sand,n,1000,se,none,none,none_sand,none_sand,90.48,1.6452299999999999e-111,225,Metazoa,Rotifera,Eurotatoria,Ploima,Synchaetidae,Synchaeta,0,0,TRUE,ASV398,4,Synchaeta pectinata
edna0074,ASV1196,motu537,Mitrocoma cellularia,Cross jelly,species,NA,1,NA,NA,NA,5,NA,NA,NA,NA,NA,Mitrocoma cellularia,Cross jelly,2018_hab2_surface,hab2,beach_seine,2018-07-15,2018-07-12,2018,surface,2,edna_hab2_15,surface,biological,12.3,31.38,8.02,11.2,31.69,7.98,5,1000,0,51.66377693,-128.1433209,sand,n,1000,se,none,none,none_sand,none_sand,99.67,6.925819999999995e-155,303,Metazoa,Cnidaria,Hydrozoa,Leptothecata,Mitrocomidae,Mitrocoma,0,0,TRUE,ASV616,6,Mitrocoma cellularia
edna0074,ASV521,motu458,Sabellariidae,Feather duster worm,family,NA,1,1,1,NA,15,15,23,14,NA,12,Sabellariidae,Feather duster worm,2018_hab2_surface,hab2,beach_seine,2018-07-15,2018-07-12,2018,surface,2,edna_hab2_15,surface,biological,12.3,31.38,8.02,11.2,31.69,7.98,5,1000,0,51.66377693,-128.1433209,sand,n,1000,se,none,none,none_sand,none_sand,99.68,1.5051499999999994e-156,306,Metazoa,Annelida,Polychaeta,NA,Sabellariidae,NA,0,0,TRUE,ASV521,12,NA
edna0074,ASV587,motu517,Balanus,Barnacle species,genus,NA,1,1,1,NA,22,11,34,58,NA,35,Balanus,Barnacle species,2018_hab2_surface,hab2,beach_seine,2018-07-15,2018-07-12,2018,surface,2,edna_hab2_15,surface,biological,12.3,31.38,8.02,11.2,31.69,7.98,5,1000,0,51.66377693,-128.1433209,sand,n,1000,se,none,none,none_sand,none_sand,99.67,6.925819999999995e-155,303,Metazoa,Arthropoda,Arthropoda,Balanomorpha,Balanidae,Balanus,0,0,TRUE,ASV587,10,NA
edna0074,ASV920,motu800,Polymorphidae,Thorny headed worm,family,NA,1,NA,NA,NA,8,NA,NA,NA,NA,NA,Polymorphidae,Thorny headed worm,2018_hab2_surface,hab2,beach_seine,2018-07-15,2018-07-12,2018,surface,2,edna_hab2_15,surface,biological,12.3,31.38,8.02,11.2,31.69,7.98,5,1000,0,51.66377693,-128.1433209,sand,n,1000,se,none,none,none_sand,none_sand,94.87,8.37307e-5,33,Metazoa,Acanthocephala,Acanthocephala,Polymorphida,Polymorphidae,NA,0,0,TRUE,ASV920,3,NA
edna0074,ASV1712,motu1430,Cistenides granulata,Trumpet worm,species,NA,1,NA,NA,NA,12,NA,NA,NA,NA,NA,Cistenides granulata,Trumpet worm,2018_hab2_surface,hab2,beach_seine,2018-07-15,2018-07-12,2018,surface,2,edna_hab2_15,surface,biological,12.3,31.38,8.02,11.2,31.69,7.98,5,1000,0,51.66377693,-128.1433209,sand,n,1000,se,none,none,none_sand,none_sand,100,1.96163e-160,313,Metazoa,Annelida,Polychaeta,Terebellida,Pectinariidae,Pectinaria,0,0,TRUE,ASV1712,1,Cistenides granulata
edna0074,ASV1046,motu902,Arthropoda,Unknown arthropod,phylum,NA,1,NA,NA,NA,3,NA,NA,NA,NA,NA,Arthropoda,Unknown arthropod,2018_hab2_surface,hab2,beach_seine,2018-07-15,2018-07-12,2018,surface,2,edna_hab2_15,surface,biological,12.3,31.38,8.02,11.2,31.69,7.98,5,1000,0,51.66377693,-128.1433209,sand,n,1000,se,none,none,none_sand,none_sand,94.87,8.78538e-5,33,Metazoa,Arthropoda,NA,NA,NA,NA,NA,NA,TRUE,ASV1046,4,NA
edna0074,ASV2296,motu1890,Insecta,Hexapod,class,NA,1,NA,NA,NA,4,NA,NA,NA,NA,NA,Insecta,Hexapod,2018_hab2_surface,hab2,beach_seine,2018-07-15,2018-07-12,2018,surface,2,edna_hab2_15,surface,biological,12.3,31.38,8.02,11.2,31.69,7.98,5,1000,0,51.66377693,-128.1433209,sand,n,1000,se,none,none,none_sand,none_sand,90.91,1.07393e-43,103,Metazoa,Arthropoda,Arthropoda,NA,NA,NA,NA,NA,TRUE,ASV2296,3,NA
edna0074,ASV1741,motu1453,Phoronis ijimai,Horseshoe worm,species,NA,1,NA,1,NA,6,NA,9,NA,NA,16,Phoronis ijimai,Horseshoe worm,2018_hab2_surface,hab2,beach_seine,2018-07-15,2018-07-12,2018,surface,2,edna_hab2_15,surface,biological,12.3,31.38,8.02,11.2,31.69,7.98,5,1000,0,51.66377693,-128.1433209,sand,n,1000,se,none,none,none_sand,none_sand,98.08,1.9895899999999988e-150,295,Metazoa,Phoronida,NA,NA,Phoronidae,Phoronis,0,0,TRUE,ASV1741,1,Phoronis ijimai
edna0074,ASV1923,motu1600,Nudibranchia,Nudibranch species,order,NA,1,NA,1,NA,8,NA,11,NA,NA,9,Nudibranchia,Nudibranch species,2018_hab2_surface,hab2,beach_seine,2018-07-15,2018-07-12,2018,surface,2,edna_hab2_15,surface,biological,12.3,31.38,8.02,11.2,31.69,7.98,5,1000,0,51.66377693,-128.1433209,sand,n,1000,se,none,none,none_sand,none_sand,100,1.96163e-160,313,Metazoa,Mollusca,Mollusca,Nudibranchia,NA,NA,0,0,TRUE,ASV1923,1,NA
edna0074,ASV3221,motu2578,Nudibranchia,Nudibranch species,order,NA,1,NA,NA,NA,5,NA,NA,NA,NA,NA,Nudibranchia,Nudibranch species,2018_hab2_surface,hab2,beach_seine,2018-07-15,2018-07-12,2018,surface,2,edna_hab2_15,surface,biological,12.3,31.38,8.02,11.2,31.69,7.98,5,1000,0,51.66377693,-128.1433209,sand,n,1000,se,none,none,none_sand,none_sand,100,1.96163e-160,313,Metazoa,Mollusca,Mollusca,Nudibranchia,NA,NA,0,0,TRUE,ASV3221,1,NA
edna0074,ASV3763,motu1438,Aurelia labiata,Moon jelly species,species,NA,1,NA,NA,NA,12,NA,NA,NA,NA,NA,Aurelia labiata,Moon jelly species,2018_hab2_surface,hab2,beach_seine,2018-07-15,2018-07-12,2018,surface,2,edna_hab2_15,surface,biological,12.3,31.38,8.02,11.2,31.69,7.98,5,1000,0,51.66377693,-128.1433209,sand,n,1000,se,none,none,none_sand,none_sand,99.68,9.126599999999999e-159,310,Metazoa,Cnidaria,Scyphozoa,Semaeostomeae,Ulmaridae,Aurelia,0,0,TRUE,ASV1722,4,Aurelia labiata
edna0074,ASV4765,motu1153,Cyanea,Lions mane jellyfish species,genus,NA,1,NA,NA,NA,10,NA,NA,NA,NA,NA,Cyanea,Lions mane jellyfish species,2018_hab2_surface,hab2,beach_seine,2018-07-15,2018-07-12,2018,surface,2,edna_hab2_15,surface,biological,12.3,31.38,8.02,11.2,31.69,7.98,5,1000,0,51.66377693,-128.1433209,sand,n,1000,se,none,none,none_sand,none_sand,100,3.2351099999999996e-158,309,Metazoa,Cnidaria,Scyphozoa,Semaeostomeae,Cyaneidae,Cyanea,0,0,TRUE,ASV1367,2,NA
edna0075,ASV131,motu117,Lensia,Siphonophore,genus,NA,1,NA,1,NA,7,NA,14,NA,NA,NA,Lensia,Siphonophore,2018_hab2_surface,hab2,beach_seine,2018-07-15,2018-07-12,2018,surface,3,edna_hab2_30,surface,biological,12.4,31.4,8.03,11.2,31.69,7.99,5,1000,0,51.66379541,-128.143518,sand,n,1000,se,none,none,none_sand,none_sand,100,0.00408744,30,Metazoa,Cnidaria,Cnidaria,Siphonophorae,Diphyidae,Lensia,0,0,TRUE,ASV131,2,NA
edna0075,ASV307,motu118,Mesocentrotus franciscanus,Red sea urchin,species,NA,1,NA,NA,NA,386,NA,NA,NA,NA,NA,Mesocentrotus franciscanus,Red sea urchin,2018_hab2_surface,hab2,beach_seine,2018-07-15,2018-07-12,2018,surface,3,edna_hab2_30,surface,biological,12.4,31.4,8.03,11.2,31.69,7.99,5,1000,0,51.66379541,-128.143518,sand,n,1000,se,none,none,none_sand,none_sand,100,7.02982e-160,312,Metazoa,Echinodermata,Echinoidea,Camarodonta,Strongylocentrotidae,Mesocentrotus,0,0,TRUE,ASV132,8,Mesocentrotus franciscanus
edna0075,ASV354,motu313,Mitrocoma cellularia,Cross jelly,species,NA,1,NA,1,NA,11,NA,NA,NA,NA,9,Mitrocoma cellularia,Cross jelly,2018_hab2_surface,hab2,beach_seine,2018-07-15,2018-07-12,2018,surface,3,edna_hab2_30,surface,biological,12.4,31.4,8.03,11.2,31.69,7.99,5,1000,0,51.66379541,-128.143518,sand,n,1000,se,none,none,none_sand,none_sand,100,1.4886099999999998e-156,306,Metazoa,Cnidaria,Hydrozoa,Leptothecata,Mitrocomidae,Mitrocoma,0,0,TRUE,ASV354,2,Mitrocoma cellularia
edna0075,ASV1038,motu895,Clytia gregaria,Gregarious jellyfish,species,NA,1,NA,NA,NA,24,NA,NA,NA,NA,NA,Clytia gregaria,Gregarious jellyfish,2018_hab2_surface,hab2,beach_seine,2018-07-15,2018-07-12,2018,surface,3,edna_hab2_30,surface,biological,12.4,31.4,8.03,11.2,31.69,7.99,5,1000,0,51.66379541,-128.143518,sand,n,1000,se,none,none,none_sand,none_sand,99.68,9.126599999999999e-159,310,Metazoa,Cnidaria,Hydrozoa,Leptothecata,Campanulariidae,Clytia,0,0,TRUE,ASV1038,2,Clytia gregaria
edna0075,ASV498,motu441,Clytia gregaria,Gregarious jellyfish,species,NA,1,1,NA,NA,28,14,NA,NA,NA,NA,Clytia gregaria,Gregarious jellyfish,2018_hab2_surface,hab2,beach_seine,2018-07-15,2018-07-12,2018,surface,3,edna_hab2_30,surface,biological,12.4,31.4,8.03,11.2,31.69,7.99,5,1000,0,51.66379541,-128.143518,sand,n,1000,se,none,none,none_sand,none_sand,99.68,9.126599999999999e-159,310,Metazoa,Cnidaria,Hydrozoa,Leptothecata,Campanulariidae,Clytia,0,0,TRUE,ASV498,2,Clytia gregaria
edna0075,ASV1187,motu1015,Balanus,Barnacle species,genus,NA,1,NA,NA,NA,4,NA,NA,NA,NA,NA,Balanus,Barnacle species,2018_hab2_surface,hab2,beach_seine,2018-07-15,2018-07-12,2018,surface,3,edna_hab2_30,surface,biological,12.4,31.4,8.03,11.2,31.69,7.99,5,1000,0,51.66379541,-128.143518,sand,n,1000,se,none,none,none_sand,none_sand,100,1.4886099999999998e-156,306,Metazoa,Arthropoda,Arthropoda,Balanomorpha,Balanidae,Balanus,0,0,TRUE,ASV1187,5,NA
edna0075,ASV780,motu679,Aequorea,Crystal jelly species,genus,NA,1,NA,1,NA,10,NA,NA,4,NA,NA,Aequorea,Crystal jelly species,2018_hab2_surface,hab2,beach_seine,2018-07-15,2018-07-12,2018,surface,3,edna_hab2_30,surface,biological,12.4,31.4,8.03,11.2,31.69,7.99,5,1000,0,51.66379541,-128.143518,sand,n,1000,se,none,none,none_sand,none_sand,100,1.4886099999999998e-156,306,Metazoa,Cnidaria,Hydrozoa,Leptothecata,Aequoreidae,Aequorea,0,0,TRUE,ASV780,4,NA
edna0075,ASV1475,motu1246,Cyanea,Lions mane jellyfish species,genus,NA,1,NA,NA,NA,3,NA,NA,NA,NA,NA,Cyanea,Lions mane jellyfish species,2018_hab2_surface,hab2,beach_seine,2018-07-15,2018-07-12,2018,surface,3,edna_hab2_30,surface,biological,12.4,31.4,8.03,11.2,31.69,7.99,5,1000,0,51.66379541,-128.143518,sand,n,1000,se,none,none,none_sand,none_sand,100,3.2351099999999996e-158,309,Metazoa,Cnidaria,Scyphozoa,Semaeostomeae,Cyaneidae,Cyanea,0,0,TRUE,ASV1475,2,NA
edna0075,ASV775,motu675,Aequorea,Crystal jelly species,genus,NA,1,NA,1,NA,9,NA,7,10,NA,5,Aequorea,Crystal jelly species,2018_hab2_surface,hab2,beach_seine,2018-07-15,2018-07-12,2018,surface,3,edna_hab2_30,surface,biological,12.4,31.4,8.03,11.2,31.69,7.99,5,1000,0,51.66379541,-128.143518,sand,n,1000,se,none,none,none_sand,none_sand,100,1.4886099999999998e-156,306,Metazoa,Cnidaria,Hydrozoa,Leptothecata,Aequoreidae,Aequorea,0,0,TRUE,ASV775,3,NA
edna0075,ASV1502,motu1269,Oithona similis,Cyclopoid copepod,species,NA,1,NA,NA,NA,9,NA,NA,NA,NA,NA,Oithona similis,Cyclopoid copepod,2018_hab2_surface,hab2,beach_seine,2018-07-15,2018-07-12,2018,surface,3,edna_hab2_30,surface,biological,12.4,31.4,8.03,11.2,31.69,7.99,5,1000,0,51.66379541,-128.143518,sand,n,1000,se,none,none,none_sand,none_sand,96.17,2.0179399999999996e-140,277,Metazoa,Arthropoda,Copepoda,Cyclopoida,Oithonidae,Oithona,0,0,TRUE,ASV1502,1,Oithona similis
edna0075,ASV1040,motu897,Oithona similis,Cyclopoid copepod,species,NA,1,NA,1,NA,9,NA,10,NA,NA,NA,Oithona similis,Cyclopoid copepod,2018_hab2_surface,hab2,beach_seine,2018-07-15,2018-07-12,2018,surface,3,edna_hab2_30,surface,biological,12.4,31.4,8.03,11.2,31.69,7.99,5,1000,0,51.66379541,-128.143518,sand,n,1000,se,none,none,none_sand,none_sand,96.17,2.0179399999999996e-140,277,Metazoa,Arthropoda,Copepoda,Cyclopoida,Oithonidae,Oithona,0,0,TRUE,ASV1040,1,Oithona similis
edna0075,ASV1923,motu1600,Nudibranchia,Nudibranch species,order,NA,1,NA,NA,NA,6,NA,NA,NA,NA,NA,Nudibranchia,Nudibranch species,2018_hab2_surface,hab2,beach_seine,2018-07-15,2018-07-12,2018,surface,3,edna_hab2_30,surface,biological,12.4,31.4,8.03,11.2,31.69,7.99,5,1000,0,51.66379541,-128.143518,sand,n,1000,se,none,none,none_sand,none_sand,100,1.96163e-160,313,Metazoa,Mollusca,Mollusca,Nudibranchia,NA,NA,0,0,TRUE,ASV1923,1,NA
edna0075,ASV2414,motu1743,Notomastus,Capitellid polychaete,genus,NA,1,NA,1,NA,10,NA,15,NA,NA,NA,Notomastus,Capitellid polychaete,2018_hab2_surface,hab2,beach_seine,2018-07-15,2018-07-12,2018,surface,3,edna_hab2_30,surface,biological,12.4,31.4,8.03,11.2,31.69,7.99,5,1000,0,51.66379541,-128.143518,sand,n,1000,se,none,none,none_sand,none_sand,100,1.96163e-160,313,Metazoa,Annelida,Polychaeta,NA,Capitellidae,Notomastus,0,0,TRUE,ASV2114,2,NA
edna0075,ASV2137,motu883,Balanus nubilus,Giant acorn barnacle,species,NA,1,1,1,NA,63,32,73,92,NA,49,Balanus nubilus,Giant acorn barnacle,2018_hab2_surface,hab2,beach_seine,2018-07-15,2018-07-12,2018,surface,3,edna_hab2_30,surface,biological,12.4,31.4,8.03,11.2,31.69,7.99,5,1000,0,51.66379541,-128.143518,sand,n,1000,se,none,none,none_sand,none_sand,99.35,7.002779999999996e-155,303,Metazoa,Arthropoda,Thecostraca,Balanomorpha,Balanidae,Balanus,0,0,TRUE,ASV1021,4,Balanus nubilus
edna0075,ASV4397,motu1626,Balanus nubilus,Giant acorn barnacle,species,NA,1,NA,NA,NA,53,NA,NA,NA,NA,NA,Balanus nubilus,Giant acorn barnacle,2018_hab2_surface,hab2,beach_seine,2018-07-15,2018-07-12,2018,surface,3,edna_hab2_30,surface,biological,12.4,31.4,8.03,11.2,31.69,7.99,5,1000,0,51.66379541,-128.143518,sand,n,1000,se,none,none,none_sand,none_sand,99.36,4.246189999999999e-157,307,Metazoa,Arthropoda,Thecostraca,Balanomorpha,Balanidae,Balanus,0,0,TRUE,ASV1957,3,Balanus nubilus
edna0077,ASV131,motu117,Lensia,Siphonophore,genus,NA,1,1,1,NA,15,10,6,NA,NA,NA,Lensia,Siphonophore,2018_triquet_depth,triquet,kelp,2018-07-16,NA,2018,depth,1,edna_triquet_15,depth,biological,13.3,31.1,8.15,NA,NA,NA,5.7,1000,0,51.80352819,-128.2545227,rock,NA,NA,NA,macroalgae,macrocystis,macroalgae_rock,macrocystis_rock,100,0.00408744,30,Metazoa,Cnidaria,Cnidaria,Siphonophorae,Diphyidae,Lensia,0,0,TRUE,ASV131,2,NA
edna0077,ASV452,motu183,Euchlanidae,Rotifer,family,NA,1,NA,NA,NA,33,NA,NA,NA,NA,NA,No Results,No Results,2018_triquet_depth,triquet,kelp,2018-07-16,NA,2018,depth,1,edna_triquet_15,depth,biological,13.3,31.1,8.15,NA,NA,NA,5.7,1000,0,51.80352819,-128.2545227,rock,NA,NA,NA,macroalgae,macrocystis,macroalgae_rock,macrocystis_rock,91.35,3.005919999999998e-29,77,Metazoa,Rotifera,Rotifera,Ploima,Euchlanidae,NA,1,NA,TRUE,ASV208,2,NA
edna0077,ASV595,motu522,Cecidomyiidae,Hexapod,genus,NA,1,NA,NA,NA,10,NA,NA,NA,NA,NA,Cecidomyiidae,Hexapod,2018_triquet_depth,triquet,kelp,2018-07-16,NA,2018,depth,1,edna_triquet_15,depth,biological,13.3,31.1,8.15,NA,NA,NA,5.7,1000,0,51.80352819,-128.2545227,rock,NA,NA,NA,macroalgae,macrocystis,macroalgae_rock,macrocystis_rock,100,0.00408744,30,Metazoa,Arthropoda,Arthropoda,Diptera,Cecidomyiidae,Cecidomyiidae,NA,NA,TRUE,ASV595,1,NA
edna0077,ASV354,motu313,Mitrocoma cellularia,Cross jelly,species,NA,1,NA,1,NA,17,NA,9,NA,NA,NA,Mitrocoma cellularia,Cross jelly,2018_triquet_depth,triquet,kelp,2018-07-16,NA,2018,depth,1,edna_triquet_15,depth,biological,13.3,31.1,8.15,NA,NA,NA,5.7,1000,0,51.80352819,-128.2545227,rock,NA,NA,NA,macroalgae,macrocystis,macroalgae_rock,macrocystis_rock,100,1.4886099999999998e-156,306,Metazoa,Cnidaria,Hydrozoa,Leptothecata,Mitrocomidae,Mitrocoma,0,0,TRUE,ASV354,2,Mitrocoma cellularia
edna0077,ASV1013,motu876,Orobdella,Freshwater leech,genus,NA,1,NA,NA,NA,6,NA,NA,NA,NA,NA,Orobdella,Freshwater leech,2018_triquet_depth,triquet,kelp,2018-07-16,NA,2018,depth,1,edna_triquet_15,depth,biological,13.3,31.1,8.15,NA,NA,NA,5.7,1000,0,51.80352819,-128.2545227,rock,NA,NA,NA,macroalgae,macrocystis,macroalgae_rock,macrocystis_rock,97.06,0.00121031,31,Metazoa,Annelida,Annelida,Erpobdelliformes,Orobdellidae,Orobdella,NA,NA,TRUE,ASV1013,1,NA
edna0077,ASV733,motu637,Phyllodocida,Polychaete,order,NA,1,NA,NA,NA,5,NA,NA,NA,NA,NA,Phyllodocida,Polychaete,2018_triquet_depth,triquet,kelp,2018-07-16,NA,2018,depth,1,edna_triquet_15,depth,biological,13.3,31.1,8.15,NA,NA,NA,5.7,1000,0,51.80352819,-128.2545227,rock,NA,NA,NA,macroalgae,macrocystis,macroalgae_rock,macrocystis_rock,100,0.0603188,28,Metazoa,Annelida,Annelida,Phyllodocida,NA,NA,0,0,TRUE,ASV733,1,NA
edna0077,ASV679,motu591,Phyllodocida,Polychaete,order,NA,1,NA,NA,NA,13,NA,NA,NA,NA,NA,Phyllodocida,Polychaete,2018_triquet_depth,triquet,kelp,2018-07-16,NA,2018,depth,1,edna_triquet_15,depth,biological,13.3,31.1,8.15,NA,NA,NA,5.7,1000,0,51.80352819,-128.2545227,rock,NA,NA,NA,macroalgae,macrocystis,macroalgae_rock,macrocystis_rock,100,0.0603188,28,Metazoa,Annelida,Annelida,Phyllodocida,NA,NA,0,0,TRUE,ASV679,1,NA
edna0077,ASV939,motu816,Ergasilida,Cyclopoid copepod,order,NA,1,1,NA,NA,42,34,NA,NA,NA,NA,Ergasilida,Cyclopoid copepod,2018_triquet_depth,triquet,kelp,2018-07-16,NA,2018,depth,1,edna_triquet_15,depth,biological,13.3,31.1,8.15,NA,NA,NA,5.7,1000,0,51.80352819,-128.2545227,rock,NA,NA,NA,macroalgae,macrocystis,macroalgae_rock,macrocystis_rock,100,1.96163e-160,313,Metazoa,Arthropoda,Copepoda,Cyclopoida,NA,NA,0,0,FALSE,ASV939,1,NA
edna0077,ASV1570,motu1323,Pleurobrachia bachei,Pacific sea gooseberry,species,NA,1,1,NA,NA,11,2,NA,NA,NA,NA,Pleurobrachia bachei,Pacific sea gooseberry,2018_triquet_depth,triquet,kelp,2018-07-16,NA,2018,depth,1,edna_triquet_15,depth,biological,13.3,31.1,8.15,NA,NA,NA,5.7,1000,0,51.80352819,-128.2545227,rock,NA,NA,NA,macroalgae,macrocystis,macroalgae_rock,macrocystis_rock,99.68,9.126599999999999e-159,310,Metazoa,Ctenophora,Tentaculata,Cydippida,Cydippidae,Pleurobrachia,0,0,TRUE,ASV1570,1,Pleurobrachia bachei
edna0077,ASV1714,motu1432,Pleurobrachia bachei,Pacific sea gooseberry,species,NA,1,NA,NA,NA,5,NA,NA,NA,NA,NA,Pleurobrachia bachei,Pacific sea gooseberry,2018_triquet_depth,triquet,kelp,2018-07-16,NA,2018,depth,1,edna_triquet_15,depth,biological,13.3,31.1,8.15,NA,NA,NA,5.7,1000,0,51.80352819,-128.2545227,rock,NA,NA,NA,macroalgae,macrocystis,macroalgae_rock,macrocystis_rock,99.68,9.126599999999999e-159,310,Metazoa,Ctenophora,Tentaculata,Cydippida,Cydippidae,Pleurobrachia,0,0,TRUE,ASV1714,1,Pleurobrachia bachei
edna0077,ASV3696,motu2919,Phacellophora camtschatica,Fried egg jellyfish,species,NA,1,NA,NA,NA,2,NA,NA,NA,NA,NA,Phacellophora camtschatica,Fried egg jellyfish,2018_triquet_depth,triquet,kelp,2018-07-16,NA,2018,depth,1,edna_triquet_15,depth,biological,13.3,31.1,8.15,NA,NA,NA,5.7,1000,0,51.80352819,-128.2545227,rock,NA,NA,NA,macroalgae,macrocystis,macroalgae_rock,macrocystis_rock,100,1.96163e-160,313,Metazoa,Cnidaria,Scyphozoa,Semaeostomeae,Phacellophoridae,Phacellophora,0,0,TRUE,ASV3696,1,Phacellophora camtschatica
edna0077,ASV2490,motu2027,Phacellophora camtschatica,Fried egg jellyfish,species,NA,1,NA,1,NA,4,NA,NA,NA,NA,5,Phacellophora camtschatica,Fried egg jellyfish,2018_triquet_depth,triquet,kelp,2018-07-16,NA,2018,depth,1,edna_triquet_15,depth,biological,13.3,31.1,8.15,NA,NA,NA,5.7,1000,0,51.80352819,-128.2545227,rock,NA,NA,NA,macroalgae,macrocystis,macroalgae_rock,macrocystis_rock,100,1.96163e-160,313,Metazoa,Cnidaria,Scyphozoa,Semaeostomeae,Phacellophoridae,Phacellophora,0,0,TRUE,ASV2490,1,Phacellophora camtschatica
edna0077,ASV5910,motu4544,Maculaura oregonensis,Ribbon worm,species,NA,1,NA,NA,NA,4,NA,NA,NA,NA,NA,Maculaura oregonensis,Ribbon worm,2018_triquet_depth,triquet,kelp,2018-07-16,NA,2018,depth,1,edna_triquet_15,depth,biological,13.3,31.1,8.15,NA,NA,NA,5.7,1000,0,51.80352819,-128.2545227,rock,NA,NA,NA,macroalgae,macrocystis,macroalgae_rock,macrocystis_rock,100,3.2351099999999996e-158,309,Metazoa,Nemertea,Pilidiophora,Heteronemertea,Lineidae,Maculaura,0,0,TRUE,ASV5910,1,Maculaura oregonensis
edna0118,ASV131,motu117,Lensia,Siphonophore,genus,NA,1,NA,1,NA,6,NA,13,9,NA,NA,Lensia,Siphonophore,2018_pruth-bay_surface,pruth bay,seagrass,2018-08-16,NA,2018,surface,1,edna_pr_i3_00,repeat-surface,biological,NA,NA,NA,NA,NA,NA,3,1000,0,51.64585977,-128.1195476,sand,NA,NA,NA,seagrass,zostera,seagrass_sand,zostera_sand,100,0.00408744,30,Metazoa,Cnidaria,Cnidaria,Siphonophorae,Diphyidae,Lensia,0,0,TRUE,ASV131,2,NA
edna0118,ASV270,motu199,Mytilus,Mussel species,genus,NA,1,NA,1,NA,4,NA,NA,7,NA,16,Mytilus trossulus,Bay mussel,2018_pruth-bay_surface,pruth bay,seagrass,2018-08-16,NA,2018,surface,1,edna_pr_i3_00,repeat-surface,biological,NA,NA,NA,NA,NA,NA,3,1000,0,51.64585977,-128.1195476,sand,NA,NA,NA,seagrass,zostera,seagrass_sand,zostera_sand,100,3.2351099999999996e-158,309,Metazoa,Mollusca,Mollusca,Mytilida,Mytilidae,Mytilus,0,0,TRUE,ASV226,18,NA
edna0118,ASV280,motu190,Mytilus,Mussel species,genus,NA,1,NA,1,NA,4,NA,NA,NA,NA,10,Mytilus trossulus,Bay mussel,2018_pruth-bay_surface,pruth bay,seagrass,2018-08-16,NA,2018,surface,1,edna_pr_i3_00,repeat-surface,biological,NA,NA,NA,NA,NA,NA,3,1000,0,51.64585977,-128.1195476,sand,NA,NA,NA,seagrass,zostera,seagrass_sand,zostera_sand,100,3.2351099999999996e-158,309,Metazoa,Mollusca,Mollusca,Mytilida,Mytilidae,Mytilus,0,0,TRUE,ASV216,23,NA
edna0118,ASV647,motu560,Synchaeta triophthalma,Rotifer,species,NA,1,1,1,NA,10,4,NA,8,NA,19,Synchaeta triophthalma,Rotifer,2018_pruth-bay_surface,pruth bay,seagrass,2018-08-16,NA,2018,surface,1,edna_pr_i3_00,repeat-surface,biological,NA,NA,NA,NA,NA,NA,3,1000,0,51.64585977,-128.1195476,sand,NA,NA,NA,seagrass,zostera,seagrass_sand,zostera_sand,91.99,3.511259999999999e-118,237,Metazoa,Rotifera,Eurotatoria,Ploima,Synchaetidae,Synchaeta,0,0,TRUE,ASV647,4,Synchaeta triophthalma
edna0118,ASV1238,motu1049,Macoma nasuta,Bent-nosed clam,species,NA,1,NA,NA,NA,3,NA,NA,NA,NA,NA,Macoma nasuta,Bent-nosed clam,2018_pruth-bay_surface,pruth bay,seagrass,2018-08-16,NA,2018,surface,1,edna_pr_i3_00,repeat-surface,biological,NA,NA,NA,NA,NA,NA,3,1000,0,51.64585977,-128.1195476,sand,NA,NA,NA,seagrass,zostera,seagrass_sand,zostera_sand,99.68,9.126599999999999e-159,310,Metazoa,Mollusca,Bivalvia,Cardiida,Tellinidae,Macoma,0,0,TRUE,ASV1238,3,Macoma nasuta
edna0118,ASV2618,motu2123,Insecta,Hexapod,class,NA,1,NA,NA,NA,24,NA,NA,NA,NA,NA,Insecta,Hexapod,2018_pruth-bay_surface,pruth bay,seagrass,2018-08-16,NA,2018,surface,1,edna_pr_i3_00,repeat-surface,biological,NA,NA,NA,NA,NA,NA,3,1000,0,51.64585977,-128.1195476,sand,NA,NA,NA,seagrass,zostera,seagrass_sand,zostera_sand,90.91,1.07393e-43,103,Metazoa,Arthropoda,Arthropoda,NA,NA,NA,NA,NA,TRUE,ASV2618,2,NA
edna0118,ASV3356,motu2675,Chaetognatha,Arrow worm,phylum,NA,1,NA,NA,NA,4,NA,NA,NA,NA,NA,Chaetognatha,Arrow worm,2018_pruth-bay_surface,pruth bay,seagrass,2018-08-16,NA,2018,surface,1,edna_pr_i3_00,repeat-surface,biological,NA,NA,NA,NA,NA,NA,3,1000,0,51.64585977,-128.1195476,sand,NA,NA,NA,seagrass,zostera,seagrass_sand,zostera_sand,98.01,1.6078299999999998e-91,189,Metazoa,Chaetognatha,NA,NA,NA,NA,0,0,TRUE,ASV3356,1,NA
edna0078,ASV131,motu117,Lensia,Siphonophore,genus,NA,1,1,1,NA,47,11,NA,20,NA,NA,Lensia,Siphonophore,2018_triquet_surface,triquet,kelp,2018-07-16,NA,2018,surface,2,edna_triquet_30,surface,biological,14.6,30.7,8.15,NA,NA,NA,5,1000,0,51.80345632,-128.2547138,rock,NA,NA,NA,macroalgae,macrocystis,macroalgae_rock,macrocystis_rock,100,0.00408744,30,Metazoa,Cnidaria,Cnidaria,Siphonophorae,Diphyidae,Lensia,0,0,TRUE,ASV131,2,NA
edna0078,ASV595,motu522,Cecidomyiidae,Hexapod,genus,NA,1,NA,NA,NA,16,NA,NA,NA,NA,NA,Cecidomyiidae,Hexapod,2018_triquet_surface,triquet,kelp,2018-07-16,NA,2018,surface,2,edna_triquet_30,surface,biological,14.6,30.7,8.15,NA,NA,NA,5,1000,0,51.80345632,-128.2547138,rock,NA,NA,NA,macroalgae,macrocystis,macroalgae_rock,macrocystis_rock,100,0.00408744,30,Metazoa,Arthropoda,Arthropoda,Diptera,Cecidomyiidae,Cecidomyiidae,NA,NA,TRUE,ASV595,1,NA
edna0078,ASV285,motu244,Ophiopholis,Brittle star species,genus,NA,1,NA,NA,NA,4,NA,NA,NA,NA,NA,Ophiopholis kennerlyi,Daisy brittle star,2018_triquet_surface,triquet,kelp,2018-07-16,NA,2018,surface,2,edna_triquet_30,surface,biological,14.6,30.7,8.15,NA,NA,NA,5,1000,0,51.80345632,-128.2547138,rock,NA,NA,NA,macroalgae,macrocystis,macroalgae_rock,macrocystis_rock,100,1.96163e-160,313,Metazoa,Echinodermata,Echinodermata,Amphilepidida,Ophiopholidae,Ophiopholis,0,0,TRUE,ASV275,7,NA
edna0078,ASV525,motu461,Chthamalus dalli,Little brown barnacle,species,NA,1,NA,1,NA,11,NA,11,NA,NA,NA,Chthamalus dalli,Little brown barnacle,2018_triquet_surface,triquet,kelp,2018-07-16,NA,2018,surface,2,edna_triquet_30,surface,biological,14.6,30.7,8.15,NA,NA,NA,5,1000,0,51.80345632,-128.2547138,rock,NA,NA,NA,macroalgae,macrocystis,macroalgae_rock,macrocystis_rock,99.04,7.1053799999999944e-155,303,Metazoa,Arthropoda,Thecostraca,Balanomorpha,Chthamalidae,Chthamalus,0,0,TRUE,ASV525,2,Chthamalus dalli
edna0078,ASV891,motu775,Chthamalus dalli,Little brown barnacle,species,NA,1,NA,NA,NA,16,NA,NA,NA,NA,NA,Chthamalus dalli,Little brown barnacle,2018_triquet_surface,triquet,kelp,2018-07-16,NA,2018,surface,2,edna_triquet_30,surface,biological,14.6,30.7,8.15,NA,NA,NA,5,1000,0,51.80345632,-128.2547138,rock,NA,NA,NA,macroalgae,macrocystis,macroalgae_rock,macrocystis_rock,99.04,7.1053799999999944e-155,303,Metazoa,Arthropoda,Thecostraca,Balanomorpha,Chthamalidae,Chthamalus,0,0,TRUE,ASV891,1,Chthamalus dalli
edna0078,ASV1196,motu537,Mitrocoma cellularia,Cross jelly,species,NA,1,NA,NA,NA,439,NA,NA,NA,NA,NA,Mitrocoma cellularia,Cross jelly,2018_triquet_surface,triquet,kelp,2018-07-16,NA,2018,surface,2,edna_triquet_30,surface,biological,14.6,30.7,8.15,NA,NA,NA,5,1000,0,51.80345632,-128.2547138,rock,NA,NA,NA,macroalgae,macrocystis,macroalgae_rock,macrocystis_rock,99.67,6.925819999999995e-155,303,Metazoa,Cnidaria,Hydrozoa,Leptothecata,Mitrocomidae,Mitrocoma,0,0,TRUE,ASV616,6,Mitrocoma cellularia
edna0078,ASV780,motu679,Aequorea,Crystal jelly species,genus,NA,1,NA,NA,NA,5,NA,NA,NA,NA,NA,Aequorea,Crystal jelly species,2018_triquet_surface,triquet,kelp,2018-07-16,NA,2018,surface,2,edna_triquet_30,surface,biological,14.6,30.7,8.15,NA,NA,NA,5,1000,0,51.80345632,-128.2547138,rock,NA,NA,NA,macroalgae,macrocystis,macroalgae_rock,macrocystis_rock,100,1.4886099999999998e-156,306,Metazoa,Cnidaria,Hydrozoa,Leptothecata,Aequoreidae,Aequorea,0,0,TRUE,ASV780,4,NA
edna0078,ASV1748,motu1459,Chaetognatha,Arrow worm,phylum,NA,1,NA,NA,NA,26,NA,NA,NA,NA,NA,Chaetognatha,Arrow worm,2018_triquet_surface,triquet,kelp,2018-07-16,NA,2018,surface,2,edna_triquet_30,surface,biological,14.6,30.7,8.15,NA,NA,NA,5,1000,0,51.80345632,-128.2547138,rock,NA,NA,NA,macroalgae,macrocystis,macroalgae_rock,macrocystis_rock,95.02,1.63074e-81,171,Metazoa,Chaetognatha,NA,NA,NA,NA,0,0,TRUE,ASV1748,1,NA
edna0078,ASV1293,motu1094,Asteriidae,Sea star,family,NA,1,NA,NA,NA,3,NA,NA,NA,NA,NA,Asteriidae,Sea star,2018_triquet_surface,triquet,kelp,2018-07-16,NA,2018,surface,2,edna_triquet_30,surface,biological,14.6,30.7,8.15,NA,NA,NA,5,1000,0,51.80345632,-128.2547138,rock,NA,NA,NA,macroalgae,macrocystis,macroalgae_rock,macrocystis_rock,100,1.96163e-160,313,Metazoa,Echinodermata,Echinodermata,Forcipulatida,Asteriidae,NA,0,0,TRUE,ASV1293,1,NA
edna0078,ASV2203,motu1819,Obelia dichotoma,Sea thread hydroid,species,NA,1,NA,NA,NA,6,NA,NA,NA,NA,NA,Obelia dichotoma,Sea thread hydroid,2018_triquet_surface,triquet,kelp,2018-07-16,NA,2018,surface,2,edna_triquet_30,surface,biological,14.6,30.7,8.15,NA,NA,NA,5,1000,0,51.80345632,-128.2547138,rock,NA,NA,NA,macroalgae,macrocystis,macroalgae_rock,macrocystis_rock,100,5.353989999999996e-156,305,Metazoa,Cnidaria,Hydrozoa,Leptothecata,Campanulariidae,Obelia,0,0,TRUE,ASV2203,1,Obelia dichotoma
edna0078,ASV1082,motu932,Obelia dichotoma,Sea thread hydroid,species,NA,1,NA,NA,NA,6,NA,NA,NA,NA,NA,Obelia dichotoma,Sea thread hydroid,2018_triquet_surface,triquet,kelp,2018-07-16,NA,2018,surface,2,edna_triquet_30,surface,biological,14.6,30.7,8.15,NA,NA,NA,5,1000,0,51.80345632,-128.2547138,rock,NA,NA,NA,macroalgae,macrocystis,macroalgae_rock,macrocystis_rock,100,5.353989999999996e-156,305,Metazoa,Cnidaria,Hydrozoa,Leptothecata,Campanulariidae,Obelia,0,0,TRUE,ASV1082,1,Obelia dichotoma
edna0078,ASV3224,motu2581,Humilaria kennerleyi,Kennerleys venus,species,NA,1,NA,NA,NA,2,NA,NA,NA,NA,NA,Humilaria kennerleyi,Kennerleys venus,2018_triquet_surface,triquet,kelp,2018-07-16,NA,2018,surface,2,edna_triquet_30,surface,biological,14.6,30.7,8.15,NA,NA,NA,5,1000,0,51.80345632,-128.2547138,rock,NA,NA,NA,macroalgae,macrocystis,macroalgae_rock,macrocystis_rock,100,1.96163e-160,313,Metazoa,Mollusca,Bivalvia,Venerida,Veneridae,Humilaria,0,0,TRUE,ASV3224,2,Humilaria kennerleyi
edna0078,ASV2413,motu1971,Ferkeria,Other arachnid,genus,NA,1,1,NA,NA,14,6,NA,NA,NA,NA,Ferkeria,Other arachnid,2018_triquet_surface,triquet,kelp,2018-07-16,NA,2018,surface,2,edna_triquet_30,surface,biological,14.6,30.7,8.15,NA,NA,NA,5,1000,0,51.80345632,-128.2547138,rock,NA,NA,NA,macroalgae,macrocystis,macroalgae_rock,macrocystis_rock,97.06,0.00112005,31,Metazoa,Arthropoda,Arthropoda,Grassatores,NA,Ferkeria,NA,NA,TRUE,ASV2413,1,NA
edna0078,ASV4765,motu1153,Cyanea,Lions mane jellyfish species,genus,NA,1,NA,NA,NA,6,NA,NA,NA,NA,NA,Cyanea,Lions mane jellyfish species,2018_triquet_surface,triquet,kelp,2018-07-16,NA,2018,surface,2,edna_triquet_30,surface,biological,14.6,30.7,8.15,NA,NA,NA,5,1000,0,51.80345632,-128.2547138,rock,NA,NA,NA,macroalgae,macrocystis,macroalgae_rock,macrocystis_rock,100,3.2351099999999996e-158,309,Metazoa,Cnidaria,Scyphozoa,Semaeostomeae,Cyaneidae,Cyanea,0,0,TRUE,ASV1367,2,NA
edna0078,ASV4390,motu1246,Cyanea,Lions mane jellyfish species,genus,NA,1,NA,NA,NA,11,NA,NA,NA,NA,NA,Cyanea,Lions mane jellyfish species,2018_triquet_surface,triquet,kelp,2018-07-16,NA,2018,surface,2,edna_triquet_30,surface,biological,14.6,30.7,8.15,NA,NA,NA,5,1000,0,51.80345632,-128.2547138,rock,NA,NA,NA,macroalgae,macrocystis,macroalgae_rock,macrocystis_rock,100,3.2351099999999996e-158,309,Metazoa,Cnidaria,Scyphozoa,Semaeostomeae,Cyaneidae,Cyanea,0,0,TRUE,ASV1475,2,NA
edna0078,ASV4094,motu3212,Humilaria kennerleyi,Kennerleys venus,species,NA,1,NA,NA,NA,10,NA,NA,NA,NA,NA,Humilaria kennerleyi,Kennerleys venus,2018_triquet_surface,triquet,kelp,2018-07-16,NA,2018,surface,2,edna_triquet_30,surface,biological,14.6,30.7,8.15,NA,NA,NA,5,1000,0,51.80345632,-128.2547138,rock,NA,NA,NA,macroalgae,macrocystis,macroalgae_rock,macrocystis_rock,100,5.334159999999996e-156,305,Metazoa,Mollusca,Bivalvia,Venerida,Veneridae,Humilaria,0,0,TRUE,ASV4094,1,Humilaria kennerleyi
edna0078,ASV5566,motu4273,Ophidiaster,Sea star,genus,NA,1,NA,NA,NA,9,NA,NA,NA,NA,NA,Ophidiaster,Sea star,2018_triquet_surface,triquet,kelp,2018-07-16,NA,2018,surface,2,edna_triquet_30,surface,biological,14.6,30.7,8.15,NA,NA,NA,5,1000,0,51.80345632,-128.2547138,rock,NA,NA,NA,macroalgae,macrocystis,macroalgae_rock,macrocystis_rock,95.12,6.57085e-6,35,Metazoa,Echinodermata,Echinodermata,Valvatida,Ophidiasteridae,Ophidiaster,0,0,TRUE,ASV5566,1,NA
edna0078,ASV6233,motu4807,Antheraea,Hexapod,genus,NA,1,NA,NA,NA,10,NA,NA,NA,NA,NA,Antheraea,Hexapod,2018_triquet_surface,triquet,kelp,2018-07-16,NA,2018,surface,2,edna_triquet_30,surface,biological,14.6,30.7,8.15,NA,NA,NA,5,1000,0,51.80345632,-128.2547138,rock,NA,NA,NA,macroalgae,macrocystis,macroalgae_rock,macrocystis_rock,96,6.87942e-11,44,Metazoa,Arthropoda,Arthropoda,Lepidoptera,Bombycoidea,Antheraea,NA,NA,TRUE,ASV6233,1,NA
edna0078,ASV6244,motu4817,Blattidae,Hexapod,family,NA,1,NA,NA,NA,4,NA,NA,NA,NA,NA,Blattidae,Hexapod,2018_triquet_surface,triquet,kelp,2018-07-16,NA,2018,surface,2,edna_triquet_30,surface,biological,14.6,30.7,8.15,NA,NA,NA,5,1000,0,51.80345632,-128.2547138,rock,NA,NA,NA,macroalgae,macrocystis,macroalgae_rock,macrocystis_rock,93.06,4.08218e-18,57,Metazoa,Arthropoda,Arthropoda,Dictyoptera,Blattidae,NA,NA,NA,TRUE,ASV6244,1,NA
edna0078,ASV7438,motu5823,Cucumaria pseudocurata,Tar spot sea cucumber,species,NA,1,NA,NA,NA,2,NA,NA,NA,NA,NA,Cucumaria pseudocurata,Tar spot sea cucumber,2018_triquet_surface,triquet,kelp,2018-07-16,NA,2018,surface,2,edna_triquet_30,surface,biological,14.6,30.7,8.15,NA,NA,NA,5,1000,0,51.80345632,-128.2547138,rock,NA,NA,NA,macroalgae,macrocystis,macroalgae_rock,macrocystis_rock,98.69,2.559169999999998e-149,293,Metazoa,Echinodermata,Holothuroidea,Dendrochirotida,Cucumariidae,Cucumaria,0,0,TRUE,ASV7438,1,Cucumaria pseudocurata
edna0080,ASV1196,motu537,Mitrocoma cellularia,Cross jelly,species,NA,1,NA,NA,NA,209,NA,NA,NA,NA,NA,Mitrocoma cellularia,Cross jelly,2018_triquet_surface,triquet,kelp,2018-07-16,NA,2018,surface,3,edna_triquet_15,surface,biological,14.9,30.94,8.15,NA,NA,NA,5.6,1000,0,51.80352819,-128.2545227,rock,NA,NA,NA,macroalgae,macrocystis,macroalgae_rock,macrocystis_rock,99.67,6.925819999999995e-155,303,Metazoa,Cnidaria,Hydrozoa,Leptothecata,Mitrocomidae,Mitrocoma,0,0,TRUE,ASV616,6,Mitrocoma cellularia
edna0080,ASV750,motu654,Orobdella,Freshwater leech,genus,NA,1,NA,NA,NA,48,NA,NA,NA,NA,NA,Orobdella,Freshwater leech,2018_triquet_surface,triquet,kelp,2018-07-16,NA,2018,surface,3,edna_triquet_15,surface,biological,14.9,30.94,8.15,NA,NA,NA,5.6,1000,0,51.80352819,-128.2545227,rock,NA,NA,NA,macroalgae,macrocystis,macroalgae_rock,macrocystis_rock,97.06,0.00121031,31,Metazoa,Annelida,Annelida,Erpobdelliformes,Orobdellidae,Orobdella,NA,NA,TRUE,ASV750,1,NA
edna0080,ASV1154,motu989,Eupolymnia heterobranchia,Brown intertidal spaghetti worm,species,NA,1,NA,NA,NA,6,NA,NA,NA,NA,NA,Eupolymnia heterobranchia,Brown intertidal spaghetti worm,2018_triquet_surface,triquet,kelp,2018-07-16,NA,2018,surface,3,edna_triquet_15,surface,biological,14.9,30.94,8.15,NA,NA,NA,5.6,1000,0,51.80352819,-128.2545227,rock,NA,NA,NA,macroalgae,macrocystis,macroalgae_rock,macrocystis_rock,100,1.4886099999999998e-156,306,Metazoa,Annelida,Polychaeta,Terebellida,Terebellidae,Eupolymnia,0,0,TRUE,ASV1154,3,Eupolymnia heterobranchia
edna0080,ASV733,motu637,Phyllodocida,Polychaete,order,NA,1,NA,NA,NA,8,NA,NA,NA,NA,NA,Phyllodocida,Polychaete,2018_triquet_surface,triquet,kelp,2018-07-16,NA,2018,surface,3,edna_triquet_15,surface,biological,14.9,30.94,8.15,NA,NA,NA,5.6,1000,0,51.80352819,-128.2545227,rock,NA,NA,NA,macroalgae,macrocystis,macroalgae_rock,macrocystis_rock,100,0.0603188,28,Metazoa,Annelida,Annelida,Phyllodocida,NA,NA,0,0,TRUE,ASV733,1,NA
edna0080,ASV679,motu591,Phyllodocida,Polychaete,order,NA,1,1,NA,NA,9,6,NA,NA,NA,NA,Phyllodocida,Polychaete,2018_triquet_surface,triquet,kelp,2018-07-16,NA,2018,surface,3,edna_triquet_15,surface,biological,14.9,30.94,8.15,NA,NA,NA,5.6,1000,0,51.80352819,-128.2545227,rock,NA,NA,NA,macroalgae,macrocystis,macroalgae_rock,macrocystis_rock,100,0.0603188,28,Metazoa,Annelida,Annelida,Phyllodocida,NA,NA,0,0,TRUE,ASV679,1,NA
edna0080,ASV1502,motu1269,Oithona similis,Cyclopoid copepod,species,NA,1,NA,NA,NA,7,NA,NA,NA,NA,NA,Oithona similis,Cyclopoid copepod,2018_triquet_surface,triquet,kelp,2018-07-16,NA,2018,surface,3,edna_triquet_15,surface,biological,14.9,30.94,8.15,NA,NA,NA,5.6,1000,0,51.80352819,-128.2545227,rock,NA,NA,NA,macroalgae,macrocystis,macroalgae_rock,macrocystis_rock,96.17,2.0179399999999996e-140,277,Metazoa,Arthropoda,Copepoda,Cyclopoida,Oithonidae,Oithona,0,0,TRUE,ASV1502,1,Oithona similis
edna0080,ASV1040,motu897,Oithona similis,Cyclopoid copepod,species,NA,1,NA,NA,NA,8,NA,NA,NA,NA,NA,Oithona similis,Cyclopoid copepod,2018_triquet_surface,triquet,kelp,2018-07-16,NA,2018,surface,3,edna_triquet_15,surface,biological,14.9,30.94,8.15,NA,NA,NA,5.6,1000,0,51.80352819,-128.2545227,rock,NA,NA,NA,macroalgae,macrocystis,macroalgae_rock,macrocystis_rock,96.17,2.0179399999999996e-140,277,Metazoa,Arthropoda,Copepoda,Cyclopoida,Oithonidae,Oithona,0,0,TRUE,ASV1040,1,Oithona similis
edna0080,ASV1748,motu1459,Chaetognatha,Arrow worm,phylum,NA,1,NA,NA,NA,20,NA,NA,NA,NA,NA,Chaetognatha,Arrow worm,2018_triquet_surface,triquet,kelp,2018-07-16,NA,2018,surface,3,edna_triquet_15,surface,biological,14.9,30.94,8.15,NA,NA,NA,5.6,1000,0,51.80352819,-128.2545227,rock,NA,NA,NA,macroalgae,macrocystis,macroalgae_rock,macrocystis_rock,95.02,1.63074e-81,171,Metazoa,Chaetognatha,NA,NA,NA,NA,0,0,TRUE,ASV1748,1,NA
edna0080,ASV1732,motu1446,Polycirrus,Sphagetti worm,genus,NA,1,NA,NA,NA,2,NA,NA,NA,NA,NA,Polycirrus,Sphagetti worm,2018_triquet_surface,triquet,kelp,2018-07-16,NA,2018,surface,3,edna_triquet_15,surface,biological,14.9,30.94,8.15,NA,NA,NA,5.6,1000,0,51.80352819,-128.2545227,rock,NA,NA,NA,macroalgae,macrocystis,macroalgae_rock,macrocystis_rock,100,1.96163e-160,313,Metazoa,Annelida,Polychaeta,Terebellida,Terebellidae,Polycirrus,0,0,TRUE,ASV1732,2,NA
edna0080,ASV2203,motu1819,Obelia dichotoma,Sea thread hydroid,species,NA,1,NA,NA,NA,3,NA,NA,NA,NA,NA,Obelia dichotoma,Sea thread hydroid,2018_triquet_surface,triquet,kelp,2018-07-16,NA,2018,surface,3,edna_triquet_15,surface,biological,14.9,30.94,8.15,NA,NA,NA,5.6,1000,0,51.80352819,-128.2545227,rock,NA,NA,NA,macroalgae,macrocystis,macroalgae_rock,macrocystis_rock,100,5.353989999999996e-156,305,Metazoa,Cnidaria,Hydrozoa,Leptothecata,Campanulariidae,Obelia,0,0,TRUE,ASV2203,1,Obelia dichotoma
edna0080,ASV2413,motu1971,Ferkeria,Other arachnid,genus,NA,1,NA,NA,NA,14,NA,NA,NA,NA,NA,Ferkeria,Other arachnid,2018_triquet_surface,triquet,kelp,2018-07-16,NA,2018,surface,3,edna_triquet_15,surface,biological,14.9,30.94,8.15,NA,NA,NA,5.6,1000,0,51.80352819,-128.2545227,rock,NA,NA,NA,macroalgae,macrocystis,macroalgae_rock,macrocystis_rock,97.06,0.00112005,31,Metazoa,Arthropoda,Arthropoda,Grassatores,NA,Ferkeria,NA,NA,TRUE,ASV2413,1,NA
edna0080,ASV3175,motu2541,Arthropoda,Unknown arthropod,phylum,NA,1,NA,NA,NA,7,NA,NA,NA,NA,NA,Arthropoda,Unknown arthropod,2018_triquet_surface,triquet,kelp,2018-07-16,NA,2018,surface,3,edna_triquet_15,surface,biological,14.9,30.94,8.15,NA,NA,NA,5.6,1000,0,51.80352819,-128.2545227,rock,NA,NA,NA,macroalgae,macrocystis,macroalgae_rock,macrocystis_rock,100,0.014701,29,Metazoa,Arthropoda,NA,NA,NA,NA,NA,NA,TRUE,ASV3175,1,NA
edna0080,ASV3266,motu2608,Arthropoda,Unknown arthropod,phylum,NA,1,NA,NA,NA,5,NA,NA,NA,NA,NA,Arthropoda,Unknown arthropod,2018_triquet_surface,triquet,kelp,2018-07-16,NA,2018,surface,3,edna_triquet_15,surface,biological,14.9,30.94,8.15,NA,NA,NA,5.6,1000,0,51.80352819,-128.2545227,rock,NA,NA,NA,macroalgae,macrocystis,macroalgae_rock,macrocystis_rock,100,0.014701,29,Metazoa,Arthropoda,NA,NA,NA,NA,NA,NA,TRUE,ASV3266,1,NA
edna0080,ASV2335,motu1921,Ferkeria,Other arachnid,genus,NA,1,NA,1,NA,11,NA,5,NA,NA,NA,Ferkeria,Other arachnid,2018_triquet_surface,triquet,kelp,2018-07-16,NA,2018,surface,3,edna_triquet_15,surface,biological,14.9,30.94,8.15,NA,NA,NA,5.6,1000,0,51.80352819,-128.2545227,rock,NA,NA,NA,macroalgae,macrocystis,macroalgae_rock,macrocystis_rock,97.06,0.00112005,31,Metazoa,Arthropoda,Arthropoda,Grassatores,NA,Ferkeria,NA,NA,TRUE,ASV2335,1,NA
edna0080,ASV3696,motu2919,Phacellophora camtschatica,Fried egg jellyfish,species,NA,1,NA,NA,NA,4,NA,NA,NA,NA,NA,Phacellophora camtschatica,Fried egg jellyfish,2018_triquet_surface,triquet,kelp,2018-07-16,NA,2018,surface,3,edna_triquet_15,surface,biological,14.9,30.94,8.15,NA,NA,NA,5.6,1000,0,51.80352819,-128.2545227,rock,NA,NA,NA,macroalgae,macrocystis,macroalgae_rock,macrocystis_rock,100,1.96163e-160,313,Metazoa,Cnidaria,Scyphozoa,Semaeostomeae,Phacellophoridae,Phacellophora,0,0,TRUE,ASV3696,1,Phacellophora camtschatica
edna0080,ASV5566,motu4273,Ophidiaster,Sea star,genus,NA,1,NA,NA,NA,12,NA,NA,NA,NA,NA,Ophidiaster,Sea star,2018_triquet_surface,triquet,kelp,2018-07-16,NA,2018,surface,3,edna_triquet_15,surface,biological,14.9,30.94,8.15,NA,NA,NA,5.6,1000,0,51.80352819,-128.2545227,rock,NA,NA,NA,macroalgae,macrocystis,macroalgae_rock,macrocystis_rock,95.12,6.57085e-6,35,Metazoa,Echinodermata,Echinodermata,Valvatida,Ophidiasteridae,Ophidiaster,0,0,TRUE,ASV5566,1,NA
edna0080,ASV7577,motu5941,Chimaerohemecidae,Flatworm,family,NA,1,NA,NA,NA,3,NA,NA,NA,NA,NA,Chimaerohemecidae,Flatworm,2018_triquet_surface,triquet,kelp,2018-07-16,NA,2018,surface,3,edna_triquet_15,surface,biological,14.9,30.94,8.15,NA,NA,NA,5.6,1000,0,51.80352819,-128.2545227,rock,NA,NA,NA,macroalgae,macrocystis,macroalgae_rock,macrocystis_rock,94.59,0.00115934,31,Metazoa,Platyhelminthes,Platyhelminthes,Diplostomida,Chimaerohemecidae,NA,0,0,TRUE,ASV7577,1,NA
edna0080,ASV3630,motu2877,Pseudocnus lubricus,Fishers sea cucumber,species,NA,1,NA,NA,NA,2,NA,NA,NA,NA,NA,Pseudocnus lubricus,Fishers sea cucumber,2018_triquet_surface,triquet,kelp,2018-07-16,NA,2018,surface,3,edna_triquet_15,surface,biological,14.9,30.94,8.15,NA,NA,NA,5.6,1000,0,51.80352819,-128.2545227,rock,NA,NA,NA,macroalgae,macrocystis,macroalgae_rock,macrocystis_rock,100,1.4886099999999998e-156,306,Metazoa,Echinodermata,Holothuroidea,Dendrochirotida,Cucumariidae,Cucumaria,0,0,TRUE,ASV3630,1,Pseudocnus lubricus
edna0081,ASV34,motu31,Centropages abdominalis,Calanoid copepod,species,NA,1,NA,NA,NA,6,NA,NA,NA,NA,NA,Centropages abdominalis,Calanoid copepod,2018_triquet_depth,triquet,kelp,2018-07-16,NA,2018,depth,3,edna_triquet_30,depth,biological,13.3,31.07,8.14,NA,NA,NA,5.6,1000,0,51.80345632,-128.2547138,rock,NA,NA,NA,macroalgae,macrocystis,macroalgae_rock,macrocystis_rock,100,1.96163e-160,313,Metazoa,Arthropoda,Copepoda,Calanoida,Centropagidae,Centropages,0,0,TRUE,ASV34,19,Centropages abdominalis
edna0081,ASV131,motu117,Lensia,Siphonophore,genus,NA,1,NA,NA,NA,9,NA,NA,NA,NA,NA,Lensia,Siphonophore,2018_triquet_depth,triquet,kelp,2018-07-16,NA,2018,depth,3,edna_triquet_30,depth,biological,13.3,31.07,8.14,NA,NA,NA,5.6,1000,0,51.80345632,-128.2547138,rock,NA,NA,NA,macroalgae,macrocystis,macroalgae_rock,macrocystis_rock,100,0.00408744,30,Metazoa,Cnidaria,Cnidaria,Siphonophorae,Diphyidae,Lensia,0,0,TRUE,ASV131,2,NA
edna0081,ASV354,motu313,Mitrocoma cellularia,Cross jelly,species,NA,1,1,1,NA,21,8,11,13,NA,14,Mitrocoma cellularia,Cross jelly,2018_triquet_depth,triquet,kelp,2018-07-16,NA,2018,depth,3,edna_triquet_30,depth,biological,13.3,31.07,8.14,NA,NA,NA,5.6,1000,0,51.80345632,-128.2547138,rock,NA,NA,NA,macroalgae,macrocystis,macroalgae_rock,macrocystis_rock,100,1.4886099999999998e-156,306,Metazoa,Cnidaria,Hydrozoa,Leptothecata,Mitrocomidae,Mitrocoma,0,0,TRUE,ASV354,2,Mitrocoma cellularia
edna0081,ASV308,motu270,Synchaeta baltica,Rotifer,species,NA,1,NA,NA,NA,2,NA,NA,NA,NA,NA,Synchaeta baltica,Rotifer,2018_triquet_depth,triquet,kelp,2018-07-16,NA,2018,depth,3,edna_triquet_30,depth,biological,13.3,31.07,8.14,NA,NA,NA,5.6,1000,0,51.80345632,-128.2547138,rock,NA,NA,NA,macroalgae,macrocystis,macroalgae_rock,macrocystis_rock,90.79,3.5361899999999996e-113,228,Metazoa,Rotifera,Eurotatoria,Ploima,Synchaetidae,Synchaeta,0,0,TRUE,ASV308,3,Synchaeta baltica
edna0081,ASV352,motu311,Synchaeta vorax,Rotifer,species,NA,1,1,1,NA,9,6,12,NA,NA,14,Synchaeta vorax,Rotifer,2018_triquet_depth,triquet,kelp,2018-07-16,NA,2018,depth,3,edna_triquet_30,depth,biological,13.3,31.07,8.14,NA,NA,NA,5.6,1000,0,51.80345632,-128.2547138,rock,NA,NA,NA,macroalgae,macrocystis,macroalgae_rock,macrocystis_rock,98.08,7.129989999999999e-150,294,Metazoa,Rotifera,Eurotatoria,Ploima,Synchaetidae,Synchaeta,0,0,TRUE,ASV352,4,Synchaeta vorax
edna0081,ASV1062,motu914,Chone magna,Feather duster worm,species,NA,1,NA,NA,NA,10,NA,NA,NA,NA,NA,Chone magna,Feather duster worm,2018_triquet_depth,triquet,kelp,2018-07-16,NA,2018,depth,3,edna_triquet_30,depth,biological,13.3,31.07,8.14,NA,NA,NA,5.6,1000,0,51.80345632,-128.2547138,rock,NA,NA,NA,macroalgae,macrocystis,macroalgae_rock,macrocystis_rock,100,1.96163e-160,313,Metazoa,Annelida,Polychaeta,Sabellida,Sabellidae,Chone,0,0,TRUE,ASV1062,2,Chone magna
edna0081,ASV716,motu622,Chone magna,Feather duster worm,species,NA,1,1,NA,NA,6,9,NA,NA,NA,NA,Chone magna,Feather duster worm,2018_triquet_depth,triquet,kelp,2018-07-16,NA,2018,depth,3,edna_triquet_30,depth,biological,13.3,31.07,8.14,NA,NA,NA,5.6,1000,0,51.80345632,-128.2547138,rock,NA,NA,NA,macroalgae,macrocystis,macroalgae_rock,macrocystis_rock,100,1.96163e-160,313,Metazoa,Annelida,Polychaeta,Sabellida,Sabellidae,Chone,0,0,TRUE,ASV716,2,Chone magna
edna0081,ASV1187,motu1015,Balanus,Barnacle species,genus,NA,1,NA,NA,NA,47,NA,NA,NA,NA,NA,Balanus,Barnacle species,2018_triquet_depth,triquet,kelp,2018-07-16,NA,2018,depth,3,edna_triquet_30,depth,biological,13.3,31.07,8.14,NA,NA,NA,5.6,1000,0,51.80345632,-128.2547138,rock,NA,NA,NA,macroalgae,macrocystis,macroalgae_rock,macrocystis_rock,100,1.4886099999999998e-156,306,Metazoa,Arthropoda,Arthropoda,Balanomorpha,Balanidae,Balanus,0,0,TRUE,ASV1187,5,NA
edna0081,ASV679,motu591,Phyllodocida,Polychaete,order,NA,1,NA,NA,NA,5,NA,NA,NA,NA,NA,Phyllodocida,Polychaete,2018_triquet_depth,triquet,kelp,2018-07-16,NA,2018,depth,3,edna_triquet_30,depth,biological,13.3,31.07,8.14,NA,NA,NA,5.6,1000,0,51.80345632,-128.2547138,rock,NA,NA,NA,macroalgae,macrocystis,macroalgae_rock,macrocystis_rock,100,0.0603188,28,Metazoa,Annelida,Annelida,Phyllodocida,NA,NA,0,0,TRUE,ASV679,1,NA
edna0081,ASV1546,motu1303,Chaetognatha,Arrow worm,phylum,NA,1,NA,NA,NA,15,NA,NA,NA,NA,NA,Chaetognatha,Arrow worm,2018_triquet_depth,triquet,kelp,2018-07-16,NA,2018,depth,3,edna_triquet_30,depth,biological,13.3,31.07,8.14,NA,NA,NA,5.6,1000,0,51.80345632,-128.2547138,rock,NA,NA,NA,macroalgae,macrocystis,macroalgae_rock,macrocystis_rock,95.02,1.63074e-81,171,Metazoa,Chaetognatha,NA,NA,NA,NA,0,0,TRUE,ASV1546,2,NA
edna0081,ASV1492,motu1259,Membranipora membranacea,Coffin box bryozoan,species,NA,1,NA,NA,NA,2,NA,NA,NA,NA,NA,Membranipora membranacea,Coffin box bryozoan,2018_triquet_depth,triquet,kelp,2018-07-16,NA,2018,depth,3,edna_triquet_30,depth,biological,13.3,31.07,8.14,NA,NA,NA,5.6,1000,0,51.80345632,-128.2547138,rock,NA,NA,NA,macroalgae,macrocystis,macroalgae_rock,macrocystis_rock,100,9.252979999999995e-139,274,Metazoa,Bryozoa,Gymnolaemata,Cheilostomatida,Membraniporidae,Membranipora,0,0,TRUE,ASV1492,2,Membranipora membranacea
edna0081,ASV1748,motu1459,Chaetognatha,Arrow worm,phylum,NA,1,NA,NA,NA,10,NA,NA,NA,NA,NA,Chaetognatha,Arrow worm,2018_triquet_depth,triquet,kelp,2018-07-16,NA,2018,depth,3,edna_triquet_30,depth,biological,13.3,31.07,8.14,NA,NA,NA,5.6,1000,0,51.80345632,-128.2547138,rock,NA,NA,NA,macroalgae,macrocystis,macroalgae_rock,macrocystis_rock,95.02,1.63074e-81,171,Metazoa,Chaetognatha,NA,NA,NA,NA,0,0,TRUE,ASV1748,1,NA
edna0081,ASV1742,motu1454,Micropodarke dubia,Hesionid polychaete,species,NA,1,NA,NA,NA,8,NA,NA,NA,NA,NA,Micropodarke dubia,Hesionid polychaete,2018_triquet_depth,triquet,kelp,2018-07-16,NA,2018,depth,3,edna_triquet_30,depth,biological,13.3,31.07,8.14,NA,NA,NA,5.6,1000,0,51.80345632,-128.2547138,rock,NA,NA,NA,macroalgae,macrocystis,macroalgae_rock,macrocystis_rock,100,1.96163e-160,313,Metazoa,Annelida,Polychaeta,Phyllodocida,Hesionidae,Micropodarke,0,0,TRUE,ASV1742,2,Micropodarke dubia
edna0081,ASV1046,motu902,Arthropoda,Unknown arthropod,phylum,NA,1,NA,NA,NA,6,NA,NA,NA,NA,NA,Arthropoda,Unknown arthropod,2018_triquet_depth,triquet,kelp,2018-07-16,NA,2018,depth,3,edna_triquet_30,depth,biological,13.3,31.07,8.14,NA,NA,NA,5.6,1000,0,51.80345632,-128.2547138,rock,NA,NA,NA,macroalgae,macrocystis,macroalgae_rock,macrocystis_rock,94.87,8.78538e-5,33,Metazoa,Arthropoda,NA,NA,NA,NA,NA,NA,TRUE,ASV1046,4,NA
edna0081,ASV2469,motu2011,Siphonenteron,Ribbon worm,genus,NA,1,NA,NA,NA,3,NA,NA,NA,NA,NA,Siphonenteron,Ribbon worm,2018_triquet_depth,triquet,kelp,2018-07-16,NA,2018,depth,3,edna_triquet_30,depth,biological,13.3,31.07,8.14,NA,NA,NA,5.6,1000,0,51.80345632,-128.2547138,rock,NA,NA,NA,macroalgae,macrocystis,macroalgae_rock,macrocystis_rock,100,1.96163e-160,313,Metazoa,Nemertea,Pilidiophora,Heteronemertea,Lineidae,Siphonenteron,0,0,TRUE,ASV2469,1,NA
edna0081,ASV2930,motu2362,Chaetognatha,Arrow worm,phylum,NA,1,NA,NA,NA,12,NA,NA,NA,NA,NA,Chaetognatha,Arrow worm,2018_triquet_depth,triquet,kelp,2018-07-16,NA,2018,depth,3,edna_triquet_30,depth,biological,13.3,31.07,8.14,NA,NA,NA,5.6,1000,0,51.80345632,-128.2547138,rock,NA,NA,NA,macroalgae,macrocystis,macroalgae_rock,macrocystis_rock,98.01,1.6078299999999998e-91,189,Metazoa,Chaetognatha,NA,NA,NA,NA,0,0,TRUE,ASV2930,1,NA
edna0081,ASV3534,motu2809,Polypogon,Hexapod,genus,NA,1,NA,NA,NA,9,NA,NA,NA,NA,NA,Polypogon,Hexapod,2018_triquet_depth,triquet,kelp,2018-07-16,NA,2018,depth,3,edna_triquet_30,depth,biological,13.3,31.07,8.14,NA,NA,NA,5.6,1000,0,51.80345632,-128.2547138,rock,NA,NA,NA,macroalgae,macrocystis,macroalgae_rock,macrocystis_rock,95.12,6.79151e-6,35,Metazoa,Arthropoda,Arthropoda,Lepidoptera,Noctuoidea,Polypogon,NA,NA,TRUE,ASV3534,1,NA
edna0081,ASV3570,motu944,Dodecaceria,Cirratulid polychaete,genus,NA,1,NA,NA,NA,7,NA,NA,NA,NA,NA,Dodecaceria,Cirratulid polychaete,2018_triquet_depth,triquet,kelp,2018-07-16,NA,2018,depth,3,edna_triquet_30,depth,biological,13.3,31.07,8.14,NA,NA,NA,5.6,1000,0,51.80345632,-128.2547138,rock,NA,NA,NA,macroalgae,macrocystis,macroalgae_rock,macrocystis_rock,100,2.51921e-159,311,Metazoa,Annelida,Polychaeta,Terebellida,Cirratulidae,Dodecaceria,0,0,TRUE,ASV1097,6,NA
edna0081,ASV1462,motu1233,Clytia gregaria,Gregarious jellyfish,species,NA,1,NA,NA,NA,11,NA,NA,NA,NA,NA,Clytia gregaria,Gregarious jellyfish,2018_triquet_depth,triquet,kelp,2018-07-16,NA,2018,depth,3,edna_triquet_30,depth,biological,13.3,31.07,8.14,NA,NA,NA,5.6,1000,0,51.80345632,-128.2547138,rock,NA,NA,NA,macroalgae,macrocystis,macroalgae_rock,macrocystis_rock,99.67,6.925819999999995e-155,303,Metazoa,Cnidaria,Hydrozoa,Leptothecata,Campanulariidae,Clytia,0,0,TRUE,ASV1462,2,Clytia gregaria
edna0081,ASV3834,motu3013,Thecostraca,Thecostracan crustacean species,class,NA,1,NA,NA,NA,12,NA,NA,NA,NA,NA,Thecostraca,Thecostracan crustacean species,2018_triquet_depth,triquet,kelp,2018-07-16,NA,2018,depth,3,edna_triquet_30,depth,biological,13.3,31.07,8.14,NA,NA,NA,5.6,1000,0,51.80345632,-128.2547138,rock,NA,NA,NA,macroalgae,macrocystis,macroalgae_rock,macrocystis_rock,97.22,8.40478e-5,33,Metazoa,Arthropoda,Arthropoda,NA,NA,NA,0,0,TRUE,ASV3834,3,NA
edna0081,ASV6548,motu1989,Pseudocnus curatus,Aggregating sea cucumber,species,NA,1,NA,NA,NA,6,NA,NA,NA,NA,NA,Pseudocnus curatus,Aggregating sea cucumber,2018_triquet_depth,triquet,kelp,2018-07-16,NA,2018,depth,3,edna_triquet_30,depth,biological,13.3,31.07,8.14,NA,NA,NA,5.6,1000,0,51.80345632,-128.2547138,rock,NA,NA,NA,macroalgae,macrocystis,macroalgae_rock,macrocystis_rock,99.67,2.5411299999999984e-154,302,Metazoa,Echinodermata,Echinodermata,Dendrochirotida,Cucumariidae,Pseudocnus,0,0,TRUE,ASV2438,2,Pseudocnus curatus
edna0082,ASV307,motu118,Mesocentrotus franciscanus,Red sea urchin,species,NA,1,NA,1,NA,345,NA,89,NA,NA,NA,Mesocentrotus franciscanus,Red sea urchin,2018_manley_surface,manley,kelp,2018-07-16,NA,2018,surface,1,edna_manley_00,surface,biological,13.8,30.69,8.22,11.6,31.19,8.07,7.5,1000,0,51.80108298,-128.1997573,rock,NA,NA,NA,macroalgae,macrocystis,macroalgae_rock,macrocystis_rock,100,7.02982e-160,312,Metazoa,Echinodermata,Echinoidea,Camarodonta,Strongylocentrotidae,Mesocentrotus,0,0,TRUE,ASV132,8,Mesocentrotus franciscanus
edna0082,ASV233,motu74,Euchlanidae,Rotifer,family,NA,1,NA,NA,NA,31,NA,NA,NA,NA,NA,No Results,No Results,2018_manley_surface,manley,kelp,2018-07-16,NA,2018,surface,1,edna_manley_00,surface,biological,13.8,30.69,8.22,11.6,31.19,8.07,7.5,1000,0,51.80108298,-128.1997573,rock,NA,NA,NA,macroalgae,macrocystis,macroalgae_rock,macrocystis_rock,91.35,3.005919999999998e-29,77,Metazoa,Rotifera,Rotifera,Ploima,Euchlanidae,NA,1,NA,TRUE,ASV84,2,NA
edna0082,ASV270,motu199,Mytilus,Mussel species,genus,NA,1,1,NA,NA,15,11,NA,NA,NA,NA,Mytilus trossulus,Bay mussel,2018_manley_surface,manley,kelp,2018-07-16,NA,2018,surface,1,edna_manley_00,surface,biological,13.8,30.69,8.22,11.6,31.19,8.07,7.5,1000,0,51.80108298,-128.1997573,rock,NA,NA,NA,macroalgae,macrocystis,macroalgae_rock,macrocystis_rock,100,3.2351099999999996e-158,309,Metazoa,Mollusca,Mollusca,Mytilida,Mytilidae,Mytilus,0,0,TRUE,ASV226,18,NA
edna0082,ASV580,motu150,Pseudocalanus mimus,Calanoid copepod,species,NA,1,1,NA,NA,72,41,NA,NA,NA,NA,Pseudocalanus mimus,Calanoid copepod,2018_manley_surface,manley,kelp,2018-07-16,NA,2018,surface,1,edna_manley_00,surface,biological,13.8,30.69,8.22,11.6,31.19,8.07,7.5,1000,0,51.80108298,-128.1997573,rock,NA,NA,NA,macroalgae,macrocystis,macroalgae_rock,macrocystis_rock,99.67,9.19139e-154,301,Metazoa,Arthropoda,Copepoda,Calanoida,Clausocalanidae,Pseudocalanus,0,0,TRUE,ASV171,10,Pseudocalanus mimus
edna0082,ASV595,motu522,Cecidomyiidae,Hexapod,genus,NA,1,NA,NA,NA,9,NA,NA,NA,NA,NA,Cecidomyiidae,Hexapod,2018_manley_surface,manley,kelp,2018-07-16,NA,2018,surface,1,edna_manley_00,surface,biological,13.8,30.69,8.22,11.6,31.19,8.07,7.5,1000,0,51.80108298,-128.1997573,rock,NA,NA,NA,macroalgae,macrocystis,macroalgae_rock,macrocystis_rock,100,0.00408744,30,Metazoa,Arthropoda,Arthropoda,Diptera,Cecidomyiidae,Cecidomyiidae,NA,NA,TRUE,ASV595,1,NA
edna0082,ASV275,motu244,Ophiopholis kennerlyi,Daisy brittle star,species,NA,1,1,1,NA,76,69,96,60,NA,63,Ophiopholis kennerlyi,Daisy brittle star,2018_manley_surface,manley,kelp,2018-07-16,NA,2018,surface,1,edna_manley_00,surface,biological,13.8,30.69,8.22,11.6,31.19,8.07,7.5,1000,0,51.80108298,-128.1997573,rock,NA,NA,NA,macroalgae,macrocystis,macroalgae_rock,macrocystis_rock,100,1.96163e-160,313,Metazoa,Echinodermata,Echinodermata,Amphilepidida,Ophiopholidae,Ophiopholis,0,0,TRUE,ASV275,7,Ophiopholis kennerlyi
edna0082,ASV603,motu529,Ophiopholis kennerlyi,Daisy brittle star,species,NA,1,NA,NA,NA,73,NA,NA,NA,NA,NA,Ophiopholis kennerlyi,Daisy brittle star,2018_manley_surface,manley,kelp,2018-07-16,NA,2018,surface,1,edna_manley_00,surface,biological,13.8,30.69,8.22,11.6,31.19,8.07,7.5,1000,0,51.80108298,-128.1997573,rock,NA,NA,NA,macroalgae,macrocystis,macroalgae_rock,macrocystis_rock,100,1.96163e-160,313,Metazoa,Echinodermata,Echinodermata,Amphilepidida,Ophiopholidae,Ophiopholis,0,0,TRUE,ASV603,6,Ophiopholis kennerlyi
edna0082,ASV843,motu343,Dodecaceria,Cirratulid polychaete,genus,NA,1,NA,NA,NA,94,NA,NA,NA,NA,NA,Dodecaceria,Cirratulid polychaete,2018_manley_surface,manley,kelp,2018-07-16,NA,2018,surface,1,edna_manley_00,surface,biological,13.8,30.69,8.22,11.6,31.19,8.07,7.5,1000,0,51.80108298,-128.1997573,rock,NA,NA,NA,macroalgae,macrocystis,macroalgae_rock,macrocystis_rock,99.68,9.126599999999999e-159,310,Metazoa,Annelida,Polychaeta,Terebellida,Cirratulidae,Dodecaceria,0,0,TRUE,ASV390,6,NA
edna0082,ASV500,motu283,Dodecaceria,Cirratulid polychaete,genus,NA,1,NA,NA,NA,105,NA,NA,NA,NA,NA,Dodecaceria,Cirratulid polychaete,2018_manley_surface,manley,kelp,2018-07-16,NA,2018,surface,1,edna_manley_00,surface,biological,13.8,30.69,8.22,11.6,31.19,8.07,7.5,1000,0,51.80108298,-128.1997573,rock,NA,NA,NA,macroalgae,macrocystis,macroalgae_rock,macrocystis_rock,99.68,9.126599999999999e-159,310,Metazoa,Annelida,Polychaeta,Terebellida,Cirratulidae,Dodecaceria,0,0,TRUE,ASV322,5,NA
edna0082,ASV521,motu458,Sabellariidae,Feather duster worm,family,NA,1,NA,1,NA,41,NA,NA,6,NA,NA,Sabellariidae,Feather duster worm,2018_manley_surface,manley,kelp,2018-07-16,NA,2018,surface,1,edna_manley_00,surface,biological,13.8,30.69,8.22,11.6,31.19,8.07,7.5,1000,0,51.80108298,-128.1997573,rock,NA,NA,NA,macroalgae,macrocystis,macroalgae_rock,macrocystis_rock,99.68,1.5051499999999994e-156,306,Metazoa,Annelida,Polychaeta,NA,Sabellariidae,NA,0,0,TRUE,ASV521,12,NA
edna0082,ASV1013,motu876,Orobdella,Freshwater leech,genus,NA,1,NA,NA,NA,38,NA,NA,NA,NA,NA,Orobdella,Freshwater leech,2018_manley_surface,manley,kelp,2018-07-16,NA,2018,surface,1,edna_manley_00,surface,biological,13.8,30.69,8.22,11.6,31.19,8.07,7.5,1000,0,51.80108298,-128.1997573,rock,NA,NA,NA,macroalgae,macrocystis,macroalgae_rock,macrocystis_rock,97.06,0.00121031,31,Metazoa,Annelida,Annelida,Erpobdelliformes,Orobdellidae,Orobdella,NA,NA,TRUE,ASV1013,1,NA
edna0082,ASV643,motu557,Macoma nasuta,Bent-nosed clam,species,NA,1,1,NA,NA,6,5,NA,NA,NA,NA,Macoma nasuta,Bent-nosed clam,2018_manley_surface,manley,kelp,2018-07-16,NA,2018,surface,1,edna_manley_00,surface,biological,13.8,30.69,8.22,11.6,31.19,8.07,7.5,1000,0,51.80108298,-128.1997573,rock,NA,NA,NA,macroalgae,macrocystis,macroalgae_rock,macrocystis_rock,99.68,9.126599999999999e-159,310,Metazoa,Mollusca,Bivalvia,Cardiida,Tellinidae,Macoma,0,0,TRUE,ASV643,4,Macoma nasuta
edna0082,ASV542,motu476,Phascolosoma (Phascolosoma) agassizii,Agassiz peanut worm,species,NA,1,1,1,NA,126,71,137,NA,NA,95,Phascolosoma (Phascolosoma) agassizii,Agassiz peanut worm,2018_manley_surface,manley,kelp,2018-07-16,NA,2018,surface,1,edna_manley_00,surface,biological,13.8,30.69,8.22,11.6,31.19,8.07,7.5,1000,0,51.80108298,-128.1997573,rock,NA,NA,NA,macroalgae,macrocystis,macroalgae_rock,macrocystis_rock,100,1.96163e-160,313,Metazoa,Annelida,NA,Sipuncula,Phascolosomatidae,Phascolosoma,0,0,TRUE,ASV542,4,Phascolosoma (Phascolosoma) agassizii
edna0082,ASV598,motu524,Strongylocentrotus droebachiensis,Green sea urcin,species,NA,1,NA,NA,NA,4,NA,NA,NA,NA,NA,Strongylocentrotus droebachiensis,Green sea urcin,2018_manley_surface,manley,kelp,2018-07-16,NA,2018,surface,1,edna_manley_00,surface,biological,13.8,30.69,8.22,11.6,31.19,8.07,7.5,1000,0,51.80108298,-128.1997573,rock,NA,NA,NA,macroalgae,macrocystis,macroalgae_rock,macrocystis_rock,100,1.96163e-160,313,Metazoa,Echinodermata,Echinoidea,Camarodonta,Strongylocentrotidae,Strongylocentrotus,0,0,TRUE,ASV598,2,Strongylocentrotus droebachiensis
edna0082,ASV1238,motu1049,Macoma nasuta,Bent-nosed clam,species,NA,1,NA,NA,NA,7,NA,NA,NA,NA,NA,Macoma nasuta,Bent-nosed clam,2018_manley_surface,manley,kelp,2018-07-16,NA,2018,surface,1,edna_manley_00,surface,biological,13.8,30.69,8.22,11.6,31.19,8.07,7.5,1000,0,51.80108298,-128.1997573,rock,NA,NA,NA,macroalgae,macrocystis,macroalgae_rock,macrocystis_rock,99.68,9.126599999999999e-159,310,Metazoa,Mollusca,Bivalvia,Cardiida,Tellinidae,Macoma,0,0,TRUE,ASV1238,3,Macoma nasuta
edna0082,ASV978,motu848,Halosydna brevisetosa,Shortscaled worm,species,NA,1,1,1,NA,46,43,NA,NA,NA,56,Halosydna brevisetosa,Shortscaled worm,2018_manley_surface,manley,kelp,2018-07-16,NA,2018,surface,1,edna_manley_00,surface,biological,13.8,30.69,8.22,11.6,31.19,8.07,7.5,1000,0,51.80108298,-128.1997573,rock,NA,NA,NA,macroalgae,macrocystis,macroalgae_rock,macrocystis_rock,100,1.96163e-160,313,Metazoa,Annelida,Polychaeta,Phyllodocida,Polynoidae,Halosydna,0,0,TRUE,ASV978,4,Halosydna brevisetosa
edna0082,ASV624,motu544,Halosydna brevisetosa,Shortscaled worm,species,NA,1,1,1,NA,35,34,90,NA,NA,62,Halosydna brevisetosa,Shortscaled worm,2018_manley_surface,manley,kelp,2018-07-16,NA,2018,surface,1,edna_manley_00,surface,biological,13.8,30.69,8.22,11.6,31.19,8.07,7.5,1000,0,51.80108298,-128.1997573,rock,NA,NA,NA,macroalgae,macrocystis,macroalgae_rock,macrocystis_rock,100,1.96163e-160,313,Metazoa,Annelida,Polychaeta,Phyllodocida,Polynoidae,Halosydna,0,0,TRUE,ASV624,4,Halosydna brevisetosa
edna0082,ASV1526,motu1287,Myxicola aesthetica,Feather duster worm,species,NA,1,NA,NA,NA,38,NA,NA,NA,NA,NA,Myxicola aesthetica,Feather duster worm,2018_manley_surface,manley,kelp,2018-07-16,NA,2018,surface,1,edna_manley_00,surface,biological,13.8,30.69,8.22,11.6,31.19,8.07,7.5,1000,0,51.80108298,-128.1997573,rock,NA,NA,NA,macroalgae,macrocystis,macroalgae_rock,macrocystis_rock,100,1.96163e-160,313,Metazoa,Annelida,Polychaeta,Sabellida,Sabellidae,Myxicola,0,0,TRUE,ASV1526,2,Myxicola aesthetica
edna0082,ASV1040,motu897,Oithona similis,Cyclopoid copepod,species,NA,1,NA,1,NA,10,NA,NA,3,NA,10,Oithona similis,Cyclopoid copepod,2018_manley_surface,manley,kelp,2018-07-16,NA,2018,surface,1,edna_manley_00,surface,biological,13.8,30.69,8.22,11.6,31.19,8.07,7.5,1000,0,51.80108298,-128.1997573,rock,NA,NA,NA,macroalgae,macrocystis,macroalgae_rock,macrocystis_rock,96.17,2.0179399999999996e-140,277,Metazoa,Arthropoda,Copepoda,Cyclopoida,Oithonidae,Oithona,0,0,TRUE,ASV1040,1,Oithona similis
edna0082,ASV765,motu666,Myxicola aesthetica,Feather duster worm,species,NA,1,1,1,NA,49,27,63,23,NA,NA,Myxicola aesthetica,Feather duster worm,2018_manley_surface,manley,kelp,2018-07-16,NA,2018,surface,1,edna_manley_00,surface,biological,13.8,30.69,8.22,11.6,31.19,8.07,7.5,1000,0,51.80108298,-128.1997573,rock,NA,NA,NA,macroalgae,macrocystis,macroalgae_rock,macrocystis_rock,100,1.96163e-160,313,Metazoa,Annelida,Polychaeta,Sabellida,Sabellidae,Myxicola,0,0,TRUE,ASV765,3,Myxicola aesthetica
edna0082,ASV1059,motu911,Pleurobrachia bachei,Pacific sea gooseberry,species,NA,1,NA,1,NA,4,NA,NA,NA,NA,7,Pleurobrachia bachei,Pacific sea gooseberry,2018_manley_surface,manley,kelp,2018-07-16,NA,2018,surface,1,edna_manley_00,surface,biological,13.8,30.69,8.22,11.6,31.19,8.07,7.5,1000,0,51.80108298,-128.1997573,rock,NA,NA,NA,macroalgae,macrocystis,macroalgae_rock,macrocystis_rock,100,1.96163e-160,313,Metazoa,Ctenophora,Tentaculata,Cydippida,Cydippidae,Pleurobrachia,0,0,TRUE,ASV1059,3,Pleurobrachia bachei
edna0082,ASV386,motu316,Hiatella,Clam species,genus,NA,1,1,1,NA,97,35,74,42,NA,66,Hiatella,Clam species,2018_manley_surface,manley,kelp,2018-07-16,NA,2018,surface,1,edna_manley_00,surface,biological,13.8,30.69,8.22,11.6,31.19,8.07,7.5,1000,0,51.80108298,-128.1997573,rock,NA,NA,NA,macroalgae,macrocystis,macroalgae_rock,macrocystis_rock,100,9.027749999999999e-159,310,Metazoa,Mollusca,Bivalvia,Adapedonta,Hiatellidae,Hiatella,0,0,TRUE,ASV357,9,NA
edna0082,ASV1068,motu920,Arthropoda,Unknown arthropod,phylum,NA,1,NA,1,NA,11,NA,8,NA,NA,NA,Arthropoda,Unknown arthropod,2018_manley_surface,manley,kelp,2018-07-16,NA,2018,surface,1,edna_manley_00,surface,biological,13.8,30.69,8.22,11.6,31.19,8.07,7.5,1000,0,51.80108298,-128.1997573,rock,NA,NA,NA,macroalgae,macrocystis,macroalgae_rock,macrocystis_rock,94.87,8.78538e-5,33,Metazoa,Arthropoda,NA,NA,NA,NA,NA,NA,TRUE,ASV1068,4,NA
edna0082,ASV1742,motu1454,Micropodarke dubia,Hesionid polychaete,species,NA,1,NA,NA,NA,15,NA,NA,NA,NA,NA,Micropodarke dubia,Hesionid polychaete,2018_manley_surface,manley,kelp,2018-07-16,NA,2018,surface,1,edna_manley_00,surface,biological,13.8,30.69,8.22,11.6,31.19,8.07,7.5,1000,0,51.80108298,-128.1997573,rock,NA,NA,NA,macroalgae,macrocystis,macroalgae_rock,macrocystis_rock,100,1.96163e-160,313,Metazoa,Annelida,Polychaeta,Phyllodocida,Hesionidae,Micropodarke,0,0,TRUE,ASV1742,2,Micropodarke dubia
edna0082,ASV1070,motu922,Pleurobrachia bachei,Pacific sea gooseberry,species,NA,1,NA,1,NA,3,NA,NA,NA,NA,4,Pleurobrachia bachei,Pacific sea gooseberry,2018_manley_surface,manley,kelp,2018-07-16,NA,2018,surface,1,edna_manley_00,surface,biological,13.8,30.69,8.22,11.6,31.19,8.07,7.5,1000,0,51.80108298,-128.1997573,rock,NA,NA,NA,macroalgae,macrocystis,macroalgae_rock,macrocystis_rock,100,1.96163e-160,313,Metazoa,Ctenophora,Tentaculata,Cydippida,Cydippidae,Pleurobrachia,0,0,TRUE,ASV1070,7,Pleurobrachia bachei
edna0082,ASV2752,motu2226,Spionidae,Spionid polychaete,family,NA,1,NA,NA,NA,178,NA,NA,NA,NA,NA,Spionidae,Spionid polychaete,2018_manley_surface,manley,kelp,2018-07-16,NA,2018,surface,1,edna_manley_00,surface,biological,13.8,30.69,8.22,11.6,31.19,8.07,7.5,1000,0,51.80108298,-128.1997573,rock,NA,NA,NA,macroalgae,macrocystis,macroalgae_rock,macrocystis_rock,92.7,6.41781e-46,107,Metazoa,Annelida,Annelida,Spionida,Spionidae,NA,0,0,TRUE,ASV2752,2,NA
edna0082,ASV2426,motu1978,Paleanotus bellis,Golden petal worm,species,NA,1,NA,NA,NA,20,NA,NA,NA,NA,NA,Paleanotus bellis,Golden petal worm,2018_manley_surface,manley,kelp,2018-07-16,NA,2018,surface,1,edna_manley_00,surface,biological,13.8,30.69,8.22,11.6,31.19,8.07,7.5,1000,0,51.80108298,-128.1997573,rock,NA,NA,NA,macroalgae,macrocystis,macroalgae_rock,macrocystis_rock,100,3.2351099999999996e-158,309,Metazoa,Annelida,Polychaeta,Phyllodocida,Chrysopetalidae,Paleanotus,0,0,TRUE,ASV2426,2,Paleanotus bellis
edna0082,ASV1917,motu1595,Arthropoda,Unknown arthropod,phylum,NA,1,NA,NA,NA,8,NA,NA,NA,NA,NA,Arthropoda,Unknown arthropod,2018_manley_surface,manley,kelp,2018-07-16,NA,2018,surface,1,edna_manley_00,surface,biological,13.8,30.69,8.22,11.6,31.19,8.07,7.5,1000,0,51.80108298,-128.1997573,rock,NA,NA,NA,macroalgae,macrocystis,macroalgae_rock,macrocystis_rock,95,2.34566e-5,34,Metazoa,Arthropoda,NA,NA,NA,NA,NA,NA,TRUE,ASV1917,1,NA
edna0082,ASV1654,motu1388,Paleanotus bellis,Golden petal worm,species,NA,1,1,1,NA,12,11,13,NA,NA,8,Paleanotus bellis,Golden petal worm,2018_manley_surface,manley,kelp,2018-07-16,NA,2018,surface,1,edna_manley_00,surface,biological,13.8,30.69,8.22,11.6,31.19,8.07,7.5,1000,0,51.80108298,-128.1997573,rock,NA,NA,NA,macroalgae,macrocystis,macroalgae_rock,macrocystis_rock,100,3.2351099999999996e-158,309,Metazoa,Annelida,Polychaeta,Phyllodocida,Chrysopetalidae,Paleanotus,0,0,TRUE,ASV1654,4,Paleanotus bellis
edna0082,ASV2710,motu2196,Centropages abdominalis,Calanoid copepod,species,NA,1,NA,NA,NA,59,NA,NA,NA,NA,NA,Centropages abdominalis,Calanoid copepod,2018_manley_surface,manley,kelp,2018-07-16,NA,2018,surface,1,edna_manley_00,surface,biological,13.8,30.69,8.22,11.6,31.19,8.07,7.5,1000,0,51.80108298,-128.1997573,rock,NA,NA,NA,macroalgae,macrocystis,macroalgae_rock,macrocystis_rock,100,1.96163e-160,313,Metazoa,Arthropoda,Copepoda,Calanoida,Centropagidae,Centropages,0,0,TRUE,ASV2710,1,Centropages abdominalis
edna0082,ASV2930,motu2362,Chaetognatha,Arrow worm,phylum,NA,1,NA,NA,NA,11,NA,NA,NA,NA,NA,Chaetognatha,Arrow worm,2018_manley_surface,manley,kelp,2018-07-16,NA,2018,surface,1,edna_manley_00,surface,biological,13.8,30.69,8.22,11.6,31.19,8.07,7.5,1000,0,51.80108298,-128.1997573,rock,NA,NA,NA,macroalgae,macrocystis,macroalgae_rock,macrocystis_rock,98.01,1.6078299999999998e-91,189,Metazoa,Chaetognatha,NA,NA,NA,NA,0,0,TRUE,ASV2930,1,NA
edna0082,ASV2840,motu2298,Arthropoda,Unknown arthropod,phylum,NA,1,NA,NA,NA,5,NA,NA,NA,NA,NA,Arthropoda,Unknown arthropod,2018_manley_surface,manley,kelp,2018-07-16,NA,2018,surface,1,edna_manley_00,surface,biological,13.8,30.69,8.22,11.6,31.19,8.07,7.5,1000,0,51.80108298,-128.1997573,rock,NA,NA,NA,macroalgae,macrocystis,macroalgae_rock,macrocystis_rock,95,2.34566e-5,34,Metazoa,Arthropoda,NA,NA,NA,NA,NA,NA,TRUE,ASV2840,1,NA
edna0082,ASV2184,motu1801,Halosydna brevisetosa,Shortscaled worm,species,NA,1,1,1,NA,102,48,87,61,NA,NA,Halosydna brevisetosa,Shortscaled worm,2018_manley_surface,manley,kelp,2018-07-16,NA,2018,surface,1,edna_manley_00,surface,biological,13.8,30.69,8.22,11.6,31.19,8.07,7.5,1000,0,51.80108298,-128.1997573,rock,NA,NA,NA,macroalgae,macrocystis,macroalgae_rock,macrocystis_rock,99.36,4.246189999999999e-157,307,Metazoa,Annelida,Polychaeta,Phyllodocida,Polynoidae,Halosydna,0,0,TRUE,ASV2184,1,Halosydna brevisetosa
edna0082,ASV3224,motu2581,Humilaria kennerleyi,Kennerleys venus,species,NA,1,NA,NA,NA,12,NA,NA,NA,NA,NA,Humilaria kennerleyi,Kennerleys venus,2018_manley_surface,manley,kelp,2018-07-16,NA,2018,surface,1,edna_manley_00,surface,biological,13.8,30.69,8.22,11.6,31.19,8.07,7.5,1000,0,51.80108298,-128.1997573,rock,NA,NA,NA,macroalgae,macrocystis,macroalgae_rock,macrocystis_rock,100,1.96163e-160,313,Metazoa,Mollusca,Bivalvia,Venerida,Veneridae,Humilaria,0,0,TRUE,ASV3224,2,Humilaria kennerleyi
edna0082,ASV3266,motu2608,Arthropoda,Unknown arthropod,phylum,NA,1,NA,NA,NA,6,NA,NA,NA,NA,NA,Arthropoda,Unknown arthropod,2018_manley_surface,manley,kelp,2018-07-16,NA,2018,surface,1,edna_manley_00,surface,biological,13.8,30.69,8.22,11.6,31.19,8.07,7.5,1000,0,51.80108298,-128.1997573,rock,NA,NA,NA,macroalgae,macrocystis,macroalgae_rock,macrocystis_rock,100,0.014701,29,Metazoa,Arthropoda,NA,NA,NA,NA,NA,NA,TRUE,ASV3266,1,NA
edna0082,ASV3017,motu2432,Euphausia pacifica,North Pacific krill,species,NA,1,NA,NA,NA,2,NA,NA,NA,NA,NA,Euphausia pacifica,North Pacific krill,2018_manley_surface,manley,kelp,2018-07-16,NA,2018,surface,1,edna_manley_00,surface,biological,13.8,30.69,8.22,11.6,31.19,8.07,7.5,1000,0,51.80108298,-128.1997573,rock,NA,NA,NA,macroalgae,macrocystis,macroalgae_rock,macrocystis_rock,100,3.2351099999999996e-158,309,Metazoa,Arthropoda,Malacostraca,Euphausiacea,Euphausiidae,Euphausia,0,0,TRUE,ASV3017,1,Euphausia pacifica
edna0082,ASV4611,motu2470,Synchaeta vorax,Rotifer,species,NA,1,NA,NA,NA,27,NA,NA,NA,NA,NA,Synchaeta vorax,Rotifer,2018_manley_surface,manley,kelp,2018-07-16,NA,2018,surface,1,edna_manley_00,surface,biological,13.8,30.69,8.22,11.6,31.19,8.07,7.5,1000,0,51.80108298,-128.1997573,rock,NA,NA,NA,macroalgae,macrocystis,macroalgae_rock,macrocystis_rock,97.44,1.54337e-146,288,Metazoa,Rotifera,Eurotatoria,Ploima,Synchaetidae,Synchaeta,0,0,TRUE,ASV3069,2,Synchaeta vorax
edna0082,ASV2629,motu2134,Ergasilida,Cyclopoid copepod,order,NA,1,NA,NA,NA,8,NA,NA,NA,NA,NA,Ergasilida,Cyclopoid copepod,2018_manley_surface,manley,kelp,2018-07-16,NA,2018,surface,1,edna_manley_00,surface,biological,13.8,30.69,8.22,11.6,31.19,8.07,7.5,1000,0,51.80108298,-128.1997573,rock,NA,NA,NA,macroalgae,macrocystis,macroalgae_rock,macrocystis_rock,100,3.2351099999999996e-158,309,Metazoa,Arthropoda,Copepoda,Cyclopoida,NA,NA,0,0,FALSE,ASV2629,1,NA
edna0082,ASV4653,motu3611,Euphoriella,Hexapod,genus,NA,1,NA,NA,NA,17,NA,NA,NA,NA,NA,Euphoriella,Hexapod,2018_manley_surface,manley,kelp,2018-07-16,NA,2018,surface,1,edna_manley_00,surface,biological,13.8,30.69,8.22,11.6,31.19,8.07,7.5,1000,0,51.80108298,-128.1997573,rock,NA,NA,NA,macroalgae,macrocystis,macroalgae_rock,macrocystis_rock,97.14,3.15978e-4,32,Metazoa,Arthropoda,Arthropoda,Hymenoptera,Braconidae,Euphoriella,NA,NA,TRUE,ASV4653,1,NA
edna0082,ASV4722,motu2518,Synchaeta vorax,Rotifer,species,NA,1,NA,NA,NA,24,NA,NA,NA,NA,NA,Synchaeta vorax,Rotifer,2018_manley_surface,manley,kelp,2018-07-16,NA,2018,surface,1,edna_manley_00,surface,biological,13.8,30.69,8.22,11.6,31.19,8.07,7.5,1000,0,51.80108298,-128.1997573,rock,NA,NA,NA,macroalgae,macrocystis,macroalgae_rock,macrocystis_rock,97.44,1.54337e-146,288,Metazoa,Rotifera,Eurotatoria,Ploima,Synchaetidae,Synchaeta,0,0,TRUE,ASV3138,2,Synchaeta vorax
edna0082,ASV3115,motu2503,Synchaeta cecilia,Rotifer,species,NA,1,NA,1,NA,8,NA,NA,NA,NA,7,Synchaeta cecilia,Rotifer,2018_manley_surface,manley,kelp,2018-07-16,NA,2018,surface,1,edna_manley_00,surface,biological,13.8,30.69,8.22,11.6,31.19,8.07,7.5,1000,0,51.80108298,-128.1997573,rock,NA,NA,NA,macroalgae,macrocystis,macroalgae_rock,macrocystis_rock,90.73,1.2488499999999995e-107,218,Metazoa,Rotifera,Eurotatoria,Ploima,Synchaetidae,Synchaeta,0,0,TRUE,ASV3115,1,Synchaeta cecilia
edna0082,ASV2782,motu902,Arthropoda,Unknown arthropod,phylum,NA,1,NA,NA,NA,7,NA,NA,NA,NA,NA,Arthropoda,Unknown arthropod,2018_manley_surface,manley,kelp,2018-07-16,NA,2018,surface,1,edna_manley_00,surface,biological,13.8,30.69,8.22,11.6,31.19,8.07,7.5,1000,0,51.80108298,-128.1997573,rock,NA,NA,NA,macroalgae,macrocystis,macroalgae_rock,macrocystis_rock,94.87,8.78538e-5,33,Metazoa,Arthropoda,NA,NA,NA,NA,NA,NA,TRUE,ASV1046,4,NA
edna0082,ASV3061,motu2465,Synchaeta cecilia,Rotifer,species,NA,1,NA,1,NA,6,NA,4,NA,NA,NA,Synchaeta cecilia,Rotifer,2018_manley_surface,manley,kelp,2018-07-16,NA,2018,surface,1,edna_manley_00,surface,biological,13.8,30.69,8.22,11.6,31.19,8.07,7.5,1000,0,51.80108298,-128.1997573,rock,NA,NA,NA,macroalgae,macrocystis,macroalgae_rock,macrocystis_rock,90.73,1.2488499999999995e-107,218,Metazoa,Rotifera,Eurotatoria,Ploima,Synchaetidae,Synchaeta,0,0,TRUE,ASV3061,2,Synchaeta cecilia
edna0082,ASV3903,motu3067,Potential chimera,Potential chimera,species,NA,1,NA,NA,NA,5,NA,NA,NA,NA,NA,Potential chimera,Potential chimera,2018_manley_surface,manley,kelp,2018-07-16,NA,2018,surface,1,edna_manley_00,surface,biological,13.8,30.69,8.22,11.6,31.19,8.07,7.5,1000,0,51.80108298,-128.1997573,rock,NA,NA,NA,macroalgae,macrocystis,macroalgae_rock,macrocystis_rock,94.44,0.00380707,30,Metazoa,Arthropoda,Arthropoda,Decapoda,NA,NA,0,0,TRUE,ASV3903,1,Potential chimera
edna0082,ASV5835,motu4484,Formicoidea,Hexapod,family,NA,1,NA,NA,NA,15,NA,NA,NA,NA,NA,Formicoidea,Hexapod,2018_manley_surface,manley,kelp,2018-07-16,NA,2018,surface,1,edna_manley_00,surface,biological,13.8,30.69,8.22,11.6,31.19,8.07,7.5,1000,0,51.80108298,-128.1997573,rock,NA,NA,NA,macroalgae,macrocystis,macroalgae_rock,macrocystis_rock,100,0.00408744,30,Metazoa,Arthropoda,Arthropoda,Hymenoptera,Formicoidea,NA,NA,NA,TRUE,ASV5835,1,NA
edna0084,ASV336,motu296,Pseudocalanus newmani,Calanoid copepod,species,NA,1,1,NA,NA,46,19,NA,NA,NA,NA,Pseudocalanus newmani,Calanoid copepod,2018_manley_surface,manley,kelp,2018-07-16,NA,2018,surface,3,edna_manley_30,surface,biological,14.2,30.63,8.22,12.7,30.95,8.16,5.7,1000,0,51.80136642,-128.199517,rock,NA,NA,NA,macroalgae,macrocystis,macroalgae_rock,macrocystis_rock,100,1.96163e-160,313,Metazoa,Arthropoda,Copepoda,Calanoida,Clausocalanidae,Pseudocalanus,0,0,TRUE,ASV336,4,Pseudocalanus newmani
edna0084,ASV580,motu150,Pseudocalanus mimus,Calanoid copepod,species,NA,1,NA,NA,NA,51,NA,NA,NA,NA,NA,Pseudocalanus mimus,Calanoid copepod,2018_manley_surface,manley,kelp,2018-07-16,NA,2018,surface,3,edna_manley_30,surface,biological,14.2,30.63,8.22,12.7,30.95,8.16,5.7,1000,0,51.80136642,-128.199517,rock,NA,NA,NA,macroalgae,macrocystis,macroalgae_rock,macrocystis_rock,99.67,9.19139e-154,301,Metazoa,Arthropoda,Copepoda,Calanoida,Clausocalanidae,Pseudocalanus,0,0,TRUE,ASV171,10,Pseudocalanus mimus
edna0084,ASV232,motu204,Cecidomyiidae,Hexapod,genus,NA,1,1,1,NA,7,4,33,48,NA,68,Cecidomyiidae,Hexapod,2018_manley_surface,manley,kelp,2018-07-16,NA,2018,surface,3,edna_manley_30,surface,biological,14.2,30.63,8.22,12.7,30.95,8.16,5.7,1000,0,51.80136642,-128.199517,rock,NA,NA,NA,macroalgae,macrocystis,macroalgae_rock,macrocystis_rock,100,0.00408744,30,Metazoa,Arthropoda,Arthropoda,Diptera,Cecidomyiidae,Cecidomyiidae,NA,NA,TRUE,ASV232,1,NA
edna0084,ASV354,motu313,Mitrocoma cellularia,Cross jelly,species,NA,1,NA,1,NA,4,NA,NA,NA,NA,12,Mitrocoma cellularia,Cross jelly,2018_manley_surface,manley,kelp,2018-07-16,NA,2018,surface,3,edna_manley_30,surface,biological,14.2,30.63,8.22,12.7,30.95,8.16,5.7,1000,0,51.80136642,-128.199517,rock,NA,NA,NA,macroalgae,macrocystis,macroalgae_rock,macrocystis_rock,100,1.4886099999999998e-156,306,Metazoa,Cnidaria,Hydrozoa,Leptothecata,Mitrocomidae,Mitrocoma,0,0,TRUE,ASV354,2,Mitrocoma cellularia
edna0084,ASV616,motu537,Mitrocoma cellularia,Cross jelly,species,NA,1,NA,NA,NA,5,NA,NA,NA,NA,NA,Mitrocoma cellularia,Cross jelly,2018_manley_surface,manley,kelp,2018-07-16,NA,2018,surface,3,edna_manley_30,surface,biological,14.2,30.63,8.22,12.7,30.95,8.16,5.7,1000,0,51.80136642,-128.199517,rock,NA,NA,NA,macroalgae,macrocystis,macroalgae_rock,macrocystis_rock,100,1.4886099999999998e-156,306,Metazoa,Cnidaria,Hydrozoa,Leptothecata,Mitrocomidae,Mitrocoma,0,0,TRUE,ASV616,6,Mitrocoma cellularia
edna0084,ASV916,motu796,Panopea generosa,Pacific geoduck,species,NA,1,NA,1,NA,6,NA,NA,12,NA,NA,Panopea generosa,Pacific geoduck,2018_manley_surface,manley,kelp,2018-07-16,NA,2018,surface,3,edna_manley_30,surface,biological,14.2,30.63,8.22,12.7,30.95,8.16,5.7,1000,0,51.80136642,-128.199517,rock,NA,NA,NA,macroalgae,macrocystis,macroalgae_rock,macrocystis_rock,100,1.96163e-160,313,Metazoa,Mollusca,Bivalvia,Adapedonta,Hiatellidae,Panopea,0,0,TRUE,ASV916,4,Panopea generosa
edna0084,ASV750,motu654,Orobdella,Freshwater leech,genus,NA,1,1,1,NA,27,19,15,NA,NA,32,Orobdella,Freshwater leech,2018_manley_surface,manley,kelp,2018-07-16,NA,2018,surface,3,edna_manley_30,surface,biological,14.2,30.63,8.22,12.7,30.95,8.16,5.7,1000,0,51.80136642,-128.199517,rock,NA,NA,NA,macroalgae,macrocystis,macroalgae_rock,macrocystis_rock,97.06,0.00121031,31,Metazoa,Annelida,Annelida,Erpobdelliformes,Orobdellidae,Orobdella,NA,NA,TRUE,ASV750,1,NA
edna0084,ASV1007,motu22,Acartia (Acartiura) longiremis,Calanoid copepod,species,NA,1,NA,NA,NA,84,NA,NA,NA,NA,NA,Acartia (Acartiura) longiremis,Calanoid copepod,2018_manley_surface,manley,kelp,2018-07-16,NA,2018,surface,3,edna_manley_30,surface,biological,14.2,30.63,8.22,12.7,30.95,8.16,5.7,1000,0,51.80136642,-128.199517,rock,NA,NA,NA,macroalgae,macrocystis,macroalgae_rock,macrocystis_rock,99.68,9.126599999999999e-159,310,Metazoa,Arthropoda,Copepoda,Calanoida,Acartiidae,Acartia,0,0,TRUE,ASV25,27,Acartia (Acartiura) longiremis
edna0084,ASV625,motu545,Phascolosoma (Phascolosoma) agassizii,Agassiz peanut worm,species,NA,1,NA,NA,NA,30,NA,NA,NA,NA,NA,Phascolosoma (Phascolosoma) agassizii,Agassiz peanut worm,2018_manley_surface,manley,kelp,2018-07-16,NA,2018,surface,3,edna_manley_30,surface,biological,14.2,30.63,8.22,12.7,30.95,8.16,5.7,1000,0,51.80136642,-128.199517,rock,NA,NA,NA,macroalgae,macrocystis,macroalgae_rock,macrocystis_rock,100,1.96163e-160,313,Metazoa,Annelida,NA,Sipuncula,Phascolosomatidae,Phascolosoma,0,0,TRUE,ASV625,3,Phascolosoma (Phascolosoma) agassizii
edna0084,ASV1154,motu989,Eupolymnia heterobranchia,Brown intertidal spaghetti worm,species,NA,1,NA,NA,NA,7,NA,NA,NA,NA,NA,Eupolymnia heterobranchia,Brown intertidal spaghetti worm,2018_manley_surface,manley,kelp,2018-07-16,NA,2018,surface,3,edna_manley_30,surface,biological,14.2,30.63,8.22,12.7,30.95,8.16,5.7,1000,0,51.80136642,-128.199517,rock,NA,NA,NA,macroalgae,macrocystis,macroalgae_rock,macrocystis_rock,100,1.4886099999999998e-156,306,Metazoa,Annelida,Polychaeta,Terebellida,Terebellidae,Eupolymnia,0,0,TRUE,ASV1154,3,Eupolymnia heterobranchia
edna0084,ASV960,motu833,Pseudocalanus mimus,Calanoid copepod,species,NA,1,NA,NA,NA,59,NA,NA,NA,NA,NA,Pseudocalanus mimus,Calanoid copepod,2018_manley_surface,manley,kelp,2018-07-16,NA,2018,surface,3,edna_manley_30,surface,biological,14.2,30.63,8.22,12.7,30.95,8.16,5.7,1000,0,51.80136642,-128.199517,rock,NA,NA,NA,macroalgae,macrocystis,macroalgae_rock,macrocystis_rock,100,7.1053799999999944e-155,303,Metazoa,Arthropoda,Copepoda,Calanoida,Clausocalanidae,Pseudocalanus,0,0,TRUE,ASV960,1,Pseudocalanus mimus
edna0084,ASV679,motu591,Phyllodocida,Polychaete,order,NA,1,1,NA,NA,14,8,NA,NA,NA,NA,Phyllodocida,Polychaete,2018_manley_surface,manley,kelp,2018-07-16,NA,2018,surface,3,edna_manley_30,surface,biological,14.2,30.63,8.22,12.7,30.95,8.16,5.7,1000,0,51.80136642,-128.199517,rock,NA,NA,NA,macroalgae,macrocystis,macroalgae_rock,macrocystis_rock,100,0.0603188,28,Metazoa,Annelida,Annelida,Phyllodocida,NA,NA,0,0,TRUE,ASV679,1,NA
edna0084,ASV1492,motu1259,Membranipora membranacea,Coffin box bryozoan,species,NA,1,NA,NA,NA,15,NA,NA,NA,NA,NA,Membranipora membranacea,Coffin box bryozoan,2018_manley_surface,manley,kelp,2018-07-16,NA,2018,surface,3,edna_manley_30,surface,biological,14.2,30.63,8.22,12.7,30.95,8.16,5.7,1000,0,51.80136642,-128.199517,rock,NA,NA,NA,macroalgae,macrocystis,macroalgae_rock,macrocystis_rock,100,9.252979999999995e-139,274,Metazoa,Bryozoa,Gymnolaemata,Cheilostomatida,Membraniporidae,Membranipora,0,0,TRUE,ASV1492,2,Membranipora membranacea
edna0084,ASV1759,motu1470,Balanus nubilus,Giant acorn barnacle,species,NA,1,NA,NA,NA,133,NA,NA,NA,NA,NA,Balanus nubilus,Giant acorn barnacle,2018_manley_surface,manley,kelp,2018-07-16,NA,2018,surface,3,edna_manley_30,surface,biological,14.2,30.63,8.22,12.7,30.95,8.16,5.7,1000,0,51.80136642,-128.199517,rock,NA,NA,NA,macroalgae,macrocystis,macroalgae_rock,macrocystis_rock,99.04,1.97556e-155,304,Metazoa,Arthropoda,Thecostraca,Balanomorpha,Balanidae,Balanus,0,0,TRUE,ASV1759,1,Balanus nubilus
edna0084,ASV795,motu692,Phascolosoma (Phascolosoma) agassizii,Agassiz peanut worm,species,NA,1,NA,NA,NA,42,NA,NA,NA,NA,NA,Phascolosoma (Phascolosoma) agassizii,Agassiz peanut worm,2018_manley_surface,manley,kelp,2018-07-16,NA,2018,surface,3,edna_manley_30,surface,biological,14.2,30.63,8.22,12.7,30.95,8.16,5.7,1000,0,51.80136642,-128.199517,rock,NA,NA,NA,macroalgae,macrocystis,macroalgae_rock,macrocystis_rock,100,1.96163e-160,313,Metazoa,Annelida,NA,Sipuncula,Phascolosomatidae,Phascolosoma,0,0,TRUE,ASV795,3,Phascolosoma (Phascolosoma) agassizii
edna0084,ASV386,motu316,Hiatella,Clam species,genus,NA,1,1,1,NA,113,43,133,120,NA,243,Hiatella,Clam species,2018_manley_surface,manley,kelp,2018-07-16,NA,2018,surface,3,edna_manley_30,surface,biological,14.2,30.63,8.22,12.7,30.95,8.16,5.7,1000,0,51.80136642,-128.199517,rock,NA,NA,NA,macroalgae,macrocystis,macroalgae_rock,macrocystis_rock,100,9.027749999999999e-159,310,Metazoa,Mollusca,Bivalvia,Adapedonta,Hiatellidae,Hiatella,0,0,TRUE,ASV357,9,NA
edna0084,ASV1293,motu1094,Asteriidae,Sea star,family,NA,1,1,1,NA,31,12,33,36,NA,40,Asteriidae,Sea star,2018_manley_surface,manley,kelp,2018-07-16,NA,2018,surface,3,edna_manley_30,surface,biological,14.2,30.63,8.22,12.7,30.95,8.16,5.7,1000,0,51.80136642,-128.199517,rock,NA,NA,NA,macroalgae,macrocystis,macroalgae_rock,macrocystis_rock,100,1.96163e-160,313,Metazoa,Echinodermata,Echinodermata,Forcipulatida,Asteriidae,NA,0,0,TRUE,ASV1293,1,NA
edna0084,ASV2082,motu1722,Anthopleura elegantissima,Aggregating anemone,species,NA,1,NA,NA,NA,20,NA,NA,NA,NA,NA,Anthopleura elegantissima,Aggregating anemone,2018_manley_surface,manley,kelp,2018-07-16,NA,2018,surface,3,edna_manley_30,surface,biological,14.2,30.63,8.22,12.7,30.95,8.16,5.7,1000,0,51.80136642,-128.199517,rock,NA,NA,NA,macroalgae,macrocystis,macroalgae_rock,macrocystis_rock,100,1.96163e-160,313,Metazoa,Cnidaria,Cnidaria,Actiniaria,Actiniidae,Anthopleura,0,0,TRUE,ASV2082,1,Anthopleura elegantissima
edna0084,ASV1097,motu944,Dodecaceria,Cirratulid polychaete,genus,NA,1,1,1,NA,61,27,59,NA,NA,79,Dodecaceria,Cirratulid polychaete,2018_manley_surface,manley,kelp,2018-07-16,NA,2018,surface,3,edna_manley_30,surface,biological,14.2,30.63,8.22,12.7,30.95,8.16,5.7,1000,0,51.80136642,-128.199517,rock,NA,NA,NA,macroalgae,macrocystis,macroalgae_rock,macrocystis_rock,100,1.96163e-160,313,Metazoa,Annelida,Polychaeta,Terebellida,Cirratulidae,Dodecaceria,0,0,TRUE,ASV1097,6,NA
edna0084,ASV1591,motu1341,Decapoda,Decapod crustacean species,order,NA,1,NA,NA,NA,24,NA,NA,NA,NA,NA,Decapoda,Decapod crustacean species,2018_manley_surface,manley,kelp,2018-07-16,NA,2018,surface,3,edna_manley_30,surface,biological,14.2,30.63,8.22,12.7,30.95,8.16,5.7,1000,0,51.80136642,-128.199517,rock,NA,NA,NA,macroalgae,macrocystis,macroalgae_rock,macrocystis_rock,91.67,1.88829e-6,36,Metazoa,Arthropoda,Arthropoda,Decapoda,NA,NA,0,0,TRUE,ASV1591,1,NA
edna0084,ASV1576,motu1328,Strongylocentrotus purpuratus,Purple sea urchin,species,NA,1,1,1,NA,17,11,17,15,NA,17,Strongylocentrotus purpuratus,Purple sea urchin,2018_manley_surface,manley,kelp,2018-07-16,NA,2018,surface,3,edna_manley_30,surface,biological,14.2,30.63,8.22,12.7,30.95,8.16,5.7,1000,0,51.80136642,-128.199517,rock,NA,NA,NA,macroalgae,macrocystis,macroalgae_rock,macrocystis_rock,100,1.96163e-160,313,Metazoa,Echinodermata,Echinoidea,Camarodonta,Strongylocentrotidae,Strongylocentrotus,0,0,TRUE,ASV1576,4,Strongylocentrotus purpuratus
edna0084,ASV1350,motu1104,Haliotis kamtschatkana,Northern abalone,species,NA,1,1,1,NA,144,53,182,179,NA,238,Haliotis kamtschatkana,Northern abalone,2018_manley_surface,manley,kelp,2018-07-16,NA,2018,surface,3,edna_manley_30,surface,biological,14.2,30.63,8.22,12.7,30.95,8.16,5.7,1000,0,51.80136642,-128.199517,rock,NA,NA,NA,macroalgae,macrocystis,macroalgae_rock,macrocystis_rock,99.68,9.126599999999999e-159,310,Metazoa,Mollusca,Mollusca,Lepetellida,Haliotidae,Haliotis,0,0,TRUE,ASV1304,9,Haliotis kamtschatkana
edna0084,ASV3262,motu1590,Haliotis kamtschatkana,Northern abalone,species,NA,1,NA,NA,NA,120,NA,NA,NA,NA,NA,Haliotis kamtschatkana,Northern abalone,2018_manley_surface,manley,kelp,2018-07-16,NA,2018,surface,3,edna_manley_30,surface,biological,14.2,30.63,8.22,12.7,30.95,8.16,5.7,1000,0,51.80136642,-128.199517,rock,NA,NA,NA,macroalgae,macrocystis,macroalgae_rock,macrocystis_rock,99.68,9.126599999999999e-159,310,Metazoa,Mollusca,Mollusca,Lepetellida,Haliotidae,Haliotis,0,0,TRUE,ASV1911,6,Haliotis kamtschatkana
edna0084,ASV2608,motu343,Dodecaceria,Cirratulid polychaete,genus,NA,1,NA,NA,NA,108,NA,NA,NA,NA,NA,Dodecaceria,Cirratulid polychaete,2018_manley_surface,manley,kelp,2018-07-16,NA,2018,surface,3,edna_manley_30,surface,biological,14.2,30.63,8.22,12.7,30.95,8.16,5.7,1000,0,51.80136642,-128.199517,rock,NA,NA,NA,macroalgae,macrocystis,macroalgae_rock,macrocystis_rock,99.68,9.126599999999999e-159,310,Metazoa,Annelida,Polychaeta,Terebellida,Cirratulidae,Dodecaceria,0,0,TRUE,ASV390,6,NA
edna0084,ASV3224,motu2581,Humilaria kennerleyi,Kennerleys venus,species,NA,1,NA,NA,NA,20,NA,NA,NA,NA,NA,Humilaria kennerleyi,Kennerleys venus,2018_manley_surface,manley,kelp,2018-07-16,NA,2018,surface,3,edna_manley_30,surface,biological,14.2,30.63,8.22,12.7,30.95,8.16,5.7,1000,0,51.80136642,-128.199517,rock,NA,NA,NA,macroalgae,macrocystis,macroalgae_rock,macrocystis_rock,100,1.96163e-160,313,Metazoa,Mollusca,Bivalvia,Venerida,Veneridae,Humilaria,0,0,TRUE,ASV3224,2,Humilaria kennerleyi
edna0084,ASV2047,motu283,Dodecaceria,Cirratulid polychaete,genus,NA,1,1,NA,NA,94,40,NA,NA,NA,NA,Dodecaceria,Cirratulid polychaete,2018_manley_surface,manley,kelp,2018-07-16,NA,2018,surface,3,edna_manley_30,surface,biological,14.2,30.63,8.22,12.7,30.95,8.16,5.7,1000,0,51.80136642,-128.199517,rock,NA,NA,NA,macroalgae,macrocystis,macroalgae_rock,macrocystis_rock,99.68,9.126599999999999e-159,310,Metazoa,Annelida,Polychaeta,Terebellida,Cirratulidae,Dodecaceria,0,0,TRUE,ASV322,5,NA
edna0084,ASV1855,motu1546,Tegula pulligo,Dusky tegula,species,NA,1,NA,1,NA,35,NA,96,NA,NA,79,Tegula pulligo,Dusky tegula,2018_manley_surface,manley,kelp,2018-07-16,NA,2018,surface,3,edna_manley_30,surface,biological,14.2,30.63,8.22,12.7,30.95,8.16,5.7,1000,0,51.80136642,-128.199517,rock,NA,NA,NA,macroalgae,macrocystis,macroalgae_rock,macrocystis_rock,100,3.2351099999999996e-158,309,Metazoa,Mollusca,Gastropoda,Trochida,Tegulidae,Tegula,0,0,TRUE,ASV1855,2,Tegula pulligo
edna0084,ASV3266,motu2608,Arthropoda,Unknown arthropod,phylum,NA,1,NA,NA,NA,6,NA,NA,NA,NA,NA,Arthropoda,Unknown arthropod,2018_manley_surface,manley,kelp,2018-07-16,NA,2018,surface,3,edna_manley_30,surface,biological,14.2,30.63,8.22,12.7,30.95,8.16,5.7,1000,0,51.80136642,-128.199517,rock,NA,NA,NA,macroalgae,macrocystis,macroalgae_rock,macrocystis_rock,100,0.014701,29,Metazoa,Arthropoda,NA,NA,NA,NA,NA,NA,TRUE,ASV3266,1,NA
edna0084,ASV3243,motu2593,Halichondria (Halichondria) panicea,Breadcrumb sponge species,species,NA,1,NA,NA,NA,8,NA,NA,NA,NA,NA,Halichondria (Halichondria) panicea,Breadcrumb sponge species,2018_manley_surface,manley,kelp,2018-07-16,NA,2018,surface,3,edna_manley_30,surface,biological,14.2,30.63,8.22,12.7,30.95,8.16,5.7,1000,0,51.80136642,-128.199517,rock,NA,NA,NA,macroalgae,macrocystis,macroalgae_rock,macrocystis_rock,99.33,6.819989999999996e-150,294,Metazoa,Porifera,Demospongiae,Suberitida,Halichondriidae,Halichondria,0,0,TRUE,ASV3243,1,Halichondria (Halichondria) panicea
edna0084,ASV3857,motu666,Myxicola aesthetica,Feather duster worm,species,NA,1,NA,NA,NA,79,NA,NA,NA,NA,NA,Myxicola aesthetica,Feather duster worm,2018_manley_surface,manley,kelp,2018-07-16,NA,2018,surface,3,edna_manley_30,surface,biological,14.2,30.63,8.22,12.7,30.95,8.16,5.7,1000,0,51.80136642,-128.199517,rock,NA,NA,NA,macroalgae,macrocystis,macroalgae_rock,macrocystis_rock,99.68,9.126599999999999e-159,310,Metazoa,Annelida,Polychaeta,Sabellida,Sabellidae,Myxicola,0,0,TRUE,ASV765,3,Myxicola aesthetica
edna0084,ASV2326,motu1914,Membraniporidae,Bryozoan,family,NA,1,NA,1,NA,7,NA,NA,7,NA,NA,Membraniporidae,Bryozoan,2018_manley_surface,manley,kelp,2018-07-16,NA,2018,surface,3,edna_manley_30,surface,biological,14.2,30.63,8.22,12.7,30.95,8.16,5.7,1000,0,51.80136642,-128.199517,rock,NA,NA,NA,macroalgae,macrocystis,macroalgae_rock,macrocystis_rock,90.95,6.1511e-76,161,Metazoa,Bryozoa,Bryozoa,Cheilostomatida,Membraniporidae,NA,0,0,TRUE,ASV2326,1,NA
edna0084,ASV3017,motu2432,Euphausia pacifica,North Pacific krill,species,NA,1,NA,NA,NA,3,NA,NA,NA,NA,NA,Euphausia pacifica,North Pacific krill,2018_manley_surface,manley,kelp,2018-07-16,NA,2018,surface,3,edna_manley_30,surface,biological,14.2,30.63,8.22,12.7,30.95,8.16,5.7,1000,0,51.80136642,-128.199517,rock,NA,NA,NA,macroalgae,macrocystis,macroalgae_rock,macrocystis_rock,100,3.2351099999999996e-158,309,Metazoa,Arthropoda,Malacostraca,Euphausiacea,Euphausiidae,Euphausia,0,0,TRUE,ASV3017,1,Euphausia pacifica
edna0084,ASV3765,motu181,Pseudocalanus mimus,Calanoid copepod,species,NA,1,1,NA,NA,57,27,NA,NA,NA,NA,Pseudocalanus mimus,Calanoid copepod,2018_manley_surface,manley,kelp,2018-07-16,NA,2018,surface,3,edna_manley_30,surface,biological,14.2,30.63,8.22,12.7,30.95,8.16,5.7,1000,0,51.80136642,-128.199517,rock,NA,NA,NA,macroalgae,macrocystis,macroalgae_rock,macrocystis_rock,99.67,5.531789999999998e-151,296,Metazoa,Arthropoda,Copepoda,Calanoida,Clausocalanidae,Pseudocalanus,0,0,TRUE,ASV205,8,Pseudocalanus mimus
edna0084,ASV3161,motu2534,Membranipora membranacea,Coffin box bryozoan,species,NA,1,NA,1,NA,13,NA,20,11,NA,NA,Membranipora membranacea,Coffin box bryozoan,2018_manley_surface,manley,kelp,2018-07-16,NA,2018,surface,3,edna_manley_30,surface,biological,14.2,30.63,8.22,12.7,30.95,8.16,5.7,1000,0,51.80136642,-128.199517,rock,NA,NA,NA,macroalgae,macrocystis,macroalgae_rock,macrocystis_rock,100,9.252979999999995e-139,274,Metazoa,Bryozoa,Gymnolaemata,Cheilostomatida,Membraniporidae,Membranipora,0,0,TRUE,ASV3161,1,Membranipora membranacea
edna0084,ASV4609,motu3578,Neritidae,Nerite snail species,family,NA,1,NA,NA,NA,3,NA,NA,NA,NA,NA,Neritidae,Nerite snail species,2018_manley_surface,manley,kelp,2018-07-16,NA,2018,surface,3,edna_manley_30,surface,biological,14.2,30.63,8.22,12.7,30.95,8.16,5.7,1000,0,51.80136642,-128.199517,rock,NA,NA,NA,macroalgae,macrocystis,macroalgae_rock,macrocystis_rock,90,6.69344e-6,35,Metazoa,Mollusca,Mollusca,Cycloneritida,Neritidae,NA,0,0,TRUE,ASV4609,1,NA
edna0084,ASV4653,motu3611,Euphoriella,Hexapod,genus,NA,1,NA,NA,NA,23,NA,NA,NA,NA,NA,Euphoriella,Hexapod,2018_manley_surface,manley,kelp,2018-07-16,NA,2018,surface,3,edna_manley_30,surface,biological,14.2,30.63,8.22,12.7,30.95,8.16,5.7,1000,0,51.80136642,-128.199517,rock,NA,NA,NA,macroalgae,macrocystis,macroalgae_rock,macrocystis_rock,97.14,3.15978e-4,32,Metazoa,Arthropoda,Arthropoda,Hymenoptera,Braconidae,Euphoriella,NA,NA,TRUE,ASV4653,1,NA
edna0084,ASV3115,motu2503,Synchaeta cecilia,Rotifer,species,NA,1,1,1,NA,9,2,5,7,NA,7,Synchaeta cecilia,Rotifer,2018_manley_surface,manley,kelp,2018-07-16,NA,2018,surface,3,edna_manley_30,surface,biological,14.2,30.63,8.22,12.7,30.95,8.16,5.7,1000,0,51.80136642,-128.199517,rock,NA,NA,NA,macroalgae,macrocystis,macroalgae_rock,macrocystis_rock,90.73,1.2488499999999995e-107,218,Metazoa,Rotifera,Eurotatoria,Ploima,Synchaetidae,Synchaeta,0,0,TRUE,ASV3115,1,Synchaeta cecilia
edna0084,ASV4844,motu3748,Lepidoptera,Hexapod,order,NA,1,NA,NA,NA,10,NA,NA,NA,NA,NA,Lepidoptera,Hexapod,2018_manley_surface,manley,kelp,2018-07-16,NA,2018,surface,3,edna_manley_30,surface,biological,14.2,30.63,8.22,12.7,30.95,8.16,5.7,1000,0,51.80136642,-128.199517,rock,NA,NA,NA,macroalgae,macrocystis,macroalgae_rock,macrocystis_rock,96.97,0.00408744,30,Metazoa,Arthropoda,Arthropoda,Lepidoptera,NA,NA,NA,NA,TRUE,ASV4844,1,NA
edna0084,ASV3061,motu2465,Synchaeta cecilia,Rotifer,species,NA,1,1,1,NA,12,3,8,6,NA,13,Synchaeta cecilia,Rotifer,2018_manley_surface,manley,kelp,2018-07-16,NA,2018,surface,3,edna_manley_30,surface,biological,14.2,30.63,8.22,12.7,30.95,8.16,5.7,1000,0,51.80136642,-128.199517,rock,NA,NA,NA,macroalgae,macrocystis,macroalgae_rock,macrocystis_rock,90.73,1.2488499999999995e-107,218,Metazoa,Rotifera,Eurotatoria,Ploima,Synchaetidae,Synchaeta,0,0,TRUE,ASV3061,2,Synchaeta cecilia
edna0084,ASV5307,motu4076,Cicadellidae,Hexapod,genus,NA,1,NA,NA,NA,19,NA,NA,NA,NA,NA,Cicadellidae,Hexapod,2018_manley_surface,manley,kelp,2018-07-16,NA,2018,surface,3,edna_manley_30,surface,biological,14.2,30.63,8.22,12.7,30.95,8.16,5.7,1000,0,51.80136642,-128.199517,rock,NA,NA,NA,macroalgae,macrocystis,macroalgae_rock,macrocystis_rock,94.44,0.00408744,30,Metazoa,Arthropoda,Arthropoda,Hemiptera,Cicadellidae,Cicadellidae,NA,NA,TRUE,ASV5307,1,NA
edna0084,ASV5429,motu4167,Cecidomyiidae,Hexapod,genus,NA,1,NA,NA,NA,4,NA,NA,NA,NA,NA,Cecidomyiidae,Hexapod,2018_manley_surface,manley,kelp,2018-07-16,NA,2018,surface,3,edna_manley_30,surface,biological,14.2,30.63,8.22,12.7,30.95,8.16,5.7,1000,0,51.80136642,-128.199517,rock,NA,NA,NA,macroalgae,macrocystis,macroalgae_rock,macrocystis_rock,95,2.44266e-5,34,Metazoa,Arthropoda,Arthropoda,Diptera,Cecidomyiidae,Cecidomyiidae,NA,NA,TRUE,ASV5429,1,NA
edna0084,ASV3540,motu2813,Spionidae,Spionid polychaete,family,NA,1,NA,NA,NA,6,NA,NA,NA,NA,NA,Spionidae,Spionid polychaete,2018_manley_surface,manley,kelp,2018-07-16,NA,2018,surface,3,edna_manley_30,surface,biological,14.2,30.63,8.22,12.7,30.95,8.16,5.7,1000,0,51.80136642,-128.199517,rock,NA,NA,NA,macroalgae,macrocystis,macroalgae_rock,macrocystis_rock,100,1.96163e-160,313,Metazoa,Annelida,Annelida,Spionida,Spionidae,NA,0,0,TRUE,ASV3540,1,NA
edna0084,ASV6432,motu4977,Malmgreniella nigralba,Scale worm,species,NA,1,NA,NA,NA,6,NA,NA,NA,NA,NA,Malmgreniella nigralba,Scale worm,2018_manley_surface,manley,kelp,2018-07-16,NA,2018,surface,3,edna_manley_30,surface,biological,14.2,30.63,8.22,12.7,30.95,8.16,5.7,1000,0,51.80136642,-128.199517,rock,NA,NA,NA,macroalgae,macrocystis,macroalgae_rock,macrocystis_rock,100,2.607009999999998e-154,302,Metazoa,Annelida,Polychaeta,Phyllodocida,Polynoidae,Malmgreniella,0,0,TRUE,ASV6432,1,Malmgreniella nigralba
edna0084,ASV6542,motu5066,Enoploteuthidae,Squid species,family,NA,1,NA,NA,NA,3,NA,NA,NA,NA,NA,Enoploteuthidae,Squid species,2018_manley_surface,manley,kelp,2018-07-16,NA,2018,surface,3,edna_manley_30,surface,biological,14.2,30.63,8.22,12.7,30.95,8.16,5.7,1000,0,51.80136642,-128.199517,rock,NA,NA,NA,macroalgae,macrocystis,macroalgae_rock,macrocystis_rock,92.75,1.89925e-16,54,Metazoa,Mollusca,Mollusca,Oegopsida,Enoploteuthidae,NA,0,0,TRUE,ASV6542,1,NA
edna0084,ASV6550,motu5073,Sertularellidae,Thecate Hydroid,family,NA,1,NA,NA,NA,3,NA,NA,NA,NA,NA,Sertularellidae,Thecate Hydroid,2018_manley_surface,manley,kelp,2018-07-16,NA,2018,surface,3,edna_manley_30,surface,biological,14.2,30.63,8.22,12.7,30.95,8.16,5.7,1000,0,51.80136642,-128.199517,rock,NA,NA,NA,macroalgae,macrocystis,macroalgae_rock,macrocystis_rock,92.28,2.73936e-119,239,Metazoa,Cnidaria,Cnidaria,Leptothecata,Sertularellidae,NA,0,0,TRUE,ASV6550,1,NA
edna0084,ASV5427,motu4165,Chaetognatha,Arrow worm,phylum,NA,1,NA,NA,NA,6,NA,NA,NA,NA,NA,Chaetognatha,Arrow worm,2018_manley_surface,manley,kelp,2018-07-16,NA,2018,surface,3,edna_manley_30,surface,biological,14.2,30.63,8.22,12.7,30.95,8.16,5.7,1000,0,51.80136642,-128.199517,rock,NA,NA,NA,macroalgae,macrocystis,macroalgae_rock,macrocystis_rock,98.01,1.6078299999999998e-91,189,Metazoa,Chaetognatha,NA,NA,NA,NA,0,0,TRUE,ASV5427,1,NA
edna0084,ASV6079,motu4683,Enoploteuthidae,Squid species,family,NA,1,NA,NA,NA,5,NA,NA,NA,NA,NA,Enoploteuthidae,Squid species,2018_manley_surface,manley,kelp,2018-07-16,NA,2018,surface,3,edna_manley_30,surface,biological,14.2,30.63,8.22,12.7,30.95,8.16,5.7,1000,0,51.80136642,-128.199517,rock,NA,NA,NA,macroalgae,macrocystis,macroalgae_rock,macrocystis_rock,92.75,1.86176e-16,54,Metazoa,Mollusca,Mollusca,Oegopsida,Enoploteuthidae,NA,0,0,TRUE,ASV6079,1,NA
edna0084,ASV6904,motu5373,Pseudocalanus mimus,Calanoid copepod,species,NA,1,NA,NA,NA,3,NA,NA,NA,NA,NA,Pseudocalanus mimus,Calanoid copepod,2018_manley_surface,manley,kelp,2018-07-16,NA,2018,surface,3,edna_manley_30,surface,biological,14.2,30.63,8.22,12.7,30.95,8.16,5.7,1000,0,51.80136642,-128.199517,rock,NA,NA,NA,macroalgae,macrocystis,macroalgae_rock,macrocystis_rock,100,1.21292e-152,299,Metazoa,Arthropoda,Copepoda,Calanoida,Clausocalanidae,Pseudocalanus,0,0,TRUE,ASV6904,1,Pseudocalanus mimus
edna0084,ASV5515,motu4231,Dermasterias imbricata,Leather star,species,NA,1,NA,NA,NA,4,NA,NA,NA,NA,NA,Dermasterias imbricata,Leather star,2018_manley_surface,manley,kelp,2018-07-16,NA,2018,surface,3,edna_manley_30,surface,biological,14.2,30.63,8.22,12.7,30.95,8.16,5.7,1000,0,51.80136642,-128.199517,rock,NA,NA,NA,macroalgae,macrocystis,macroalgae_rock,macrocystis_rock,100,1.96163e-160,313,Metazoa,Echinodermata,Asteroidea,Valvatida,Asteropseidae,Dermasterias,0,0,TRUE,ASV5515,1,Dermasterias imbricata
edna0084,ASV7290,motu5694,Semibalanus cariosus,Thatched barnacle,species,NA,1,NA,NA,NA,4,NA,NA,NA,NA,NA,Semibalanus cariosus,Thatched barnacle,2018_manley_surface,manley,kelp,2018-07-16,NA,2018,surface,3,edna_manley_30,surface,biological,14.2,30.63,8.22,12.7,30.95,8.16,5.7,1000,0,51.80136642,-128.199517,rock,NA,NA,NA,macroalgae,macrocystis,macroalgae_rock,macrocystis_rock,100,2.0011299999999987e-160,313,Metazoa,Arthropoda,Thecostraca,Balanomorpha,Balanidae,Semibalanus,0,0,TRUE,ASV7290,1,Semibalanus cariosus
edna0085,ASV251,motu105,Mesocentrotus franciscanus,Red sea urchin,species,NA,1,1,NA,NA,414,111,NA,NA,NA,NA,Mesocentrotus franciscanus,Red sea urchin,2018_womanley_surface,womanley,kelp,2018-07-16,NA,2018,surface,1,edna_womanley_00,surface,biological,14.3,29.8,8.23,12.7,30.84,8.17,7.5,1000,0,51.80250464,-128.2000768,rock,NA,NA,NA,macroalgae,macrocystis,macroalgae_rock,macrocystis_rock,100,7.02982e-160,312,Metazoa,Echinodermata,Echinoidea,Camarodonta,Strongylocentrotidae,Mesocentrotus,0,0,TRUE,ASV118,8,Mesocentrotus franciscanus
edna0085,ASV132,motu118,Mesocentrotus franciscanus,Red sea urchin,species,NA,1,1,1,NA,404,125,NA,774,NA,1043,Mesocentrotus franciscanus,Red sea urchin,2018_womanley_surface,womanley,kelp,2018-07-16,NA,2018,surface,1,edna_womanley_00,surface,biological,14.3,29.8,8.23,12.7,30.84,8.17,7.5,1000,0,51.80250464,-128.2000768,rock,NA,NA,NA,macroalgae,macrocystis,macroalgae_rock,macrocystis_rock,100,2.51921e-159,311,Metazoa,Echinodermata,Echinoidea,Camarodonta,Strongylocentrotidae,Mesocentrotus,0,0,TRUE,ASV132,8,Mesocentrotus franciscanus
edna0085,ASV605,motu529,Ophiopholis,Brittle star species,genus,NA,1,NA,NA,NA,86,NA,NA,NA,NA,NA,Ophiopholis kennerlyi,Daisy brittle star,2018_womanley_surface,womanley,kelp,2018-07-16,NA,2018,surface,1,edna_womanley_00,surface,biological,14.3,29.8,8.23,12.7,30.84,8.17,7.5,1000,0,51.80250464,-128.2000768,rock,NA,NA,NA,macroalgae,macrocystis,macroalgae_rock,macrocystis_rock,100,1.96163e-160,313,Metazoa,Echinodermata,Echinodermata,Amphilepidida,Ophiopholidae,Ophiopholis,0,0,TRUE,ASV603,6,NA
edna0085,ASV285,motu244,Ophiopholis,Brittle star species,genus,NA,1,NA,1,NA,77,NA,110,109,NA,151,Ophiopholis kennerlyi,Daisy brittle star,2018_womanley_surface,womanley,kelp,2018-07-16,NA,2018,surface,1,edna_womanley_00,surface,biological,14.3,29.8,8.23,12.7,30.84,8.17,7.5,1000,0,51.80250464,-128.2000768,rock,NA,NA,NA,macroalgae,macrocystis,macroalgae_rock,macrocystis_rock,100,1.96163e-160,313,Metazoa,Echinodermata,Echinodermata,Amphilepidida,Ophiopholidae,Ophiopholis,0,0,TRUE,ASV275,7,NA
edna0085,ASV467,motu412,Saxidomus,Washington clam species,genus,NA,1,NA,1,NA,9,NA,7,12,NA,13,Saxidomus,Washington clam species,2018_womanley_surface,womanley,kelp,2018-07-16,NA,2018,surface,1,edna_womanley_00,surface,biological,14.3,29.8,8.23,12.7,30.84,8.17,7.5,1000,0,51.80250464,-128.2000768,rock,NA,NA,NA,macroalgae,macrocystis,macroalgae_rock,macrocystis_rock,100,1.96163e-160,313,Metazoa,Mollusca,Mollusca,Venerida,Veneridae,Saxidomus,0,0,TRUE,ASV467,12,NA
edna0085,ASV860,motu748,Saxidomus,Washington clam species,genus,NA,1,NA,NA,NA,7,NA,NA,NA,NA,NA,Saxidomus,Washington clam species,2018_womanley_surface,womanley,kelp,2018-07-16,NA,2018,surface,1,edna_womanley_00,surface,biological,14.3,29.8,8.23,12.7,30.84,8.17,7.5,1000,0,51.80250464,-128.2000768,rock,NA,NA,NA,macroalgae,macrocystis,macroalgae_rock,macrocystis_rock,100,1.96163e-160,313,Metazoa,Mollusca,Mollusca,Venerida,Veneridae,Saxidomus,0,0,TRUE,ASV860,4,NA
edna0085,ASV750,motu654,Orobdella,Freshwater leech,genus,NA,1,NA,NA,NA,20,NA,NA,NA,NA,NA,Orobdella,Freshwater leech,2018_womanley_surface,womanley,kelp,2018-07-16,NA,2018,surface,1,edna_womanley_00,surface,biological,14.3,29.8,8.23,12.7,30.84,8.17,7.5,1000,0,51.80250464,-128.2000768,rock,NA,NA,NA,macroalgae,macrocystis,macroalgae_rock,macrocystis_rock,97.06,0.00121031,31,Metazoa,Annelida,Annelida,Erpobdelliformes,Orobdellidae,Orobdella,NA,NA,TRUE,ASV750,1,NA
edna0085,ASV1013,motu876,Orobdella,Freshwater leech,genus,NA,1,NA,NA,NA,25,NA,NA,NA,NA,NA,Orobdella,Freshwater leech,2018_womanley_surface,womanley,kelp,2018-07-16,NA,2018,surface,1,edna_womanley_00,surface,biological,14.3,29.8,8.23,12.7,30.84,8.17,7.5,1000,0,51.80250464,-128.2000768,rock,NA,NA,NA,macroalgae,macrocystis,macroalgae_rock,macrocystis_rock,97.06,0.00121031,31,Metazoa,Annelida,Annelida,Erpobdelliformes,Orobdellidae,Orobdella,NA,NA,TRUE,ASV1013,1,NA
edna0085,ASV558,motu491,Pseudocalanus mimus,Calanoid copepod,species,NA,1,NA,1,NA,36,NA,NA,43,NA,NA,Pseudocalanus mimus,Calanoid copepod,2018_womanley_surface,womanley,kelp,2018-07-16,NA,2018,surface,1,edna_womanley_00,surface,biological,14.3,29.8,8.23,12.7,30.84,8.17,7.5,1000,0,51.80250464,-128.2000768,rock,NA,NA,NA,macroalgae,macrocystis,macroalgae_rock,macrocystis_rock,100,7.1053799999999944e-155,303,Metazoa,Arthropoda,Copepoda,Calanoida,Clausocalanidae,Pseudocalanus,0,0,TRUE,ASV558,1,Pseudocalanus mimus
edna0085,ASV1384,motu1168,Membranipora membranacea,Coffin box bryozoan,species,NA,1,NA,NA,NA,10,NA,NA,NA,NA,NA,Membranipora membranacea,Coffin box bryozoan,2018_womanley_surface,womanley,kelp,2018-07-16,NA,2018,surface,1,edna_womanley_00,surface,biological,14.3,29.8,8.23,12.7,30.84,8.17,7.5,1000,0,51.80250464,-128.2000768,rock,NA,NA,NA,macroalgae,macrocystis,macroalgae_rock,macrocystis_rock,100,9.252979999999995e-139,274,Metazoa,Bryozoa,Gymnolaemata,Cheilostomatida,Membraniporidae,Membranipora,0,0,TRUE,ASV1384,2,Membranipora membranacea
edna0085,ASV1068,motu920,Arthropoda,Unknown arthropod,phylum,NA,1,1,1,NA,6,2,9,9,NA,NA,Arthropoda,Unknown arthropod,2018_womanley_surface,womanley,kelp,2018-07-16,NA,2018,surface,1,edna_womanley_00,surface,biological,14.3,29.8,8.23,12.7,30.84,8.17,7.5,1000,0,51.80250464,-128.2000768,rock,NA,NA,NA,macroalgae,macrocystis,macroalgae_rock,macrocystis_rock,94.87,8.78538e-5,33,Metazoa,Arthropoda,NA,NA,NA,NA,NA,NA,TRUE,ASV1068,4,NA
edna0085,ASV1046,motu902,Arthropoda,Unknown arthropod,phylum,NA,1,NA,1,NA,11,NA,NA,NA,NA,12,Arthropoda,Unknown arthropod,2018_womanley_surface,womanley,kelp,2018-07-16,NA,2018,surface,1,edna_womanley_00,surface,biological,14.3,29.8,8.23,12.7,30.84,8.17,7.5,1000,0,51.80250464,-128.2000768,rock,NA,NA,NA,macroalgae,macrocystis,macroalgae_rock,macrocystis_rock,94.87,8.78538e-5,33,Metazoa,Arthropoda,NA,NA,NA,NA,NA,NA,TRUE,ASV1046,4,NA
edna0085,ASV958,motu181,Pseudocalanus mimus,Calanoid copepod,species,NA,1,NA,NA,NA,16,NA,NA,NA,NA,NA,Pseudocalanus mimus,Calanoid copepod,2018_womanley_surface,womanley,kelp,2018-07-16,NA,2018,surface,1,edna_womanley_00,surface,biological,14.3,29.8,8.23,12.7,30.84,8.17,7.5,1000,0,51.80250464,-128.2000768,rock,NA,NA,NA,macroalgae,macrocystis,macroalgae_rock,macrocystis_rock,99.67,5.531789999999998e-151,296,Metazoa,Arthropoda,Copepoda,Calanoida,Clausocalanidae,Pseudocalanus,0,0,TRUE,ASV205,8,Pseudocalanus mimus
edna0085,ASV2518,motu2051,Chaetognatha,Arrow worm,phylum,NA,1,NA,NA,NA,12,NA,NA,NA,NA,NA,Chaetognatha,Arrow worm,2018_womanley_surface,womanley,kelp,2018-07-16,NA,2018,surface,1,edna_womanley_00,surface,biological,14.3,29.8,8.23,12.7,30.84,8.17,7.5,1000,0,51.80250464,-128.2000768,rock,NA,NA,NA,macroalgae,macrocystis,macroalgae_rock,macrocystis_rock,96.52,1.6192399999999998e-86,180,Metazoa,Chaetognatha,NA,NA,NA,NA,0,0,TRUE,ASV2518,1,NA
edna0085,ASV2669,motu1590,Haliotis kamtschatkana,Northern abalone,species,NA,1,NA,NA,NA,35,NA,NA,NA,NA,NA,Haliotis kamtschatkana,Northern abalone,2018_womanley_surface,womanley,kelp,2018-07-16,NA,2018,surface,1,edna_womanley_00,surface,biological,14.3,29.8,8.23,12.7,30.84,8.17,7.5,1000,0,51.80250464,-128.2000768,rock,NA,NA,NA,macroalgae,macrocystis,macroalgae_rock,macrocystis_rock,100,1.96163e-160,313,Metazoa,Mollusca,Mollusca,Lepetellida,Haliotidae,Haliotis,0,0,TRUE,ASV1911,6,Haliotis kamtschatkana
edna0085,ASV1431,motu1208,Paracalanus,Calanoid copepod,genus,NA,1,NA,1,NA,5,NA,NA,NA,NA,10,Paracalanus,Calanoid copepod,2018_womanley_surface,womanley,kelp,2018-07-16,NA,2018,surface,1,edna_womanley_00,surface,biological,14.3,29.8,8.23,12.7,30.84,8.17,7.5,1000,0,51.80250464,-128.2000768,rock,NA,NA,NA,macroalgae,macrocystis,macroalgae_rock,macrocystis_rock,99.01,2.4714899999999987e-149,293,Metazoa,Arthropoda,Arthropoda,Calanoida,Paracalanidae,Paracalanus,0,0,TRUE,ASV1431,2,NA
edna0085,ASV2402,motu1965,Chaetognatha,Arrow worm,phylum,NA,1,NA,NA,NA,7,NA,NA,NA,NA,NA,Chaetognatha,Arrow worm,2018_womanley_surface,womanley,kelp,2018-07-16,NA,2018,surface,1,edna_womanley_00,surface,biological,14.3,29.8,8.23,12.7,30.84,8.17,7.5,1000,0,51.80250464,-128.2000768,rock,NA,NA,NA,macroalgae,macrocystis,macroalgae_rock,macrocystis_rock,96.52,1.6192399999999998e-86,180,Metazoa,Chaetognatha,NA,NA,NA,NA,0,0,TRUE,ASV2402,1,NA
edna0085,ASV1304,motu1104,Haliotis kamtschatkana,Northern abalone,species,NA,1,NA,1,NA,38,NA,67,77,NA,118,Haliotis kamtschatkana,Northern abalone,2018_womanley_surface,womanley,kelp,2018-07-16,NA,2018,surface,1,edna_womanley_00,surface,biological,14.3,29.8,8.23,12.7,30.84,8.17,7.5,1000,0,51.80250464,-128.2000768,rock,NA,NA,NA,macroalgae,macrocystis,macroalgae_rock,macrocystis_rock,100,1.96163e-160,313,Metazoa,Mollusca,Mollusca,Lepetellida,Haliotidae,Haliotis,0,0,TRUE,ASV1304,9,Haliotis kamtschatkana
edna0085,ASV1921,motu1598,Humilaria kennerleyi,Kennerleys venus,species,NA,1,NA,1,NA,6,NA,NA,18,NA,31,Humilaria kennerleyi,Kennerleys venus,2018_womanley_surface,womanley,kelp,2018-07-16,NA,2018,surface,1,edna_womanley_00,surface,biological,14.3,29.8,8.23,12.7,30.84,8.17,7.5,1000,0,51.80250464,-128.2000768,rock,NA,NA,NA,macroalgae,macrocystis,macroalgae_rock,macrocystis_rock,100,1.96163e-160,313,Metazoa,Mollusca,Bivalvia,Venerida,Veneridae,Humilaria,0,0,TRUE,ASV1921,2,Humilaria kennerleyi
edna0085,ASV2413,motu1971,Ferkeria,Other arachnid,genus,NA,1,NA,NA,NA,2,NA,NA,NA,NA,NA,Ferkeria,Other arachnid,2018_womanley_surface,womanley,kelp,2018-07-16,NA,2018,surface,1,edna_womanley_00,surface,biological,14.3,29.8,8.23,12.7,30.84,8.17,7.5,1000,0,51.80250464,-128.2000768,rock,NA,NA,NA,macroalgae,macrocystis,macroalgae_rock,macrocystis_rock,97.06,0.00112005,31,Metazoa,Arthropoda,Arthropoda,Grassatores,NA,Ferkeria,NA,NA,TRUE,ASV2413,1,NA
edna0085,ASV4028,motu3158,Tegula pulligo,Dusky tegula,species,NA,1,NA,NA,NA,10,NA,NA,NA,NA,NA,Tegula pulligo,Dusky tegula,2018_womanley_surface,womanley,kelp,2018-07-16,NA,2018,surface,1,edna_womanley_00,surface,biological,14.3,29.8,8.23,12.7,30.84,8.17,7.5,1000,0,51.80250464,-128.2000768,rock,NA,NA,NA,macroalgae,macrocystis,macroalgae_rock,macrocystis_rock,100,3.2351099999999996e-158,309,Metazoa,Mollusca,Gastropoda,Trochida,Tegulidae,Tegula,0,0,TRUE,ASV4028,1,Tegula pulligo
edna0085,ASV2637,motu2142,Chthamalus dalli,Little brown barnacle,species,NA,1,NA,1,NA,10,NA,NA,NA,NA,47,Chthamalus dalli,Little brown barnacle,2018_womanley_surface,womanley,kelp,2018-07-16,NA,2018,surface,1,edna_womanley_00,surface,biological,14.3,29.8,8.23,12.7,30.84,8.17,7.5,1000,0,51.80250464,-128.2000768,rock,NA,NA,NA,macroalgae,macrocystis,macroalgae_rock,macrocystis_rock,98.4,1.53804e-151,297,Metazoa,Arthropoda,Thecostraca,Balanomorpha,Chthamalidae,Chthamalus,0,0,TRUE,ASV2637,1,Chthamalus dalli
edna0085,ASV2953,motu2381,Ergasilida,Cyclopoid copepod,order,NA,1,NA,1,NA,4,NA,12,NA,NA,NA,Ergasilida,Cyclopoid copepod,2018_womanley_surface,womanley,kelp,2018-07-16,NA,2018,surface,1,edna_womanley_00,surface,biological,14.3,29.8,8.23,12.7,30.84,8.17,7.5,1000,0,51.80250464,-128.2000768,rock,NA,NA,NA,macroalgae,macrocystis,macroalgae_rock,macrocystis_rock,100,3.2351099999999996e-158,309,Metazoa,Arthropoda,Copepoda,Cyclopoida,NA,NA,0,0,FALSE,ASV2953,1,NA
edna0085,ASV5918,motu4549,Cerebratulus marginatus,Milky ribbon worm,species,NA,1,1,NA,NA,12,3,NA,NA,NA,NA,Cerebratulus marginatus,Milky ribbon worm,2018_womanley_surface,womanley,kelp,2018-07-16,NA,2018,surface,1,edna_womanley_00,surface,biological,14.3,29.8,8.23,12.7,30.84,8.17,7.5,1000,0,51.80250464,-128.2000768,rock,NA,NA,NA,macroalgae,macrocystis,macroalgae_rock,macrocystis_rock,99.68,9.126599999999999e-159,310,Metazoa,Nemertea,Pilidiophora,Heteronemertea,Lineidae,Cerebratulus,0,0,TRUE,ASV5918,1,Cerebratulus marginatus
edna0087,ASV251,motu105,Mesocentrotus franciscanus,Red sea urchin,species,NA,1,1,NA,NA,2098,396,NA,NA,NA,NA,Mesocentrotus franciscanus,Red sea urchin,2018_womanley_surface,womanley,kelp,2018-07-16,NA,2018,surface,3,edna_womanley_30,surface,biological,14.4,30.55,8.24,12.1,31.7,8.1,6.5,1000,0,51.80230682,-128.2002313,rock,NA,NA,NA,macroalgae,macrocystis,macroalgae_rock,macrocystis_rock,100,7.02982e-160,312,Metazoa,Echinodermata,Echinoidea,Camarodonta,Strongylocentrotidae,Mesocentrotus,0,0,TRUE,ASV118,8,Mesocentrotus franciscanus
edna0087,ASV324,motu285,Paracalanus parvus parvus,Calanoid copepod,species,NA,1,NA,1,NA,9,NA,NA,13,NA,21,Paracalanus parvus parvus,Calanoid copepod,2018_womanley_surface,womanley,kelp,2018-07-16,NA,2018,surface,3,edna_womanley_30,surface,biological,14.4,30.55,8.24,12.1,31.7,8.1,6.5,1000,0,51.80230682,-128.2002313,rock,NA,NA,NA,macroalgae,macrocystis,macroalgae_rock,macrocystis_rock,100,1.17454e-132,263,Metazoa,Arthropoda,Copepoda,Calanoida,Paracalanidae,Paracalanus,0,0,TRUE,ASV324,6,Paracalanus parvus parvus
edna0087,ASV1196,motu537,Mitrocoma cellularia,Cross jelly,species,NA,1,NA,NA,NA,4,NA,NA,NA,NA,NA,Mitrocoma cellularia,Cross jelly,2018_womanley_surface,womanley,kelp,2018-07-16,NA,2018,surface,3,edna_womanley_30,surface,biological,14.4,30.55,8.24,12.1,31.7,8.1,6.5,1000,0,51.80230682,-128.2002313,rock,NA,NA,NA,macroalgae,macrocystis,macroalgae_rock,macrocystis_rock,99.67,6.925819999999995e-155,303,Metazoa,Cnidaria,Hydrozoa,Leptothecata,Mitrocomidae,Mitrocoma,0,0,TRUE,ASV616,6,Mitrocoma cellularia
edna0087,ASV357,motu316,Hiatella,Clam species,genus,NA,1,1,1,NA,467,188,480,353,NA,514,Hiatella,Clam species,2018_womanley_surface,womanley,kelp,2018-07-16,NA,2018,surface,3,edna_womanley_30,surface,biological,14.4,30.55,8.24,12.1,31.7,8.1,6.5,1000,0,51.80230682,-128.2002313,rock,NA,NA,NA,macroalgae,macrocystis,macroalgae_rock,macrocystis_rock,100,9.027749999999999e-159,310,Metazoa,Mollusca,Bivalvia,Adapedonta,Hiatellidae,Hiatella,0,0,TRUE,ASV357,9,NA
edna0087,ASV750,motu654,Orobdella,Freshwater leech,genus,NA,1,1,NA,NA,46,18,NA,NA,NA,NA,Orobdella,Freshwater leech,2018_womanley_surface,womanley,kelp,2018-07-16,NA,2018,surface,3,edna_womanley_30,surface,biological,14.4,30.55,8.24,12.1,31.7,8.1,6.5,1000,0,51.80230682,-128.2002313,rock,NA,NA,NA,macroalgae,macrocystis,macroalgae_rock,macrocystis_rock,97.06,0.00121031,31,Metazoa,Annelida,Annelida,Erpobdelliformes,Orobdellidae,Orobdella,NA,NA,TRUE,ASV750,1,NA
edna0087,ASV1013,motu876,Orobdella,Freshwater leech,genus,NA,1,NA,NA,NA,56,NA,NA,NA,NA,NA,Orobdella,Freshwater leech,2018_womanley_surface,womanley,kelp,2018-07-16,NA,2018,surface,3,edna_womanley_30,surface,biological,14.4,30.55,8.24,12.1,31.7,8.1,6.5,1000,0,51.80230682,-128.2002313,rock,NA,NA,NA,macroalgae,macrocystis,macroalgae_rock,macrocystis_rock,97.06,0.00121031,31,Metazoa,Annelida,Annelida,Erpobdelliformes,Orobdellidae,Orobdella,NA,NA,TRUE,ASV1013,1,NA
edna0087,ASV733,motu637,Phyllodocida,Polychaete,order,NA,1,NA,NA,NA,12,NA,NA,NA,NA,NA,Phyllodocida,Polychaete,2018_womanley_surface,womanley,kelp,2018-07-16,NA,2018,surface,3,edna_womanley_30,surface,biological,14.4,30.55,8.24,12.1,31.7,8.1,6.5,1000,0,51.80230682,-128.2002313,rock,NA,NA,NA,macroalgae,macrocystis,macroalgae_rock,macrocystis_rock,100,0.0603188,28,Metazoa,Annelida,Annelida,Phyllodocida,NA,NA,0,0,TRUE,ASV733,1,NA
edna0087,ASV682,motu593,Strongylocentrotus droebachiensis,Green sea urcin,species,NA,1,NA,NA,NA,4,NA,NA,NA,NA,NA,Strongylocentrotus droebachiensis,Green sea urcin,2018_womanley_surface,womanley,kelp,2018-07-16,NA,2018,surface,3,edna_womanley_30,surface,biological,14.4,30.55,8.24,12.1,31.7,8.1,6.5,1000,0,51.80230682,-128.2002313,rock,NA,NA,NA,macroalgae,macrocystis,macroalgae_rock,macrocystis_rock,100,1.96163e-160,313,Metazoa,Echinodermata,Echinoidea,Camarodonta,Strongylocentrotidae,Strongylocentrotus,0,0,TRUE,ASV682,2,Strongylocentrotus droebachiensis
edna0087,ASV939,motu816,Ergasilida,Cyclopoid copepod,order,NA,1,NA,1,NA,11,NA,15,NA,NA,NA,Ergasilida,Cyclopoid copepod,2018_womanley_surface,womanley,kelp,2018-07-16,NA,2018,surface,3,edna_womanley_30,surface,biological,14.4,30.55,8.24,12.1,31.7,8.1,6.5,1000,0,51.80230682,-128.2002313,rock,NA,NA,NA,macroalgae,macrocystis,macroalgae_rock,macrocystis_rock,100,1.96163e-160,313,Metazoa,Arthropoda,Copepoda,Cyclopoida,NA,NA,0,0,FALSE,ASV939,1,NA
edna0087,ASV1546,motu1303,Chaetognatha,Arrow worm,phylum,NA,1,NA,NA,NA,14,NA,NA,NA,NA,NA,Chaetognatha,Arrow worm,2018_womanley_surface,womanley,kelp,2018-07-16,NA,2018,surface,3,edna_womanley_30,surface,biological,14.4,30.55,8.24,12.1,31.7,8.1,6.5,1000,0,51.80230682,-128.2002313,rock,NA,NA,NA,macroalgae,macrocystis,macroalgae_rock,macrocystis_rock,95.02,1.63074e-81,171,Metazoa,Chaetognatha,NA,NA,NA,NA,0,0,TRUE,ASV1546,2,NA
edna0087,ASV838,motu729,Strongylocentrotus purpuratus,Purple sea urchin,species,NA,1,NA,NA,NA,60,NA,NA,NA,NA,NA,Strongylocentrotus purpuratus,Purple sea urchin,2018_womanley_surface,womanley,kelp,2018-07-16,NA,2018,surface,3,edna_womanley_30,surface,biological,14.4,30.55,8.24,12.1,31.7,8.1,6.5,1000,0,51.80230682,-128.2002313,rock,NA,NA,NA,macroalgae,macrocystis,macroalgae_rock,macrocystis_rock,100,1.96163e-160,313,Metazoa,Echinodermata,Echinoidea,Camarodonta,Strongylocentrotidae,Strongylocentrotus,0,0,TRUE,ASV838,2,Strongylocentrotus purpuratus
edna0087,ASV795,motu692,Phascolosoma (Phascolosoma) agassizii,Agassiz peanut worm,species,NA,1,1,1,NA,47,19,53,61,NA,111,Phascolosoma (Phascolosoma) agassizii,Agassiz peanut worm,2018_womanley_surface,womanley,kelp,2018-07-16,NA,2018,surface,3,edna_womanley_30,surface,biological,14.4,30.55,8.24,12.1,31.7,8.1,6.5,1000,0,51.80230682,-128.2002313,rock,NA,NA,NA,macroalgae,macrocystis,macroalgae_rock,macrocystis_rock,100,1.96163e-160,313,Metazoa,Annelida,NA,Sipuncula,Phascolosomatidae,Phascolosoma,0,0,TRUE,ASV795,3,Phascolosoma (Phascolosoma) agassizii
edna0087,ASV1748,motu1459,Chaetognatha,Arrow worm,phylum,NA,1,NA,NA,NA,21,NA,NA,NA,NA,NA,Chaetognatha,Arrow worm,2018_womanley_surface,womanley,kelp,2018-07-16,NA,2018,surface,3,edna_womanley_30,surface,biological,14.4,30.55,8.24,12.1,31.7,8.1,6.5,1000,0,51.80230682,-128.2002313,rock,NA,NA,NA,macroalgae,macrocystis,macroalgae_rock,macrocystis_rock,95.02,1.63074e-81,171,Metazoa,Chaetognatha,NA,NA,NA,NA,0,0,TRUE,ASV1748,1,NA
edna0087,ASV1791,motu1494,Saxidomus nuttalli,California butterclam,species,NA,1,NA,NA,NA,6,NA,NA,NA,NA,NA,Saxidomus nuttalli,California butterclam,2018_womanley_surface,womanley,kelp,2018-07-16,NA,2018,surface,3,edna_womanley_30,surface,biological,14.4,30.55,8.24,12.1,31.7,8.1,6.5,1000,0,51.80230682,-128.2002313,rock,NA,NA,NA,macroalgae,macrocystis,macroalgae_rock,macrocystis_rock,99.68,4.246189999999999e-157,307,Metazoa,Mollusca,Bivalvia,Venerida,Veneridae,Saxidomus,0,0,TRUE,ASV1791,2,Saxidomus nuttalli
edna0087,ASV2203,motu1819,Obelia dichotoma,Sea thread hydroid,species,NA,1,NA,NA,NA,13,NA,NA,NA,NA,NA,Obelia dichotoma,Sea thread hydroid,2018_womanley_surface,womanley,kelp,2018-07-16,NA,2018,surface,3,edna_womanley_30,surface,biological,14.4,30.55,8.24,12.1,31.7,8.1,6.5,1000,0,51.80230682,-128.2002313,rock,NA,NA,NA,macroalgae,macrocystis,macroalgae_rock,macrocystis_rock,100,5.353989999999996e-156,305,Metazoa,Cnidaria,Hydrozoa,Leptothecata,Campanulariidae,Obelia,0,0,TRUE,ASV2203,1,Obelia dichotoma
edna0087,ASV2031,motu1681,Membranipora membranacea,Coffin box bryozoan,species,NA,1,NA,NA,NA,8,NA,NA,NA,NA,NA,Membranipora membranacea,Coffin box bryozoan,2018_womanley_surface,womanley,kelp,2018-07-16,NA,2018,surface,3,edna_womanley_30,surface,biological,14.4,30.55,8.24,12.1,31.7,8.1,6.5,1000,0,51.80230682,-128.2002313,rock,NA,NA,NA,macroalgae,macrocystis,macroalgae_rock,macrocystis_rock,100,9.252979999999995e-139,274,Metazoa,Bryozoa,Gymnolaemata,Cheilostomatida,Membraniporidae,Membranipora,0,0,TRUE,ASV2031,1,Membranipora membranacea
edna0087,ASV2228,motu1836,Saxidomus nuttalli,California butterclam,species,NA,1,NA,NA,NA,3,NA,NA,NA,NA,NA,Saxidomus nuttalli,California butterclam,2018_womanley_surface,womanley,kelp,2018-07-16,NA,2018,surface,3,edna_womanley_30,surface,biological,14.4,30.55,8.24,12.1,31.7,8.1,6.5,1000,0,51.80230682,-128.2002313,rock,NA,NA,NA,macroalgae,macrocystis,macroalgae_rock,macrocystis_rock,99.68,4.246189999999999e-157,307,Metazoa,Mollusca,Bivalvia,Venerida,Veneridae,Saxidomus,0,0,TRUE,ASV2228,1,Saxidomus nuttalli
edna0087,ASV1591,motu1341,Decapoda,Decapod crustacean species,order,NA,1,NA,NA,NA,33,NA,NA,NA,NA,NA,Decapoda,Decapod crustacean species,2018_womanley_surface,womanley,kelp,2018-07-16,NA,2018,surface,3,edna_womanley_30,surface,biological,14.4,30.55,8.24,12.1,31.7,8.1,6.5,1000,0,51.80230682,-128.2002313,rock,NA,NA,NA,macroalgae,macrocystis,macroalgae_rock,macrocystis_rock,91.67,1.88829e-6,36,Metazoa,Arthropoda,Arthropoda,Decapoda,NA,NA,0,0,TRUE,ASV1591,1,NA
edna0087,ASV1659,motu1390,Decapoda,Decapod crustacean species,order,NA,1,1,NA,NA,33,15,NA,NA,NA,NA,Decapoda,Decapod crustacean species,2018_womanley_surface,womanley,kelp,2018-07-16,NA,2018,surface,3,edna_womanley_30,surface,biological,14.4,30.55,8.24,12.1,31.7,8.1,6.5,1000,0,51.80230682,-128.2002313,rock,NA,NA,NA,macroalgae,macrocystis,macroalgae_rock,macrocystis_rock,91.67,1.88829e-6,36,Metazoa,Arthropoda,Arthropoda,Decapoda,NA,NA,0,0,TRUE,ASV1659,1,NA
edna0087,ASV1304,motu1104,Haliotis kamtschatkana,Northern abalone,species,NA,1,NA,NA,NA,14,NA,NA,NA,NA,NA,Haliotis kamtschatkana,Northern abalone,2018_womanley_surface,womanley,kelp,2018-07-16,NA,2018,surface,3,edna_womanley_30,surface,biological,14.4,30.55,8.24,12.1,31.7,8.1,6.5,1000,0,51.80230682,-128.2002313,rock,NA,NA,NA,macroalgae,macrocystis,macroalgae_rock,macrocystis_rock,100,1.96163e-160,313,Metazoa,Mollusca,Mollusca,Lepetellida,Haliotidae,Haliotis,0,0,TRUE,ASV1304,9,Haliotis kamtschatkana
edna0087,ASV1467,motu1238,Tubulanus sexlineatus,Six lined ribbon worm,species,NA,1,NA,1,NA,7,NA,NA,6,NA,3,Tubulanus sexlineatus,Six lined ribbon worm,2018_womanley_surface,womanley,kelp,2018-07-16,NA,2018,surface,3,edna_womanley_30,surface,biological,14.4,30.55,8.24,12.1,31.7,8.1,6.5,1000,0,51.80230682,-128.2002313,rock,NA,NA,NA,macroalgae,macrocystis,macroalgae_rock,macrocystis_rock,100,1.96163e-160,313,Metazoa,Nemertea,Palaeonemertea,Tubulaniformes,Tubulanidae,Tubulanus,0,0,TRUE,ASV1467,1,Tubulanus sexlineatus
edna0087,ASV1576,motu1328,Strongylocentrotus purpuratus,Purple sea urchin,species,NA,1,NA,NA,NA,24,NA,NA,NA,NA,NA,Strongylocentrotus purpuratus,Purple sea urchin,2018_womanley_surface,womanley,kelp,2018-07-16,NA,2018,surface,3,edna_womanley_30,surface,biological,14.4,30.55,8.24,12.1,31.7,8.1,6.5,1000,0,51.80230682,-128.2002313,rock,NA,NA,NA,macroalgae,macrocystis,macroalgae_rock,macrocystis_rock,100,1.96163e-160,313,Metazoa,Echinodermata,Echinoidea,Camarodonta,Strongylocentrotidae,Strongylocentrotus,0,0,TRUE,ASV1576,4,Strongylocentrotus purpuratus
edna0087,ASV3224,motu2581,Humilaria kennerleyi,Kennerleys venus,species,NA,1,NA,NA,NA,15,NA,NA,NA,NA,NA,Humilaria kennerleyi,Kennerleys venus,2018_womanley_surface,womanley,kelp,2018-07-16,NA,2018,surface,3,edna_womanley_30,surface,biological,14.4,30.55,8.24,12.1,31.7,8.1,6.5,1000,0,51.80230682,-128.2002313,rock,NA,NA,NA,macroalgae,macrocystis,macroalgae_rock,macrocystis_rock,100,1.96163e-160,313,Metazoa,Mollusca,Bivalvia,Venerida,Veneridae,Humilaria,0,0,TRUE,ASV3224,2,Humilaria kennerleyi
edna0087,ASV3939,motu529,Ophiopholis,Brittle star species,genus,NA,1,NA,NA,NA,75,NA,NA,NA,NA,NA,Ophiopholis kennerlyi,Daisy brittle star,2018_womanley_surface,womanley,kelp,2018-07-16,NA,2018,surface,3,edna_womanley_30,surface,biological,14.4,30.55,8.24,12.1,31.7,8.1,6.5,1000,0,51.80230682,-128.2002313,rock,NA,NA,NA,macroalgae,macrocystis,macroalgae_rock,macrocystis_rock,99.68,9.126599999999999e-159,310,Metazoa,Echinodermata,Echinodermata,Amphilepidida,Ophiopholidae,Ophiopholis,0,0,TRUE,ASV603,6,NA
edna0087,ASV2376,motu1949,Euphausia pacifica,North Pacific krill,species,NA,1,NA,1,NA,2,NA,NA,NA,NA,4,Euphausia pacifica,North Pacific krill,2018_womanley_surface,womanley,kelp,2018-07-16,NA,2018,surface,3,edna_womanley_30,surface,biological,14.4,30.55,8.24,12.1,31.7,8.1,6.5,1000,0,51.80230682,-128.2002313,rock,NA,NA,NA,macroalgae,macrocystis,macroalgae_rock,macrocystis_rock,100,3.2351099999999996e-158,309,Metazoa,Arthropoda,Malacostraca,Euphausiacea,Euphausiidae,Euphausia,0,0,TRUE,ASV2376,1,Euphausia pacifica
edna0087,ASV4328,motu244,Ophiopholis,Brittle star species,genus,NA,1,NA,NA,NA,56,NA,NA,NA,NA,NA,Ophiopholis kennerlyi,Daisy brittle star,2018_womanley_surface,womanley,kelp,2018-07-16,NA,2018,surface,3,edna_womanley_30,surface,biological,14.4,30.55,8.24,12.1,31.7,8.1,6.5,1000,0,51.80230682,-128.2002313,rock,NA,NA,NA,macroalgae,macrocystis,macroalgae_rock,macrocystis_rock,99.68,9.126599999999999e-159,310,Metazoa,Echinodermata,Echinodermata,Amphilepidida,Ophiopholidae,Ophiopholis,0,0,TRUE,ASV275,7,NA
edna0087,ASV4609,motu3578,Neritidae,Nerite snail species,family,NA,1,NA,NA,NA,21,NA,NA,NA,NA,NA,Neritidae,Nerite snail species,2018_womanley_surface,womanley,kelp,2018-07-16,NA,2018,surface,3,edna_womanley_30,surface,biological,14.4,30.55,8.24,12.1,31.7,8.1,6.5,1000,0,51.80230682,-128.2002313,rock,NA,NA,NA,macroalgae,macrocystis,macroalgae_rock,macrocystis_rock,90,6.69344e-6,35,Metazoa,Mollusca,Mollusca,Cycloneritida,Neritidae,NA,0,0,TRUE,ASV4609,1,NA
edna0087,ASV4420,motu1896,Membranipora membranacea,Coffin box bryozoan,species,NA,1,NA,NA,NA,16,NA,NA,NA,NA,NA,Membranipora membranacea,Coffin box bryozoan,2018_womanley_surface,womanley,kelp,2018-07-16,NA,2018,surface,3,edna_womanley_30,surface,biological,14.4,30.55,8.24,12.1,31.7,8.1,6.5,1000,0,51.80230682,-128.2002313,rock,NA,NA,NA,macroalgae,macrocystis,macroalgae_rock,macrocystis_rock,100,5.610619999999999e-141,278,Metazoa,Bryozoa,Gymnolaemata,Cheilostomatida,Membraniporidae,Membranipora,0,0,TRUE,ASV2302,3,Membranipora membranacea
edna0087,ASV3166,motu1746,Synchaeta vorax,Rotifer,species,NA,1,NA,1,NA,25,NA,11,24,NA,38,Synchaeta vorax,Rotifer,2018_womanley_surface,womanley,kelp,2018-07-16,NA,2018,surface,3,edna_womanley_30,surface,biological,14.4,30.55,8.24,12.1,31.7,8.1,6.5,1000,0,51.80230682,-128.2002313,rock,NA,NA,NA,macroalgae,macrocystis,macroalgae_rock,macrocystis_rock,95.13,1.20545e-132,263,Metazoa,Rotifera,Eurotatoria,Ploima,Synchaetidae,Synchaeta,0,0,TRUE,ASV2117,4,Synchaeta vorax
edna0087,ASV5239,motu4026,Glycymeris septentrionalis,Western bittersweet,species,NA,1,NA,NA,NA,9,NA,NA,NA,NA,NA,Glycymeris septentrionalis,Western bittersweet,2018_womanley_surface,womanley,kelp,2018-07-16,NA,2018,surface,3,edna_womanley_30,surface,biological,14.4,30.55,8.24,12.1,31.7,8.1,6.5,1000,0,51.80230682,-128.2002313,rock,NA,NA,NA,macroalgae,macrocystis,macroalgae_rock,macrocystis_rock,100,9.126599999999999e-159,310,Metazoa,Mollusca,Bivalvia,Arcida,Glycymerididae,Glycymeris,0,0,TRUE,ASV5239,1,Glycymeris septentrionalis
edna0087,ASV5307,motu4076,Cicadellidae,Hexapod,genus,NA,1,NA,NA,NA,7,NA,NA,NA,NA,NA,Cicadellidae,Hexapod,2018_womanley_surface,womanley,kelp,2018-07-16,NA,2018,surface,3,edna_womanley_30,surface,biological,14.4,30.55,8.24,12.1,31.7,8.1,6.5,1000,0,51.80230682,-128.2002313,rock,NA,NA,NA,macroalgae,macrocystis,macroalgae_rock,macrocystis_rock,94.44,0.00408744,30,Metazoa,Arthropoda,Arthropoda,Hemiptera,Cicadellidae,Cicadellidae,NA,NA,TRUE,ASV5307,1,NA
edna0087,ASV2472,motu2014,Ergasilida,Cyclopoid copepod,order,NA,1,NA,1,NA,6,NA,NA,16,NA,NA,Ergasilida,Cyclopoid copepod,2018_womanley_surface,womanley,kelp,2018-07-16,NA,2018,surface,3,edna_womanley_30,surface,biological,14.4,30.55,8.24,12.1,31.7,8.1,6.5,1000,0,51.80230682,-128.2002313,rock,NA,NA,NA,macroalgae,macrocystis,macroalgae_rock,macrocystis_rock,100,2.51921e-159,311,Metazoa,Arthropoda,Copepoda,Cyclopoida,NA,NA,0,0,FALSE,ASV2472,1,NA
edna0087,ASV5566,motu4273,Ophidiaster,Sea star,genus,NA,1,NA,NA,NA,2,NA,NA,NA,NA,NA,Ophidiaster,Sea star,2018_womanley_surface,womanley,kelp,2018-07-16,NA,2018,surface,3,edna_womanley_30,surface,biological,14.4,30.55,8.24,12.1,31.7,8.1,6.5,1000,0,51.80230682,-128.2002313,rock,NA,NA,NA,macroalgae,macrocystis,macroalgae_rock,macrocystis_rock,95.12,6.57085e-6,35,Metazoa,Echinodermata,Echinodermata,Valvatida,Ophidiasteridae,Ophidiaster,0,0,TRUE,ASV5566,1,NA
edna0087,ASV5918,motu4549,Cerebratulus marginatus,Milky ribbon worm,species,NA,1,NA,NA,NA,6,NA,NA,NA,NA,NA,Cerebratulus marginatus,Milky ribbon worm,2018_womanley_surface,womanley,kelp,2018-07-16,NA,2018,surface,3,edna_womanley_30,surface,biological,14.4,30.55,8.24,12.1,31.7,8.1,6.5,1000,0,51.80230682,-128.2002313,rock,NA,NA,NA,macroalgae,macrocystis,macroalgae_rock,macrocystis_rock,99.68,9.126599999999999e-159,310,Metazoa,Nemertea,Pilidiophora,Heteronemertea,Lineidae,Cerebratulus,0,0,TRUE,ASV5918,1,Cerebratulus marginatus
edna0087,ASV5106,motu199,Mytilus trossulus,Bay mussel,species,NA,1,NA,1,NA,10,NA,NA,5,NA,14,Mytilus trossulus,Bay mussel,2018_womanley_surface,womanley,kelp,2018-07-16,NA,2018,surface,3,edna_womanley_30,surface,biological,14.4,30.55,8.24,12.1,31.7,8.1,6.5,1000,0,51.80230682,-128.2002313,rock,NA,NA,NA,macroalgae,macrocystis,macroalgae_rock,macrocystis_rock,99.68,1.5051499999999994e-156,306,Metazoa,Mollusca,Mollusca,Mytilida,Mytilidae,Mytilus,0,0,TRUE,ASV226,18,Mytilus trossulus
edna0087,ASV6888,motu5360,Cicadellidae,Hexapod,genus,NA,1,NA,NA,NA,8,NA,NA,NA,NA,NA,Cicadellidae,Hexapod,2018_womanley_surface,womanley,kelp,2018-07-16,NA,2018,surface,3,edna_womanley_30,surface,biological,14.4,30.55,8.24,12.1,31.7,8.1,6.5,1000,0,51.80230682,-128.2002313,rock,NA,NA,NA,macroalgae,macrocystis,macroalgae_rock,macrocystis_rock,94.44,0.00416974,30,Metazoa,Arthropoda,Arthropoda,Hemiptera,Cicadellidae,Cicadellidae,NA,NA,TRUE,ASV6888,1,NA
edna0087,ASV7400,motu5786,Phytoseiidae,Mite,genus,NA,1,NA,NA,NA,5,NA,NA,NA,NA,NA,Phytoseiidae,Mite,2018_womanley_surface,womanley,kelp,2018-07-16,NA,2018,surface,3,edna_womanley_30,surface,biological,14.4,30.55,8.24,12.1,31.7,8.1,6.5,1000,0,51.80230682,-128.2002313,rock,NA,NA,NA,macroalgae,macrocystis,macroalgae_rock,macrocystis_rock,97.3,2.49185e-5,34,Metazoa,Arthropoda,Arthropoda,Mesostigmata,NA,Phytoseiidae,NA,NA,TRUE,ASV7400,1,NA
edna0088,ASV232,motu204,Cecidomyiidae,Hexapod,genus,NA,1,1,1,NA,4,4,NA,6,NA,10,Cecidomyiidae,Hexapod,2018_west_surface,west,kelp,2018-07-17,NA,2018,surface,1,edna_west_00,surface,biological,12.5,31.77,8.07,NA,NA,NA,4.8,1000,0,NA,NA,NA,NA,NA,NA,NA,NA,NA_NA,NA_NA,100,0.00408744,30,Metazoa,Arthropoda,Arthropoda,Diptera,Cecidomyiidae,Cecidomyiidae,NA,NA,TRUE,ASV232,1,NA
edna0088,ASV616,motu537,Mitrocoma cellularia,Cross jelly,species,NA,1,NA,NA,NA,2,NA,NA,NA,NA,NA,Mitrocoma cellularia,Cross jelly,2018_west_surface,west,kelp,2018-07-17,NA,2018,surface,1,edna_west_00,surface,biological,12.5,31.77,8.07,NA,NA,NA,4.8,1000,0,NA,NA,NA,NA,NA,NA,NA,NA,NA_NA,NA_NA,100,1.4886099999999998e-156,306,Metazoa,Cnidaria,Hydrozoa,Leptothecata,Mitrocomidae,Mitrocoma,0,0,TRUE,ASV616,6,Mitrocoma cellularia
edna0088,ASV1287,motu1015,Balanus,Barnacle species,genus,NA,1,NA,NA,NA,2,NA,NA,NA,NA,NA,Balanus,Barnacle species,2018_west_surface,west,kelp,2018-07-17,NA,2018,surface,1,edna_west_00,surface,biological,12.5,31.77,8.07,NA,NA,NA,4.8,1000,0,NA,NA,NA,NA,NA,NA,NA,NA,NA_NA,NA_NA,99.67,6.925819999999995e-155,303,Metazoa,Arthropoda,Arthropoda,Balanomorpha,Balanidae,Balanus,0,0,TRUE,ASV1187,5,NA
edna0088,ASV1748,motu1459,Chaetognatha,Arrow worm,phylum,NA,1,NA,NA,NA,5,NA,NA,NA,NA,NA,Chaetognatha,Arrow worm,2018_west_surface,west,kelp,2018-07-17,NA,2018,surface,1,edna_west_00,surface,biological,12.5,31.77,8.07,NA,NA,NA,4.8,1000,0,NA,NA,NA,NA,NA,NA,NA,NA,NA_NA,NA_NA,95.02,1.63074e-81,171,Metazoa,Chaetognatha,NA,NA,NA,NA,0,0,TRUE,ASV1748,1,NA
edna0088,ASV1742,motu1454,Micropodarke dubia,Hesionid polychaete,species,NA,1,NA,NA,NA,4,NA,NA,NA,NA,NA,Micropodarke dubia,Hesionid polychaete,2018_west_surface,west,kelp,2018-07-17,NA,2018,surface,1,edna_west_00,surface,biological,12.5,31.77,8.07,NA,NA,NA,4.8,1000,0,NA,NA,NA,NA,NA,NA,NA,NA,NA_NA,NA_NA,100,1.96163e-160,313,Metazoa,Annelida,Polychaeta,Phyllodocida,Hesionidae,Micropodarke,0,0,TRUE,ASV1742,2,Micropodarke dubia
edna0088,ASV1462,motu1233,Clytia gregaria,Gregarious jellyfish,species,NA,1,NA,NA,NA,4,NA,NA,NA,NA,NA,Clytia gregaria,Gregarious jellyfish,2018_west_surface,west,kelp,2018-07-17,NA,2018,surface,1,edna_west_00,surface,biological,12.5,31.77,8.07,NA,NA,NA,4.8,1000,0,NA,NA,NA,NA,NA,NA,NA,NA,NA_NA,NA_NA,99.67,6.925819999999995e-155,303,Metazoa,Cnidaria,Hydrozoa,Leptothecata,Campanulariidae,Clytia,0,0,TRUE,ASV1462,2,Clytia gregaria
edna0089,ASV520,motu457,Evasterias troschelii,False ochre star,species,NA,1,NA,1,NA,5,NA,NA,6,NA,2,Evasterias troschelii,False ochre star,2018_west_depth,west,kelp,2018-07-17,NA,2018,depth,1,edna_west_15,depth,biological,11.2,31.88,8.07,NA,NA,NA,4.8,1000,0,51.64898316,-128.1517294,NA,NA,NA,NA,macroalgae,macrocystis,macroalgae_NA,macrocystis_NA,100,1.96163e-160,313,Metazoa,Echinodermata,Asteroidea,Forcipulatida,Asteriidae,Evasterias,0,0,TRUE,ASV520,1,Evasterias troschelii
edna0089,ASV521,motu458,Sabellariidae,Feather duster worm,family,NA,1,NA,NA,NA,18,NA,NA,NA,NA,NA,Sabellariidae,Feather duster worm,2018_west_depth,west,kelp,2018-07-17,NA,2018,depth,1,edna_west_15,depth,biological,11.2,31.88,8.07,NA,NA,NA,4.8,1000,0,51.64898316,-128.1517294,NA,NA,NA,NA,macroalgae,macrocystis,macroalgae_NA,macrocystis_NA,99.68,1.5051499999999994e-156,306,Metazoa,Annelida,Polychaeta,NA,Sabellariidae,NA,0,0,TRUE,ASV521,12,NA
edna0089,ASV1570,motu1323,Pleurobrachia bachei,Pacific sea gooseberry,species,NA,1,NA,NA,NA,2,NA,NA,NA,NA,NA,Pleurobrachia bachei,Pacific sea gooseberry,2018_west_depth,west,kelp,2018-07-17,NA,2018,depth,1,edna_west_15,depth,biological,11.2,31.88,8.07,NA,NA,NA,4.8,1000,0,51.64898316,-128.1517294,NA,NA,NA,NA,macroalgae,macrocystis,macroalgae_NA,macrocystis_NA,99.68,9.126599999999999e-159,310,Metazoa,Ctenophora,Tentaculata,Cydippida,Cydippidae,Pleurobrachia,0,0,TRUE,ASV1570,1,Pleurobrachia bachei
edna0089,ASV1714,motu1432,Pleurobrachia bachei,Pacific sea gooseberry,species,NA,1,NA,NA,NA,2,NA,NA,NA,NA,NA,Pleurobrachia bachei,Pacific sea gooseberry,2018_west_depth,west,kelp,2018-07-17,NA,2018,depth,1,edna_west_15,depth,biological,11.2,31.88,8.07,NA,NA,NA,4.8,1000,0,51.64898316,-128.1517294,NA,NA,NA,NA,macroalgae,macrocystis,macroalgae_NA,macrocystis_NA,99.68,9.126599999999999e-159,310,Metazoa,Ctenophora,Tentaculata,Cydippida,Cydippidae,Pleurobrachia,0,0,TRUE,ASV1714,1,Pleurobrachia bachei
edna0090,ASV258,motu228,Lensia,Siphonophore,genus,NA,1,NA,NA,NA,2,NA,NA,NA,NA,NA,Lensia,Siphonophore,2018_west_surface,west,kelp,2018-07-17,NA,2018,surface,2,edna_west_30,surface,biological,13,31.75,8.06,NA,NA,NA,5.4,1000,0,51.64898937,-128.1515178,NA,NA,NA,NA,macroalgae,macrocystis,macroalgae_NA,macrocystis_NA,100,0.00408744,30,Metazoa,Cnidaria,Cnidaria,Siphonophorae,Diphyidae,Lensia,0,0,TRUE,ASV258,1,NA
edna0090,ASV613,motu536,Sabellariidae,Feather duster worm,family,NA,1,NA,1,NA,13,NA,18,16,NA,25,Sabellariidae,Feather duster worm,2018_west_surface,west,kelp,2018-07-17,NA,2018,surface,2,edna_west_30,surface,biological,13,31.75,8.06,NA,NA,NA,5.4,1000,0,51.64898937,-128.1515178,NA,NA,NA,NA,macroalgae,macrocystis,macroalgae_NA,macrocystis_NA,99.68,1.5051499999999994e-156,306,Metazoa,Annelida,Polychaeta,NA,Sabellariidae,NA,0,0,TRUE,ASV613,7,NA
edna0090,ASV1502,motu1269,Oithona similis,Cyclopoid copepod,species,NA,1,NA,NA,NA,4,NA,NA,NA,NA,NA,Oithona similis,Cyclopoid copepod,2018_west_surface,west,kelp,2018-07-17,NA,2018,surface,2,edna_west_30,surface,biological,13,31.75,8.06,NA,NA,NA,5.4,1000,0,51.64898937,-128.1515178,NA,NA,NA,NA,macroalgae,macrocystis,macroalgae_NA,macrocystis_NA,96.17,2.0179399999999996e-140,277,Metazoa,Arthropoda,Copepoda,Cyclopoida,Oithonidae,Oithona,0,0,TRUE,ASV1502,1,Oithona similis
edna0090,ASV2608,motu343,Dodecaceria,Cirratulid polychaete,genus,NA,1,NA,NA,NA,12,NA,NA,NA,NA,NA,Dodecaceria,Cirratulid polychaete,2018_west_surface,west,kelp,2018-07-17,NA,2018,surface,2,edna_west_30,surface,biological,13,31.75,8.06,NA,NA,NA,5.4,1000,0,51.64898937,-128.1515178,NA,NA,NA,NA,macroalgae,macrocystis,macroalgae_NA,macrocystis_NA,99.68,9.126599999999999e-159,310,Metazoa,Annelida,Polychaeta,Terebellida,Cirratulidae,Dodecaceria,0,0,TRUE,ASV390,6,NA
edna0090,ASV1319,motu1116,Clytia gregaria,Gregarious jellyfish,species,NA,1,NA,NA,NA,4,NA,NA,NA,NA,NA,Clytia gregaria,Gregarious jellyfish,2018_west_surface,west,kelp,2018-07-17,NA,2018,surface,2,edna_west_30,surface,biological,13,31.75,8.06,NA,NA,NA,5.4,1000,0,51.64898937,-128.1515178,NA,NA,NA,NA,macroalgae,macrocystis,macroalgae_NA,macrocystis_NA,99.67,6.925819999999995e-155,303,Metazoa,Cnidaria,Hydrozoa,Leptothecata,Campanulariidae,Clytia,0,0,TRUE,ASV1319,3,Clytia gregaria
edna0154,ASV25,motu22,Acartia (Acartiura) longiremis,Calanoid copepod,species,NA,1,NA,1,NA,12,NA,NA,NA,NA,13,Acartia (Acartiura) longiremis,Calanoid copepod,2018_choked-grid_surface,choked grid,seagrass_grid,2018-08-24,NA,2018,surface,7,choked_grid_c1,grid,biological,NA,NA,NA,NA,NA,NA,7.3,1000,0,51.67445702,-128.1202209,sand,NA,NA,NA,seagrass,zostera,seagrass_sand,zostera_sand,100,1.96163e-160,313,Metazoa,Arthropoda,Copepoda,Calanoida,Acartiidae,Acartia,0,0,TRUE,ASV25,27,Acartia (Acartiura) longiremis
edna0154,ASV81,motu71,Acartia (Acartiura) longiremis,Calanoid copepod,species,NA,1,NA,NA,NA,9,NA,NA,NA,NA,NA,Acartia (Acartiura) longiremis,Calanoid copepod,2018_choked-grid_surface,choked grid,seagrass_grid,2018-08-24,NA,2018,surface,7,choked_grid_c1,grid,biological,NA,NA,NA,NA,NA,NA,7.3,1000,0,51.67445702,-128.1202209,sand,NA,NA,NA,seagrass,zostera,seagrass_sand,zostera_sand,100,1.96163e-160,313,Metazoa,Arthropoda,Copepoda,Calanoida,Acartiidae,Acartia,0,0,TRUE,ASV81,23,Acartia (Acartiura) longiremis
edna0154,ASV467,motu412,Saxidomus,Washington clam species,genus,NA,1,1,1,NA,6,5,18,NA,NA,15,Saxidomus,Washington clam species,2018_choked-grid_surface,choked grid,seagrass_grid,2018-08-24,NA,2018,surface,7,choked_grid_c1,grid,biological,NA,NA,NA,NA,NA,NA,7.3,1000,0,51.67445702,-128.1202209,sand,NA,NA,NA,seagrass,zostera,seagrass_sand,zostera_sand,100,1.96163e-160,313,Metazoa,Mollusca,Mollusca,Venerida,Veneridae,Saxidomus,0,0,TRUE,ASV467,12,NA
edna0154,ASV860,motu748,Saxidomus,Washington clam species,genus,NA,1,NA,NA,NA,10,NA,NA,NA,NA,NA,Saxidomus,Washington clam species,2018_choked-grid_surface,choked grid,seagrass_grid,2018-08-24,NA,2018,surface,7,choked_grid_c1,grid,biological,NA,NA,NA,NA,NA,NA,7.3,1000,0,51.67445702,-128.1202209,sand,NA,NA,NA,seagrass,zostera,seagrass_sand,zostera_sand,100,1.96163e-160,313,Metazoa,Mollusca,Mollusca,Venerida,Veneridae,Saxidomus,0,0,TRUE,ASV860,4,NA
edna0154,ASV679,motu591,Phyllodocida,Polychaete,order,NA,1,1,NA,NA,24,14,NA,NA,NA,NA,Phyllodocida,Polychaete,2018_choked-grid_surface,choked grid,seagrass_grid,2018-08-24,NA,2018,surface,7,choked_grid_c1,grid,biological,NA,NA,NA,NA,NA,NA,7.3,1000,0,51.67445702,-128.1202209,sand,NA,NA,NA,seagrass,zostera,seagrass_sand,zostera_sand,100,0.0603188,28,Metazoa,Annelida,Annelida,Phyllodocida,NA,NA,0,0,TRUE,ASV679,1,NA
edna0154,ASV1742,motu1454,Micropodarke dubia,Hesionid polychaete,species,NA,1,NA,NA,NA,2,NA,NA,NA,NA,NA,Micropodarke dubia,Hesionid polychaete,2018_choked-grid_surface,choked grid,seagrass_grid,2018-08-24,NA,2018,surface,7,choked_grid_c1,grid,biological,NA,NA,NA,NA,NA,NA,7.3,1000,0,51.67445702,-128.1202209,sand,NA,NA,NA,seagrass,zostera,seagrass_sand,zostera_sand,100,1.96163e-160,313,Metazoa,Annelida,Polychaeta,Phyllodocida,Hesionidae,Micropodarke,0,0,TRUE,ASV1742,2,Micropodarke dubia
edna0154,ASV6785,motu5271,Membranipora membranacea,Coffin box bryozoan,species,NA,1,NA,NA,NA,3,NA,NA,NA,NA,NA,Membranipora membranacea,Coffin box bryozoan,2018_choked-grid_surface,choked grid,seagrass_grid,2018-08-24,NA,2018,surface,7,choked_grid_c1,grid,biological,NA,NA,NA,NA,NA,NA,7.3,1000,0,51.67445702,-128.1202209,sand,NA,NA,NA,seagrass,zostera,seagrass_sand,zostera_sand,98.92,1.6026699999999999e-136,270,Metazoa,Bryozoa,Gymnolaemata,Cheilostomatida,Membraniporidae,Membranipora,0,0,TRUE,ASV6785,1,Membranipora membranacea
edna0154,ASV5056,motu3896,Diphyidae,Siphonophore,family,NA,1,NA,NA,NA,3,NA,NA,NA,NA,NA,Diphyidae,Siphonophore,2018_choked-grid_surface,choked grid,seagrass_grid,2018-08-24,NA,2018,surface,7,choked_grid_c1,grid,biological,NA,NA,NA,NA,NA,NA,7.3,1000,0,51.67445702,-128.1202209,sand,NA,NA,NA,seagrass,zostera,seagrass_sand,zostera_sand,92.17,5.874179999999994e-106,215,Metazoa,Cnidaria,Cnidaria,Siphonophorae,Diphyidae,NA,0,0,TRUE,ASV5056,1,NA
edna0092,ASV521,motu458,Sabellariidae,Feather duster worm,family,NA,1,NA,1,NA,5,NA,6,12,NA,11,Sabellariidae,Feather duster worm,2018_west_surface,west,kelp,2018-07-17,NA,2018,surface,3,edna_west_15,surface,biological,12.5,31.58,8.07,NA,NA,NA,5.8,1000,0,51.64898316,-128.1517294,NA,NA,NA,NA,macroalgae,macrocystis,macroalgae_NA,macrocystis_NA,99.68,1.5051499999999994e-156,306,Metazoa,Annelida,Polychaeta,NA,Sabellariidae,NA,0,0,TRUE,ASV521,12,NA
edna0092,ASV750,motu654,Orobdella,Freshwater leech,genus,NA,1,NA,NA,NA,5,NA,NA,NA,NA,NA,Orobdella,Freshwater leech,2018_west_surface,west,kelp,2018-07-17,NA,2018,surface,3,edna_west_15,surface,biological,12.5,31.58,8.07,NA,NA,NA,5.8,1000,0,51.64898316,-128.1517294,NA,NA,NA,NA,macroalgae,macrocystis,macroalgae_NA,macrocystis_NA,97.06,0.00121031,31,Metazoa,Annelida,Annelida,Erpobdelliformes,Orobdellidae,Orobdella,NA,NA,TRUE,ASV750,1,NA
edna0092,ASV1013,motu876,Orobdella,Freshwater leech,genus,NA,1,NA,NA,NA,8,NA,NA,NA,NA,NA,Orobdella,Freshwater leech,2018_west_surface,west,kelp,2018-07-17,NA,2018,surface,3,edna_west_15,surface,biological,12.5,31.58,8.07,NA,NA,NA,5.8,1000,0,51.64898316,-128.1517294,NA,NA,NA,NA,macroalgae,macrocystis,macroalgae_NA,macrocystis_NA,97.06,0.00121031,31,Metazoa,Annelida,Annelida,Erpobdelliformes,Orobdellidae,Orobdella,NA,NA,TRUE,ASV1013,1,NA
edna0092,ASV613,motu536,Sabellariidae,Feather duster worm,family,NA,1,NA,1,NA,7,NA,NA,13,NA,23,Sabellariidae,Feather duster worm,2018_west_surface,west,kelp,2018-07-17,NA,2018,surface,3,edna_west_15,surface,biological,12.5,31.58,8.07,NA,NA,NA,5.8,1000,0,51.64898316,-128.1517294,NA,NA,NA,NA,macroalgae,macrocystis,macroalgae_NA,macrocystis_NA,99.68,1.5051499999999994e-156,306,Metazoa,Annelida,Polychaeta,NA,Sabellariidae,NA,0,0,TRUE,ASV613,7,NA
edna0092,ASV1492,motu1259,Membranipora membranacea,Coffin box bryozoan,species,NA,1,NA,NA,NA,23,NA,NA,NA,NA,NA,Membranipora membranacea,Coffin box bryozoan,2018_west_surface,west,kelp,2018-07-17,NA,2018,surface,3,edna_west_15,surface,biological,12.5,31.58,8.07,NA,NA,NA,5.8,1000,0,51.64898316,-128.1517294,NA,NA,NA,NA,macroalgae,macrocystis,macroalgae_NA,macrocystis_NA,100,9.252979999999995e-139,274,Metazoa,Bryozoa,Gymnolaemata,Cheilostomatida,Membraniporidae,Membranipora,0,0,TRUE,ASV1492,2,Membranipora membranacea
edna0092,ASV1040,motu897,Oithona similis,Cyclopoid copepod,species,NA,1,NA,NA,NA,2,NA,NA,NA,NA,NA,Oithona similis,Cyclopoid copepod,2018_west_surface,west,kelp,2018-07-17,NA,2018,surface,3,edna_west_15,surface,biological,12.5,31.58,8.07,NA,NA,NA,5.8,1000,0,51.64898316,-128.1517294,NA,NA,NA,NA,macroalgae,macrocystis,macroalgae_NA,macrocystis_NA,96.17,2.0179399999999996e-140,277,Metazoa,Arthropoda,Copepoda,Cyclopoida,Oithonidae,Oithona,0,0,TRUE,ASV1040,1,Oithona similis
edna0092,ASV2518,motu2051,Chaetognatha,Arrow worm,phylum,NA,1,NA,NA,NA,7,NA,NA,NA,NA,NA,Chaetognatha,Arrow worm,2018_west_surface,west,kelp,2018-07-17,NA,2018,surface,3,edna_west_15,surface,biological,12.5,31.58,8.07,NA,NA,NA,5.8,1000,0,51.64898316,-128.1517294,NA,NA,NA,NA,macroalgae,macrocystis,macroalgae_NA,macrocystis_NA,96.52,1.6192399999999998e-86,180,Metazoa,Chaetognatha,NA,NA,NA,NA,0,0,TRUE,ASV2518,1,NA
edna0092,ASV2438,motu1989,Pseudocnus curatus,Aggregating sea cucumber,species,NA,1,NA,NA,NA,2,NA,NA,NA,NA,NA,Pseudocnus curatus,Aggregating sea cucumber,2018_west_surface,west,kelp,2018-07-17,NA,2018,surface,3,edna_west_15,surface,biological,12.5,31.58,8.07,NA,NA,NA,5.8,1000,0,51.64898316,-128.1517294,NA,NA,NA,NA,macroalgae,macrocystis,macroalgae_NA,macrocystis_NA,100,5.353989999999996e-156,305,Metazoa,Echinodermata,Holothuroidea,Dendrochirotida,Cucumariidae,Pseudocnus,0,0,TRUE,ASV2438,2,Pseudocnus curatus
edna0093,ASV143,motu128,Centropages abdominalis,Calanoid copepod,species,NA,1,NA,NA,NA,3,NA,NA,NA,NA,NA,Centropages abdominalis,Calanoid copepod,2018_west_depth,west,kelp,2018-07-17,NA,2018,depth,3,edna_west_30,depth,biological,10.8,31.92,8.01,NA,NA,NA,5.8,1000,0,51.64898937,-128.1515178,NA,NA,NA,NA,macroalgae,macrocystis,macroalgae_NA,macrocystis_NA,100,1.96163e-160,313,Metazoa,Arthropoda,Copepoda,Calanoida,Centropagidae,Centropages,0,0,TRUE,ASV143,11,Centropages abdominalis
edna0093,ASV521,motu458,Sabellariidae,Feather duster worm,family,NA,1,1,1,NA,32,15,15,NA,NA,NA,Sabellariidae,Feather duster worm,2018_west_depth,west,kelp,2018-07-17,NA,2018,depth,3,edna_west_30,depth,biological,10.8,31.92,8.01,NA,NA,NA,5.8,1000,0,51.64898937,-128.1515178,NA,NA,NA,NA,macroalgae,macrocystis,macroalgae_NA,macrocystis_NA,99.68,1.5051499999999994e-156,306,Metazoa,Annelida,Polychaeta,NA,Sabellariidae,NA,0,0,TRUE,ASV521,12,NA
edna0093,ASV750,motu654,Orobdella,Freshwater leech,genus,NA,1,NA,NA,NA,4,NA,NA,NA,NA,NA,Orobdella,Freshwater leech,2018_west_depth,west,kelp,2018-07-17,NA,2018,depth,3,edna_west_30,depth,biological,10.8,31.92,8.01,NA,NA,NA,5.8,1000,0,51.64898937,-128.1515178,NA,NA,NA,NA,macroalgae,macrocystis,macroalgae_NA,macrocystis_NA,97.06,0.00121031,31,Metazoa,Annelida,Annelida,Erpobdelliformes,Orobdellidae,Orobdella,NA,NA,TRUE,ASV750,1,NA
edna0093,ASV640,motu105,Mesocentrotus franciscanus,Red sea urchin,species,NA,1,NA,NA,NA,5,NA,NA,NA,NA,NA,Mesocentrotus franciscanus,Red sea urchin,2018_west_depth,west,kelp,2018-07-17,NA,2018,depth,3,edna_west_30,depth,biological,10.8,31.92,8.01,NA,NA,NA,5.8,1000,0,51.64898937,-128.1515178,NA,NA,NA,NA,macroalgae,macrocystis,macroalgae_NA,macrocystis_NA,100,1.96163e-160,313,Metazoa,Echinodermata,Echinoidea,Camarodonta,Strongylocentrotidae,Mesocentrotus,0,0,TRUE,ASV118,8,Mesocentrotus franciscanus
edna0093,ASV3175,motu2541,Arthropoda,Unknown arthropod,phylum,NA,1,NA,NA,NA,3,NA,NA,NA,NA,NA,Arthropoda,Unknown arthropod,2018_west_depth,west,kelp,2018-07-17,NA,2018,depth,3,edna_west_30,depth,biological,10.8,31.92,8.01,NA,NA,NA,5.8,1000,0,51.64898937,-128.1515178,NA,NA,NA,NA,macroalgae,macrocystis,macroalgae_NA,macrocystis_NA,100,0.014701,29,Metazoa,Arthropoda,NA,NA,NA,NA,NA,NA,TRUE,ASV3175,1,NA
edna0093,ASV3696,motu2919,Phacellophora camtschatica,Fried egg jellyfish,species,NA,1,NA,NA,NA,6,NA,NA,NA,NA,NA,Phacellophora camtschatica,Fried egg jellyfish,2018_west_depth,west,kelp,2018-07-17,NA,2018,depth,3,edna_west_30,depth,biological,10.8,31.92,8.01,NA,NA,NA,5.8,1000,0,51.64898937,-128.1515178,NA,NA,NA,NA,macroalgae,macrocystis,macroalgae_NA,macrocystis_NA,100,1.96163e-160,313,Metazoa,Cnidaria,Scyphozoa,Semaeostomeae,Phacellophoridae,Phacellophora,0,0,TRUE,ASV3696,1,Phacellophora camtschatica
edna0093,ASV2490,motu2027,Phacellophora camtschatica,Fried egg jellyfish,species,NA,1,NA,1,NA,2,NA,NA,NA,NA,4,Phacellophora camtschatica,Fried egg jellyfish,2018_west_depth,west,kelp,2018-07-17,NA,2018,depth,3,edna_west_30,depth,biological,10.8,31.92,8.01,NA,NA,NA,5.8,1000,0,51.64898937,-128.1515178,NA,NA,NA,NA,macroalgae,macrocystis,macroalgae_NA,macrocystis_NA,100,1.96163e-160,313,Metazoa,Cnidaria,Scyphozoa,Semaeostomeae,Phacellophoridae,Phacellophora,0,0,TRUE,ASV2490,1,Phacellophora camtschatica
edna0093,ASV3161,motu2534,Membranipora membranacea,Coffin box bryozoan,species,NA,1,NA,NA,NA,7,NA,NA,NA,NA,NA,Membranipora membranacea,Coffin box bryozoan,2018_west_depth,west,kelp,2018-07-17,NA,2018,depth,3,edna_west_30,depth,biological,10.8,31.92,8.01,NA,NA,NA,5.8,1000,0,51.64898937,-128.1515178,NA,NA,NA,NA,macroalgae,macrocystis,macroalgae_NA,macrocystis_NA,100,9.252979999999995e-139,274,Metazoa,Bryozoa,Gymnolaemata,Cheilostomatida,Membraniporidae,Membranipora,0,0,TRUE,ASV3161,1,Membranipora membranacea
edna0094,ASV258,motu228,Lensia,Siphonophore,genus,NA,1,NA,NA,NA,4,NA,NA,NA,NA,NA,Lensia,Siphonophore,2018_second_surface,second,kelp,2018-07-17,NA,2018,surface,1,edna_second_00,surface,biological,12.5,31.8,8.1,10.7,31.96,8,6.8,1000,0,51.64920671,-128.155498,rock,NA,NA,NA,macroalgae,nereocystis,macroalgae_rock,nereocystis_rock,100,0.00408744,30,Metazoa,Cnidaria,Cnidaria,Siphonophorae,Diphyidae,Lensia,0,0,TRUE,ASV258,1,NA
edna0094,ASV131,motu117,Lensia,Siphonophore,genus,NA,1,NA,1,NA,4,NA,7,NA,NA,NA,Lensia,Siphonophore,2018_second_surface,second,kelp,2018-07-17,NA,2018,surface,1,edna_second_00,surface,biological,12.5,31.8,8.1,10.7,31.96,8,6.8,1000,0,51.64920671,-128.155498,rock,NA,NA,NA,macroalgae,nereocystis,macroalgae_rock,nereocystis_rock,100,0.00408744,30,Metazoa,Cnidaria,Cnidaria,Siphonophorae,Diphyidae,Lensia,0,0,TRUE,ASV131,2,NA
edna0094,ASV132,motu118,Mesocentrotus franciscanus,Red sea urchin,species,NA,1,NA,NA,NA,7,NA,NA,NA,NA,NA,Mesocentrotus franciscanus,Red sea urchin,2018_second_surface,second,kelp,2018-07-17,NA,2018,surface,1,edna_second_00,surface,biological,12.5,31.8,8.1,10.7,31.96,8,6.8,1000,0,51.64920671,-128.155498,rock,NA,NA,NA,macroalgae,nereocystis,macroalgae_rock,nereocystis_rock,100,2.51921e-159,311,Metazoa,Echinodermata,Echinoidea,Camarodonta,Strongylocentrotidae,Mesocentrotus,0,0,TRUE,ASV132,8,Mesocentrotus franciscanus
edna0094,ASV616,motu537,Mitrocoma cellularia,Cross jelly,species,NA,1,NA,NA,NA,13,NA,NA,NA,NA,NA,Mitrocoma cellularia,Cross jelly,2018_second_surface,second,kelp,2018-07-17,NA,2018,surface,1,edna_second_00,surface,biological,12.5,31.8,8.1,10.7,31.96,8,6.8,1000,0,51.64920671,-128.155498,rock,NA,NA,NA,macroalgae,nereocystis,macroalgae_rock,nereocystis_rock,100,1.4886099999999998e-156,306,Metazoa,Cnidaria,Hydrozoa,Leptothecata,Mitrocomidae,Mitrocoma,0,0,TRUE,ASV616,6,Mitrocoma cellularia
edna0094,ASV834,motu128,Centropages abdominalis,Calanoid copepod,species,NA,1,NA,NA,NA,6,NA,NA,NA,NA,NA,Centropages abdominalis,Calanoid copepod,2018_second_surface,second,kelp,2018-07-17,NA,2018,surface,1,edna_second_00,surface,biological,12.5,31.8,8.1,10.7,31.96,8,6.8,1000,0,51.64920671,-128.155498,rock,NA,NA,NA,macroalgae,nereocystis,macroalgae_rock,nereocystis_rock,99.68,9.126599999999999e-159,310,Metazoa,Arthropoda,Copepoda,Calanoida,Centropagidae,Centropages,0,0,TRUE,ASV143,11,Centropages abdominalis
edna0094,ASV750,motu654,Orobdella,Freshwater leech,genus,NA,1,NA,NA,NA,4,NA,NA,NA,NA,NA,Orobdella,Freshwater leech,2018_second_surface,second,kelp,2018-07-17,NA,2018,surface,1,edna_second_00,surface,biological,12.5,31.8,8.1,10.7,31.96,8,6.8,1000,0,51.64920671,-128.155498,rock,NA,NA,NA,macroalgae,nereocystis,macroalgae_rock,nereocystis_rock,97.06,0.00121031,31,Metazoa,Annelida,Annelida,Erpobdelliformes,Orobdellidae,Orobdella,NA,NA,TRUE,ASV750,1,NA
edna0094,ASV1013,motu876,Orobdella,Freshwater leech,genus,NA,1,NA,NA,NA,4,NA,NA,NA,NA,NA,Orobdella,Freshwater leech,2018_second_surface,second,kelp,2018-07-17,NA,2018,surface,1,edna_second_00,surface,biological,12.5,31.8,8.1,10.7,31.96,8,6.8,1000,0,51.64920671,-128.155498,rock,NA,NA,NA,macroalgae,nereocystis,macroalgae_rock,nereocystis_rock,97.06,0.00121031,31,Metazoa,Annelida,Annelida,Erpobdelliformes,Orobdellidae,Orobdella,NA,NA,TRUE,ASV1013,1,NA
edna0094,ASV780,motu679,Aequorea,Crystal jelly species,genus,NA,1,NA,NA,NA,4,NA,NA,NA,NA,NA,Aequorea,Crystal jelly species,2018_second_surface,second,kelp,2018-07-17,NA,2018,surface,1,edna_second_00,surface,biological,12.5,31.8,8.1,10.7,31.96,8,6.8,1000,0,51.64920671,-128.155498,rock,NA,NA,NA,macroalgae,nereocystis,macroalgae_rock,nereocystis_rock,100,1.4886099999999998e-156,306,Metazoa,Cnidaria,Hydrozoa,Leptothecata,Aequoreidae,Aequorea,0,0,TRUE,ASV780,4,NA
edna0094,ASV1748,motu1459,Chaetognatha,Arrow worm,phylum,NA,1,NA,NA,NA,9,NA,NA,NA,NA,NA,Chaetognatha,Arrow worm,2018_second_surface,second,kelp,2018-07-17,NA,2018,surface,1,edna_second_00,surface,biological,12.5,31.8,8.1,10.7,31.96,8,6.8,1000,0,51.64920671,-128.155498,rock,NA,NA,NA,macroalgae,nereocystis,macroalgae_rock,nereocystis_rock,95.02,1.63074e-81,171,Metazoa,Chaetognatha,NA,NA,NA,NA,0,0,TRUE,ASV1748,1,NA
edna0094,ASV3067,motu2468,Halichondria (Halichondria) panicea,Breadcrumb sponge species,species,NA,1,NA,NA,NA,10,NA,NA,NA,NA,NA,Halichondria (Halichondria) panicea,Breadcrumb sponge species,2018_second_surface,second,kelp,2018-07-17,NA,2018,surface,1,edna_second_00,surface,biological,12.5,31.8,8.1,10.7,31.96,8,6.8,1000,0,51.64920671,-128.155498,rock,NA,NA,NA,macroalgae,nereocystis,macroalgae_rock,nereocystis_rock,99.33,6.819989999999996e-150,294,Metazoa,Porifera,Demospongiae,Suberitida,Halichondriidae,Halichondria,0,0,TRUE,ASV3067,1,Halichondria (Halichondria) panicea
edna0094,ASV2438,motu1989,Pseudocnus curatus,Aggregating sea cucumber,species,NA,1,NA,1,NA,21,NA,24,28,NA,NA,Pseudocnus curatus,Aggregating sea cucumber,2018_second_surface,second,kelp,2018-07-17,NA,2018,surface,1,edna_second_00,surface,biological,12.5,31.8,8.1,10.7,31.96,8,6.8,1000,0,51.64920671,-128.155498,rock,NA,NA,NA,macroalgae,nereocystis,macroalgae_rock,nereocystis_rock,100,5.353989999999996e-156,305,Metazoa,Echinodermata,Holothuroidea,Dendrochirotida,Cucumariidae,Pseudocnus,0,0,TRUE,ASV2438,2,Pseudocnus curatus
edna0094,ASV2490,motu2027,Phacellophora camtschatica,Fried egg jellyfish,species,NA,1,NA,1,NA,11,NA,NA,8,NA,NA,Phacellophora camtschatica,Fried egg jellyfish,2018_second_surface,second,kelp,2018-07-17,NA,2018,surface,1,edna_second_00,surface,biological,12.5,31.8,8.1,10.7,31.96,8,6.8,1000,0,51.64920671,-128.155498,rock,NA,NA,NA,macroalgae,nereocystis,macroalgae_rock,nereocystis_rock,100,1.96163e-160,313,Metazoa,Cnidaria,Scyphozoa,Semaeostomeae,Phacellophoridae,Phacellophora,0,0,TRUE,ASV2490,1,Phacellophora camtschatica
edna0094,ASV3570,motu944,Dodecaceria,Cirratulid polychaete,genus,NA,1,NA,NA,NA,8,NA,NA,NA,NA,NA,Dodecaceria,Cirratulid polychaete,2018_second_surface,second,kelp,2018-07-17,NA,2018,surface,1,edna_second_00,surface,biological,12.5,31.8,8.1,10.7,31.96,8,6.8,1000,0,51.64920671,-128.155498,rock,NA,NA,NA,macroalgae,nereocystis,macroalgae_rock,nereocystis_rock,100,2.51921e-159,311,Metazoa,Annelida,Polychaeta,Terebellida,Cirratulidae,Dodecaceria,0,0,TRUE,ASV1097,6,NA
edna0094,ASV3460,motu2747,Neritidae,Nerite snail species,family,NA,1,NA,NA,NA,2,NA,NA,NA,NA,NA,Neritidae,Nerite snail species,2018_second_surface,second,kelp,2018-07-17,NA,2018,surface,1,edna_second_00,surface,biological,12.5,31.8,8.1,10.7,31.96,8,6.8,1000,0,51.64920671,-128.155498,rock,NA,NA,NA,macroalgae,nereocystis,macroalgae_rock,nereocystis_rock,90,6.69344e-6,35,Metazoa,Mollusca,Mollusca,Cycloneritida,Neritidae,NA,0,0,TRUE,ASV3460,1,NA
edna0094,ASV5053,motu3894,Cicadellidae,Hexapod,family,NA,1,NA,NA,NA,2,NA,NA,NA,NA,NA,Cicadellidae,Hexapod,2018_second_surface,second,kelp,2018-07-17,NA,2018,surface,1,edna_second_00,surface,biological,12.5,31.8,8.1,10.7,31.96,8,6.8,1000,0,51.64920671,-128.155498,rock,NA,NA,NA,macroalgae,nereocystis,macroalgae_rock,nereocystis_rock,91.67,1.83561e-26,72,Metazoa,Arthropoda,Arthropoda,Hemiptera,Cicadellidae,NA,NA,NA,TRUE,ASV5053,1,NA
edna0094,ASV5429,motu4167,Cecidomyiidae,Hexapod,genus,NA,1,NA,NA,NA,2,NA,NA,NA,NA,NA,Cecidomyiidae,Hexapod,2018_second_surface,second,kelp,2018-07-17,NA,2018,surface,1,edna_second_00,surface,biological,12.5,31.8,8.1,10.7,31.96,8,6.8,1000,0,51.64920671,-128.155498,rock,NA,NA,NA,macroalgae,nereocystis,macroalgae_rock,nereocystis_rock,95,2.44266e-5,34,Metazoa,Arthropoda,Arthropoda,Diptera,Cecidomyiidae,Cecidomyiidae,NA,NA,TRUE,ASV5429,1,NA
edna0094,ASV6437,motu4982,Sertularellidae,Thecate Hydroid,family,NA,1,NA,NA,NA,6,NA,NA,NA,NA,NA,Sertularellidae,Thecate Hydroid,2018_second_surface,second,kelp,2018-07-17,NA,2018,surface,1,edna_second_00,surface,biological,12.5,31.8,8.1,10.7,31.96,8,6.8,1000,0,51.64920671,-128.155498,rock,NA,NA,NA,macroalgae,nereocystis,macroalgae_rock,nereocystis_rock,92.28,2.73936e-119,239,Metazoa,Cnidaria,Cnidaria,Leptothecata,Sertularellidae,NA,0,0,TRUE,ASV6437,1,NA
edna0094,ASV5388,motu4136,Cucumaria pseudocurata,Tar spot sea cucumber,species,NA,1,NA,NA,NA,7,NA,NA,NA,NA,NA,Cucumaria pseudocurata,Tar spot sea cucumber,2018_second_surface,second,kelp,2018-07-17,NA,2018,surface,1,edna_second_00,surface,biological,12.5,31.8,8.1,10.7,31.96,8,6.8,1000,0,51.64920671,-128.155498,rock,NA,NA,NA,macroalgae,nereocystis,macroalgae_rock,nereocystis_rock,97.71,7.024509999999995e-145,285,Metazoa,Echinodermata,Holothuroidea,Dendrochirotida,Cucumariidae,Cucumaria,0,0,TRUE,ASV5388,1,Cucumaria pseudocurata
edna0094,ASV6797,motu5282,Cecidomyiidae,Hexapod,genus,NA,1,NA,1,NA,3,NA,2,NA,NA,NA,Cecidomyiidae,Hexapod,2018_second_surface,second,kelp,2018-07-17,NA,2018,surface,1,edna_second_00,surface,biological,12.5,31.8,8.1,10.7,31.96,8,6.8,1000,0,51.64920671,-128.155498,rock,NA,NA,NA,macroalgae,nereocystis,macroalgae_rock,nereocystis_rock,95,2.49185e-5,34,Metazoa,Arthropoda,Arthropoda,Diptera,Cecidomyiidae,Cecidomyiidae,NA,NA,TRUE,ASV6797,1,NA
edna0095,ASV307,motu118,Mesocentrotus franciscanus,Red sea urchin,species,NA,1,1,NA,NA,7,4,NA,NA,NA,NA,Mesocentrotus franciscanus,Red sea urchin,2018_second_surface,second,kelp,2018-07-17,NA,2018,surface,2,edna_second_15,surface,biological,13,30.8,8.1,10.6,32,8.97,7.1,1000,0,51.64922548,-128.1552836,rock,NA,NA,NA,macroalgae,nereocystis,macroalgae_rock,nereocystis_rock,100,7.02982e-160,312,Metazoa,Echinodermata,Echinoidea,Camarodonta,Strongylocentrotidae,Mesocentrotus,0,0,TRUE,ASV132,8,Mesocentrotus franciscanus
edna0095,ASV580,motu150,Pseudocalanus mimus,Calanoid copepod,species,NA,1,1,NA,NA,99,41,NA,NA,NA,NA,Pseudocalanus mimus,Calanoid copepod,2018_second_surface,second,kelp,2018-07-17,NA,2018,surface,2,edna_second_15,surface,biological,13,30.8,8.1,10.6,32,8.97,7.1,1000,0,51.64922548,-128.1552836,rock,NA,NA,NA,macroalgae,nereocystis,macroalgae_rock,nereocystis_rock,99.67,9.19139e-154,301,Metazoa,Arthropoda,Copepoda,Calanoida,Clausocalanidae,Pseudocalanus,0,0,TRUE,ASV171,10,Pseudocalanus mimus
edna0095,ASV390,motu343,Dodecaceria,Cirratulid polychaete,genus,NA,1,NA,NA,NA,20,NA,NA,NA,NA,NA,Dodecaceria,Cirratulid polychaete,2018_second_surface,second,kelp,2018-07-17,NA,2018,surface,2,edna_second_15,surface,biological,13,30.8,8.1,10.6,32,8.97,7.1,1000,0,51.64922548,-128.1552836,rock,NA,NA,NA,macroalgae,nereocystis,macroalgae_rock,nereocystis_rock,100,1.96163e-160,313,Metazoa,Annelida,Polychaeta,Terebellida,Cirratulidae,Dodecaceria,0,0,TRUE,ASV390,6,NA
edna0095,ASV744,motu648,Evasterias troschelii,False ochre star,species,NA,1,NA,NA,NA,3,NA,NA,NA,NA,NA,Evasterias troschelii,False ochre star,2018_second_surface,second,kelp,2018-07-17,NA,2018,surface,2,edna_second_15,surface,biological,13,30.8,8.1,10.6,32,8.97,7.1,1000,0,51.64922548,-128.1552836,rock,NA,NA,NA,macroalgae,nereocystis,macroalgae_rock,nereocystis_rock,100,1.96163e-160,313,Metazoa,Echinodermata,Asteroidea,Forcipulatida,Asteriidae,Evasterias,0,0,TRUE,ASV744,1,Evasterias troschelii
edna0095,ASV1196,motu537,Mitrocoma cellularia,Cross jelly,species,NA,1,NA,NA,NA,11,NA,NA,NA,NA,NA,Mitrocoma cellularia,Cross jelly,2018_second_surface,second,kelp,2018-07-17,NA,2018,surface,2,edna_second_15,surface,biological,13,30.8,8.1,10.6,32,8.97,7.1,1000,0,51.64922548,-128.1552836,rock,NA,NA,NA,macroalgae,nereocystis,macroalgae_rock,nereocystis_rock,99.67,6.925819999999995e-155,303,Metazoa,Cnidaria,Hydrozoa,Leptothecata,Mitrocomidae,Mitrocoma,0,0,TRUE,ASV616,6,Mitrocoma cellularia
edna0095,ASV750,motu654,Orobdella,Freshwater leech,genus,NA,1,NA,1,NA,6,NA,NA,8,NA,9,Orobdella,Freshwater leech,2018_second_surface,second,kelp,2018-07-17,NA,2018,surface,2,edna_second_15,surface,biological,13,30.8,8.1,10.6,32,8.97,7.1,1000,0,51.64922548,-128.1552836,rock,NA,NA,NA,macroalgae,nereocystis,macroalgae_rock,nereocystis_rock,97.06,0.00121031,31,Metazoa,Annelida,Annelida,Erpobdelliformes,Orobdellidae,Orobdella,NA,NA,TRUE,ASV750,1,NA
edna0095,ASV1187,motu1015,Balanus,Barnacle species,genus,NA,1,NA,NA,NA,3,NA,NA,NA,NA,NA,Balanus,Barnacle species,2018_second_surface,second,kelp,2018-07-17,NA,2018,surface,2,edna_second_15,surface,biological,13,30.8,8.1,10.6,32,8.97,7.1,1000,0,51.64922548,-128.1552836,rock,NA,NA,NA,macroalgae,nereocystis,macroalgae_rock,nereocystis_rock,100,1.4886099999999998e-156,306,Metazoa,Arthropoda,Arthropoda,Balanomorpha,Balanidae,Balanus,0,0,TRUE,ASV1187,5,NA
edna0095,ASV634,motu517,Balanus,Barnacle species,genus,NA,1,1,1,NA,8,4,NA,8,NA,NA,Balanus,Barnacle species,2018_second_surface,second,kelp,2018-07-17,NA,2018,surface,2,edna_second_15,surface,biological,13,30.8,8.1,10.6,32,8.97,7.1,1000,0,51.64922548,-128.1552836,rock,NA,NA,NA,macroalgae,nereocystis,macroalgae_rock,nereocystis_rock,100,1.4886099999999998e-156,306,Metazoa,Arthropoda,Arthropoda,Balanomorpha,Balanidae,Balanus,0,0,TRUE,ASV587,10,NA
edna0095,ASV640,motu105,Mesocentrotus franciscanus,Red sea urchin,species,NA,1,NA,NA,NA,8,NA,NA,NA,NA,NA,Mesocentrotus franciscanus,Red sea urchin,2018_second_surface,second,kelp,2018-07-17,NA,2018,surface,2,edna_second_15,surface,biological,13,30.8,8.1,10.6,32,8.97,7.1,1000,0,51.64922548,-128.1552836,rock,NA,NA,NA,macroalgae,nereocystis,macroalgae_rock,nereocystis_rock,100,1.96163e-160,313,Metazoa,Echinodermata,Echinoidea,Camarodonta,Strongylocentrotidae,Mesocentrotus,0,0,TRUE,ASV118,8,Mesocentrotus franciscanus
edna0095,ASV598,motu524,Strongylocentrotus droebachiensis,Green sea urcin,species,NA,1,NA,1,NA,3,NA,NA,NA,NA,6,Strongylocentrotus droebachiensis,Green sea urcin,2018_second_surface,second,kelp,2018-07-17,NA,2018,surface,2,edna_second_15,surface,biological,13,30.8,8.1,10.6,32,8.97,7.1,1000,0,51.64922548,-128.1552836,rock,NA,NA,NA,macroalgae,nereocystis,macroalgae_rock,nereocystis_rock,100,1.96163e-160,313,Metazoa,Echinodermata,Echinoidea,Camarodonta,Strongylocentrotidae,Strongylocentrotus,0,0,TRUE,ASV598,2,Strongylocentrotus droebachiensis
edna0095,ASV1475,motu1246,Cyanea,Lions mane jellyfish species,genus,NA,1,NA,NA,NA,5,NA,NA,NA,NA,NA,Cyanea,Lions mane jellyfish species,2018_second_surface,second,kelp,2018-07-17,NA,2018,surface,2,edna_second_15,surface,biological,13,30.8,8.1,10.6,32,8.97,7.1,1000,0,51.64922548,-128.1552836,rock,NA,NA,NA,macroalgae,nereocystis,macroalgae_rock,nereocystis_rock,100,3.2351099999999996e-158,309,Metazoa,Cnidaria,Scyphozoa,Semaeostomeae,Cyaneidae,Cyanea,0,0,TRUE,ASV1475,2,NA
edna0095,ASV1502,motu1269,Oithona similis,Cyclopoid copepod,species,NA,1,NA,NA,NA,6,NA,NA,NA,NA,NA,Oithona similis,Cyclopoid copepod,2018_second_surface,second,kelp,2018-07-17,NA,2018,surface,2,edna_second_15,surface,biological,13,30.8,8.1,10.6,32,8.97,7.1,1000,0,51.64922548,-128.1552836,rock,NA,NA,NA,macroalgae,nereocystis,macroalgae_rock,nereocystis_rock,96.17,2.0179399999999996e-140,277,Metazoa,Arthropoda,Copepoda,Cyclopoida,Oithonidae,Oithona,0,0,TRUE,ASV1502,1,Oithona similis
edna0095,ASV1040,motu897,Oithona similis,Cyclopoid copepod,species,NA,1,NA,NA,NA,3,NA,NA,NA,NA,NA,Oithona similis,Cyclopoid copepod,2018_second_surface,second,kelp,2018-07-17,NA,2018,surface,2,edna_second_15,surface,biological,13,30.8,8.1,10.6,32,8.97,7.1,1000,0,51.64922548,-128.1552836,rock,NA,NA,NA,macroalgae,nereocystis,macroalgae_rock,nereocystis_rock,96.17,2.0179399999999996e-140,277,Metazoa,Arthropoda,Copepoda,Cyclopoida,Oithonidae,Oithona,0,0,TRUE,ASV1040,1,Oithona similis
edna0095,ASV1068,motu920,Arthropoda,Unknown arthropod,phylum,NA,1,NA,1,NA,5,NA,NA,NA,NA,5,Arthropoda,Unknown arthropod,2018_second_surface,second,kelp,2018-07-17,NA,2018,surface,2,edna_second_15,surface,biological,13,30.8,8.1,10.6,32,8.97,7.1,1000,0,51.64922548,-128.1552836,rock,NA,NA,NA,macroalgae,nereocystis,macroalgae_rock,nereocystis_rock,94.87,8.78538e-5,33,Metazoa,Arthropoda,NA,NA,NA,NA,NA,NA,TRUE,ASV1068,4,NA
edna0095,ASV989,motu859,Polycirrus,Sphagetti worm,genus,NA,1,NA,NA,NA,3,NA,NA,NA,NA,NA,Polycirrus,Sphagetti worm,2018_second_surface,second,kelp,2018-07-17,NA,2018,surface,2,edna_second_15,surface,biological,13,30.8,8.1,10.6,32,8.97,7.1,1000,0,51.64922548,-128.1552836,rock,NA,NA,NA,macroalgae,nereocystis,macroalgae_rock,nereocystis_rock,100,2.51921e-159,311,Metazoa,Annelida,Polychaeta,Terebellida,Terebellidae,Polycirrus,0,0,TRUE,ASV989,2,NA
edna0095,ASV1097,motu944,Dodecaceria,Cirratulid polychaete,genus,NA,1,NA,NA,NA,22,NA,NA,NA,NA,NA,Dodecaceria,Cirratulid polychaete,2018_second_surface,second,kelp,2018-07-17,NA,2018,surface,2,edna_second_15,surface,biological,13,30.8,8.1,10.6,32,8.97,7.1,1000,0,51.64922548,-128.1552836,rock,NA,NA,NA,macroalgae,nereocystis,macroalgae_rock,nereocystis_rock,100,1.96163e-160,313,Metazoa,Annelida,Polychaeta,Terebellida,Cirratulidae,Dodecaceria,0,0,TRUE,ASV1097,6,NA
edna0095,ASV2147,motu1769,Asteriidae,Sea star,family,NA,1,NA,NA,NA,13,NA,NA,NA,NA,NA,Asteriidae,Sea star,2018_second_surface,second,kelp,2018-07-17,NA,2018,surface,2,edna_second_15,surface,biological,13,30.8,8.1,10.6,32,8.97,7.1,1000,0,51.64922548,-128.1552836,rock,NA,NA,NA,macroalgae,nereocystis,macroalgae_rock,nereocystis_rock,100,1.96163e-160,313,Metazoa,Echinodermata,Echinodermata,Forcipulatida,Asteriidae,NA,0,0,TRUE,ASV2147,1,NA
edna0095,ASV1477,motu1247,Pollicipes polymerus,Gooseneck barnacle,species,NA,1,NA,1,NA,9,NA,13,7,NA,NA,Pollicipes polymerus,Gooseneck barnacle,2018_second_surface,second,kelp,2018-07-17,NA,2018,surface,2,edna_second_15,surface,biological,13,30.8,8.1,10.6,32,8.97,7.1,1000,0,51.64922548,-128.1552836,rock,NA,NA,NA,macroalgae,nereocystis,macroalgae_rock,nereocystis_rock,100,3.2351099999999996e-158,309,Metazoa,Arthropoda,Thecostraca,Pollicipedomorpha,Pollicipedidae,Pollicipes,0,0,TRUE,ASV1477,2,Pollicipes polymerus
edna0095,ASV1332,motu1125,Pollicipes polymerus,Gooseneck barnacle,species,NA,1,NA,1,NA,2,NA,NA,12,NA,NA,Pollicipes polymerus,Gooseneck barnacle,2018_second_surface,second,kelp,2018-07-17,NA,2018,surface,2,edna_second_15,surface,biological,13,30.8,8.1,10.6,32,8.97,7.1,1000,0,51.64922548,-128.1552836,rock,NA,NA,NA,macroalgae,nereocystis,macroalgae_rock,nereocystis_rock,100,3.2351099999999996e-158,309,Metazoa,Arthropoda,Thecostraca,Pollicipedomorpha,Pollicipedidae,Pollicipes,0,0,TRUE,ASV1332,2,Pollicipes polymerus
edna0095,ASV2859,motu2311,Haliclona,Sponge,genus,NA,1,NA,NA,NA,3,NA,NA,NA,NA,NA,Haliclona,Sponge,2018_second_surface,second,kelp,2018-07-17,NA,2018,surface,2,edna_second_15,surface,biological,13,30.8,8.1,10.6,32,8.97,7.1,1000,0,51.64922548,-128.1552836,rock,NA,NA,NA,macroalgae,nereocystis,macroalgae_rock,nereocystis_rock,97.02,2.5067099999999998e-139,275,Metazoa,Porifera,Demospongiae,Haplosclerida,Chalinidae,Haliclona,0,0,TRUE,ASV2859,1,NA
edna0095,ASV3175,motu2541,Arthropoda,Unknown arthropod,phylum,NA,1,NA,NA,NA,5,NA,NA,NA,NA,NA,Arthropoda,Unknown arthropod,2018_second_surface,second,kelp,2018-07-17,NA,2018,surface,2,edna_second_15,surface,biological,13,30.8,8.1,10.6,32,8.97,7.1,1000,0,51.64922548,-128.1552836,rock,NA,NA,NA,macroalgae,nereocystis,macroalgae_rock,nereocystis_rock,100,0.014701,29,Metazoa,Arthropoda,NA,NA,NA,NA,NA,NA,TRUE,ASV3175,1,NA
edna0095,ASV2773,motu2242,Diplostomida,Flatworm,order,NA,1,NA,NA,NA,10,NA,NA,NA,NA,NA,Diplostomida,Flatworm,2018_second_surface,second,kelp,2018-07-17,NA,2018,surface,2,edna_second_15,surface,biological,13,30.8,8.1,10.6,32,8.97,7.1,1000,0,51.64922548,-128.1552836,rock,NA,NA,NA,macroalgae,nereocystis,macroalgae_rock,nereocystis_rock,96.88,0.0144888,29,Metazoa,Platyhelminthes,Platyhelminthes,Diplostomida,NA,NA,0,0,TRUE,ASV2773,1,NA
edna0095,ASV1859,motu1549,Aurelia,Moon jelly species,genus,NA,1,NA,NA,NA,5,NA,NA,NA,NA,NA,Aurelia,Moon jelly species,2018_second_surface,second,kelp,2018-07-17,NA,2018,surface,2,edna_second_15,surface,biological,13,30.8,8.1,10.6,32,8.97,7.1,1000,0,51.64922548,-128.1552836,rock,NA,NA,NA,macroalgae,nereocystis,macroalgae_rock,nereocystis_rock,100,1.96163e-160,313,Metazoa,Cnidaria,Cnidaria,Semaeostomeae,Ulmaridae,Aurelia,0,0,TRUE,ASV1859,2,NA
edna0095,ASV2438,motu1989,Pseudocnus curatus,Aggregating sea cucumber,species,NA,1,NA,1,NA,24,NA,NA,29,NA,NA,Pseudocnus curatus,Aggregating sea cucumber,2018_second_surface,second,kelp,2018-07-17,NA,2018,surface,2,edna_second_15,surface,biological,13,30.8,8.1,10.6,32,8.97,7.1,1000,0,51.64922548,-128.1552836,rock,NA,NA,NA,macroalgae,nereocystis,macroalgae_rock,nereocystis_rock,100,5.353989999999996e-156,305,Metazoa,Echinodermata,Holothuroidea,Dendrochirotida,Cucumariidae,Pseudocnus,0,0,TRUE,ASV2438,2,Pseudocnus curatus
edna0095,ASV2381,motu199,Mytilus trossulus,Bay mussel,species,NA,1,1,1,NA,66,30,72,53,NA,NA,Mytilus trossulus,Bay mussel,2018_second_surface,second,kelp,2018-07-17,NA,2018,surface,2,edna_second_15,surface,biological,13,30.8,8.1,10.6,32,8.97,7.1,1000,0,51.64922548,-128.1552836,rock,NA,NA,NA,macroalgae,nereocystis,macroalgae_rock,nereocystis_rock,100,3.2351099999999996e-158,309,Metazoa,Mollusca,Bivalvia,Mytilida,Mytilidae,Mytilus,0,0,TRUE,ASV226,18,Mytilus trossulus
edna0095,ASV3696,motu2919,Phacellophora camtschatica,Fried egg jellyfish,species,NA,1,NA,NA,NA,5,NA,NA,NA,NA,NA,Phacellophora camtschatica,Fried egg jellyfish,2018_second_surface,second,kelp,2018-07-17,NA,2018,surface,2,edna_second_15,surface,biological,13,30.8,8.1,10.6,32,8.97,7.1,1000,0,51.64922548,-128.1552836,rock,NA,NA,NA,macroalgae,nereocystis,macroalgae_rock,nereocystis_rock,100,1.96163e-160,313,Metazoa,Cnidaria,Scyphozoa,Semaeostomeae,Phacellophoridae,Phacellophora,0,0,TRUE,ASV3696,1,Phacellophora camtschatica
edna0095,ASV4653,motu3611,Euphoriella,Hexapod,genus,NA,1,NA,NA,NA,5,NA,NA,NA,NA,NA,Euphoriella,Hexapod,2018_second_surface,second,kelp,2018-07-17,NA,2018,surface,2,edna_second_15,surface,biological,13,30.8,8.1,10.6,32,8.97,7.1,1000,0,51.64922548,-128.1552836,rock,NA,NA,NA,macroalgae,nereocystis,macroalgae_rock,nereocystis_rock,97.14,3.15978e-4,32,Metazoa,Arthropoda,Arthropoda,Hymenoptera,Braconidae,Euphoriella,NA,NA,TRUE,ASV4653,1,NA
edna0095,ASV4765,motu1153,Cyanea,Lions mane jellyfish species,genus,NA,1,NA,NA,NA,5,NA,NA,NA,NA,NA,Cyanea,Lions mane jellyfish species,2018_second_surface,second,kelp,2018-07-17,NA,2018,surface,2,edna_second_15,surface,biological,13,30.8,8.1,10.6,32,8.97,7.1,1000,0,51.64922548,-128.1552836,rock,NA,NA,NA,macroalgae,nereocystis,macroalgae_rock,nereocystis_rock,100,3.2351099999999996e-158,309,Metazoa,Cnidaria,Scyphozoa,Semaeostomeae,Cyaneidae,Cyanea,0,0,TRUE,ASV1367,2,NA
edna0095,ASV3903,motu3067,Potential chimera,Potential chimera,species,NA,1,NA,NA,NA,2,NA,NA,NA,NA,NA,Potential chimera,Potential chimera,2018_second_surface,second,kelp,2018-07-17,NA,2018,surface,2,edna_second_15,surface,biological,13,30.8,8.1,10.6,32,8.97,7.1,1000,0,51.64922548,-128.1552836,rock,NA,NA,NA,macroalgae,nereocystis,macroalgae_rock,nereocystis_rock,94.44,0.00380707,30,Metazoa,Arthropoda,Arthropoda,Decapoda,NA,NA,0,0,TRUE,ASV3903,1,Potential chimera
edna0095,ASV6437,motu4982,Sertularellidae,Thecate Hydroid,family,NA,1,NA,NA,NA,5,NA,NA,NA,NA,NA,Sertularellidae,Thecate Hydroid,2018_second_surface,second,kelp,2018-07-17,NA,2018,surface,2,edna_second_15,surface,biological,13,30.8,8.1,10.6,32,8.97,7.1,1000,0,51.64922548,-128.1552836,rock,NA,NA,NA,macroalgae,nereocystis,macroalgae_rock,nereocystis_rock,92.28,2.73936e-119,239,Metazoa,Cnidaria,Cnidaria,Leptothecata,Sertularellidae,NA,0,0,TRUE,ASV6437,1,NA
edna0095,ASV6550,motu5073,Sertularellidae,Thecate Hydroid,family,NA,1,NA,NA,NA,8,NA,NA,NA,NA,NA,Sertularellidae,Thecate Hydroid,2018_second_surface,second,kelp,2018-07-17,NA,2018,surface,2,edna_second_15,surface,biological,13,30.8,8.1,10.6,32,8.97,7.1,1000,0,51.64922548,-128.1552836,rock,NA,NA,NA,macroalgae,nereocystis,macroalgae_rock,nereocystis_rock,92.28,2.73936e-119,239,Metazoa,Cnidaria,Cnidaria,Leptothecata,Sertularellidae,NA,0,0,TRUE,ASV6550,1,NA
edna0095,ASV5388,motu4136,Cucumaria pseudocurata,Tar spot sea cucumber,species,NA,1,NA,1,NA,7,NA,5,NA,NA,6,Cucumaria pseudocurata,Tar spot sea cucumber,2018_second_surface,second,kelp,2018-07-17,NA,2018,surface,2,edna_second_15,surface,biological,13,30.8,8.1,10.6,32,8.97,7.1,1000,0,51.64922548,-128.1552836,rock,NA,NA,NA,macroalgae,nereocystis,macroalgae_rock,nereocystis_rock,97.71,7.024509999999995e-145,285,Metazoa,Echinodermata,Holothuroidea,Dendrochirotida,Cucumariidae,Cucumaria,0,0,TRUE,ASV5388,1,Cucumaria pseudocurata
edna0095,ASV7293,motu1454,Micropodarke dubia,Hesionid polychaete,species,NA,1,NA,NA,NA,3,NA,NA,NA,NA,NA,Micropodarke dubia,Hesionid polychaete,2018_second_surface,second,kelp,2018-07-17,NA,2018,surface,2,edna_second_15,surface,biological,13,30.8,8.1,10.6,32,8.97,7.1,1000,0,51.64922548,-128.1552836,rock,NA,NA,NA,macroalgae,nereocystis,macroalgae_rock,nereocystis_rock,99.68,9.310369999999999e-159,310,Metazoa,Annelida,Polychaeta,Phyllodocida,Hesionidae,Micropodarke,0,0,TRUE,ASV1742,2,Micropodarke dubia
edna0095,ASV7569,motu5934,Trochidae,Sea snail species,family,NA,1,NA,NA,NA,2,NA,NA,NA,NA,NA,Trochidae,Sea snail species,2018_second_surface,second,kelp,2018-07-17,NA,2018,surface,2,edna_second_15,surface,biological,13,30.8,8.1,10.6,32,8.97,7.1,1000,0,51.64922548,-128.1552836,rock,NA,NA,NA,macroalgae,nereocystis,macroalgae_rock,nereocystis_rock,93.18,6.92826e-6,35,Metazoa,Mollusca,Mollusca,Trochida,Trochidae,NA,0,0,TRUE,ASV7569,1,NA
edna0096,ASV275,motu244,Ophiopholis kennerlyi,Daisy brittle star,species,NA,1,NA,NA,NA,2,NA,NA,NA,NA,NA,Ophiopholis kennerlyi,Daisy brittle star,2018_second_surface,second,kelp,2018-07-17,NA,2018,surface,3,edna_second_30,surface,biological,12.9,31.73,8.08,11.4,31.86,8.07,5.2,1000,0,51.64923127,-128.1550769,rock,NA,NA,NA,macroalgae,nereocystis,macroalgae_rock,nereocystis_rock,100,1.96163e-160,313,Metazoa,Echinodermata,Echinodermata,Amphilepidida,Ophiopholidae,Ophiopholis,0,0,TRUE,ASV275,7,Ophiopholis kennerlyi
edna0096,ASV603,motu529,Ophiopholis kennerlyi,Daisy brittle star,species,NA,1,NA,NA,NA,5,NA,NA,NA,NA,NA,Ophiopholis kennerlyi,Daisy brittle star,2018_second_surface,second,kelp,2018-07-17,NA,2018,surface,3,edna_second_30,surface,biological,12.9,31.73,8.08,11.4,31.86,8.07,5.2,1000,0,51.64923127,-128.1550769,rock,NA,NA,NA,macroalgae,nereocystis,macroalgae_rock,nereocystis_rock,100,1.96163e-160,313,Metazoa,Echinodermata,Echinodermata,Amphilepidida,Ophiopholidae,Ophiopholis,0,0,TRUE,ASV603,6,Ophiopholis kennerlyi
edna0096,ASV377,motu334,Synchaeta pectinata,Rotifer,species,NA,1,NA,1,NA,4,NA,2,NA,NA,NA,Synchaeta pectinata,Rotifer,2018_second_surface,second,kelp,2018-07-17,NA,2018,surface,3,edna_second_30,surface,biological,12.9,31.73,8.08,11.4,31.86,8.07,5.2,1000,0,51.64923127,-128.1550769,rock,NA,NA,NA,macroalgae,nereocystis,macroalgae_rock,nereocystis_rock,90.48,1.6452299999999999e-111,225,Metazoa,Rotifera,Eurotatoria,Ploima,Synchaetidae,Synchaeta,0,0,TRUE,ASV377,5,Synchaeta pectinata
edna0096,ASV750,motu654,Orobdella,Freshwater leech,genus,NA,1,NA,NA,NA,4,NA,NA,NA,NA,NA,Orobdella,Freshwater leech,2018_second_surface,second,kelp,2018-07-17,NA,2018,surface,3,edna_second_30,surface,biological,12.9,31.73,8.08,11.4,31.86,8.07,5.2,1000,0,51.64923127,-128.1550769,rock,NA,NA,NA,macroalgae,nereocystis,macroalgae_rock,nereocystis_rock,97.06,0.00121031,31,Metazoa,Annelida,Annelida,Erpobdelliformes,Orobdellidae,Orobdella,NA,NA,TRUE,ASV750,1,NA
edna0096,ASV1038,motu895,Clytia gregaria,Gregarious jellyfish,species,NA,1,NA,NA,NA,11,NA,NA,NA,NA,NA,Clytia gregaria,Gregarious jellyfish,2018_second_surface,second,kelp,2018-07-17,NA,2018,surface,3,edna_second_30,surface,biological,12.9,31.73,8.08,11.4,31.86,8.07,5.2,1000,0,51.64923127,-128.1550769,rock,NA,NA,NA,macroalgae,nereocystis,macroalgae_rock,nereocystis_rock,99.68,9.126599999999999e-159,310,Metazoa,Cnidaria,Hydrozoa,Leptothecata,Campanulariidae,Clytia,0,0,TRUE,ASV1038,2,Clytia gregaria
edna0096,ASV1062,motu914,Chone magna,Feather duster worm,species,NA,1,NA,NA,NA,2,NA,NA,NA,NA,NA,Chone magna,Feather duster worm,2018_second_surface,second,kelp,2018-07-17,NA,2018,surface,3,edna_second_30,surface,biological,12.9,31.73,8.08,11.4,31.86,8.07,5.2,1000,0,51.64923127,-128.1550769,rock,NA,NA,NA,macroalgae,nereocystis,macroalgae_rock,nereocystis_rock,100,1.96163e-160,313,Metazoa,Annelida,Polychaeta,Sabellida,Sabellidae,Chone,0,0,TRUE,ASV1062,2,Chone magna
edna0096,ASV613,motu536,Sabellariidae,Feather duster worm,family,NA,1,NA,1,NA,9,NA,NA,NA,NA,10,Sabellariidae,Feather duster worm,2018_second_surface,second,kelp,2018-07-17,NA,2018,surface,3,edna_second_30,surface,biological,12.9,31.73,8.08,11.4,31.86,8.07,5.2,1000,0,51.64923127,-128.1550769,rock,NA,NA,NA,macroalgae,nereocystis,macroalgae_rock,nereocystis_rock,99.68,1.5051499999999994e-156,306,Metazoa,Annelida,Polychaeta,NA,Sabellariidae,NA,0,0,TRUE,ASV613,7,NA
edna0096,ASV625,motu545,Phascolosoma (Phascolosoma) agassizii,Agassiz peanut worm,species,NA,1,NA,NA,NA,3,NA,NA,NA,NA,NA,Phascolosoma (Phascolosoma) agassizii,Agassiz peanut worm,2018_second_surface,second,kelp,2018-07-17,NA,2018,surface,3,edna_second_30,surface,biological,12.9,31.73,8.08,11.4,31.86,8.07,5.2,1000,0,51.64923127,-128.1550769,rock,NA,NA,NA,macroalgae,nereocystis,macroalgae_rock,nereocystis_rock,100,1.96163e-160,313,Metazoa,Annelida,NA,Sipuncula,Phascolosomatidae,Phascolosoma,0,0,TRUE,ASV625,3,Phascolosoma (Phascolosoma) agassizii
edna0096,ASV640,motu105,Mesocentrotus franciscanus,Red sea urchin,species,NA,1,NA,NA,NA,4,NA,NA,NA,NA,NA,Mesocentrotus franciscanus,Red sea urchin,2018_second_surface,second,kelp,2018-07-17,NA,2018,surface,3,edna_second_30,surface,biological,12.9,31.73,8.08,11.4,31.86,8.07,5.2,1000,0,51.64923127,-128.1550769,rock,NA,NA,NA,macroalgae,nereocystis,macroalgae_rock,nereocystis_rock,100,1.96163e-160,313,Metazoa,Echinodermata,Echinoidea,Camarodonta,Strongylocentrotidae,Mesocentrotus,0,0,TRUE,ASV118,8,Mesocentrotus franciscanus
edna0096,ASV1384,motu1168,Membranipora membranacea,Coffin box bryozoan,species,NA,1,NA,NA,NA,7,NA,NA,NA,NA,NA,Membranipora membranacea,Coffin box bryozoan,2018_second_surface,second,kelp,2018-07-17,NA,2018,surface,3,edna_second_30,surface,biological,12.9,31.73,8.08,11.4,31.86,8.07,5.2,1000,0,51.64923127,-128.1550769,rock,NA,NA,NA,macroalgae,nereocystis,macroalgae_rock,nereocystis_rock,100,9.252979999999995e-139,274,Metazoa,Bryozoa,Gymnolaemata,Cheilostomatida,Membraniporidae,Membranipora,0,0,TRUE,ASV1384,2,Membranipora membranacea
edna0096,ASV1482,motu118,Mesocentrotus franciscanus,Red sea urchin,species,NA,1,NA,NA,NA,4,NA,NA,NA,NA,NA,Mesocentrotus franciscanus,Red sea urchin,2018_second_surface,second,kelp,2018-07-17,NA,2018,surface,3,edna_second_30,surface,biological,12.9,31.73,8.08,11.4,31.86,8.07,5.2,1000,0,51.64923127,-128.1550769,rock,NA,NA,NA,macroalgae,nereocystis,macroalgae_rock,nereocystis_rock,100,1.96163e-160,313,Metazoa,Echinodermata,Echinoidea,Camarodonta,Strongylocentrotidae,Mesocentrotus,0,0,TRUE,ASV132,8,Mesocentrotus franciscanus
edna0096,ASV1502,motu1269,Oithona similis,Cyclopoid copepod,species,NA,1,NA,NA,NA,9,NA,NA,NA,NA,NA,Oithona similis,Cyclopoid copepod,2018_second_surface,second,kelp,2018-07-17,NA,2018,surface,3,edna_second_30,surface,biological,12.9,31.73,8.08,11.4,31.86,8.07,5.2,1000,0,51.64923127,-128.1550769,rock,NA,NA,NA,macroalgae,nereocystis,macroalgae_rock,nereocystis_rock,96.17,2.0179399999999996e-140,277,Metazoa,Arthropoda,Copepoda,Cyclopoida,Oithonidae,Oithona,0,0,TRUE,ASV1502,1,Oithona similis
edna0096,ASV1492,motu1259,Membranipora membranacea,Coffin box bryozoan,species,NA,1,1,NA,NA,6,7,NA,NA,NA,NA,Membranipora membranacea,Coffin box bryozoan,2018_second_surface,second,kelp,2018-07-17,NA,2018,surface,3,edna_second_30,surface,biological,12.9,31.73,8.08,11.4,31.86,8.07,5.2,1000,0,51.64923127,-128.1550769,rock,NA,NA,NA,macroalgae,nereocystis,macroalgae_rock,nereocystis_rock,100,9.252979999999995e-139,274,Metazoa,Bryozoa,Gymnolaemata,Cheilostomatida,Membraniporidae,Membranipora,0,0,TRUE,ASV1492,2,Membranipora membranacea
edna0096,ASV1748,motu1459,Chaetognatha,Arrow worm,phylum,NA,1,NA,NA,NA,6,NA,NA,NA,NA,NA,Chaetognatha,Arrow worm,2018_second_surface,second,kelp,2018-07-17,NA,2018,surface,3,edna_second_30,surface,biological,12.9,31.73,8.08,11.4,31.86,8.07,5.2,1000,0,51.64923127,-128.1550769,rock,NA,NA,NA,macroalgae,nereocystis,macroalgae_rock,nereocystis_rock,95.02,1.63074e-81,171,Metazoa,Chaetognatha,NA,NA,NA,NA,0,0,TRUE,ASV1748,1,NA
edna0096,ASV1168,motu1001,Anthopleura elegantissima,Aggregating anemone,species,NA,1,1,1,NA,8,4,NA,7,NA,NA,Anthopleura elegantissima,Aggregating anemone,2018_second_surface,second,kelp,2018-07-17,NA,2018,surface,3,edna_second_30,surface,biological,12.9,31.73,8.08,11.4,31.86,8.07,5.2,1000,0,51.64923127,-128.1550769,rock,NA,NA,NA,macroalgae,nereocystis,macroalgae_rock,nereocystis_rock,100,1.96163e-160,313,Metazoa,Cnidaria,Cnidaria,Actiniaria,Actiniidae,Anthopleura,0,0,TRUE,ASV1168,1,Anthopleura elegantissima
edna0096,ASV2082,motu1722,Anthopleura elegantissima,Aggregating anemone,species,NA,1,NA,NA,NA,4,NA,NA,NA,NA,NA,Anthopleura elegantissima,Aggregating anemone,2018_second_surface,second,kelp,2018-07-17,NA,2018,surface,3,edna_second_30,surface,biological,12.9,31.73,8.08,11.4,31.86,8.07,5.2,1000,0,51.64923127,-128.1550769,rock,NA,NA,NA,macroalgae,nereocystis,macroalgae_rock,nereocystis_rock,100,1.96163e-160,313,Metazoa,Cnidaria,Cnidaria,Actiniaria,Actiniidae,Anthopleura,0,0,TRUE,ASV2082,1,Anthopleura elegantissima
edna0096,ASV1097,motu944,Dodecaceria,Cirratulid polychaete,genus,NA,1,NA,1,NA,15,NA,NA,18,NA,NA,Dodecaceria,Cirratulid polychaete,2018_second_surface,second,kelp,2018-07-17,NA,2018,surface,3,edna_second_30,surface,biological,12.9,31.73,8.08,11.4,31.86,8.07,5.2,1000,0,51.64923127,-128.1550769,rock,NA,NA,NA,macroalgae,nereocystis,macroalgae_rock,nereocystis_rock,100,1.96163e-160,313,Metazoa,Annelida,Polychaeta,Terebellida,Cirratulidae,Dodecaceria,0,0,TRUE,ASV1097,6,NA
edna0096,ASV2316,motu1166,Balanus nubilus,Giant acorn barnacle,species,NA,1,1,NA,NA,200,64,NA,NA,NA,NA,Balanus nubilus,Giant acorn barnacle,2018_second_surface,second,kelp,2018-07-17,NA,2018,surface,3,edna_second_30,surface,biological,12.9,31.73,8.08,11.4,31.86,8.07,5.2,1000,0,51.64923127,-128.1550769,rock,NA,NA,NA,macroalgae,nereocystis,macroalgae_rock,nereocystis_rock,99.36,4.246189999999999e-157,307,Metazoa,Arthropoda,Thecostraca,Balanomorpha,Balanidae,Balanus,0,0,TRUE,ASV1382,4,Balanus nubilus
edna0096,ASV1332,motu1125,Pollicipes polymerus,Gooseneck barnacle,species,NA,1,NA,1,NA,5,NA,NA,6,NA,NA,Pollicipes polymerus,Gooseneck barnacle,2018_second_surface,second,kelp,2018-07-17,NA,2018,surface,3,edna_second_30,surface,biological,12.9,31.73,8.08,11.4,31.86,8.07,5.2,1000,0,51.64923127,-128.1550769,rock,NA,NA,NA,macroalgae,nereocystis,macroalgae_rock,nereocystis_rock,100,3.2351099999999996e-158,309,Metazoa,Arthropoda,Thecostraca,Pollicipedomorpha,Pollicipedidae,Pollicipes,0,0,TRUE,ASV1332,2,Pollicipes polymerus
edna0096,ASV2840,motu2298,Arthropoda,Unknown arthropod,phylum,NA,1,NA,NA,NA,2,NA,NA,NA,NA,NA,Arthropoda,Unknown arthropod,2018_second_surface,second,kelp,2018-07-17,NA,2018,surface,3,edna_second_30,surface,biological,12.9,31.73,8.08,11.4,31.86,8.07,5.2,1000,0,51.64923127,-128.1550769,rock,NA,NA,NA,macroalgae,nereocystis,macroalgae_rock,nereocystis_rock,95,2.34566e-5,34,Metazoa,Arthropoda,NA,NA,NA,NA,NA,NA,TRUE,ASV2840,1,NA
edna0096,ASV3856,motu71,Acartia (Acartiura) longiremis,Calanoid copepod,species,NA,1,NA,NA,NA,16,NA,NA,NA,NA,NA,Acartia (Acartiura) longiremis,Calanoid copepod,2018_second_surface,second,kelp,2018-07-17,NA,2018,surface,3,edna_second_30,surface,biological,12.9,31.73,8.08,11.4,31.86,8.07,5.2,1000,0,51.64923127,-128.1550769,rock,NA,NA,NA,macroalgae,nereocystis,macroalgae_rock,nereocystis_rock,99.68,9.126599999999999e-159,310,Metazoa,Arthropoda,Copepoda,Calanoida,Acartiidae,Acartia,0,0,TRUE,ASV81,23,Acartia (Acartiura) longiremis
edna0096,ASV2135,motu22,Acartia (Acartiura) longiremis,Calanoid copepod,species,NA,1,1,1,NA,13,11,15,NA,NA,19,Acartia (Acartiura) longiremis,Calanoid copepod,2018_second_surface,second,kelp,2018-07-17,NA,2018,surface,3,edna_second_30,surface,biological,12.9,31.73,8.08,11.4,31.86,8.07,5.2,1000,0,51.64923127,-128.1550769,rock,NA,NA,NA,macroalgae,nereocystis,macroalgae_rock,nereocystis_rock,99.68,9.126599999999999e-159,310,Metazoa,Arthropoda,Copepoda,Calanoida,Acartiidae,Acartia,0,0,TRUE,ASV25,27,Acartia (Acartiura) longiremis
edna0096,ASV2438,motu1989,Pseudocnus curatus,Aggregating sea cucumber,species,NA,1,NA,1,NA,23,NA,NA,73,NA,11,Pseudocnus curatus,Aggregating sea cucumber,2018_second_surface,second,kelp,2018-07-17,NA,2018,surface,3,edna_second_30,surface,biological,12.9,31.73,8.08,11.4,31.86,8.07,5.2,1000,0,51.64923127,-128.1550769,rock,NA,NA,NA,macroalgae,nereocystis,macroalgae_rock,nereocystis_rock,100,5.353989999999996e-156,305,Metazoa,Echinodermata,Holothuroidea,Dendrochirotida,Cucumariidae,Pseudocnus,0,0,TRUE,ASV2438,2,Pseudocnus curatus
edna0096,ASV4184,motu3281,Pseudocalanus mimus,Calanoid copepod,species,NA,1,NA,NA,NA,40,NA,NA,NA,NA,NA,Pseudocalanus mimus,Calanoid copepod,2018_second_surface,second,kelp,2018-07-17,NA,2018,surface,3,edna_second_30,surface,biological,12.9,31.73,8.08,11.4,31.86,8.07,5.2,1000,0,51.64923127,-128.1550769,rock,NA,NA,NA,macroalgae,nereocystis,macroalgae_rock,nereocystis_rock,99.67,5.531789999999998e-151,296,Metazoa,Arthropoda,Copepoda,Calanoida,Clausocalanidae,Pseudocalanus,0,0,TRUE,ASV4184,1,Pseudocalanus mimus
edna0096,ASV5053,motu3894,Cicadellidae,Hexapod,family,NA,1,1,1,NA,3,3,4,NA,NA,NA,Cicadellidae,Hexapod,2018_second_surface,second,kelp,2018-07-17,NA,2018,surface,3,edna_second_30,surface,biological,12.9,31.73,8.08,11.4,31.86,8.07,5.2,1000,0,51.64923127,-128.1550769,rock,NA,NA,NA,macroalgae,nereocystis,macroalgae_rock,nereocystis_rock,91.67,1.83561e-26,72,Metazoa,Arthropoda,Arthropoda,Hemiptera,Cicadellidae,NA,NA,NA,TRUE,ASV5053,1,NA
edna0096,ASV6437,motu4982,Sertularellidae,Thecate Hydroid,family,NA,1,NA,NA,NA,4,NA,NA,NA,NA,NA,Sertularellidae,Thecate Hydroid,2018_second_surface,second,kelp,2018-07-17,NA,2018,surface,3,edna_second_30,surface,biological,12.9,31.73,8.08,11.4,31.86,8.07,5.2,1000,0,51.64923127,-128.1550769,rock,NA,NA,NA,macroalgae,nereocystis,macroalgae_rock,nereocystis_rock,92.28,2.73936e-119,239,Metazoa,Cnidaria,Cnidaria,Leptothecata,Sertularellidae,NA,0,0,TRUE,ASV6437,1,NA
edna0096,ASV7438,motu5823,Cucumaria pseudocurata,Tar spot sea cucumber,species,NA,1,NA,NA,NA,5,NA,NA,NA,NA,NA,Cucumaria pseudocurata,Tar spot sea cucumber,2018_second_surface,second,kelp,2018-07-17,NA,2018,surface,3,edna_second_30,surface,biological,12.9,31.73,8.08,11.4,31.86,8.07,5.2,1000,0,51.64923127,-128.1550769,rock,NA,NA,NA,macroalgae,nereocystis,macroalgae_rock,nereocystis_rock,98.69,2.559169999999998e-149,293,Metazoa,Echinodermata,Holothuroidea,Dendrochirotida,Cucumariidae,Cucumaria,0,0,TRUE,ASV7438,1,Cucumaria pseudocurata
edna0097,ASV25,motu22,Acartia (Acartiura) longiremis,Calanoid copepod,species,NA,1,NA,1,NA,42,NA,84,NA,NA,NA,Acartia (Acartiura) longiremis,Calanoid copepod,2018_north_surface,north,kelp,2018-07-17,NA,2018,surface,1,edna_north_00,surface,biological,11.1,31.73,7.99,10.5,31.93,7.96,7.5,1000,0,51.66710631,-128.1402668,rock,NA,NA,NA,macroalgae,nereocystis,macroalgae_rock,nereocystis_rock,100,1.96163e-160,313,Metazoa,Arthropoda,Copepoda,Calanoida,Acartiidae,Acartia,0,0,TRUE,ASV25,27,Acartia (Acartiura) longiremis
edna0097,ASV81,motu71,Acartia (Acartiura) longiremis,Calanoid copepod,species,NA,1,NA,NA,NA,46,NA,NA,NA,NA,NA,Acartia (Acartiura) longiremis,Calanoid copepod,2018_north_surface,north,kelp,2018-07-17,NA,2018,surface,1,edna_north_00,surface,biological,11.1,31.73,7.99,10.5,31.93,7.96,7.5,1000,0,51.66710631,-128.1402668,rock,NA,NA,NA,macroalgae,nereocystis,macroalgae_rock,nereocystis_rock,100,1.96163e-160,313,Metazoa,Arthropoda,Copepoda,Calanoida,Acartiidae,Acartia,0,0,TRUE,ASV81,23,Acartia (Acartiura) longiremis
edna0097,ASV233,motu74,Euchlanidae,Rotifer,family,NA,1,NA,NA,NA,40,NA,NA,NA,NA,NA,No Results,No Results,2018_north_surface,north,kelp,2018-07-17,NA,2018,surface,1,edna_north_00,surface,biological,11.1,31.73,7.99,10.5,31.93,7.96,7.5,1000,0,51.66710631,-128.1402668,rock,NA,NA,NA,macroalgae,nereocystis,macroalgae_rock,nereocystis_rock,91.35,3.005919999999998e-29,77,Metazoa,Rotifera,Rotifera,Ploima,Euchlanidae,NA,1,NA,TRUE,ASV84,2,NA
edna0097,ASV452,motu183,Euchlanidae,Rotifer,family,NA,1,NA,NA,NA,49,NA,NA,NA,NA,NA,No Results,No Results,2018_north_surface,north,kelp,2018-07-17,NA,2018,surface,1,edna_north_00,surface,biological,11.1,31.73,7.99,10.5,31.93,7.96,7.5,1000,0,51.66710631,-128.1402668,rock,NA,NA,NA,macroalgae,nereocystis,macroalgae_rock,nereocystis_rock,91.35,3.005919999999998e-29,77,Metazoa,Rotifera,Rotifera,Ploima,Euchlanidae,NA,1,NA,TRUE,ASV208,2,NA
edna0097,ASV132,motu118,Mesocentrotus franciscanus,Red sea urchin,species,NA,1,NA,NA,NA,3,NA,NA,NA,NA,NA,Mesocentrotus franciscanus,Red sea urchin,2018_north_surface,north,kelp,2018-07-17,NA,2018,surface,1,edna_north_00,surface,biological,11.1,31.73,7.99,10.5,31.93,7.96,7.5,1000,0,51.66710631,-128.1402668,rock,NA,NA,NA,macroalgae,nereocystis,macroalgae_rock,nereocystis_rock,100,2.51921e-159,311,Metazoa,Echinodermata,Echinoidea,Camarodonta,Strongylocentrotidae,Mesocentrotus,0,0,TRUE,ASV132,8,Mesocentrotus franciscanus
edna0097,ASV595,motu522,Cecidomyiidae,Hexapod,genus,NA,1,NA,NA,NA,14,NA,NA,NA,NA,NA,Cecidomyiidae,Hexapod,2018_north_surface,north,kelp,2018-07-17,NA,2018,surface,1,edna_north_00,surface,biological,11.1,31.73,7.99,10.5,31.93,7.96,7.5,1000,0,51.66710631,-128.1402668,rock,NA,NA,NA,macroalgae,nereocystis,macroalgae_rock,nereocystis_rock,100,0.00408744,30,Metazoa,Arthropoda,Arthropoda,Diptera,Cecidomyiidae,Cecidomyiidae,NA,NA,TRUE,ASV595,1,NA
edna0097,ASV354,motu313,Mitrocoma cellularia,Cross jelly,species,NA,1,1,NA,NA,7,6,NA,NA,NA,NA,Mitrocoma cellularia,Cross jelly,2018_north_surface,north,kelp,2018-07-17,NA,2018,surface,1,edna_north_00,surface,biological,11.1,31.73,7.99,10.5,31.93,7.96,7.5,1000,0,51.66710631,-128.1402668,rock,NA,NA,NA,macroalgae,nereocystis,macroalgae_rock,nereocystis_rock,100,1.4886099999999998e-156,306,Metazoa,Cnidaria,Hydrozoa,Leptothecata,Mitrocomidae,Mitrocoma,0,0,TRUE,ASV354,2,Mitrocoma cellularia
edna0097,ASV616,motu537,Mitrocoma cellularia,Cross jelly,species,NA,1,NA,NA,NA,8,NA,NA,NA,NA,NA,Mitrocoma cellularia,Cross jelly,2018_north_surface,north,kelp,2018-07-17,NA,2018,surface,1,edna_north_00,surface,biological,11.1,31.73,7.99,10.5,31.93,7.96,7.5,1000,0,51.66710631,-128.1402668,rock,NA,NA,NA,macroalgae,nereocystis,macroalgae_rock,nereocystis_rock,100,1.4886099999999998e-156,306,Metazoa,Cnidaria,Hydrozoa,Leptothecata,Mitrocomidae,Mitrocoma,0,0,TRUE,ASV616,6,Mitrocoma cellularia
edna0097,ASV398,motu350,Synchaeta pectinata,Rotifer,species,NA,1,NA,1,NA,6,NA,NA,4,NA,NA,Synchaeta pectinata,Rotifer,2018_north_surface,north,kelp,2018-07-17,NA,2018,surface,1,edna_north_00,surface,biological,11.1,31.73,7.99,10.5,31.93,7.96,7.5,1000,0,51.66710631,-128.1402668,rock,NA,NA,NA,macroalgae,nereocystis,macroalgae_rock,nereocystis_rock,90.48,1.6452299999999999e-111,225,Metazoa,Rotifera,Eurotatoria,Ploima,Synchaetidae,Synchaeta,0,0,TRUE,ASV398,4,Synchaeta pectinata
edna0097,ASV1013,motu876,Orobdella,Freshwater leech,genus,NA,1,NA,NA,NA,7,NA,NA,NA,NA,NA,Orobdella,Freshwater leech,2018_north_surface,north,kelp,2018-07-17,NA,2018,surface,1,edna_north_00,surface,biological,11.1,31.73,7.99,10.5,31.93,7.96,7.5,1000,0,51.66710631,-128.1402668,rock,NA,NA,NA,macroalgae,nereocystis,macroalgae_rock,nereocystis_rock,97.06,0.00121031,31,Metazoa,Annelida,Annelida,Erpobdelliformes,Orobdellidae,Orobdella,NA,NA,TRUE,ASV1013,1,NA
edna0097,ASV498,motu441,Clytia gregaria,Gregarious jellyfish,species,NA,1,NA,1,NA,9,NA,8,NA,NA,11,Clytia gregaria,Gregarious jellyfish,2018_north_surface,north,kelp,2018-07-17,NA,2018,surface,1,edna_north_00,surface,biological,11.1,31.73,7.99,10.5,31.93,7.96,7.5,1000,0,51.66710631,-128.1402668,rock,NA,NA,NA,macroalgae,nereocystis,macroalgae_rock,nereocystis_rock,99.68,9.126599999999999e-159,310,Metazoa,Cnidaria,Hydrozoa,Leptothecata,Campanulariidae,Clytia,0,0,TRUE,ASV498,2,Clytia gregaria
edna0097,ASV775,motu675,Aequorea,Crystal jelly species,genus,NA,1,NA,NA,NA,3,NA,NA,NA,NA,NA,Aequorea,Crystal jelly species,2018_north_surface,north,kelp,2018-07-17,NA,2018,surface,1,edna_north_00,surface,biological,11.1,31.73,7.99,10.5,31.93,7.96,7.5,1000,0,51.66710631,-128.1402668,rock,NA,NA,NA,macroalgae,nereocystis,macroalgae_rock,nereocystis_rock,100,1.4886099999999998e-156,306,Metazoa,Cnidaria,Hydrozoa,Leptothecata,Aequoreidae,Aequorea,0,0,TRUE,ASV775,3,NA
edna0097,ASV1040,motu897,Oithona similis,Cyclopoid copepod,species,NA,1,NA,NA,NA,5,NA,NA,NA,NA,NA,Oithona similis,Cyclopoid copepod,2018_north_surface,north,kelp,2018-07-17,NA,2018,surface,1,edna_north_00,surface,biological,11.1,31.73,7.99,10.5,31.93,7.96,7.5,1000,0,51.66710631,-128.1402668,rock,NA,NA,NA,macroalgae,nereocystis,macroalgae_rock,nereocystis_rock,96.17,2.0179399999999996e-140,277,Metazoa,Arthropoda,Copepoda,Cyclopoida,Oithonidae,Oithona,0,0,TRUE,ASV1040,1,Oithona similis
edna0097,ASV944,motu821,Phascolosoma (Phascolosoma) agassizii,Agassiz peanut worm,species,NA,1,NA,NA,NA,12,NA,NA,NA,NA,NA,Phascolosoma (Phascolosoma) agassizii,Agassiz peanut worm,2018_north_surface,north,kelp,2018-07-17,NA,2018,surface,1,edna_north_00,surface,biological,11.1,31.73,7.99,10.5,31.93,7.96,7.5,1000,0,51.66710631,-128.1402668,rock,NA,NA,NA,macroalgae,nereocystis,macroalgae_rock,nereocystis_rock,100,1.96163e-160,313,Metazoa,Annelida,NA,Sipuncula,Phascolosomatidae,Phascolosoma,0,0,TRUE,ASV944,3,Phascolosoma (Phascolosoma) agassizii
edna0097,ASV2213,motu1826,Mytilus californianus,California mussel,species,NA,1,NA,NA,NA,6,NA,NA,NA,NA,NA,Mytilus californianus,California mussel,2018_north_surface,north,kelp,2018-07-17,NA,2018,surface,1,edna_north_00,surface,biological,11.1,31.73,7.99,10.5,31.93,7.96,7.5,1000,0,51.66710631,-128.1402668,rock,NA,NA,NA,macroalgae,nereocystis,macroalgae_rock,nereocystis_rock,100,3.2351099999999996e-158,309,Metazoa,Mollusca,Bivalvia,Mytilida,Mytilidae,Mytilus,0,0,TRUE,ASV2213,3,Mytilus californianus
edna0097,ASV1599,motu1332,Mytilus californianus,California mussel,species,NA,1,NA,1,NA,4,NA,5,NA,NA,NA,Mytilus californianus,California mussel,2018_north_surface,north,kelp,2018-07-17,NA,2018,surface,1,edna_north_00,surface,biological,11.1,31.73,7.99,10.5,31.93,7.96,7.5,1000,0,51.66710631,-128.1402668,rock,NA,NA,NA,macroalgae,nereocystis,macroalgae_rock,nereocystis_rock,100,3.2351099999999996e-158,309,Metazoa,Mollusca,Bivalvia,Mytilida,Mytilidae,Mytilus,0,0,TRUE,ASV1582,5,Mytilus californianus
edna0097,ASV1921,motu1598,Humilaria kennerleyi,Kennerleys venus,species,NA,1,NA,NA,NA,6,NA,NA,NA,NA,NA,Humilaria kennerleyi,Kennerleys venus,2018_north_surface,north,kelp,2018-07-17,NA,2018,surface,1,edna_north_00,surface,biological,11.1,31.73,7.99,10.5,31.93,7.96,7.5,1000,0,51.66710631,-128.1402668,rock,NA,NA,NA,macroalgae,nereocystis,macroalgae_rock,nereocystis_rock,100,1.96163e-160,313,Metazoa,Mollusca,Bivalvia,Venerida,Veneridae,Humilaria,0,0,TRUE,ASV1921,2,Humilaria kennerleyi
edna0097,ASV3252,motu2600,Manania handi,Stalked jellyfish,species,NA,1,1,1,NA,5,3,6,NA,NA,NA,Manania handi,Stalked jellyfish,2018_north_surface,north,kelp,2018-07-17,NA,2018,surface,1,edna_north_00,surface,biological,11.1,31.73,7.99,10.5,31.93,7.96,7.5,1000,0,51.66710631,-128.1402668,rock,NA,NA,NA,macroalgae,nereocystis,macroalgae_rock,nereocystis_rock,100,3.2351099999999996e-158,309,Metazoa,Cnidaria,Cnidaria,Stauromedusae,Haliclystidae,Manania,0,0,TRUE,ASV3252,2,Manania handi
edna0097,ASV1462,motu1233,Clytia gregaria,Gregarious jellyfish,species,NA,1,NA,NA,NA,8,NA,NA,NA,NA,NA,Clytia gregaria,Gregarious jellyfish,2018_north_surface,north,kelp,2018-07-17,NA,2018,surface,1,edna_north_00,surface,biological,11.1,31.73,7.99,10.5,31.93,7.96,7.5,1000,0,51.66710631,-128.1402668,rock,NA,NA,NA,macroalgae,nereocystis,macroalgae_rock,nereocystis_rock,99.67,6.925819999999995e-155,303,Metazoa,Cnidaria,Hydrozoa,Leptothecata,Campanulariidae,Clytia,0,0,TRUE,ASV1462,2,Clytia gregaria
edna0097,ASV5239,motu4026,Glycymeris septentrionalis,Western bittersweet,species,NA,1,NA,NA,NA,5,NA,NA,NA,NA,NA,Glycymeris septentrionalis,Western bittersweet,2018_north_surface,north,kelp,2018-07-17,NA,2018,surface,1,edna_north_00,surface,biological,11.1,31.73,7.99,10.5,31.93,7.96,7.5,1000,0,51.66710631,-128.1402668,rock,NA,NA,NA,macroalgae,nereocystis,macroalgae_rock,nereocystis_rock,100,9.126599999999999e-159,310,Metazoa,Mollusca,Bivalvia,Arcida,Glycymerididae,Glycymeris,0,0,TRUE,ASV5239,1,Glycymeris septentrionalis
edna0098,ASV258,motu228,Lensia,Siphonophore,genus,NA,1,NA,NA,NA,6,NA,NA,NA,NA,NA,Lensia,Siphonophore,2018_north_surface,north,kelp,2018-07-17,NA,2018,surface,2,edna_north_15,surface,biological,11.5,31.8,7.98,10.5,31.93,7.97,5.2,1000,0,51.66722985,-128.1401768,rock,NA,NA,NA,macroalgae,nereocystis,macroalgae_rock,nereocystis_rock,100,0.00408744,30,Metazoa,Cnidaria,Cnidaria,Siphonophorae,Diphyidae,Lensia,0,0,TRUE,ASV258,1,NA
edna0098,ASV131,motu117,Lensia,Siphonophore,genus,NA,1,NA,1,NA,7,NA,8,7,NA,11,Lensia,Siphonophore,2018_north_surface,north,kelp,2018-07-17,NA,2018,surface,2,edna_north_15,surface,biological,11.5,31.8,7.98,10.5,31.93,7.97,5.2,1000,0,51.66722985,-128.1401768,rock,NA,NA,NA,macroalgae,nereocystis,macroalgae_rock,nereocystis_rock,100,0.00408744,30,Metazoa,Cnidaria,Cnidaria,Siphonophorae,Diphyidae,Lensia,0,0,TRUE,ASV131,2,NA
edna0098,ASV233,motu74,Euchlanidae,Rotifer,family,NA,1,1,NA,NA,36,29,NA,NA,NA,NA,No Results,No Results,2018_north_surface,north,kelp,2018-07-17,NA,2018,surface,2,edna_north_15,surface,biological,11.5,31.8,7.98,10.5,31.93,7.97,5.2,1000,0,51.66722985,-128.1401768,rock,NA,NA,NA,macroalgae,nereocystis,macroalgae_rock,nereocystis_rock,91.35,3.005919999999998e-29,77,Metazoa,Rotifera,Rotifera,Ploima,Euchlanidae,NA,1,NA,TRUE,ASV84,2,NA
edna0098,ASV452,motu183,Euchlanidae,Rotifer,family,NA,1,NA,NA,NA,30,NA,NA,NA,NA,NA,No Results,No Results,2018_north_surface,north,kelp,2018-07-17,NA,2018,surface,2,edna_north_15,surface,biological,11.5,31.8,7.98,10.5,31.93,7.97,5.2,1000,0,51.66722985,-128.1401768,rock,NA,NA,NA,macroalgae,nereocystis,macroalgae_rock,nereocystis_rock,91.35,3.005919999999998e-29,77,Metazoa,Rotifera,Rotifera,Ploima,Euchlanidae,NA,1,NA,TRUE,ASV208,2,NA
edna0098,ASV205,motu181,Pseudocalanus mimus,Calanoid copepod,species,NA,1,NA,1,NA,29,NA,19,25,NA,NA,Pseudocalanus mimus,Calanoid copepod,2018_north_surface,north,kelp,2018-07-17,NA,2018,surface,2,edna_north_15,surface,biological,11.5,31.8,7.98,10.5,31.93,7.97,5.2,1000,0,51.66722985,-128.1401768,rock,NA,NA,NA,macroalgae,nereocystis,macroalgae_rock,nereocystis_rock,100,1.18898e-152,299,Metazoa,Arthropoda,Copepoda,Calanoida,Clausocalanidae,Pseudocalanus,0,0,TRUE,ASV205,8,Pseudocalanus mimus
edna0098,ASV132,motu118,Mesocentrotus franciscanus,Red sea urchin,species,NA,1,NA,1,NA,130,NA,221,NA,NA,NA,Mesocentrotus franciscanus,Red sea urchin,2018_north_surface,north,kelp,2018-07-17,NA,2018,surface,2,edna_north_15,surface,biological,11.5,31.8,7.98,10.5,31.93,7.97,5.2,1000,0,51.66722985,-128.1401768,rock,NA,NA,NA,macroalgae,nereocystis,macroalgae_rock,nereocystis_rock,100,2.51921e-159,311,Metazoa,Echinodermata,Echinoidea,Camarodonta,Strongylocentrotidae,Mesocentrotus,0,0,TRUE,ASV132,8,Mesocentrotus franciscanus
edna0098,ASV324,motu285,Paracalanus parvus parvus,Calanoid copepod,species,NA,1,1,NA,NA,4,4,NA,NA,NA,NA,Paracalanus parvus parvus,Calanoid copepod,2018_north_surface,north,kelp,2018-07-17,NA,2018,surface,2,edna_north_15,surface,biological,11.5,31.8,7.98,10.5,31.93,7.97,5.2,1000,0,51.66722985,-128.1401768,rock,NA,NA,NA,macroalgae,nereocystis,macroalgae_rock,nereocystis_rock,100,1.17454e-132,263,Metazoa,Arthropoda,Copepoda,Calanoida,Paracalanidae,Paracalanus,0,0,TRUE,ASV324,6,Paracalanus parvus parvus
edna0098,ASV377,motu334,Synchaeta pectinata,Rotifer,species,NA,1,NA,1,NA,3,NA,NA,NA,NA,2,Synchaeta pectinata,Rotifer,2018_north_surface,north,kelp,2018-07-17,NA,2018,surface,2,edna_north_15,surface,biological,11.5,31.8,7.98,10.5,31.93,7.97,5.2,1000,0,51.66722985,-128.1401768,rock,NA,NA,NA,macroalgae,nereocystis,macroalgae_rock,nereocystis_rock,90.48,1.6452299999999999e-111,225,Metazoa,Rotifera,Eurotatoria,Ploima,Synchaetidae,Synchaeta,0,0,TRUE,ASV377,5,Synchaeta pectinata
edna0098,ASV521,motu458,Sabellariidae,Feather duster worm,family,NA,1,1,1,NA,27,19,NA,41,NA,NA,Sabellariidae,Feather duster worm,2018_north_surface,north,kelp,2018-07-17,NA,2018,surface,2,edna_north_15,surface,biological,11.5,31.8,7.98,10.5,31.93,7.97,5.2,1000,0,51.66722985,-128.1401768,rock,NA,NA,NA,macroalgae,nereocystis,macroalgae_rock,nereocystis_rock,99.68,1.5051499999999994e-156,306,Metazoa,Annelida,Polychaeta,NA,Sabellariidae,NA,0,0,TRUE,ASV521,12,NA
edna0098,ASV750,motu654,Orobdella,Freshwater leech,genus,NA,1,NA,1,NA,6,NA,NA,13,NA,NA,Orobdella,Freshwater leech,2018_north_surface,north,kelp,2018-07-17,NA,2018,surface,2,edna_north_15,surface,biological,11.5,31.8,7.98,10.5,31.93,7.97,5.2,1000,0,51.66722985,-128.1401768,rock,NA,NA,NA,macroalgae,nereocystis,macroalgae_rock,nereocystis_rock,97.06,0.00121031,31,Metazoa,Annelida,Annelida,Erpobdelliformes,Orobdellidae,Orobdella,NA,NA,TRUE,ASV750,1,NA
edna0098,ASV733,motu637,Phyllodocida,Polychaete,order,NA,1,NA,NA,NA,8,NA,NA,NA,NA,NA,Phyllodocida,Polychaete,2018_north_surface,north,kelp,2018-07-17,NA,2018,surface,2,edna_north_15,surface,biological,11.5,31.8,7.98,10.5,31.93,7.97,5.2,1000,0,51.66722985,-128.1401768,rock,NA,NA,NA,macroalgae,nereocystis,macroalgae_rock,nereocystis_rock,100,0.0603188,28,Metazoa,Annelida,Annelida,Phyllodocida,NA,NA,0,0,TRUE,ASV733,1,NA
edna0098,ASV1287,motu1015,Balanus,Barnacle species,genus,NA,1,NA,NA,NA,4,NA,NA,NA,NA,NA,Balanus,Barnacle species,2018_north_surface,north,kelp,2018-07-17,NA,2018,surface,2,edna_north_15,surface,biological,11.5,31.8,7.98,10.5,31.93,7.97,5.2,1000,0,51.66722985,-128.1401768,rock,NA,NA,NA,macroalgae,nereocystis,macroalgae_rock,nereocystis_rock,99.67,6.925819999999995e-155,303,Metazoa,Arthropoda,Arthropoda,Balanomorpha,Balanidae,Balanus,0,0,TRUE,ASV1187,5,NA
edna0098,ASV1502,motu1269,Oithona similis,Cyclopoid copepod,species,NA,1,NA,NA,NA,2,NA,NA,NA,NA,NA,Oithona similis,Cyclopoid copepod,2018_north_surface,north,kelp,2018-07-17,NA,2018,surface,2,edna_north_15,surface,biological,11.5,31.8,7.98,10.5,31.93,7.97,5.2,1000,0,51.66722985,-128.1401768,rock,NA,NA,NA,macroalgae,nereocystis,macroalgae_rock,nereocystis_rock,96.17,2.0179399999999996e-140,277,Metazoa,Arthropoda,Copepoda,Cyclopoida,Oithonidae,Oithona,0,0,TRUE,ASV1502,1,Oithona similis
edna0098,ASV1748,motu1459,Chaetognatha,Arrow worm,phylum,NA,1,NA,NA,NA,8,NA,NA,NA,NA,NA,Chaetognatha,Arrow worm,2018_north_surface,north,kelp,2018-07-17,NA,2018,surface,2,edna_north_15,surface,biological,11.5,31.8,7.98,10.5,31.93,7.97,5.2,1000,0,51.66722985,-128.1401768,rock,NA,NA,NA,macroalgae,nereocystis,macroalgae_rock,nereocystis_rock,95.02,1.63074e-81,171,Metazoa,Chaetognatha,NA,NA,NA,NA,0,0,TRUE,ASV1748,1,NA
edna0098,ASV1443,motu1220,Orobdella,Freshwater leech,genus,NA,1,NA,NA,NA,6,NA,NA,NA,NA,NA,Orobdella,Freshwater leech,2018_north_surface,north,kelp,2018-07-17,NA,2018,surface,2,edna_north_15,surface,biological,11.5,31.8,7.98,10.5,31.93,7.97,5.2,1000,0,51.66722985,-128.1401768,rock,NA,NA,NA,macroalgae,nereocystis,macroalgae_rock,nereocystis_rock,97.06,0.0011939,31,Metazoa,Annelida,Annelida,Erpobdelliformes,Orobdellidae,Orobdella,NA,NA,TRUE,ASV1443,1,NA
edna0098,ASV1376,motu1162,Phascolosoma (Phascolosoma) agassizii,Agassiz peanut worm,species,NA,1,NA,NA,NA,8,NA,NA,NA,NA,NA,Phascolosoma (Phascolosoma) agassizii,Agassiz peanut worm,2018_north_surface,north,kelp,2018-07-17,NA,2018,surface,2,edna_north_15,surface,biological,11.5,31.8,7.98,10.5,31.93,7.97,5.2,1000,0,51.66722985,-128.1401768,rock,NA,NA,NA,macroalgae,nereocystis,macroalgae_rock,nereocystis_rock,99.68,9.126599999999999e-159,310,Metazoa,Annelida,NA,Sipuncula,Phascolosomatidae,Phascolosoma,0,0,TRUE,ASV1376,3,Phascolosoma (Phascolosoma) agassizii
edna0098,ASV1921,motu1598,Humilaria kennerleyi,Kennerleys venus,species,NA,1,1,NA,NA,14,8,NA,NA,NA,NA,Humilaria kennerleyi,Kennerleys venus,2018_north_surface,north,kelp,2018-07-17,NA,2018,surface,2,edna_north_15,surface,biological,11.5,31.8,7.98,10.5,31.93,7.97,5.2,1000,0,51.66722985,-128.1401768,rock,NA,NA,NA,macroalgae,nereocystis,macroalgae_rock,nereocystis_rock,100,1.96163e-160,313,Metazoa,Mollusca,Bivalvia,Venerida,Veneridae,Humilaria,0,0,TRUE,ASV1921,2,Humilaria kennerleyi
edna0098,ASV2321,motu1909,Phascolosoma (Phascolosoma) agassizii,Agassiz peanut worm,species,NA,1,NA,NA,NA,13,NA,NA,NA,NA,NA,Phascolosoma (Phascolosoma) agassizii,Agassiz peanut worm,2018_north_surface,north,kelp,2018-07-17,NA,2018,surface,2,edna_north_15,surface,biological,11.5,31.8,7.98,10.5,31.93,7.97,5.2,1000,0,51.66722985,-128.1401768,rock,NA,NA,NA,macroalgae,nereocystis,macroalgae_rock,nereocystis_rock,100,1.96163e-160,313,Metazoa,Annelida,NA,Sipuncula,Phascolosomatidae,Phascolosoma,0,0,TRUE,ASV2321,1,Phascolosoma (Phascolosoma) agassizii
edna0098,ASV3696,motu2919,Phacellophora camtschatica,Fried egg jellyfish,species,NA,1,NA,NA,NA,4,NA,NA,NA,NA,NA,Phacellophora camtschatica,Fried egg jellyfish,2018_north_surface,north,kelp,2018-07-17,NA,2018,surface,2,edna_north_15,surface,biological,11.5,31.8,7.98,10.5,31.93,7.97,5.2,1000,0,51.66722985,-128.1401768,rock,NA,NA,NA,macroalgae,nereocystis,macroalgae_rock,nereocystis_rock,100,1.96163e-160,313,Metazoa,Cnidaria,Scyphozoa,Semaeostomeae,Phacellophoridae,Phacellophora,0,0,TRUE,ASV3696,1,Phacellophora camtschatica
edna0098,ASV3534,motu2809,Polypogon,Hexapod,genus,NA,1,NA,NA,NA,5,NA,NA,NA,NA,NA,Polypogon,Hexapod,2018_north_surface,north,kelp,2018-07-17,NA,2018,surface,2,edna_north_15,surface,biological,11.5,31.8,7.98,10.5,31.93,7.97,5.2,1000,0,51.66722985,-128.1401768,rock,NA,NA,NA,macroalgae,nereocystis,macroalgae_rock,nereocystis_rock,95.12,6.79151e-6,35,Metazoa,Arthropoda,Arthropoda,Lepidoptera,Noctuoidea,Polypogon,NA,NA,TRUE,ASV3534,1,NA
edna0098,ASV7293,motu1454,Micropodarke dubia,Hesionid polychaete,species,NA,1,NA,NA,NA,5,NA,NA,NA,NA,NA,Micropodarke dubia,Hesionid polychaete,2018_north_surface,north,kelp,2018-07-17,NA,2018,surface,2,edna_north_15,surface,biological,11.5,31.8,7.98,10.5,31.93,7.97,5.2,1000,0,51.66722985,-128.1401768,rock,NA,NA,NA,macroalgae,nereocystis,macroalgae_rock,nereocystis_rock,99.68,9.310369999999999e-159,310,Metazoa,Annelida,Polychaeta,Phyllodocida,Hesionidae,Micropodarke,0,0,TRUE,ASV1742,2,Micropodarke dubia
edna0099,ASV258,motu228,Lensia,Siphonophore,genus,NA,1,NA,NA,NA,14,NA,NA,NA,NA,NA,Lensia,Siphonophore,2018_north_surface,north,kelp,2018-07-17,NA,2018,surface,3,edna_north_30,surface,biological,11,31.8,7.98,10.5,31.89,7.97,4.8,1000,0,51.66736753,-128.1400531,rock,NA,NA,NA,macroalgae,nereocystis,macroalgae_rock,nereocystis_rock,100,0.00408744,30,Metazoa,Cnidaria,Cnidaria,Siphonophorae,Diphyidae,Lensia,0,0,TRUE,ASV258,1,NA
edna0099,ASV131,motu117,Lensia,Siphonophore,genus,NA,1,NA,1,NA,16,NA,NA,12,NA,NA,Lensia,Siphonophore,2018_north_surface,north,kelp,2018-07-17,NA,2018,surface,3,edna_north_30,surface,biological,11,31.8,7.98,10.5,31.89,7.97,4.8,1000,0,51.66736753,-128.1400531,rock,NA,NA,NA,macroalgae,nereocystis,macroalgae_rock,nereocystis_rock,100,0.00408744,30,Metazoa,Cnidaria,Cnidaria,Siphonophorae,Diphyidae,Lensia,0,0,TRUE,ASV131,2,NA
edna0099,ASV233,motu74,Euchlanidae,Rotifer,family,NA,1,NA,1,NA,32,NA,NA,NA,NA,59,No Results,No Results,2018_north_surface,north,kelp,2018-07-17,NA,2018,surface,3,edna_north_30,surface,biological,11,31.8,7.98,10.5,31.89,7.97,4.8,1000,0,51.66736753,-128.1400531,rock,NA,NA,NA,macroalgae,nereocystis,macroalgae_rock,nereocystis_rock,91.35,3.005919999999998e-29,77,Metazoa,Rotifera,Rotifera,Ploima,Euchlanidae,NA,1,NA,TRUE,ASV84,2,NA
edna0099,ASV226,motu199,Mytilus trossulus,Bay mussel,species,NA,1,1,1,NA,15,7,5,17,NA,NA,Mytilus trossulus,Bay mussel,2018_north_surface,north,kelp,2018-07-17,NA,2018,surface,3,edna_north_30,surface,biological,11,31.8,7.98,10.5,31.89,7.97,4.8,1000,0,51.66736753,-128.1400531,rock,NA,NA,NA,macroalgae,nereocystis,macroalgae_rock,nereocystis_rock,100,3.2351099999999996e-158,309,Metazoa,Mollusca,Mollusca,Mytilida,Mytilidae,Mytilus,0,0,TRUE,ASV226,18,Mytilus trossulus
edna0099,ASV452,motu183,Euchlanidae,Rotifer,family,NA,1,NA,NA,NA,29,NA,NA,NA,NA,NA,No Results,No Results,2018_north_surface,north,kelp,2018-07-17,NA,2018,surface,3,edna_north_30,surface,biological,11,31.8,7.98,10.5,31.89,7.97,4.8,1000,0,51.66736753,-128.1400531,rock,NA,NA,NA,macroalgae,nereocystis,macroalgae_rock,nereocystis_rock,91.35,3.005919999999998e-29,77,Metazoa,Rotifera,Rotifera,Ploima,Euchlanidae,NA,1,NA,TRUE,ASV208,2,NA
edna0099,ASV216,motu190,Mytilus trossulus,Bay mussel,species,NA,1,NA,1,NA,13,NA,NA,15,NA,8,Mytilus trossulus,Bay mussel,2018_north_surface,north,kelp,2018-07-17,NA,2018,surface,3,edna_north_30,surface,biological,11,31.8,7.98,10.5,31.89,7.97,4.8,1000,0,51.66736753,-128.1400531,rock,NA,NA,NA,macroalgae,nereocystis,macroalgae_rock,nereocystis_rock,100,3.2351099999999996e-158,309,Metazoa,Mollusca,Mollusca,Mytilida,Mytilidae,Mytilus,0,0,TRUE,ASV216,23,Mytilus trossulus
edna0099,ASV1038,motu895,Clytia gregaria,Gregarious jellyfish,species,NA,1,NA,NA,NA,19,NA,NA,NA,NA,NA,Clytia gregaria,Gregarious jellyfish,2018_north_surface,north,kelp,2018-07-17,NA,2018,surface,3,edna_north_30,surface,biological,11,31.8,7.98,10.5,31.89,7.97,4.8,1000,0,51.66736753,-128.1400531,rock,NA,NA,NA,macroalgae,nereocystis,macroalgae_rock,nereocystis_rock,99.68,9.126599999999999e-159,310,Metazoa,Cnidaria,Hydrozoa,Leptothecata,Campanulariidae,Clytia,0,0,TRUE,ASV1038,2,Clytia gregaria
edna0099,ASV1013,motu876,Orobdella,Freshwater leech,genus,NA,1,NA,NA,NA,22,NA,NA,NA,NA,NA,Orobdella,Freshwater leech,2018_north_surface,north,kelp,2018-07-17,NA,2018,surface,3,edna_north_30,surface,biological,11,31.8,7.98,10.5,31.89,7.97,4.8,1000,0,51.66736753,-128.1400531,rock,NA,NA,NA,macroalgae,nereocystis,macroalgae_rock,nereocystis_rock,97.06,0.00121031,31,Metazoa,Annelida,Annelida,Erpobdelliformes,Orobdellidae,Orobdella,NA,NA,TRUE,ASV1013,1,NA
edna0099,ASV542,motu476,Phascolosoma (Phascolosoma) agassizii,Agassiz peanut worm,species,NA,1,1,NA,NA,15,7,NA,NA,NA,NA,Phascolosoma (Phascolosoma) agassizii,Agassiz peanut worm,2018_north_surface,north,kelp,2018-07-17,NA,2018,surface,3,edna_north_30,surface,biological,11,31.8,7.98,10.5,31.89,7.97,4.8,1000,0,51.66736753,-128.1400531,rock,NA,NA,NA,macroalgae,nereocystis,macroalgae_rock,nereocystis_rock,100,1.96163e-160,313,Metazoa,Annelida,NA,Sipuncula,Phascolosomatidae,Phascolosoma,0,0,TRUE,ASV542,4,Phascolosoma (Phascolosoma) agassizii
edna0099,ASV1384,motu1168,Membranipora membranacea,Coffin box bryozoan,species,NA,1,NA,NA,NA,9,NA,NA,NA,NA,NA,Membranipora membranacea,Coffin box bryozoan,2018_north_surface,north,kelp,2018-07-17,NA,2018,surface,3,edna_north_30,surface,biological,11,31.8,7.98,10.5,31.89,7.97,4.8,1000,0,51.66736753,-128.1400531,rock,NA,NA,NA,macroalgae,nereocystis,macroalgae_rock,nereocystis_rock,100,9.252979999999995e-139,274,Metazoa,Bryozoa,Gymnolaemata,Cheilostomatida,Membraniporidae,Membranipora,0,0,TRUE,ASV1384,2,Membranipora membranacea
edna0099,ASV780,motu679,Aequorea,Crystal jelly species,genus,NA,1,NA,NA,NA,3,NA,NA,NA,NA,NA,Aequorea,Crystal jelly species,2018_north_surface,north,kelp,2018-07-17,NA,2018,surface,3,edna_north_30,surface,biological,11,31.8,7.98,10.5,31.89,7.97,4.8,1000,0,51.66736753,-128.1400531,rock,NA,NA,NA,macroalgae,nereocystis,macroalgae_rock,nereocystis_rock,100,1.4886099999999998e-156,306,Metazoa,Cnidaria,Hydrozoa,Leptothecata,Aequoreidae,Aequorea,0,0,TRUE,ASV780,4,NA
edna0099,ASV1502,motu1269,Oithona similis,Cyclopoid copepod,species,NA,1,NA,NA,NA,3,NA,NA,NA,NA,NA,Oithona similis,Cyclopoid copepod,2018_north_surface,north,kelp,2018-07-17,NA,2018,surface,3,edna_north_30,surface,biological,11,31.8,7.98,10.5,31.89,7.97,4.8,1000,0,51.66736753,-128.1400531,rock,NA,NA,NA,macroalgae,nereocystis,macroalgae_rock,nereocystis_rock,96.17,2.0179399999999996e-140,277,Metazoa,Arthropoda,Copepoda,Cyclopoida,Oithonidae,Oithona,0,0,TRUE,ASV1502,1,Oithona similis
edna0099,ASV1040,motu897,Oithona similis,Cyclopoid copepod,species,NA,1,NA,NA,NA,3,NA,NA,NA,NA,NA,Oithona similis,Cyclopoid copepod,2018_north_surface,north,kelp,2018-07-17,NA,2018,surface,3,edna_north_30,surface,biological,11,31.8,7.98,10.5,31.89,7.97,4.8,1000,0,51.66736753,-128.1400531,rock,NA,NA,NA,macroalgae,nereocystis,macroalgae_rock,nereocystis_rock,96.17,2.0179399999999996e-140,277,Metazoa,Arthropoda,Copepoda,Cyclopoida,Oithonidae,Oithona,0,0,TRUE,ASV1040,1,Oithona similis
edna0099,ASV801,motu697,Micropodarke dubia,Hesionid polychaete,species,NA,1,1,1,NA,19,11,6,14,NA,12,Micropodarke dubia,Hesionid polychaete,2018_north_surface,north,kelp,2018-07-17,NA,2018,surface,3,edna_north_30,surface,biological,11,31.8,7.98,10.5,31.89,7.97,4.8,1000,0,51.66736753,-128.1400531,rock,NA,NA,NA,macroalgae,nereocystis,macroalgae_rock,nereocystis_rock,100,1.96163e-160,313,Metazoa,Annelida,Polychaeta,Phyllodocida,Hesionidae,Micropodarke,0,0,TRUE,ASV801,2,Micropodarke dubia
edna0099,ASV944,motu821,Phascolosoma (Phascolosoma) agassizii,Agassiz peanut worm,species,NA,1,NA,NA,NA,11,NA,NA,NA,NA,NA,Phascolosoma (Phascolosoma) agassizii,Agassiz peanut worm,2018_north_surface,north,kelp,2018-07-17,NA,2018,surface,3,edna_north_30,surface,biological,11,31.8,7.98,10.5,31.89,7.97,4.8,1000,0,51.66736753,-128.1400531,rock,NA,NA,NA,macroalgae,nereocystis,macroalgae_rock,nereocystis_rock,100,1.96163e-160,313,Metazoa,Annelida,NA,Sipuncula,Phascolosomatidae,Phascolosoma,0,0,TRUE,ASV944,3,Phascolosoma (Phascolosoma) agassizii
edna0099,ASV3175,motu2541,Arthropoda,Unknown arthropod,phylum,NA,1,NA,NA,NA,4,NA,NA,NA,NA,NA,Arthropoda,Unknown arthropod,2018_north_surface,north,kelp,2018-07-17,NA,2018,surface,3,edna_north_30,surface,biological,11,31.8,7.98,10.5,31.89,7.97,4.8,1000,0,51.66736753,-128.1400531,rock,NA,NA,NA,macroalgae,nereocystis,macroalgae_rock,nereocystis_rock,100,0.014701,29,Metazoa,Arthropoda,NA,NA,NA,NA,NA,NA,TRUE,ASV3175,1,NA
edna0099,ASV3232,motu334,Synchaeta pectinata,Rotifer,species,NA,1,NA,NA,NA,6,NA,NA,NA,NA,NA,Synchaeta pectinata,Rotifer,2018_north_surface,north,kelp,2018-07-17,NA,2018,surface,3,edna_north_30,surface,biological,11,31.8,7.98,10.5,31.89,7.97,4.8,1000,0,51.66736753,-128.1400531,rock,NA,NA,NA,macroalgae,nereocystis,macroalgae_rock,nereocystis_rock,90.16,7.65451e-110,222,Metazoa,Rotifera,Eurotatoria,Ploima,Synchaetidae,Synchaeta,0,0,TRUE,ASV377,5,Synchaeta pectinata
edna0099,ASV4094,motu3212,Humilaria kennerleyi,Kennerleys venus,species,NA,1,NA,NA,NA,14,NA,NA,NA,NA,NA,Humilaria kennerleyi,Kennerleys venus,2018_north_surface,north,kelp,2018-07-17,NA,2018,surface,3,edna_north_30,surface,biological,11,31.8,7.98,10.5,31.89,7.97,4.8,1000,0,51.66736753,-128.1400531,rock,NA,NA,NA,macroalgae,nereocystis,macroalgae_rock,nereocystis_rock,100,5.334159999999996e-156,305,Metazoa,Mollusca,Bivalvia,Venerida,Veneridae,Humilaria,0,0,TRUE,ASV4094,1,Humilaria kennerleyi
edna0099,ASV7028,motu583,Synchaeta triophthalma,Rotifer,species,NA,1,NA,NA,NA,5,NA,NA,NA,NA,NA,Synchaeta triophthalma,Rotifer,2018_north_surface,north,kelp,2018-07-17,NA,2018,surface,3,edna_north_30,surface,biological,11,31.8,7.98,10.5,31.89,7.97,4.8,1000,0,51.66736753,-128.1400531,rock,NA,NA,NA,macroalgae,nereocystis,macroalgae_rock,nereocystis_rock,91.67,1.6665299999999995e-116,234,Metazoa,Rotifera,Eurotatoria,Ploima,Synchaetidae,Synchaeta,0,0,TRUE,ASV670,4,Synchaeta triophthalma
edna0102,ASV343,motu303,Pseudocalanus mimus,Calanoid copepod,species,NA,1,NA,NA,NA,50,NA,NA,NA,NA,NA,Pseudocalanus mimus,Calanoid copepod,2018_koe3_surface,koe3,beach_seine,2018-07-20,2018-07-18,2018,surface,3,edna_koe3_30,surface,biological,14.3,34.4,8.08,12.9,28.38,8.15,2,1000,0,51.77580035,-127.8788341,sand,n,90,p,macroalgae,nereocystis,macroalgae_sand,nereocystis_sand,99.67,9.19139e-154,301,Metazoa,Arthropoda,Copepoda,Calanoida,Clausocalanidae,Pseudocalanus,0,0,TRUE,ASV343,11,Pseudocalanus mimus
edna0102,ASV171,motu150,Pseudocalanus mimus,Calanoid copepod,species,NA,1,1,1,NA,50,22,NA,NA,NA,37,Pseudocalanus mimus,Calanoid copepod,2018_koe3_surface,koe3,beach_seine,2018-07-20,2018-07-18,2018,surface,3,edna_koe3_30,surface,biological,14.3,34.4,8.08,12.9,28.38,8.15,2,1000,0,51.77580035,-127.8788341,sand,n,90,p,macroalgae,nereocystis,macroalgae_sand,nereocystis_sand,99.67,9.19139e-154,301,Metazoa,Arthropoda,Copepoda,Calanoida,Clausocalanidae,Pseudocalanus,0,0,TRUE,ASV171,10,Pseudocalanus mimus
edna0102,ASV226,motu199,Mytilus trossulus,Bay mussel,species,NA,1,NA,1,NA,84,NA,111,217,NA,132,Mytilus trossulus,Bay mussel,2018_koe3_surface,koe3,beach_seine,2018-07-20,2018-07-18,2018,surface,3,edna_koe3_30,surface,biological,14.3,34.4,8.08,12.9,28.38,8.15,2,1000,0,51.77580035,-127.8788341,sand,n,90,p,macroalgae,nereocystis,macroalgae_sand,nereocystis_sand,100,3.2351099999999996e-158,309,Metazoa,Mollusca,Mollusca,Mytilida,Mytilidae,Mytilus,0,0,TRUE,ASV226,18,Mytilus trossulus
edna0102,ASV398,motu350,Synchaeta pectinata,Rotifer,species,NA,1,NA,1,NA,37,NA,NA,NA,NA,13,Synchaeta pectinata,Rotifer,2018_koe3_surface,koe3,beach_seine,2018-07-20,2018-07-18,2018,surface,3,edna_koe3_30,surface,biological,14.3,34.4,8.08,12.9,28.38,8.15,2,1000,0,51.77580035,-127.8788341,sand,n,90,p,macroalgae,nereocystis,macroalgae_sand,nereocystis_sand,90.48,1.6452299999999999e-111,225,Metazoa,Rotifera,Eurotatoria,Ploima,Synchaetidae,Synchaeta,0,0,TRUE,ASV398,4,Synchaeta pectinata
edna0102,ASV377,motu334,Synchaeta pectinata,Rotifer,species,NA,1,NA,1,NA,37,NA,NA,NA,NA,15,Synchaeta pectinata,Rotifer,2018_koe3_surface,koe3,beach_seine,2018-07-20,2018-07-18,2018,surface,3,edna_koe3_30,surface,biological,14.3,34.4,8.08,12.9,28.38,8.15,2,1000,0,51.77580035,-127.8788341,sand,n,90,p,macroalgae,nereocystis,macroalgae_sand,nereocystis_sand,90.48,1.6452299999999999e-111,225,Metazoa,Rotifera,Eurotatoria,Ploima,Synchaetidae,Synchaeta,0,0,TRUE,ASV377,5,Synchaeta pectinata
edna0102,ASV1006,motu281,Pseudocalanus newmani,Calanoid copepod,species,NA,1,NA,NA,NA,87,NA,NA,NA,NA,NA,Pseudocalanus newmani,Calanoid copepod,2018_koe3_surface,koe3,beach_seine,2018-07-20,2018-07-18,2018,surface,3,edna_koe3_30,surface,biological,14.3,34.4,8.08,12.9,28.38,8.15,2,1000,0,51.77580035,-127.8788341,sand,n,90,p,macroalgae,nereocystis,macroalgae_sand,nereocystis_sand,99.68,9.126599999999999e-159,310,Metazoa,Arthropoda,Copepoda,Calanoida,Clausocalanidae,Pseudocalanus,0,0,TRUE,ASV320,6,Pseudocalanus newmani
edna0102,ASV1186,motu1014,Corophiidae,Amphipod,family,NA,1,NA,NA,NA,17,NA,NA,NA,NA,NA,Corophiidae,Amphipod,2018_koe3_surface,koe3,beach_seine,2018-07-20,2018-07-18,2018,surface,3,edna_koe3_30,surface,biological,14.3,34.4,8.08,12.9,28.38,8.15,2,1000,0,51.77580035,-127.8788341,sand,n,90,p,macroalgae,nereocystis,macroalgae_sand,nereocystis_sand,98.72,9.19139e-154,301,Metazoa,Arthropoda,Malacostraca,Amphipoda,Corophiidae,NA,0,0,TRUE,ASV1186,2,NA
edna0102,ASV801,motu697,Micropodarke dubia,Hesionid polychaete,species,NA,1,1,1,NA,11,4,NA,39,NA,12,Micropodarke dubia,Hesionid polychaete,2018_koe3_surface,koe3,beach_seine,2018-07-20,2018-07-18,2018,surface,3,edna_koe3_30,surface,biological,14.3,34.4,8.08,12.9,28.38,8.15,2,1000,0,51.77580035,-127.8788341,sand,n,90,p,macroalgae,nereocystis,macroalgae_sand,nereocystis_sand,100,1.96163e-160,313,Metazoa,Annelida,Polychaeta,Phyllodocida,Hesionidae,Micropodarke,0,0,TRUE,ASV801,2,Micropodarke dubia
edna0102,ASV2147,motu1769,Asteriidae,Sea star,family,NA,1,NA,NA,NA,5,NA,NA,NA,NA,NA,Asteriidae,Sea star,2018_koe3_surface,koe3,beach_seine,2018-07-20,2018-07-18,2018,surface,3,edna_koe3_30,surface,biological,14.3,34.4,8.08,12.9,28.38,8.15,2,1000,0,51.77580035,-127.8788341,sand,n,90,p,macroalgae,nereocystis,macroalgae_sand,nereocystis_sand,100,1.96163e-160,313,Metazoa,Echinodermata,Echinodermata,Forcipulatida,Asteriidae,NA,0,0,TRUE,ASV2147,1,NA
edna0102,ASV2773,motu2242,Diplostomida,Flatworm,order,NA,1,NA,NA,NA,5,NA,NA,NA,NA,NA,Diplostomida,Flatworm,2018_koe3_surface,koe3,beach_seine,2018-07-20,2018-07-18,2018,surface,3,edna_koe3_30,surface,biological,14.3,34.4,8.08,12.9,28.38,8.15,2,1000,0,51.77580035,-127.8788341,sand,n,90,p,macroalgae,nereocystis,macroalgae_sand,nereocystis_sand,96.88,0.0144888,29,Metazoa,Platyhelminthes,Platyhelminthes,Diplostomida,NA,NA,0,0,TRUE,ASV2773,1,NA
edna0102,ASV3159,motu470,Paracalanus,Calanoid copepod,genus,NA,1,NA,NA,NA,23,NA,NA,NA,NA,NA,Paracalanus parvus parvus,Calanoid copepod,2018_koe3_surface,koe3,beach_seine,2018-07-20,2018-07-18,2018,surface,3,edna_koe3_30,surface,biological,14.3,34.4,8.08,12.9,28.38,8.15,2,1000,0,51.77580035,-127.8788341,sand,n,90,p,macroalgae,nereocystis,macroalgae_sand,nereocystis_sand,99.34,5.31212e-151,296,Metazoa,Arthropoda,Arthropoda,Calanoida,Paracalanidae,Paracalanus,0,0,TRUE,ASV536,6,NA
edna0102,ASV3243,motu2593,Halichondria (Halichondria) panicea,Breadcrumb sponge species,species,NA,1,NA,NA,NA,5,NA,NA,NA,NA,NA,Halichondria (Halichondria) panicea,Breadcrumb sponge species,2018_koe3_surface,koe3,beach_seine,2018-07-20,2018-07-18,2018,surface,3,edna_koe3_30,surface,biological,14.3,34.4,8.08,12.9,28.38,8.15,2,1000,0,51.77580035,-127.8788341,sand,n,90,p,macroalgae,nereocystis,macroalgae_sand,nereocystis_sand,99.33,6.819989999999996e-150,294,Metazoa,Porifera,Demospongiae,Suberitida,Halichondriidae,Halichondria,0,0,TRUE,ASV3243,1,Halichondria (Halichondria) panicea
edna0102,ASV1698,motu1419,Aurelia labiata,Moon jelly species,species,NA,1,NA,1,NA,41,NA,NA,NA,NA,37,Aurelia labiata,Moon jelly species,2018_koe3_surface,koe3,beach_seine,2018-07-20,2018-07-18,2018,surface,3,edna_koe3_30,surface,biological,14.3,34.4,8.08,12.9,28.38,8.15,2,1000,0,51.77580035,-127.8788341,sand,n,90,p,macroalgae,nereocystis,macroalgae_sand,nereocystis_sand,99.36,4.246189999999999e-157,307,Metazoa,Cnidaria,Scyphozoa,Semaeostomeae,Ulmaridae,Aurelia,0,0,TRUE,ASV1698,4,Aurelia labiata
edna0102,ASV3893,motu3058,Corophiidae,Amphipod,family,NA,1,NA,NA,NA,27,NA,NA,NA,NA,NA,Corophiidae,Amphipod,2018_koe3_surface,koe3,beach_seine,2018-07-20,2018-07-18,2018,surface,3,edna_koe3_30,surface,biological,14.3,34.4,8.08,12.9,28.38,8.15,2,1000,0,51.77580035,-127.8788341,sand,n,90,p,macroalgae,nereocystis,macroalgae_sand,nereocystis_sand,98.71,1.51583e-151,297,Metazoa,Arthropoda,Malacostraca,Amphipoda,Corophiidae,NA,0,0,TRUE,ASV3893,1,NA
edna0102,ASV3978,motu1890,Braconidae,Hexapod,family,NA,1,NA,1,NA,21,NA,27,NA,NA,NA,Insecta,Hexapod,2018_koe3_surface,koe3,beach_seine,2018-07-20,2018-07-18,2018,surface,3,edna_koe3_30,surface,biological,14.3,34.4,8.08,12.9,28.38,8.15,2,1000,0,51.77580035,-127.8788341,sand,n,90,p,macroalgae,nereocystis,macroalgae_sand,nereocystis_sand,90.2,6.41781e-46,107,Metazoa,Arthropoda,Arthropoda,Hymenoptera,Braconidae,NA,NA,NA,TRUE,ASV2296,3,NA
edna0102,ASV5299,motu303,Pseudocalanus mimus,Calanoid copepod,species,NA,1,NA,NA,NA,29,NA,NA,NA,NA,NA,Pseudocalanus mimus,Calanoid copepod,2018_koe3_surface,koe3,beach_seine,2018-07-20,2018-07-18,2018,surface,3,edna_koe3_30,surface,biological,14.3,34.4,8.08,12.9,28.38,8.15,2,1000,0,51.77580035,-127.8788341,sand,n,90,p,macroalgae,nereocystis,macroalgae_sand,nereocystis_sand,99.34,4.27634e-152,298,Metazoa,Arthropoda,Copepoda,Calanoida,Clausocalanidae,Pseudocalanus,0,0,TRUE,ASV343,11,Pseudocalanus mimus
edna0102,ASV5619,motu4313,Semibalanus cariosus,Thatched barnacle,species,NA,1,NA,NA,NA,5,NA,NA,NA,NA,NA,Semibalanus cariosus,Thatched barnacle,2018_koe3_surface,koe3,beach_seine,2018-07-20,2018-07-18,2018,surface,3,edna_koe3_30,surface,biological,14.3,34.4,8.08,12.9,28.38,8.15,2,1000,0,51.77580035,-127.8788341,sand,n,90,p,macroalgae,nereocystis,macroalgae_sand,nereocystis_sand,100,1.96163e-160,313,Metazoa,Arthropoda,Thecostraca,Balanomorpha,Balanidae,Semibalanus,0,0,TRUE,ASV5619,1,Semibalanus cariosus
edna0102,ASV5998,motu4614,Balclutha,Hexapod,genus,NA,1,NA,NA,NA,7,NA,NA,NA,NA,NA,Balclutha,Hexapod,2018_koe3_surface,koe3,beach_seine,2018-07-20,2018-07-18,2018,surface,3,edna_koe3_30,surface,biological,14.3,34.4,8.08,12.9,28.38,8.15,2,1000,0,51.77580035,-127.8788341,sand,n,90,p,macroalgae,nereocystis,macroalgae_sand,nereocystis_sand,94.44,0.00408744,30,Metazoa,Arthropoda,Arthropoda,Hemiptera,Cicadellidae,Balclutha,NA,NA,TRUE,ASV5998,1,NA
edna0102,ASV7040,motu5484,Platygastroidea,Hexapod,family,NA,1,NA,NA,NA,3,NA,NA,NA,NA,NA,Platygastroidea,Hexapod,2018_koe3_surface,koe3,beach_seine,2018-07-20,2018-07-18,2018,surface,3,edna_koe3_30,surface,biological,14.3,34.4,8.08,12.9,28.38,8.15,2,1000,0,51.77580035,-127.8788341,sand,n,90,p,macroalgae,nereocystis,macroalgae_sand,nereocystis_sand,91.8,1.45728e-12,47,Metazoa,Arthropoda,Arthropoda,Hymenoptera,Platygastroidea,NA,NA,NA,TRUE,ASV7040,1,NA
edna0102,ASV7290,motu5694,Semibalanus cariosus,Thatched barnacle,species,NA,1,NA,NA,NA,4,NA,NA,NA,NA,NA,Semibalanus cariosus,Thatched barnacle,2018_koe3_surface,koe3,beach_seine,2018-07-20,2018-07-18,2018,surface,3,edna_koe3_30,surface,biological,14.3,34.4,8.08,12.9,28.38,8.15,2,1000,0,51.77580035,-127.8788341,sand,n,90,p,macroalgae,nereocystis,macroalgae_sand,nereocystis_sand,100,2.0011299999999987e-160,313,Metazoa,Arthropoda,Thecostraca,Balanomorpha,Balanidae,Semibalanus,0,0,TRUE,ASV7290,1,Semibalanus cariosus
edna0102,ASV7584,motu5948,Platygastroidea,Hexapod,family,NA,1,NA,NA,NA,3,NA,NA,NA,NA,NA,Platygastroidea,Hexapod,2018_koe3_surface,koe3,beach_seine,2018-07-20,2018-07-18,2018,surface,3,edna_koe3_30,surface,biological,14.3,34.4,8.08,12.9,28.38,8.15,2,1000,0,51.77580035,-127.8788341,sand,n,90,p,macroalgae,nereocystis,macroalgae_sand,nereocystis_sand,93.44,1.14306e-13,49,Metazoa,Arthropoda,Arthropoda,Hymenoptera,Platygastroidea,NA,NA,NA,TRUE,ASV7584,1,NA
edna0103,ASV258,motu228,Lensia,Siphonophore,genus,NA,1,NA,NA,NA,9,NA,NA,NA,NA,NA,Lensia,Siphonophore,2018_koe1_surface,koe1,beach_seine,2018-07-20,2018-07-18,2018,surface,1,edna_koe1_00,surface,biological,14.6,22.86,8.4,11.1,30.49,8.07,2.9,1000,0,51.77287511,-127.8757811,sand,y,500,p,none,none,none_sand,none_sand,100,0.00408744,30,Metazoa,Cnidaria,Cnidaria,Siphonophorae,Diphyidae,Lensia,0,0,TRUE,ASV258,1,NA
edna0103,ASV226,motu199,Mytilus trossulus,Bay mussel,species,NA,1,1,1,NA,47,35,59,114,NA,NA,Mytilus trossulus,Bay mussel,2018_koe1_surface,koe1,beach_seine,2018-07-20,2018-07-18,2018,surface,1,edna_koe1_00,surface,biological,14.6,22.86,8.4,11.1,30.49,8.07,2.9,1000,0,51.77287511,-127.8757811,sand,y,500,p,none,none,none_sand,none_sand,100,3.2351099999999996e-158,309,Metazoa,Mollusca,Mollusca,Mytilida,Mytilidae,Mytilus,0,0,TRUE,ASV226,18,Mytilus trossulus
edna0103,ASV447,motu394,Balanus glandula,Acorn barnacle,species,NA,1,NA,NA,NA,25,NA,NA,NA,NA,NA,Balanus glandula,Acorn barnacle,2018_koe1_surface,koe1,beach_seine,2018-07-20,2018-07-18,2018,surface,1,edna_koe1_00,surface,biological,14.6,22.86,8.4,11.1,30.49,8.07,2.9,1000,0,51.77287511,-127.8757811,sand,y,500,p,none,none,none_sand,none_sand,100,3.2351099999999996e-158,309,Metazoa,Arthropoda,Thecostraca,Balanomorpha,Balanidae,Balanus,0,0,TRUE,ASV447,12,Balanus glandula
edna0103,ASV280,motu190,Mytilus,Mussel species,genus,NA,1,NA,1,NA,43,NA,NA,69,NA,88,Mytilus trossulus,Bay mussel,2018_koe1_surface,koe1,beach_seine,2018-07-20,2018-07-18,2018,surface,1,edna_koe1_00,surface,biological,14.6,22.86,8.4,11.1,30.49,8.07,2.9,1000,0,51.77287511,-127.8757811,sand,y,500,p,none,none,none_sand,none_sand,100,3.2351099999999996e-158,309,Metazoa,Mollusca,Mollusca,Mytilida,Mytilidae,Mytilus,0,0,TRUE,ASV216,23,NA
edna0103,ASV623,motu543,Balanus,Barnacle species,genus,NA,1,NA,1,NA,17,NA,NA,9,NA,NA,Balanus,Barnacle species,2018_koe1_surface,koe1,beach_seine,2018-07-20,2018-07-18,2018,surface,1,edna_koe1_00,surface,biological,14.6,22.86,8.4,11.1,30.49,8.07,2.9,1000,0,51.77287511,-127.8757811,sand,y,500,p,none,none,none_sand,none_sand,100,1.4886099999999998e-156,306,Metazoa,Arthropoda,Arthropoda,Balanomorpha,Balanidae,Balanus,0,0,TRUE,ASV623,7,NA
edna0103,ASV1095,motu942,Balanus,Barnacle species,genus,NA,1,NA,NA,NA,17,NA,NA,NA,NA,NA,Balanus,Barnacle species,2018_koe1_surface,koe1,beach_seine,2018-07-20,2018-07-18,2018,surface,1,edna_koe1_00,surface,biological,14.6,22.86,8.4,11.1,30.49,8.07,2.9,1000,0,51.77287511,-127.8757811,sand,y,500,p,none,none,none_sand,none_sand,100,1.4886099999999998e-156,306,Metazoa,Arthropoda,Arthropoda,Balanomorpha,Balanidae,Balanus,0,0,TRUE,ASV1095,4,NA
edna0103,ASV1502,motu1269,Oithona similis,Cyclopoid copepod,species,NA,1,NA,1,NA,23,NA,NA,16,NA,NA,Oithona similis,Cyclopoid copepod,2018_koe1_surface,koe1,beach_seine,2018-07-20,2018-07-18,2018,surface,1,edna_koe1_00,surface,biological,14.6,22.86,8.4,11.1,30.49,8.07,2.9,1000,0,51.77287511,-127.8757811,sand,y,500,p,none,none,none_sand,none_sand,96.17,2.0179399999999996e-140,277,Metazoa,Arthropoda,Copepoda,Cyclopoida,Oithonidae,Oithona,0,0,TRUE,ASV1502,1,Oithona similis
edna0103,ASV1040,motu897,Oithona similis,Cyclopoid copepod,species,NA,1,NA,1,NA,11,NA,9,23,NA,19,Oithona similis,Cyclopoid copepod,2018_koe1_surface,koe1,beach_seine,2018-07-20,2018-07-18,2018,surface,1,edna_koe1_00,surface,biological,14.6,22.86,8.4,11.1,30.49,8.07,2.9,1000,0,51.77287511,-127.8757811,sand,y,500,p,none,none,none_sand,none_sand,96.17,2.0179399999999996e-140,277,Metazoa,Arthropoda,Copepoda,Cyclopoida,Oithonidae,Oithona,0,0,TRUE,ASV1040,1,Oithona similis
edna0103,ASV2296,motu1890,Insecta,Hexapod,class,NA,1,NA,NA,NA,7,NA,NA,NA,NA,NA,Insecta,Hexapod,2018_koe1_surface,koe1,beach_seine,2018-07-20,2018-07-18,2018,surface,1,edna_koe1_00,surface,biological,14.6,22.86,8.4,11.1,30.49,8.07,2.9,1000,0,51.77287511,-127.8757811,sand,y,500,p,none,none,none_sand,none_sand,90.91,1.07393e-43,103,Metazoa,Arthropoda,Arthropoda,NA,NA,NA,NA,NA,TRUE,ASV2296,3,NA
edna0103,ASV2618,motu2123,Insecta,Hexapod,class,NA,1,NA,NA,NA,8,NA,NA,NA,NA,NA,Insecta,Hexapod,2018_koe1_surface,koe1,beach_seine,2018-07-20,2018-07-18,2018,surface,1,edna_koe1_00,surface,biological,14.6,22.86,8.4,11.1,30.49,8.07,2.9,1000,0,51.77287511,-127.8757811,sand,y,500,p,none,none,none_sand,none_sand,90.91,1.07393e-43,103,Metazoa,Arthropoda,Arthropoda,NA,NA,NA,NA,NA,TRUE,ASV2618,2,NA
edna0103,ASV2274,motu1873,Paracalanus,Calanoid copepod,genus,NA,1,NA,1,NA,5,NA,NA,4,NA,NA,Paracalanus,Calanoid copepod,2018_koe1_surface,koe1,beach_seine,2018-07-20,2018-07-18,2018,surface,1,edna_koe1_00,surface,biological,14.6,22.86,8.4,11.1,30.49,8.07,2.9,1000,0,51.77287511,-127.8757811,sand,y,500,p,none,none,none_sand,none_sand,99.68,9.126599999999999e-159,310,Metazoa,Arthropoda,Arthropoda,Calanoida,Paracalanidae,Paracalanus,0,0,TRUE,ASV2274,1,NA
edna0103,ASV3669,motu1837,Balanus glandula,Acorn barnacle,species,NA,1,NA,NA,NA,23,NA,NA,NA,NA,NA,Balanus glandula,Acorn barnacle,2018_koe1_surface,koe1,beach_seine,2018-07-20,2018-07-18,2018,surface,1,edna_koe1_00,surface,biological,14.6,22.86,8.4,11.1,30.49,8.07,2.9,1000,0,51.77287511,-127.8757811,sand,y,500,p,none,none,none_sand,none_sand,99.68,1.5051499999999994e-156,306,Metazoa,Arthropoda,Thecostraca,Balanomorpha,Balanidae,Balanus,0,0,TRUE,ASV2229,2,Balanus glandula
edna0103,ASV2757,motu2230,Diplostomida,Flatworm,order,NA,1,1,NA,NA,6,3,NA,NA,NA,NA,Diplostomida,Flatworm,2018_koe1_surface,koe1,beach_seine,2018-07-20,2018-07-18,2018,surface,1,edna_koe1_00,surface,biological,14.6,22.86,8.4,11.1,30.49,8.07,2.9,1000,0,51.77287511,-127.8757811,sand,y,500,p,none,none,none_sand,none_sand,96.88,0.0144888,29,Metazoa,Platyhelminthes,Platyhelminthes,Diplostomida,NA,NA,0,0,TRUE,ASV2757,1,NA
edna0103,ASV3532,motu2807,Pachylaelapidae,Mite,genus,NA,1,NA,NA,NA,6,NA,NA,NA,NA,NA,Pachylaelapidae,Mite,2018_koe1_surface,koe1,beach_seine,2018-07-20,2018-07-18,2018,surface,1,edna_koe1_00,surface,biological,14.6,22.86,8.4,11.1,30.49,8.07,2.9,1000,0,51.77287511,-127.8757811,sand,y,500,p,none,none,none_sand,none_sand,100,0.00408744,30,Metazoa,Arthropoda,Arthropoda,Mesostigmata,NA,Pachylaelapidae,NA,NA,TRUE,ASV3532,1,NA
edna0103,ASV2056,motu1702,Corophiidae,Amphipod,family,NA,1,NA,NA,NA,28,NA,NA,NA,NA,NA,Corophiidae,Amphipod,2018_koe1_surface,koe1,beach_seine,2018-07-20,2018-07-18,2018,surface,1,edna_koe1_00,surface,biological,14.6,22.86,8.4,11.1,30.49,8.07,2.9,1000,0,51.77287511,-127.8757811,sand,y,500,p,none,none,none_sand,none_sand,98.71,1.1804e-152,299,Metazoa,Arthropoda,Malacostraca,Amphipoda,Corophiidae,NA,0,0,TRUE,ASV2056,1,NA
edna0103,ASV3893,motu3058,Corophiidae,Amphipod,family,NA,1,NA,NA,NA,18,NA,NA,NA,NA,NA,Corophiidae,Amphipod,2018_koe1_surface,koe1,beach_seine,2018-07-20,2018-07-18,2018,surface,1,edna_koe1_00,surface,biological,14.6,22.86,8.4,11.1,30.49,8.07,2.9,1000,0,51.77287511,-127.8757811,sand,y,500,p,none,none,none_sand,none_sand,98.71,1.51583e-151,297,Metazoa,Arthropoda,Malacostraca,Amphipoda,Corophiidae,NA,0,0,TRUE,ASV3893,1,NA
edna0103,ASV5302,motu4072,Paranais,Freshwater oligochaete,genus,NA,1,NA,NA,NA,11,NA,NA,NA,NA,NA,Paranais,Freshwater oligochaete,2018_koe1_surface,koe1,beach_seine,2018-07-20,2018-07-18,2018,surface,1,edna_koe1_00,surface,biological,14.6,22.86,8.4,11.1,30.49,8.07,2.9,1000,0,51.77287511,-127.8757811,sand,y,500,p,none,none,none_sand,none_sand,90.85,2.6449e-109,221,Metazoa,Annelida,Annelida,Tubificida,Naididae,Paranais,0,0,TRUE,ASV5302,2,NA
edna0103,ASV5004,motu3865,Synchaeta cecilia,Rotifer,species,NA,1,1,NA,NA,21,9,NA,NA,NA,NA,Synchaeta cecilia,Rotifer,2018_koe1_surface,koe1,beach_seine,2018-07-20,2018-07-18,2018,surface,1,edna_koe1_00,surface,biological,14.6,22.86,8.4,11.1,30.49,8.07,2.9,1000,0,51.77287511,-127.8757811,sand,y,500,p,none,none,none_sand,none_sand,90.06,3.51042e-108,219,Metazoa,Rotifera,Eurotatoria,Ploima,Synchaetidae,Synchaeta,0,0,TRUE,ASV5004,1,Synchaeta cecilia
edna0103,ASV3774,motu2971,Paranais,Freshwater oligochaete,genus,NA,1,NA,NA,NA,8,NA,NA,NA,NA,NA,Paranais,Freshwater oligochaete,2018_koe1_surface,koe1,beach_seine,2018-07-20,2018-07-18,2018,surface,1,edna_koe1_00,surface,biological,14.6,22.86,8.4,11.1,30.49,8.07,2.9,1000,0,51.77287511,-127.8757811,sand,y,500,p,none,none,none_sand,none_sand,90.85,2.6449e-109,221,Metazoa,Annelida,Annelida,Tubificida,Naididae,Paranais,0,0,TRUE,ASV3774,2,NA
edna0103,ASV3982,motu3128,Proctotrupidae,Hexapod,genus,NA,1,NA,NA,NA,3,NA,NA,NA,NA,NA,Proctotrupidae,Hexapod,2018_koe1_surface,koe1,beach_seine,2018-07-20,2018-07-18,2018,surface,1,edna_koe1_00,surface,biological,14.6,22.86,8.4,11.1,30.49,8.07,2.9,1000,0,51.77287511,-127.8757811,sand,y,500,p,none,none,none_sand,none_sand,100,6.79151e-6,35,Metazoa,Arthropoda,Arthropoda,Hymenoptera,Proctotrupoidea,Proctotrupidae,NA,NA,TRUE,ASV3982,1,NA
edna0103,ASV7017,motu5463,Chaetognatha,Arrow worm,phylum,NA,1,NA,NA,NA,5,NA,NA,NA,NA,NA,Chaetognatha,Arrow worm,2018_koe1_surface,koe1,beach_seine,2018-07-20,2018-07-18,2018,surface,1,edna_koe1_00,surface,biological,14.6,22.86,8.4,11.1,30.49,8.07,2.9,1000,0,51.77287511,-127.8757811,sand,y,500,p,none,none,none_sand,none_sand,93.53,1.74467e-76,162,Metazoa,Chaetognatha,NA,NA,NA,NA,0,0,TRUE,ASV7017,1,NA
edna0103,ASV7040,motu5484,Platygastroidea,Hexapod,family,NA,1,NA,NA,NA,3,NA,NA,NA,NA,NA,Platygastroidea,Hexapod,2018_koe1_surface,koe1,beach_seine,2018-07-20,2018-07-18,2018,surface,1,edna_koe1_00,surface,biological,14.6,22.86,8.4,11.1,30.49,8.07,2.9,1000,0,51.77287511,-127.8757811,sand,y,500,p,none,none,none_sand,none_sand,91.8,1.45728e-12,47,Metazoa,Arthropoda,Arthropoda,Hymenoptera,Platygastroidea,NA,NA,NA,TRUE,ASV7040,1,NA
edna0104,ASV258,motu228,Lensia,Siphonophore,genus,NA,1,NA,NA,NA,20,NA,NA,NA,NA,NA,Lensia,Siphonophore,2018_koe1_surface,koe1,beach_seine,2018-07-20,2018-07-18,2018,surface,2,edna_koe1_15,surface,biological,14.6,22.81,8.03,11.3,30.52,8.08,2.3,1000,0,51.77258216,-127.8758992,sand,y,500,p,none,none,none_sand,none_sand,100,0.00408744,30,Metazoa,Cnidaria,Cnidaria,Siphonophorae,Diphyidae,Lensia,0,0,TRUE,ASV258,1,NA
edna0104,ASV280,motu190,Mytilus,Mussel species,genus,NA,1,NA,1,NA,99,NA,NA,201,NA,NA,Mytilus trossulus,Bay mussel,2018_koe1_surface,koe1,beach_seine,2018-07-20,2018-07-18,2018,surface,2,edna_koe1_15,surface,biological,14.6,22.81,8.03,11.3,30.52,8.08,2.3,1000,0,51.77258216,-127.8758992,sand,y,500,p,none,none,none_sand,none_sand,100,3.2351099999999996e-158,309,Metazoa,Mollusca,Mollusca,Mytilida,Mytilidae,Mytilus,0,0,TRUE,ASV216,23,NA
edna0104,ASV354,motu313,Mitrocoma cellularia,Cross jelly,species,NA,1,NA,1,NA,7,NA,NA,16,NA,NA,Mitrocoma cellularia,Cross jelly,2018_koe1_surface,koe1,beach_seine,2018-07-20,2018-07-18,2018,surface,2,edna_koe1_15,surface,biological,14.6,22.81,8.03,11.3,30.52,8.08,2.3,1000,0,51.77258216,-127.8758992,sand,y,500,p,none,none,none_sand,none_sand,100,1.4886099999999998e-156,306,Metazoa,Cnidaria,Hydrozoa,Leptothecata,Mitrocomidae,Mitrocoma,0,0,TRUE,ASV354,2,Mitrocoma cellularia
edna0104,ASV1196,motu537,Mitrocoma cellularia,Cross jelly,species,NA,1,NA,NA,NA,10,NA,NA,NA,NA,NA,Mitrocoma cellularia,Cross jelly,2018_koe1_surface,koe1,beach_seine,2018-07-20,2018-07-18,2018,surface,2,edna_koe1_15,surface,biological,14.6,22.81,8.03,11.3,30.52,8.08,2.3,1000,0,51.77258216,-127.8758992,sand,y,500,p,none,none,none_sand,none_sand,99.67,6.925819999999995e-155,303,Metazoa,Cnidaria,Hydrozoa,Leptothecata,Mitrocomidae,Mitrocoma,0,0,TRUE,ASV616,6,Mitrocoma cellularia
edna0104,ASV623,motu543,Balanus,Barnacle species,genus,NA,1,NA,NA,NA,6,NA,NA,NA,NA,NA,Balanus,Barnacle species,2018_koe1_surface,koe1,beach_seine,2018-07-20,2018-07-18,2018,surface,2,edna_koe1_15,surface,biological,14.6,22.81,8.03,11.3,30.52,8.08,2.3,1000,0,51.77258216,-127.8758992,sand,y,500,p,none,none,none_sand,none_sand,100,1.4886099999999998e-156,306,Metazoa,Arthropoda,Arthropoda,Balanomorpha,Balanidae,Balanus,0,0,TRUE,ASV623,7,NA
edna0104,ASV1095,motu942,Balanus,Barnacle species,genus,NA,1,NA,NA,NA,7,NA,NA,NA,NA,NA,Balanus,Barnacle species,2018_koe1_surface,koe1,beach_seine,2018-07-20,2018-07-18,2018,surface,2,edna_koe1_15,surface,biological,14.6,22.81,8.03,11.3,30.52,8.08,2.3,1000,0,51.77258216,-127.8758992,sand,y,500,p,none,none,none_sand,none_sand,100,1.4886099999999998e-156,306,Metazoa,Arthropoda,Arthropoda,Balanomorpha,Balanidae,Balanus,0,0,TRUE,ASV1095,4,NA
edna0104,ASV713,motu350,Synchaeta pectinata,Rotifer,species,NA,1,NA,NA,NA,9,NA,NA,NA,NA,NA,Synchaeta pectinata,Rotifer,2018_koe1_surface,koe1,beach_seine,2018-07-20,2018-07-18,2018,surface,2,edna_koe1_15,surface,biological,14.6,22.81,8.03,11.3,30.52,8.08,2.3,1000,0,51.77258216,-127.8758992,sand,y,500,p,none,none,none_sand,none_sand,90.79,3.5361899999999996e-113,228,Metazoa,Rotifera,Eurotatoria,Ploima,Synchaetidae,Synchaeta,0,0,TRUE,ASV398,4,Synchaeta pectinata
edna0104,ASV1059,motu911,Pleurobrachia bachei,Pacific sea gooseberry,species,NA,1,NA,1,NA,10,NA,25,20,NA,11,Pleurobrachia bachei,Pacific sea gooseberry,2018_koe1_surface,koe1,beach_seine,2018-07-20,2018-07-18,2018,surface,2,edna_koe1_15,surface,biological,14.6,22.81,8.03,11.3,30.52,8.08,2.3,1000,0,51.77258216,-127.8758992,sand,y,500,p,none,none,none_sand,none_sand,100,1.96163e-160,313,Metazoa,Ctenophora,Tentaculata,Cydippida,Cydippidae,Pleurobrachia,0,0,TRUE,ASV1059,3,Pleurobrachia bachei
edna0104,ASV3356,motu2675,Chaetognatha,Arrow worm,phylum,NA,1,NA,NA,NA,7,NA,NA,NA,NA,NA,Chaetognatha,Arrow worm,2018_koe1_surface,koe1,beach_seine,2018-07-20,2018-07-18,2018,surface,2,edna_koe1_15,surface,biological,14.6,22.81,8.03,11.3,30.52,8.08,2.3,1000,0,51.77258216,-127.8758992,sand,y,500,p,none,none,none_sand,none_sand,98.01,1.6078299999999998e-91,189,Metazoa,Chaetognatha,NA,NA,NA,NA,0,0,TRUE,ASV3356,1,NA
edna0104,ASV3245,motu2595,Corophiidae,Amphipod,family,NA,1,NA,NA,NA,12,NA,NA,NA,NA,NA,Corophiidae,Amphipod,2018_koe1_surface,koe1,beach_seine,2018-07-20,2018-07-18,2018,surface,2,edna_koe1_15,surface,biological,14.6,22.81,8.03,11.3,30.52,8.08,2.3,1000,0,51.77258216,-127.8758992,sand,y,500,p,none,none,none_sand,none_sand,99.36,4.246189999999999e-157,307,Metazoa,Arthropoda,Malacostraca,Amphipoda,Corophiidae,NA,0,0,TRUE,ASV3245,2,NA
edna0104,ASV1859,motu1549,Aurelia,Moon jelly species,genus,NA,1,1,NA,NA,26,30,NA,NA,NA,NA,Aurelia,Moon jelly species,2018_koe1_surface,koe1,beach_seine,2018-07-20,2018-07-18,2018,surface,2,edna_koe1_15,surface,biological,14.6,22.81,8.03,11.3,30.52,8.08,2.3,1000,0,51.77258216,-127.8758992,sand,y,500,p,none,none,none_sand,none_sand,100,1.96163e-160,313,Metazoa,Cnidaria,Cnidaria,Semaeostomeae,Ulmaridae,Aurelia,0,0,TRUE,ASV1859,2,NA
edna0104,ASV2376,motu1949,Euphausia pacifica,North Pacific krill,species,NA,1,NA,1,NA,4,NA,7,NA,NA,NA,Euphausia pacifica,North Pacific krill,2018_koe1_surface,koe1,beach_seine,2018-07-20,2018-07-18,2018,surface,2,edna_koe1_15,surface,biological,14.6,22.81,8.03,11.3,30.52,8.08,2.3,1000,0,51.77258216,-127.8758992,sand,y,500,p,none,none,none_sand,none_sand,100,3.2351099999999996e-158,309,Metazoa,Arthropoda,Malacostraca,Euphausiacea,Euphausiidae,Euphausia,0,0,TRUE,ASV2376,1,Euphausia pacifica
edna0104,ASV5240,motu366,Pseudocalanus mimus,Calanoid copepod,species,NA,1,NA,NA,NA,31,NA,NA,NA,NA,NA,Pseudocalanus mimus,Calanoid copepod,2018_koe1_surface,koe1,beach_seine,2018-07-20,2018-07-18,2018,surface,2,edna_koe1_15,surface,biological,14.6,22.81,8.03,11.3,30.52,8.08,2.3,1000,0,51.77258216,-127.8758992,sand,y,500,p,none,none,none_sand,none_sand,99.67,5.531789999999998e-151,296,Metazoa,Arthropoda,Copepoda,Calanoida,Clausocalanidae,Pseudocalanus,0,0,TRUE,ASV416,7,Pseudocalanus mimus
edna0104,ASV5302,motu4072,Paranais,Freshwater oligochaete,genus,NA,1,NA,NA,NA,6,NA,NA,NA,NA,NA,Paranais,Freshwater oligochaete,2018_koe1_surface,koe1,beach_seine,2018-07-20,2018-07-18,2018,surface,2,edna_koe1_15,surface,biological,14.6,22.81,8.03,11.3,30.52,8.08,2.3,1000,0,51.77258216,-127.8758992,sand,y,500,p,none,none,none_sand,none_sand,90.85,2.6449e-109,221,Metazoa,Annelida,Annelida,Tubificida,Naididae,Paranais,0,0,TRUE,ASV5302,2,NA
edna0104,ASV5087,motu3917,Euryalidae,Brittle star species,family,NA,1,NA,NA,NA,4,NA,NA,NA,NA,NA,Euryalidae,Brittle star species,2018_koe1_surface,koe1,beach_seine,2018-07-20,2018-07-18,2018,surface,2,edna_koe1_15,surface,biological,14.6,22.81,8.03,11.3,30.52,8.08,2.3,1000,0,51.77258216,-127.8758992,sand,y,500,p,none,none,none_sand,none_sand,91.11,8.78538e-5,33,Metazoa,Echinodermata,Echinodermata,Euryalida,Euryalidae,NA,0,0,TRUE,ASV5087,1,NA
edna0104,ASV5912,motu1890,Insecta,Hexapod,class,NA,1,NA,NA,NA,14,NA,NA,NA,NA,NA,Insecta,Hexapod,2018_koe1_surface,koe1,beach_seine,2018-07-20,2018-07-18,2018,surface,2,edna_koe1_15,surface,biological,14.6,22.81,8.03,11.3,30.52,8.08,2.3,1000,0,51.77258216,-127.8758992,sand,y,500,p,none,none,none_sand,none_sand,90.91,1.07393e-43,103,Metazoa,Arthropoda,Arthropoda,NA,NA,NA,NA,NA,TRUE,ASV2296,3,NA
edna0104,ASV5998,motu4614,Balclutha,Hexapod,genus,NA,1,NA,NA,NA,9,NA,NA,NA,NA,NA,Balclutha,Hexapod,2018_koe1_surface,koe1,beach_seine,2018-07-20,2018-07-18,2018,surface,2,edna_koe1_15,surface,biological,14.6,22.81,8.03,11.3,30.52,8.08,2.3,1000,0,51.77258216,-127.8758992,sand,y,500,p,none,none,none_sand,none_sand,94.44,0.00408744,30,Metazoa,Arthropoda,Arthropoda,Hemiptera,Cicadellidae,Balclutha,NA,NA,TRUE,ASV5998,1,NA
edna0104,ASV5053,motu3894,Cicadellidae,Hexapod,family,NA,1,NA,NA,NA,2,NA,NA,NA,NA,NA,Cicadellidae,Hexapod,2018_koe1_surface,koe1,beach_seine,2018-07-20,2018-07-18,2018,surface,2,edna_koe1_15,surface,biological,14.6,22.81,8.03,11.3,30.52,8.08,2.3,1000,0,51.77258216,-127.8758992,sand,y,500,p,none,none,none_sand,none_sand,91.67,1.83561e-26,72,Metazoa,Arthropoda,Arthropoda,Hemiptera,Cicadellidae,NA,NA,NA,TRUE,ASV5053,1,NA
edna0104,ASV7040,motu5484,Platygastroidea,Hexapod,family,NA,1,NA,NA,NA,4,NA,NA,NA,NA,NA,Platygastroidea,Hexapod,2018_koe1_surface,koe1,beach_seine,2018-07-20,2018-07-18,2018,surface,2,edna_koe1_15,surface,biological,14.6,22.81,8.03,11.3,30.52,8.08,2.3,1000,0,51.77258216,-127.8758992,sand,y,500,p,none,none,none_sand,none_sand,91.8,1.45728e-12,47,Metazoa,Arthropoda,Arthropoda,Hymenoptera,Platygastroidea,NA,NA,NA,TRUE,ASV7040,1,NA
edna0104,ASV7843,motu6187,Olividae,Sea snail species,family,NA,1,NA,NA,NA,2,NA,NA,NA,NA,NA,Olividae,Sea snail species,2018_koe1_surface,koe1,beach_seine,2018-07-20,2018-07-18,2018,surface,2,edna_koe1_15,surface,biological,14.6,22.81,8.03,11.3,30.52,8.08,2.3,1000,0,51.77258216,-127.8758992,sand,y,500,p,none,none,none_sand,none_sand,90.16,8.77059e-10,42,Metazoa,Mollusca,Mollusca,Neogastropoda,Olividae,NA,0,0,TRUE,ASV7843,1,NA
edna0105,ASV258,motu228,Lensia,Siphonophore,genus,NA,1,NA,NA,NA,21,NA,NA,NA,NA,NA,Lensia,Siphonophore,2018_koe1_surface,koe1,beach_seine,2018-07-20,2018-07-18,2018,surface,3,edna_koe1_30,surface,biological,14.6,22.64,8.02,12.2,29.48,8.02,2.5,1000,0,51.77230921,-127.87611,sand,y,500,p,none,none,none_sand,none_sand,100,0.00408744,30,Metazoa,Cnidaria,Cnidaria,Siphonophorae,Diphyidae,Lensia,0,0,TRUE,ASV258,1,NA
edna0105,ASV131,motu117,Lensia,Siphonophore,genus,NA,1,NA,1,NA,29,NA,87,53,NA,110,Lensia,Siphonophore,2018_koe1_surface,koe1,beach_seine,2018-07-20,2018-07-18,2018,surface,3,edna_koe1_30,surface,biological,14.6,22.64,8.02,12.2,29.48,8.02,2.5,1000,0,51.77230921,-127.87611,sand,y,500,p,none,none,none_sand,none_sand,100,0.00408744,30,Metazoa,Cnidaria,Cnidaria,Siphonophorae,Diphyidae,Lensia,0,0,TRUE,ASV131,2,NA
edna0105,ASV233,motu74,Euchlanidae,Rotifer,family,NA,1,NA,1,NA,73,NA,144,147,NA,98,No Results,No Results,2018_koe1_surface,koe1,beach_seine,2018-07-20,2018-07-18,2018,surface,3,edna_koe1_30,surface,biological,14.6,22.64,8.02,12.2,29.48,8.02,2.5,1000,0,51.77230921,-127.87611,sand,y,500,p,none,none,none_sand,none_sand,91.35,3.005919999999998e-29,77,Metazoa,Rotifera,Rotifera,Ploima,Euchlanidae,NA,1,NA,TRUE,ASV84,2,NA
edna0105,ASV242,motu213,Balanus glandula,Acorn barnacle,species,NA,1,NA,1,NA,22,NA,42,NA,NA,41,Balanus glandula,Acorn barnacle,2018_koe1_surface,koe1,beach_seine,2018-07-20,2018-07-18,2018,surface,3,edna_koe1_30,surface,biological,14.6,22.64,8.02,12.2,29.48,8.02,2.5,1000,0,51.77230921,-127.87611,sand,y,500,p,none,none,none_sand,none_sand,100,3.2351099999999996e-158,309,Metazoa,Arthropoda,Thecostraca,Balanomorpha,Balanidae,Balanus,0,0,TRUE,ASV242,15,Balanus glandula
edna0105,ASV354,motu313,Mitrocoma cellularia,Cross jelly,species,NA,1,NA,1,NA,4,NA,NA,NA,NA,8,Mitrocoma cellularia,Cross jelly,2018_koe1_surface,koe1,beach_seine,2018-07-20,2018-07-18,2018,surface,3,edna_koe1_30,surface,biological,14.6,22.64,8.02,12.2,29.48,8.02,2.5,1000,0,51.77230921,-127.87611,sand,y,500,p,none,none,none_sand,none_sand,100,1.4886099999999998e-156,306,Metazoa,Cnidaria,Hydrozoa,Leptothecata,Mitrocomidae,Mitrocoma,0,0,TRUE,ASV354,2,Mitrocoma cellularia
edna0105,ASV750,motu654,Orobdella,Freshwater leech,genus,NA,1,NA,NA,NA,7,NA,NA,NA,NA,NA,Orobdella,Freshwater leech,2018_koe1_surface,koe1,beach_seine,2018-07-20,2018-07-18,2018,surface,3,edna_koe1_30,surface,biological,14.6,22.64,8.02,12.2,29.48,8.02,2.5,1000,0,51.77230921,-127.87611,sand,y,500,p,none,none,none_sand,none_sand,97.06,0.00121031,31,Metazoa,Annelida,Annelida,Erpobdelliformes,Orobdellidae,Orobdella,NA,NA,TRUE,ASV750,1,NA
edna0105,ASV679,motu591,Phyllodocida,Polychaete,order,NA,1,1,NA,NA,18,7,NA,NA,NA,NA,Phyllodocida,Polychaete,2018_koe1_surface,koe1,beach_seine,2018-07-20,2018-07-18,2018,surface,3,edna_koe1_30,surface,biological,14.6,22.64,8.02,12.2,29.48,8.02,2.5,1000,0,51.77230921,-127.87611,sand,y,500,p,none,none,none_sand,none_sand,100,0.0603188,28,Metazoa,Annelida,Annelida,Phyllodocida,NA,NA,0,0,TRUE,ASV679,1,NA
edna0105,ASV2147,motu1769,Asteriidae,Sea star,family,NA,1,NA,NA,NA,9,NA,NA,NA,NA,NA,Asteriidae,Sea star,2018_koe1_surface,koe1,beach_seine,2018-07-20,2018-07-18,2018,surface,3,edna_koe1_30,surface,biological,14.6,22.64,8.02,12.2,29.48,8.02,2.5,1000,0,51.77230921,-127.87611,sand,y,500,p,none,none,none_sand,none_sand,100,1.96163e-160,313,Metazoa,Echinodermata,Echinodermata,Forcipulatida,Asteriidae,NA,0,0,TRUE,ASV2147,1,NA
edna0105,ASV2296,motu1890,Insecta,Hexapod,class,NA,1,NA,NA,NA,7,NA,NA,NA,NA,NA,Insecta,Hexapod,2018_koe1_surface,koe1,beach_seine,2018-07-20,2018-07-18,2018,surface,3,edna_koe1_30,surface,biological,14.6,22.64,8.02,12.2,29.48,8.02,2.5,1000,0,51.77230921,-127.87611,sand,y,500,p,none,none,none_sand,none_sand,90.91,1.07393e-43,103,Metazoa,Arthropoda,Arthropoda,NA,NA,NA,NA,NA,TRUE,ASV2296,3,NA
edna0105,ASV2618,motu2123,Insecta,Hexapod,class,NA,1,NA,NA,NA,7,NA,NA,NA,NA,NA,Insecta,Hexapod,2018_koe1_surface,koe1,beach_seine,2018-07-20,2018-07-18,2018,surface,3,edna_koe1_30,surface,biological,14.6,22.64,8.02,12.2,29.48,8.02,2.5,1000,0,51.77230921,-127.87611,sand,y,500,p,none,none,none_sand,none_sand,90.91,1.07393e-43,103,Metazoa,Arthropoda,Arthropoda,NA,NA,NA,NA,NA,TRUE,ASV2618,2,NA
edna0105,ASV2757,motu2230,Diplostomida,Flatworm,order,NA,1,NA,1,NA,3,NA,NA,NA,NA,10,Diplostomida,Flatworm,2018_koe1_surface,koe1,beach_seine,2018-07-20,2018-07-18,2018,surface,3,edna_koe1_30,surface,biological,14.6,22.64,8.02,12.2,29.48,8.02,2.5,1000,0,51.77230921,-127.87611,sand,y,500,p,none,none,none_sand,none_sand,96.88,0.0144888,29,Metazoa,Platyhelminthes,Platyhelminthes,Diplostomida,NA,NA,0,0,TRUE,ASV2757,1,NA
edna0105,ASV3386,motu2696,Syllidae,Necklace worm species,family,NA,1,NA,NA,NA,58,NA,NA,NA,NA,NA,Syllidae,Necklace worm species,2018_koe1_surface,koe1,beach_seine,2018-07-20,2018-07-18,2018,surface,3,edna_koe1_30,surface,biological,14.6,22.64,8.02,12.2,29.48,8.02,2.5,1000,0,51.77230921,-127.87611,sand,y,500,p,none,none,none_sand,none_sand,99.68,9.126599999999999e-159,310,Metazoa,Annelida,Polychaeta,Phyllodocida,Syllidae,NA,0,0,TRUE,ASV3386,1,NA
edna0105,ASV4374,motu3413,Syllidae,Necklace worm species,family,NA,1,NA,NA,NA,54,NA,NA,NA,NA,NA,Syllidae,Necklace worm species,2018_koe1_surface,koe1,beach_seine,2018-07-20,2018-07-18,2018,surface,3,edna_koe1_30,surface,biological,14.6,22.64,8.02,12.2,29.48,8.02,2.5,1000,0,51.77230921,-127.87611,sand,y,500,p,none,none,none_sand,none_sand,99.68,9.126599999999999e-159,310,Metazoa,Annelida,Polychaeta,Phyllodocida,Syllidae,NA,0,0,TRUE,ASV4374,1,NA
edna0105,ASV6768,motu5258,Semibalanus cariosus,Thatched barnacle,species,NA,1,NA,NA,NA,9,NA,NA,NA,NA,NA,Semibalanus cariosus,Thatched barnacle,2018_koe1_surface,koe1,beach_seine,2018-07-20,2018-07-18,2018,surface,3,edna_koe1_30,surface,biological,14.6,22.64,8.02,12.2,29.48,8.02,2.5,1000,0,51.77230921,-127.87611,sand,y,500,p,none,none,none_sand,none_sand,100,2.0011299999999987e-160,313,Metazoa,Arthropoda,Thecostraca,Balanomorpha,Balanidae,Semibalanus,0,0,TRUE,ASV6768,1,Semibalanus cariosus
edna0105,ASV6909,motu5377,Paranais litoralis,Freshwater oligochaete,species,NA,1,NA,NA,NA,5,NA,NA,NA,NA,NA,Paranais litoralis,Freshwater oligochaete,2018_koe1_surface,koe1,beach_seine,2018-07-20,2018-07-18,2018,surface,3,edna_koe1_30,surface,biological,14.6,22.64,8.02,12.2,29.48,8.02,2.5,1000,0,51.77230921,-127.87611,sand,y,500,p,none,none,none_sand,none_sand,98.72,9.376469999999999e-154,301,Metazoa,Annelida,Clitellata,Tubificida,Naididae,Paranais,0,0,TRUE,ASV6909,1,Paranais litoralis
edna0105,ASV7584,motu5948,Platygastroidea,Hexapod,family,NA,1,NA,NA,NA,3,NA,NA,NA,NA,NA,Platygastroidea,Hexapod,2018_koe1_surface,koe1,beach_seine,2018-07-20,2018-07-18,2018,surface,3,edna_koe1_30,surface,biological,14.6,22.64,8.02,12.2,29.48,8.02,2.5,1000,0,51.77230921,-127.87611,sand,y,500,p,none,none,none_sand,none_sand,93.44,1.14306e-13,49,Metazoa,Arthropoda,Arthropoda,Hymenoptera,Platygastroidea,NA,NA,NA,TRUE,ASV7584,1,NA
edna0149,ASV772,motu672,Parastenocarididae,Harpacticoid copepod,family,NA,1,NA,NA,NA,13,NA,NA,NA,NA,NA,Parastenocarididae,Harpacticoid copepod,2018_choked-grid_surface,choked grid,seagrass_grid,2018-08-24,NA,2018,surface,2,choked_grid_a2,grid,biological,11.5,31.84,7.96,10.1,32.49,7.87,7,1000,0,51.6749926,-128.1197971,sand,NA,NA,NA,seagrass,zostera,seagrass_sand,zostera_sand,94.59,0.00408744,30,Metazoa,Arthropoda,Arthropoda,Harpacticoida,Parastenocarididae,NA,1,0,TRUE,ASV772,1,NA
edna0149,ASV1384,motu1168,Membranipora membranacea,Coffin box bryozoan,species,NA,1,NA,NA,NA,8,NA,NA,NA,NA,NA,Membranipora membranacea,Coffin box bryozoan,2018_choked-grid_surface,choked grid,seagrass_grid,2018-08-24,NA,2018,surface,2,choked_grid_a2,grid,biological,11.5,31.84,7.96,10.1,32.49,7.87,7,1000,0,51.6749926,-128.1197971,sand,NA,NA,NA,seagrass,zostera,seagrass_sand,zostera_sand,100,9.252979999999995e-139,274,Metazoa,Bryozoa,Gymnolaemata,Cheilostomatida,Membraniporidae,Membranipora,0,0,TRUE,ASV1384,2,Membranipora membranacea
edna0149,ASV1917,motu1595,Arthropoda,Unknown arthropod,phylum,NA,1,NA,NA,NA,3,NA,NA,NA,NA,NA,Arthropoda,Unknown arthropod,2018_choked-grid_surface,choked grid,seagrass_grid,2018-08-24,NA,2018,surface,2,choked_grid_a2,grid,biological,11.5,31.84,7.96,10.1,32.49,7.87,7,1000,0,51.6749926,-128.1197971,sand,NA,NA,NA,seagrass,zostera,seagrass_sand,zostera_sand,95,2.34566e-5,34,Metazoa,Arthropoda,NA,NA,NA,NA,NA,NA,TRUE,ASV1917,1,NA
edna0149,ASV3012,motu2427,Membranipora membranacea,Coffin box bryozoan,species,NA,1,NA,NA,NA,19,NA,NA,NA,NA,NA,Membranipora membranacea,Coffin box bryozoan,2018_choked-grid_surface,choked grid,seagrass_grid,2018-08-24,NA,2018,surface,2,choked_grid_a2,grid,biological,11.5,31.84,7.96,10.1,32.49,7.87,7,1000,0,51.6749926,-128.1197971,sand,NA,NA,NA,seagrass,zostera,seagrass_sand,zostera_sand,99.63,3.26565e-133,264,Metazoa,Bryozoa,Gymnolaemata,Cheilostomatida,Membraniporidae,Membranipora,0,0,TRUE,ASV3012,1,Membranipora membranacea
edna0149,ASV2042,motu1692,Synchaeta grimpei,Rotifer,species,NA,1,NA,NA,NA,7,NA,NA,NA,NA,NA,Synchaeta grimpei,Rotifer,2018_choked-grid_surface,choked grid,seagrass_grid,2018-08-24,NA,2018,surface,2,choked_grid_a2,grid,biological,11.5,31.84,7.96,10.1,32.49,7.87,7,1000,0,51.6749926,-128.1197971,sand,NA,NA,NA,seagrass,zostera,seagrass_sand,zostera_sand,91.45,4.459999999999999e-112,226,Metazoa,Rotifera,Eurotatoria,Ploima,Synchaetidae,Synchaeta,0,0,TRUE,ASV2042,2,Synchaeta grimpei
edna0149,ASV2150,motu1772,Synchaeta grimpei,Rotifer,species,NA,1,NA,1,NA,4,NA,NA,NA,NA,5,Synchaeta grimpei,Rotifer,2018_choked-grid_surface,choked grid,seagrass_grid,2018-08-24,NA,2018,surface,2,choked_grid_a2,grid,biological,11.5,31.84,7.96,10.1,32.49,7.87,7,1000,0,51.6749926,-128.1197971,sand,NA,NA,NA,seagrass,zostera,seagrass_sand,zostera_sand,91.45,4.459999999999999e-112,226,Metazoa,Rotifera,Eurotatoria,Ploima,Synchaetidae,Synchaeta,0,0,TRUE,ASV2150,2,Synchaeta grimpei
edna0149,ASV6147,motu4737,Stylasterias forreri,Velcro star,species,NA,1,NA,NA,NA,7,NA,NA,NA,NA,NA,Stylasterias forreri,Velcro star,2018_choked-grid_surface,choked grid,seagrass_grid,2018-08-24,NA,2018,surface,2,choked_grid_a2,grid,biological,11.5,31.84,7.96,10.1,32.49,7.87,7,1000,0,51.6749926,-128.1197971,sand,NA,NA,NA,seagrass,zostera,seagrass_sand,zostera_sand,100,3.2351099999999996e-158,309,Metazoa,Echinodermata,Asteroidea,Forcipulatida,Asteriidae,Stylasterias,0,0,TRUE,ASV6147,1,Stylasterias forreri
edna0149,ASV6227,motu4802,Stylasterias forreri,Velcro star,species,NA,1,NA,NA,NA,6,NA,NA,NA,NA,NA,Stylasterias forreri,Velcro star,2018_choked-grid_surface,choked grid,seagrass_grid,2018-08-24,NA,2018,surface,2,choked_grid_a2,grid,biological,11.5,31.84,7.96,10.1,32.49,7.87,7,1000,0,51.6749926,-128.1197971,sand,NA,NA,NA,seagrass,zostera,seagrass_sand,zostera_sand,100,3.30025e-158,309,Metazoa,Echinodermata,Asteroidea,Forcipulatida,Asteriidae,Stylasterias,0,0,TRUE,ASV6227,1,Stylasterias forreri
edna0023,ASV605,motu529,Ophiopholis,Brittle star species,genus,NA,1,NA,NA,NA,4,NA,NA,NA,NA,NA,Ophiopholis kennerlyi,Daisy brittle star,2018_chp_depth,chp,beach_seine,2018-07-12,2018-07-10,2018,depth,1,edna_chp_15,depth,biological,NA,NA,NA,NA,NA,NA,3.5,1000,0,51.67628487,-128.1233672,sand,n,35,e,seagrass,zostera,seagrass_sand,zostera_sand,100,1.96163e-160,313,Metazoa,Echinodermata,Echinodermata,Amphilepidida,Ophiopholidae,Ophiopholis,0,0,TRUE,ASV603,6,NA
edna0023,ASV285,motu244,Ophiopholis,Brittle star species,genus,NA,1,NA,NA,NA,7,NA,NA,NA,NA,NA,Ophiopholis kennerlyi,Daisy brittle star,2018_chp_depth,chp,beach_seine,2018-07-12,2018-07-10,2018,depth,1,edna_chp_15,depth,biological,NA,NA,NA,NA,NA,NA,3.5,1000,0,51.67628487,-128.1233672,sand,n,35,e,seagrass,zostera,seagrass_sand,zostera_sand,100,1.96163e-160,313,Metazoa,Echinodermata,Echinodermata,Amphilepidida,Ophiopholidae,Ophiopholis,0,0,TRUE,ASV275,7,NA
edna0023,ASV377,motu334,Synchaeta pectinata,Rotifer,species,NA,1,NA,NA,NA,6,NA,NA,NA,NA,NA,Synchaeta pectinata,Rotifer,2018_chp_depth,chp,beach_seine,2018-07-12,2018-07-10,2018,depth,1,edna_chp_15,depth,biological,NA,NA,NA,NA,NA,NA,3.5,1000,0,51.67628487,-128.1233672,sand,n,35,e,seagrass,zostera,seagrass_sand,zostera_sand,90.48,1.6452299999999999e-111,225,Metazoa,Rotifera,Eurotatoria,Ploima,Synchaetidae,Synchaeta,0,0,TRUE,ASV377,5,Synchaeta pectinata
edna0023,ASV520,motu457,Evasterias troschelii,False ochre star,species,NA,1,NA,NA,NA,3,NA,NA,NA,NA,NA,Evasterias troschelii,False ochre star,2018_chp_depth,chp,beach_seine,2018-07-12,2018-07-10,2018,depth,1,edna_chp_15,depth,biological,NA,NA,NA,NA,NA,NA,3.5,1000,0,51.67628487,-128.1233672,sand,n,35,e,seagrass,zostera,seagrass_sand,zostera_sand,100,1.96163e-160,313,Metazoa,Echinodermata,Asteroidea,Forcipulatida,Asteriidae,Evasterias,0,0,TRUE,ASV520,1,Evasterias troschelii
edna0023,ASV843,motu343,Dodecaceria,Cirratulid polychaete,genus,NA,1,NA,NA,NA,15,NA,NA,NA,NA,NA,Dodecaceria,Cirratulid polychaete,2018_chp_depth,chp,beach_seine,2018-07-12,2018-07-10,2018,depth,1,edna_chp_15,depth,biological,NA,NA,NA,NA,NA,NA,3.5,1000,0,51.67628487,-128.1233672,sand,n,35,e,seagrass,zostera,seagrass_sand,zostera_sand,99.68,9.126599999999999e-159,310,Metazoa,Annelida,Polychaeta,Terebellida,Cirratulidae,Dodecaceria,0,0,TRUE,ASV390,6,NA
edna0023,ASV521,motu458,Sabellariidae,Feather duster worm,family,NA,1,NA,1,NA,34,NA,NA,21,NA,NA,Sabellariidae,Feather duster worm,2018_chp_depth,chp,beach_seine,2018-07-12,2018-07-10,2018,depth,1,edna_chp_15,depth,biological,NA,NA,NA,NA,NA,NA,3.5,1000,0,51.67628487,-128.1233672,sand,n,35,e,seagrass,zostera,seagrass_sand,zostera_sand,99.68,1.5051499999999994e-156,306,Metazoa,Annelida,Polychaeta,NA,Sabellariidae,NA,0,0,TRUE,ASV521,12,NA
edna0023,ASV750,motu654,Orobdella,Freshwater leech,genus,NA,1,NA,1,NA,3,NA,NA,17,NA,15,Orobdella,Freshwater leech,2018_chp_depth,chp,beach_seine,2018-07-12,2018-07-10,2018,depth,1,edna_chp_15,depth,biological,NA,NA,NA,NA,NA,NA,3.5,1000,0,51.67628487,-128.1233672,sand,n,35,e,seagrass,zostera,seagrass_sand,zostera_sand,97.06,0.00121031,31,Metazoa,Annelida,Annelida,Erpobdelliformes,Orobdellidae,Orobdella,NA,NA,TRUE,ASV750,1,NA
edna0023,ASV1187,motu1015,Balanus,Barnacle species,genus,NA,1,NA,NA,NA,3,NA,NA,NA,NA,NA,Balanus,Barnacle species,2018_chp_depth,chp,beach_seine,2018-07-12,2018-07-10,2018,depth,1,edna_chp_15,depth,biological,NA,NA,NA,NA,NA,NA,3.5,1000,0,51.67628487,-128.1233672,sand,n,35,e,seagrass,zostera,seagrass_sand,zostera_sand,100,1.4886099999999998e-156,306,Metazoa,Arthropoda,Arthropoda,Balanomorpha,Balanidae,Balanus,0,0,TRUE,ASV1187,5,NA
edna0023,ASV634,motu517,Balanus,Barnacle species,genus,NA,1,NA,NA,NA,3,NA,NA,NA,NA,NA,Balanus,Barnacle species,2018_chp_depth,chp,beach_seine,2018-07-12,2018-07-10,2018,depth,1,edna_chp_15,depth,biological,NA,NA,NA,NA,NA,NA,3.5,1000,0,51.67628487,-128.1233672,sand,n,35,e,seagrass,zostera,seagrass_sand,zostera_sand,100,1.4886099999999998e-156,306,Metazoa,Arthropoda,Arthropoda,Balanomorpha,Balanidae,Balanus,0,0,TRUE,ASV587,10,NA
edna0023,ASV1384,motu1168,Membranipora membranacea,Coffin box bryozoan,species,NA,1,NA,NA,NA,13,NA,NA,NA,NA,NA,Membranipora membranacea,Coffin box bryozoan,2018_chp_depth,chp,beach_seine,2018-07-12,2018-07-10,2018,depth,1,edna_chp_15,depth,biological,NA,NA,NA,NA,NA,NA,3.5,1000,0,51.67628487,-128.1233672,sand,n,35,e,seagrass,zostera,seagrass_sand,zostera_sand,100,9.252979999999995e-139,274,Metazoa,Bryozoa,Gymnolaemata,Cheilostomatida,Membraniporidae,Membranipora,0,0,TRUE,ASV1384,2,Membranipora membranacea
edna0023,ASV1521,motu1283,Polymorphidae,Thorny headed worm,family,NA,1,NA,NA,NA,9,NA,NA,NA,NA,NA,Polymorphidae,Thorny headed worm,2018_chp_depth,chp,beach_seine,2018-07-12,2018-07-10,2018,depth,1,edna_chp_15,depth,biological,NA,NA,NA,NA,NA,NA,3.5,1000,0,51.67628487,-128.1233672,sand,n,35,e,seagrass,zostera,seagrass_sand,zostera_sand,94.87,8.37307e-5,33,Metazoa,Acanthocephala,Acanthocephala,Polymorphida,Polymorphidae,NA,0,0,TRUE,ASV1521,2,NA
edna0023,ASV801,motu697,Micropodarke dubia,Hesionid polychaete,species,NA,1,NA,NA,NA,6,NA,NA,NA,NA,NA,Micropodarke dubia,Hesionid polychaete,2018_chp_depth,chp,beach_seine,2018-07-12,2018-07-10,2018,depth,1,edna_chp_15,depth,biological,NA,NA,NA,NA,NA,NA,3.5,1000,0,51.67628487,-128.1233672,sand,n,35,e,seagrass,zostera,seagrass_sand,zostera_sand,100,1.96163e-160,313,Metazoa,Annelida,Polychaeta,Phyllodocida,Hesionidae,Micropodarke,0,0,TRUE,ASV801,2,Micropodarke dubia
edna0023,ASV1791,motu1494,Saxidomus nuttalli,California butterclam,species,NA,1,NA,NA,NA,5,NA,NA,NA,NA,NA,Saxidomus nuttalli,California butterclam,2018_chp_depth,chp,beach_seine,2018-07-12,2018-07-10,2018,depth,1,edna_chp_15,depth,biological,NA,NA,NA,NA,NA,NA,3.5,1000,0,51.67628487,-128.1233672,sand,n,35,e,seagrass,zostera,seagrass_sand,zostera_sand,99.68,4.246189999999999e-157,307,Metazoa,Mollusca,Bivalvia,Venerida,Veneridae,Saxidomus,0,0,TRUE,ASV1791,2,Saxidomus nuttalli
edna0023,ASV2058,motu1704,Saccocirrus,Polychaete,genus,NA,1,NA,NA,NA,14,NA,NA,NA,NA,NA,Saccocirrus,Polychaete,2018_chp_depth,chp,beach_seine,2018-07-12,2018-07-10,2018,depth,1,edna_chp_15,depth,biological,NA,NA,NA,NA,NA,NA,3.5,1000,0,51.67628487,-128.1233672,sand,n,35,e,seagrass,zostera,seagrass_sand,zostera_sand,100,1.96163e-160,313,Metazoa,Annelida,Polychaeta,NA,Saccocirridae,Saccocirrus,0,0,TRUE,ASV2058,1,NA
edna0023,ASV1097,motu944,Dodecaceria,Cirratulid polychaete,genus,NA,1,NA,NA,NA,9,NA,NA,NA,NA,NA,Dodecaceria,Cirratulid polychaete,2018_chp_depth,chp,beach_seine,2018-07-12,2018-07-10,2018,depth,1,edna_chp_15,depth,biological,NA,NA,NA,NA,NA,NA,3.5,1000,0,51.67628487,-128.1233672,sand,n,35,e,seagrass,zostera,seagrass_sand,zostera_sand,100,1.96163e-160,313,Metazoa,Annelida,Polychaeta,Terebellida,Cirratulidae,Dodecaceria,0,0,TRUE,ASV1097,6,NA
edna0023,ASV1291,motu1092,Metridium senile,Plumose anemone,species,NA,1,NA,1,NA,35,NA,18,NA,NA,22,Metridium senile,Plumose anemone,2018_chp_depth,chp,beach_seine,2018-07-12,2018-07-10,2018,depth,1,edna_chp_15,depth,biological,NA,NA,NA,NA,NA,NA,3.5,1000,0,51.67628487,-128.1233672,sand,n,35,e,seagrass,zostera,seagrass_sand,zostera_sand,100,1.4886099999999998e-156,306,Metazoa,Cnidaria,Anthozoa,Actiniaria,Metridiidae,Metridium,0,0,TRUE,ASV1291,2,Metridium senile
edna0023,ASV2669,motu1590,Haliotis kamtschatkana,Northern abalone,species,NA,1,NA,NA,NA,14,NA,NA,NA,NA,NA,Haliotis kamtschatkana,Northern abalone,2018_chp_depth,chp,beach_seine,2018-07-12,2018-07-10,2018,depth,1,edna_chp_15,depth,biological,NA,NA,NA,NA,NA,NA,3.5,1000,0,51.67628487,-128.1233672,sand,n,35,e,seagrass,zostera,seagrass_sand,zostera_sand,100,1.96163e-160,313,Metazoa,Mollusca,Mollusca,Lepetellida,Haliotidae,Haliotis,0,0,TRUE,ASV1911,6,Haliotis kamtschatkana
edna0023,ASV1443,motu1220,Orobdella,Freshwater leech,genus,NA,1,NA,1,NA,3,NA,10,NA,NA,NA,Orobdella,Freshwater leech,2018_chp_depth,chp,beach_seine,2018-07-12,2018-07-10,2018,depth,1,edna_chp_15,depth,biological,NA,NA,NA,NA,NA,NA,3.5,1000,0,51.67628487,-128.1233672,sand,n,35,e,seagrass,zostera,seagrass_sand,zostera_sand,97.06,0.0011939,31,Metazoa,Annelida,Annelida,Erpobdelliformes,Orobdellidae,Orobdella,NA,NA,TRUE,ASV1443,1,NA
edna0023,ASV1921,motu1598,Humilaria kennerleyi,Kennerleys venus,species,NA,1,1,NA,NA,5,3,NA,NA,NA,NA,Humilaria kennerleyi,Kennerleys venus,2018_chp_depth,chp,beach_seine,2018-07-12,2018-07-10,2018,depth,1,edna_chp_15,depth,biological,NA,NA,NA,NA,NA,NA,3.5,1000,0,51.67628487,-128.1233672,sand,n,35,e,seagrass,zostera,seagrass_sand,zostera_sand,100,1.96163e-160,313,Metazoa,Mollusca,Bivalvia,Venerida,Veneridae,Humilaria,0,0,TRUE,ASV1921,2,Humilaria kennerleyi
edna0023,ASV3224,motu2581,Humilaria kennerleyi,Kennerleys venus,species,NA,1,NA,NA,NA,4,NA,NA,NA,NA,NA,Humilaria kennerleyi,Kennerleys venus,2018_chp_depth,chp,beach_seine,2018-07-12,2018-07-10,2018,depth,1,edna_chp_15,depth,biological,NA,NA,NA,NA,NA,NA,3.5,1000,0,51.67628487,-128.1233672,sand,n,35,e,seagrass,zostera,seagrass_sand,zostera_sand,100,1.96163e-160,313,Metazoa,Mollusca,Bivalvia,Venerida,Veneridae,Humilaria,0,0,TRUE,ASV3224,2,Humilaria kennerleyi
edna0023,ASV3067,motu2468,Halichondria (Halichondria) panicea,Breadcrumb sponge species,species,NA,1,NA,NA,NA,3,NA,NA,NA,NA,NA,Halichondria (Halichondria) panicea,Breadcrumb sponge species,2018_chp_depth,chp,beach_seine,2018-07-12,2018-07-10,2018,depth,1,edna_chp_15,depth,biological,NA,NA,NA,NA,NA,NA,3.5,1000,0,51.67628487,-128.1233672,sand,n,35,e,seagrass,zostera,seagrass_sand,zostera_sand,99.33,6.819989999999996e-150,294,Metazoa,Porifera,Demospongiae,Suberitida,Halichondriidae,Halichondria,0,0,TRUE,ASV3067,1,Halichondria (Halichondria) panicea
edna0023,ASV2197,motu1814,Sabellariidae,Feather duster worm,family,NA,1,NA,1,NA,33,NA,NA,40,NA,NA,Sabellariidae,Feather duster worm,2018_chp_depth,chp,beach_seine,2018-07-12,2018-07-10,2018,depth,1,edna_chp_15,depth,biological,NA,NA,NA,NA,NA,NA,3.5,1000,0,51.67628487,-128.1233672,sand,n,35,e,seagrass,zostera,seagrass_sand,zostera_sand,100,1.925639999999999e-155,304,Metazoa,Annelida,Polychaeta,NA,Sabellariidae,NA,0,0,TRUE,ASV2197,2,NA
edna0023,ASV2081,motu1721,Clytia,Thecate Hydroid,genus,NA,1,NA,NA,NA,4,NA,NA,NA,NA,NA,Clytia,Thecate Hydroid,2018_chp_depth,chp,beach_seine,2018-07-12,2018-07-10,2018,depth,1,edna_chp_15,depth,biological,NA,NA,NA,NA,NA,NA,3.5,1000,0,51.67628487,-128.1233672,sand,n,35,e,seagrass,zostera,seagrass_sand,zostera_sand,100,1.4886099999999998e-156,306,Metazoa,Cnidaria,Cnidaria,Leptothecata,Campanulariidae,Clytia,0,0,TRUE,ASV2081,1,NA
edna0023,ASV6334,motu4895,Staphylinidae,Hexapod,genus,NA,1,NA,NA,NA,8,NA,NA,NA,NA,NA,Staphylinidae,Hexapod,2018_chp_depth,chp,beach_seine,2018-07-12,2018-07-10,2018,depth,1,edna_chp_15,depth,biological,NA,NA,NA,NA,NA,NA,3.5,1000,0,51.67628487,-128.1233672,sand,n,35,e,seagrass,zostera,seagrass_sand,zostera_sand,96.08,1.89202e-11,45,Metazoa,Arthropoda,Arthropoda,Coleoptera,Staphylinidae,Staphylinidae,NA,NA,TRUE,ASV6334,1,NA
edna0023,ASV5515,motu4231,Dermasterias imbricata,Leather star,species,NA,1,NA,NA,NA,4,NA,NA,NA,NA,NA,Dermasterias imbricata,Leather star,2018_chp_depth,chp,beach_seine,2018-07-12,2018-07-10,2018,depth,1,edna_chp_15,depth,biological,NA,NA,NA,NA,NA,NA,3.5,1000,0,51.67628487,-128.1233672,sand,n,35,e,seagrass,zostera,seagrass_sand,zostera_sand,100,1.96163e-160,313,Metazoa,Echinodermata,Asteroidea,Valvatida,Asteropseidae,Dermasterias,0,0,TRUE,ASV5515,1,Dermasterias imbricata
edna0023,ASV7449,motu3537,Pollicipes polymerus,Gooseneck barnacle,species,NA,1,NA,NA,NA,4,NA,NA,NA,NA,NA,Pollicipes polymerus,Gooseneck barnacle,2018_chp_depth,chp,beach_seine,2018-07-12,2018-07-10,2018,depth,1,edna_chp_15,depth,biological,NA,NA,NA,NA,NA,NA,3.5,1000,0,51.67628487,-128.1233672,sand,n,35,e,seagrass,zostera,seagrass_sand,zostera_sand,100,3.30025e-158,309,Metazoa,Arthropoda,Thecostraca,Pollicipedomorpha,Pollicipedidae,Pollicipes,0,0,TRUE,ASV4549,2,Pollicipes polymerus
edna0106,ASV258,motu228,Lensia,Siphonophore,genus,NA,1,NA,NA,NA,16,NA,NA,NA,NA,NA,Lensia,Siphonophore,2018_sni1_surface,sni1,beach_seine,2018-07-18,2018-07-16,2018,surface,1,edna_sni1_00,surface,biological,10.7,30.65,8.08,9,31.4,7.76,6.8,1000,0,51.83867929,-128.0592127,mud,n,80,p,seagrass,zostera,seagrass_mud,zostera_mud,100,0.00408744,30,Metazoa,Cnidaria,Cnidaria,Siphonophorae,Diphyidae,Lensia,0,0,TRUE,ASV258,1,NA
edna0106,ASV452,motu183,Euchlanidae,Rotifer,family,NA,1,NA,NA,NA,41,NA,NA,NA,NA,NA,No Results,No Results,2018_sni1_surface,sni1,beach_seine,2018-07-18,2018-07-16,2018,surface,1,edna_sni1_00,surface,biological,10.7,30.65,8.08,9,31.4,7.76,6.8,1000,0,51.83867929,-128.0592127,mud,n,80,p,seagrass,zostera,seagrass_mud,zostera_mud,91.35,3.005919999999998e-29,77,Metazoa,Rotifera,Rotifera,Ploima,Euchlanidae,NA,1,NA,TRUE,ASV208,2,NA
edna0106,ASV280,motu190,Mytilus,Mussel species,genus,NA,1,NA,NA,NA,53,NA,NA,NA,NA,NA,Mytilus trossulus,Bay mussel,2018_sni1_surface,sni1,beach_seine,2018-07-18,2018-07-16,2018,surface,1,edna_sni1_00,surface,biological,10.7,30.65,8.08,9,31.4,7.76,6.8,1000,0,51.83867929,-128.0592127,mud,n,80,p,seagrass,zostera,seagrass_mud,zostera_mud,100,3.2351099999999996e-158,309,Metazoa,Mollusca,Mollusca,Mytilida,Mytilidae,Mytilus,0,0,TRUE,ASV216,23,NA
edna0106,ASV398,motu350,Synchaeta pectinata,Rotifer,species,NA,1,NA,NA,NA,2,NA,NA,NA,NA,NA,Synchaeta pectinata,Rotifer,2018_sni1_surface,sni1,beach_seine,2018-07-18,2018-07-16,2018,surface,1,edna_sni1_00,surface,biological,10.7,30.65,8.08,9,31.4,7.76,6.8,1000,0,51.83867929,-128.0592127,mud,n,80,p,seagrass,zostera,seagrass_mud,zostera_mud,90.48,1.6452299999999999e-111,225,Metazoa,Rotifera,Eurotatoria,Ploima,Synchaetidae,Synchaeta,0,0,TRUE,ASV398,4,Synchaeta pectinata
edna0106,ASV1013,motu876,Orobdella,Freshwater leech,genus,NA,1,NA,1,NA,13,NA,NA,NA,NA,12,Orobdella,Freshwater leech,2018_sni1_surface,sni1,beach_seine,2018-07-18,2018-07-16,2018,surface,1,edna_sni1_00,surface,biological,10.7,30.65,8.08,9,31.4,7.76,6.8,1000,0,51.83867929,-128.0592127,mud,n,80,p,seagrass,zostera,seagrass_mud,zostera_mud,97.06,0.00121031,31,Metazoa,Annelida,Annelida,Erpobdelliformes,Orobdellidae,Orobdella,NA,NA,TRUE,ASV1013,1,NA
edna0106,ASV679,motu591,Phyllodocida,Polychaete,order,NA,1,NA,NA,NA,17,NA,NA,NA,NA,NA,Phyllodocida,Polychaete,2018_sni1_surface,sni1,beach_seine,2018-07-18,2018-07-16,2018,surface,1,edna_sni1_00,surface,biological,10.7,30.65,8.08,9,31.4,7.76,6.8,1000,0,51.83867929,-128.0592127,mud,n,80,p,seagrass,zostera,seagrass_mud,zostera_mud,100,0.0603188,28,Metazoa,Annelida,Annelida,Phyllodocida,NA,NA,0,0,TRUE,ASV679,1,NA
edna0106,ASV1475,motu1246,Cyanea,Lions mane jellyfish species,genus,NA,1,NA,NA,NA,4,NA,NA,NA,NA,NA,Cyanea,Lions mane jellyfish species,2018_sni1_surface,sni1,beach_seine,2018-07-18,2018-07-16,2018,surface,1,edna_sni1_00,surface,biological,10.7,30.65,8.08,9,31.4,7.76,6.8,1000,0,51.83867929,-128.0592127,mud,n,80,p,seagrass,zostera,seagrass_mud,zostera_mud,100,3.2351099999999996e-158,309,Metazoa,Cnidaria,Scyphozoa,Semaeostomeae,Cyaneidae,Cyanea,0,0,TRUE,ASV1475,2,NA
edna0106,ASV1492,motu1259,Membranipora membranacea,Coffin box bryozoan,species,NA,1,NA,NA,NA,50,NA,NA,NA,NA,NA,Membranipora membranacea,Coffin box bryozoan,2018_sni1_surface,sni1,beach_seine,2018-07-18,2018-07-16,2018,surface,1,edna_sni1_00,surface,biological,10.7,30.65,8.08,9,31.4,7.76,6.8,1000,0,51.83867929,-128.0592127,mud,n,80,p,seagrass,zostera,seagrass_mud,zostera_mud,100,9.252979999999995e-139,274,Metazoa,Bryozoa,Gymnolaemata,Cheilostomatida,Membraniporidae,Membranipora,0,0,TRUE,ASV1492,2,Membranipora membranacea
edna0106,ASV2364,motu1940,Membranipora membranacea,Coffin box bryozoan,species,NA,1,NA,NA,NA,23,NA,NA,NA,NA,NA,Membranipora membranacea,Coffin box bryozoan,2018_sni1_surface,sni1,beach_seine,2018-07-18,2018-07-16,2018,surface,1,edna_sni1_00,surface,biological,10.7,30.65,8.08,9,31.4,7.76,6.8,1000,0,51.83867929,-128.0592127,mud,n,80,p,seagrass,zostera,seagrass_mud,zostera_mud,100,9.252979999999995e-139,274,Metazoa,Bryozoa,Gymnolaemata,Cheilostomatida,Membraniporidae,Membranipora,0,0,TRUE,ASV2364,1,Membranipora membranacea
edna0106,ASV1921,motu1598,Humilaria kennerleyi,Kennerleys venus,species,NA,1,NA,NA,NA,2,NA,NA,NA,NA,NA,Humilaria kennerleyi,Kennerleys venus,2018_sni1_surface,sni1,beach_seine,2018-07-18,2018-07-16,2018,surface,1,edna_sni1_00,surface,biological,10.7,30.65,8.08,9,31.4,7.76,6.8,1000,0,51.83867929,-128.0592127,mud,n,80,p,seagrass,zostera,seagrass_mud,zostera_mud,100,1.96163e-160,313,Metazoa,Mollusca,Bivalvia,Venerida,Veneridae,Humilaria,0,0,TRUE,ASV1921,2,Humilaria kennerleyi
edna0106,ASV2852,motu2305,Coleoptera,Hexapod,order,NA,1,NA,NA,NA,3,NA,NA,NA,NA,NA,Coleoptera,Hexapod,2018_sni1_surface,sni1,beach_seine,2018-07-18,2018-07-16,2018,surface,1,edna_sni1_00,surface,biological,10.7,30.65,8.08,9,31.4,7.76,6.8,1000,0,51.83867929,-128.0592127,mud,n,80,p,seagrass,zostera,seagrass_mud,zostera_mud,100,0.00110774,31,Metazoa,Arthropoda,Arthropoda,Coleoptera,NA,NA,NA,NA,TRUE,ASV2852,1,NA
edna0106,ASV2782,motu902,Arthropoda,Unknown arthropod,phylum,NA,1,1,NA,NA,19,12,NA,NA,NA,NA,Arthropoda,Unknown arthropod,2018_sni1_surface,sni1,beach_seine,2018-07-18,2018-07-16,2018,surface,1,edna_sni1_00,surface,biological,10.7,30.65,8.08,9,31.4,7.76,6.8,1000,0,51.83867929,-128.0592127,mud,n,80,p,seagrass,zostera,seagrass_mud,zostera_mud,94.87,8.78538e-5,33,Metazoa,Arthropoda,NA,NA,NA,NA,NA,NA,TRUE,ASV1046,4,NA
edna0106,ASV3703,motu412,Saxidomus,Washington clam species,genus,NA,1,1,1,NA,35,7,NA,NA,NA,46,Saxidomus,Washington clam species,2018_sni1_surface,sni1,beach_seine,2018-07-18,2018-07-16,2018,surface,1,edna_sni1_00,surface,biological,10.7,30.65,8.08,9,31.4,7.76,6.8,1000,0,51.83867929,-128.0592127,mud,n,80,p,seagrass,zostera,seagrass_mud,zostera_mud,99.68,9.126599999999999e-159,310,Metazoa,Mollusca,Mollusca,Venerida,Veneridae,Saxidomus,0,0,TRUE,ASV467,12,NA
edna0106,ASV2801,motu2264,Synchaeta triophthalma,Rotifer,species,NA,1,NA,1,NA,14,NA,NA,NA,NA,14,Synchaeta triophthalma,Rotifer,2018_sni1_surface,sni1,beach_seine,2018-07-18,2018-07-16,2018,surface,1,edna_sni1_00,surface,biological,10.7,30.65,8.08,9,31.4,7.76,6.8,1000,0,51.83867929,-128.0592127,mud,n,80,p,seagrass,zostera,seagrass_mud,zostera_mud,91.35,7.600549999999996e-115,231,Metazoa,Rotifera,Eurotatoria,Ploima,Synchaetidae,Synchaeta,0,0,TRUE,ASV2801,1,Synchaeta triophthalma
edna0106,ASV3148,motu2526,Cardiida,Mussel species,order,NA,1,NA,1,NA,3,NA,NA,NA,NA,5,Cardiida,Mussel species,2018_sni1_surface,sni1,beach_seine,2018-07-18,2018-07-16,2018,surface,1,edna_sni1_00,surface,biological,10.7,30.65,8.08,9,31.4,7.76,6.8,1000,0,51.83867929,-128.0592127,mud,n,80,p,seagrass,zostera,seagrass_mud,zostera_mud,100,0.0374129,28,Metazoa,Mollusca,Mollusca,Cardiida,NA,NA,0,0,TRUE,ASV3148,1,NA
edna0106,ASV7816,motu6162,Pisciforma,Hexapod,family,NA,1,NA,NA,NA,2,NA,NA,NA,NA,NA,Pisciforma,Hexapod,2018_sni1_surface,sni1,beach_seine,2018-07-18,2018-07-16,2018,surface,1,edna_sni1_00,surface,biological,10.7,30.65,8.08,9,31.4,7.76,6.8,1000,0,51.83867929,-128.0592127,mud,n,80,p,seagrass,zostera,seagrass_mud,zostera_mud,94.23,2.47428e-10,43,Metazoa,Arthropoda,Arthropoda,Pisciforma,Pisciforma,NA,NA,NA,TRUE,ASV7816,1,NA
edna0107,ASV447,motu394,Balanus glandula,Acorn barnacle,species,NA,1,NA,NA,NA,6,NA,NA,NA,NA,NA,Balanus glandula,Acorn barnacle,2018_sni1_surface,sni1,beach_seine,2018-07-18,2018-07-16,2018,surface,2,edna_sni1_15,surface,biological,10.9,29.67,8.06,9.1,31.26,7.77,4.8,1000,0,51.83866886,-128.0594418,mud,n,80,p,seagrass,zostera,seagrass_mud,zostera_mud,100,3.2351099999999996e-158,309,Metazoa,Arthropoda,Thecostraca,Balanomorpha,Balanidae,Balanus,0,0,TRUE,ASV447,12,Balanus glandula
edna0107,ASV270,motu199,Mytilus,Mussel species,genus,NA,1,NA,1,NA,107,NA,NA,NA,NA,67,Mytilus trossulus,Bay mussel,2018_sni1_surface,sni1,beach_seine,2018-07-18,2018-07-16,2018,surface,2,edna_sni1_15,surface,biological,10.9,29.67,8.06,9.1,31.26,7.77,4.8,1000,0,51.83866886,-128.0594418,mud,n,80,p,seagrass,zostera,seagrass_mud,zostera_mud,100,3.2351099999999996e-158,309,Metazoa,Mollusca,Mollusca,Mytilida,Mytilidae,Mytilus,0,0,TRUE,ASV226,18,NA
edna0107,ASV280,motu190,Mytilus,Mussel species,genus,NA,1,1,1,NA,86,47,NA,NA,NA,60,Mytilus trossulus,Bay mussel,2018_sni1_surface,sni1,beach_seine,2018-07-18,2018-07-16,2018,surface,2,edna_sni1_15,surface,biological,10.9,29.67,8.06,9.1,31.26,7.77,4.8,1000,0,51.83866886,-128.0594418,mud,n,80,p,seagrass,zostera,seagrass_mud,zostera_mud,100,3.2351099999999996e-158,309,Metazoa,Mollusca,Mollusca,Mytilida,Mytilidae,Mytilus,0,0,TRUE,ASV216,23,NA
edna0107,ASV520,motu457,Evasterias troschelii,False ochre star,species,NA,1,NA,NA,NA,5,NA,NA,NA,NA,NA,Evasterias troschelii,False ochre star,2018_sni1_surface,sni1,beach_seine,2018-07-18,2018-07-16,2018,surface,2,edna_sni1_15,surface,biological,10.9,29.67,8.06,9.1,31.26,7.77,4.8,1000,0,51.83866886,-128.0594418,mud,n,80,p,seagrass,zostera,seagrass_mud,zostera_mud,100,1.96163e-160,313,Metazoa,Echinodermata,Asteroidea,Forcipulatida,Asteriidae,Evasterias,0,0,TRUE,ASV520,1,Evasterias troschelii
edna0107,ASV674,motu334,Synchaeta pectinata,Rotifer,species,NA,1,NA,NA,NA,20,NA,NA,NA,NA,NA,Synchaeta pectinata,Rotifer,2018_sni1_surface,sni1,beach_seine,2018-07-18,2018-07-16,2018,surface,2,edna_sni1_15,surface,biological,10.9,29.67,8.06,9.1,31.26,7.77,4.8,1000,0,51.83866886,-128.0594418,mud,n,80,p,seagrass,zostera,seagrass_mud,zostera_mud,90.79,3.5361899999999996e-113,228,Metazoa,Rotifera,Eurotatoria,Ploima,Synchaetidae,Synchaeta,0,0,TRUE,ASV377,5,Synchaeta pectinata
edna0107,ASV733,motu637,Phyllodocida,Polychaete,order,NA,1,NA,1,NA,10,NA,NA,36,NA,60,Phyllodocida,Polychaete,2018_sni1_surface,sni1,beach_seine,2018-07-18,2018-07-16,2018,surface,2,edna_sni1_15,surface,biological,10.9,29.67,8.06,9.1,31.26,7.77,4.8,1000,0,51.83866886,-128.0594418,mud,n,80,p,seagrass,zostera,seagrass_mud,zostera_mud,100,0.0603188,28,Metazoa,Annelida,Annelida,Phyllodocida,NA,NA,0,0,TRUE,ASV733,1,NA
edna0107,ASV679,motu591,Phyllodocida,Polychaete,order,NA,1,NA,1,NA,8,NA,NA,39,NA,82,Phyllodocida,Polychaete,2018_sni1_surface,sni1,beach_seine,2018-07-18,2018-07-16,2018,surface,2,edna_sni1_15,surface,biological,10.9,29.67,8.06,9.1,31.26,7.77,4.8,1000,0,51.83866886,-128.0594418,mud,n,80,p,seagrass,zostera,seagrass_mud,zostera_mud,100,0.0603188,28,Metazoa,Annelida,Annelida,Phyllodocida,NA,NA,0,0,TRUE,ASV679,1,NA
edna0107,ASV1384,motu1168,Membranipora membranacea,Coffin box bryozoan,species,NA,1,NA,NA,NA,16,NA,NA,NA,NA,NA,Membranipora membranacea,Coffin box bryozoan,2018_sni1_surface,sni1,beach_seine,2018-07-18,2018-07-16,2018,surface,2,edna_sni1_15,surface,biological,10.9,29.67,8.06,9.1,31.26,7.77,4.8,1000,0,51.83866886,-128.0594418,mud,n,80,p,seagrass,zostera,seagrass_mud,zostera_mud,100,9.252979999999995e-139,274,Metazoa,Bryozoa,Gymnolaemata,Cheilostomatida,Membraniporidae,Membranipora,0,0,TRUE,ASV1384,2,Membranipora membranacea
edna0107,ASV1475,motu1246,Cyanea,Lions mane jellyfish species,genus,NA,1,NA,NA,NA,15,NA,NA,NA,NA,NA,Cyanea,Lions mane jellyfish species,2018_sni1_surface,sni1,beach_seine,2018-07-18,2018-07-16,2018,surface,2,edna_sni1_15,surface,biological,10.9,29.67,8.06,9.1,31.26,7.77,4.8,1000,0,51.83866886,-128.0594418,mud,n,80,p,seagrass,zostera,seagrass_mud,zostera_mud,100,3.2351099999999996e-158,309,Metazoa,Cnidaria,Scyphozoa,Semaeostomeae,Cyaneidae,Cyanea,0,0,TRUE,ASV1475,2,NA
edna0107,ASV1712,motu1430,Cistenides granulata,Trumpet worm,species,NA,1,NA,NA,NA,20,NA,NA,NA,NA,NA,Cistenides granulata,Trumpet worm,2018_sni1_surface,sni1,beach_seine,2018-07-18,2018-07-16,2018,surface,2,edna_sni1_15,surface,biological,10.9,29.67,8.06,9.1,31.26,7.77,4.8,1000,0,51.83866886,-128.0594418,mud,n,80,p,seagrass,zostera,seagrass_mud,zostera_mud,100,1.96163e-160,313,Metazoa,Annelida,Polychaeta,Terebellida,Pectinariidae,Pectinaria,0,0,TRUE,ASV1712,1,Cistenides granulata
edna0107,ASV1068,motu920,Arthropoda,Unknown arthropod,phylum,NA,1,NA,NA,NA,7,NA,NA,NA,NA,NA,Arthropoda,Unknown arthropod,2018_sni1_surface,sni1,beach_seine,2018-07-18,2018-07-16,2018,surface,2,edna_sni1_15,surface,biological,10.9,29.67,8.06,9.1,31.26,7.77,4.8,1000,0,51.83866886,-128.0594418,mud,n,80,p,seagrass,zostera,seagrass_mud,zostera_mud,94.87,8.78538e-5,33,Metazoa,Arthropoda,NA,NA,NA,NA,NA,NA,TRUE,ASV1068,4,NA
edna0107,ASV1046,motu902,Arthropoda,Unknown arthropod,phylum,NA,1,NA,1,NA,7,NA,NA,9,NA,17,Arthropoda,Unknown arthropod,2018_sni1_surface,sni1,beach_seine,2018-07-18,2018-07-16,2018,surface,2,edna_sni1_15,surface,biological,10.9,29.67,8.06,9.1,31.26,7.77,4.8,1000,0,51.83866886,-128.0594418,mud,n,80,p,seagrass,zostera,seagrass_mud,zostera_mud,94.87,8.78538e-5,33,Metazoa,Arthropoda,NA,NA,NA,NA,NA,NA,TRUE,ASV1046,4,NA
edna0107,ASV1470,motu1241,Cistenides granulata,Trumpet worm,species,NA,1,1,1,NA,14,10,NA,NA,NA,10,Cistenides granulata,Trumpet worm,2018_sni1_surface,sni1,beach_seine,2018-07-18,2018-07-16,2018,surface,2,edna_sni1_15,surface,biological,10.9,29.67,8.06,9.1,31.26,7.77,4.8,1000,0,51.83866886,-128.0594418,mud,n,80,p,seagrass,zostera,seagrass_mud,zostera_mud,100,1.96163e-160,313,Metazoa,Annelida,Polychaeta,Terebellida,Pectinariidae,Pectinaria,0,0,TRUE,ASV1470,1,Cistenides granulata
edna0107,ASV1443,motu1220,Orobdella,Freshwater leech,genus,NA,1,NA,NA,NA,8,NA,NA,NA,NA,NA,Orobdella,Freshwater leech,2018_sni1_surface,sni1,beach_seine,2018-07-18,2018-07-16,2018,surface,2,edna_sni1_15,surface,biological,10.9,29.67,8.06,9.1,31.26,7.77,4.8,1000,0,51.83866886,-128.0594418,mud,n,80,p,seagrass,zostera,seagrass_mud,zostera_mud,97.06,0.0011939,31,Metazoa,Annelida,Annelida,Erpobdelliformes,Orobdellidae,Orobdella,NA,NA,TRUE,ASV1443,1,NA
edna0107,ASV1057,motu909,Orobdella,Freshwater leech,genus,NA,1,NA,NA,NA,8,NA,NA,NA,NA,NA,Orobdella,Freshwater leech,2018_sni1_surface,sni1,beach_seine,2018-07-18,2018-07-16,2018,surface,2,edna_sni1_15,surface,biological,10.9,29.67,8.06,9.1,31.26,7.77,4.8,1000,0,51.83866886,-128.0594418,mud,n,80,p,seagrass,zostera,seagrass_mud,zostera_mud,97.06,0.0011939,31,Metazoa,Annelida,Annelida,Erpobdelliformes,Orobdellidae,Orobdella,NA,NA,TRUE,ASV1057,1,NA
edna0107,ASV2930,motu2362,Chaetognatha,Arrow worm,phylum,NA,1,NA,NA,NA,15,NA,NA,NA,NA,NA,Chaetognatha,Arrow worm,2018_sni1_surface,sni1,beach_seine,2018-07-18,2018-07-16,2018,surface,2,edna_sni1_15,surface,biological,10.9,29.67,8.06,9.1,31.26,7.77,4.8,1000,0,51.83866886,-128.0594418,mud,n,80,p,seagrass,zostera,seagrass_mud,zostera_mud,98.01,1.6078299999999998e-91,189,Metazoa,Chaetognatha,NA,NA,NA,NA,0,0,TRUE,ASV2930,1,NA
edna0107,ASV1716,motu1434,Armandia brevis,Opheliid polychaete,species,NA,1,NA,NA,NA,5,NA,NA,NA,NA,NA,Armandia brevis,Opheliid polychaete,2018_sni1_surface,sni1,beach_seine,2018-07-18,2018-07-16,2018,surface,2,edna_sni1_15,surface,biological,10.9,29.67,8.06,9.1,31.26,7.77,4.8,1000,0,51.83866886,-128.0594418,mud,n,80,p,seagrass,zostera,seagrass_mud,zostera_mud,100,2.1076299999999988e-175,340,Metazoa,Annelida,Polychaeta,NA,Opheliidae,Armandia,0,0,TRUE,ASV1716,1,Armandia brevis
edna0107,ASV2216,motu190,Mytilus trossulus,Bay mussel,species,NA,1,NA,NA,NA,32,NA,NA,NA,NA,NA,Mytilus trossulus,Bay mussel,2018_sni1_surface,sni1,beach_seine,2018-07-18,2018-07-16,2018,surface,2,edna_sni1_15,surface,biological,10.9,29.67,8.06,9.1,31.26,7.77,4.8,1000,0,51.83866886,-128.0594418,mud,n,80,p,seagrass,zostera,seagrass_mud,zostera_mud,100,3.2351099999999996e-158,309,Metazoa,Mollusca,Mollusca,Mytilida,Mytilidae,Mytilus,0,0,TRUE,ASV216,23,Mytilus trossulus
edna0107,ASV2852,motu2305,Coleoptera,Hexapod,order,NA,1,NA,1,NA,4,NA,NA,9,NA,7,Coleoptera,Hexapod,2018_sni1_surface,sni1,beach_seine,2018-07-18,2018-07-16,2018,surface,2,edna_sni1_15,surface,biological,10.9,29.67,8.06,9.1,31.26,7.77,4.8,1000,0,51.83866886,-128.0594418,mud,n,80,p,seagrass,zostera,seagrass_mud,zostera_mud,100,0.00110774,31,Metazoa,Arthropoda,Arthropoda,Coleoptera,NA,NA,NA,NA,TRUE,ASV2852,1,NA
edna0107,ASV4433,motu3455,Glycinde picta,Goniadid polychaete,species,NA,1,NA,NA,NA,45,NA,NA,NA,NA,NA,Glycinde picta,Goniadid polychaete,2018_sni1_surface,sni1,beach_seine,2018-07-18,2018-07-16,2018,surface,2,edna_sni1_15,surface,biological,10.9,29.67,8.06,9.1,31.26,7.77,4.8,1000,0,51.83866886,-128.0594418,mud,n,80,p,seagrass,zostera,seagrass_mud,zostera_mud,100,1.96163e-160,313,Metazoa,Annelida,Polychaeta,Phyllodocida,Goniadidae,Glycinde,0,0,TRUE,ASV4433,1,Glycinde picta
edna0107,ASV4086,motu3205,Membranipora membranacea,Coffin box bryozoan,species,NA,1,NA,NA,NA,12,NA,NA,NA,NA,NA,Membranipora membranacea,Coffin box bryozoan,2018_sni1_surface,sni1,beach_seine,2018-07-18,2018-07-16,2018,surface,2,edna_sni1_15,surface,biological,10.9,29.67,8.06,9.1,31.26,7.77,4.8,1000,0,51.83866886,-128.0594418,mud,n,80,p,seagrass,zostera,seagrass_mud,zostera_mud,100,9.252979999999995e-139,274,Metazoa,Bryozoa,Gymnolaemata,Cheilostomatida,Membraniporidae,Membranipora,0,0,TRUE,ASV4086,1,Membranipora membranacea
edna0107,ASV1587,motu1337,Armandia brevis,Opheliid polychaete,species,NA,1,NA,NA,NA,7,NA,NA,NA,NA,NA,Armandia brevis,Opheliid polychaete,2018_sni1_surface,sni1,beach_seine,2018-07-18,2018-07-16,2018,surface,2,edna_sni1_15,surface,biological,10.9,29.67,8.06,9.1,31.26,7.77,4.8,1000,0,51.83866886,-128.0594418,mud,n,80,p,seagrass,zostera,seagrass_mud,zostera_mud,100,2.1076299999999988e-175,340,Metazoa,Annelida,Polychaeta,NA,Opheliidae,Armandia,0,0,TRUE,ASV1587,2,Armandia brevis
edna0107,ASV3540,motu2813,Spionidae,Spionid polychaete,family,NA,1,NA,1,NA,8,NA,NA,14,NA,44,Spionidae,Spionid polychaete,2018_sni1_surface,sni1,beach_seine,2018-07-18,2018-07-16,2018,surface,2,edna_sni1_15,surface,biological,10.9,29.67,8.06,9.1,31.26,7.77,4.8,1000,0,51.83866886,-128.0594418,mud,n,80,p,seagrass,zostera,seagrass_mud,zostera_mud,100,1.96163e-160,313,Metazoa,Annelida,Annelida,Spionida,Spionidae,NA,0,0,TRUE,ASV3540,1,NA
edna0107,ASV7266,motu5672,Insecta,Hexapod,class,NA,1,NA,NA,NA,4,NA,NA,NA,NA,NA,Insecta,Hexapod,2018_sni1_surface,sni1,beach_seine,2018-07-18,2018-07-16,2018,surface,2,edna_sni1_15,surface,biological,10.9,29.67,8.06,9.1,31.26,7.77,4.8,1000,0,51.83866886,-128.0594418,mud,n,80,p,seagrass,zostera,seagrass_mud,zostera_mud,100,0.0171086,29,Metazoa,Arthropoda,Arthropoda,NA,NA,NA,NA,NA,TRUE,ASV7266,1,NA
edna0107,ASV7450,motu5833,Cucumaria miniata,Red sea cucumber,species,NA,1,NA,NA,NA,3,NA,NA,NA,NA,NA,Cucumaria miniata,Red sea cucumber,2018_sni1_surface,sni1,beach_seine,2018-07-18,2018-07-16,2018,surface,2,edna_sni1_15,surface,biological,10.9,29.67,8.06,9.1,31.26,7.77,4.8,1000,0,51.83866886,-128.0594418,mud,n,80,p,seagrass,zostera,seagrass_mud,zostera_mud,100,1.5185799999999992e-156,306,Metazoa,Echinodermata,Holothuroidea,Dendrochirotida,Cucumariidae,Cucumaria,0,0,TRUE,ASV7450,1,Cucumaria miniata
edna0110,ASV233,motu74,Euchlanidae,Rotifer,family,NA,1,NA,NA,NA,38,NA,NA,NA,NA,NA,No Results,No Results,2018_sni2_surface,sni2,beach_seine,2018-07-18,2018-07-16,2018,surface,2,edna_sni2_15,surface,biological,15.3,26.75,8.39,10.5,30.33,8.21,6,1000,0,51.81736319,-128.0299728,cobble,n,70,p,macroalgae,algae,macroalgae_cobble,algae_cobble,91.35,3.005919999999998e-29,77,Metazoa,Rotifera,Rotifera,Ploima,Euchlanidae,NA,1,NA,TRUE,ASV84,2,NA
edna0110,ASV1068,motu920,Arthropoda,Unknown arthropod,phylum,NA,1,NA,1,NA,9,NA,NA,11,NA,NA,Arthropoda,Unknown arthropod,2018_sni2_surface,sni2,beach_seine,2018-07-18,2018-07-16,2018,surface,2,edna_sni2_15,surface,biological,15.3,26.75,8.39,10.5,30.33,8.21,6,1000,0,51.81736319,-128.0299728,cobble,n,70,p,macroalgae,algae,macroalgae_cobble,algae_cobble,94.87,8.78538e-5,33,Metazoa,Arthropoda,NA,NA,NA,NA,NA,NA,TRUE,ASV1068,4,NA
edna0110,ASV1046,motu902,Arthropoda,Unknown arthropod,phylum,NA,1,NA,1,NA,6,NA,NA,NA,NA,9,Arthropoda,Unknown arthropod,2018_sni2_surface,sni2,beach_seine,2018-07-18,2018-07-16,2018,surface,2,edna_sni2_15,surface,biological,15.3,26.75,8.39,10.5,30.33,8.21,6,1000,0,51.81736319,-128.0299728,cobble,n,70,p,macroalgae,algae,macroalgae_cobble,algae_cobble,94.87,8.78538e-5,33,Metazoa,Arthropoda,NA,NA,NA,NA,NA,NA,TRUE,ASV1046,4,NA
edna0110,ASV2402,motu1965,Chaetognatha,Arrow worm,phylum,NA,1,NA,NA,NA,3,NA,NA,NA,NA,NA,Chaetognatha,Arrow worm,2018_sni2_surface,sni2,beach_seine,2018-07-18,2018-07-16,2018,surface,2,edna_sni2_15,surface,biological,15.3,26.75,8.39,10.5,30.33,8.21,6,1000,0,51.81736319,-128.0299728,cobble,n,70,p,macroalgae,algae,macroalgae_cobble,algae_cobble,96.52,1.6192399999999998e-86,180,Metazoa,Chaetognatha,NA,NA,NA,NA,0,0,TRUE,ASV2402,1,NA
edna0110,ASV3266,motu2608,Arthropoda,Unknown arthropod,phylum,NA,1,NA,NA,NA,2,NA,NA,NA,NA,NA,Arthropoda,Unknown arthropod,2018_sni2_surface,sni2,beach_seine,2018-07-18,2018-07-16,2018,surface,2,edna_sni2_15,surface,biological,15.3,26.75,8.39,10.5,30.33,8.21,6,1000,0,51.81736319,-128.0299728,cobble,n,70,p,macroalgae,algae,macroalgae_cobble,algae_cobble,100,0.014701,29,Metazoa,Arthropoda,NA,NA,NA,NA,NA,NA,TRUE,ASV3266,1,NA
edna0110,ASV4575,motu3554,Syllidae,Necklace worm species,family,NA,1,NA,NA,NA,47,NA,NA,NA,NA,NA,Syllidae,Necklace worm species,2018_sni2_surface,sni2,beach_seine,2018-07-18,2018-07-16,2018,surface,2,edna_sni2_15,surface,biological,15.3,26.75,8.39,10.5,30.33,8.21,6,1000,0,51.81736319,-128.0299728,cobble,n,70,p,macroalgae,algae,macroalgae_cobble,algae_cobble,99.35,7.002779999999996e-155,303,Metazoa,Annelida,Polychaeta,Phyllodocida,Syllidae,NA,0,0,TRUE,ASV4575,1,NA
edna0111,ASV285,motu244,Ophiopholis,Brittle star species,genus,NA,1,NA,NA,NA,2,NA,NA,NA,NA,NA,Ophiopholis kennerlyi,Daisy brittle star,2018_sni2_surface,sni2,beach_seine,2018-07-18,2018-07-16,2018,surface,3,edna_sni2_30,surface,biological,15.1,26.67,8.38,10.5,30.29,8.19,6.5,1000,0,51.81732535,-128.0297301,cobble,n,70,p,macroalgae,algae,macroalgae_cobble,algae_cobble,100,1.96163e-160,313,Metazoa,Echinodermata,Echinodermata,Amphilepidida,Ophiopholidae,Ophiopholis,0,0,TRUE,ASV275,7,NA
edna0111,ASV865,motu753,Parastenocarididae,Harpacticoid copepod,family,NA,1,NA,NA,NA,23,NA,NA,NA,NA,NA,Parastenocarididae,Harpacticoid copepod,2018_sni2_surface,sni2,beach_seine,2018-07-18,2018-07-16,2018,surface,3,edna_sni2_30,surface,biological,15.1,26.67,8.38,10.5,30.29,8.19,6.5,1000,0,51.81732535,-128.0297301,cobble,n,70,p,macroalgae,algae,macroalgae_cobble,algae_cobble,94.59,0.00408744,30,Metazoa,Arthropoda,Arthropoda,Harpacticoida,Parastenocarididae,NA,1,0,TRUE,ASV865,1,NA
edna0111,ASV647,motu560,Synchaeta triophthalma,Rotifer,species,NA,1,NA,1,NA,5,NA,NA,NA,NA,4,Synchaeta triophthalma,Rotifer,2018_sni2_surface,sni2,beach_seine,2018-07-18,2018-07-16,2018,surface,3,edna_sni2_30,surface,biological,15.1,26.67,8.38,10.5,30.29,8.19,6.5,1000,0,51.81732535,-128.0297301,cobble,n,70,p,macroalgae,algae,macroalgae_cobble,algae_cobble,91.99,3.511259999999999e-118,237,Metazoa,Rotifera,Eurotatoria,Ploima,Synchaetidae,Synchaeta,0,0,TRUE,ASV647,4,Synchaeta triophthalma
edna0111,ASV1482,motu118,Mesocentrotus franciscanus,Red sea urchin,species,NA,1,NA,NA,NA,218,NA,NA,NA,NA,NA,Mesocentrotus franciscanus,Red sea urchin,2018_sni2_surface,sni2,beach_seine,2018-07-18,2018-07-16,2018,surface,3,edna_sni2_30,surface,biological,15.1,26.67,8.38,10.5,30.29,8.19,6.5,1000,0,51.81732535,-128.0297301,cobble,n,70,p,macroalgae,algae,macroalgae_cobble,algae_cobble,100,1.96163e-160,313,Metazoa,Echinodermata,Echinoidea,Camarodonta,Strongylocentrotidae,Mesocentrotus,0,0,TRUE,ASV132,8,Mesocentrotus franciscanus
edna0111,ASV801,motu697,Micropodarke dubia,Hesionid polychaete,species,NA,1,1,NA,NA,4,4,NA,NA,NA,NA,Micropodarke dubia,Hesionid polychaete,2018_sni2_surface,sni2,beach_seine,2018-07-18,2018-07-16,2018,surface,3,edna_sni2_30,surface,biological,15.1,26.67,8.38,10.5,30.29,8.19,6.5,1000,0,51.81732535,-128.0297301,cobble,n,70,p,macroalgae,algae,macroalgae_cobble,algae_cobble,100,1.96163e-160,313,Metazoa,Annelida,Polychaeta,Phyllodocida,Hesionidae,Micropodarke,0,0,TRUE,ASV801,2,Micropodarke dubia
edna0111,ASV2138,motu470,Paracalanus,Calanoid copepod,genus,NA,1,NA,NA,NA,8,NA,NA,NA,NA,NA,Paracalanus parvus parvus,Calanoid copepod,2018_sni2_surface,sni2,beach_seine,2018-07-18,2018-07-16,2018,surface,3,edna_sni2_30,surface,biological,15.1,26.67,8.38,10.5,30.29,8.19,6.5,1000,0,51.81732535,-128.0297301,cobble,n,70,p,macroalgae,algae,macroalgae_cobble,algae_cobble,99.67,1.14177e-152,299,Metazoa,Arthropoda,Arthropoda,Calanoida,Paracalanidae,Paracalanus,0,0,TRUE,ASV536,6,NA
edna0111,ASV1716,motu1434,Armandia brevis,Opheliid polychaete,species,NA,1,NA,NA,NA,2,NA,NA,NA,NA,NA,Armandia brevis,Opheliid polychaete,2018_sni2_surface,sni2,beach_seine,2018-07-18,2018-07-16,2018,surface,3,edna_sni2_30,surface,biological,15.1,26.67,8.38,10.5,30.29,8.19,6.5,1000,0,51.81732535,-128.0297301,cobble,n,70,p,macroalgae,algae,macroalgae_cobble,algae_cobble,100,2.1076299999999988e-175,340,Metazoa,Annelida,Polychaeta,NA,Opheliidae,Armandia,0,0,TRUE,ASV1716,1,Armandia brevis
edna0111,ASV2852,motu2305,Coleoptera,Hexapod,order,NA,1,NA,NA,NA,2,NA,NA,NA,NA,NA,Coleoptera,Hexapod,2018_sni2_surface,sni2,beach_seine,2018-07-18,2018-07-16,2018,surface,3,edna_sni2_30,surface,biological,15.1,26.67,8.38,10.5,30.29,8.19,6.5,1000,0,51.81732535,-128.0297301,cobble,n,70,p,macroalgae,algae,macroalgae_cobble,algae_cobble,100,0.00110774,31,Metazoa,Arthropoda,Arthropoda,Coleoptera,NA,NA,NA,NA,TRUE,ASV2852,1,NA
edna0111,ASV3033,motu2444,Staphylinidae,Hexapod,genus,NA,1,NA,NA,NA,5,NA,NA,NA,NA,NA,Staphylinidae,Hexapod,2018_sni2_surface,sni2,beach_seine,2018-07-18,2018-07-16,2018,surface,3,edna_sni2_30,surface,biological,15.1,26.67,8.38,10.5,30.29,8.19,6.5,1000,0,51.81732535,-128.0297301,cobble,n,70,p,macroalgae,algae,macroalgae_cobble,algae_cobble,90.14,3.11539e-14,50,Metazoa,Arthropoda,Arthropoda,Coleoptera,Staphylinidae,Staphylinidae,NA,NA,TRUE,ASV3033,1,NA
edna0111,ASV4434,motu748,Saxidomus,Washington clam species,genus,NA,1,NA,NA,NA,52,NA,NA,NA,NA,NA,Saxidomus,Washington clam species,2018_sni2_surface,sni2,beach_seine,2018-07-18,2018-07-16,2018,surface,3,edna_sni2_30,surface,biological,15.1,26.67,8.38,10.5,30.29,8.19,6.5,1000,0,51.81732535,-128.0297301,cobble,n,70,p,macroalgae,algae,macroalgae_cobble,algae_cobble,99.68,9.126599999999999e-159,310,Metazoa,Mollusca,Mollusca,Venerida,Veneridae,Saxidomus,0,0,TRUE,ASV860,4,NA
edna0111,ASV3115,motu2503,Synchaeta cecilia,Rotifer,species,NA,1,NA,NA,NA,3,NA,NA,NA,NA,NA,Synchaeta cecilia,Rotifer,2018_sni2_surface,sni2,beach_seine,2018-07-18,2018-07-16,2018,surface,3,edna_sni2_30,surface,biological,15.1,26.67,8.38,10.5,30.29,8.19,6.5,1000,0,51.81732535,-128.0297301,cobble,n,70,p,macroalgae,algae,macroalgae_cobble,algae_cobble,90.73,1.2488499999999995e-107,218,Metazoa,Rotifera,Eurotatoria,Ploima,Synchaetidae,Synchaeta,0,0,TRUE,ASV3115,1,Synchaeta cecilia
edna0111,ASV4544,motu920,Arthropoda,Unknown arthropod,phylum,NA,1,NA,NA,NA,4,NA,NA,NA,NA,NA,Arthropoda,Unknown arthropod,2018_sni2_surface,sni2,beach_seine,2018-07-18,2018-07-16,2018,surface,3,edna_sni2_30,surface,biological,15.1,26.67,8.38,10.5,30.29,8.19,6.5,1000,0,51.81732535,-128.0297301,cobble,n,70,p,macroalgae,algae,macroalgae_cobble,algae_cobble,94.87,8.78538e-5,33,Metazoa,Arthropoda,NA,NA,NA,NA,NA,NA,TRUE,ASV1068,4,NA
edna0111,ASV5619,motu4313,Semibalanus cariosus,Thatched barnacle,species,NA,1,NA,NA,NA,20,NA,NA,NA,NA,NA,Semibalanus cariosus,Thatched barnacle,2018_sni2_surface,sni2,beach_seine,2018-07-18,2018-07-16,2018,surface,3,edna_sni2_30,surface,biological,15.1,26.67,8.38,10.5,30.29,8.19,6.5,1000,0,51.81732535,-128.0297301,cobble,n,70,p,macroalgae,algae,macroalgae_cobble,algae_cobble,100,1.96163e-160,313,Metazoa,Arthropoda,Thecostraca,Balanomorpha,Balanidae,Semibalanus,0,0,TRUE,ASV5619,1,Semibalanus cariosus
edna0111,ASV5912,motu1890,Insecta,Hexapod,class,NA,1,NA,NA,NA,7,NA,NA,NA,NA,NA,Insecta,Hexapod,2018_sni2_surface,sni2,beach_seine,2018-07-18,2018-07-16,2018,surface,3,edna_sni2_30,surface,biological,15.1,26.67,8.38,10.5,30.29,8.19,6.5,1000,0,51.81732535,-128.0297301,cobble,n,70,p,macroalgae,algae,macroalgae_cobble,algae_cobble,90.91,1.07393e-43,103,Metazoa,Arthropoda,Arthropoda,NA,NA,NA,NA,NA,TRUE,ASV2296,3,NA
edna0112,ASV143,motu128,Centropages abdominalis,Calanoid copepod,species,NA,1,NA,NA,NA,2,NA,NA,NA,NA,NA,Centropages abdominalis,Calanoid copepod,2018_koeye-estuary_surface,koeye estuary,seagrass,2018-08-14,NA,2018,surface,1,edna_ko_e3_00,repeat-surface,biological,NA,NA,NA,NA,NA,NA,3.5,1000,0,51.77950168,-127.8716413,sand,NA,NA,NA,seagrass,zostera,seagrass_sand,zostera_sand,100,1.96163e-160,313,Metazoa,Arthropoda,Copepoda,Calanoida,Centropagidae,Centropages,0,0,TRUE,ASV143,11,Centropages abdominalis
edna0112,ASV258,motu228,Lensia,Siphonophore,genus,NA,1,NA,NA,NA,16,NA,NA,NA,NA,NA,Lensia,Siphonophore,2018_koeye-estuary_surface,koeye estuary,seagrass,2018-08-14,NA,2018,surface,1,edna_ko_e3_00,repeat-surface,biological,NA,NA,NA,NA,NA,NA,3.5,1000,0,51.77950168,-127.8716413,sand,NA,NA,NA,seagrass,zostera,seagrass_sand,zostera_sand,100,0.00408744,30,Metazoa,Cnidaria,Cnidaria,Siphonophorae,Diphyidae,Lensia,0,0,TRUE,ASV258,1,NA
edna0112,ASV280,motu190,Mytilus,Mussel species,genus,NA,1,NA,NA,NA,6,NA,NA,NA,NA,NA,Mytilus trossulus,Bay mussel,2018_koeye-estuary_surface,koeye estuary,seagrass,2018-08-14,NA,2018,surface,1,edna_ko_e3_00,repeat-surface,biological,NA,NA,NA,NA,NA,NA,3.5,1000,0,51.77950168,-127.8716413,sand,NA,NA,NA,seagrass,zostera,seagrass_sand,zostera_sand,100,3.2351099999999996e-158,309,Metazoa,Mollusca,Mollusca,Mytilida,Mytilidae,Mytilus,0,0,TRUE,ASV216,23,NA
edna0112,ASV580,motu150,Pseudocalanus mimus,Calanoid copepod,species,NA,1,1,NA,NA,42,21,NA,NA,NA,NA,Pseudocalanus mimus,Calanoid copepod,2018_koeye-estuary_surface,koeye estuary,seagrass,2018-08-14,NA,2018,surface,1,edna_ko_e3_00,repeat-surface,biological,NA,NA,NA,NA,NA,NA,3.5,1000,0,51.77950168,-127.8716413,sand,NA,NA,NA,seagrass,zostera,seagrass_sand,zostera_sand,99.67,9.19139e-154,301,Metazoa,Arthropoda,Copepoda,Calanoida,Clausocalanidae,Pseudocalanus,0,0,TRUE,ASV171,10,Pseudocalanus mimus
edna0112,ASV320,motu281,Pseudocalanus newmani,Calanoid copepod,species,NA,1,1,1,NA,175,70,187,159,NA,121,Pseudocalanus newmani,Calanoid copepod,2018_koeye-estuary_surface,koeye estuary,seagrass,2018-08-14,NA,2018,surface,1,edna_ko_e3_00,repeat-surface,biological,NA,NA,NA,NA,NA,NA,3.5,1000,0,51.77950168,-127.8716413,sand,NA,NA,NA,seagrass,zostera,seagrass_sand,zostera_sand,100,1.96163e-160,313,Metazoa,Arthropoda,Copepoda,Calanoida,Clausocalanidae,Pseudocalanus,0,0,TRUE,ASV320,6,Pseudocalanus newmani
edna0112,ASV632,motu22,Acartia (Acartiura) longiremis,Calanoid copepod,species,NA,1,NA,NA,NA,35,NA,NA,NA,NA,NA,Acartia (Acartiura) longiremis,Calanoid copepod,2018_koeye-estuary_surface,koeye estuary,seagrass,2018-08-14,NA,2018,surface,1,edna_ko_e3_00,repeat-surface,biological,NA,NA,NA,NA,NA,NA,3.5,1000,0,51.77950168,-127.8716413,sand,NA,NA,NA,seagrass,zostera,seagrass_sand,zostera_sand,99.68,9.126599999999999e-159,310,Metazoa,Arthropoda,Copepoda,Calanoida,Acartiidae,Acartia,0,0,TRUE,ASV25,27,Acartia (Acartiura) longiremis
edna0112,ASV750,motu654,Orobdella,Freshwater leech,genus,NA,1,NA,NA,NA,3,NA,NA,NA,NA,NA,Orobdella,Freshwater leech,2018_koeye-estuary_surface,koeye estuary,seagrass,2018-08-14,NA,2018,surface,1,edna_ko_e3_00,repeat-surface,biological,NA,NA,NA,NA,NA,NA,3.5,1000,0,51.77950168,-127.8716413,sand,NA,NA,NA,seagrass,zostera,seagrass_sand,zostera_sand,97.06,0.00121031,31,Metazoa,Annelida,Annelida,Erpobdelliformes,Orobdellidae,Orobdella,NA,NA,TRUE,ASV750,1,NA
edna0112,ASV1475,motu1246,Cyanea,Lions mane jellyfish species,genus,NA,1,NA,NA,NA,10,NA,NA,NA,NA,NA,Cyanea,Lions mane jellyfish species,2018_koeye-estuary_surface,koeye estuary,seagrass,2018-08-14,NA,2018,surface,1,edna_ko_e3_00,repeat-surface,biological,NA,NA,NA,NA,NA,NA,3.5,1000,0,51.77950168,-127.8716413,sand,NA,NA,NA,seagrass,zostera,seagrass_sand,zostera_sand,100,3.2351099999999996e-158,309,Metazoa,Cnidaria,Scyphozoa,Semaeostomeae,Cyaneidae,Cyanea,0,0,TRUE,ASV1475,2,NA
edna0112,ASV1293,motu1094,Asteriidae,Sea star,family,NA,1,NA,1,NA,2,NA,4,NA,NA,NA,Asteriidae,Sea star,2018_koeye-estuary_surface,koeye estuary,seagrass,2018-08-14,NA,2018,surface,1,edna_ko_e3_00,repeat-surface,biological,NA,NA,NA,NA,NA,NA,3.5,1000,0,51.77950168,-127.8716413,sand,NA,NA,NA,seagrass,zostera,seagrass_sand,zostera_sand,100,1.96163e-160,313,Metazoa,Echinodermata,Echinodermata,Forcipulatida,Asteriidae,NA,0,0,TRUE,ASV1293,1,NA
edna0112,ASV2031,motu1681,Membranipora membranacea,Coffin box bryozoan,species,NA,1,NA,NA,NA,8,NA,NA,NA,NA,NA,Membranipora membranacea,Coffin box bryozoan,2018_koeye-estuary_surface,koeye estuary,seagrass,2018-08-14,NA,2018,surface,1,edna_ko_e3_00,repeat-surface,biological,NA,NA,NA,NA,NA,NA,3.5,1000,0,51.77950168,-127.8716413,sand,NA,NA,NA,seagrass,zostera,seagrass_sand,zostera_sand,100,9.252979999999995e-139,274,Metazoa,Bryozoa,Gymnolaemata,Cheilostomatida,Membraniporidae,Membranipora,0,0,TRUE,ASV2031,1,Membranipora membranacea
edna0112,ASV2138,motu470,Paracalanus,Calanoid copepod,genus,NA,1,NA,NA,NA,9,NA,NA,NA,NA,NA,Paracalanus parvus parvus,Calanoid copepod,2018_koeye-estuary_surface,koeye estuary,seagrass,2018-08-14,NA,2018,surface,1,edna_ko_e3_00,repeat-surface,biological,NA,NA,NA,NA,NA,NA,3.5,1000,0,51.77950168,-127.8716413,sand,NA,NA,NA,seagrass,zostera,seagrass_sand,zostera_sand,99.67,1.14177e-152,299,Metazoa,Arthropoda,Arthropoda,Calanoida,Paracalanidae,Paracalanus,0,0,TRUE,ASV536,6,NA
edna0112,ASV3356,motu2675,Chaetognatha,Arrow worm,phylum,NA,1,NA,NA,NA,6,NA,NA,NA,NA,NA,Chaetognatha,Arrow worm,2018_koeye-estuary_surface,koeye estuary,seagrass,2018-08-14,NA,2018,surface,1,edna_ko_e3_00,repeat-surface,biological,NA,NA,NA,NA,NA,NA,3.5,1000,0,51.77950168,-127.8716413,sand,NA,NA,NA,seagrass,zostera,seagrass_sand,zostera_sand,98.01,1.6078299999999998e-91,189,Metazoa,Chaetognatha,NA,NA,NA,NA,0,0,TRUE,ASV3356,1,NA
edna0112,ASV3696,motu2919,Phacellophora camtschatica,Fried egg jellyfish,species,NA,1,NA,NA,NA,3,NA,NA,NA,NA,NA,Phacellophora camtschatica,Fried egg jellyfish,2018_koeye-estuary_surface,koeye estuary,seagrass,2018-08-14,NA,2018,surface,1,edna_ko_e3_00,repeat-surface,biological,NA,NA,NA,NA,NA,NA,3.5,1000,0,51.77950168,-127.8716413,sand,NA,NA,NA,seagrass,zostera,seagrass_sand,zostera_sand,100,1.96163e-160,313,Metazoa,Cnidaria,Scyphozoa,Semaeostomeae,Phacellophoridae,Phacellophora,0,0,TRUE,ASV3696,1,Phacellophora camtschatica
edna0112,ASV2731,motu2213,Pachylaelapidae,Mite,genus,NA,1,NA,1,NA,6,NA,5,4,NA,NA,Pachylaelapidae,Mite,2018_koeye-estuary_surface,koeye estuary,seagrass,2018-08-14,NA,2018,surface,1,edna_ko_e3_00,repeat-surface,biological,NA,NA,NA,NA,NA,NA,3.5,1000,0,51.77950168,-127.8716413,sand,NA,NA,NA,seagrass,zostera,seagrass_sand,zostera_sand,100,0.00408744,30,Metazoa,Arthropoda,Arthropoda,Mesostigmata,NA,Pachylaelapidae,NA,NA,TRUE,ASV2731,2,NA
edna0112,ASV4232,motu3317,Tubulanus,Ribbon worm,genus,NA,1,NA,NA,NA,5,NA,NA,NA,NA,NA,Tubulanus,Ribbon worm,2018_koeye-estuary_surface,koeye estuary,seagrass,2018-08-14,NA,2018,surface,1,edna_ko_e3_00,repeat-surface,biological,NA,NA,NA,NA,NA,NA,3.5,1000,0,51.77950168,-127.8716413,sand,NA,NA,NA,seagrass,zostera,seagrass_sand,zostera_sand,100,7.1053799999999944e-155,303,Metazoa,Nemertea,Palaeonemertea,Tubulaniformes,Tubulanidae,Tubulanus,0,0,TRUE,ASV4232,1,NA
edna0112,ASV6542,motu5066,Enoploteuthidae,Squid species,family,NA,1,NA,NA,NA,4,NA,NA,NA,NA,NA,Enoploteuthidae,Squid species,2018_koeye-estuary_surface,koeye estuary,seagrass,2018-08-14,NA,2018,surface,1,edna_ko_e3_00,repeat-surface,biological,NA,NA,NA,NA,NA,NA,3.5,1000,0,51.77950168,-127.8716413,sand,NA,NA,NA,seagrass,zostera,seagrass_sand,zostera_sand,92.75,1.89925e-16,54,Metazoa,Mollusca,Mollusca,Oegopsida,Enoploteuthidae,NA,0,0,TRUE,ASV6542,1,NA
edna0112,ASV7449,motu3537,Pollicipes polymerus,Gooseneck barnacle,species,NA,1,NA,NA,NA,3,NA,NA,NA,NA,NA,Pollicipes polymerus,Gooseneck barnacle,2018_koeye-estuary_surface,koeye estuary,seagrass,2018-08-14,NA,2018,surface,1,edna_ko_e3_00,repeat-surface,biological,NA,NA,NA,NA,NA,NA,3.5,1000,0,51.77950168,-127.8716413,sand,NA,NA,NA,seagrass,zostera,seagrass_sand,zostera_sand,100,3.30025e-158,309,Metazoa,Arthropoda,Thecostraca,Pollicipedomorpha,Pollicipedidae,Pollicipes,0,0,TRUE,ASV4549,2,Pollicipes polymerus
edna0115,ASV258,motu228,Lensia,Siphonophore,genus,NA,1,NA,NA,NA,8,NA,NA,NA,NA,NA,Lensia,Siphonophore,2018_choked-pass_surface,choked pass,seagrass,2018-08-16,NA,2018,surface,1,edna_ch_i3_00,repeat-surface,biological,NA,NA,NA,NA,NA,NA,7.3,1000,0,51.67529798,-128.1193259,sand,NA,NA,NA,seagrass,zostera,seagrass_sand,zostera_sand,100,0.00408744,30,Metazoa,Cnidaria,Cnidaria,Siphonophorae,Diphyidae,Lensia,0,0,TRUE,ASV258,1,NA
edna0115,ASV131,motu117,Lensia,Siphonophore,genus,NA,1,1,1,NA,6,6,NA,13,NA,NA,Lensia,Siphonophore,2018_choked-pass_surface,choked pass,seagrass,2018-08-16,NA,2018,surface,1,edna_ch_i3_00,repeat-surface,biological,NA,NA,NA,NA,NA,NA,7.3,1000,0,51.67529798,-128.1193259,sand,NA,NA,NA,seagrass,zostera,seagrass_sand,zostera_sand,100,0.00408744,30,Metazoa,Cnidaria,Cnidaria,Siphonophorae,Diphyidae,Lensia,0,0,TRUE,ASV131,2,NA
edna0115,ASV324,motu285,Paracalanus parvus parvus,Calanoid copepod,species,NA,1,NA,NA,NA,9,NA,NA,NA,NA,NA,Paracalanus parvus parvus,Calanoid copepod,2018_choked-pass_surface,choked pass,seagrass,2018-08-16,NA,2018,surface,1,edna_ch_i3_00,repeat-surface,biological,NA,NA,NA,NA,NA,NA,7.3,1000,0,51.67529798,-128.1193259,sand,NA,NA,NA,seagrass,zostera,seagrass_sand,zostera_sand,100,1.17454e-132,263,Metazoa,Arthropoda,Copepoda,Calanoida,Paracalanidae,Paracalanus,0,0,TRUE,ASV324,6,Paracalanus parvus parvus
edna0115,ASV354,motu313,Mitrocoma cellularia,Cross jelly,species,NA,1,NA,1,NA,12,NA,NA,14,NA,4,Mitrocoma cellularia,Cross jelly,2018_choked-pass_surface,choked pass,seagrass,2018-08-16,NA,2018,surface,1,edna_ch_i3_00,repeat-surface,biological,NA,NA,NA,NA,NA,NA,7.3,1000,0,51.67529798,-128.1193259,sand,NA,NA,NA,seagrass,zostera,seagrass_sand,zostera_sand,100,1.4886099999999998e-156,306,Metazoa,Cnidaria,Hydrozoa,Leptothecata,Mitrocomidae,Mitrocoma,0,0,TRUE,ASV354,2,Mitrocoma cellularia
edna0115,ASV1038,motu895,Clytia gregaria,Gregarious jellyfish,species,NA,1,NA,NA,NA,12,NA,NA,NA,NA,NA,Clytia gregaria,Gregarious jellyfish,2018_choked-pass_surface,choked pass,seagrass,2018-08-16,NA,2018,surface,1,edna_ch_i3_00,repeat-surface,biological,NA,NA,NA,NA,NA,NA,7.3,1000,0,51.67529798,-128.1193259,sand,NA,NA,NA,seagrass,zostera,seagrass_sand,zostera_sand,99.68,9.126599999999999e-159,310,Metazoa,Cnidaria,Hydrozoa,Leptothecata,Campanulariidae,Clytia,0,0,TRUE,ASV1038,2,Clytia gregaria
edna0115,ASV1187,motu1015,Balanus,Barnacle species,genus,NA,1,NA,NA,NA,3,NA,NA,NA,NA,NA,Balanus,Barnacle species,2018_choked-pass_surface,choked pass,seagrass,2018-08-16,NA,2018,surface,1,edna_ch_i3_00,repeat-surface,biological,NA,NA,NA,NA,NA,NA,7.3,1000,0,51.67529798,-128.1193259,sand,NA,NA,NA,seagrass,zostera,seagrass_sand,zostera_sand,100,1.4886099999999998e-156,306,Metazoa,Arthropoda,Arthropoda,Balanomorpha,Balanidae,Balanus,0,0,TRUE,ASV1187,5,NA
edna0115,ASV733,motu637,Phyllodocida,Polychaete,order,NA,1,NA,NA,NA,7,NA,NA,NA,NA,NA,Phyllodocida,Polychaete,2018_choked-pass_surface,choked pass,seagrass,2018-08-16,NA,2018,surface,1,edna_ch_i3_00,repeat-surface,biological,NA,NA,NA,NA,NA,NA,7.3,1000,0,51.67529798,-128.1193259,sand,NA,NA,NA,seagrass,zostera,seagrass_sand,zostera_sand,100,0.0603188,28,Metazoa,Annelida,Annelida,Phyllodocida,NA,NA,0,0,TRUE,ASV733,1,NA
edna0115,ASV679,motu591,Phyllodocida,Polychaete,order,NA,1,NA,NA,NA,5,NA,NA,NA,NA,NA,Phyllodocida,Polychaete,2018_choked-pass_surface,choked pass,seagrass,2018-08-16,NA,2018,surface,1,edna_ch_i3_00,repeat-surface,biological,NA,NA,NA,NA,NA,NA,7.3,1000,0,51.67529798,-128.1193259,sand,NA,NA,NA,seagrass,zostera,seagrass_sand,zostera_sand,100,0.0603188,28,Metazoa,Annelida,Annelida,Phyllodocida,NA,NA,0,0,TRUE,ASV679,1,NA
edna0115,ASV1546,motu1303,Chaetognatha,Arrow worm,phylum,NA,1,NA,NA,NA,19,NA,NA,NA,NA,NA,Chaetognatha,Arrow worm,2018_choked-pass_surface,choked pass,seagrass,2018-08-16,NA,2018,surface,1,edna_ch_i3_00,repeat-surface,biological,NA,NA,NA,NA,NA,NA,7.3,1000,0,51.67529798,-128.1193259,sand,NA,NA,NA,seagrass,zostera,seagrass_sand,zostera_sand,95.02,1.63074e-81,171,Metazoa,Chaetognatha,NA,NA,NA,NA,0,0,TRUE,ASV1546,2,NA
edna0115,ASV2147,motu1769,Asteriidae,Sea star,family,NA,1,NA,NA,NA,2,NA,NA,NA,NA,NA,Asteriidae,Sea star,2018_choked-pass_surface,choked pass,seagrass,2018-08-16,NA,2018,surface,1,edna_ch_i3_00,repeat-surface,biological,NA,NA,NA,NA,NA,NA,7.3,1000,0,51.67529798,-128.1193259,sand,NA,NA,NA,seagrass,zostera,seagrass_sand,zostera_sand,100,1.96163e-160,313,Metazoa,Echinodermata,Echinodermata,Forcipulatida,Asteriidae,NA,0,0,TRUE,ASV2147,1,NA
edna0115,ASV2138,motu470,Paracalanus,Calanoid copepod,genus,NA,1,NA,NA,NA,10,NA,NA,NA,NA,NA,Paracalanus parvus parvus,Calanoid copepod,2018_choked-pass_surface,choked pass,seagrass,2018-08-16,NA,2018,surface,1,edna_ch_i3_00,repeat-surface,biological,NA,NA,NA,NA,NA,NA,7.3,1000,0,51.67529798,-128.1193259,sand,NA,NA,NA,seagrass,zostera,seagrass_sand,zostera_sand,99.67,1.14177e-152,299,Metazoa,Arthropoda,Arthropoda,Calanoida,Paracalanidae,Paracalanus,0,0,TRUE,ASV536,6,NA
edna0115,ASV2296,motu1890,Insecta,Hexapod,class,NA,1,NA,NA,NA,4,NA,NA,NA,NA,NA,Insecta,Hexapod,2018_choked-pass_surface,choked pass,seagrass,2018-08-16,NA,2018,surface,1,edna_ch_i3_00,repeat-surface,biological,NA,NA,NA,NA,NA,NA,7.3,1000,0,51.67529798,-128.1193259,sand,NA,NA,NA,seagrass,zostera,seagrass_sand,zostera_sand,90.91,1.07393e-43,103,Metazoa,Arthropoda,Arthropoda,NA,NA,NA,NA,NA,TRUE,ASV2296,3,NA
edna0115,ASV3534,motu2809,Polypogon,Hexapod,genus,NA,1,NA,NA,NA,6,NA,NA,NA,NA,NA,Polypogon,Hexapod,2018_choked-pass_surface,choked pass,seagrass,2018-08-16,NA,2018,surface,1,edna_ch_i3_00,repeat-surface,biological,NA,NA,NA,NA,NA,NA,7.3,1000,0,51.67529798,-128.1193259,sand,NA,NA,NA,seagrass,zostera,seagrass_sand,zostera_sand,95.12,6.79151e-6,35,Metazoa,Arthropoda,Arthropoda,Lepidoptera,Noctuoidea,Polypogon,NA,NA,TRUE,ASV3534,1,NA
edna0115,ASV4237,motu1259,Membranipora,Bryozoan,genus,NA,1,NA,NA,NA,14,NA,NA,NA,NA,NA,Membranipora membranacea,Coffin box bryozoan,2018_choked-pass_surface,choked pass,seagrass,2018-08-16,NA,2018,surface,1,edna_ch_i3_00,repeat-surface,biological,NA,NA,NA,NA,NA,NA,7.3,1000,0,51.67529798,-128.1193259,sand,NA,NA,NA,seagrass,zostera,seagrass_sand,zostera_sand,99.35,7.002779999999996e-155,303,Metazoa,Bryozoa,Bryozoa,Cheilostomatida,Membraniporidae,Membranipora,0,0,TRUE,ASV1492,2,NA
edna0115,ASV3586,motu2841,Membranipora membranacea,Coffin box bryozoan,species,NA,1,NA,NA,NA,4,NA,NA,NA,NA,NA,Membranipora membranacea,Coffin box bryozoan,2018_choked-pass_surface,choked pass,seagrass,2018-08-16,NA,2018,surface,1,edna_ch_i3_00,repeat-surface,biological,NA,NA,NA,NA,NA,NA,7.3,1000,0,51.67529798,-128.1193259,sand,NA,NA,NA,seagrass,zostera,seagrass_sand,zostera_sand,99.64,7.2578e-140,276,Metazoa,Bryozoa,Gymnolaemata,Cheilostomatida,Membraniporidae,Membranipora,0,0,TRUE,ASV3586,2,Membranipora membranacea
edna0115,ASV1680,motu1405,Aurelia,Moon jelly species,genus,NA,1,NA,1,NA,3,NA,NA,6,NA,NA,Aurelia,Moon jelly species,2018_choked-pass_surface,choked pass,seagrass,2018-08-16,NA,2018,surface,1,edna_ch_i3_00,repeat-surface,biological,NA,NA,NA,NA,NA,NA,7.3,1000,0,51.67529798,-128.1193259,sand,NA,NA,NA,seagrass,zostera,seagrass_sand,zostera_sand,100,1.96163e-160,313,Metazoa,Cnidaria,Cnidaria,Semaeostomeae,Ulmaridae,Aurelia,0,0,TRUE,ASV1680,1,NA
edna0115,ASV5446,motu1168,Membranipora,Bryozoan,genus,NA,1,NA,NA,NA,10,NA,NA,NA,NA,NA,Membranipora membranacea,Coffin box bryozoan,2018_choked-pass_surface,choked pass,seagrass,2018-08-16,NA,2018,surface,1,edna_ch_i3_00,repeat-surface,biological,NA,NA,NA,NA,NA,NA,7.3,1000,0,51.67529798,-128.1193259,sand,NA,NA,NA,seagrass,zostera,seagrass_sand,zostera_sand,99.35,7.002779999999996e-155,303,Metazoa,Bryozoa,Bryozoa,Cheilostomatida,Membraniporidae,Membranipora,0,0,TRUE,ASV1384,2,NA
edna0115,ASV5566,motu4273,Ophidiaster,Sea star,genus,NA,1,NA,NA,NA,3,NA,NA,NA,NA,NA,Ophidiaster,Sea star,2018_choked-pass_surface,choked pass,seagrass,2018-08-16,NA,2018,surface,1,edna_ch_i3_00,repeat-surface,biological,NA,NA,NA,NA,NA,NA,7.3,1000,0,51.67529798,-128.1193259,sand,NA,NA,NA,seagrass,zostera,seagrass_sand,zostera_sand,95.12,6.57085e-6,35,Metazoa,Echinodermata,Echinodermata,Valvatida,Ophidiasteridae,Ophidiaster,0,0,TRUE,ASV5566,1,NA
edna0115,ASV5050,motu3892,Bolinopsis microptera,Short-lobed comb jelly,species,NA,1,NA,NA,NA,9,NA,NA,NA,NA,NA,Bolinopsis microptera,Short-lobed comb jelly,2018_choked-pass_surface,choked pass,seagrass,2018-08-16,NA,2018,surface,1,edna_ch_i3_00,repeat-surface,biological,NA,NA,NA,NA,NA,NA,7.3,1000,0,51.67529798,-128.1193259,sand,NA,NA,NA,seagrass,zostera,seagrass_sand,zostera_sand,100,1.96163e-160,313,Metazoa,Ctenophora,Tentaculata,Lobata,Bolinopsidae,Bolinopsis,0,0,TRUE,ASV5050,1,Bolinopsis microptera
edna0115,ASV5056,motu3896,Diphyidae,Siphonophore,family,NA,1,NA,1,NA,6,NA,NA,7,NA,NA,Diphyidae,Siphonophore,2018_choked-pass_surface,choked pass,seagrass,2018-08-16,NA,2018,surface,1,edna_ch_i3_00,repeat-surface,biological,NA,NA,NA,NA,NA,NA,7.3,1000,0,51.67529798,-128.1193259,sand,NA,NA,NA,seagrass,zostera,seagrass_sand,zostera_sand,92.17,5.874179999999994e-106,215,Metazoa,Cnidaria,Cnidaria,Siphonophorae,Diphyidae,NA,0,0,TRUE,ASV5056,1,NA
edna0115,ASV6513,motu5043,Campanulariidae,Thecate Hydroid,family,NA,1,NA,NA,NA,5,NA,NA,NA,NA,NA,Campanulariidae,Thecate Hydroid,2018_choked-pass_surface,choked pass,seagrass,2018-08-16,NA,2018,surface,1,edna_ch_i3_00,repeat-surface,biological,NA,NA,NA,NA,NA,NA,7.3,1000,0,51.67529798,-128.1193259,sand,NA,NA,NA,seagrass,zostera,seagrass_sand,zostera_sand,93.59,1.25111e-112,227,Metazoa,Cnidaria,Cnidaria,Leptothecata,Campanulariidae,NA,0,0,TRUE,ASV6513,1,NA
edna0108,ASV233,motu74,Euchlanidae,Rotifer,family,NA,1,NA,NA,NA,25,NA,NA,NA,NA,NA,No Results,No Results,2018_sni1_surface,sni1,beach_seine,2018-07-18,2018-07-16,2018,surface,3,edna_sni1_30,surface,biological,11.2,29.61,8.1,9.1,3126,7.79,3.6,1000,0,51.83867217,-128.0597179,mud,n,80,p,seagrass,zostera,seagrass_mud,zostera_mud,91.35,3.005919999999998e-29,77,Metazoa,Rotifera,Rotifera,Ploima,Euchlanidae,NA,1,NA,TRUE,ASV84,2,NA
edna0108,ASV226,motu199,Mytilus trossulus,Bay mussel,species,NA,1,1,1,NA,100,26,NA,57,NA,41,Mytilus trossulus,Bay mussel,2018_sni1_surface,sni1,beach_seine,2018-07-18,2018-07-16,2018,surface,3,edna_sni1_30,surface,biological,11.2,29.61,8.1,9.1,3126,7.79,3.6,1000,0,51.83867217,-128.0597179,mud,n,80,p,seagrass,zostera,seagrass_mud,zostera_mud,100,3.2351099999999996e-158,309,Metazoa,Mollusca,Mollusca,Mytilida,Mytilidae,Mytilus,0,0,TRUE,ASV226,18,Mytilus trossulus
edna0108,ASV242,motu213,Balanus glandula,Acorn barnacle,species,NA,1,NA,NA,NA,8,NA,NA,NA,NA,NA,Balanus glandula,Acorn barnacle,2018_sni1_surface,sni1,beach_seine,2018-07-18,2018-07-16,2018,surface,3,edna_sni1_30,surface,biological,11.2,29.61,8.1,9.1,3126,7.79,3.6,1000,0,51.83867217,-128.0597179,mud,n,80,p,seagrass,zostera,seagrass_mud,zostera_mud,100,3.2351099999999996e-158,309,Metazoa,Arthropoda,Thecostraca,Balanomorpha,Balanidae,Balanus,0,0,TRUE,ASV242,15,Balanus glandula
edna0108,ASV744,motu648,Evasterias troschelii,False ochre star,species,NA,1,NA,NA,NA,9,NA,NA,NA,NA,NA,Evasterias troschelii,False ochre star,2018_sni1_surface,sni1,beach_seine,2018-07-18,2018-07-16,2018,surface,3,edna_sni1_30,surface,biological,11.2,29.61,8.1,9.1,3126,7.79,3.6,1000,0,51.83867217,-128.0597179,mud,n,80,p,seagrass,zostera,seagrass_mud,zostera_mud,100,1.96163e-160,313,Metazoa,Echinodermata,Asteroidea,Forcipulatida,Asteriidae,Evasterias,0,0,TRUE,ASV744,1,Evasterias troschelii
edna0108,ASV865,motu753,Parastenocarididae,Harpacticoid copepod,family,NA,1,NA,NA,NA,30,NA,NA,NA,NA,NA,Parastenocarididae,Harpacticoid copepod,2018_sni1_surface,sni1,beach_seine,2018-07-18,2018-07-16,2018,surface,3,edna_sni1_30,surface,biological,11.2,29.61,8.1,9.1,3126,7.79,3.6,1000,0,51.83867217,-128.0597179,mud,n,80,p,seagrass,zostera,seagrass_mud,zostera_mud,94.59,0.00408744,30,Metazoa,Arthropoda,Arthropoda,Harpacticoida,Parastenocarididae,NA,1,0,TRUE,ASV865,1,NA
edna0108,ASV772,motu672,Parastenocarididae,Harpacticoid copepod,family,NA,1,NA,NA,NA,23,NA,NA,NA,NA,NA,Parastenocarididae,Harpacticoid copepod,2018_sni1_surface,sni1,beach_seine,2018-07-18,2018-07-16,2018,surface,3,edna_sni1_30,surface,biological,11.2,29.61,8.1,9.1,3126,7.79,3.6,1000,0,51.83867217,-128.0597179,mud,n,80,p,seagrass,zostera,seagrass_mud,zostera_mud,94.59,0.00408744,30,Metazoa,Arthropoda,Arthropoda,Harpacticoida,Parastenocarididae,NA,1,0,TRUE,ASV772,1,NA
edna0108,ASV1384,motu1168,Membranipora membranacea,Coffin box bryozoan,species,NA,1,NA,NA,NA,23,NA,NA,NA,NA,NA,Membranipora membranacea,Coffin box bryozoan,2018_sni1_surface,sni1,beach_seine,2018-07-18,2018-07-16,2018,surface,3,edna_sni1_30,surface,biological,11.2,29.61,8.1,9.1,3126,7.79,3.6,1000,0,51.83867217,-128.0597179,mud,n,80,p,seagrass,zostera,seagrass_mud,zostera_mud,100,9.252979999999995e-139,274,Metazoa,Bryozoa,Gymnolaemata,Cheilostomatida,Membraniporidae,Membranipora,0,0,TRUE,ASV1384,2,Membranipora membranacea
edna0108,ASV1546,motu1303,Chaetognatha,Arrow worm,phylum,NA,1,NA,NA,NA,19,NA,NA,NA,NA,NA,Chaetognatha,Arrow worm,2018_sni1_surface,sni1,beach_seine,2018-07-18,2018-07-16,2018,surface,3,edna_sni1_30,surface,biological,11.2,29.61,8.1,9.1,3126,7.79,3.6,1000,0,51.83867217,-128.0597179,mud,n,80,p,seagrass,zostera,seagrass_mud,zostera_mud,95.02,1.63074e-81,171,Metazoa,Chaetognatha,NA,NA,NA,NA,0,0,TRUE,ASV1546,2,NA
edna0108,ASV1791,motu1494,Saxidomus nuttalli,California butterclam,species,NA,1,NA,NA,NA,8,NA,NA,NA,NA,NA,Saxidomus nuttalli,California butterclam,2018_sni1_surface,sni1,beach_seine,2018-07-18,2018-07-16,2018,surface,3,edna_sni1_30,surface,biological,11.2,29.61,8.1,9.1,3126,7.79,3.6,1000,0,51.83867217,-128.0597179,mud,n,80,p,seagrass,zostera,seagrass_mud,zostera_mud,99.68,4.246189999999999e-157,307,Metazoa,Mollusca,Bivalvia,Venerida,Veneridae,Saxidomus,0,0,TRUE,ASV1791,2,Saxidomus nuttalli
edna0108,ASV2031,motu1681,Membranipora membranacea,Coffin box bryozoan,species,NA,1,NA,NA,NA,19,NA,NA,NA,NA,NA,Membranipora membranacea,Coffin box bryozoan,2018_sni1_surface,sni1,beach_seine,2018-07-18,2018-07-16,2018,surface,3,edna_sni1_30,surface,biological,11.2,29.61,8.1,9.1,3126,7.79,3.6,1000,0,51.83867217,-128.0597179,mud,n,80,p,seagrass,zostera,seagrass_mud,zostera_mud,100,9.252979999999995e-139,274,Metazoa,Bryozoa,Gymnolaemata,Cheilostomatida,Membraniporidae,Membranipora,0,0,TRUE,ASV2031,1,Membranipora membranacea
edna0108,ASV2518,motu2051,Chaetognatha,Arrow worm,phylum,NA,1,NA,NA,NA,19,NA,NA,NA,NA,NA,Chaetognatha,Arrow worm,2018_sni1_surface,sni1,beach_seine,2018-07-18,2018-07-16,2018,surface,3,edna_sni1_30,surface,biological,11.2,29.61,8.1,9.1,3126,7.79,3.6,1000,0,51.83867217,-128.0597179,mud,n,80,p,seagrass,zostera,seagrass_mud,zostera_mud,96.52,1.6192399999999998e-86,180,Metazoa,Chaetognatha,NA,NA,NA,NA,0,0,TRUE,ASV2518,1,NA
edna0108,ASV1057,motu909,Orobdella,Freshwater leech,genus,NA,1,NA,NA,NA,14,NA,NA,NA,NA,NA,Orobdella,Freshwater leech,2018_sni1_surface,sni1,beach_seine,2018-07-18,2018-07-16,2018,surface,3,edna_sni1_30,surface,biological,11.2,29.61,8.1,9.1,3126,7.79,3.6,1000,0,51.83867217,-128.0597179,mud,n,80,p,seagrass,zostera,seagrass_mud,zostera_mud,97.06,0.0011939,31,Metazoa,Annelida,Annelida,Erpobdelliformes,Orobdellidae,Orobdella,NA,NA,TRUE,ASV1057,1,NA
edna0108,ASV2364,motu1940,Membranipora membranacea,Coffin box bryozoan,species,NA,1,NA,NA,NA,9,NA,NA,NA,NA,NA,Membranipora membranacea,Coffin box bryozoan,2018_sni1_surface,sni1,beach_seine,2018-07-18,2018-07-16,2018,surface,3,edna_sni1_30,surface,biological,11.2,29.61,8.1,9.1,3126,7.79,3.6,1000,0,51.83867217,-128.0597179,mud,n,80,p,seagrass,zostera,seagrass_mud,zostera_mud,100,9.252979999999995e-139,274,Metazoa,Bryozoa,Gymnolaemata,Cheilostomatida,Membraniporidae,Membranipora,0,0,TRUE,ASV2364,1,Membranipora membranacea
edna0108,ASV2930,motu2362,Chaetognatha,Arrow worm,phylum,NA,1,NA,NA,NA,15,NA,NA,NA,NA,NA,Chaetognatha,Arrow worm,2018_sni1_surface,sni1,beach_seine,2018-07-18,2018-07-16,2018,surface,3,edna_sni1_30,surface,biological,11.2,29.61,8.1,9.1,3126,7.79,3.6,1000,0,51.83867217,-128.0597179,mud,n,80,p,seagrass,zostera,seagrass_mud,zostera_mud,98.01,1.6078299999999998e-91,189,Metazoa,Chaetognatha,NA,NA,NA,NA,0,0,TRUE,ASV2930,1,NA
edna0108,ASV2807,motu1655,Notomastus,Capitellid polychaete,genus,NA,1,NA,NA,NA,7,NA,NA,NA,NA,NA,Notomastus,Capitellid polychaete,2018_sni1_surface,sni1,beach_seine,2018-07-18,2018-07-16,2018,surface,3,edna_sni1_30,surface,biological,11.2,29.61,8.1,9.1,3126,7.79,3.6,1000,0,51.83867217,-128.0597179,mud,n,80,p,seagrass,zostera,seagrass_mud,zostera_mud,100,1.96163e-160,313,Metazoa,Annelida,Polychaeta,NA,Capitellidae,Notomastus,0,0,TRUE,ASV1997,2,NA
edna0108,ASV2792,motu2255,Platynereis,Ragworm,genus,NA,1,NA,NA,NA,8,NA,NA,NA,NA,NA,Platynereis,Ragworm,2018_sni1_surface,sni1,beach_seine,2018-07-18,2018-07-16,2018,surface,3,edna_sni1_30,surface,biological,11.2,29.61,8.1,9.1,3126,7.79,3.6,1000,0,51.83867217,-128.0597179,mud,n,80,p,seagrass,zostera,seagrass_mud,zostera_mud,100,5.334159999999996e-156,305,Metazoa,Annelida,Polychaeta,Phyllodocida,Nereididae,Platynereis,0,0,TRUE,ASV2792,1,NA
edna0108,ASV3534,motu2809,Polypogon,Hexapod,genus,NA,1,NA,NA,NA,11,NA,NA,NA,NA,NA,Polypogon,Hexapod,2018_sni1_surface,sni1,beach_seine,2018-07-18,2018-07-16,2018,surface,3,edna_sni1_30,surface,biological,11.2,29.61,8.1,9.1,3126,7.79,3.6,1000,0,51.83867217,-128.0597179,mud,n,80,p,seagrass,zostera,seagrass_mud,zostera_mud,95.12,6.79151e-6,35,Metazoa,Arthropoda,Arthropoda,Lepidoptera,Noctuoidea,Polypogon,NA,NA,TRUE,ASV3534,1,NA
edna0108,ASV3399,motu2343,Tubulanus,Ribbon worm,genus,NA,1,1,1,NA,62,19,NA,NA,NA,28,Tubulanus,Ribbon worm,2018_sni1_surface,sni1,beach_seine,2018-07-18,2018-07-16,2018,surface,3,edna_sni1_30,surface,biological,11.2,29.61,8.1,9.1,3126,7.79,3.6,1000,0,51.83867217,-128.0597179,mud,n,80,p,seagrass,zostera,seagrass_mud,zostera_mud,99.67,3.305809999999998e-153,300,Metazoa,Nemertea,Palaeonemertea,Tubulaniformes,Tubulanidae,Tubulanus,0,0,TRUE,ASV2902,2,NA
edna0108,ASV3829,motu1191,Membranipora membranacea,Coffin box bryozoan,species,NA,1,NA,NA,NA,6,NA,NA,NA,NA,NA,Membranipora membranacea,Coffin box bryozoan,2018_sni1_surface,sni1,beach_seine,2018-07-18,2018-07-16,2018,surface,3,edna_sni1_30,surface,biological,11.2,29.61,8.1,9.1,3126,7.79,3.6,1000,0,51.83867217,-128.0597179,mud,n,80,p,seagrass,zostera,seagrass_mud,zostera_mud,100,5.610619999999999e-141,278,Metazoa,Bryozoa,Gymnolaemata,Cheilostomatida,Membraniporidae,Membranipora,0,0,TRUE,ASV1410,2,Membranipora membranacea
edna0108,ASV4803,motu3714,Amphipholis squamata,Dwarf brittle star,species,NA,1,NA,NA,NA,35,NA,NA,NA,NA,NA,Amphipholis squamata,Dwarf brittle star,2018_sni1_surface,sni1,beach_seine,2018-07-18,2018-07-16,2018,surface,3,edna_sni1_30,surface,biological,11.2,29.61,8.1,9.1,3126,7.79,3.6,1000,0,51.83867217,-128.0597179,mud,n,80,p,seagrass,zostera,seagrass_mud,zostera_mud,100,3.2351099999999996e-158,309,Metazoa,Echinodermata,Ophiuroidea,Amphilepidida,Amphiuridae,Amphipholis,0,0,TRUE,ASV4803,1,Amphipholis squamata
edna0108,ASV6324,motu4886,Campanulariidae,Thecate Hydroid,family,NA,1,NA,NA,NA,3,NA,NA,NA,NA,NA,Campanulariidae,Thecate Hydroid,2018_sni1_surface,sni1,beach_seine,2018-07-18,2018-07-16,2018,surface,3,edna_sni1_30,surface,biological,11.2,29.61,8.1,9.1,3126,7.79,3.6,1000,0,51.83867217,-128.0597179,mud,n,80,p,seagrass,zostera,seagrass_mud,zostera_mud,93.24,5.82086e-111,224,Metazoa,Cnidaria,Cnidaria,Leptothecata,Campanulariidae,NA,0,0,TRUE,ASV6324,1,NA
edna0108,ASV5030,motu1896,Membranipora membranacea,Coffin box bryozoan,species,NA,1,NA,NA,NA,7,NA,NA,NA,NA,NA,Membranipora membranacea,Coffin box bryozoan,2018_sni1_surface,sni1,beach_seine,2018-07-18,2018-07-16,2018,surface,3,edna_sni1_30,surface,biological,11.2,29.61,8.1,9.1,3126,7.79,3.6,1000,0,51.83867217,-128.0597179,mud,n,80,p,seagrass,zostera,seagrass_mud,zostera_mud,99.64,7.2578e-140,276,Metazoa,Bryozoa,Gymnolaemata,Cheilostomatida,Membraniporidae,Membranipora,0,0,TRUE,ASV2302,3,Membranipora membranacea
edna0108,ASV7713,motu6066,Nereis vexillosa,Mussel worm,species,NA,1,NA,NA,NA,2,NA,NA,NA,NA,NA,Nereis vexillosa,Mussel worm,2018_sni1_surface,sni1,beach_seine,2018-07-18,2018-07-16,2018,surface,3,edna_sni1_30,surface,biological,11.2,29.61,8.1,9.1,3126,7.79,3.6,1000,0,51.83867217,-128.0597179,mud,n,80,p,seagrass,zostera,seagrass_mud,zostera_mud,100,2.0011299999999987e-160,313,Metazoa,Annelida,Polychaeta,Phyllodocida,Nereididae,Nereis,0,0,TRUE,ASV7713,1,Nereis vexillosa
edna0113,ASV258,motu228,Lensia,Siphonophore,genus,NA,1,NA,NA,NA,20,NA,NA,NA,NA,NA,Lensia,Siphonophore,2018_koeye-estuary_surface,koeye estuary,seagrass,2018-08-14,NA,2018,surface,2,edna_ko_e3_15,repeat-surface,biological,14.6,29.62,8.15,14,29.83,8.15,3.6,1000,0,51.77943387,-127.8717879,sand,NA,NA,NA,seagrass,zostera,seagrass_sand,zostera_sand,100,0.00408744,30,Metazoa,Cnidaria,Cnidaria,Siphonophorae,Diphyidae,Lensia,0,0,TRUE,ASV258,1,NA
edna0113,ASV343,motu303,Pseudocalanus mimus,Calanoid copepod,species,NA,1,NA,NA,NA,110,NA,NA,NA,NA,NA,Pseudocalanus mimus,Calanoid copepod,2018_koeye-estuary_surface,koeye estuary,seagrass,2018-08-14,NA,2018,surface,2,edna_ko_e3_15,repeat-surface,biological,14.6,29.62,8.15,14,29.83,8.15,3.6,1000,0,51.77943387,-127.8717879,sand,NA,NA,NA,seagrass,zostera,seagrass_sand,zostera_sand,99.67,9.19139e-154,301,Metazoa,Arthropoda,Copepoda,Calanoida,Clausocalanidae,Pseudocalanus,0,0,TRUE,ASV343,11,Pseudocalanus mimus
edna0113,ASV233,motu74,Euchlanidae,Rotifer,family,NA,1,NA,1,NA,23,NA,28,NA,NA,NA,No Results,No Results,2018_koeye-estuary_surface,koeye estuary,seagrass,2018-08-14,NA,2018,surface,2,edna_ko_e3_15,repeat-surface,biological,14.6,29.62,8.15,14,29.83,8.15,3.6,1000,0,51.77943387,-127.8717879,sand,NA,NA,NA,seagrass,zostera,seagrass_sand,zostera_sand,91.35,3.005919999999998e-29,77,Metazoa,Rotifera,Rotifera,Ploima,Euchlanidae,NA,1,NA,TRUE,ASV84,2,NA
edna0113,ASV452,motu183,Euchlanidae,Rotifer,family,NA,1,NA,NA,NA,50,NA,NA,NA,NA,NA,No Results,No Results,2018_koeye-estuary_surface,koeye estuary,seagrass,2018-08-14,NA,2018,surface,2,edna_ko_e3_15,repeat-surface,biological,14.6,29.62,8.15,14,29.83,8.15,3.6,1000,0,51.77943387,-127.8717879,sand,NA,NA,NA,seagrass,zostera,seagrass_sand,zostera_sand,91.35,3.005919999999998e-29,77,Metazoa,Rotifera,Rotifera,Ploima,Euchlanidae,NA,1,NA,TRUE,ASV208,2,NA
edna0113,ASV280,motu190,Mytilus,Mussel species,genus,NA,1,NA,1,NA,10,NA,5,NA,NA,NA,Mytilus trossulus,Bay mussel,2018_koeye-estuary_surface,koeye estuary,seagrass,2018-08-14,NA,2018,surface,2,edna_ko_e3_15,repeat-surface,biological,14.6,29.62,8.15,14,29.83,8.15,3.6,1000,0,51.77943387,-127.8717879,sand,NA,NA,NA,seagrass,zostera,seagrass_sand,zostera_sand,100,3.2351099999999996e-158,309,Metazoa,Mollusca,Mollusca,Mytilida,Mytilidae,Mytilus,0,0,TRUE,ASV216,23,NA
edna0113,ASV580,motu150,Pseudocalanus mimus,Calanoid copepod,species,NA,1,NA,NA,NA,57,NA,NA,NA,NA,NA,Pseudocalanus mimus,Calanoid copepod,2018_koeye-estuary_surface,koeye estuary,seagrass,2018-08-14,NA,2018,surface,2,edna_ko_e3_15,repeat-surface,biological,14.6,29.62,8.15,14,29.83,8.15,3.6,1000,0,51.77943387,-127.8717879,sand,NA,NA,NA,seagrass,zostera,seagrass_sand,zostera_sand,99.67,9.19139e-154,301,Metazoa,Arthropoda,Copepoda,Calanoida,Clausocalanidae,Pseudocalanus,0,0,TRUE,ASV171,10,Pseudocalanus mimus
edna0113,ASV595,motu522,Cecidomyiidae,Hexapod,genus,NA,1,NA,NA,NA,3,NA,NA,NA,NA,NA,Cecidomyiidae,Hexapod,2018_koeye-estuary_surface,koeye estuary,seagrass,2018-08-14,NA,2018,surface,2,edna_ko_e3_15,repeat-surface,biological,14.6,29.62,8.15,14,29.83,8.15,3.6,1000,0,51.77943387,-127.8717879,sand,NA,NA,NA,seagrass,zostera,seagrass_sand,zostera_sand,100,0.00408744,30,Metazoa,Arthropoda,Arthropoda,Diptera,Cecidomyiidae,Cecidomyiidae,NA,NA,TRUE,ASV595,1,NA
edna0113,ASV232,motu204,Cecidomyiidae,Hexapod,genus,NA,1,NA,NA,NA,3,NA,NA,NA,NA,NA,Cecidomyiidae,Hexapod,2018_koeye-estuary_surface,koeye estuary,seagrass,2018-08-14,NA,2018,surface,2,edna_ko_e3_15,repeat-surface,biological,14.6,29.62,8.15,14,29.83,8.15,3.6,1000,0,51.77943387,-127.8717879,sand,NA,NA,NA,seagrass,zostera,seagrass_sand,zostera_sand,100,0.00408744,30,Metazoa,Arthropoda,Arthropoda,Diptera,Cecidomyiidae,Cecidomyiidae,NA,NA,TRUE,ASV232,1,NA
edna0113,ASV739,motu643,Pseudocalanus mimus,Calanoid copepod,species,NA,1,NA,NA,NA,30,NA,NA,NA,NA,NA,Pseudocalanus mimus,Calanoid copepod,2018_koeye-estuary_surface,koeye estuary,seagrass,2018-08-14,NA,2018,surface,2,edna_ko_e3_15,repeat-surface,biological,14.6,29.62,8.15,14,29.83,8.15,3.6,1000,0,51.77943387,-127.8717879,sand,NA,NA,NA,seagrass,zostera,seagrass_sand,zostera_sand,99.67,9.19139e-154,301,Metazoa,Arthropoda,Copepoda,Calanoida,Clausocalanidae,Pseudocalanus,0,0,TRUE,ASV739,3,Pseudocalanus mimus
edna0113,ASV1475,motu1246,Cyanea,Lions mane jellyfish species,genus,NA,1,NA,NA,NA,13,NA,NA,NA,NA,NA,Cyanea,Lions mane jellyfish species,2018_koeye-estuary_surface,koeye estuary,seagrass,2018-08-14,NA,2018,surface,2,edna_ko_e3_15,repeat-surface,biological,14.6,29.62,8.15,14,29.83,8.15,3.6,1000,0,51.77943387,-127.8717879,sand,NA,NA,NA,seagrass,zostera,seagrass_sand,zostera_sand,100,3.2351099999999996e-158,309,Metazoa,Cnidaria,Scyphozoa,Semaeostomeae,Cyaneidae,Cyanea,0,0,TRUE,ASV1475,2,NA
edna0113,ASV1986,motu22,Acartia (Acartiura) longiremis,Calanoid copepod,species,NA,1,NA,NA,NA,50,NA,NA,NA,NA,NA,Acartia (Acartiura) longiremis,Calanoid copepod,2018_koeye-estuary_surface,koeye estuary,seagrass,2018-08-14,NA,2018,surface,2,edna_ko_e3_15,repeat-surface,biological,14.6,29.62,8.15,14,29.83,8.15,3.6,1000,0,51.77943387,-127.8717879,sand,NA,NA,NA,seagrass,zostera,seagrass_sand,zostera_sand,99.68,9.126599999999999e-159,310,Metazoa,Arthropoda,Copepoda,Calanoida,Acartiidae,Acartia,0,0,TRUE,ASV25,27,Acartia (Acartiura) longiremis
edna0113,ASV2309,motu71,Acartia (Acartiura) longiremis,Calanoid copepod,species,NA,1,NA,NA,NA,40,NA,NA,NA,NA,NA,Acartia (Acartiura) longiremis,Calanoid copepod,2018_koeye-estuary_surface,koeye estuary,seagrass,2018-08-14,NA,2018,surface,2,edna_ko_e3_15,repeat-surface,biological,14.6,29.62,8.15,14,29.83,8.15,3.6,1000,0,51.77943387,-127.8717879,sand,NA,NA,NA,seagrass,zostera,seagrass_sand,zostera_sand,99.68,9.126599999999999e-159,310,Metazoa,Arthropoda,Copepoda,Calanoida,Acartiidae,Acartia,0,0,TRUE,ASV81,23,Acartia (Acartiura) longiremis
edna0113,ASV1057,motu909,Orobdella,Freshwater leech,genus,NA,1,NA,NA,NA,5,NA,NA,NA,NA,NA,Orobdella,Freshwater leech,2018_koeye-estuary_surface,koeye estuary,seagrass,2018-08-14,NA,2018,surface,2,edna_ko_e3_15,repeat-surface,biological,14.6,29.62,8.15,14,29.83,8.15,3.6,1000,0,51.77943387,-127.8717879,sand,NA,NA,NA,seagrass,zostera,seagrass_sand,zostera_sand,97.06,0.0011939,31,Metazoa,Annelida,Annelida,Erpobdelliformes,Orobdellidae,Orobdella,NA,NA,TRUE,ASV1057,1,NA
edna0113,ASV2402,motu1965,Chaetognatha,Arrow worm,phylum,NA,1,NA,NA,NA,5,NA,NA,NA,NA,NA,Chaetognatha,Arrow worm,2018_koeye-estuary_surface,koeye estuary,seagrass,2018-08-14,NA,2018,surface,2,edna_ko_e3_15,repeat-surface,biological,14.6,29.62,8.15,14,29.83,8.15,3.6,1000,0,51.77943387,-127.8717879,sand,NA,NA,NA,seagrass,zostera,seagrass_sand,zostera_sand,96.52,1.6192399999999998e-86,180,Metazoa,Chaetognatha,NA,NA,NA,NA,0,0,TRUE,ASV2402,1,NA
edna0113,ASV2856,motu303,Pseudocalanus mimus,Calanoid copepod,species,NA,1,NA,NA,NA,40,NA,NA,NA,NA,NA,Pseudocalanus mimus,Calanoid copepod,2018_koeye-estuary_surface,koeye estuary,seagrass,2018-08-14,NA,2018,surface,2,edna_ko_e3_15,repeat-surface,biological,14.6,29.62,8.15,14,29.83,8.15,3.6,1000,0,51.77943387,-127.8717879,sand,NA,NA,NA,seagrass,zostera,seagrass_sand,zostera_sand,99.34,4.27634e-152,298,Metazoa,Arthropoda,Copepoda,Calanoida,Clausocalanidae,Pseudocalanus,0,0,TRUE,ASV343,11,Pseudocalanus mimus
edna0113,ASV2099,motu150,Pseudocalanus mimus,Calanoid copepod,species,NA,1,NA,NA,NA,46,NA,NA,NA,NA,NA,Pseudocalanus mimus,Calanoid copepod,2018_koeye-estuary_surface,koeye estuary,seagrass,2018-08-14,NA,2018,surface,2,edna_ko_e3_15,repeat-surface,biological,14.6,29.62,8.15,14,29.83,8.15,3.6,1000,0,51.77943387,-127.8717879,sand,NA,NA,NA,seagrass,zostera,seagrass_sand,zostera_sand,99.34,4.27634e-152,298,Metazoa,Arthropoda,Copepoda,Calanoida,Clausocalanidae,Pseudocalanus,0,0,TRUE,ASV171,10,Pseudocalanus mimus
edna0116,ASV258,motu228,Lensia,Siphonophore,genus,NA,1,NA,NA,NA,4,NA,NA,NA,NA,NA,Lensia,Siphonophore,2018_choked-pass_surface,choked pass,seagrass,2018-08-16,NA,2018,surface,2,edna_ch_i3_15,repeat-surface,biological,11.1,31.85,7.9,10.4,31.98,7.9,7.3,1000,0,51.67531843,-128.1195572,sand,NA,NA,NA,seagrass,zostera,seagrass_sand,zostera_sand,100,0.00408744,30,Metazoa,Cnidaria,Cnidaria,Siphonophorae,Diphyidae,Lensia,0,0,TRUE,ASV258,1,NA
edna0116,ASV251,motu105,Mesocentrotus franciscanus,Red sea urchin,species,NA,1,NA,NA,NA,2,NA,NA,NA,NA,NA,Mesocentrotus franciscanus,Red sea urchin,2018_choked-pass_surface,choked pass,seagrass,2018-08-16,NA,2018,surface,2,edna_ch_i3_15,repeat-surface,biological,11.1,31.85,7.9,10.4,31.98,7.9,7.3,1000,0,51.67531843,-128.1195572,sand,NA,NA,NA,seagrass,zostera,seagrass_sand,zostera_sand,100,7.02982e-160,312,Metazoa,Echinodermata,Echinoidea,Camarodonta,Strongylocentrotidae,Mesocentrotus,0,0,TRUE,ASV118,8,Mesocentrotus franciscanus
edna0116,ASV452,motu183,Euchlanidae,Rotifer,family,NA,1,NA,NA,NA,54,NA,NA,NA,NA,NA,No Results,No Results,2018_choked-pass_surface,choked pass,seagrass,2018-08-16,NA,2018,surface,2,edna_ch_i3_15,repeat-surface,biological,11.1,31.85,7.9,10.4,31.98,7.9,7.3,1000,0,51.67531843,-128.1195572,sand,NA,NA,NA,seagrass,zostera,seagrass_sand,zostera_sand,91.35,3.005919999999998e-29,77,Metazoa,Rotifera,Rotifera,Ploima,Euchlanidae,NA,1,NA,TRUE,ASV208,2,NA
edna0116,ASV580,motu150,Pseudocalanus mimus,Calanoid copepod,species,NA,1,1,NA,NA,139,48,NA,NA,NA,NA,Pseudocalanus mimus,Calanoid copepod,2018_choked-pass_surface,choked pass,seagrass,2018-08-16,NA,2018,surface,2,edna_ch_i3_15,repeat-surface,biological,11.1,31.85,7.9,10.4,31.98,7.9,7.3,1000,0,51.67531843,-128.1195572,sand,NA,NA,NA,seagrass,zostera,seagrass_sand,zostera_sand,99.67,9.19139e-154,301,Metazoa,Arthropoda,Copepoda,Calanoida,Clausocalanidae,Pseudocalanus,0,0,TRUE,ASV171,10,Pseudocalanus mimus
edna0116,ASV324,motu285,Paracalanus parvus parvus,Calanoid copepod,species,NA,1,NA,1,NA,3,NA,9,NA,NA,NA,Paracalanus parvus parvus,Calanoid copepod,2018_choked-pass_surface,choked pass,seagrass,2018-08-16,NA,2018,surface,2,edna_ch_i3_15,repeat-surface,biological,11.1,31.85,7.9,10.4,31.98,7.9,7.3,1000,0,51.67531843,-128.1195572,sand,NA,NA,NA,seagrass,zostera,seagrass_sand,zostera_sand,100,1.17454e-132,263,Metazoa,Arthropoda,Copepoda,Calanoida,Paracalanidae,Paracalanus,0,0,TRUE,ASV324,6,Paracalanus parvus parvus
edna0116,ASV1546,motu1303,Chaetognatha,Arrow worm,phylum,NA,1,NA,NA,NA,6,NA,NA,NA,NA,NA,Chaetognatha,Arrow worm,2018_choked-pass_surface,choked pass,seagrass,2018-08-16,NA,2018,surface,2,edna_ch_i3_15,repeat-surface,biological,11.1,31.85,7.9,10.4,31.98,7.9,7.3,1000,0,51.67531843,-128.1195572,sand,NA,NA,NA,seagrass,zostera,seagrass_sand,zostera_sand,95.02,1.63074e-81,171,Metazoa,Chaetognatha,NA,NA,NA,NA,0,0,TRUE,ASV1546,2,NA
edna0116,ASV1125,motu968,Halosydna brevisetosa,Shortscaled worm,species,NA,1,NA,NA,NA,6,NA,NA,NA,NA,NA,Halosydna brevisetosa,Shortscaled worm,2018_choked-pass_surface,choked pass,seagrass,2018-08-16,NA,2018,surface,2,edna_ch_i3_15,repeat-surface,biological,11.1,31.85,7.9,10.4,31.98,7.9,7.3,1000,0,51.67531843,-128.1195572,sand,NA,NA,NA,seagrass,zostera,seagrass_sand,zostera_sand,100,1.96163e-160,313,Metazoa,Annelida,Polychaeta,Phyllodocida,Polynoidae,Halosydna,0,0,TRUE,ASV1125,1,Halosydna brevisetosa
edna0116,ASV2490,motu2027,Phacellophora camtschatica,Fried egg jellyfish,species,NA,1,NA,NA,NA,3,NA,NA,NA,NA,NA,Phacellophora camtschatica,Fried egg jellyfish,2018_choked-pass_surface,choked pass,seagrass,2018-08-16,NA,2018,surface,2,edna_ch_i3_15,repeat-surface,biological,11.1,31.85,7.9,10.4,31.98,7.9,7.3,1000,0,51.67531843,-128.1195572,sand,NA,NA,NA,seagrass,zostera,seagrass_sand,zostera_sand,100,1.96163e-160,313,Metazoa,Cnidaria,Scyphozoa,Semaeostomeae,Phacellophoridae,Phacellophora,0,0,TRUE,ASV2490,1,Phacellophora camtschatica
edna0116,ASV2731,motu2213,Pachylaelapidae,Mite,genus,NA,1,NA,NA,NA,2,NA,NA,NA,NA,NA,Pachylaelapidae,Mite,2018_choked-pass_surface,choked pass,seagrass,2018-08-16,NA,2018,surface,2,edna_ch_i3_15,repeat-surface,biological,11.1,31.85,7.9,10.4,31.98,7.9,7.3,1000,0,51.67531843,-128.1195572,sand,NA,NA,NA,seagrass,zostera,seagrass_sand,zostera_sand,100,0.00408744,30,Metazoa,Arthropoda,Arthropoda,Mesostigmata,NA,Pachylaelapidae,NA,NA,TRUE,ASV2731,2,NA
edna0116,ASV4690,motu3640,Potential chimera,Potential chimera,species,NA,1,NA,NA,NA,3,NA,NA,NA,NA,NA,Potential chimera,Potential chimera,2018_choked-pass_surface,choked pass,seagrass,2018-08-16,NA,2018,surface,2,edna_ch_i3_15,repeat-surface,biological,11.1,31.85,7.9,10.4,31.98,7.9,7.3,1000,0,51.67531843,-128.1195572,sand,NA,NA,NA,seagrass,zostera,seagrass_sand,zostera_sand,97.3,2.33684e-5,34,Metazoa,Arthropoda,Arthropoda,Hymenoptera,Apoidea,Tachysphex,NA,NA,TRUE,ASV4690,1,Potential chimera
edna0117,ASV34,motu31,Centropages abdominalis,Calanoid copepod,species,NA,1,NA,1,NA,5,NA,7,11,NA,NA,Centropages abdominalis,Calanoid copepod,2018_choked-pass_surface,choked pass,seagrass,2018-08-16,NA,2018,surface,3,edna_ch_i3_30,repeat-surface,biological,NA,NA,NA,NA,NA,NA,7.3,1000,0,51.67533222,-128.1197834,sand,NA,NA,NA,seagrass,zostera,seagrass_sand,zostera_sand,100,1.96163e-160,313,Metazoa,Arthropoda,Copepoda,Calanoida,Centropagidae,Centropages,0,0,TRUE,ASV34,19,Centropages abdominalis
edna0117,ASV131,motu117,Lensia,Siphonophore,genus,NA,1,NA,NA,NA,8,NA,NA,NA,NA,NA,Lensia,Siphonophore,2018_choked-pass_surface,choked pass,seagrass,2018-08-16,NA,2018,surface,3,edna_ch_i3_30,repeat-surface,biological,NA,NA,NA,NA,NA,NA,7.3,1000,0,51.67533222,-128.1197834,sand,NA,NA,NA,seagrass,zostera,seagrass_sand,zostera_sand,100,0.00408744,30,Metazoa,Cnidaria,Cnidaria,Siphonophorae,Diphyidae,Lensia,0,0,TRUE,ASV131,2,NA
edna0117,ASV354,motu313,Mitrocoma cellularia,Cross jelly,species,NA,1,NA,1,NA,10,NA,12,22,NA,14,Mitrocoma cellularia,Cross jelly,2018_choked-pass_surface,choked pass,seagrass,2018-08-16,NA,2018,surface,3,edna_ch_i3_30,repeat-surface,biological,NA,NA,NA,NA,NA,NA,7.3,1000,0,51.67533222,-128.1197834,sand,NA,NA,NA,seagrass,zostera,seagrass_sand,zostera_sand,100,1.4886099999999998e-156,306,Metazoa,Cnidaria,Hydrozoa,Leptothecata,Mitrocomidae,Mitrocoma,0,0,TRUE,ASV354,2,Mitrocoma cellularia
edna0117,ASV1038,motu895,Clytia gregaria,Gregarious jellyfish,species,NA,1,NA,NA,NA,5,NA,NA,NA,NA,NA,Clytia gregaria,Gregarious jellyfish,2018_choked-pass_surface,choked pass,seagrass,2018-08-16,NA,2018,surface,3,edna_ch_i3_30,repeat-surface,biological,NA,NA,NA,NA,NA,NA,7.3,1000,0,51.67533222,-128.1197834,sand,NA,NA,NA,seagrass,zostera,seagrass_sand,zostera_sand,99.68,9.126599999999999e-159,310,Metazoa,Cnidaria,Hydrozoa,Leptothecata,Campanulariidae,Clytia,0,0,TRUE,ASV1038,2,Clytia gregaria
edna0117,ASV640,motu105,Mesocentrotus franciscanus,Red sea urchin,species,NA,1,NA,NA,NA,5,NA,NA,NA,NA,NA,Mesocentrotus franciscanus,Red sea urchin,2018_choked-pass_surface,choked pass,seagrass,2018-08-16,NA,2018,surface,3,edna_ch_i3_30,repeat-surface,biological,NA,NA,NA,NA,NA,NA,7.3,1000,0,51.67533222,-128.1197834,sand,NA,NA,NA,seagrass,zostera,seagrass_sand,zostera_sand,100,1.96163e-160,313,Metazoa,Echinodermata,Echinoidea,Camarodonta,Strongylocentrotidae,Mesocentrotus,0,0,TRUE,ASV118,8,Mesocentrotus franciscanus
edna0117,ASV1546,motu1303,Chaetognatha,Arrow worm,phylum,NA,1,NA,NA,NA,7,NA,NA,NA,NA,NA,Chaetognatha,Arrow worm,2018_choked-pass_surface,choked pass,seagrass,2018-08-16,NA,2018,surface,3,edna_ch_i3_30,repeat-surface,biological,NA,NA,NA,NA,NA,NA,7.3,1000,0,51.67533222,-128.1197834,sand,NA,NA,NA,seagrass,zostera,seagrass_sand,zostera_sand,95.02,1.63074e-81,171,Metazoa,Chaetognatha,NA,NA,NA,NA,0,0,TRUE,ASV1546,2,NA
edna0117,ASV1367,motu1153,Cyanea,Lions mane jellyfish species,genus,NA,1,NA,NA,NA,4,NA,NA,NA,NA,NA,Cyanea,Lions mane jellyfish species,2018_choked-pass_surface,choked pass,seagrass,2018-08-16,NA,2018,surface,3,edna_ch_i3_30,repeat-surface,biological,NA,NA,NA,NA,NA,NA,7.3,1000,0,51.67533222,-128.1197834,sand,NA,NA,NA,seagrass,zostera,seagrass_sand,zostera_sand,100,3.2351099999999996e-158,309,Metazoa,Cnidaria,Scyphozoa,Semaeostomeae,Cyaneidae,Cyanea,0,0,TRUE,ASV1367,2,NA
edna0117,ASV2203,motu1819,Obelia dichotoma,Sea thread hydroid,species,NA,1,NA,NA,NA,6,NA,NA,NA,NA,NA,Obelia dichotoma,Sea thread hydroid,2018_choked-pass_surface,choked pass,seagrass,2018-08-16,NA,2018,surface,3,edna_ch_i3_30,repeat-surface,biological,NA,NA,NA,NA,NA,NA,7.3,1000,0,51.67533222,-128.1197834,sand,NA,NA,NA,seagrass,zostera,seagrass_sand,zostera_sand,100,5.353989999999996e-156,305,Metazoa,Cnidaria,Hydrozoa,Leptothecata,Campanulariidae,Obelia,0,0,TRUE,ASV2203,1,Obelia dichotoma
edna0117,ASV1408,motu343,Dodecaceria,Cirratulid polychaete,genus,NA,1,NA,NA,NA,5,NA,NA,NA,NA,NA,Dodecaceria,Cirratulid polychaete,2018_choked-pass_surface,choked pass,seagrass,2018-08-16,NA,2018,surface,3,edna_ch_i3_30,repeat-surface,biological,NA,NA,NA,NA,NA,NA,7.3,1000,0,51.67533222,-128.1197834,sand,NA,NA,NA,seagrass,zostera,seagrass_sand,zostera_sand,100,7.02982e-160,312,Metazoa,Annelida,Polychaeta,Terebellida,Cirratulidae,Dodecaceria,0,0,TRUE,ASV390,6,NA
edna0117,ASV3138,motu2518,Synchaeta vorax,Rotifer,species,NA,1,1,1,NA,19,4,25,17,NA,23,Synchaeta vorax,Rotifer,2018_choked-pass_surface,choked pass,seagrass,2018-08-16,NA,2018,surface,3,edna_ch_i3_30,repeat-surface,biological,NA,NA,NA,NA,NA,NA,7.3,1000,0,51.67533222,-128.1197834,sand,NA,NA,NA,seagrass,zostera,seagrass_sand,zostera_sand,97.12,7.180609999999995e-145,285,Metazoa,Rotifera,Eurotatoria,Ploima,Synchaetidae,Synchaeta,0,0,TRUE,ASV3138,2,Synchaeta vorax
edna0117,ASV2731,motu2213,Pachylaelapidae,Mite,genus,NA,1,NA,NA,NA,4,NA,NA,NA,NA,NA,Pachylaelapidae,Mite,2018_choked-pass_surface,choked pass,seagrass,2018-08-16,NA,2018,surface,3,edna_ch_i3_30,repeat-surface,biological,NA,NA,NA,NA,NA,NA,7.3,1000,0,51.67533222,-128.1197834,sand,NA,NA,NA,seagrass,zostera,seagrass_sand,zostera_sand,100,0.00408744,30,Metazoa,Arthropoda,Arthropoda,Mesostigmata,NA,Pachylaelapidae,NA,NA,TRUE,ASV2731,2,NA
edna0117,ASV2463,motu2007,Obelia,Sea thread hydroid species,genus,NA,1,NA,NA,NA,3,NA,NA,NA,NA,NA,Obelia,Sea thread hydroid species,2018_choked-pass_surface,choked pass,seagrass,2018-08-16,NA,2018,surface,3,edna_ch_i3_30,repeat-surface,biological,NA,NA,NA,NA,NA,NA,7.3,1000,0,51.67533222,-128.1197834,sand,NA,NA,NA,seagrass,zostera,seagrass_sand,zostera_sand,93.11,5.6258000000000005e-121,242,Metazoa,Cnidaria,Cnidaria,Leptothecata,Campanulariidae,Obelia,0,0,TRUE,ASV2463,1,NA
edna0117,ASV5050,motu3892,Bolinopsis microptera,Short-lobed comb jelly,species,NA,1,NA,NA,NA,5,NA,NA,NA,NA,NA,Bolinopsis microptera,Short-lobed comb jelly,2018_choked-pass_surface,choked pass,seagrass,2018-08-16,NA,2018,surface,3,edna_ch_i3_30,repeat-surface,biological,NA,NA,NA,NA,NA,NA,7.3,1000,0,51.67533222,-128.1197834,sand,NA,NA,NA,seagrass,zostera,seagrass_sand,zostera_sand,100,1.96163e-160,313,Metazoa,Ctenophora,Tentaculata,Lobata,Bolinopsidae,Bolinopsis,0,0,TRUE,ASV5050,1,Bolinopsis microptera
edna0117,ASV3390,motu470,Paracalanus,Calanoid copepod,genus,NA,1,NA,NA,NA,9,NA,NA,NA,NA,NA,Paracalanus parvus parvus,Calanoid copepod,2018_choked-pass_surface,choked pass,seagrass,2018-08-16,NA,2018,surface,3,edna_ch_i3_30,repeat-surface,biological,NA,NA,NA,NA,NA,NA,7.3,1000,0,51.67533222,-128.1197834,sand,NA,NA,NA,seagrass,zostera,seagrass_sand,zostera_sand,99.34,5.31212e-151,296,Metazoa,Arthropoda,Arthropoda,Calanoida,Paracalanidae,Paracalanus,0,0,TRUE,ASV536,6,NA
edna0119,ASV258,motu228,Lensia,Siphonophore,genus,NA,1,NA,NA,NA,9,NA,NA,NA,NA,NA,Lensia,Siphonophore,2018_pruth-bay_surface,pruth bay,seagrass,2018-08-16,NA,2018,surface,2,edna_pr_i3_15,repeat-surface,biological,15,30.05,8.19,14.3,30.45,8.24,3,1000,0,51.64592951,-128.1198341,sand,NA,NA,NA,seagrass,zostera,seagrass_sand,zostera_sand,100,0.00408744,30,Metazoa,Cnidaria,Cnidaria,Siphonophorae,Diphyidae,Lensia,0,0,TRUE,ASV258,1,NA
edna0119,ASV131,motu117,Lensia,Siphonophore,genus,NA,1,NA,1,NA,9,NA,NA,14,NA,13,Lensia,Siphonophore,2018_pruth-bay_surface,pruth bay,seagrass,2018-08-16,NA,2018,surface,2,edna_pr_i3_15,repeat-surface,biological,15,30.05,8.19,14.3,30.45,8.24,3,1000,0,51.64592951,-128.1198341,sand,NA,NA,NA,seagrass,zostera,seagrass_sand,zostera_sand,100,0.00408744,30,Metazoa,Cnidaria,Cnidaria,Siphonophorae,Diphyidae,Lensia,0,0,TRUE,ASV131,2,NA
edna0119,ASV233,motu74,Euchlanidae,Rotifer,family,NA,1,1,1,NA,45,25,NA,53,NA,NA,No Results,No Results,2018_pruth-bay_surface,pruth bay,seagrass,2018-08-16,NA,2018,surface,2,edna_pr_i3_15,repeat-surface,biological,15,30.05,8.19,14.3,30.45,8.24,3,1000,0,51.64592951,-128.1198341,sand,NA,NA,NA,seagrass,zostera,seagrass_sand,zostera_sand,91.35,3.005919999999998e-29,77,Metazoa,Rotifera,Rotifera,Ploima,Euchlanidae,NA,1,NA,TRUE,ASV84,2,NA
edna0119,ASV226,motu199,Mytilus trossulus,Bay mussel,species,NA,1,1,1,NA,14,5,NA,NA,NA,31,Mytilus trossulus,Bay mussel,2018_pruth-bay_surface,pruth bay,seagrass,2018-08-16,NA,2018,surface,2,edna_pr_i3_15,repeat-surface,biological,15,30.05,8.19,14.3,30.45,8.24,3,1000,0,51.64592951,-128.1198341,sand,NA,NA,NA,seagrass,zostera,seagrass_sand,zostera_sand,100,3.2351099999999996e-158,309,Metazoa,Mollusca,Mollusca,Mytilida,Mytilidae,Mytilus,0,0,TRUE,ASV226,18,Mytilus trossulus
edna0119,ASV280,motu190,Mytilus,Mussel species,genus,NA,1,NA,NA,NA,25,NA,NA,NA,NA,NA,Mytilus trossulus,Bay mussel,2018_pruth-bay_surface,pruth bay,seagrass,2018-08-16,NA,2018,surface,2,edna_pr_i3_15,repeat-surface,biological,15,30.05,8.19,14.3,30.45,8.24,3,1000,0,51.64592951,-128.1198341,sand,NA,NA,NA,seagrass,zostera,seagrass_sand,zostera_sand,100,3.2351099999999996e-158,309,Metazoa,Mollusca,Mollusca,Mytilida,Mytilidae,Mytilus,0,0,TRUE,ASV216,23,NA
edna0119,ASV536,motu470,Paracalanus parvus parvus,Calanoid copepod,species,NA,1,NA,NA,NA,27,NA,NA,NA,NA,NA,Paracalanus parvus parvus,Calanoid copepod,2018_pruth-bay_surface,pruth bay,seagrass,2018-08-16,NA,2018,surface,2,edna_pr_i3_15,repeat-surface,biological,15,30.05,8.19,14.3,30.45,8.24,3,1000,0,51.64592951,-128.1198341,sand,NA,NA,NA,seagrass,zostera,seagrass_sand,zostera_sand,100,1.17454e-132,263,Metazoa,Arthropoda,Copepoda,Calanoida,Paracalanidae,Paracalanus,0,0,TRUE,ASV536,6,Paracalanus parvus parvus
edna0119,ASV733,motu637,Phyllodocida,Polychaete,order,NA,1,NA,NA,NA,6,NA,NA,NA,NA,NA,Phyllodocida,Polychaete,2018_pruth-bay_surface,pruth bay,seagrass,2018-08-16,NA,2018,surface,2,edna_pr_i3_15,repeat-surface,biological,15,30.05,8.19,14.3,30.45,8.24,3,1000,0,51.64592951,-128.1198341,sand,NA,NA,NA,seagrass,zostera,seagrass_sand,zostera_sand,100,0.0603188,28,Metazoa,Annelida,Annelida,Phyllodocida,NA,NA,0,0,TRUE,ASV733,1,NA
edna0119,ASV647,motu560,Synchaeta triophthalma,Rotifer,species,NA,1,1,1,NA,5,2,NA,16,NA,18,Synchaeta triophthalma,Rotifer,2018_pruth-bay_surface,pruth bay,seagrass,2018-08-16,NA,2018,surface,2,edna_pr_i3_15,repeat-surface,biological,15,30.05,8.19,14.3,30.45,8.24,3,1000,0,51.64592951,-128.1198341,sand,NA,NA,NA,seagrass,zostera,seagrass_sand,zostera_sand,91.99,3.511259999999999e-118,237,Metazoa,Rotifera,Eurotatoria,Ploima,Synchaetidae,Synchaeta,0,0,TRUE,ASV647,4,Synchaeta triophthalma
edna0119,ASV2731,motu2213,Pachylaelapidae,Mite,genus,NA,1,NA,1,NA,3,NA,NA,6,NA,NA,Pachylaelapidae,Mite,2018_pruth-bay_surface,pruth bay,seagrass,2018-08-16,NA,2018,surface,2,edna_pr_i3_15,repeat-surface,biological,15,30.05,8.19,14.3,30.45,8.24,3,1000,0,51.64592951,-128.1198341,sand,NA,NA,NA,seagrass,zostera,seagrass_sand,zostera_sand,100,0.00408744,30,Metazoa,Arthropoda,Arthropoda,Mesostigmata,NA,Pachylaelapidae,NA,NA,TRUE,ASV2731,2,NA
edna0119,ASV6542,motu5066,Enoploteuthidae,Squid species,family,NA,1,NA,NA,NA,4,NA,NA,NA,NA,NA,Enoploteuthidae,Squid species,2018_pruth-bay_surface,pruth bay,seagrass,2018-08-16,NA,2018,surface,2,edna_pr_i3_15,repeat-surface,biological,15,30.05,8.19,14.3,30.45,8.24,3,1000,0,51.64592951,-128.1198341,sand,NA,NA,NA,seagrass,zostera,seagrass_sand,zostera_sand,92.75,1.89925e-16,54,Metazoa,Mollusca,Mollusca,Oegopsida,Enoploteuthidae,NA,0,0,TRUE,ASV6542,1,NA
edna0119,ASV6079,motu4683,Enoploteuthidae,Squid species,family,NA,1,1,NA,NA,7,5,NA,NA,NA,NA,Enoploteuthidae,Squid species,2018_pruth-bay_surface,pruth bay,seagrass,2018-08-16,NA,2018,surface,2,edna_pr_i3_15,repeat-surface,biological,15,30.05,8.19,14.3,30.45,8.24,3,1000,0,51.64592951,-128.1198341,sand,NA,NA,NA,seagrass,zostera,seagrass_sand,zostera_sand,92.75,1.86176e-16,54,Metazoa,Mollusca,Mollusca,Oegopsida,Enoploteuthidae,NA,0,0,TRUE,ASV6079,1,NA
edna0121,ASV452,motu183,Euchlanidae,Rotifer,family,NA,1,NA,NA,NA,41,NA,NA,NA,NA,NA,No Results,No Results,2018_hdo_surface,hdo,beach_seine,2018-08-23,2018-08-23,2018,surface,1,edna_hdo_00,repeat-surface,biological,NA,NA,NA,NA,NA,NA,4.2,950,0,51.65501227,-128.1295942,mud,n,320,p,seagrass,zostera,seagrass_mud,zostera_mud,91.35,3.005919999999998e-29,77,Metazoa,Rotifera,Rotifera,Ploima,Euchlanidae,NA,1,NA,TRUE,ASV208,2,NA
edna0121,ASV536,motu470,Paracalanus parvus parvus,Calanoid copepod,species,NA,1,NA,NA,NA,37,NA,NA,NA,NA,NA,Paracalanus parvus parvus,Calanoid copepod,2018_hdo_surface,hdo,beach_seine,2018-08-23,2018-08-23,2018,surface,1,edna_hdo_00,repeat-surface,biological,NA,NA,NA,NA,NA,NA,4.2,950,0,51.65501227,-128.1295942,mud,n,320,p,seagrass,zostera,seagrass_mud,zostera_mud,100,1.17454e-132,263,Metazoa,Arthropoda,Copepoda,Calanoida,Paracalanidae,Paracalanus,0,0,TRUE,ASV536,6,Paracalanus parvus parvus
edna0121,ASV324,motu285,Paracalanus parvus parvus,Calanoid copepod,species,NA,1,NA,1,NA,68,NA,68,38,NA,73,Paracalanus parvus parvus,Calanoid copepod,2018_hdo_surface,hdo,beach_seine,2018-08-23,2018-08-23,2018,surface,1,edna_hdo_00,repeat-surface,biological,NA,NA,NA,NA,NA,NA,4.2,950,0,51.65501227,-128.1295942,mud,n,320,p,seagrass,zostera,seagrass_mud,zostera_mud,100,1.17454e-132,263,Metazoa,Arthropoda,Copepoda,Calanoida,Paracalanidae,Paracalanus,0,0,TRUE,ASV324,6,Paracalanus parvus parvus
edna0121,ASV947,motu824,Synchaeta baltica,Rotifer,species,NA,1,NA,1,NA,17,NA,NA,15,NA,NA,Synchaeta baltica,Rotifer,2018_hdo_surface,hdo,beach_seine,2018-08-23,2018-08-23,2018,surface,1,edna_hdo_00,repeat-surface,biological,NA,NA,NA,NA,NA,NA,4.2,950,0,51.65501227,-128.1295942,mud,n,320,p,seagrass,zostera,seagrass_mud,zostera_mud,91.08,2.73364e-114,230,Metazoa,Rotifera,Eurotatoria,Ploima,Synchaetidae,Synchaeta,0,0,TRUE,ASV947,1,Synchaeta baltica
edna0121,ASV3033,motu2444,Staphylinidae,Hexapod,genus,NA,1,NA,NA,NA,5,NA,NA,NA,NA,NA,Staphylinidae,Hexapod,2018_hdo_surface,hdo,beach_seine,2018-08-23,2018-08-23,2018,surface,1,edna_hdo_00,repeat-surface,biological,NA,NA,NA,NA,NA,NA,4.2,950,0,51.65501227,-128.1295942,mud,n,320,p,seagrass,zostera,seagrass_mud,zostera_mud,90.14,3.11539e-14,50,Metazoa,Arthropoda,Arthropoda,Coleoptera,Staphylinidae,Staphylinidae,NA,NA,TRUE,ASV3033,1,NA
edna0121,ASV3532,motu2807,Pachylaelapidae,Mite,genus,NA,1,NA,1,NA,5,NA,5,NA,NA,NA,Pachylaelapidae,Mite,2018_hdo_surface,hdo,beach_seine,2018-08-23,2018-08-23,2018,surface,1,edna_hdo_00,repeat-surface,biological,NA,NA,NA,NA,NA,NA,4.2,950,0,51.65501227,-128.1295942,mud,n,320,p,seagrass,zostera,seagrass_mud,zostera_mud,100,0.00408744,30,Metazoa,Arthropoda,Arthropoda,Mesostigmata,NA,Pachylaelapidae,NA,NA,TRUE,ASV3532,1,NA
edna0121,ASV4648,motu3607,Lottia paradigitalis,Boreal limpet,species,NA,1,NA,NA,NA,4,NA,NA,NA,NA,NA,Lottia paradigitalis,Boreal limpet,2018_hdo_surface,hdo,beach_seine,2018-08-23,2018-08-23,2018,surface,1,edna_hdo_00,repeat-surface,biological,NA,NA,NA,NA,NA,NA,4.2,950,0,51.65501227,-128.1295942,mud,n,320,p,seagrass,zostera,seagrass_mud,zostera_mud,100,1.96163e-160,313,Metazoa,Mollusca,Gastropoda,NA,Lottiidae,Lottia,0,0,TRUE,ASV4648,2,Lottia paradigitalis
edna0121,ASV5686,motu306,Synchaeta vorax,Rotifer,species,NA,1,NA,NA,NA,16,NA,NA,NA,NA,NA,Synchaeta vorax,Rotifer,2018_hdo_surface,hdo,beach_seine,2018-08-23,2018-08-23,2018,surface,1,edna_hdo_00,repeat-surface,biological,NA,NA,NA,NA,NA,NA,4.2,950,0,51.65501227,-128.1295942,mud,n,320,p,seagrass,zostera,seagrass_mud,zostera_mud,97.76,3.317259999999998e-148,291,Metazoa,Rotifera,Eurotatoria,Ploima,Synchaetidae,Synchaeta,0,0,TRUE,ASV346,5,Synchaeta vorax
edna0120,ASV233,motu74,Euchlanidae,Rotifer,family,NA,1,NA,1,NA,42,NA,NA,NA,NA,56,No Results,No Results,2018_pruth-bay_surface,pruth bay,seagrass,2018-08-16,NA,2018,surface,3,edna_pr_i3_30,repeat-surface,biological,NA,NA,NA,NA,NA,NA,3,1000,0,51.64596882,-128.1200866,sand,NA,NA,NA,seagrass,zostera,seagrass_sand,zostera_sand,91.35,3.005919999999998e-29,77,Metazoa,Rotifera,Rotifera,Ploima,Euchlanidae,NA,1,NA,TRUE,ASV84,2,NA
edna0120,ASV452,motu183,Euchlanidae,Rotifer,family,NA,1,NA,NA,NA,39,NA,NA,NA,NA,NA,No Results,No Results,2018_pruth-bay_surface,pruth bay,seagrass,2018-08-16,NA,2018,surface,3,edna_pr_i3_30,repeat-surface,biological,NA,NA,NA,NA,NA,NA,3,1000,0,51.64596882,-128.1200866,sand,NA,NA,NA,seagrass,zostera,seagrass_sand,zostera_sand,91.35,3.005919999999998e-29,77,Metazoa,Rotifera,Rotifera,Ploima,Euchlanidae,NA,1,NA,TRUE,ASV208,2,NA
edna0120,ASV536,motu470,Paracalanus parvus parvus,Calanoid copepod,species,NA,1,NA,NA,NA,22,NA,NA,NA,NA,NA,Paracalanus parvus parvus,Calanoid copepod,2018_pruth-bay_surface,pruth bay,seagrass,2018-08-16,NA,2018,surface,3,edna_pr_i3_30,repeat-surface,biological,NA,NA,NA,NA,NA,NA,3,1000,0,51.64596882,-128.1200866,sand,NA,NA,NA,seagrass,zostera,seagrass_sand,zostera_sand,100,1.17454e-132,263,Metazoa,Arthropoda,Copepoda,Calanoida,Paracalanidae,Paracalanus,0,0,TRUE,ASV536,6,Paracalanus parvus parvus
edna0120,ASV1013,motu876,Orobdella,Freshwater leech,genus,NA,1,NA,NA,NA,7,NA,NA,NA,NA,NA,Orobdella,Freshwater leech,2018_pruth-bay_surface,pruth bay,seagrass,2018-08-16,NA,2018,surface,3,edna_pr_i3_30,repeat-surface,biological,NA,NA,NA,NA,NA,NA,3,1000,0,51.64596882,-128.1200866,sand,NA,NA,NA,seagrass,zostera,seagrass_sand,zostera_sand,97.06,0.00121031,31,Metazoa,Annelida,Annelida,Erpobdelliformes,Orobdellidae,Orobdella,NA,NA,TRUE,ASV1013,1,NA
edna0120,ASV4433,motu3455,Glycinde picta,Goniadid polychaete,species,NA,1,NA,NA,NA,7,NA,NA,NA,NA,NA,Glycinde picta,Goniadid polychaete,2018_pruth-bay_surface,pruth bay,seagrass,2018-08-16,NA,2018,surface,3,edna_pr_i3_30,repeat-surface,biological,NA,NA,NA,NA,NA,NA,3,1000,0,51.64596882,-128.1200866,sand,NA,NA,NA,seagrass,zostera,seagrass_sand,zostera_sand,100,1.96163e-160,313,Metazoa,Annelida,Polychaeta,Phyllodocida,Goniadidae,Glycinde,0,0,TRUE,ASV4433,1,Glycinde picta
edna0122,ASV760,motu394,Balanus glandula,Acorn barnacle,species,NA,1,NA,NA,NA,38,NA,NA,NA,NA,NA,Balanus glandula,Acorn barnacle,2018_hdo_surface,hdo,beach_seine,2018-08-23,2018-08-23,2018,surface,2,edna_hdo_15,repeat-surface,biological,15.3,27.04,8.32,12.9,31.68,8.05,4.4,775,0,51.65508561,-128.1293971,mud,n,320,p,seagrass,zostera,seagrass_mud,zostera_mud,99.68,1.5051499999999994e-156,306,Metazoa,Arthropoda,Thecostraca,Balanomorpha,Balanidae,Balanus,0,0,TRUE,ASV447,12,Balanus glandula
edna0122,ASV417,motu213,Balanus glandula,Acorn barnacle,species,NA,1,NA,NA,NA,39,NA,NA,NA,NA,NA,Balanus glandula,Acorn barnacle,2018_hdo_surface,hdo,beach_seine,2018-08-23,2018-08-23,2018,surface,2,edna_hdo_15,repeat-surface,biological,15.3,27.04,8.32,12.9,31.68,8.05,4.4,775,0,51.65508561,-128.1293971,mud,n,320,p,seagrass,zostera,seagrass_mud,zostera_mud,99.68,1.5051499999999994e-156,306,Metazoa,Arthropoda,Thecostraca,Balanomorpha,Balanidae,Balanus,0,0,TRUE,ASV242,15,Balanus glandula
edna0122,ASV1006,motu281,Pseudocalanus newmani,Calanoid copepod,species,NA,1,NA,NA,NA,26,NA,NA,NA,NA,NA,Pseudocalanus newmani,Calanoid copepod,2018_hdo_surface,hdo,beach_seine,2018-08-23,2018-08-23,2018,surface,2,edna_hdo_15,repeat-surface,biological,15.3,27.04,8.32,12.9,31.68,8.05,4.4,775,0,51.65508561,-128.1293971,mud,n,320,p,seagrass,zostera,seagrass_mud,zostera_mud,99.68,9.126599999999999e-159,310,Metazoa,Arthropoda,Copepoda,Calanoida,Clausocalanidae,Pseudocalanus,0,0,TRUE,ASV320,6,Pseudocalanus newmani
edna0122,ASV1095,motu942,Balanus,Barnacle species,genus,NA,1,NA,NA,NA,10,NA,NA,NA,NA,NA,Balanus,Barnacle species,2018_hdo_surface,hdo,beach_seine,2018-08-23,2018-08-23,2018,surface,2,edna_hdo_15,repeat-surface,biological,15.3,27.04,8.32,12.9,31.68,8.05,4.4,775,0,51.65508561,-128.1293971,mud,n,320,p,seagrass,zostera,seagrass_mud,zostera_mud,100,1.4886099999999998e-156,306,Metazoa,Arthropoda,Arthropoda,Balanomorpha,Balanidae,Balanus,0,0,TRUE,ASV1095,4,NA
edna0122,ASV679,motu591,Phyllodocida,Polychaete,order,NA,1,1,1,NA,15,6,22,17,NA,NA,Phyllodocida,Polychaete,2018_hdo_surface,hdo,beach_seine,2018-08-23,2018-08-23,2018,surface,2,edna_hdo_15,repeat-surface,biological,15.3,27.04,8.32,12.9,31.68,8.05,4.4,775,0,51.65508561,-128.1293971,mud,n,320,p,seagrass,zostera,seagrass_mud,zostera_mud,100,0.0603188,28,Metazoa,Annelida,Annelida,Phyllodocida,NA,NA,0,0,TRUE,ASV679,1,NA
edna0122,ASV801,motu697,Micropodarke dubia,Hesionid polychaete,species,NA,1,1,1,NA,6,4,NA,11,NA,NA,Micropodarke dubia,Hesionid polychaete,2018_hdo_surface,hdo,beach_seine,2018-08-23,2018-08-23,2018,surface,2,edna_hdo_15,repeat-surface,biological,15.3,27.04,8.32,12.9,31.68,8.05,4.4,775,0,51.65508561,-128.1293971,mud,n,320,p,seagrass,zostera,seagrass_mud,zostera_mud,100,1.96163e-160,313,Metazoa,Annelida,Polychaeta,Phyllodocida,Hesionidae,Micropodarke,0,0,TRUE,ASV801,2,Micropodarke dubia
edna0122,ASV1748,motu1459,Chaetognatha,Arrow worm,phylum,NA,1,NA,NA,NA,9,NA,NA,NA,NA,NA,Chaetognatha,Arrow worm,2018_hdo_surface,hdo,beach_seine,2018-08-23,2018-08-23,2018,surface,2,edna_hdo_15,repeat-surface,biological,15.3,27.04,8.32,12.9,31.68,8.05,4.4,775,0,51.65508561,-128.1293971,mud,n,320,p,seagrass,zostera,seagrass_mud,zostera_mud,95.02,1.63074e-81,171,Metazoa,Chaetognatha,NA,NA,NA,NA,0,0,TRUE,ASV1748,1,NA
edna0122,ASV1070,motu922,Pleurobrachia bachei,Pacific sea gooseberry,species,NA,1,NA,1,NA,13,NA,20,10,NA,NA,Pleurobrachia bachei,Pacific sea gooseberry,2018_hdo_surface,hdo,beach_seine,2018-08-23,2018-08-23,2018,surface,2,edna_hdo_15,repeat-surface,biological,15.3,27.04,8.32,12.9,31.68,8.05,4.4,775,0,51.65508561,-128.1293971,mud,n,320,p,seagrass,zostera,seagrass_mud,zostera_mud,100,1.96163e-160,313,Metazoa,Ctenophora,Tentaculata,Cydippida,Cydippidae,Pleurobrachia,0,0,TRUE,ASV1070,7,Pleurobrachia bachei
edna0122,ASV1714,motu1432,Pleurobrachia bachei,Pacific sea gooseberry,species,NA,1,NA,NA,NA,11,NA,NA,NA,NA,NA,Pleurobrachia bachei,Pacific sea gooseberry,2018_hdo_surface,hdo,beach_seine,2018-08-23,2018-08-23,2018,surface,2,edna_hdo_15,repeat-surface,biological,15.3,27.04,8.32,12.9,31.68,8.05,4.4,775,0,51.65508561,-128.1293971,mud,n,320,p,seagrass,zostera,seagrass_mud,zostera_mud,99.68,9.126599999999999e-159,310,Metazoa,Ctenophora,Tentaculata,Cydippida,Cydippidae,Pleurobrachia,0,0,TRUE,ASV1714,1,Pleurobrachia bachei
edna0122,ASV2042,motu1692,Synchaeta grimpei,Rotifer,species,NA,1,NA,1,NA,6,NA,9,3,NA,NA,Synchaeta grimpei,Rotifer,2018_hdo_surface,hdo,beach_seine,2018-08-23,2018-08-23,2018,surface,2,edna_hdo_15,repeat-surface,biological,15.3,27.04,8.32,12.9,31.68,8.05,4.4,775,0,51.65508561,-128.1293971,mud,n,320,p,seagrass,zostera,seagrass_mud,zostera_mud,91.45,4.459999999999999e-112,226,Metazoa,Rotifera,Eurotatoria,Ploima,Synchaetidae,Synchaeta,0,0,TRUE,ASV2042,2,Synchaeta grimpei
edna0122,ASV3048,motu2456,Semibalanus balanoides,Common rock barnacle,species,NA,1,NA,NA,NA,2,NA,NA,NA,NA,NA,Semibalanus balanoides,Common rock barnacle,2018_hdo_surface,hdo,beach_seine,2018-08-23,2018-08-23,2018,surface,2,edna_hdo_15,repeat-surface,biological,15.3,27.04,8.32,12.9,31.68,8.05,4.4,775,0,51.65508561,-128.1293971,mud,n,320,p,seagrass,zostera,seagrass_mud,zostera_mud,100,1.96163e-160,313,Metazoa,Arthropoda,Thecostraca,Balanomorpha,Balanidae,Semibalanus,0,0,TRUE,ASV3048,1,Semibalanus balanoides
edna0122,ASV2731,motu2213,Pachylaelapidae,Mite,genus,NA,1,NA,1,NA,5,NA,7,NA,NA,NA,Pachylaelapidae,Mite,2018_hdo_surface,hdo,beach_seine,2018-08-23,2018-08-23,2018,surface,2,edna_hdo_15,repeat-surface,biological,15.3,27.04,8.32,12.9,31.68,8.05,4.4,775,0,51.65508561,-128.1293971,mud,n,320,p,seagrass,zostera,seagrass_mud,zostera_mud,100,0.00408744,30,Metazoa,Arthropoda,Arthropoda,Mesostigmata,NA,Pachylaelapidae,NA,NA,TRUE,ASV2731,2,NA
edna0122,ASV3539,motu306,Synchaeta vorax,Rotifer,species,NA,1,NA,1,NA,44,NA,NA,NA,NA,54,Synchaeta vorax,Rotifer,2018_hdo_surface,hdo,beach_seine,2018-08-23,2018-08-23,2018,surface,2,edna_hdo_15,repeat-surface,biological,15.3,27.04,8.32,12.9,31.68,8.05,4.4,775,0,51.65508561,-128.1293971,mud,n,320,p,seagrass,zostera,seagrass_mud,zostera_mud,98.4,1.53249e-151,297,Metazoa,Rotifera,Eurotatoria,Ploima,Synchaetidae,Synchaeta,0,0,TRUE,ASV346,5,Synchaeta vorax
edna0122,ASV2912,motu311,Synchaeta vorax,Rotifer,species,NA,1,NA,1,NA,42,NA,79,NA,NA,36,Synchaeta vorax,Rotifer,2018_hdo_surface,hdo,beach_seine,2018-08-23,2018-08-23,2018,surface,2,edna_hdo_15,repeat-surface,biological,15.3,27.04,8.32,12.9,31.68,8.05,4.4,775,0,51.65508561,-128.1293971,mud,n,320,p,seagrass,zostera,seagrass_mud,zostera_mud,98.4,1.53249e-151,297,Metazoa,Rotifera,Eurotatoria,Ploima,Synchaetidae,Synchaeta,0,0,TRUE,ASV352,4,Synchaeta vorax
edna0122,ASV3460,motu2747,Neritidae,Nerite snail species,family,NA,1,NA,NA,NA,2,NA,NA,NA,NA,NA,Neritidae,Nerite snail species,2018_hdo_surface,hdo,beach_seine,2018-08-23,2018-08-23,2018,surface,2,edna_hdo_15,repeat-surface,biological,15.3,27.04,8.32,12.9,31.68,8.05,4.4,775,0,51.65508561,-128.1293971,mud,n,320,p,seagrass,zostera,seagrass_mud,zostera_mud,90,6.69344e-6,35,Metazoa,Mollusca,Mollusca,Cycloneritida,Neritidae,NA,0,0,TRUE,ASV3460,1,NA
edna0122,ASV7692,motu6045,Nuttallia obscurata,Purple varnish clam,species,NA,1,NA,NA,NA,3,NA,NA,NA,NA,NA,Nuttallia obscurata,Purple varnish clam,2018_hdo_surface,hdo,beach_seine,2018-08-23,2018-08-23,2018,surface,2,edna_hdo_15,repeat-surface,biological,15.3,27.04,8.32,12.9,31.68,8.05,4.4,775,0,51.65508561,-128.1293971,mud,n,320,p,seagrass,zostera,seagrass_mud,zostera_mud,100,9.310369999999999e-159,310,Metazoa,Mollusca,Bivalvia,Cardiida,Psammobiidae,Nuttallia,0,0,TRUE,ASV7692,1,Nuttallia obscurata
edna0123,ASV744,motu648,Evasterias troschelii,False ochre star,species,NA,1,NA,NA,NA,4,NA,NA,NA,NA,NA,Evasterias troschelii,False ochre star,2018_hdo_surface,hdo,beach_seine,2018-08-23,2018-08-23,2018,surface,3,edna_hdo_30,repeat-surface,biological,NA,NA,NA,NA,NA,NA,4.8,875,0,51.6551346,-128.1292625,mud,n,320,p,seagrass,zostera,seagrass_mud,zostera_mud,100,1.96163e-160,313,Metazoa,Echinodermata,Asteroidea,Forcipulatida,Asteriidae,Evasterias,0,0,TRUE,ASV744,1,Evasterias troschelii
edna0123,ASV1022,motu884,Balanus glandula,Acorn barnacle,species,NA,1,NA,NA,NA,40,NA,NA,NA,NA,NA,Balanus glandula,Acorn barnacle,2018_hdo_surface,hdo,beach_seine,2018-08-23,2018-08-23,2018,surface,3,edna_hdo_30,repeat-surface,biological,NA,NA,NA,NA,NA,NA,4.8,875,0,51.6551346,-128.1292625,mud,n,320,p,seagrass,zostera,seagrass_mud,zostera_mud,99.67,2.4817399999999988e-154,302,Metazoa,Arthropoda,Thecostraca,Balanomorpha,Balanidae,Balanus,0,0,TRUE,ASV1022,2,Balanus glandula
edna0123,ASV674,motu334,Synchaeta pectinata,Rotifer,species,NA,1,NA,NA,NA,4,NA,NA,NA,NA,NA,Synchaeta pectinata,Rotifer,2018_hdo_surface,hdo,beach_seine,2018-08-23,2018-08-23,2018,surface,3,edna_hdo_30,repeat-surface,biological,NA,NA,NA,NA,NA,NA,4.8,875,0,51.6551346,-128.1292625,mud,n,320,p,seagrass,zostera,seagrass_mud,zostera_mud,90.79,3.5361899999999996e-113,228,Metazoa,Rotifera,Eurotatoria,Ploima,Synchaetidae,Synchaeta,0,0,TRUE,ASV377,5,Synchaeta pectinata
edna0123,ASV1055,motu908,Balanus glandula,Acorn barnacle,species,NA,1,NA,NA,NA,34,NA,NA,NA,NA,NA,Balanus glandula,Acorn barnacle,2018_hdo_surface,hdo,beach_seine,2018-08-23,2018-08-23,2018,surface,3,edna_hdo_30,repeat-surface,biological,NA,NA,NA,NA,NA,NA,4.8,875,0,51.6551346,-128.1292625,mud,n,320,p,seagrass,zostera,seagrass_mud,zostera_mud,99.67,2.4817399999999988e-154,302,Metazoa,Arthropoda,Thecostraca,Balanomorpha,Balanidae,Balanus,0,0,TRUE,ASV1055,2,Balanus glandula
edna0123,ASV733,motu637,Phyllodocida,Polychaete,order,NA,1,NA,NA,NA,9,NA,NA,NA,NA,NA,Phyllodocida,Polychaete,2018_hdo_surface,hdo,beach_seine,2018-08-23,2018-08-23,2018,surface,3,edna_hdo_30,repeat-surface,biological,NA,NA,NA,NA,NA,NA,4.8,875,0,51.6551346,-128.1292625,mud,n,320,p,seagrass,zostera,seagrass_mud,zostera_mud,100,0.0603188,28,Metazoa,Annelida,Annelida,Phyllodocida,NA,NA,0,0,TRUE,ASV733,1,NA
edna0123,ASV801,motu697,Micropodarke dubia,Hesionid polychaete,species,NA,1,NA,1,NA,7,NA,18,NA,NA,NA,Micropodarke dubia,Hesionid polychaete,2018_hdo_surface,hdo,beach_seine,2018-08-23,2018-08-23,2018,surface,3,edna_hdo_30,repeat-surface,biological,NA,NA,NA,NA,NA,NA,4.8,875,0,51.6551346,-128.1292625,mud,n,320,p,seagrass,zostera,seagrass_mud,zostera_mud,100,1.96163e-160,313,Metazoa,Annelida,Polychaeta,Phyllodocida,Hesionidae,Micropodarke,0,0,TRUE,ASV801,2,Micropodarke dubia
edna0123,ASV932,motu810,Synchaeta baltica,Rotifer,species,NA,1,NA,1,NA,32,NA,54,37,NA,NA,Synchaeta baltica,Rotifer,2018_hdo_surface,hdo,beach_seine,2018-08-23,2018-08-23,2018,surface,3,edna_hdo_30,repeat-surface,biological,NA,NA,NA,NA,NA,NA,4.8,875,0,51.6551346,-128.1292625,mud,n,320,p,seagrass,zostera,seagrass_mud,zostera_mud,91.08,2.73364e-114,230,Metazoa,Rotifera,Eurotatoria,Ploima,Synchaetidae,Synchaeta,0,0,TRUE,ASV932,1,Synchaeta baltica
edna0123,ASV1042,motu899,Synchaeta baltica,Rotifer,species,NA,1,1,1,NA,33,9,41,26,NA,NA,Synchaeta baltica,Rotifer,2018_hdo_surface,hdo,beach_seine,2018-08-23,2018-08-23,2018,surface,3,edna_hdo_30,repeat-surface,biological,NA,NA,NA,NA,NA,NA,4.8,875,0,51.6551346,-128.1292625,mud,n,320,p,seagrass,zostera,seagrass_mud,zostera_mud,90.76,1.27184e-112,227,Metazoa,Rotifera,Eurotatoria,Ploima,Synchaetidae,Synchaeta,0,0,TRUE,ASV1042,1,Synchaeta baltica
edna0123,ASV2930,motu2362,Chaetognatha,Arrow worm,phylum,NA,1,NA,NA,NA,4,NA,NA,NA,NA,NA,Chaetognatha,Arrow worm,2018_hdo_surface,hdo,beach_seine,2018-08-23,2018-08-23,2018,surface,3,edna_hdo_30,repeat-surface,biological,NA,NA,NA,NA,NA,NA,4.8,875,0,51.6551346,-128.1292625,mud,n,320,p,seagrass,zostera,seagrass_mud,zostera_mud,98.01,1.6078299999999998e-91,189,Metazoa,Chaetognatha,NA,NA,NA,NA,0,0,TRUE,ASV2930,1,NA
edna0123,ASV1714,motu1432,Pleurobrachia bachei,Pacific sea gooseberry,species,NA,1,NA,NA,NA,7,NA,NA,NA,NA,NA,Pleurobrachia bachei,Pacific sea gooseberry,2018_hdo_surface,hdo,beach_seine,2018-08-23,2018-08-23,2018,surface,3,edna_hdo_30,repeat-surface,biological,NA,NA,NA,NA,NA,NA,4.8,875,0,51.6551346,-128.1292625,mud,n,320,p,seagrass,zostera,seagrass_mud,zostera_mud,99.68,9.126599999999999e-159,310,Metazoa,Ctenophora,Tentaculata,Cydippida,Cydippidae,Pleurobrachia,0,0,TRUE,ASV1714,1,Pleurobrachia bachei
edna0123,ASV3977,motu748,Saxidomus gigantea,Butter clam,species,NA,1,NA,NA,NA,48,NA,NA,NA,NA,NA,Saxidomus,Washington clam species,2018_hdo_surface,hdo,beach_seine,2018-08-23,2018-08-23,2018,surface,3,edna_hdo_30,repeat-surface,biological,NA,NA,NA,NA,NA,NA,4.8,875,0,51.6551346,-128.1292625,mud,n,320,p,seagrass,zostera,seagrass_mud,zostera_mud,100,1.96163e-160,313,Metazoa,Mollusca,Mollusca,Venerida,Veneridae,Saxidomus,0,0,TRUE,ASV860,4,Saxidomus gigantea
edna0123,ASV3532,motu2807,Pachylaelapidae,Mite,genus,NA,1,NA,NA,NA,4,NA,NA,NA,NA,NA,Pachylaelapidae,Mite,2018_hdo_surface,hdo,beach_seine,2018-08-23,2018-08-23,2018,surface,3,edna_hdo_30,repeat-surface,biological,NA,NA,NA,NA,NA,NA,4.8,875,0,51.6551346,-128.1292625,mud,n,320,p,seagrass,zostera,seagrass_mud,zostera_mud,100,0.00408744,30,Metazoa,Arthropoda,Arthropoda,Mesostigmata,NA,Pachylaelapidae,NA,NA,TRUE,ASV3532,1,NA
edna0123,ASV2600,motu2110,Balanus glandula,Acorn barnacle,species,NA,1,NA,1,NA,52,NA,97,NA,NA,53,Balanus glandula,Acorn barnacle,2018_hdo_surface,hdo,beach_seine,2018-08-23,2018-08-23,2018,surface,3,edna_hdo_30,repeat-surface,biological,NA,NA,NA,NA,NA,NA,4.8,875,0,51.6551346,-128.1292625,mud,n,320,p,seagrass,zostera,seagrass_mud,zostera_mud,99.35,7.002779999999996e-155,303,Metazoa,Arthropoda,Thecostraca,Balanomorpha,Balanidae,Balanus,0,0,TRUE,ASV2600,1,Balanus glandula
edna0123,ASV4691,motu1772,Synchaeta grimpei,Rotifer,species,NA,1,NA,1,NA,7,NA,7,10,NA,NA,Synchaeta grimpei,Rotifer,2018_hdo_surface,hdo,beach_seine,2018-08-23,2018-08-23,2018,surface,3,edna_hdo_30,repeat-surface,biological,NA,NA,NA,NA,NA,NA,4.8,875,0,51.6551346,-128.1292625,mud,n,320,p,seagrass,zostera,seagrass_mud,zostera_mud,91.12,2.07503e-110,223,Metazoa,Rotifera,Eurotatoria,Ploima,Synchaetidae,Synchaeta,0,0,TRUE,ASV2150,2,Synchaeta grimpei
edna0123,ASV5387,motu1692,Synchaeta grimpei,Rotifer,species,NA,1,NA,NA,NA,10,NA,NA,NA,NA,NA,Synchaeta grimpei,Rotifer,2018_hdo_surface,hdo,beach_seine,2018-08-23,2018-08-23,2018,surface,3,edna_hdo_30,repeat-surface,biological,NA,NA,NA,NA,NA,NA,4.8,875,0,51.6551346,-128.1292625,mud,n,320,p,seagrass,zostera,seagrass_mud,zostera_mud,91.12,2.07503e-110,223,Metazoa,Rotifera,Eurotatoria,Ploima,Synchaetidae,Synchaeta,0,0,TRUE,ASV2042,2,Synchaeta grimpei
edna0124,ASV308,motu270,Synchaeta baltica,Rotifer,species,NA,1,1,1,NA,24,22,NA,24,NA,33,Synchaeta baltica,Rotifer,2018_ppo_surface,ppo,beach_seine,2018-08-23,2018-08-23,2018,surface,1,edna_ppo_00,repeat-surface,biological,NA,NA,NA,NA,NA,NA,5.1,725,0,51.65821943,-128.113325,mud,n,100,p,seagrass,zostera,seagrass_mud,zostera_mud,90.79,3.5361899999999996e-113,228,Metazoa,Rotifera,Eurotatoria,Ploima,Synchaetidae,Synchaeta,0,0,TRUE,ASV308,3,Synchaeta baltica
edna0124,ASV398,motu350,Synchaeta pectinata,Rotifer,species,NA,1,NA,NA,NA,3,NA,NA,NA,NA,NA,Synchaeta pectinata,Rotifer,2018_ppo_surface,ppo,beach_seine,2018-08-23,2018-08-23,2018,surface,1,edna_ppo_00,repeat-surface,biological,NA,NA,NA,NA,NA,NA,5.1,725,0,51.65821943,-128.113325,mud,n,100,p,seagrass,zostera,seagrass_mud,zostera_mud,90.48,1.6452299999999999e-111,225,Metazoa,Rotifera,Eurotatoria,Ploima,Synchaetidae,Synchaeta,0,0,TRUE,ASV398,4,Synchaeta pectinata
edna0124,ASV520,motu457,Evasterias troschelii,False ochre star,species,NA,1,NA,NA,NA,5,NA,NA,NA,NA,NA,Evasterias troschelii,False ochre star,2018_ppo_surface,ppo,beach_seine,2018-08-23,2018-08-23,2018,surface,1,edna_ppo_00,repeat-surface,biological,NA,NA,NA,NA,NA,NA,5.1,725,0,51.65821943,-128.113325,mud,n,100,p,seagrass,zostera,seagrass_mud,zostera_mud,100,1.96163e-160,313,Metazoa,Echinodermata,Asteroidea,Forcipulatida,Asteriidae,Evasterias,0,0,TRUE,ASV520,1,Evasterias troschelii
edna0124,ASV346,motu306,Synchaeta vorax,Rotifer,species,NA,1,NA,1,NA,6,NA,NA,NA,NA,5,Synchaeta vorax,Rotifer,2018_ppo_surface,ppo,beach_seine,2018-08-23,2018-08-23,2018,surface,1,edna_ppo_00,repeat-surface,biological,NA,NA,NA,NA,NA,NA,5.1,725,0,51.65821943,-128.113325,mud,n,100,p,seagrass,zostera,seagrass_mud,zostera_mud,98.08,7.129989999999999e-150,294,Metazoa,Rotifera,Eurotatoria,Ploima,Synchaetidae,Synchaeta,0,0,TRUE,ASV346,5,Synchaeta vorax
edna0124,ASV674,motu334,Synchaeta pectinata,Rotifer,species,NA,1,NA,NA,NA,4,NA,NA,NA,NA,NA,Synchaeta pectinata,Rotifer,2018_ppo_surface,ppo,beach_seine,2018-08-23,2018-08-23,2018,surface,1,edna_ppo_00,repeat-surface,biological,NA,NA,NA,NA,NA,NA,5.1,725,0,51.65821943,-128.113325,mud,n,100,p,seagrass,zostera,seagrass_mud,zostera_mud,90.79,3.5361899999999996e-113,228,Metazoa,Rotifera,Eurotatoria,Ploima,Synchaetidae,Synchaeta,0,0,TRUE,ASV377,5,Synchaeta pectinata
edna0124,ASV1791,motu1494,Saxidomus nuttalli,California butterclam,species,NA,1,NA,NA,NA,15,NA,NA,NA,NA,NA,Saxidomus nuttalli,California butterclam,2018_ppo_surface,ppo,beach_seine,2018-08-23,2018-08-23,2018,surface,1,edna_ppo_00,repeat-surface,biological,NA,NA,NA,NA,NA,NA,5.1,725,0,51.65821943,-128.113325,mud,n,100,p,seagrass,zostera,seagrass_mud,zostera_mud,99.68,4.246189999999999e-157,307,Metazoa,Mollusca,Bivalvia,Venerida,Veneridae,Saxidomus,0,0,TRUE,ASV1791,2,Saxidomus nuttalli
edna0124,ASV1293,motu1094,Asteriidae,Sea star,family,NA,1,NA,NA,NA,7,NA,NA,NA,NA,NA,Asteriidae,Sea star,2018_ppo_surface,ppo,beach_seine,2018-08-23,2018-08-23,2018,surface,1,edna_ppo_00,repeat-surface,biological,NA,NA,NA,NA,NA,NA,5.1,725,0,51.65821943,-128.113325,mud,n,100,p,seagrass,zostera,seagrass_mud,zostera_mud,100,1.96163e-160,313,Metazoa,Echinodermata,Echinodermata,Forcipulatida,Asteriidae,NA,0,0,TRUE,ASV1293,1,NA
edna0124,ASV2147,motu1769,Asteriidae,Sea star,family,NA,1,NA,NA,NA,4,NA,NA,NA,NA,NA,Asteriidae,Sea star,2018_ppo_surface,ppo,beach_seine,2018-08-23,2018-08-23,2018,surface,1,edna_ppo_00,repeat-surface,biological,NA,NA,NA,NA,NA,NA,5.1,725,0,51.65821943,-128.113325,mud,n,100,p,seagrass,zostera,seagrass_mud,zostera_mud,100,1.96163e-160,313,Metazoa,Echinodermata,Echinodermata,Forcipulatida,Asteriidae,NA,0,0,TRUE,ASV2147,1,NA
edna0124,ASV1570,motu1323,Pleurobrachia bachei,Pacific sea gooseberry,species,NA,1,NA,1,NA,6,NA,10,14,NA,NA,Pleurobrachia bachei,Pacific sea gooseberry,2018_ppo_surface,ppo,beach_seine,2018-08-23,2018-08-23,2018,surface,1,edna_ppo_00,repeat-surface,biological,NA,NA,NA,NA,NA,NA,5.1,725,0,51.65821943,-128.113325,mud,n,100,p,seagrass,zostera,seagrass_mud,zostera_mud,99.68,9.126599999999999e-159,310,Metazoa,Ctenophora,Tentaculata,Cydippida,Cydippidae,Pleurobrachia,0,0,TRUE,ASV1570,1,Pleurobrachia bachei
edna0124,ASV1714,motu1432,Pleurobrachia bachei,Pacific sea gooseberry,species,NA,1,NA,1,NA,3,NA,9,20,NA,NA,Pleurobrachia bachei,Pacific sea gooseberry,2018_ppo_surface,ppo,beach_seine,2018-08-23,2018-08-23,2018,surface,1,edna_ppo_00,repeat-surface,biological,NA,NA,NA,NA,NA,NA,5.1,725,0,51.65821943,-128.113325,mud,n,100,p,seagrass,zostera,seagrass_mud,zostera_mud,99.68,9.126599999999999e-159,310,Metazoa,Ctenophora,Tentaculata,Cydippida,Cydippidae,Pleurobrachia,0,0,TRUE,ASV1714,1,Pleurobrachia bachei
edna0124,ASV3473,motu2758,Staphylinidae,Hexapod,genus,NA,1,NA,NA,NA,4,NA,NA,NA,NA,NA,Staphylinidae,Hexapod,2018_ppo_surface,ppo,beach_seine,2018-08-23,2018-08-23,2018,surface,1,edna_ppo_00,repeat-surface,biological,NA,NA,NA,NA,NA,NA,5.1,725,0,51.65821943,-128.113325,mud,n,100,p,seagrass,zostera,seagrass_mud,zostera_mud,90.14,3.11539e-14,50,Metazoa,Arthropoda,Arthropoda,Coleoptera,Staphylinidae,Staphylinidae,NA,NA,TRUE,ASV3473,1,NA
edna0124,ASV3048,motu2456,Semibalanus balanoides,Common rock barnacle,species,NA,1,NA,NA,NA,6,NA,NA,NA,NA,NA,Semibalanus balanoides,Common rock barnacle,2018_ppo_surface,ppo,beach_seine,2018-08-23,2018-08-23,2018,surface,1,edna_ppo_00,repeat-surface,biological,NA,NA,NA,NA,NA,NA,5.1,725,0,51.65821943,-128.113325,mud,n,100,p,seagrass,zostera,seagrass_mud,zostera_mud,100,1.96163e-160,313,Metazoa,Arthropoda,Thecostraca,Balanomorpha,Balanidae,Semibalanus,0,0,TRUE,ASV3048,1,Semibalanus balanoides
edna0124,ASV3033,motu2444,Staphylinidae,Hexapod,genus,NA,1,NA,NA,NA,4,NA,NA,NA,NA,NA,Staphylinidae,Hexapod,2018_ppo_surface,ppo,beach_seine,2018-08-23,2018-08-23,2018,surface,1,edna_ppo_00,repeat-surface,biological,NA,NA,NA,NA,NA,NA,5.1,725,0,51.65821943,-128.113325,mud,n,100,p,seagrass,zostera,seagrass_mud,zostera_mud,90.14,3.11539e-14,50,Metazoa,Arthropoda,Arthropoda,Coleoptera,Staphylinidae,Staphylinidae,NA,NA,TRUE,ASV3033,1,NA
edna0124,ASV4767,motu199,Mytilus trossulus,Bay mussel,species,NA,1,NA,NA,NA,42,NA,NA,NA,NA,NA,Mytilus trossulus,Bay mussel,2018_ppo_surface,ppo,beach_seine,2018-08-23,2018-08-23,2018,surface,1,edna_ppo_00,repeat-surface,biological,NA,NA,NA,NA,NA,NA,5.1,725,0,51.65821943,-128.113325,mud,n,100,p,seagrass,zostera,seagrass_mud,zostera_mud,99.68,1.5051499999999994e-156,306,Metazoa,Mollusca,Mollusca,Mytilida,Mytilidae,Mytilus,0,0,TRUE,ASV226,18,Mytilus trossulus
edna0125,ASV520,motu457,Evasterias troschelii,False ochre star,species,NA,1,NA,1,NA,4,NA,NA,4,NA,NA,Evasterias troschelii,False ochre star,2018_ppo_surface,ppo,beach_seine,2018-08-23,2018-08-23,2018,surface,2,edna_ppo_15,repeat-surface,biological,15.5,26.35,8.4,12.2,31.92,8,6.1,900,0,51.65810573,-128.1131937,mud,n,100,p,seagrass,zostera,seagrass_mud,zostera_mud,100,1.96163e-160,313,Metazoa,Echinodermata,Asteroidea,Forcipulatida,Asteriidae,Evasterias,0,0,TRUE,ASV520,1,Evasterias troschelii
edna0125,ASV467,motu412,Saxidomus,Washington clam species,genus,NA,1,NA,NA,NA,24,NA,NA,NA,NA,NA,Saxidomus,Washington clam species,2018_ppo_surface,ppo,beach_seine,2018-08-23,2018-08-23,2018,surface,2,edna_ppo_15,repeat-surface,biological,15.5,26.35,8.4,12.2,31.92,8,6.1,900,0,51.65810573,-128.1131937,mud,n,100,p,seagrass,zostera,seagrass_mud,zostera_mud,100,1.96163e-160,313,Metazoa,Mollusca,Mollusca,Venerida,Veneridae,Saxidomus,0,0,TRUE,ASV467,12,NA
edna0125,ASV860,motu748,Saxidomus,Washington clam species,genus,NA,1,NA,NA,NA,21,NA,NA,NA,NA,NA,Saxidomus,Washington clam species,2018_ppo_surface,ppo,beach_seine,2018-08-23,2018-08-23,2018,surface,2,edna_ppo_15,repeat-surface,biological,15.5,26.35,8.4,12.2,31.92,8,6.1,900,0,51.65810573,-128.1131937,mud,n,100,p,seagrass,zostera,seagrass_mud,zostera_mud,100,1.96163e-160,313,Metazoa,Mollusca,Mollusca,Venerida,Veneridae,Saxidomus,0,0,TRUE,ASV860,4,NA
edna0125,ASV733,motu637,Phyllodocida,Polychaete,order,NA,1,NA,NA,NA,9,NA,NA,NA,NA,NA,Phyllodocida,Polychaete,2018_ppo_surface,ppo,beach_seine,2018-08-23,2018-08-23,2018,surface,2,edna_ppo_15,repeat-surface,biological,15.5,26.35,8.4,12.2,31.92,8,6.1,900,0,51.65810573,-128.1131937,mud,n,100,p,seagrass,zostera,seagrass_mud,zostera_mud,100,0.0603188,28,Metazoa,Annelida,Annelida,Phyllodocida,NA,NA,0,0,TRUE,ASV733,1,NA
edna0125,ASV1293,motu1094,Asteriidae,Sea star,family,NA,1,NA,NA,NA,7,NA,NA,NA,NA,NA,Asteriidae,Sea star,2018_ppo_surface,ppo,beach_seine,2018-08-23,2018-08-23,2018,surface,2,edna_ppo_15,repeat-surface,biological,15.5,26.35,8.4,12.2,31.92,8,6.1,900,0,51.65810573,-128.1131937,mud,n,100,p,seagrass,zostera,seagrass_mud,zostera_mud,100,1.96163e-160,313,Metazoa,Echinodermata,Echinodermata,Forcipulatida,Asteriidae,NA,0,0,TRUE,ASV1293,1,NA
edna0125,ASV1988,motu1648,Emplectonema viride,Green ribbon worm,species,NA,1,NA,NA,NA,2,NA,NA,NA,NA,NA,Emplectonema viride,Green ribbon worm,2018_ppo_surface,ppo,beach_seine,2018-08-23,2018-08-23,2018,surface,2,edna_ppo_15,repeat-surface,biological,15.5,26.35,8.4,12.2,31.92,8,6.1,900,0,51.65810573,-128.1131937,mud,n,100,p,seagrass,zostera,seagrass_mud,zostera_mud,100,1.96163e-160,313,Metazoa,Nemertea,Hoplonemertea,Monostilifera,Emplectonematidae,Emplectonema,0,0,TRUE,ASV1988,1,Emplectonema viride
edna0125,ASV2228,motu1836,Saxidomus nuttalli,California butterclam,species,NA,1,NA,NA,NA,16,NA,NA,NA,NA,NA,Saxidomus nuttalli,California butterclam,2018_ppo_surface,ppo,beach_seine,2018-08-23,2018-08-23,2018,surface,2,edna_ppo_15,repeat-surface,biological,15.5,26.35,8.4,12.2,31.92,8,6.1,900,0,51.65810573,-128.1131937,mud,n,100,p,seagrass,zostera,seagrass_mud,zostera_mud,99.68,4.246189999999999e-157,307,Metazoa,Mollusca,Bivalvia,Venerida,Veneridae,Saxidomus,0,0,TRUE,ASV2228,1,Saxidomus nuttalli
edna0125,ASV1747,motu1458,Armandia brevis,Opheliid polychaete,species,NA,1,NA,NA,NA,5,NA,NA,NA,NA,NA,Armandia brevis,Opheliid polychaete,2018_ppo_surface,ppo,beach_seine,2018-08-23,2018-08-23,2018,surface,2,edna_ppo_15,repeat-surface,biological,15.5,26.35,8.4,12.2,31.92,8,6.1,900,0,51.65810573,-128.1131937,mud,n,100,p,seagrass,zostera,seagrass_mud,zostera_mud,100,3.4804099999999994e-173,336,Metazoa,Annelida,Polychaeta,NA,Opheliidae,Armandia,0,0,TRUE,ASV1747,1,Armandia brevis
edna0125,ASV1714,motu1432,Pleurobrachia bachei,Pacific sea gooseberry,species,NA,1,NA,1,NA,8,NA,NA,5,NA,8,Pleurobrachia bachei,Pacific sea gooseberry,2018_ppo_surface,ppo,beach_seine,2018-08-23,2018-08-23,2018,surface,2,edna_ppo_15,repeat-surface,biological,15.5,26.35,8.4,12.2,31.92,8,6.1,900,0,51.65810573,-128.1131937,mud,n,100,p,seagrass,zostera,seagrass_mud,zostera_mud,99.68,9.126599999999999e-159,310,Metazoa,Ctenophora,Tentaculata,Cydippida,Cydippidae,Pleurobrachia,0,0,TRUE,ASV1714,1,Pleurobrachia bachei
edna0125,ASV2172,motu1790,Paracalanus,Calanoid copepod,genus,NA,1,NA,NA,NA,7,NA,NA,NA,NA,NA,Paracalanus,Calanoid copepod,2018_ppo_surface,ppo,beach_seine,2018-08-23,2018-08-23,2018,surface,2,edna_ppo_15,repeat-surface,biological,15.5,26.35,8.4,12.2,31.92,8,6.1,900,0,51.65810573,-128.1131937,mud,n,100,p,seagrass,zostera,seagrass_mud,zostera_mud,99.34,1.9105799999999988e-150,295,Metazoa,Arthropoda,Copepoda,Calanoida,Paracalanidae,Paracalanus,0,0,TRUE,ASV2172,1,NA
edna0125,ASV2042,motu1692,Synchaeta grimpei,Rotifer,species,NA,1,NA,1,NA,15,NA,NA,NA,NA,13,Synchaeta grimpei,Rotifer,2018_ppo_surface,ppo,beach_seine,2018-08-23,2018-08-23,2018,surface,2,edna_ppo_15,repeat-surface,biological,15.5,26.35,8.4,12.2,31.92,8,6.1,900,0,51.65810573,-128.1131937,mud,n,100,p,seagrass,zostera,seagrass_mud,zostera_mud,91.45,4.459999999999999e-112,226,Metazoa,Rotifera,Eurotatoria,Ploima,Synchaetidae,Synchaeta,0,0,TRUE,ASV2042,2,Synchaeta grimpei
edna0125,ASV2224,motu1833,Saxidomus gigantea,Butter clam,species,NA,1,NA,1,NA,24,NA,NA,46,NA,NA,Saxidomus gigantea,Butter clam,2018_ppo_surface,ppo,beach_seine,2018-08-23,2018-08-23,2018,surface,2,edna_ppo_15,repeat-surface,biological,15.5,26.35,8.4,12.2,31.92,8,6.1,900,0,51.65810573,-128.1131937,mud,n,100,p,seagrass,zostera,seagrass_mud,zostera_mud,99.36,4.246189999999999e-157,307,Metazoa,Mollusca,Mollusca,Venerida,Veneridae,Saxidomus,0,0,TRUE,ASV2224,1,Saxidomus gigantea
edna0125,ASV2757,motu2230,Diplostomida,Flatworm,order,NA,1,NA,NA,NA,3,NA,NA,NA,NA,NA,Diplostomida,Flatworm,2018_ppo_surface,ppo,beach_seine,2018-08-23,2018-08-23,2018,surface,2,edna_ppo_15,repeat-surface,biological,15.5,26.35,8.4,12.2,31.92,8,6.1,900,0,51.65810573,-128.1131937,mud,n,100,p,seagrass,zostera,seagrass_mud,zostera_mud,96.88,0.0144888,29,Metazoa,Platyhelminthes,Platyhelminthes,Diplostomida,NA,NA,0,0,TRUE,ASV2757,1,NA
edna0125,ASV2117,motu1746,Synchaeta vorax,Rotifer,species,NA,1,1,NA,NA,5,4,NA,NA,NA,NA,Synchaeta vorax,Rotifer,2018_ppo_surface,ppo,beach_seine,2018-08-23,2018-08-23,2018,surface,2,edna_ppo_15,repeat-surface,biological,15.5,26.35,8.4,12.2,31.92,8,6.1,900,0,51.65810573,-128.1131937,mud,n,100,p,seagrass,zostera,seagrass_mud,zostera_mud,94.81,5.60839e-131,260,Metazoa,Rotifera,Eurotatoria,Ploima,Synchaetidae,Synchaeta,0,0,TRUE,ASV2117,4,Synchaeta vorax
edna0125,ASV3868,motu3037,Saxidomus gigantea,Butter clam,species,NA,1,NA,NA,NA,20,NA,NA,NA,NA,NA,Saxidomus gigantea,Butter clam,2018_ppo_surface,ppo,beach_seine,2018-08-23,2018-08-23,2018,surface,2,edna_ppo_15,repeat-surface,biological,15.5,26.35,8.4,12.2,31.92,8,6.1,900,0,51.65810573,-128.1131937,mud,n,100,p,seagrass,zostera,seagrass_mud,zostera_mud,99.36,4.246189999999999e-157,307,Metazoa,Mollusca,Mollusca,Venerida,Veneridae,Saxidomus,0,0,TRUE,ASV3868,1,Saxidomus gigantea
edna0126,ASV233,motu74,Euchlanidae,Rotifer,family,NA,1,NA,NA,NA,29,NA,NA,NA,NA,NA,No Results,No Results,2018_ppo_surface,ppo,beach_seine,2018-08-23,2018-08-23,2018,surface,3,edna_ppo_30,repeat-surface,biological,NA,NA,NA,NA,NA,NA,5.8,1000,0,51.65799974,-128.113112,mud,n,100,p,seagrass,zostera,seagrass_mud,zostera_mud,91.35,3.005919999999998e-29,77,Metazoa,Rotifera,Rotifera,Ploima,Euchlanidae,NA,1,NA,TRUE,ASV84,2,NA
edna0126,ASV452,motu183,Euchlanidae,Rotifer,family,NA,1,NA,NA,NA,18,NA,NA,NA,NA,NA,No Results,No Results,2018_ppo_surface,ppo,beach_seine,2018-08-23,2018-08-23,2018,surface,3,edna_ppo_30,repeat-surface,biological,NA,NA,NA,NA,NA,NA,5.8,1000,0,51.65799974,-128.113112,mud,n,100,p,seagrass,zostera,seagrass_mud,zostera_mud,91.35,3.005919999999998e-29,77,Metazoa,Rotifera,Rotifera,Ploima,Euchlanidae,NA,1,NA,TRUE,ASV208,2,NA
edna0126,ASV216,motu190,Mytilus trossulus,Bay mussel,species,NA,1,1,1,NA,46,20,28,93,NA,58,Mytilus trossulus,Bay mussel,2018_ppo_surface,ppo,beach_seine,2018-08-23,2018-08-23,2018,surface,3,edna_ppo_30,repeat-surface,biological,NA,NA,NA,NA,NA,NA,5.8,1000,0,51.65799974,-128.113112,mud,n,100,p,seagrass,zostera,seagrass_mud,zostera_mud,100,3.2351099999999996e-158,309,Metazoa,Mollusca,Mollusca,Mytilida,Mytilidae,Mytilus,0,0,TRUE,ASV216,23,Mytilus trossulus
edna0126,ASV536,motu470,Paracalanus parvus parvus,Calanoid copepod,species,NA,1,NA,NA,NA,57,NA,NA,NA,NA,NA,Paracalanus parvus parvus,Calanoid copepod,2018_ppo_surface,ppo,beach_seine,2018-08-23,2018-08-23,2018,surface,3,edna_ppo_30,repeat-surface,biological,NA,NA,NA,NA,NA,NA,5.8,1000,0,51.65799974,-128.113112,mud,n,100,p,seagrass,zostera,seagrass_mud,zostera_mud,100,1.17454e-132,263,Metazoa,Arthropoda,Copepoda,Calanoida,Paracalanidae,Paracalanus,0,0,TRUE,ASV536,6,Paracalanus parvus parvus
edna0126,ASV308,motu270,Synchaeta baltica,Rotifer,species,NA,1,NA,1,NA,22,NA,55,61,NA,29,Synchaeta baltica,Rotifer,2018_ppo_surface,ppo,beach_seine,2018-08-23,2018-08-23,2018,surface,3,edna_ppo_30,repeat-surface,biological,NA,NA,NA,NA,NA,NA,5.8,1000,0,51.65799974,-128.113112,mud,n,100,p,seagrass,zostera,seagrass_mud,zostera_mud,90.79,3.5361899999999996e-113,228,Metazoa,Rotifera,Eurotatoria,Ploima,Synchaetidae,Synchaeta,0,0,TRUE,ASV308,3,Synchaeta baltica
edna0126,ASV328,motu288,Synchaeta baltica,Rotifer,species,NA,1,NA,1,NA,30,NA,31,54,NA,30,Synchaeta baltica,Rotifer,2018_ppo_surface,ppo,beach_seine,2018-08-23,2018-08-23,2018,surface,3,edna_ppo_30,repeat-surface,biological,NA,NA,NA,NA,NA,NA,5.8,1000,0,51.65799974,-128.113112,mud,n,100,p,seagrass,zostera,seagrass_mud,zostera_mud,90.79,3.5361899999999996e-113,228,Metazoa,Rotifera,Eurotatoria,Ploima,Synchaetidae,Synchaeta,0,0,TRUE,ASV328,3,Synchaeta baltica
edna0126,ASV352,motu311,Synchaeta vorax,Rotifer,species,NA,1,NA,1,NA,4,NA,NA,NA,NA,3,Synchaeta vorax,Rotifer,2018_ppo_surface,ppo,beach_seine,2018-08-23,2018-08-23,2018,surface,3,edna_ppo_30,repeat-surface,biological,NA,NA,NA,NA,NA,NA,5.8,1000,0,51.65799974,-128.113112,mud,n,100,p,seagrass,zostera,seagrass_mud,zostera_mud,98.08,7.129989999999999e-150,294,Metazoa,Rotifera,Eurotatoria,Ploima,Synchaetidae,Synchaeta,0,0,TRUE,ASV352,4,Synchaeta vorax
edna0126,ASV346,motu306,Synchaeta vorax,Rotifer,species,NA,1,1,1,NA,5,4,NA,6,NA,NA,Synchaeta vorax,Rotifer,2018_ppo_surface,ppo,beach_seine,2018-08-23,2018-08-23,2018,surface,3,edna_ppo_30,repeat-surface,biological,NA,NA,NA,NA,NA,NA,5.8,1000,0,51.65799974,-128.113112,mud,n,100,p,seagrass,zostera,seagrass_mud,zostera_mud,98.08,7.129989999999999e-150,294,Metazoa,Rotifera,Eurotatoria,Ploima,Synchaetidae,Synchaeta,0,0,TRUE,ASV346,5,Synchaeta vorax
edna0126,ASV623,motu543,Balanus,Barnacle species,genus,NA,1,NA,1,NA,40,NA,NA,150,NA,NA,Balanus,Barnacle species,2018_ppo_surface,ppo,beach_seine,2018-08-23,2018-08-23,2018,surface,3,edna_ppo_30,repeat-surface,biological,NA,NA,NA,NA,NA,NA,5.8,1000,0,51.65799974,-128.113112,mud,n,100,p,seagrass,zostera,seagrass_mud,zostera_mud,100,1.4886099999999998e-156,306,Metazoa,Arthropoda,Arthropoda,Balanomorpha,Balanidae,Balanus,0,0,TRUE,ASV623,7,NA
edna0126,ASV1095,motu942,Balanus,Barnacle species,genus,NA,1,NA,NA,NA,61,NA,NA,NA,NA,NA,Balanus,Barnacle species,2018_ppo_surface,ppo,beach_seine,2018-08-23,2018-08-23,2018,surface,3,edna_ppo_30,repeat-surface,biological,NA,NA,NA,NA,NA,NA,5.8,1000,0,51.65799974,-128.113112,mud,n,100,p,seagrass,zostera,seagrass_mud,zostera_mud,100,1.4886099999999998e-156,306,Metazoa,Arthropoda,Arthropoda,Balanomorpha,Balanidae,Balanus,0,0,TRUE,ASV1095,4,NA
edna0126,ASV689,motu600,Synchaeta baltica,Rotifer,species,NA,1,NA,NA,NA,12,NA,NA,NA,NA,NA,Synchaeta baltica,Rotifer,2018_ppo_surface,ppo,beach_seine,2018-08-23,2018-08-23,2018,surface,3,edna_ppo_30,repeat-surface,biological,NA,NA,NA,NA,NA,NA,5.8,1000,0,51.65799974,-128.113112,mud,n,100,p,seagrass,zostera,seagrass_mud,zostera_mud,90.76,1.27184e-112,227,Metazoa,Rotifera,Eurotatoria,Ploima,Synchaetidae,Synchaeta,0,0,TRUE,ASV689,1,Synchaeta baltica
edna0126,ASV2228,motu1836,Saxidomus nuttalli,California butterclam,species,NA,1,NA,NA,NA,13,NA,NA,NA,NA,NA,Saxidomus nuttalli,California butterclam,2018_ppo_surface,ppo,beach_seine,2018-08-23,2018-08-23,2018,surface,3,edna_ppo_30,repeat-surface,biological,NA,NA,NA,NA,NA,NA,5.8,1000,0,51.65799974,-128.113112,mud,n,100,p,seagrass,zostera,seagrass_mud,zostera_mud,99.68,4.246189999999999e-157,307,Metazoa,Mollusca,Bivalvia,Venerida,Veneridae,Saxidomus,0,0,TRUE,ASV2228,1,Saxidomus nuttalli
edna0126,ASV1579,motu213,Balanus glandula,Acorn barnacle,species,NA,1,1,1,NA,113,43,91,202,NA,137,Balanus glandula,Acorn barnacle,2018_ppo_surface,ppo,beach_seine,2018-08-23,2018-08-23,2018,surface,3,edna_ppo_30,repeat-surface,biological,NA,NA,NA,NA,NA,NA,5.8,1000,0,51.65799974,-128.113112,mud,n,100,p,seagrass,zostera,seagrass_mud,zostera_mud,99.68,1.5051499999999994e-156,306,Metazoa,Arthropoda,Thecostraca,Balanomorpha,Balanidae,Balanus,0,0,TRUE,ASV242,15,Balanus glandula
edna0126,ASV3465,motu394,Balanus glandula,Acorn barnacle,species,NA,1,NA,NA,NA,103,NA,NA,NA,NA,NA,Balanus glandula,Acorn barnacle,2018_ppo_surface,ppo,beach_seine,2018-08-23,2018-08-23,2018,surface,3,edna_ppo_30,repeat-surface,biological,NA,NA,NA,NA,NA,NA,5.8,1000,0,51.65799974,-128.113112,mud,n,100,p,seagrass,zostera,seagrass_mud,zostera_mud,99.68,1.5051499999999994e-156,306,Metazoa,Arthropoda,Thecostraca,Balanomorpha,Balanidae,Balanus,0,0,TRUE,ASV447,12,Balanus glandula
edna0126,ASV3356,motu2675,Chaetognatha,Arrow worm,phylum,NA,1,NA,NA,NA,2,NA,NA,NA,NA,NA,Chaetognatha,Arrow worm,2018_ppo_surface,ppo,beach_seine,2018-08-23,2018-08-23,2018,surface,3,edna_ppo_30,repeat-surface,biological,NA,NA,NA,NA,NA,NA,5.8,1000,0,51.65799974,-128.113112,mud,n,100,p,seagrass,zostera,seagrass_mud,zostera_mud,98.01,1.6078299999999998e-91,189,Metazoa,Chaetognatha,NA,NA,NA,NA,0,0,TRUE,ASV3356,1,NA
edna0126,ASV3669,motu1837,Balanus glandula,Acorn barnacle,species,NA,1,NA,NA,NA,4,NA,NA,NA,NA,NA,Balanus glandula,Acorn barnacle,2018_ppo_surface,ppo,beach_seine,2018-08-23,2018-08-23,2018,surface,3,edna_ppo_30,repeat-surface,biological,NA,NA,NA,NA,NA,NA,5.8,1000,0,51.65799974,-128.113112,mud,n,100,p,seagrass,zostera,seagrass_mud,zostera_mud,99.68,1.5051499999999994e-156,306,Metazoa,Arthropoda,Thecostraca,Balanomorpha,Balanidae,Balanus,0,0,TRUE,ASV2229,2,Balanus glandula
edna0126,ASV3171,motu2538,Semibalanus balanoides,Common rock barnacle,species,NA,1,NA,NA,NA,2,NA,NA,NA,NA,NA,Semibalanus balanoides,Common rock barnacle,2018_ppo_surface,ppo,beach_seine,2018-08-23,2018-08-23,2018,surface,3,edna_ppo_30,repeat-surface,biological,NA,NA,NA,NA,NA,NA,5.8,1000,0,51.65799974,-128.113112,mud,n,100,p,seagrass,zostera,seagrass_mud,zostera_mud,100,1.96163e-160,313,Metazoa,Arthropoda,Thecostraca,Balanomorpha,Balanidae,Semibalanus,0,0,TRUE,ASV3171,1,Semibalanus balanoides
edna0126,ASV3803,motu2992,Balanus glandula,Acorn barnacle,species,NA,1,NA,NA,NA,11,NA,NA,NA,NA,NA,Balanus glandula,Acorn barnacle,2018_ppo_surface,ppo,beach_seine,2018-08-23,2018-08-23,2018,surface,3,edna_ppo_30,repeat-surface,biological,NA,NA,NA,NA,NA,NA,5.8,1000,0,51.65799974,-128.113112,mud,n,100,p,seagrass,zostera,seagrass_mud,zostera_mud,99.68,1.5051499999999994e-156,306,Metazoa,Arthropoda,Thecostraca,Balanomorpha,Balanidae,Balanus,0,0,TRUE,ASV3803,1,Balanus glandula
edna0126,ASV4282,motu394,Balanus glandula,Acorn barnacle,species,NA,1,NA,NA,NA,58,NA,NA,NA,NA,NA,Balanus glandula,Acorn barnacle,2018_ppo_surface,ppo,beach_seine,2018-08-23,2018-08-23,2018,surface,3,edna_ppo_30,repeat-surface,biological,NA,NA,NA,NA,NA,NA,5.8,1000,0,51.65799974,-128.113112,mud,n,100,p,seagrass,zostera,seagrass_mud,zostera_mud,99.68,1.5051499999999994e-156,306,Metazoa,Arthropoda,Thecostraca,Balanomorpha,Balanidae,Balanus,0,0,TRUE,ASV447,12,Balanus glandula
edna0126,ASV3017,motu2432,Euphausia pacifica,North Pacific krill,species,NA,1,NA,NA,NA,4,NA,NA,NA,NA,NA,Euphausia pacifica,North Pacific krill,2018_ppo_surface,ppo,beach_seine,2018-08-23,2018-08-23,2018,surface,3,edna_ppo_30,repeat-surface,biological,NA,NA,NA,NA,NA,NA,5.8,1000,0,51.65799974,-128.113112,mud,n,100,p,seagrass,zostera,seagrass_mud,zostera_mud,100,3.2351099999999996e-158,309,Metazoa,Arthropoda,Malacostraca,Euphausiacea,Euphausiidae,Euphausia,0,0,TRUE,ASV3017,1,Euphausia pacifica
edna0126,ASV4844,motu3748,Lepidoptera,Hexapod,order,NA,1,NA,NA,NA,5,NA,NA,NA,NA,NA,Lepidoptera,Hexapod,2018_ppo_surface,ppo,beach_seine,2018-08-23,2018-08-23,2018,surface,3,edna_ppo_30,repeat-surface,biological,NA,NA,NA,NA,NA,NA,5.8,1000,0,51.65799974,-128.113112,mud,n,100,p,seagrass,zostera,seagrass_mud,zostera_mud,96.97,0.00408744,30,Metazoa,Arthropoda,Arthropoda,Lepidoptera,NA,NA,NA,NA,TRUE,ASV4844,1,NA
edna0126,ASV5047,motu543,Balanus,Barnacle species,genus,NA,1,NA,NA,NA,35,NA,NA,NA,NA,NA,Balanus,Barnacle species,2018_ppo_surface,ppo,beach_seine,2018-08-23,2018-08-23,2018,surface,3,edna_ppo_30,repeat-surface,biological,NA,NA,NA,NA,NA,NA,5.8,1000,0,51.65799974,-128.113112,mud,n,100,p,seagrass,zostera,seagrass_mud,zostera_mud,99.67,6.925819999999995e-155,303,Metazoa,Arthropoda,Arthropoda,Balanomorpha,Balanidae,Balanus,0,0,TRUE,ASV623,7,NA
edna0128,ASV352,motu311,Synchaeta vorax,Rotifer,species,NA,1,NA,1,NA,6,NA,2,NA,NA,NA,Synchaeta vorax,Rotifer,2018_pba_surface,pba,beach_seine,2018-08-23,2018-08-25,2018,surface,2,edna_pba_15,repeat-surface,biological,15.4,26.05,8.4,12.4,32.08,7.99,4.5,900,0,51.64655803,-128.1188964,mud,y,180,p,seagrass,zostera,seagrass_mud,zostera_mud,98.08,7.129989999999999e-150,294,Metazoa,Rotifera,Eurotatoria,Ploima,Synchaetidae,Synchaeta,0,0,TRUE,ASV352,4,Synchaeta vorax
edna0128,ASV674,motu334,Synchaeta pectinata,Rotifer,species,NA,1,1,1,NA,4,3,NA,2,NA,NA,Synchaeta pectinata,Rotifer,2018_pba_surface,pba,beach_seine,2018-08-23,2018-08-25,2018,surface,2,edna_pba_15,repeat-surface,biological,15.4,26.05,8.4,12.4,32.08,7.99,4.5,900,0,51.64655803,-128.1188964,mud,y,180,p,seagrass,zostera,seagrass_mud,zostera_mud,90.79,3.5361899999999996e-113,228,Metazoa,Rotifera,Eurotatoria,Ploima,Synchaetidae,Synchaeta,0,0,TRUE,ASV377,5,Synchaeta pectinata
edna0128,ASV679,motu591,Phyllodocida,Polychaete,order,NA,1,NA,1,NA,11,NA,14,37,NA,37,Phyllodocida,Polychaete,2018_pba_surface,pba,beach_seine,2018-08-23,2018-08-25,2018,surface,2,edna_pba_15,repeat-surface,biological,15.4,26.05,8.4,12.4,32.08,7.99,4.5,900,0,51.64655803,-128.1188964,mud,y,180,p,seagrass,zostera,seagrass_mud,zostera_mud,100,0.0603188,28,Metazoa,Annelida,Annelida,Phyllodocida,NA,NA,0,0,TRUE,ASV679,1,NA
edna0128,ASV689,motu600,Synchaeta baltica,Rotifer,species,NA,1,NA,NA,NA,12,NA,NA,NA,NA,NA,Synchaeta baltica,Rotifer,2018_pba_surface,pba,beach_seine,2018-08-23,2018-08-25,2018,surface,2,edna_pba_15,repeat-surface,biological,15.4,26.05,8.4,12.4,32.08,7.99,4.5,900,0,51.64655803,-128.1188964,mud,y,180,p,seagrass,zostera,seagrass_mud,zostera_mud,90.76,1.27184e-112,227,Metazoa,Rotifera,Eurotatoria,Ploima,Synchaetidae,Synchaeta,0,0,TRUE,ASV689,1,Synchaeta baltica
edna0128,ASV1145,motu557,Macoma nasuta,Bent-nosed clam,species,NA,1,NA,NA,NA,8,NA,NA,NA,NA,NA,Macoma nasuta,Bent-nosed clam,2018_pba_surface,pba,beach_seine,2018-08-23,2018-08-25,2018,surface,2,edna_pba_15,repeat-surface,biological,15.4,26.05,8.4,12.4,32.08,7.99,4.5,900,0,51.64655803,-128.1188964,mud,y,180,p,seagrass,zostera,seagrass_mud,zostera_mud,99.36,4.246189999999999e-157,307,Metazoa,Mollusca,Bivalvia,Cardiida,Tellinidae,Macoma,0,0,TRUE,ASV643,4,Macoma nasuta
edna0128,ASV1048,motu285,Paracalanus,Calanoid copepod,genus,NA,1,NA,NA,NA,58,NA,NA,NA,NA,NA,Paracalanus parvus parvus,Calanoid copepod,2018_pba_surface,pba,beach_seine,2018-08-23,2018-08-25,2018,surface,2,edna_pba_15,repeat-surface,biological,15.4,26.05,8.4,12.4,32.08,7.99,4.5,900,0,51.64655803,-128.1188964,mud,y,180,p,seagrass,zostera,seagrass_mud,zostera_mud,99.67,1.14177e-152,299,Metazoa,Arthropoda,Arthropoda,Calanoida,Paracalanidae,Paracalanus,0,0,TRUE,ASV324,6,NA
edna0128,ASV1070,motu922,Pleurobrachia bachei,Pacific sea gooseberry,species,NA,1,NA,1,NA,3,NA,NA,3,NA,NA,Pleurobrachia bachei,Pacific sea gooseberry,2018_pba_surface,pba,beach_seine,2018-08-23,2018-08-25,2018,surface,2,edna_pba_15,repeat-surface,biological,15.4,26.05,8.4,12.4,32.08,7.99,4.5,900,0,51.64655803,-128.1188964,mud,y,180,p,seagrass,zostera,seagrass_mud,zostera_mud,100,1.96163e-160,313,Metazoa,Ctenophora,Tentaculata,Cydippida,Cydippidae,Pleurobrachia,0,0,TRUE,ASV1070,7,Pleurobrachia bachei
edna0128,ASV1988,motu1648,Emplectonema viride,Green ribbon worm,species,NA,1,NA,NA,NA,3,NA,NA,NA,NA,NA,Emplectonema viride,Green ribbon worm,2018_pba_surface,pba,beach_seine,2018-08-23,2018-08-25,2018,surface,2,edna_pba_15,repeat-surface,biological,15.4,26.05,8.4,12.4,32.08,7.99,4.5,900,0,51.64655803,-128.1188964,mud,y,180,p,seagrass,zostera,seagrass_mud,zostera_mud,100,1.96163e-160,313,Metazoa,Nemertea,Hoplonemertea,Monostilifera,Emplectonematidae,Emplectonema,0,0,TRUE,ASV1988,1,Emplectonema viride
edna0128,ASV3977,motu748,Saxidomus gigantea,Butter clam,species,NA,1,NA,NA,NA,14,NA,NA,NA,NA,NA,Saxidomus,Washington clam species,2018_pba_surface,pba,beach_seine,2018-08-23,2018-08-25,2018,surface,2,edna_pba_15,repeat-surface,biological,15.4,26.05,8.4,12.4,32.08,7.99,4.5,900,0,51.64655803,-128.1188964,mud,y,180,p,seagrass,zostera,seagrass_mud,zostera_mud,100,1.96163e-160,313,Metazoa,Mollusca,Mollusca,Venerida,Veneridae,Saxidomus,0,0,TRUE,ASV860,4,Saxidomus gigantea
edna0128,ASV2150,motu1772,Synchaeta grimpei,Rotifer,species,NA,1,NA,1,NA,7,NA,NA,7,NA,7,Synchaeta grimpei,Rotifer,2018_pba_surface,pba,beach_seine,2018-08-23,2018-08-25,2018,surface,2,edna_pba_15,repeat-surface,biological,15.4,26.05,8.4,12.4,32.08,7.99,4.5,900,0,51.64655803,-128.1188964,mud,y,180,p,seagrass,zostera,seagrass_mud,zostera_mud,91.45,4.459999999999999e-112,226,Metazoa,Rotifera,Eurotatoria,Ploima,Synchaetidae,Synchaeta,0,0,TRUE,ASV2150,2,Synchaeta grimpei
edna0128,ASV5676,motu4354,Chaetognatha,Arrow worm,phylum,NA,1,NA,NA,NA,9,NA,NA,NA,NA,NA,Chaetognatha,Arrow worm,2018_pba_surface,pba,beach_seine,2018-08-23,2018-08-25,2018,surface,2,edna_pba_15,repeat-surface,biological,15.4,26.05,8.4,12.4,32.08,7.99,4.5,900,0,51.64655803,-128.1188964,mud,y,180,p,seagrass,zostera,seagrass_mud,zostera_mud,98.01,1.6078299999999998e-91,189,Metazoa,Chaetognatha,NA,NA,NA,NA,0,0,TRUE,ASV5676,1,NA
edna0033,ASV34,motu31,Centropages abdominalis,Calanoid copepod,species,NA,1,1,1,NA,11,3,868,1096,NA,1379,Centropages abdominalis,Calanoid copepod,2018_pba_surface,pba,beach_seine,2018-07-12,2018-07-10,2018,surface,2,edna_pba_30,surface,biological,16.5,26.06,8.43,NA,NA,NA,4,1000,0,51.64642312,-128.1189452,mud,y,180,p,seagrass,zostera,seagrass_mud,zostera_mud,100,1.96163e-160,313,Metazoa,Arthropoda,Copepoda,Calanoida,Centropagidae,Centropages,0,0,TRUE,ASV34,19,Centropages abdominalis
edna0033,ASV143,motu128,Centropages abdominalis,Calanoid copepod,species,NA,1,NA,1,NA,7,NA,45,46,NA,63,Centropages abdominalis,Calanoid copepod,2018_pba_surface,pba,beach_seine,2018-07-12,2018-07-10,2018,surface,2,edna_pba_30,surface,biological,16.5,26.06,8.43,NA,NA,NA,4,1000,0,51.64642312,-128.1189452,mud,y,180,p,seagrass,zostera,seagrass_mud,zostera_mud,100,1.96163e-160,313,Metazoa,Arthropoda,Copepoda,Calanoida,Centropagidae,Centropages,0,0,TRUE,ASV143,11,Centropages abdominalis
edna0033,ASV258,motu228,Lensia,Siphonophore,genus,NA,1,NA,NA,NA,16,NA,NA,NA,NA,NA,Lensia,Siphonophore,2018_pba_surface,pba,beach_seine,2018-07-12,2018-07-10,2018,surface,2,edna_pba_30,surface,biological,16.5,26.06,8.43,NA,NA,NA,4,1000,0,51.64642312,-128.1189452,mud,y,180,p,seagrass,zostera,seagrass_mud,zostera_mud,100,0.00408744,30,Metazoa,Cnidaria,Cnidaria,Siphonophorae,Diphyidae,Lensia,0,0,TRUE,ASV258,1,NA
edna0033,ASV131,motu117,Lensia,Siphonophore,genus,NA,1,1,1,NA,7,7,104,61,NA,111,Lensia,Siphonophore,2018_pba_surface,pba,beach_seine,2018-07-12,2018-07-10,2018,surface,2,edna_pba_30,surface,biological,16.5,26.06,8.43,NA,NA,NA,4,1000,0,51.64642312,-128.1189452,mud,y,180,p,seagrass,zostera,seagrass_mud,zostera_mud,100,0.00408744,30,Metazoa,Cnidaria,Cnidaria,Siphonophorae,Diphyidae,Lensia,0,0,TRUE,ASV131,2,NA
edna0033,ASV251,motu105,Mesocentrotus franciscanus,Red sea urchin,species,NA,1,NA,NA,NA,6,NA,NA,NA,NA,NA,Mesocentrotus franciscanus,Red sea urchin,2018_pba_surface,pba,beach_seine,2018-07-12,2018-07-10,2018,surface,2,edna_pba_30,surface,biological,16.5,26.06,8.43,NA,NA,NA,4,1000,0,51.64642312,-128.1189452,mud,y,180,p,seagrass,zostera,seagrass_mud,zostera_mud,100,7.02982e-160,312,Metazoa,Echinodermata,Echinoidea,Camarodonta,Strongylocentrotidae,Mesocentrotus,0,0,TRUE,ASV118,8,Mesocentrotus franciscanus
edna0033,ASV216,motu190,Mytilus trossulus,Bay mussel,species,NA,1,NA,1,NA,20,NA,NA,103,NA,93,Mytilus trossulus,Bay mussel,2018_pba_surface,pba,beach_seine,2018-07-12,2018-07-10,2018,surface,2,edna_pba_30,surface,biological,16.5,26.06,8.43,NA,NA,NA,4,1000,0,51.64642312,-128.1189452,mud,y,180,p,seagrass,zostera,seagrass_mud,zostera_mud,100,3.2351099999999996e-158,309,Metazoa,Mollusca,Mollusca,Mytilida,Mytilidae,Mytilus,0,0,TRUE,ASV216,23,Mytilus trossulus
edna0033,ASV498,motu441,Clytia gregaria,Gregarious jellyfish,species,NA,1,1,NA,NA,6,7,NA,NA,NA,NA,Clytia gregaria,Gregarious jellyfish,2018_pba_surface,pba,beach_seine,2018-07-12,2018-07-10,2018,surface,2,edna_pba_30,surface,biological,16.5,26.06,8.43,NA,NA,NA,4,1000,0,51.64642312,-128.1189452,mud,y,180,p,seagrass,zostera,seagrass_mud,zostera_mud,99.68,9.126599999999999e-159,310,Metazoa,Cnidaria,Hydrozoa,Leptothecata,Campanulariidae,Clytia,0,0,TRUE,ASV498,2,Clytia gregaria
edna0033,ASV733,motu637,Phyllodocida,Polychaete,order,NA,1,NA,1,NA,3,NA,NA,8,NA,8,Phyllodocida,Polychaete,2018_pba_surface,pba,beach_seine,2018-07-12,2018-07-10,2018,surface,2,edna_pba_30,surface,biological,16.5,26.06,8.43,NA,NA,NA,4,1000,0,51.64642312,-128.1189452,mud,y,180,p,seagrass,zostera,seagrass_mud,zostera_mud,100,0.0603188,28,Metazoa,Annelida,Annelida,Phyllodocida,NA,NA,0,0,TRUE,ASV733,1,NA
edna0033,ASV780,motu679,Aequorea,Crystal jelly species,genus,NA,1,NA,NA,NA,4,NA,NA,NA,NA,NA,Aequorea,Crystal jelly species,2018_pba_surface,pba,beach_seine,2018-07-12,2018-07-10,2018,surface,2,edna_pba_30,surface,biological,16.5,26.06,8.43,NA,NA,NA,4,1000,0,51.64642312,-128.1189452,mud,y,180,p,seagrass,zostera,seagrass_mud,zostera_mud,100,1.4886099999999998e-156,306,Metazoa,Cnidaria,Hydrozoa,Leptothecata,Aequoreidae,Aequorea,0,0,TRUE,ASV780,4,NA
edna0033,ASV1475,motu1246,Cyanea,Lions mane jellyfish species,genus,NA,1,NA,NA,NA,9,NA,NA,NA,NA,NA,Cyanea,Lions mane jellyfish species,2018_pba_surface,pba,beach_seine,2018-07-12,2018-07-10,2018,surface,2,edna_pba_30,surface,biological,16.5,26.06,8.43,NA,NA,NA,4,1000,0,51.64642312,-128.1189452,mud,y,180,p,seagrass,zostera,seagrass_mud,zostera_mud,100,3.2351099999999996e-158,309,Metazoa,Cnidaria,Scyphozoa,Semaeostomeae,Cyaneidae,Cyanea,0,0,TRUE,ASV1475,2,NA
edna0033,ASV1546,motu1303,Chaetognatha,Arrow worm,phylum,NA,1,NA,NA,NA,11,NA,NA,NA,NA,NA,Chaetognatha,Arrow worm,2018_pba_surface,pba,beach_seine,2018-07-12,2018-07-10,2018,surface,2,edna_pba_30,surface,biological,16.5,26.06,8.43,NA,NA,NA,4,1000,0,51.64642312,-128.1189452,mud,y,180,p,seagrass,zostera,seagrass_mud,zostera_mud,95.02,1.63074e-81,171,Metazoa,Chaetognatha,NA,NA,NA,NA,0,0,TRUE,ASV1546,2,NA
edna0033,ASV1367,motu1153,Cyanea,Lions mane jellyfish species,genus,NA,1,NA,NA,NA,7,NA,NA,NA,NA,NA,Cyanea,Lions mane jellyfish species,2018_pba_surface,pba,beach_seine,2018-07-12,2018-07-10,2018,surface,2,edna_pba_30,surface,biological,16.5,26.06,8.43,NA,NA,NA,4,1000,0,51.64642312,-128.1189452,mud,y,180,p,seagrass,zostera,seagrass_mud,zostera_mud,100,3.2351099999999996e-158,309,Metazoa,Cnidaria,Scyphozoa,Semaeostomeae,Cyaneidae,Cyanea,0,0,TRUE,ASV1367,2,NA
edna0033,ASV1492,motu1259,Membranipora membranacea,Coffin box bryozoan,species,NA,1,NA,NA,NA,6,NA,NA,NA,NA,NA,Membranipora membranacea,Coffin box bryozoan,2018_pba_surface,pba,beach_seine,2018-07-12,2018-07-10,2018,surface,2,edna_pba_30,surface,biological,16.5,26.06,8.43,NA,NA,NA,4,1000,0,51.64642312,-128.1189452,mud,y,180,p,seagrass,zostera,seagrass_mud,zostera_mud,100,9.252979999999995e-139,274,Metazoa,Bryozoa,Gymnolaemata,Cheilostomatida,Membraniporidae,Membranipora,0,0,TRUE,ASV1492,2,Membranipora membranacea
edna0033,ASV3138,motu2518,Synchaeta vorax,Rotifer,species,NA,1,1,NA,NA,31,12,NA,NA,NA,NA,Synchaeta vorax,Rotifer,2018_pba_surface,pba,beach_seine,2018-07-12,2018-07-10,2018,surface,2,edna_pba_30,surface,biological,16.5,26.06,8.43,NA,NA,NA,4,1000,0,51.64642312,-128.1189452,mud,y,180,p,seagrass,zostera,seagrass_mud,zostera_mud,97.12,7.180609999999995e-145,285,Metazoa,Rotifera,Eurotatoria,Ploima,Synchaetidae,Synchaeta,0,0,TRUE,ASV3138,2,Synchaeta vorax
edna0033,ASV2907,motu944,Dodecaceria,Cirratulid polychaete,genus,NA,1,NA,NA,NA,7,NA,NA,NA,NA,NA,Dodecaceria,Cirratulid polychaete,2018_pba_surface,pba,beach_seine,2018-07-12,2018-07-10,2018,surface,2,edna_pba_30,surface,biological,16.5,26.06,8.43,NA,NA,NA,4,1000,0,51.64642312,-128.1189452,mud,y,180,p,seagrass,zostera,seagrass_mud,zostera_mud,100,7.02982e-160,312,Metazoa,Annelida,Polychaeta,Terebellida,Cirratulidae,Dodecaceria,0,0,TRUE,ASV1097,6,NA
edna0033,ASV3390,motu470,Paracalanus,Calanoid copepod,genus,NA,1,NA,NA,NA,8,NA,NA,NA,NA,NA,Paracalanus parvus parvus,Calanoid copepod,2018_pba_surface,pba,beach_seine,2018-07-12,2018-07-10,2018,surface,2,edna_pba_30,surface,biological,16.5,26.06,8.43,NA,NA,NA,4,1000,0,51.64642312,-128.1189452,mud,y,180,p,seagrass,zostera,seagrass_mud,zostera_mud,99.34,5.31212e-151,296,Metazoa,Arthropoda,Arthropoda,Calanoida,Paracalanidae,Paracalanus,0,0,TRUE,ASV536,6,NA
edna0033,ASV7843,motu6187,Olividae,Sea snail species,family,NA,1,NA,NA,NA,2,NA,NA,NA,NA,NA,Olividae,Sea snail species,2018_pba_surface,pba,beach_seine,2018-07-12,2018-07-10,2018,surface,2,edna_pba_30,surface,biological,16.5,26.06,8.43,NA,NA,NA,4,1000,0,51.64642312,-128.1189452,mud,y,180,p,seagrass,zostera,seagrass_mud,zostera_mud,90.16,8.77059e-10,42,Metazoa,Mollusca,Mollusca,Neogastropoda,Olividae,NA,0,0,TRUE,ASV7843,1,NA
edna0086,ASV118,motu105,Mesocentrotus franciscanus,Red sea urchin,species,NA,1,NA,1,NA,1271,NA,1519,1237,NA,1424,Mesocentrotus franciscanus,Red sea urchin,2018_womanley_surface,womanley,kelp,2018-07-16,NA,2018,surface,2,edna_womanley_15,surface,biological,14.4,30.54,8.23,12.5,31.11,8.1,7.5,1000,0,51.80239228,-128.2001006,rock,NA,NA,NA,macroalgae,macrocystis,macroalgae_rock,macrocystis_rock,100,2.51921e-159,311,Metazoa,Echinodermata,Echinoidea,Camarodonta,Strongylocentrotidae,Mesocentrotus,0,0,TRUE,ASV118,8,Mesocentrotus franciscanus
edna0086,ASV354,motu313,Mitrocoma cellularia,Cross jelly,species,NA,1,NA,1,NA,8,NA,19,NA,NA,29,Mitrocoma cellularia,Cross jelly,2018_womanley_surface,womanley,kelp,2018-07-16,NA,2018,surface,2,edna_womanley_15,surface,biological,14.4,30.54,8.23,12.5,31.11,8.1,7.5,1000,0,51.80239228,-128.2001006,rock,NA,NA,NA,macroalgae,macrocystis,macroalgae_rock,macrocystis_rock,100,1.4886099999999998e-156,306,Metazoa,Cnidaria,Hydrozoa,Leptothecata,Mitrocomidae,Mitrocoma,0,0,TRUE,ASV354,2,Mitrocoma cellularia
edna0086,ASV616,motu537,Mitrocoma cellularia,Cross jelly,species,NA,1,NA,NA,NA,10,NA,NA,NA,NA,NA,Mitrocoma cellularia,Cross jelly,2018_womanley_surface,womanley,kelp,2018-07-16,NA,2018,surface,2,edna_womanley_15,surface,biological,14.4,30.54,8.23,12.5,31.11,8.1,7.5,1000,0,51.80239228,-128.2001006,rock,NA,NA,NA,macroalgae,macrocystis,macroalgae_rock,macrocystis_rock,100,1.4886099999999998e-156,306,Metazoa,Cnidaria,Hydrozoa,Leptothecata,Mitrocomidae,Mitrocoma,0,0,TRUE,ASV616,6,Mitrocoma cellularia
edna0086,ASV500,motu283,Dodecaceria,Cirratulid polychaete,genus,NA,1,NA,NA,NA,13,NA,NA,NA,NA,NA,Dodecaceria,Cirratulid polychaete,2018_womanley_surface,womanley,kelp,2018-07-16,NA,2018,surface,2,edna_womanley_15,surface,biological,14.4,30.54,8.23,12.5,31.11,8.1,7.5,1000,0,51.80239228,-128.2001006,rock,NA,NA,NA,macroalgae,macrocystis,macroalgae_rock,macrocystis_rock,99.68,9.126599999999999e-159,310,Metazoa,Annelida,Polychaeta,Terebellida,Cirratulidae,Dodecaceria,0,0,TRUE,ASV322,5,NA
edna0086,ASV357,motu316,Hiatella,Clam species,genus,NA,1,1,1,NA,305,155,511,443,NA,609,Hiatella,Clam species,2018_womanley_surface,womanley,kelp,2018-07-16,NA,2018,surface,2,edna_womanley_15,surface,biological,14.4,30.54,8.23,12.5,31.11,8.1,7.5,1000,0,51.80239228,-128.2001006,rock,NA,NA,NA,macroalgae,macrocystis,macroalgae_rock,macrocystis_rock,100,9.027749999999999e-159,310,Metazoa,Mollusca,Bivalvia,Adapedonta,Hiatellidae,Hiatella,0,0,TRUE,ASV357,9,NA
edna0086,ASV939,motu816,Ergasilida,Cyclopoid copepod,order,NA,1,1,1,NA,31,9,19,17,NA,21,Ergasilida,Cyclopoid copepod,2018_womanley_surface,womanley,kelp,2018-07-16,NA,2018,surface,2,edna_womanley_15,surface,biological,14.4,30.54,8.23,12.5,31.11,8.1,7.5,1000,0,51.80239228,-128.2001006,rock,NA,NA,NA,macroalgae,macrocystis,macroalgae_rock,macrocystis_rock,100,1.96163e-160,313,Metazoa,Arthropoda,Copepoda,Cyclopoida,NA,NA,0,0,FALSE,ASV939,1,NA
edna0086,ASV1984,motu1645,Strongylocentrotus purpuratus,Purple sea urchin,species,NA,1,NA,NA,NA,17,NA,NA,NA,NA,NA,Strongylocentrotus purpuratus,Purple sea urchin,2018_womanley_surface,womanley,kelp,2018-07-16,NA,2018,surface,2,edna_womanley_15,surface,biological,14.4,30.54,8.23,12.5,31.11,8.1,7.5,1000,0,51.80239228,-128.2001006,rock,NA,NA,NA,macroalgae,macrocystis,macroalgae_rock,macrocystis_rock,100,1.96163e-160,313,Metazoa,Echinodermata,Echinoidea,Camarodonta,Strongylocentrotidae,Strongylocentrotus,0,0,TRUE,ASV1984,1,Strongylocentrotus purpuratus
edna0086,ASV1870,motu1556,Dodecaceria,Cirratulid polychaete,genus,NA,1,NA,NA,NA,10,NA,NA,NA,NA,NA,Dodecaceria,Cirratulid polychaete,2018_womanley_surface,womanley,kelp,2018-07-16,NA,2018,surface,2,edna_womanley_15,surface,biological,14.4,30.54,8.23,12.5,31.11,8.1,7.5,1000,0,51.80239228,-128.2001006,rock,NA,NA,NA,macroalgae,macrocystis,macroalgae_rock,macrocystis_rock,100,1.96163e-160,313,Metazoa,Annelida,Polychaeta,Terebellida,Cirratulidae,Dodecaceria,0,0,TRUE,ASV1870,5,NA
edna0086,ASV2228,motu1836,Saxidomus nuttalli,California butterclam,species,NA,1,NA,NA,NA,3,NA,NA,NA,NA,NA,Saxidomus nuttalli,California butterclam,2018_womanley_surface,womanley,kelp,2018-07-16,NA,2018,surface,2,edna_womanley_15,surface,biological,14.4,30.54,8.23,12.5,31.11,8.1,7.5,1000,0,51.80239228,-128.2001006,rock,NA,NA,NA,macroalgae,macrocystis,macroalgae_rock,macrocystis_rock,99.68,4.246189999999999e-157,307,Metazoa,Mollusca,Bivalvia,Venerida,Veneridae,Saxidomus,0,0,TRUE,ASV2228,1,Saxidomus nuttalli
edna0086,ASV1348,motu666,Myxicola aesthetica,Feather duster worm,species,NA,1,NA,1,NA,82,NA,140,NA,NA,160,Myxicola aesthetica,Feather duster worm,2018_womanley_surface,womanley,kelp,2018-07-16,NA,2018,surface,2,edna_womanley_15,surface,biological,14.4,30.54,8.23,12.5,31.11,8.1,7.5,1000,0,51.80239228,-128.2001006,rock,NA,NA,NA,macroalgae,macrocystis,macroalgae_rock,macrocystis_rock,99.68,9.126599999999999e-159,310,Metazoa,Annelida,Polychaeta,Sabellida,Sabellidae,Myxicola,0,0,TRUE,ASV765,3,Myxicola aesthetica
edna0086,ASV1755,motu1466,Siphonenteron,Ribbon worm,genus,NA,1,NA,NA,NA,3,NA,NA,NA,NA,NA,Siphonenteron,Ribbon worm,2018_womanley_surface,womanley,kelp,2018-07-16,NA,2018,surface,2,edna_womanley_15,surface,biological,14.4,30.54,8.23,12.5,31.11,8.1,7.5,1000,0,51.80239228,-128.2001006,rock,NA,NA,NA,macroalgae,macrocystis,macroalgae_rock,macrocystis_rock,100,1.96163e-160,313,Metazoa,Nemertea,Pilidiophora,Heteronemertea,Lineidae,Siphonenteron,0,0,TRUE,ASV1755,2,NA
edna0086,ASV2987,motu118,Mesocentrotus franciscanus,Red sea urchin,species,NA,1,NA,NA,NA,146,NA,NA,NA,NA,NA,Mesocentrotus franciscanus,Red sea urchin,2018_womanley_surface,womanley,kelp,2018-07-16,NA,2018,surface,2,edna_womanley_15,surface,biological,14.4,30.54,8.23,12.5,31.11,8.1,7.5,1000,0,51.80239228,-128.2001006,rock,NA,NA,NA,macroalgae,macrocystis,macroalgae_rock,macrocystis_rock,99.68,3.2706599999999985e-158,309,Metazoa,Echinodermata,Echinoidea,Camarodonta,Strongylocentrotidae,Mesocentrotus,0,0,TRUE,ASV132,8,Mesocentrotus franciscanus
edna0086,ASV2930,motu2362,Chaetognatha,Arrow worm,phylum,NA,1,NA,NA,NA,5,NA,NA,NA,NA,NA,Chaetognatha,Arrow worm,2018_womanley_surface,womanley,kelp,2018-07-16,NA,2018,surface,2,edna_womanley_15,surface,biological,14.4,30.54,8.23,12.5,31.11,8.1,7.5,1000,0,51.80239228,-128.2001006,rock,NA,NA,NA,macroalgae,macrocystis,macroalgae_rock,macrocystis_rock,98.01,1.6078299999999998e-91,189,Metazoa,Chaetognatha,NA,NA,NA,NA,0,0,TRUE,ASV2930,1,NA
edna0086,ASV1921,motu1598,Humilaria kennerleyi,Kennerleys venus,species,NA,1,NA,1,NA,15,NA,NA,22,NA,22,Humilaria kennerleyi,Kennerleys venus,2018_womanley_surface,womanley,kelp,2018-07-16,NA,2018,surface,2,edna_womanley_15,surface,biological,14.4,30.54,8.23,12.5,31.11,8.1,7.5,1000,0,51.80239228,-128.2001006,rock,NA,NA,NA,macroalgae,macrocystis,macroalgae_rock,macrocystis_rock,100,1.96163e-160,313,Metazoa,Mollusca,Bivalvia,Venerida,Veneridae,Humilaria,0,0,TRUE,ASV1921,2,Humilaria kennerleyi
edna0086,ASV1831,motu105,Mesocentrotus franciscanus,Red sea urchin,species,NA,1,NA,1,NA,114,NA,NA,129,NA,179,Mesocentrotus franciscanus,Red sea urchin,2018_womanley_surface,womanley,kelp,2018-07-16,NA,2018,surface,2,edna_womanley_15,surface,biological,14.4,30.54,8.23,12.5,31.11,8.1,7.5,1000,0,51.80239228,-128.2001006,rock,NA,NA,NA,macroalgae,macrocystis,macroalgae_rock,macrocystis_rock,99.68,1.172079999999999e-157,308,Metazoa,Echinodermata,Echinoidea,Camarodonta,Strongylocentrotidae,Mesocentrotus,0,0,TRUE,ASV118,8,Mesocentrotus franciscanus
edna0086,ASV3224,motu2581,Humilaria kennerleyi,Kennerleys venus,species,NA,1,NA,NA,NA,12,NA,NA,NA,NA,NA,Humilaria kennerleyi,Kennerleys venus,2018_womanley_surface,womanley,kelp,2018-07-16,NA,2018,surface,2,edna_womanley_15,surface,biological,14.4,30.54,8.23,12.5,31.11,8.1,7.5,1000,0,51.80239228,-128.2001006,rock,NA,NA,NA,macroalgae,macrocystis,macroalgae_rock,macrocystis_rock,100,1.96163e-160,313,Metazoa,Mollusca,Bivalvia,Venerida,Veneridae,Humilaria,0,0,TRUE,ASV3224,2,Humilaria kennerleyi
edna0086,ASV2216,motu190,Mytilus trossulus,Bay mussel,species,NA,1,NA,NA,NA,7,NA,NA,NA,NA,NA,Mytilus trossulus,Bay mussel,2018_womanley_surface,womanley,kelp,2018-07-16,NA,2018,surface,2,edna_womanley_15,surface,biological,14.4,30.54,8.23,12.5,31.11,8.1,7.5,1000,0,51.80239228,-128.2001006,rock,NA,NA,NA,macroalgae,macrocystis,macroalgae_rock,macrocystis_rock,100,3.2351099999999996e-158,309,Metazoa,Mollusca,Mollusca,Mytilida,Mytilidae,Mytilus,0,0,TRUE,ASV216,23,Mytilus trossulus
edna0086,ASV1840,motu1162,Phascolosoma (Phascolosoma) agassizii,Agassiz peanut worm,species,NA,1,1,1,NA,65,31,96,90,NA,102,Phascolosoma (Phascolosoma) agassizii,Agassiz peanut worm,2018_womanley_surface,womanley,kelp,2018-07-16,NA,2018,surface,2,edna_womanley_15,surface,biological,14.4,30.54,8.23,12.5,31.11,8.1,7.5,1000,0,51.80239228,-128.2001006,rock,NA,NA,NA,macroalgae,macrocystis,macroalgae_rock,macrocystis_rock,100,1.96163e-160,313,Metazoa,Annelida,NA,Sipuncula,Phascolosomatidae,Phascolosoma,0,0,TRUE,ASV1376,3,Phascolosoma (Phascolosoma) agassizii
edna0086,ASV3651,motu1310,Metridia pacifica,Calanoid copepod,species,NA,1,NA,NA,NA,2,NA,NA,NA,NA,NA,Metridia pacifica,Calanoid copepod,2018_womanley_surface,womanley,kelp,2018-07-16,NA,2018,surface,2,edna_womanley_15,surface,biological,14.4,30.54,8.23,12.5,31.11,8.1,7.5,1000,0,51.80239228,-128.2001006,rock,NA,NA,NA,macroalgae,macrocystis,macroalgae_rock,macrocystis_rock,100,7.02982e-160,312,Metazoa,Arthropoda,Copepoda,Calanoida,Metridinidae,Metridia,0,0,TRUE,ASV1555,6,Metridia pacifica
edna0086,ASV4028,motu3158,Tegula pulligo,Dusky tegula,species,NA,1,NA,NA,NA,6,NA,NA,NA,NA,NA,Tegula pulligo,Dusky tegula,2018_womanley_surface,womanley,kelp,2018-07-16,NA,2018,surface,2,edna_womanley_15,surface,biological,14.4,30.54,8.23,12.5,31.11,8.1,7.5,1000,0,51.80239228,-128.2001006,rock,NA,NA,NA,macroalgae,macrocystis,macroalgae_rock,macrocystis_rock,100,3.2351099999999996e-158,309,Metazoa,Mollusca,Gastropoda,Trochida,Tegulidae,Tegula,0,0,TRUE,ASV4028,1,Tegula pulligo
edna0086,ASV3955,motu105,Mesocentrotus franciscanus,Red sea urchin,species,NA,1,1,NA,NA,53,21,NA,NA,NA,NA,Mesocentrotus franciscanus,Red sea urchin,2018_womanley_surface,womanley,kelp,2018-07-16,NA,2018,surface,2,edna_womanley_15,surface,biological,14.4,30.54,8.23,12.5,31.11,8.1,7.5,1000,0,51.80239228,-128.2001006,rock,NA,NA,NA,macroalgae,macrocystis,macroalgae_rock,macrocystis_rock,99.68,3.2706599999999985e-158,309,Metazoa,Echinodermata,Echinoidea,Camarodonta,Strongylocentrotidae,Mesocentrotus,0,0,TRUE,ASV118,8,Mesocentrotus franciscanus
edna0086,ASV4508,motu348,Histeridae,Hexapod,family,NA,1,NA,NA,NA,49,NA,NA,NA,NA,NA,No Results,No Results,2018_womanley_surface,womanley,kelp,2018-07-16,NA,2018,surface,2,edna_womanley_15,surface,biological,14.4,30.54,8.23,12.5,31.11,8.1,7.5,1000,0,51.80239228,-128.2001006,rock,NA,NA,NA,macroalgae,macrocystis,macroalgae_rock,macrocystis_rock,91.49,6.79151e-6,35,Metazoa,Arthropoda,Arthropoda,Coleoptera,Histeridae,NA,NA,NA,TRUE,ASV395,5,NA
edna0086,ASV4768,motu3496,Ophiotrichidae,Brittle star species,family,NA,1,NA,NA,NA,42,NA,NA,NA,NA,NA,Ophiotrichidae,Brittle star species,2018_womanley_surface,womanley,kelp,2018-07-16,NA,2018,surface,2,edna_womanley_15,surface,biological,14.4,30.54,8.23,12.5,31.11,8.1,7.5,1000,0,51.80239228,-128.2001006,rock,NA,NA,NA,macroalgae,macrocystis,macroalgae_rock,macrocystis_rock,94.34,6.74363e-11,44,Metazoa,Echinodermata,Echinodermata,Amphilepidida,Ophiotrichidae,NA,0,0,TRUE,ASV4494,2,NA
edna0086,ASV4803,motu3714,Amphipholis squamata,Dwarf brittle star,species,NA,1,NA,NA,NA,6,NA,NA,NA,NA,NA,Amphipholis squamata,Dwarf brittle star,2018_womanley_surface,womanley,kelp,2018-07-16,NA,2018,surface,2,edna_womanley_15,surface,biological,14.4,30.54,8.23,12.5,31.11,8.1,7.5,1000,0,51.80239228,-128.2001006,rock,NA,NA,NA,macroalgae,macrocystis,macroalgae_rock,macrocystis_rock,100,3.2351099999999996e-158,309,Metazoa,Echinodermata,Ophiuroidea,Amphilepidida,Amphiuridae,Amphipholis,0,0,TRUE,ASV4803,1,Amphipholis squamata
edna0086,ASV3061,motu2465,Synchaeta cecilia,Rotifer,species,NA,1,NA,1,NA,3,NA,10,2,NA,8,Synchaeta cecilia,Rotifer,2018_womanley_surface,womanley,kelp,2018-07-16,NA,2018,surface,2,edna_womanley_15,surface,biological,14.4,30.54,8.23,12.5,31.11,8.1,7.5,1000,0,51.80239228,-128.2001006,rock,NA,NA,NA,macroalgae,macrocystis,macroalgae_rock,macrocystis_rock,90.73,1.2488499999999995e-107,218,Metazoa,Rotifera,Eurotatoria,Ploima,Synchaetidae,Synchaeta,0,0,TRUE,ASV3061,2,Synchaeta cecilia
edna0086,ASV5239,motu4026,Glycymeris septentrionalis,Western bittersweet,species,NA,1,NA,NA,NA,17,NA,NA,NA,NA,NA,Glycymeris septentrionalis,Western bittersweet,2018_womanley_surface,womanley,kelp,2018-07-16,NA,2018,surface,2,edna_womanley_15,surface,biological,14.4,30.54,8.23,12.5,31.11,8.1,7.5,1000,0,51.80239228,-128.2001006,rock,NA,NA,NA,macroalgae,macrocystis,macroalgae_rock,macrocystis_rock,100,9.126599999999999e-159,310,Metazoa,Mollusca,Bivalvia,Arcida,Glycymerididae,Glycymeris,0,0,TRUE,ASV5239,1,Glycymeris septentrionalis
edna0127,ASV226,motu199,Mytilus trossulus,Bay mussel,species,NA,1,1,1,NA,28,7,6,36,NA,NA,Mytilus trossulus,Bay mussel,2018_pba_surface,pba,beach_seine,2018-08-23,2018-08-25,2018,surface,1,edna_pba_00,repeat-surface,biological,NA,NA,NA,NA,NA,NA,4.3,675,0,51.64670412,-128.1188409,mud,y,180,p,seagrass,zostera,seagrass_mud,zostera_mud,100,3.2351099999999996e-158,309,Metazoa,Mollusca,Mollusca,Mytilida,Mytilidae,Mytilus,0,0,TRUE,ASV226,18,Mytilus trossulus
edna0127,ASV733,motu637,Phyllodocida,Polychaete,order,NA,1,NA,NA,NA,13,NA,NA,NA,NA,NA,Phyllodocida,Polychaete,2018_pba_surface,pba,beach_seine,2018-08-23,2018-08-25,2018,surface,1,edna_pba_00,repeat-surface,biological,NA,NA,NA,NA,NA,NA,4.3,675,0,51.64670412,-128.1188409,mud,y,180,p,seagrass,zostera,seagrass_mud,zostera_mud,100,0.0603188,28,Metazoa,Annelida,Annelida,Phyllodocida,NA,NA,0,0,TRUE,ASV733,1,NA
edna0127,ASV679,motu591,Phyllodocida,Polychaete,order,NA,1,NA,NA,NA,12,NA,NA,NA,NA,NA,Phyllodocida,Polychaete,2018_pba_surface,pba,beach_seine,2018-08-23,2018-08-25,2018,surface,1,edna_pba_00,repeat-surface,biological,NA,NA,NA,NA,NA,NA,4.3,675,0,51.64670412,-128.1188409,mud,y,180,p,seagrass,zostera,seagrass_mud,zostera_mud,100,0.0603188,28,Metazoa,Annelida,Annelida,Phyllodocida,NA,NA,0,0,TRUE,ASV679,1,NA
edna0127,ASV2228,motu1836,Saxidomus nuttalli,California butterclam,species,NA,1,NA,NA,NA,13,NA,NA,NA,NA,NA,Saxidomus nuttalli,California butterclam,2018_pba_surface,pba,beach_seine,2018-08-23,2018-08-25,2018,surface,1,edna_pba_00,repeat-surface,biological,NA,NA,NA,NA,NA,NA,4.3,675,0,51.64670412,-128.1188409,mud,y,180,p,seagrass,zostera,seagrass_mud,zostera_mud,99.68,4.246189999999999e-157,307,Metazoa,Mollusca,Bivalvia,Venerida,Veneridae,Saxidomus,0,0,TRUE,ASV2228,1,Saxidomus nuttalli
edna0127,ASV3199,motu285,Paracalanus,Calanoid copepod,genus,NA,1,NA,NA,NA,8,NA,NA,NA,NA,NA,Paracalanus parvus parvus,Calanoid copepod,2018_pba_surface,pba,beach_seine,2018-08-23,2018-08-25,2018,surface,1,edna_pba_00,repeat-surface,biological,NA,NA,NA,NA,NA,NA,4.3,675,0,51.64670412,-128.1188409,mud,y,180,p,seagrass,zostera,seagrass_mud,zostera_mud,99.34,5.31212e-151,296,Metazoa,Arthropoda,Arthropoda,Calanoida,Paracalanidae,Paracalanus,0,0,TRUE,ASV324,6,NA
edna0127,ASV2287,motu1883,Saxidomus gigantea,Butter clam,species,NA,1,NA,1,NA,29,NA,NA,25,NA,18,Saxidomus gigantea,Butter clam,2018_pba_surface,pba,beach_seine,2018-08-23,2018-08-25,2018,surface,1,edna_pba_00,repeat-surface,biological,NA,NA,NA,NA,NA,NA,4.3,675,0,51.64670412,-128.1188409,mud,y,180,p,seagrass,zostera,seagrass_mud,zostera_mud,99.04,1.97556e-155,304,Metazoa,Mollusca,Mollusca,Venerida,Veneridae,Saxidomus,0,0,TRUE,ASV2287,1,Saxidomus gigantea
edna0127,ASV3171,motu2538,Semibalanus balanoides,Common rock barnacle,species,NA,1,NA,NA,NA,4,NA,NA,NA,NA,NA,Semibalanus balanoides,Common rock barnacle,2018_pba_surface,pba,beach_seine,2018-08-23,2018-08-25,2018,surface,1,edna_pba_00,repeat-surface,biological,NA,NA,NA,NA,NA,NA,4.3,675,0,51.64670412,-128.1188409,mud,y,180,p,seagrass,zostera,seagrass_mud,zostera_mud,100,1.96163e-160,313,Metazoa,Arthropoda,Thecostraca,Balanomorpha,Balanidae,Semibalanus,0,0,TRUE,ASV3171,1,Semibalanus balanoides
edna0127,ASV3855,motu3031,Saxidomus gigantea,Butter clam,species,NA,1,NA,NA,NA,20,NA,NA,NA,NA,NA,Saxidomus gigantea,Butter clam,2018_pba_surface,pba,beach_seine,2018-08-23,2018-08-25,2018,surface,1,edna_pba_00,repeat-surface,biological,NA,NA,NA,NA,NA,NA,4.3,675,0,51.64670412,-128.1188409,mud,y,180,p,seagrass,zostera,seagrass_mud,zostera_mud,99.04,1.97556e-155,304,Metazoa,Mollusca,Mollusca,Venerida,Veneridae,Saxidomus,0,0,TRUE,ASV3855,1,Saxidomus gigantea
edna0127,ASV3048,motu2456,Semibalanus balanoides,Common rock barnacle,species,NA,1,NA,NA,NA,3,NA,NA,NA,NA,NA,Semibalanus balanoides,Common rock barnacle,2018_pba_surface,pba,beach_seine,2018-08-23,2018-08-25,2018,surface,1,edna_pba_00,repeat-surface,biological,NA,NA,NA,NA,NA,NA,4.3,675,0,51.64670412,-128.1188409,mud,y,180,p,seagrass,zostera,seagrass_mud,zostera_mud,100,1.96163e-160,313,Metazoa,Arthropoda,Thecostraca,Balanomorpha,Balanidae,Semibalanus,0,0,TRUE,ASV3048,1,Semibalanus balanoides
edna0127,ASV3033,motu2444,Staphylinidae,Hexapod,genus,NA,1,NA,NA,NA,5,NA,NA,NA,NA,NA,Staphylinidae,Hexapod,2018_pba_surface,pba,beach_seine,2018-08-23,2018-08-25,2018,surface,1,edna_pba_00,repeat-surface,biological,NA,NA,NA,NA,NA,NA,4.3,675,0,51.64670412,-128.1188409,mud,y,180,p,seagrass,zostera,seagrass_mud,zostera_mud,90.14,3.11539e-14,50,Metazoa,Arthropoda,Arthropoda,Coleoptera,Staphylinidae,Staphylinidae,NA,NA,TRUE,ASV3033,1,NA
edna0129,ASV34,motu31,Centropages abdominalis,Calanoid copepod,species,NA,1,1,1,NA,8,7,NA,NA,NA,15,Centropages abdominalis,Calanoid copepod,2018_pba_surface,pba,beach_seine,2018-08-23,2018-08-25,2018,surface,3,edna_pba_30,repeat-surface,biological,NA,NA,NA,NA,NA,NA,4.6,820,0,51.64642312,-128.1189452,mud,y,180,p,seagrass,zostera,seagrass_mud,zostera_mud,100,1.96163e-160,313,Metazoa,Arthropoda,Copepoda,Calanoida,Centropagidae,Centropages,0,0,TRUE,ASV34,19,Centropages abdominalis
edna0129,ASV2402,motu1965,Chaetognatha,Arrow worm,phylum,NA,1,NA,NA,NA,2,NA,NA,NA,NA,NA,Chaetognatha,Arrow worm,2018_pba_surface,pba,beach_seine,2018-08-23,2018-08-25,2018,surface,3,edna_pba_30,repeat-surface,biological,NA,NA,NA,NA,NA,NA,4.6,820,0,51.64642312,-128.1189452,mud,y,180,p,seagrass,zostera,seagrass_mud,zostera_mud,96.52,1.6192399999999998e-86,180,Metazoa,Chaetognatha,NA,NA,NA,NA,0,0,TRUE,ASV2402,1,NA
edna0129,ASV3067,motu2468,Halichondria (Halichondria) panicea,Breadcrumb sponge species,species,NA,1,NA,NA,NA,2,NA,NA,NA,NA,NA,Halichondria (Halichondria) panicea,Breadcrumb sponge species,2018_pba_surface,pba,beach_seine,2018-08-23,2018-08-25,2018,surface,3,edna_pba_30,repeat-surface,biological,NA,NA,NA,NA,NA,NA,4.6,820,0,51.64642312,-128.1189452,mud,y,180,p,seagrass,zostera,seagrass_mud,zostera_mud,99.33,6.819989999999996e-150,294,Metazoa,Porifera,Demospongiae,Suberitida,Halichondriidae,Halichondria,0,0,TRUE,ASV3067,1,Halichondria (Halichondria) panicea
edna0129,ASV3033,motu2444,Staphylinidae,Hexapod,genus,NA,1,NA,NA,NA,6,NA,NA,NA,NA,NA,Staphylinidae,Hexapod,2018_pba_surface,pba,beach_seine,2018-08-23,2018-08-25,2018,surface,3,edna_pba_30,repeat-surface,biological,NA,NA,NA,NA,NA,NA,4.6,820,0,51.64642312,-128.1189452,mud,y,180,p,seagrass,zostera,seagrass_mud,zostera_mud,90.14,3.11539e-14,50,Metazoa,Arthropoda,Arthropoda,Coleoptera,Staphylinidae,Staphylinidae,NA,NA,TRUE,ASV3033,1,NA
edna0129,ASV4242,motu3326,Mya arenaria,Softshell clam,species,NA,1,NA,1,NA,11,NA,13,NA,NA,10,Mya arenaria,Softshell clam,2018_pba_surface,pba,beach_seine,2018-08-23,2018-08-25,2018,surface,3,edna_pba_30,repeat-surface,biological,NA,NA,NA,NA,NA,NA,4.6,820,0,51.64642312,-128.1189452,mud,y,180,p,seagrass,zostera,seagrass_mud,zostera_mud,100,4.2619199999999965e-162,316,Metazoa,Mollusca,Bivalvia,Myida,Myidae,Mya,0,0,TRUE,ASV4242,1,Mya arenaria
edna0129,ASV7577,motu5941,Chimaerohemecidae,Flatworm,family,NA,1,NA,NA,NA,3,NA,NA,NA,NA,NA,Chimaerohemecidae,Flatworm,2018_pba_surface,pba,beach_seine,2018-08-23,2018-08-25,2018,surface,3,edna_pba_30,repeat-surface,biological,NA,NA,NA,NA,NA,NA,4.6,820,0,51.64642312,-128.1189452,mud,y,180,p,seagrass,zostera,seagrass_mud,zostera_mud,94.59,0.00115934,31,Metazoa,Platyhelminthes,Platyhelminthes,Diplostomida,Chimaerohemecidae,NA,0,0,TRUE,ASV7577,1,NA
edna0129,ASV7594,motu5958,Lepidoptera,Hexapod,order,NA,1,NA,NA,NA,3,NA,NA,NA,NA,NA,Lepidoptera,Hexapod,2018_pba_surface,pba,beach_seine,2018-08-23,2018-08-25,2018,surface,3,edna_pba_30,repeat-surface,biological,NA,NA,NA,NA,NA,NA,4.6,820,0,51.64642312,-128.1189452,mud,y,180,p,seagrass,zostera,seagrass_mud,zostera_mud,100,0.0601702,28,Metazoa,Arthropoda,Arthropoda,Lepidoptera,NA,NA,NA,NA,TRUE,ASV7594,1,NA
edna0129,ASV7720,motu6073,Cecidomyiidae,Hexapod,genus,NA,1,NA,NA,NA,2,NA,NA,NA,NA,NA,Cecidomyiidae,Hexapod,2018_pba_surface,pba,beach_seine,2018-08-23,2018-08-25,2018,surface,3,edna_pba_30,repeat-surface,biological,NA,NA,NA,NA,NA,NA,4.6,820,0,51.64642312,-128.1189452,mud,y,180,p,seagrass,zostera,seagrass_mud,zostera_mud,97.06,0.00113005,31,Metazoa,Arthropoda,Arthropoda,Diptera,Cecidomyiidae,Cecidomyiidae,NA,NA,TRUE,ASV7720,1,NA
edna0130,ASV328,motu288,Synchaeta baltica,Rotifer,species,NA,1,NA,NA,NA,25,NA,NA,NA,NA,NA,Synchaeta baltica,Rotifer,2018_pruth-grid_surface,pruth grid,seagrass_grid,2018-08-23,NA,2018,surface,1,pruth_grid_a1,grid,biological,NA,NA,NA,NA,NA,NA,4.6,675,0,51.64686071,-128.120174,sand,NA,NA,NA,seagrass,zostera,seagrass_sand,zostera_sand,90.79,3.5361899999999996e-113,228,Metazoa,Rotifera,Eurotatoria,Ploima,Synchaetidae,Synchaeta,0,0,TRUE,ASV328,3,Synchaeta baltica
edna0130,ASV689,motu600,Synchaeta baltica,Rotifer,species,NA,1,NA,1,NA,23,NA,25,NA,NA,32,Synchaeta baltica,Rotifer,2018_pruth-grid_surface,pruth grid,seagrass_grid,2018-08-23,NA,2018,surface,1,pruth_grid_a1,grid,biological,NA,NA,NA,NA,NA,NA,4.6,675,0,51.64686071,-128.120174,sand,NA,NA,NA,seagrass,zostera,seagrass_sand,zostera_sand,90.76,1.27184e-112,227,Metazoa,Rotifera,Eurotatoria,Ploima,Synchaetidae,Synchaeta,0,0,TRUE,ASV689,1,Synchaeta baltica
edna0130,ASV1791,motu1494,Saxidomus nuttalli,California butterclam,species,NA,1,NA,NA,NA,8,NA,NA,NA,NA,NA,Saxidomus nuttalli,California butterclam,2018_pruth-grid_surface,pruth grid,seagrass_grid,2018-08-23,NA,2018,surface,1,pruth_grid_a1,grid,biological,NA,NA,NA,NA,NA,NA,4.6,675,0,51.64686071,-128.120174,sand,NA,NA,NA,seagrass,zostera,seagrass_sand,zostera_sand,99.68,4.246189999999999e-157,307,Metazoa,Mollusca,Bivalvia,Venerida,Veneridae,Saxidomus,0,0,TRUE,ASV1791,2,Saxidomus nuttalli
edna0130,ASV2228,motu1836,Saxidomus nuttalli,California butterclam,species,NA,1,NA,NA,NA,8,NA,NA,NA,NA,NA,Saxidomus nuttalli,California butterclam,2018_pruth-grid_surface,pruth grid,seagrass_grid,2018-08-23,NA,2018,surface,1,pruth_grid_a1,grid,biological,NA,NA,NA,NA,NA,NA,4.6,675,0,51.64686071,-128.120174,sand,NA,NA,NA,seagrass,zostera,seagrass_sand,zostera_sand,99.68,4.246189999999999e-157,307,Metazoa,Mollusca,Bivalvia,Venerida,Veneridae,Saxidomus,0,0,TRUE,ASV2228,1,Saxidomus nuttalli
edna0130,ASV5686,motu306,Synchaeta vorax,Rotifer,species,NA,1,NA,NA,NA,8,NA,NA,NA,NA,NA,Synchaeta vorax,Rotifer,2018_pruth-grid_surface,pruth grid,seagrass_grid,2018-08-23,NA,2018,surface,1,pruth_grid_a1,grid,biological,NA,NA,NA,NA,NA,NA,4.6,675,0,51.64686071,-128.120174,sand,NA,NA,NA,seagrass,zostera,seagrass_sand,zostera_sand,97.76,3.317259999999998e-148,291,Metazoa,Rotifera,Eurotatoria,Ploima,Synchaetidae,Synchaeta,0,0,TRUE,ASV346,5,Synchaeta vorax
edna0132,ASV336,motu296,Pseudocalanus newmani,Calanoid copepod,species,NA,1,NA,NA,NA,17,NA,NA,NA,NA,NA,Pseudocalanus newmani,Calanoid copepod,2018_pruth-grid_surface,pruth grid,seagrass_grid,2018-08-23,NA,2018,surface,3,pruth_grid_a3,grid,biological,NA,NA,NA,NA,NA,NA,5.5,840,0,51.64672589,-128.1193345,sand,NA,NA,NA,seagrass,zostera,seagrass_sand,zostera_sand,100,1.96163e-160,313,Metazoa,Arthropoda,Copepoda,Calanoida,Clausocalanidae,Pseudocalanus,0,0,TRUE,ASV336,4,Pseudocalanus newmani
edna0132,ASV320,motu281,Pseudocalanus newmani,Calanoid copepod,species,NA,1,NA,1,NA,21,NA,NA,22,NA,34,Pseudocalanus newmani,Calanoid copepod,2018_pruth-grid_surface,pruth grid,seagrass_grid,2018-08-23,NA,2018,surface,3,pruth_grid_a3,grid,biological,NA,NA,NA,NA,NA,NA,5.5,840,0,51.64672589,-128.1193345,sand,NA,NA,NA,seagrass,zostera,seagrass_sand,zostera_sand,100,1.96163e-160,313,Metazoa,Arthropoda,Copepoda,Calanoida,Clausocalanidae,Pseudocalanus,0,0,TRUE,ASV320,6,Pseudocalanus newmani
edna0132,ASV1492,motu1259,Membranipora membranacea,Coffin box bryozoan,species,NA,1,NA,NA,NA,5,NA,NA,NA,NA,NA,Membranipora membranacea,Coffin box bryozoan,2018_pruth-grid_surface,pruth grid,seagrass_grid,2018-08-23,NA,2018,surface,3,pruth_grid_a3,grid,biological,NA,NA,NA,NA,NA,NA,5.5,840,0,51.64672589,-128.1193345,sand,NA,NA,NA,seagrass,zostera,seagrass_sand,zostera_sand,100,9.252979999999995e-139,274,Metazoa,Bryozoa,Gymnolaemata,Cheilostomatida,Membraniporidae,Membranipora,0,0,TRUE,ASV1492,2,Membranipora membranacea
edna0132,ASV1059,motu911,Pleurobrachia bachei,Pacific sea gooseberry,species,NA,1,NA,1,NA,4,NA,7,NA,NA,11,Pleurobrachia bachei,Pacific sea gooseberry,2018_pruth-grid_surface,pruth grid,seagrass_grid,2018-08-23,NA,2018,surface,3,pruth_grid_a3,grid,biological,NA,NA,NA,NA,NA,NA,5.5,840,0,51.64672589,-128.1193345,sand,NA,NA,NA,seagrass,zostera,seagrass_sand,zostera_sand,100,1.96163e-160,313,Metazoa,Ctenophora,Tentaculata,Cydippida,Cydippidae,Pleurobrachia,0,0,TRUE,ASV1059,3,Pleurobrachia bachei
edna0132,ASV1791,motu1494,Saxidomus nuttalli,California butterclam,species,NA,1,NA,NA,NA,19,NA,NA,NA,NA,NA,Saxidomus nuttalli,California butterclam,2018_pruth-grid_surface,pruth grid,seagrass_grid,2018-08-23,NA,2018,surface,3,pruth_grid_a3,grid,biological,NA,NA,NA,NA,NA,NA,5.5,840,0,51.64672589,-128.1193345,sand,NA,NA,NA,seagrass,zostera,seagrass_sand,zostera_sand,99.68,4.246189999999999e-157,307,Metazoa,Mollusca,Bivalvia,Venerida,Veneridae,Saxidomus,0,0,TRUE,ASV1791,2,Saxidomus nuttalli
edna0132,ASV2228,motu1836,Saxidomus nuttalli,California butterclam,species,NA,1,NA,NA,NA,11,NA,NA,NA,NA,NA,Saxidomus nuttalli,California butterclam,2018_pruth-grid_surface,pruth grid,seagrass_grid,2018-08-23,NA,2018,surface,3,pruth_grid_a3,grid,biological,NA,NA,NA,NA,NA,NA,5.5,840,0,51.64672589,-128.1193345,sand,NA,NA,NA,seagrass,zostera,seagrass_sand,zostera_sand,99.68,4.246189999999999e-157,307,Metazoa,Mollusca,Bivalvia,Venerida,Veneridae,Saxidomus,0,0,TRUE,ASV2228,1,Saxidomus nuttalli
edna0132,ASV1603,motu1347,Armandia brevis,Opheliid polychaete,species,NA,1,NA,NA,NA,7,NA,NA,NA,NA,NA,Armandia brevis,Opheliid polychaete,2018_pruth-grid_surface,pruth grid,seagrass_grid,2018-08-23,NA,2018,surface,3,pruth_grid_a3,grid,biological,NA,NA,NA,NA,NA,NA,5.5,840,0,51.64672589,-128.1193345,sand,NA,NA,NA,seagrass,zostera,seagrass_sand,zostera_sand,100,3.4804099999999994e-173,336,Metazoa,Annelida,Polychaeta,NA,Opheliidae,Armandia,0,0,TRUE,ASV1603,1,Armandia brevis
edna0132,ASV3473,motu2758,Staphylinidae,Hexapod,genus,NA,1,NA,1,NA,8,NA,NA,NA,NA,7,Staphylinidae,Hexapod,2018_pruth-grid_surface,pruth grid,seagrass_grid,2018-08-23,NA,2018,surface,3,pruth_grid_a3,grid,biological,NA,NA,NA,NA,NA,NA,5.5,840,0,51.64672589,-128.1193345,sand,NA,NA,NA,seagrass,zostera,seagrass_sand,zostera_sand,90.14,3.11539e-14,50,Metazoa,Arthropoda,Arthropoda,Coleoptera,Staphylinidae,Staphylinidae,NA,NA,TRUE,ASV3473,1,NA
edna0132,ASV3033,motu2444,Staphylinidae,Hexapod,genus,NA,1,NA,1,NA,3,NA,NA,4,NA,NA,Staphylinidae,Hexapod,2018_pruth-grid_surface,pruth grid,seagrass_grid,2018-08-23,NA,2018,surface,3,pruth_grid_a3,grid,biological,NA,NA,NA,NA,NA,NA,5.5,840,0,51.64672589,-128.1193345,sand,NA,NA,NA,seagrass,zostera,seagrass_sand,zostera_sand,90.14,3.11539e-14,50,Metazoa,Arthropoda,Arthropoda,Coleoptera,Staphylinidae,Staphylinidae,NA,NA,TRUE,ASV3033,1,NA
edna0132,ASV3828,motu199,Mytilus trossulus,Bay mussel,species,NA,1,NA,NA,NA,42,NA,NA,NA,NA,NA,Mytilus trossulus,Bay mussel,2018_pruth-grid_surface,pruth grid,seagrass_grid,2018-08-23,NA,2018,surface,3,pruth_grid_a3,grid,biological,NA,NA,NA,NA,NA,NA,5.5,840,0,51.64672589,-128.1193345,sand,NA,NA,NA,seagrass,zostera,seagrass_sand,zostera_sand,99.68,1.5051499999999994e-156,306,Metazoa,Mollusca,Mollusca,Mytilida,Mytilidae,Mytilus,0,0,TRUE,ASV226,18,Mytilus trossulus
edna0133,ASV216,motu190,Mytilus trossulus,Bay mussel,species,NA,1,1,1,NA,40,20,NA,47,NA,65,Mytilus trossulus,Bay mussel,2018_pruth-grid_surface,pruth grid,seagrass_grid,2018-08-23,NA,2018,surface,4,pruth_grid_b1,grid,biological,NA,NA,NA,NA,NA,NA,3.2,1000,0,51.64660606,-128.120276,sand,NA,NA,NA,seagrass,zostera,seagrass_sand,zostera_sand,100,3.2351099999999996e-158,309,Metazoa,Mollusca,Mollusca,Mytilida,Mytilidae,Mytilus,0,0,TRUE,ASV216,23,Mytilus trossulus
edna0133,ASV308,motu270,Synchaeta baltica,Rotifer,species,NA,1,NA,1,NA,34,NA,38,NA,NA,54,Synchaeta baltica,Rotifer,2018_pruth-grid_surface,pruth grid,seagrass_grid,2018-08-23,NA,2018,surface,4,pruth_grid_b1,grid,biological,NA,NA,NA,NA,NA,NA,3.2,1000,0,51.64660606,-128.120276,sand,NA,NA,NA,seagrass,zostera,seagrass_sand,zostera_sand,90.79,3.5361899999999996e-113,228,Metazoa,Rotifera,Eurotatoria,Ploima,Synchaetidae,Synchaeta,0,0,TRUE,ASV308,3,Synchaeta baltica
edna0133,ASV352,motu311,Synchaeta vorax,Rotifer,species,NA,1,1,1,NA,15,8,14,17,NA,20,Synchaeta vorax,Rotifer,2018_pruth-grid_surface,pruth grid,seagrass_grid,2018-08-23,NA,2018,surface,4,pruth_grid_b1,grid,biological,NA,NA,NA,NA,NA,NA,3.2,1000,0,51.64660606,-128.120276,sand,NA,NA,NA,seagrass,zostera,seagrass_sand,zostera_sand,98.08,7.129989999999999e-150,294,Metazoa,Rotifera,Eurotatoria,Ploima,Synchaetidae,Synchaeta,0,0,TRUE,ASV352,4,Synchaeta vorax
edna0133,ASV312,motu274,Synchaeta baltica,Rotifer,species,NA,1,1,1,NA,43,25,37,35,NA,77,Synchaeta baltica,Rotifer,2018_pruth-grid_surface,pruth grid,seagrass_grid,2018-08-23,NA,2018,surface,4,pruth_grid_b1,grid,biological,NA,NA,NA,NA,NA,NA,3.2,1000,0,51.64660606,-128.120276,sand,NA,NA,NA,seagrass,zostera,seagrass_sand,zostera_sand,90.45,5.9173e-111,224,Metazoa,Rotifera,Eurotatoria,Ploima,Synchaetidae,Synchaeta,0,0,TRUE,ASV312,1,Synchaeta baltica
edna0133,ASV860,motu748,Saxidomus,Washington clam species,genus,NA,1,NA,NA,NA,27,NA,NA,NA,NA,NA,Saxidomus,Washington clam species,2018_pruth-grid_surface,pruth grid,seagrass_grid,2018-08-23,NA,2018,surface,4,pruth_grid_b1,grid,biological,NA,NA,NA,NA,NA,NA,3.2,1000,0,51.64660606,-128.120276,sand,NA,NA,NA,seagrass,zostera,seagrass_sand,zostera_sand,100,1.96163e-160,313,Metazoa,Mollusca,Mollusca,Venerida,Veneridae,Saxidomus,0,0,TRUE,ASV860,4,NA
edna0133,ASV679,motu591,Phyllodocida,Polychaete,order,NA,1,1,1,NA,29,13,NA,NA,NA,6,Phyllodocida,Polychaete,2018_pruth-grid_surface,pruth grid,seagrass_grid,2018-08-23,NA,2018,surface,4,pruth_grid_b1,grid,biological,NA,NA,NA,NA,NA,NA,3.2,1000,0,51.64660606,-128.120276,sand,NA,NA,NA,seagrass,zostera,seagrass_sand,zostera_sand,100,0.0603188,28,Metazoa,Annelida,Annelida,Phyllodocida,NA,NA,0,0,TRUE,ASV679,1,NA
edna0133,ASV737,motu641,Synchaeta baltica,Rotifer,species,NA,1,NA,1,NA,16,NA,23,22,NA,31,Synchaeta baltica,Rotifer,2018_pruth-grid_surface,pruth grid,seagrass_grid,2018-08-23,NA,2018,surface,4,pruth_grid_b1,grid,biological,NA,NA,NA,NA,NA,NA,3.2,1000,0,51.64660606,-128.120276,sand,NA,NA,NA,seagrass,zostera,seagrass_sand,zostera_sand,90.76,1.27184e-112,227,Metazoa,Rotifera,Eurotatoria,Ploima,Synchaetidae,Synchaeta,0,0,TRUE,ASV737,1,Synchaeta baltica
edna0133,ASV1791,motu1494,Saxidomus nuttalli,California butterclam,species,NA,1,NA,NA,NA,8,NA,NA,NA,NA,NA,Saxidomus nuttalli,California butterclam,2018_pruth-grid_surface,pruth grid,seagrass_grid,2018-08-23,NA,2018,surface,4,pruth_grid_b1,grid,biological,NA,NA,NA,NA,NA,NA,3.2,1000,0,51.64660606,-128.120276,sand,NA,NA,NA,seagrass,zostera,seagrass_sand,zostera_sand,99.68,4.246189999999999e-157,307,Metazoa,Mollusca,Bivalvia,Venerida,Veneridae,Saxidomus,0,0,TRUE,ASV1791,2,Saxidomus nuttalli
edna0136,ASV143,motu128,Centropages abdominalis,Calanoid copepod,species,NA,1,NA,NA,NA,9,NA,NA,NA,NA,NA,Centropages abdominalis,Calanoid copepod,2018_pruth-grid_surface,pruth grid,seagrass_grid,2018-08-23,NA,2018,surface,7,pruth_grid_c1,grid,biological,NA,NA,NA,NA,NA,NA,2.6,600,0,51.64634177,-128.1203837,sand,NA,NA,NA,seagrass,zostera,seagrass_sand,zostera_sand,100,1.96163e-160,313,Metazoa,Arthropoda,Copepoda,Calanoida,Centropagidae,Centropages,0,0,TRUE,ASV143,11,Centropages abdominalis
edna0136,ASV226,motu199,Mytilus trossulus,Bay mussel,species,NA,1,NA,NA,NA,34,NA,NA,NA,NA,NA,Mytilus trossulus,Bay mussel,2018_pruth-grid_surface,pruth grid,seagrass_grid,2018-08-23,NA,2018,surface,7,pruth_grid_c1,grid,biological,NA,NA,NA,NA,NA,NA,2.6,600,0,51.64634177,-128.1203837,sand,NA,NA,NA,seagrass,zostera,seagrass_sand,zostera_sand,100,3.2351099999999996e-158,309,Metazoa,Mollusca,Mollusca,Mytilida,Mytilidae,Mytilus,0,0,TRUE,ASV226,18,Mytilus trossulus
edna0136,ASV536,motu470,Paracalanus parvus parvus,Calanoid copepod,species,NA,1,NA,NA,NA,27,NA,NA,NA,NA,NA,Paracalanus parvus parvus,Calanoid copepod,2018_pruth-grid_surface,pruth grid,seagrass_grid,2018-08-23,NA,2018,surface,7,pruth_grid_c1,grid,biological,NA,NA,NA,NA,NA,NA,2.6,600,0,51.64634177,-128.1203837,sand,NA,NA,NA,seagrass,zostera,seagrass_sand,zostera_sand,100,1.17454e-132,263,Metazoa,Arthropoda,Copepoda,Calanoida,Paracalanidae,Paracalanus,0,0,TRUE,ASV536,6,Paracalanus parvus parvus
edna0136,ASV324,motu285,Paracalanus parvus parvus,Calanoid copepod,species,NA,1,1,1,NA,34,11,28,NA,NA,NA,Paracalanus parvus parvus,Calanoid copepod,2018_pruth-grid_surface,pruth grid,seagrass_grid,2018-08-23,NA,2018,surface,7,pruth_grid_c1,grid,biological,NA,NA,NA,NA,NA,NA,2.6,600,0,51.64634177,-128.1203837,sand,NA,NA,NA,seagrass,zostera,seagrass_sand,zostera_sand,100,1.17454e-132,263,Metazoa,Arthropoda,Copepoda,Calanoida,Paracalanidae,Paracalanus,0,0,TRUE,ASV324,6,Paracalanus parvus parvus
edna0136,ASV377,motu334,Synchaeta pectinata,Rotifer,species,NA,1,NA,1,NA,7,NA,NA,8,NA,NA,Synchaeta pectinata,Rotifer,2018_pruth-grid_surface,pruth grid,seagrass_grid,2018-08-23,NA,2018,surface,7,pruth_grid_c1,grid,biological,NA,NA,NA,NA,NA,NA,2.6,600,0,51.64634177,-128.1203837,sand,NA,NA,NA,seagrass,zostera,seagrass_sand,zostera_sand,90.48,1.6452299999999999e-111,225,Metazoa,Rotifera,Eurotatoria,Ploima,Synchaetidae,Synchaeta,0,0,TRUE,ASV377,5,Synchaeta pectinata
edna0136,ASV860,motu748,Saxidomus,Washington clam species,genus,NA,1,NA,NA,NA,38,NA,NA,NA,NA,NA,Saxidomus,Washington clam species,2018_pruth-grid_surface,pruth grid,seagrass_grid,2018-08-23,NA,2018,surface,7,pruth_grid_c1,grid,biological,NA,NA,NA,NA,NA,NA,2.6,600,0,51.64634177,-128.1203837,sand,NA,NA,NA,seagrass,zostera,seagrass_sand,zostera_sand,100,1.96163e-160,313,Metazoa,Mollusca,Mollusca,Venerida,Veneridae,Saxidomus,0,0,TRUE,ASV860,4,NA
edna0136,ASV1059,motu911,Pleurobrachia bachei,Pacific sea gooseberry,species,NA,1,NA,1,NA,16,NA,12,NA,NA,NA,Pleurobrachia bachei,Pacific sea gooseberry,2018_pruth-grid_surface,pruth grid,seagrass_grid,2018-08-23,NA,2018,surface,7,pruth_grid_c1,grid,biological,NA,NA,NA,NA,NA,NA,2.6,600,0,51.64634177,-128.1203837,sand,NA,NA,NA,seagrass,zostera,seagrass_sand,zostera_sand,100,1.96163e-160,313,Metazoa,Ctenophora,Tentaculata,Cydippida,Cydippidae,Pleurobrachia,0,0,TRUE,ASV1059,3,Pleurobrachia bachei
edna0136,ASV1748,motu1459,Chaetognatha,Arrow worm,phylum,NA,1,NA,NA,NA,8,NA,NA,NA,NA,NA,Chaetognatha,Arrow worm,2018_pruth-grid_surface,pruth grid,seagrass_grid,2018-08-23,NA,2018,surface,7,pruth_grid_c1,grid,biological,NA,NA,NA,NA,NA,NA,2.6,600,0,51.64634177,-128.1203837,sand,NA,NA,NA,seagrass,zostera,seagrass_sand,zostera_sand,95.02,1.63074e-81,171,Metazoa,Chaetognatha,NA,NA,NA,NA,0,0,TRUE,ASV1748,1,NA
edna0136,ASV1742,motu1454,Micropodarke dubia,Hesionid polychaete,species,NA,1,NA,NA,NA,6,NA,NA,NA,NA,NA,Micropodarke dubia,Hesionid polychaete,2018_pruth-grid_surface,pruth grid,seagrass_grid,2018-08-23,NA,2018,surface,7,pruth_grid_c1,grid,biological,NA,NA,NA,NA,NA,NA,2.6,600,0,51.64634177,-128.1203837,sand,NA,NA,NA,seagrass,zostera,seagrass_sand,zostera_sand,100,1.96163e-160,313,Metazoa,Annelida,Polychaeta,Phyllodocida,Hesionidae,Micropodarke,0,0,TRUE,ASV1742,2,Micropodarke dubia
edna0136,ASV1791,motu1494,Saxidomus nuttalli,California butterclam,species,NA,1,NA,NA,NA,8,NA,NA,NA,NA,NA,Saxidomus nuttalli,California butterclam,2018_pruth-grid_surface,pruth grid,seagrass_grid,2018-08-23,NA,2018,surface,7,pruth_grid_c1,grid,biological,NA,NA,NA,NA,NA,NA,2.6,600,0,51.64634177,-128.1203837,sand,NA,NA,NA,seagrass,zostera,seagrass_sand,zostera_sand,99.68,4.246189999999999e-157,307,Metazoa,Mollusca,Bivalvia,Venerida,Veneridae,Saxidomus,0,0,TRUE,ASV1791,2,Saxidomus nuttalli
edna0136,ASV2228,motu1836,Saxidomus nuttalli,California butterclam,species,NA,1,NA,NA,NA,6,NA,NA,NA,NA,NA,Saxidomus nuttalli,California butterclam,2018_pruth-grid_surface,pruth grid,seagrass_grid,2018-08-23,NA,2018,surface,7,pruth_grid_c1,grid,biological,NA,NA,NA,NA,NA,NA,2.6,600,0,51.64634177,-128.1203837,sand,NA,NA,NA,seagrass,zostera,seagrass_sand,zostera_sand,99.68,4.246189999999999e-157,307,Metazoa,Mollusca,Bivalvia,Venerida,Veneridae,Saxidomus,0,0,TRUE,ASV2228,1,Saxidomus nuttalli
edna0136,ASV2465,motu1887,Synchaeta vorax,Rotifer,species,NA,1,1,1,NA,21,10,16,NA,NA,38,Synchaeta vorax,Rotifer,2018_pruth-grid_surface,pruth grid,seagrass_grid,2018-08-23,NA,2018,surface,7,pruth_grid_c1,grid,biological,NA,NA,NA,NA,NA,NA,2.6,600,0,51.64634177,-128.1203837,sand,NA,NA,NA,seagrass,zostera,seagrass_sand,zostera_sand,95.13,1.20545e-132,263,Metazoa,Rotifera,Eurotatoria,Ploima,Synchaetidae,Synchaeta,0,0,TRUE,ASV2292,5,Synchaeta vorax
edna0136,ASV2451,motu1746,Synchaeta vorax,Rotifer,species,NA,1,1,1,NA,26,8,26,NA,NA,NA,Synchaeta vorax,Rotifer,2018_pruth-grid_surface,pruth grid,seagrass_grid,2018-08-23,NA,2018,surface,7,pruth_grid_c1,grid,biological,NA,NA,NA,NA,NA,NA,2.6,600,0,51.64634177,-128.1203837,sand,NA,NA,NA,seagrass,zostera,seagrass_sand,zostera_sand,95.13,1.20545e-132,263,Metazoa,Rotifera,Eurotatoria,Ploima,Synchaetidae,Synchaeta,0,0,TRUE,ASV2117,4,Synchaeta vorax
edna0137,ASV536,motu470,Paracalanus parvus parvus,Calanoid copepod,species,NA,1,NA,NA,NA,26,NA,NA,NA,NA,NA,Paracalanus parvus parvus,Calanoid copepod,2018_pruth-grid_surface,pruth grid,seagrass_grid,2018-08-23,NA,2018,surface,8,pruth_grid_c2,grid,biological,15.5,25.99,8.42,14.7,30.24,8.13,2.6,855,0,51.64626687,-128.1199599,sand,NA,NA,NA,seagrass,zostera,seagrass_sand,zostera_sand,100,1.17454e-132,263,Metazoa,Arthropoda,Copepoda,Calanoida,Paracalanidae,Paracalanus,0,0,TRUE,ASV536,6,Paracalanus parvus parvus
edna0137,ASV398,motu350,Synchaeta pectinata,Rotifer,species,NA,1,NA,NA,NA,4,NA,NA,NA,NA,NA,Synchaeta pectinata,Rotifer,2018_pruth-grid_surface,pruth grid,seagrass_grid,2018-08-23,NA,2018,surface,8,pruth_grid_c2,grid,biological,15.5,25.99,8.42,14.7,30.24,8.13,2.6,855,0,51.64626687,-128.1199599,sand,NA,NA,NA,seagrass,zostera,seagrass_sand,zostera_sand,90.48,1.6452299999999999e-111,225,Metazoa,Rotifera,Eurotatoria,Ploima,Synchaetidae,Synchaeta,0,0,TRUE,ASV398,4,Synchaeta pectinata
edna0137,ASV312,motu274,Synchaeta baltica,Rotifer,species,NA,1,1,1,NA,58,17,34,39,NA,64,Synchaeta baltica,Rotifer,2018_pruth-grid_surface,pruth grid,seagrass_grid,2018-08-23,NA,2018,surface,8,pruth_grid_c2,grid,biological,15.5,25.99,8.42,14.7,30.24,8.13,2.6,855,0,51.64626687,-128.1199599,sand,NA,NA,NA,seagrass,zostera,seagrass_sand,zostera_sand,90.45,5.9173e-111,224,Metazoa,Rotifera,Eurotatoria,Ploima,Synchaetidae,Synchaeta,0,0,TRUE,ASV312,1,Synchaeta baltica
edna0137,ASV467,motu412,Saxidomus,Washington clam species,genus,NA,1,NA,1,NA,42,NA,NA,10,NA,NA,Saxidomus,Washington clam species,2018_pruth-grid_surface,pruth grid,seagrass_grid,2018-08-23,NA,2018,surface,8,pruth_grid_c2,grid,biological,15.5,25.99,8.42,14.7,30.24,8.13,2.6,855,0,51.64626687,-128.1199599,sand,NA,NA,NA,seagrass,zostera,seagrass_sand,zostera_sand,100,1.96163e-160,313,Metazoa,Mollusca,Mollusca,Venerida,Veneridae,Saxidomus,0,0,TRUE,ASV467,12,NA
edna0137,ASV843,motu343,Dodecaceria,Cirratulid polychaete,genus,NA,1,NA,NA,NA,38,NA,NA,NA,NA,NA,Dodecaceria,Cirratulid polychaete,2018_pruth-grid_surface,pruth grid,seagrass_grid,2018-08-23,NA,2018,surface,8,pruth_grid_c2,grid,biological,15.5,25.99,8.42,14.7,30.24,8.13,2.6,855,0,51.64626687,-128.1199599,sand,NA,NA,NA,seagrass,zostera,seagrass_sand,zostera_sand,99.68,9.126599999999999e-159,310,Metazoa,Annelida,Polychaeta,Terebellida,Cirratulidae,Dodecaceria,0,0,TRUE,ASV390,6,NA
edna0137,ASV500,motu283,Dodecaceria,Cirratulid polychaete,genus,NA,1,1,1,NA,37,13,10,NA,NA,34,Dodecaceria,Cirratulid polychaete,2018_pruth-grid_surface,pruth grid,seagrass_grid,2018-08-23,NA,2018,surface,8,pruth_grid_c2,grid,biological,15.5,25.99,8.42,14.7,30.24,8.13,2.6,855,0,51.64626687,-128.1199599,sand,NA,NA,NA,seagrass,zostera,seagrass_sand,zostera_sand,99.68,9.126599999999999e-159,310,Metazoa,Annelida,Polychaeta,Terebellida,Cirratulidae,Dodecaceria,0,0,TRUE,ASV322,5,NA
edna0137,ASV1048,motu285,Paracalanus,Calanoid copepod,genus,NA,1,1,1,NA,15,17,56,NA,NA,NA,Paracalanus parvus parvus,Calanoid copepod,2018_pruth-grid_surface,pruth grid,seagrass_grid,2018-08-23,NA,2018,surface,8,pruth_grid_c2,grid,biological,15.5,25.99,8.42,14.7,30.24,8.13,2.6,855,0,51.64626687,-128.1199599,sand,NA,NA,NA,seagrass,zostera,seagrass_sand,zostera_sand,99.67,1.14177e-152,299,Metazoa,Arthropoda,Arthropoda,Calanoida,Paracalanidae,Paracalanus,0,0,TRUE,ASV324,6,NA
edna0137,ASV1791,motu1494,Saxidomus nuttalli,California butterclam,species,NA,1,NA,NA,NA,7,NA,NA,NA,NA,NA,Saxidomus nuttalli,California butterclam,2018_pruth-grid_surface,pruth grid,seagrass_grid,2018-08-23,NA,2018,surface,8,pruth_grid_c2,grid,biological,15.5,25.99,8.42,14.7,30.24,8.13,2.6,855,0,51.64626687,-128.1199599,sand,NA,NA,NA,seagrass,zostera,seagrass_sand,zostera_sand,99.68,4.246189999999999e-157,307,Metazoa,Mollusca,Bivalvia,Venerida,Veneridae,Saxidomus,0,0,TRUE,ASV1791,2,Saxidomus nuttalli
edna0137,ASV1805,motu1504,Cistenides granulata,Trumpet worm,species,NA,1,NA,NA,NA,8,NA,NA,NA,NA,NA,Cistenides granulata,Trumpet worm,2018_pruth-grid_surface,pruth grid,seagrass_grid,2018-08-23,NA,2018,surface,8,pruth_grid_c2,grid,biological,15.5,25.99,8.42,14.7,30.24,8.13,2.6,855,0,51.64626687,-128.1199599,sand,NA,NA,NA,seagrass,zostera,seagrass_sand,zostera_sand,100,1.4886099999999998e-156,306,Metazoa,Annelida,Polychaeta,Terebellida,Pectinariidae,Pectinaria,0,0,TRUE,ASV1805,1,Cistenides granulata
edna0137,ASV2465,motu1887,Synchaeta vorax,Rotifer,species,NA,1,NA,1,NA,7,NA,7,NA,NA,NA,Synchaeta vorax,Rotifer,2018_pruth-grid_surface,pruth grid,seagrass_grid,2018-08-23,NA,2018,surface,8,pruth_grid_c2,grid,biological,15.5,25.99,8.42,14.7,30.24,8.13,2.6,855,0,51.64626687,-128.1199599,sand,NA,NA,NA,seagrass,zostera,seagrass_sand,zostera_sand,95.13,1.20545e-132,263,Metazoa,Rotifera,Eurotatoria,Ploima,Synchaetidae,Synchaeta,0,0,TRUE,ASV2292,5,Synchaeta vorax
edna0137,ASV3115,motu2503,Synchaeta cecilia,Rotifer,species,NA,1,NA,NA,NA,5,NA,NA,NA,NA,NA,Synchaeta cecilia,Rotifer,2018_pruth-grid_surface,pruth grid,seagrass_grid,2018-08-23,NA,2018,surface,8,pruth_grid_c2,grid,biological,15.5,25.99,8.42,14.7,30.24,8.13,2.6,855,0,51.64626687,-128.1199599,sand,NA,NA,NA,seagrass,zostera,seagrass_sand,zostera_sand,90.73,1.2488499999999995e-107,218,Metazoa,Rotifera,Eurotatoria,Ploima,Synchaetidae,Synchaeta,0,0,TRUE,ASV3115,1,Synchaeta cecilia
edna0137,ASV5378,motu4128,Calanus pacificus,Calanoid copepod,species,NA,1,NA,NA,NA,7,NA,NA,NA,NA,NA,Calanus pacificus,Calanoid copepod,2018_pruth-grid_surface,pruth grid,seagrass_grid,2018-08-23,NA,2018,surface,8,pruth_grid_c2,grid,biological,15.5,25.99,8.42,14.7,30.24,8.13,2.6,855,0,51.64626687,-128.1199599,sand,NA,NA,NA,seagrass,zostera,seagrass_sand,zostera_sand,98.69,6.974989999999997e-150,294,Metazoa,Arthropoda,Copepoda,Calanoida,Calanidae,Calanus,0,0,TRUE,ASV5378,1,Calanus pacificus
edna0140,ASV580,motu150,Pseudocalanus mimus,Calanoid copepod,species,NA,1,1,NA,NA,89,65,NA,NA,NA,NA,Pseudocalanus mimus,Calanoid copepod,2018_wfb_surface,wfb,beach_seine,2018-08-24,2018-08-24,2018,surface,2,edna_wfb_15,repeat-surface,biological,11.8,32.57,7.97,10.7,32.76,7.85,5,1000,0,51.66850793,-128.1196609,sand,y,350,se,none,none,none_sand,none_sand,99.67,9.19139e-154,301,Metazoa,Arthropoda,Copepoda,Calanoida,Clausocalanidae,Pseudocalanus,0,0,TRUE,ASV171,10,Pseudocalanus mimus
edna0140,ASV1289,motu1091,Chthamalus dalli,Little brown barnacle,species,NA,1,NA,NA,NA,7,NA,NA,NA,NA,NA,Chthamalus dalli,Little brown barnacle,2018_wfb_surface,wfb,beach_seine,2018-08-24,2018-08-24,2018,surface,2,edna_wfb_15,repeat-surface,biological,11.8,32.57,7.97,10.7,32.76,7.85,5,1000,0,51.66850793,-128.1196609,sand,y,350,se,none,none,none_sand,none_sand,99.34,5.31212e-151,296,Metazoa,Arthropoda,Thecostraca,Balanomorpha,Chthamalidae,Chthamalus,0,0,TRUE,ASV1289,3,Chthamalus dalli
edna0140,ASV1384,motu1168,Membranipora membranacea,Coffin box bryozoan,species,NA,1,NA,NA,NA,16,NA,NA,NA,NA,NA,Membranipora membranacea,Coffin box bryozoan,2018_wfb_surface,wfb,beach_seine,2018-08-24,2018-08-24,2018,surface,2,edna_wfb_15,repeat-surface,biological,11.8,32.57,7.97,10.7,32.76,7.85,5,1000,0,51.66850793,-128.1196609,sand,y,350,se,none,none,none_sand,none_sand,100,9.252979999999995e-139,274,Metazoa,Bryozoa,Gymnolaemata,Cheilostomatida,Membraniporidae,Membranipora,0,0,TRUE,ASV1384,2,Membranipora membranacea
edna0140,ASV2852,motu2305,Coleoptera,Hexapod,order,NA,1,NA,NA,NA,5,NA,NA,NA,NA,NA,Coleoptera,Hexapod,2018_wfb_surface,wfb,beach_seine,2018-08-24,2018-08-24,2018,surface,2,edna_wfb_15,repeat-surface,biological,11.8,32.57,7.97,10.7,32.76,7.85,5,1000,0,51.66850793,-128.1196609,sand,y,350,se,none,none,none_sand,none_sand,100,0.00110774,31,Metazoa,Arthropoda,Arthropoda,Coleoptera,NA,NA,NA,NA,TRUE,ASV2852,1,NA
edna0140,ASV3532,motu2807,Pachylaelapidae,Mite,genus,NA,1,NA,NA,NA,11,NA,NA,NA,NA,NA,Pachylaelapidae,Mite,2018_wfb_surface,wfb,beach_seine,2018-08-24,2018-08-24,2018,surface,2,edna_wfb_15,repeat-surface,biological,11.8,32.57,7.97,10.7,32.76,7.85,5,1000,0,51.66850793,-128.1196609,sand,y,350,se,none,none,none_sand,none_sand,100,0.00408744,30,Metazoa,Arthropoda,Arthropoda,Mesostigmata,NA,Pachylaelapidae,NA,NA,TRUE,ASV3532,1,NA
edna0140,ASV3252,motu2600,Manania handi,Stalked jellyfish,species,NA,1,1,1,NA,25,6,9,25,NA,NA,Manania handi,Stalked jellyfish,2018_wfb_surface,wfb,beach_seine,2018-08-24,2018-08-24,2018,surface,2,edna_wfb_15,repeat-surface,biological,11.8,32.57,7.97,10.7,32.76,7.85,5,1000,0,51.66850793,-128.1196609,sand,y,350,se,none,none,none_sand,none_sand,100,3.2351099999999996e-158,309,Metazoa,Cnidaria,Cnidaria,Stauromedusae,Haliclystidae,Manania,0,0,TRUE,ASV3252,2,Manania handi
edna0141,ASV143,motu128,Centropages abdominalis,Calanoid copepod,species,NA,1,NA,NA,NA,18,NA,NA,NA,NA,NA,Centropages abdominalis,Calanoid copepod,2018_wfb_surface,wfb,beach_seine,2018-08-24,2018-08-24,2018,surface,3,edna_wfb_30,repeat-surface,biological,NA,NA,NA,NA,NA,NA,4.9,1000,0,51.66843974,-128.1199132,sand,y,350,se,none,none,none_sand,none_sand,100,1.96163e-160,313,Metazoa,Arthropoda,Copepoda,Calanoida,Centropagidae,Centropages,0,0,TRUE,ASV143,11,Centropages abdominalis
edna0141,ASV536,motu470,Paracalanus parvus parvus,Calanoid copepod,species,NA,1,NA,NA,NA,19,NA,NA,NA,NA,NA,Paracalanus parvus parvus,Calanoid copepod,2018_wfb_surface,wfb,beach_seine,2018-08-24,2018-08-24,2018,surface,3,edna_wfb_30,repeat-surface,biological,NA,NA,NA,NA,NA,NA,4.9,1000,0,51.66843974,-128.1199132,sand,y,350,se,none,none,none_sand,none_sand,100,1.17454e-132,263,Metazoa,Arthropoda,Copepoda,Calanoida,Paracalanidae,Paracalanus,0,0,TRUE,ASV536,6,Paracalanus parvus parvus
edna0141,ASV750,motu654,Orobdella,Freshwater leech,genus,NA,1,NA,NA,NA,9,NA,NA,NA,NA,NA,Orobdella,Freshwater leech,2018_wfb_surface,wfb,beach_seine,2018-08-24,2018-08-24,2018,surface,3,edna_wfb_30,repeat-surface,biological,NA,NA,NA,NA,NA,NA,4.9,1000,0,51.66843974,-128.1199132,sand,y,350,se,none,none,none_sand,none_sand,97.06,0.00121031,31,Metazoa,Annelida,Annelida,Erpobdelliformes,Orobdellidae,Orobdella,NA,NA,TRUE,ASV750,1,NA
edna0141,ASV713,motu350,Synchaeta pectinata,Rotifer,species,NA,1,NA,NA,NA,3,NA,NA,NA,NA,NA,Synchaeta pectinata,Rotifer,2018_wfb_surface,wfb,beach_seine,2018-08-24,2018-08-24,2018,surface,3,edna_wfb_30,repeat-surface,biological,NA,NA,NA,NA,NA,NA,4.9,1000,0,51.66843974,-128.1199132,sand,y,350,se,none,none,none_sand,none_sand,90.79,3.5361899999999996e-113,228,Metazoa,Rotifera,Eurotatoria,Ploima,Synchaetidae,Synchaeta,0,0,TRUE,ASV398,4,Synchaeta pectinata
edna0141,ASV1502,motu1269,Oithona similis,Cyclopoid copepod,species,NA,1,NA,NA,NA,4,NA,NA,NA,NA,NA,Oithona similis,Cyclopoid copepod,2018_wfb_surface,wfb,beach_seine,2018-08-24,2018-08-24,2018,surface,3,edna_wfb_30,repeat-surface,biological,NA,NA,NA,NA,NA,NA,4.9,1000,0,51.66843974,-128.1199132,sand,y,350,se,none,none,none_sand,none_sand,96.17,2.0179399999999996e-140,277,Metazoa,Arthropoda,Copepoda,Cyclopoida,Oithonidae,Oithona,0,0,TRUE,ASV1502,1,Oithona similis
edna0141,ASV1546,motu1303,Chaetognatha,Arrow worm,phylum,NA,1,NA,NA,NA,16,NA,NA,NA,NA,NA,Chaetognatha,Arrow worm,2018_wfb_surface,wfb,beach_seine,2018-08-24,2018-08-24,2018,surface,3,edna_wfb_30,repeat-surface,biological,NA,NA,NA,NA,NA,NA,4.9,1000,0,51.66843974,-128.1199132,sand,y,350,se,none,none,none_sand,none_sand,95.02,1.63074e-81,171,Metazoa,Chaetognatha,NA,NA,NA,NA,0,0,TRUE,ASV1546,2,NA
edna0141,ASV2518,motu2051,Chaetognatha,Arrow worm,phylum,NA,1,NA,NA,NA,14,NA,NA,NA,NA,NA,Chaetognatha,Arrow worm,2018_wfb_surface,wfb,beach_seine,2018-08-24,2018-08-24,2018,surface,3,edna_wfb_30,repeat-surface,biological,NA,NA,NA,NA,NA,NA,4.9,1000,0,51.66843974,-128.1199132,sand,y,350,se,none,none,none_sand,none_sand,96.52,1.6192399999999998e-86,180,Metazoa,Chaetognatha,NA,NA,NA,NA,0,0,TRUE,ASV2518,1,NA
edna0141,ASV3325,motu2652,Membraniporidae,Bryozoan,family,NA,1,NA,1,NA,12,NA,15,NA,NA,NA,Membraniporidae,Bryozoan,2018_wfb_surface,wfb,beach_seine,2018-08-24,2018-08-24,2018,surface,3,edna_wfb_30,repeat-surface,biological,NA,NA,NA,NA,NA,NA,4.9,1000,0,51.66843974,-128.1199132,sand,y,350,se,none,none,none_sand,none_sand,90.95,6.1511e-76,161,Metazoa,Bryozoa,Bryozoa,Cheilostomatida,Membraniporidae,NA,0,0,TRUE,ASV3325,1,NA
edna0141,ASV2881,motu2328,Coleoptera,Hexapod,order,NA,1,NA,1,NA,6,NA,NA,NA,NA,3,Coleoptera,Hexapod,2018_wfb_surface,wfb,beach_seine,2018-08-24,2018-08-24,2018,surface,3,edna_wfb_30,repeat-surface,biological,NA,NA,NA,NA,NA,NA,4.9,1000,0,51.66843974,-128.1199132,sand,y,350,se,none,none,none_sand,none_sand,100,0.00110774,31,Metazoa,Arthropoda,Arthropoda,Coleoptera,NA,NA,NA,NA,TRUE,ASV2881,1,NA
edna0141,ASV2852,motu2305,Coleoptera,Hexapod,order,NA,1,NA,NA,NA,6,NA,NA,NA,NA,NA,Coleoptera,Hexapod,2018_wfb_surface,wfb,beach_seine,2018-08-24,2018-08-24,2018,surface,3,edna_wfb_30,repeat-surface,biological,NA,NA,NA,NA,NA,NA,4.9,1000,0,51.66843974,-128.1199132,sand,y,350,se,none,none,none_sand,none_sand,100,0.00110774,31,Metazoa,Arthropoda,Arthropoda,Coleoptera,NA,NA,NA,NA,TRUE,ASV2852,1,NA
edna0141,ASV6666,motu5171,Blattidae,Hexapod,family,NA,1,NA,NA,NA,4,NA,NA,NA,NA,NA,Blattidae,Hexapod,2018_wfb_surface,wfb,beach_seine,2018-08-24,2018-08-24,2018,surface,3,edna_wfb_30,repeat-surface,biological,NA,NA,NA,NA,NA,NA,4.9,1000,0,51.66843974,-128.1199132,sand,y,350,se,none,none,none_sand,none_sand,93.06,4.08218e-18,57,Metazoa,Arthropoda,Arthropoda,Dictyoptera,Blattidae,NA,NA,NA,TRUE,ASV6666,1,NA
edna0142,ASV452,motu183,Euchlanidae,Rotifer,family,NA,1,NA,NA,NA,27,NA,NA,NA,NA,NA,No Results,No Results,2018_chp_surface,chp,beach_seine,2018-08-24,2018-08-25,2018,surface,1,edna_chp_00,repeat-surface,biological,NA,NA,NA,NA,NA,NA,4.2,1000,0,51.67615482,-128.1232837,sand,n,35,e,seagrass,zostera,seagrass_sand,zostera_sand,91.35,3.005919999999998e-29,77,Metazoa,Rotifera,Rotifera,Ploima,Euchlanidae,NA,1,NA,TRUE,ASV208,2,NA
edna0142,ASV270,motu199,Mytilus,Mussel species,genus,NA,1,1,NA,NA,4,3,NA,NA,NA,NA,Mytilus trossulus,Bay mussel,2018_chp_surface,chp,beach_seine,2018-08-24,2018-08-25,2018,surface,1,edna_chp_00,repeat-surface,biological,NA,NA,NA,NA,NA,NA,4.2,1000,0,51.67615482,-128.1232837,sand,n,35,e,seagrass,zostera,seagrass_sand,zostera_sand,100,3.2351099999999996e-158,309,Metazoa,Mollusca,Mollusca,Mytilida,Mytilidae,Mytilus,0,0,TRUE,ASV226,18,NA
edna0142,ASV2402,motu1965,Chaetognatha,Arrow worm,phylum,NA,1,NA,NA,NA,15,NA,NA,NA,NA,NA,Chaetognatha,Arrow worm,2018_chp_surface,chp,beach_seine,2018-08-24,2018-08-25,2018,surface,1,edna_chp_00,repeat-surface,biological,NA,NA,NA,NA,NA,NA,4.2,1000,0,51.67615482,-128.1232837,sand,n,35,e,seagrass,zostera,seagrass_sand,zostera_sand,96.52,1.6192399999999998e-86,180,Metazoa,Chaetognatha,NA,NA,NA,NA,0,0,TRUE,ASV2402,1,NA
edna0142,ASV2213,motu1826,Mytilus californianus,California mussel,species,NA,1,NA,NA,NA,5,NA,NA,NA,NA,NA,Mytilus californianus,California mussel,2018_chp_surface,chp,beach_seine,2018-08-24,2018-08-25,2018,surface,1,edna_chp_00,repeat-surface,biological,NA,NA,NA,NA,NA,NA,4.2,1000,0,51.67615482,-128.1232837,sand,n,35,e,seagrass,zostera,seagrass_sand,zostera_sand,100,3.2351099999999996e-158,309,Metazoa,Mollusca,Bivalvia,Mytilida,Mytilidae,Mytilus,0,0,TRUE,ASV2213,3,Mytilus californianus
edna0142,ASV1599,motu1332,Mytilus californianus,California mussel,species,NA,1,NA,NA,NA,5,NA,NA,NA,NA,NA,Mytilus californianus,California mussel,2018_chp_surface,chp,beach_seine,2018-08-24,2018-08-25,2018,surface,1,edna_chp_00,repeat-surface,biological,NA,NA,NA,NA,NA,NA,4.2,1000,0,51.67615482,-128.1232837,sand,n,35,e,seagrass,zostera,seagrass_sand,zostera_sand,100,3.2351099999999996e-158,309,Metazoa,Mollusca,Bivalvia,Mytilida,Mytilidae,Mytilus,0,0,TRUE,ASV1582,5,Mytilus californianus
edna0142,ASV2840,motu2298,Arthropoda,Unknown arthropod,phylum,NA,1,NA,NA,NA,5,NA,NA,NA,NA,NA,Arthropoda,Unknown arthropod,2018_chp_surface,chp,beach_seine,2018-08-24,2018-08-25,2018,surface,1,edna_chp_00,repeat-surface,biological,NA,NA,NA,NA,NA,NA,4.2,1000,0,51.67615482,-128.1232837,sand,n,35,e,seagrass,zostera,seagrass_sand,zostera_sand,95,2.34566e-5,34,Metazoa,Arthropoda,NA,NA,NA,NA,NA,NA,TRUE,ASV2840,1,NA
edna0142,ASV3033,motu2444,Staphylinidae,Hexapod,genus,NA,1,NA,NA,NA,3,NA,NA,NA,NA,NA,Staphylinidae,Hexapod,2018_chp_surface,chp,beach_seine,2018-08-24,2018-08-25,2018,surface,1,edna_chp_00,repeat-surface,biological,NA,NA,NA,NA,NA,NA,4.2,1000,0,51.67615482,-128.1232837,sand,n,35,e,seagrass,zostera,seagrass_sand,zostera_sand,90.14,3.11539e-14,50,Metazoa,Arthropoda,Arthropoda,Coleoptera,Staphylinidae,Staphylinidae,NA,NA,TRUE,ASV3033,1,NA
edna0142,ASV4691,motu1772,Synchaeta grimpei,Rotifer,species,NA,1,NA,1,NA,10,NA,NA,3,NA,7,Synchaeta grimpei,Rotifer,2018_chp_surface,chp,beach_seine,2018-08-24,2018-08-25,2018,surface,1,edna_chp_00,repeat-surface,biological,NA,NA,NA,NA,NA,NA,4.2,1000,0,51.67615482,-128.1232837,sand,n,35,e,seagrass,zostera,seagrass_sand,zostera_sand,91.12,2.07503e-110,223,Metazoa,Rotifera,Eurotatoria,Ploima,Synchaetidae,Synchaeta,0,0,TRUE,ASV2150,2,Synchaeta grimpei
edna0142,ASV5387,motu1692,Synchaeta grimpei,Rotifer,species,NA,1,NA,1,NA,5,NA,NA,4,NA,10,Synchaeta grimpei,Rotifer,2018_chp_surface,chp,beach_seine,2018-08-24,2018-08-25,2018,surface,1,edna_chp_00,repeat-surface,biological,NA,NA,NA,NA,NA,NA,4.2,1000,0,51.67615482,-128.1232837,sand,n,35,e,seagrass,zostera,seagrass_sand,zostera_sand,91.12,2.07503e-110,223,Metazoa,Rotifera,Eurotatoria,Ploima,Synchaetidae,Synchaeta,0,0,TRUE,ASV2042,2,Synchaeta grimpei
edna0142,ASV6666,motu5171,Blattidae,Hexapod,family,NA,1,NA,NA,NA,4,NA,NA,NA,NA,NA,Blattidae,Hexapod,2018_chp_surface,chp,beach_seine,2018-08-24,2018-08-25,2018,surface,1,edna_chp_00,repeat-surface,biological,NA,NA,NA,NA,NA,NA,4.2,1000,0,51.67615482,-128.1232837,sand,n,35,e,seagrass,zostera,seagrass_sand,zostera_sand,93.06,4.08218e-18,57,Metazoa,Arthropoda,Arthropoda,Dictyoptera,Blattidae,NA,NA,NA,TRUE,ASV6666,1,NA
edna0143,ASV328,motu288,Synchaeta baltica,Rotifer,species,NA,1,1,1,NA,13,15,NA,NA,NA,37,Synchaeta baltica,Rotifer,2018_chp_surface,chp,beach_seine,2018-08-24,2018-08-25,2018,surface,2,edna_chp_15,repeat-surface,biological,11.5,31.82,7.97,10.8,32.41,7.97,3.5,1000,0,51.67628487,-128.1233672,sand,n,35,e,seagrass,zostera,seagrass_sand,zostera_sand,90.79,3.5361899999999996e-113,228,Metazoa,Rotifera,Eurotatoria,Ploima,Synchaetidae,Synchaeta,0,0,TRUE,ASV328,3,Synchaeta baltica
edna0143,ASV733,motu637,Phyllodocida,Polychaete,order,NA,1,1,NA,NA,12,5,NA,NA,NA,NA,Phyllodocida,Polychaete,2018_chp_surface,chp,beach_seine,2018-08-24,2018-08-25,2018,surface,2,edna_chp_15,repeat-surface,biological,11.5,31.82,7.97,10.8,32.41,7.97,3.5,1000,0,51.67628487,-128.1233672,sand,n,35,e,seagrass,zostera,seagrass_sand,zostera_sand,100,0.0603188,28,Metazoa,Annelida,Annelida,Phyllodocida,NA,NA,0,0,TRUE,ASV733,1,NA
edna0143,ASV1475,motu1246,Cyanea,Lions mane jellyfish species,genus,NA,1,NA,NA,NA,3,NA,NA,NA,NA,NA,Cyanea,Lions mane jellyfish species,2018_chp_surface,chp,beach_seine,2018-08-24,2018-08-25,2018,surface,2,edna_chp_15,repeat-surface,biological,11.5,31.82,7.97,10.8,32.41,7.97,3.5,1000,0,51.67628487,-128.1233672,sand,n,35,e,seagrass,zostera,seagrass_sand,zostera_sand,100,3.2351099999999996e-158,309,Metazoa,Cnidaria,Scyphozoa,Semaeostomeae,Cyaneidae,Cyanea,0,0,TRUE,ASV1475,2,NA
edna0143,ASV1748,motu1459,Chaetognatha,Arrow worm,phylum,NA,1,NA,NA,NA,8,NA,NA,NA,NA,NA,Chaetognatha,Arrow worm,2018_chp_surface,chp,beach_seine,2018-08-24,2018-08-25,2018,surface,2,edna_chp_15,repeat-surface,biological,11.5,31.82,7.97,10.8,32.41,7.97,3.5,1000,0,51.67628487,-128.1233672,sand,n,35,e,seagrass,zostera,seagrass_sand,zostera_sand,95.02,1.63074e-81,171,Metazoa,Chaetognatha,NA,NA,NA,NA,0,0,TRUE,ASV1748,1,NA
edna0143,ASV1057,motu909,Orobdella,Freshwater leech,genus,NA,1,NA,NA,NA,3,NA,NA,NA,NA,NA,Orobdella,Freshwater leech,2018_chp_surface,chp,beach_seine,2018-08-24,2018-08-25,2018,surface,2,edna_chp_15,repeat-surface,biological,11.5,31.82,7.97,10.8,32.41,7.97,3.5,1000,0,51.67628487,-128.1233672,sand,n,35,e,seagrass,zostera,seagrass_sand,zostera_sand,97.06,0.0011939,31,Metazoa,Annelida,Annelida,Erpobdelliformes,Orobdellidae,Orobdella,NA,NA,TRUE,ASV1057,1,NA
edna0143,ASV2491,motu2028,Mytilus,Mussel species,genus,NA,1,1,1,NA,15,7,NA,11,NA,13,Mytilus,Mussel species,2018_chp_surface,chp,beach_seine,2018-08-24,2018-08-25,2018,surface,2,edna_chp_15,repeat-surface,biological,11.5,31.82,7.97,10.8,32.41,7.97,3.5,1000,0,51.67628487,-128.1233672,sand,n,35,e,seagrass,zostera,seagrass_sand,zostera_sand,100,3.2351099999999996e-158,309,Metazoa,Mollusca,Mollusca,Mytilida,Mytilidae,Mytilus,0,0,TRUE,ASV2491,3,NA
edna0143,ASV3532,motu2807,Pachylaelapidae,Mite,genus,NA,1,NA,NA,NA,5,NA,NA,NA,NA,NA,Pachylaelapidae,Mite,2018_chp_surface,chp,beach_seine,2018-08-24,2018-08-25,2018,surface,2,edna_chp_15,repeat-surface,biological,11.5,31.82,7.97,10.8,32.41,7.97,3.5,1000,0,51.67628487,-128.1233672,sand,n,35,e,seagrass,zostera,seagrass_sand,zostera_sand,100,0.00408744,30,Metazoa,Arthropoda,Arthropoda,Mesostigmata,NA,Pachylaelapidae,NA,NA,TRUE,ASV3532,1,NA
edna0143,ASV5779,motu4438,Pseudoscorpiones,Other arachnid,class,NA,1,NA,NA,NA,4,NA,NA,NA,NA,NA,Pseudoscorpiones,Other arachnid,2018_chp_surface,chp,beach_seine,2018-08-24,2018-08-25,2018,surface,2,edna_chp_15,repeat-surface,biological,11.5,31.82,7.97,10.8,32.41,7.97,3.5,1000,0,51.67628487,-128.1233672,sand,n,35,e,seagrass,zostera,seagrass_sand,zostera_sand,91.89,1.43923e-17,56,Metazoa,Arthropoda,Arthropoda,NA,NA,NA,NA,NA,TRUE,ASV5779,2,NA
edna0144,ASV216,motu190,Mytilus trossulus,Bay mussel,species,NA,1,1,1,NA,16,5,NA,NA,NA,18,Mytilus trossulus,Bay mussel,2018_chp_surface,chp,beach_seine,2018-08-24,2018-08-25,2018,surface,3,edna_chp_30,repeat-surface,biological,NA,NA,NA,NA,NA,NA,3.5,1000,0,51.6763963,-128.123414,sand,n,35,e,seagrass,zostera,seagrass_sand,zostera_sand,100,3.2351099999999996e-158,309,Metazoa,Mollusca,Mollusca,Mytilida,Mytilidae,Mytilus,0,0,TRUE,ASV216,23,Mytilus trossulus
edna0144,ASV356,motu315,Synchaeta baltica,Rotifer,species,NA,1,1,1,NA,35,22,NA,29,NA,42,Synchaeta baltica,Rotifer,2018_chp_surface,chp,beach_seine,2018-08-24,2018-08-25,2018,surface,3,edna_chp_30,repeat-surface,biological,NA,NA,NA,NA,NA,NA,3.5,1000,0,51.6763963,-128.123414,sand,n,35,e,seagrass,zostera,seagrass_sand,zostera_sand,90.45,5.9173e-111,224,Metazoa,Rotifera,Eurotatoria,Ploima,Synchaetidae,Synchaeta,0,0,TRUE,ASV356,1,Synchaeta baltica
edna0144,ASV1384,motu1168,Membranipora membranacea,Coffin box bryozoan,species,NA,1,NA,NA,NA,16,NA,NA,NA,NA,NA,Membranipora membranacea,Coffin box bryozoan,2018_chp_surface,chp,beach_seine,2018-08-24,2018-08-25,2018,surface,3,edna_chp_30,repeat-surface,biological,NA,NA,NA,NA,NA,NA,3.5,1000,0,51.6763963,-128.123414,sand,n,35,e,seagrass,zostera,seagrass_sand,zostera_sand,100,9.252979999999995e-139,274,Metazoa,Bryozoa,Gymnolaemata,Cheilostomatida,Membraniporidae,Membranipora,0,0,TRUE,ASV1384,2,Membranipora membranacea
edna0144,ASV1546,motu1303,Chaetognatha,Arrow worm,phylum,NA,1,NA,NA,NA,5,NA,NA,NA,NA,NA,Chaetognatha,Arrow worm,2018_chp_surface,chp,beach_seine,2018-08-24,2018-08-25,2018,surface,3,edna_chp_30,repeat-surface,biological,NA,NA,NA,NA,NA,NA,3.5,1000,0,51.6763963,-128.123414,sand,n,35,e,seagrass,zostera,seagrass_sand,zostera_sand,95.02,1.63074e-81,171,Metazoa,Chaetognatha,NA,NA,NA,NA,0,0,TRUE,ASV1546,2,NA
edna0144,ASV1492,motu1259,Membranipora membranacea,Coffin box bryozoan,species,NA,1,NA,1,NA,15,NA,11,NA,NA,NA,Membranipora membranacea,Coffin box bryozoan,2018_chp_surface,chp,beach_seine,2018-08-24,2018-08-25,2018,surface,3,edna_chp_30,repeat-surface,biological,NA,NA,NA,NA,NA,NA,3.5,1000,0,51.6763963,-128.123414,sand,n,35,e,seagrass,zostera,seagrass_sand,zostera_sand,100,9.252979999999995e-139,274,Metazoa,Bryozoa,Gymnolaemata,Cheilostomatida,Membraniporidae,Membranipora,0,0,TRUE,ASV1492,2,Membranipora membranacea
edna0144,ASV932,motu810,Synchaeta baltica,Rotifer,species,NA,1,NA,1,NA,22,NA,NA,15,NA,NA,Synchaeta baltica,Rotifer,2018_chp_surface,chp,beach_seine,2018-08-24,2018-08-25,2018,surface,3,edna_chp_30,repeat-surface,biological,NA,NA,NA,NA,NA,NA,3.5,1000,0,51.6763963,-128.123414,sand,n,35,e,seagrass,zostera,seagrass_sand,zostera_sand,91.08,2.73364e-114,230,Metazoa,Rotifera,Eurotatoria,Ploima,Synchaetidae,Synchaeta,0,0,TRUE,ASV932,1,Synchaeta baltica
edna0144,ASV937,motu814,Synchaeta baltica,Rotifer,species,NA,1,1,1,NA,27,19,NA,28,NA,16,Synchaeta baltica,Rotifer,2018_chp_surface,chp,beach_seine,2018-08-24,2018-08-25,2018,surface,3,edna_chp_30,repeat-surface,biological,NA,NA,NA,NA,NA,NA,3.5,1000,0,51.6763963,-128.123414,sand,n,35,e,seagrass,zostera,seagrass_sand,zostera_sand,90.76,1.27184e-112,227,Metazoa,Rotifera,Eurotatoria,Ploima,Synchaetidae,Synchaeta,0,0,TRUE,ASV937,1,Synchaeta baltica
edna0144,ASV2031,motu1681,Membranipora membranacea,Coffin box bryozoan,species,NA,1,NA,NA,NA,13,NA,NA,NA,NA,NA,Membranipora membranacea,Coffin box bryozoan,2018_chp_surface,chp,beach_seine,2018-08-24,2018-08-25,2018,surface,3,edna_chp_30,repeat-surface,biological,NA,NA,NA,NA,NA,NA,3.5,1000,0,51.6763963,-128.123414,sand,n,35,e,seagrass,zostera,seagrass_sand,zostera_sand,100,9.252979999999995e-139,274,Metazoa,Bryozoa,Gymnolaemata,Cheilostomatida,Membraniporidae,Membranipora,0,0,TRUE,ASV2031,1,Membranipora membranacea
edna0144,ASV3532,motu2807,Pachylaelapidae,Mite,genus,NA,1,NA,NA,NA,3,NA,NA,NA,NA,NA,Pachylaelapidae,Mite,2018_chp_surface,chp,beach_seine,2018-08-24,2018-08-25,2018,surface,3,edna_chp_30,repeat-surface,biological,NA,NA,NA,NA,NA,NA,3.5,1000,0,51.6763963,-128.123414,sand,n,35,e,seagrass,zostera,seagrass_sand,zostera_sand,100,0.00408744,30,Metazoa,Arthropoda,Arthropoda,Mesostigmata,NA,Pachylaelapidae,NA,NA,TRUE,ASV3532,1,NA
edna0144,ASV2731,motu2213,Pachylaelapidae,Mite,genus,NA,1,NA,NA,NA,4,NA,NA,NA,NA,NA,Pachylaelapidae,Mite,2018_chp_surface,chp,beach_seine,2018-08-24,2018-08-25,2018,surface,3,edna_chp_30,repeat-surface,biological,NA,NA,NA,NA,NA,NA,3.5,1000,0,51.6763963,-128.123414,sand,n,35,e,seagrass,zostera,seagrass_sand,zostera_sand,100,0.00408744,30,Metazoa,Arthropoda,Arthropoda,Mesostigmata,NA,Pachylaelapidae,NA,NA,TRUE,ASV2731,2,NA
edna0144,ASV2643,motu2145,Manania handi,Stalked jellyfish,species,NA,1,NA,1,NA,2,NA,4,NA,NA,NA,Manania handi,Stalked jellyfish,2018_chp_surface,chp,beach_seine,2018-08-24,2018-08-25,2018,surface,3,edna_chp_30,repeat-surface,biological,NA,NA,NA,NA,NA,NA,3.5,1000,0,51.6763963,-128.123414,sand,n,35,e,seagrass,zostera,seagrass_sand,zostera_sand,100,3.2351099999999996e-158,309,Metazoa,Cnidaria,Cnidaria,Stauromedusae,Haliclystidae,Manania,0,0,TRUE,ASV2643,1,Manania handi
edna0145,ASV226,motu199,Mytilus trossulus,Bay mussel,species,NA,1,NA,NA,NA,8,NA,NA,NA,NA,NA,Mytilus trossulus,Bay mussel,2018_ssp_surface,ssp,beach_seine,2018-08-24,2018-08-24,2018,surface,1,edna_ssp_00,repeat-surface,biological,NA,NA,NA,NA,NA,NA,3.9,1000,0,51.67909247,-128.1153275,sand,y,455,se,seagrass,zostera,seagrass_sand,zostera_sand,100,3.2351099999999996e-158,309,Metazoa,Mollusca,Mollusca,Mytilida,Mytilidae,Mytilus,0,0,TRUE,ASV226,18,Mytilus trossulus
edna0145,ASV216,motu190,Mytilus trossulus,Bay mussel,species,NA,1,NA,1,NA,6,NA,NA,NA,NA,13,Mytilus trossulus,Bay mussel,2018_ssp_surface,ssp,beach_seine,2018-08-24,2018-08-24,2018,surface,1,edna_ssp_00,repeat-surface,biological,NA,NA,NA,NA,NA,NA,3.9,1000,0,51.67909247,-128.1153275,sand,y,455,se,seagrass,zostera,seagrass_sand,zostera_sand,100,3.2351099999999996e-158,309,Metazoa,Mollusca,Mollusca,Mytilida,Mytilidae,Mytilus,0,0,TRUE,ASV216,23,Mytilus trossulus
edna0145,ASV580,motu150,Pseudocalanus mimus,Calanoid copepod,species,NA,1,1,NA,NA,23,17,NA,NA,NA,NA,Pseudocalanus mimus,Calanoid copepod,2018_ssp_surface,ssp,beach_seine,2018-08-24,2018-08-24,2018,surface,1,edna_ssp_00,repeat-surface,biological,NA,NA,NA,NA,NA,NA,3.9,1000,0,51.67909247,-128.1153275,sand,y,455,se,seagrass,zostera,seagrass_sand,zostera_sand,99.67,9.19139e-154,301,Metazoa,Arthropoda,Copepoda,Calanoida,Clausocalanidae,Pseudocalanus,0,0,TRUE,ASV171,10,Pseudocalanus mimus
edna0145,ASV733,motu637,Phyllodocida,Polychaete,order,NA,1,NA,1,NA,2,NA,NA,NA,NA,7,Phyllodocida,Polychaete,2018_ssp_surface,ssp,beach_seine,2018-08-24,2018-08-24,2018,surface,1,edna_ssp_00,repeat-surface,biological,NA,NA,NA,NA,NA,NA,3.9,1000,0,51.67909247,-128.1153275,sand,y,455,se,seagrass,zostera,seagrass_sand,zostera_sand,100,0.0603188,28,Metazoa,Annelida,Annelida,Phyllodocida,NA,NA,0,0,TRUE,ASV733,1,NA
edna0145,ASV1228,motu71,Acartia (Acartiura) longiremis,Calanoid copepod,species,NA,1,NA,NA,NA,28,NA,NA,NA,NA,NA,Acartia (Acartiura) longiremis,Calanoid copepod,2018_ssp_surface,ssp,beach_seine,2018-08-24,2018-08-24,2018,surface,1,edna_ssp_00,repeat-surface,biological,NA,NA,NA,NA,NA,NA,3.9,1000,0,51.67909247,-128.1153275,sand,y,455,se,seagrass,zostera,seagrass_sand,zostera_sand,99.68,9.126599999999999e-159,310,Metazoa,Arthropoda,Copepoda,Calanoida,Acartiidae,Acartia,0,0,TRUE,ASV81,23,Acartia (Acartiura) longiremis
edna0145,ASV679,motu591,Phyllodocida,Polychaete,order,NA,1,NA,NA,NA,4,NA,NA,NA,NA,NA,Phyllodocida,Polychaete,2018_ssp_surface,ssp,beach_seine,2018-08-24,2018-08-24,2018,surface,1,edna_ssp_00,repeat-surface,biological,NA,NA,NA,NA,NA,NA,3.9,1000,0,51.67909247,-128.1153275,sand,y,455,se,seagrass,zostera,seagrass_sand,zostera_sand,100,0.0603188,28,Metazoa,Annelida,Annelida,Phyllodocida,NA,NA,0,0,TRUE,ASV679,1,NA
edna0145,ASV1492,motu1259,Membranipora membranacea,Coffin box bryozoan,species,NA,1,NA,NA,NA,12,NA,NA,NA,NA,NA,Membranipora membranacea,Coffin box bryozoan,2018_ssp_surface,ssp,beach_seine,2018-08-24,2018-08-24,2018,surface,1,edna_ssp_00,repeat-surface,biological,NA,NA,NA,NA,NA,NA,3.9,1000,0,51.67909247,-128.1153275,sand,y,455,se,seagrass,zostera,seagrass_sand,zostera_sand,100,9.252979999999995e-139,274,Metazoa,Bryozoa,Gymnolaemata,Cheilostomatida,Membraniporidae,Membranipora,0,0,TRUE,ASV1492,2,Membranipora membranacea
edna0145,ASV1808,motu1310,Metridia pacifica,Calanoid copepod,species,NA,1,NA,NA,NA,9,NA,NA,NA,NA,NA,Metridia pacifica,Calanoid copepod,2018_ssp_surface,ssp,beach_seine,2018-08-24,2018-08-24,2018,surface,1,edna_ssp_00,repeat-surface,biological,NA,NA,NA,NA,NA,NA,3.9,1000,0,51.67909247,-128.1153275,sand,y,455,se,seagrass,zostera,seagrass_sand,zostera_sand,100,1.96163e-160,313,Metazoa,Arthropoda,Copepoda,Calanoida,Metridinidae,Metridia,0,0,TRUE,ASV1555,6,Metridia pacifica
edna0145,ASV2517,motu2050,Pseudocalanus mimus,Calanoid copepod,species,NA,1,NA,NA,NA,13,NA,NA,NA,NA,NA,Pseudocalanus mimus,Calanoid copepod,2018_ssp_surface,ssp,beach_seine,2018-08-24,2018-08-24,2018,surface,1,edna_ssp_00,repeat-surface,biological,NA,NA,NA,NA,NA,NA,3.9,1000,0,51.67909247,-128.1153275,sand,y,455,se,seagrass,zostera,seagrass_sand,zostera_sand,98.68,9.256649999999999e-149,292,Metazoa,Arthropoda,Copepoda,Calanoida,Clausocalanidae,Pseudocalanus,0,0,TRUE,ASV2517,1,Pseudocalanus mimus
edna0145,ASV3473,motu2758,Staphylinidae,Hexapod,genus,NA,1,NA,NA,NA,3,NA,NA,NA,NA,NA,Staphylinidae,Hexapod,2018_ssp_surface,ssp,beach_seine,2018-08-24,2018-08-24,2018,surface,1,edna_ssp_00,repeat-surface,biological,NA,NA,NA,NA,NA,NA,3.9,1000,0,51.67909247,-128.1153275,sand,y,455,se,seagrass,zostera,seagrass_sand,zostera_sand,90.14,3.11539e-14,50,Metazoa,Arthropoda,Arthropoda,Coleoptera,Staphylinidae,Staphylinidae,NA,NA,TRUE,ASV3473,1,NA
edna0146,ASV536,motu470,Paracalanus parvus parvus,Calanoid copepod,species,NA,1,NA,NA,NA,5,NA,NA,NA,NA,NA,Paracalanus parvus parvus,Calanoid copepod,2018_ssp_surface,ssp,beach_seine,2018-08-24,2018-08-24,2018,surface,2,edna_ssp_15,repeat-surface,biological,10.9,32.09,7.93,10.5,32.7,7.92,3.8,1000,0,51.67894579,-128.115172,sand,y,455,se,seagrass,zostera,seagrass_sand,zostera_sand,100,1.17454e-132,263,Metazoa,Arthropoda,Copepoda,Calanoida,Paracalanidae,Paracalanus,0,0,TRUE,ASV536,6,Paracalanus parvus parvus
edna0146,ASV324,motu285,Paracalanus parvus parvus,Calanoid copepod,species,NA,1,NA,NA,NA,12,NA,NA,NA,NA,NA,Paracalanus parvus parvus,Calanoid copepod,2018_ssp_surface,ssp,beach_seine,2018-08-24,2018-08-24,2018,surface,2,edna_ssp_15,repeat-surface,biological,10.9,32.09,7.93,10.5,32.7,7.92,3.8,1000,0,51.67894579,-128.115172,sand,y,455,se,seagrass,zostera,seagrass_sand,zostera_sand,100,1.17454e-132,263,Metazoa,Arthropoda,Copepoda,Calanoida,Paracalanidae,Paracalanus,0,0,TRUE,ASV324,6,Paracalanus parvus parvus
edna0146,ASV616,motu537,Mitrocoma cellularia,Cross jelly,species,NA,1,NA,NA,NA,2,NA,NA,NA,NA,NA,Mitrocoma cellularia,Cross jelly,2018_ssp_surface,ssp,beach_seine,2018-08-24,2018-08-24,2018,surface,2,edna_ssp_15,repeat-surface,biological,10.9,32.09,7.93,10.5,32.7,7.92,3.8,1000,0,51.67894579,-128.115172,sand,y,455,se,seagrass,zostera,seagrass_sand,zostera_sand,100,1.4886099999999998e-156,306,Metazoa,Cnidaria,Hydrozoa,Leptothecata,Mitrocomidae,Mitrocoma,0,0,TRUE,ASV616,6,Mitrocoma cellularia
edna0146,ASV322,motu283,Dodecaceria,Cirratulid polychaete,genus,NA,1,NA,NA,NA,7,NA,NA,NA,NA,NA,Dodecaceria,Cirratulid polychaete,2018_ssp_surface,ssp,beach_seine,2018-08-24,2018-08-24,2018,surface,2,edna_ssp_15,repeat-surface,biological,10.9,32.09,7.93,10.5,32.7,7.92,3.8,1000,0,51.67894579,-128.115172,sand,y,455,se,seagrass,zostera,seagrass_sand,zostera_sand,100,1.96163e-160,313,Metazoa,Annelida,Polychaeta,Terebellida,Cirratulidae,Dodecaceria,0,0,TRUE,ASV322,5,NA
edna0146,ASV1384,motu1168,Membranipora membranacea,Coffin box bryozoan,species,NA,1,NA,NA,NA,11,NA,NA,NA,NA,NA,Membranipora membranacea,Coffin box bryozoan,2018_ssp_surface,ssp,beach_seine,2018-08-24,2018-08-24,2018,surface,2,edna_ssp_15,repeat-surface,biological,10.9,32.09,7.93,10.5,32.7,7.92,3.8,1000,0,51.67894579,-128.115172,sand,y,455,se,seagrass,zostera,seagrass_sand,zostera_sand,100,9.252979999999995e-139,274,Metazoa,Bryozoa,Gymnolaemata,Cheilostomatida,Membraniporidae,Membranipora,0,0,TRUE,ASV1384,2,Membranipora membranacea
edna0146,ASV1870,motu1556,Dodecaceria,Cirratulid polychaete,genus,NA,1,NA,NA,NA,4,NA,NA,NA,NA,NA,Dodecaceria,Cirratulid polychaete,2018_ssp_surface,ssp,beach_seine,2018-08-24,2018-08-24,2018,surface,2,edna_ssp_15,repeat-surface,biological,10.9,32.09,7.93,10.5,32.7,7.92,3.8,1000,0,51.67894579,-128.115172,sand,y,455,se,seagrass,zostera,seagrass_sand,zostera_sand,100,1.96163e-160,313,Metazoa,Annelida,Polychaeta,Terebellida,Cirratulidae,Dodecaceria,0,0,TRUE,ASV1870,5,NA
edna0146,ASV2407,motu643,Pseudocalanus mimus,Calanoid copepod,species,NA,1,NA,NA,NA,55,NA,NA,NA,NA,NA,Pseudocalanus mimus,Calanoid copepod,2018_ssp_surface,ssp,beach_seine,2018-08-24,2018-08-24,2018,surface,2,edna_ssp_15,repeat-surface,biological,10.9,32.09,7.93,10.5,32.7,7.92,3.8,1000,0,51.67894579,-128.115172,sand,y,455,se,seagrass,zostera,seagrass_sand,zostera_sand,100,1.18898e-152,299,Metazoa,Arthropoda,Copepoda,Calanoida,Clausocalanidae,Pseudocalanus,0,0,TRUE,ASV739,3,Pseudocalanus mimus
edna0146,ASV1603,motu1347,Armandia brevis,Opheliid polychaete,species,NA,1,NA,NA,NA,16,NA,NA,NA,NA,NA,Armandia brevis,Opheliid polychaete,2018_ssp_surface,ssp,beach_seine,2018-08-24,2018-08-24,2018,surface,2,edna_ssp_15,repeat-surface,biological,10.9,32.09,7.93,10.5,32.7,7.92,3.8,1000,0,51.67894579,-128.115172,sand,y,455,se,seagrass,zostera,seagrass_sand,zostera_sand,100,3.4804099999999994e-173,336,Metazoa,Annelida,Polychaeta,NA,Opheliidae,Armandia,0,0,TRUE,ASV1603,1,Armandia brevis
edna0146,ASV3534,motu2809,Polypogon,Hexapod,genus,NA,1,NA,NA,NA,5,NA,NA,NA,NA,NA,Polypogon,Hexapod,2018_ssp_surface,ssp,beach_seine,2018-08-24,2018-08-24,2018,surface,2,edna_ssp_15,repeat-surface,biological,10.9,32.09,7.93,10.5,32.7,7.92,3.8,1000,0,51.67894579,-128.115172,sand,y,455,se,seagrass,zostera,seagrass_sand,zostera_sand,95.12,6.79151e-6,35,Metazoa,Arthropoda,Arthropoda,Lepidoptera,Noctuoidea,Polypogon,NA,NA,TRUE,ASV3534,1,NA
edna0146,ASV3017,motu2432,Euphausia pacifica,North Pacific krill,species,NA,1,NA,NA,NA,4,NA,NA,NA,NA,NA,Euphausia pacifica,North Pacific krill,2018_ssp_surface,ssp,beach_seine,2018-08-24,2018-08-24,2018,surface,2,edna_ssp_15,repeat-surface,biological,10.9,32.09,7.93,10.5,32.7,7.92,3.8,1000,0,51.67894579,-128.115172,sand,y,455,se,seagrass,zostera,seagrass_sand,zostera_sand,100,3.2351099999999996e-158,309,Metazoa,Arthropoda,Malacostraca,Euphausiacea,Euphausiidae,Euphausia,0,0,TRUE,ASV3017,1,Euphausia pacifica
edna0146,ASV3252,motu2600,Manania handi,Stalked jellyfish,species,NA,1,NA,NA,NA,4,NA,NA,NA,NA,NA,Manania handi,Stalked jellyfish,2018_ssp_surface,ssp,beach_seine,2018-08-24,2018-08-24,2018,surface,2,edna_ssp_15,repeat-surface,biological,10.9,32.09,7.93,10.5,32.7,7.92,3.8,1000,0,51.67894579,-128.115172,sand,y,455,se,seagrass,zostera,seagrass_sand,zostera_sand,100,3.2351099999999996e-158,309,Metazoa,Cnidaria,Cnidaria,Stauromedusae,Haliclystidae,Manania,0,0,TRUE,ASV3252,2,Manania handi
edna0146,ASV2731,motu2213,Pachylaelapidae,Mite,genus,NA,1,NA,NA,NA,3,NA,NA,NA,NA,NA,Pachylaelapidae,Mite,2018_ssp_surface,ssp,beach_seine,2018-08-24,2018-08-24,2018,surface,2,edna_ssp_15,repeat-surface,biological,10.9,32.09,7.93,10.5,32.7,7.92,3.8,1000,0,51.67894579,-128.115172,sand,y,455,se,seagrass,zostera,seagrass_sand,zostera_sand,100,0.00408744,30,Metazoa,Arthropoda,Arthropoda,Mesostigmata,NA,Pachylaelapidae,NA,NA,TRUE,ASV2731,2,NA
edna0146,ASV2567,motu383,Pseudocalanus mimus,Calanoid copepod,species,NA,1,1,1,NA,48,34,NA,65,NA,59,Pseudocalanus mimus,Calanoid copepod,2018_ssp_surface,ssp,beach_seine,2018-08-24,2018-08-24,2018,surface,2,edna_ssp_15,repeat-surface,biological,10.9,32.09,7.93,10.5,32.7,7.92,3.8,1000,0,51.67894579,-128.115172,sand,y,455,se,seagrass,zostera,seagrass_sand,zostera_sand,99.34,4.27634e-152,298,Metazoa,Arthropoda,Copepoda,Calanoida,Clausocalanidae,Pseudocalanus,0,0,TRUE,ASV435,4,Pseudocalanus mimus
edna0146,ASV2643,motu2145,Manania handi,Stalked jellyfish,species,NA,1,NA,1,NA,4,NA,NA,NA,NA,5,Manania handi,Stalked jellyfish,2018_ssp_surface,ssp,beach_seine,2018-08-24,2018-08-24,2018,surface,2,edna_ssp_15,repeat-surface,biological,10.9,32.09,7.93,10.5,32.7,7.92,3.8,1000,0,51.67894579,-128.115172,sand,y,455,se,seagrass,zostera,seagrass_sand,zostera_sand,100,3.2351099999999996e-158,309,Metazoa,Cnidaria,Cnidaria,Stauromedusae,Haliclystidae,Manania,0,0,TRUE,ASV2643,1,Manania handi
edna0146,ASV3586,motu2841,Membranipora membranacea,Coffin box bryozoan,species,NA,1,1,NA,NA,7,6,NA,NA,NA,NA,Membranipora membranacea,Coffin box bryozoan,2018_ssp_surface,ssp,beach_seine,2018-08-24,2018-08-24,2018,surface,2,edna_ssp_15,repeat-surface,biological,10.9,32.09,7.93,10.5,32.7,7.92,3.8,1000,0,51.67894579,-128.115172,sand,y,455,se,seagrass,zostera,seagrass_sand,zostera_sand,99.64,7.2578e-140,276,Metazoa,Bryozoa,Gymnolaemata,Cheilostomatida,Membraniporidae,Membranipora,0,0,TRUE,ASV3586,2,Membranipora membranacea
edna0146,ASV6876,motu5349,Nutricola tantilla,Purple dwarf-venus,species,NA,1,NA,NA,NA,2,NA,NA,NA,NA,NA,Nutricola tantilla,Purple dwarf-venus,2018_ssp_surface,ssp,beach_seine,2018-08-24,2018-08-24,2018,surface,2,edna_ssp_15,repeat-surface,biological,10.9,32.09,7.93,10.5,32.7,7.92,3.8,1000,0,51.67894579,-128.115172,sand,y,455,se,seagrass,zostera,seagrass_sand,zostera_sand,93.59,1.6255099999999998e-126,252,Metazoa,Mollusca,Bivalvia,Venerida,Veneridae,Nutricola,0,0,TRUE,ASV6876,1,Nutricola tantilla
edna0147,ASV25,motu22,Acartia (Acartiura) longiremis,Calanoid copepod,species,NA,1,1,1,NA,34,25,61,44,NA,NA,Acartia (Acartiura) longiremis,Calanoid copepod,2018_ssp_surface,ssp,beach_seine,2018-08-24,2018-08-24,2018,surface,3,edna_ssp_30,repeat-surface,biological,NA,NA,NA,NA,NA,NA,3.9,1000,0,51.67882714,-128.114958,sand,y,455,se,seagrass,zostera,seagrass_sand,zostera_sand,100,1.96163e-160,313,Metazoa,Arthropoda,Copepoda,Calanoida,Acartiidae,Acartia,0,0,TRUE,ASV25,27,Acartia (Acartiura) longiremis
edna0147,ASV233,motu74,Euchlanidae,Rotifer,family,NA,1,NA,NA,NA,37,NA,NA,NA,NA,NA,No Results,No Results,2018_ssp_surface,ssp,beach_seine,2018-08-24,2018-08-24,2018,surface,3,edna_ssp_30,repeat-surface,biological,NA,NA,NA,NA,NA,NA,3.9,1000,0,51.67882714,-128.114958,sand,y,455,se,seagrass,zostera,seagrass_sand,zostera_sand,91.35,3.005919999999998e-29,77,Metazoa,Rotifera,Rotifera,Ploima,Euchlanidae,NA,1,NA,TRUE,ASV84,2,NA
edna0147,ASV452,motu183,Euchlanidae,Rotifer,family,NA,1,NA,NA,NA,39,NA,NA,NA,NA,NA,No Results,No Results,2018_ssp_surface,ssp,beach_seine,2018-08-24,2018-08-24,2018,surface,3,edna_ssp_30,repeat-surface,biological,NA,NA,NA,NA,NA,NA,3.9,1000,0,51.67882714,-128.114958,sand,y,455,se,seagrass,zostera,seagrass_sand,zostera_sand,91.35,3.005919999999998e-29,77,Metazoa,Rotifera,Rotifera,Ploima,Euchlanidae,NA,1,NA,TRUE,ASV208,2,NA
edna0147,ASV1006,motu281,Pseudocalanus newmani,Calanoid copepod,species,NA,1,NA,NA,NA,142,NA,NA,NA,NA,NA,Pseudocalanus newmani,Calanoid copepod,2018_ssp_surface,ssp,beach_seine,2018-08-24,2018-08-24,2018,surface,3,edna_ssp_30,repeat-surface,biological,NA,NA,NA,NA,NA,NA,3.9,1000,0,51.67882714,-128.114958,sand,y,455,se,seagrass,zostera,seagrass_sand,zostera_sand,99.68,9.126599999999999e-159,310,Metazoa,Arthropoda,Copepoda,Calanoida,Clausocalanidae,Pseudocalanus,0,0,TRUE,ASV320,6,Pseudocalanus newmani
edna0147,ASV1384,motu1168,Membranipora membranacea,Coffin box bryozoan,species,NA,1,NA,NA,NA,10,NA,NA,NA,NA,NA,Membranipora membranacea,Coffin box bryozoan,2018_ssp_surface,ssp,beach_seine,2018-08-24,2018-08-24,2018,surface,3,edna_ssp_30,repeat-surface,biological,NA,NA,NA,NA,NA,NA,3.9,1000,0,51.67882714,-128.114958,sand,y,455,se,seagrass,zostera,seagrass_sand,zostera_sand,100,9.252979999999995e-139,274,Metazoa,Bryozoa,Gymnolaemata,Cheilostomatida,Membraniporidae,Membranipora,0,0,TRUE,ASV1384,2,Membranipora membranacea
edna0147,ASV1870,motu1556,Dodecaceria,Cirratulid polychaete,genus,NA,1,NA,NA,NA,4,NA,NA,NA,NA,NA,Dodecaceria,Cirratulid polychaete,2018_ssp_surface,ssp,beach_seine,2018-08-24,2018-08-24,2018,surface,3,edna_ssp_30,repeat-surface,biological,NA,NA,NA,NA,NA,NA,3.9,1000,0,51.67882714,-128.114958,sand,y,455,se,seagrass,zostera,seagrass_sand,zostera_sand,100,1.96163e-160,313,Metazoa,Annelida,Polychaeta,Terebellida,Cirratulidae,Dodecaceria,0,0,TRUE,ASV1870,5,NA
edna0147,ASV1137,motu976,Metridia pacifica,Calanoid copepod,species,NA,1,NA,NA,NA,4,NA,NA,NA,NA,NA,Metridia pacifica,Calanoid copepod,2018_ssp_surface,ssp,beach_seine,2018-08-24,2018-08-24,2018,surface,3,edna_ssp_30,repeat-surface,biological,NA,NA,NA,NA,NA,NA,3.9,1000,0,51.67882714,-128.114958,sand,y,455,se,seagrass,zostera,seagrass_sand,zostera_sand,100,1.96163e-160,313,Metazoa,Arthropoda,Copepoda,Calanoida,Metridinidae,Metridia,0,0,TRUE,ASV1137,4,Metridia pacifica
edna0147,ASV3279,motu1208,Paracalanus,Calanoid copepod,genus,NA,1,NA,NA,NA,8,NA,NA,NA,NA,NA,Paracalanus,Calanoid copepod,2018_ssp_surface,ssp,beach_seine,2018-08-24,2018-08-24,2018,surface,3,edna_ssp_30,repeat-surface,biological,NA,NA,NA,NA,NA,NA,3.9,1000,0,51.67882714,-128.114958,sand,y,455,se,seagrass,zostera,seagrass_sand,zostera_sand,98.68,1.14987e-147,290,Metazoa,Arthropoda,Arthropoda,Calanoida,Paracalanidae,Paracalanus,0,0,TRUE,ASV1431,2,NA
edna0147,ASV2491,motu2028,Mytilus,Mussel species,genus,NA,1,NA,1,NA,5,NA,NA,NA,NA,11,Mytilus,Mussel species,2018_ssp_surface,ssp,beach_seine,2018-08-24,2018-08-24,2018,surface,3,edna_ssp_30,repeat-surface,biological,NA,NA,NA,NA,NA,NA,3.9,1000,0,51.67882714,-128.114958,sand,y,455,se,seagrass,zostera,seagrass_sand,zostera_sand,100,3.2351099999999996e-158,309,Metazoa,Mollusca,Mollusca,Mytilida,Mytilidae,Mytilus,0,0,TRUE,ASV2491,3,NA
edna0147,ASV2150,motu1772,Synchaeta grimpei,Rotifer,species,NA,1,1,1,NA,6,4,NA,NA,NA,22,Synchaeta grimpei,Rotifer,2018_ssp_surface,ssp,beach_seine,2018-08-24,2018-08-24,2018,surface,3,edna_ssp_30,repeat-surface,biological,NA,NA,NA,NA,NA,NA,3.9,1000,0,51.67882714,-128.114958,sand,y,455,se,seagrass,zostera,seagrass_sand,zostera_sand,91.45,4.459999999999999e-112,226,Metazoa,Rotifera,Eurotatoria,Ploima,Synchaetidae,Synchaeta,0,0,TRUE,ASV2150,2,Synchaeta grimpei
edna0147,ASV3252,motu2600,Manania handi,Stalked jellyfish,species,NA,1,NA,NA,NA,3,NA,NA,NA,NA,NA,Manania handi,Stalked jellyfish,2018_ssp_surface,ssp,beach_seine,2018-08-24,2018-08-24,2018,surface,3,edna_ssp_30,repeat-surface,biological,NA,NA,NA,NA,NA,NA,3.9,1000,0,51.67882714,-128.114958,sand,y,455,se,seagrass,zostera,seagrass_sand,zostera_sand,100,3.2351099999999996e-158,309,Metazoa,Cnidaria,Cnidaria,Stauromedusae,Haliclystidae,Manania,0,0,TRUE,ASV3252,2,Manania handi
edna0091,ASV34,motu31,Centropages abdominalis,Calanoid copepod,species,NA,1,NA,1,NA,15,NA,16,NA,NA,21,Centropages abdominalis,Calanoid copepod,2018_west_depth,west,kelp,2018-07-17,NA,2018,depth,2,edna_west_00,depth,biological,11,31.87,8.02,NA,NA,NA,5.4,1000,0,NA,NA,NA,NA,NA,NA,NA,NA,NA_NA,NA_NA,100,1.96163e-160,313,Metazoa,Arthropoda,Copepoda,Calanoida,Centropagidae,Centropages,0,0,TRUE,ASV34,19,Centropages abdominalis
edna0091,ASV171,motu150,Pseudocalanus mimus,Calanoid copepod,species,NA,1,NA,NA,NA,4,NA,NA,NA,NA,NA,Pseudocalanus mimus,Calanoid copepod,2018_west_depth,west,kelp,2018-07-17,NA,2018,depth,2,edna_west_00,depth,biological,11,31.87,8.02,NA,NA,NA,5.4,1000,0,NA,NA,NA,NA,NA,NA,NA,NA,NA_NA,NA_NA,99.67,9.19139e-154,301,Metazoa,Arthropoda,Copepoda,Calanoida,Clausocalanidae,Pseudocalanus,0,0,TRUE,ASV171,10,Pseudocalanus mimus
edna0091,ASV452,motu183,Euchlanidae,Rotifer,family,NA,1,NA,NA,NA,35,NA,NA,NA,NA,NA,No Results,No Results,2018_west_depth,west,kelp,2018-07-17,NA,2018,depth,2,edna_west_00,depth,biological,11,31.87,8.02,NA,NA,NA,5.4,1000,0,NA,NA,NA,NA,NA,NA,NA,NA,NA_NA,NA_NA,91.35,3.005919999999998e-29,77,Metazoa,Rotifera,Rotifera,Ploima,Euchlanidae,NA,1,NA,TRUE,ASV208,2,NA
edna0091,ASV750,motu654,Orobdella,Freshwater leech,genus,NA,1,NA,1,NA,6,NA,NA,7,NA,NA,Orobdella,Freshwater leech,2018_west_depth,west,kelp,2018-07-17,NA,2018,depth,2,edna_west_00,depth,biological,11,31.87,8.02,NA,NA,NA,5.4,1000,0,NA,NA,NA,NA,NA,NA,NA,NA,NA_NA,NA_NA,97.06,0.00121031,31,Metazoa,Annelida,Annelida,Erpobdelliformes,Orobdellidae,Orobdella,NA,NA,TRUE,ASV750,1,NA
edna0091,ASV1187,motu1015,Balanus,Barnacle species,genus,NA,1,NA,NA,NA,12,NA,NA,NA,NA,NA,Balanus,Barnacle species,2018_west_depth,west,kelp,2018-07-17,NA,2018,depth,2,edna_west_00,depth,biological,11,31.87,8.02,NA,NA,NA,5.4,1000,0,NA,NA,NA,NA,NA,NA,NA,NA,NA_NA,NA_NA,100,1.4886099999999998e-156,306,Metazoa,Arthropoda,Arthropoda,Balanomorpha,Balanidae,Balanus,0,0,TRUE,ASV1187,5,NA
edna0091,ASV1492,motu1259,Membranipora membranacea,Coffin box bryozoan,species,NA,1,NA,NA,NA,9,NA,NA,NA,NA,NA,Membranipora membranacea,Coffin box bryozoan,2018_west_depth,west,kelp,2018-07-17,NA,2018,depth,2,edna_west_00,depth,biological,11,31.87,8.02,NA,NA,NA,5.4,1000,0,NA,NA,NA,NA,NA,NA,NA,NA,NA_NA,NA_NA,100,9.252979999999995e-139,274,Metazoa,Bryozoa,Gymnolaemata,Cheilostomatida,Membraniporidae,Membranipora,0,0,TRUE,ASV1492,2,Membranipora membranacea
edna0091,ASV3447,motu128,Centropages abdominalis,Calanoid copepod,species,NA,1,NA,NA,NA,13,NA,NA,NA,NA,NA,Centropages abdominalis,Calanoid copepod,2018_west_depth,west,kelp,2018-07-17,NA,2018,depth,2,edna_west_00,depth,biological,11,31.87,8.02,NA,NA,NA,5.4,1000,0,NA,NA,NA,NA,NA,NA,NA,NA,NA_NA,NA_NA,99.68,9.126599999999999e-159,310,Metazoa,Arthropoda,Copepoda,Calanoida,Centropagidae,Centropages,0,0,TRUE,ASV143,11,Centropages abdominalis
edna0091,ASV3696,motu2919,Phacellophora camtschatica,Fried egg jellyfish,species,NA,1,NA,NA,NA,2,NA,NA,NA,NA,NA,Phacellophora camtschatica,Fried egg jellyfish,2018_west_depth,west,kelp,2018-07-17,NA,2018,depth,2,edna_west_00,depth,biological,11,31.87,8.02,NA,NA,NA,5.4,1000,0,NA,NA,NA,NA,NA,NA,NA,NA,NA_NA,NA_NA,100,1.96163e-160,313,Metazoa,Cnidaria,Scyphozoa,Semaeostomeae,Phacellophoridae,Phacellophora,0,0,TRUE,ASV3696,1,Phacellophora camtschatica
edna0091,ASV2490,motu2027,Phacellophora camtschatica,Fried egg jellyfish,species,NA,1,NA,NA,NA,4,NA,NA,NA,NA,NA,Phacellophora camtschatica,Fried egg jellyfish,2018_west_depth,west,kelp,2018-07-17,NA,2018,depth,2,edna_west_00,depth,biological,11,31.87,8.02,NA,NA,NA,5.4,1000,0,NA,NA,NA,NA,NA,NA,NA,NA,NA_NA,NA_NA,100,1.96163e-160,313,Metazoa,Cnidaria,Scyphozoa,Semaeostomeae,Phacellophoridae,Phacellophora,0,0,TRUE,ASV2490,1,Phacellophora camtschatica
edna0091,ASV6219,motu1178,Evadne nordmanni,Predatory water flea species,species,NA,1,NA,NA,NA,2,NA,NA,NA,NA,NA,Evadne nordmanni,Predatory water flea species,2018_west_depth,west,kelp,2018-07-17,NA,2018,depth,2,edna_west_00,depth,biological,11,31.87,8.02,NA,NA,NA,5.4,1000,0,NA,NA,NA,NA,NA,NA,NA,NA,NA_NA,NA_NA,100,2.0011299999999987e-160,313,Metazoa,Arthropoda,Branchiopoda,Onychopoda,Podonidae,Evadne,0,0,TRUE,ASV1396,2,Evadne nordmanni
edna0100,ASV343,motu303,Pseudocalanus mimus,Calanoid copepod,species,NA,1,NA,NA,NA,9,NA,NA,NA,NA,NA,Pseudocalanus mimus,Calanoid copepod,2018_koe3_surface,koe3,beach_seine,2018-07-20,2018-07-18,2018,surface,1,edna_koe3_00,surface,biological,13.6,25.71,7.96,11.2,30.41,7.98,2.2,1000,0,51.77589222,-127.8794255,sand,n,90,p,macroalgae,nereocystis,macroalgae_sand,nereocystis_sand,99.67,9.19139e-154,301,Metazoa,Arthropoda,Copepoda,Calanoida,Clausocalanidae,Pseudocalanus,0,0,TRUE,ASV343,11,Pseudocalanus mimus
edna0100,ASV233,motu74,Euchlanidae,Rotifer,family,NA,1,NA,1,NA,46,NA,NA,89,NA,NA,No Results,No Results,2018_koe3_surface,koe3,beach_seine,2018-07-20,2018-07-18,2018,surface,1,edna_koe3_00,surface,biological,13.6,25.71,7.96,11.2,30.41,7.98,2.2,1000,0,51.77589222,-127.8794255,sand,n,90,p,macroalgae,nereocystis,macroalgae_sand,nereocystis_sand,91.35,3.005919999999998e-29,77,Metazoa,Rotifera,Rotifera,Ploima,Euchlanidae,NA,1,NA,TRUE,ASV84,2,NA
edna0100,ASV452,motu183,Euchlanidae,Rotifer,family,NA,1,NA,NA,NA,41,NA,NA,NA,NA,NA,No Results,No Results,2018_koe3_surface,koe3,beach_seine,2018-07-20,2018-07-18,2018,surface,1,edna_koe3_00,surface,biological,13.6,25.71,7.96,11.2,30.41,7.98,2.2,1000,0,51.77589222,-127.8794255,sand,n,90,p,macroalgae,nereocystis,macroalgae_sand,nereocystis_sand,91.35,3.005919999999998e-29,77,Metazoa,Rotifera,Rotifera,Ploima,Euchlanidae,NA,1,NA,TRUE,ASV208,2,NA
edna0100,ASV536,motu470,Paracalanus parvus parvus,Calanoid copepod,species,NA,1,NA,NA,NA,34,NA,NA,NA,NA,NA,Paracalanus parvus parvus,Calanoid copepod,2018_koe3_surface,koe3,beach_seine,2018-07-20,2018-07-18,2018,surface,1,edna_koe3_00,surface,biological,13.6,25.71,7.96,11.2,30.41,7.98,2.2,1000,0,51.77589222,-127.8794255,sand,n,90,p,macroalgae,nereocystis,macroalgae_sand,nereocystis_sand,100,1.17454e-132,263,Metazoa,Arthropoda,Copepoda,Calanoida,Paracalanidae,Paracalanus,0,0,TRUE,ASV536,6,Paracalanus parvus parvus
edna0100,ASV616,motu537,Mitrocoma cellularia,Cross jelly,species,NA,1,NA,NA,NA,6,NA,NA,NA,NA,NA,Mitrocoma cellularia,Cross jelly,2018_koe3_surface,koe3,beach_seine,2018-07-20,2018-07-18,2018,surface,1,edna_koe3_00,surface,biological,13.6,25.71,7.96,11.2,30.41,7.98,2.2,1000,0,51.77589222,-127.8794255,sand,n,90,p,macroalgae,nereocystis,macroalgae_sand,nereocystis_sand,100,1.4886099999999998e-156,306,Metazoa,Cnidaria,Hydrozoa,Leptothecata,Mitrocomidae,Mitrocoma,0,0,TRUE,ASV616,6,Mitrocoma cellularia
edna0100,ASV377,motu334,Synchaeta pectinata,Rotifer,species,NA,1,1,1,NA,28,19,24,52,NA,42,Synchaeta pectinata,Rotifer,2018_koe3_surface,koe3,beach_seine,2018-07-20,2018-07-18,2018,surface,1,edna_koe3_00,surface,biological,13.6,25.71,7.96,11.2,30.41,7.98,2.2,1000,0,51.77589222,-127.8794255,sand,n,90,p,macroalgae,nereocystis,macroalgae_sand,nereocystis_sand,90.48,1.6452299999999999e-111,225,Metazoa,Rotifera,Eurotatoria,Ploima,Synchaetidae,Synchaeta,0,0,TRUE,ASV377,5,Synchaeta pectinata
edna0100,ASV632,motu22,Acartia (Acartiura) longiremis,Calanoid copepod,species,NA,1,NA,1,NA,51,NA,NA,NA,NA,77,Acartia (Acartiura) longiremis,Calanoid copepod,2018_koe3_surface,koe3,beach_seine,2018-07-20,2018-07-18,2018,surface,1,edna_koe3_00,surface,biological,13.6,25.71,7.96,11.2,30.41,7.98,2.2,1000,0,51.77589222,-127.8794255,sand,n,90,p,macroalgae,nereocystis,macroalgae_sand,nereocystis_sand,99.68,9.126599999999999e-159,310,Metazoa,Arthropoda,Copepoda,Calanoida,Acartiidae,Acartia,0,0,TRUE,ASV25,27,Acartia (Acartiura) longiremis
edna0100,ASV1006,motu281,Pseudocalanus newmani,Calanoid copepod,species,NA,1,NA,NA,NA,55,NA,NA,NA,NA,NA,Pseudocalanus newmani,Calanoid copepod,2018_koe3_surface,koe3,beach_seine,2018-07-20,2018-07-18,2018,surface,1,edna_koe3_00,surface,biological,13.6,25.71,7.96,11.2,30.41,7.98,2.2,1000,0,51.77589222,-127.8794255,sand,n,90,p,macroalgae,nereocystis,macroalgae_sand,nereocystis_sand,99.68,9.126599999999999e-159,310,Metazoa,Arthropoda,Copepoda,Calanoida,Clausocalanidae,Pseudocalanus,0,0,TRUE,ASV320,6,Pseudocalanus newmani
edna0100,ASV647,motu560,Synchaeta triophthalma,Rotifer,species,NA,1,1,1,NA,7,3,10,4,NA,21,Synchaeta triophthalma,Rotifer,2018_koe3_surface,koe3,beach_seine,2018-07-20,2018-07-18,2018,surface,1,edna_koe3_00,surface,biological,13.6,25.71,7.96,11.2,30.41,7.98,2.2,1000,0,51.77589222,-127.8794255,sand,n,90,p,macroalgae,nereocystis,macroalgae_sand,nereocystis_sand,91.99,3.511259999999999e-118,237,Metazoa,Rotifera,Eurotatoria,Ploima,Synchaetidae,Synchaeta,0,0,TRUE,ASV647,4,Synchaeta triophthalma
edna0100,ASV966,motu213,Balanus glandula,Acorn barnacle,species,NA,1,NA,NA,NA,30,NA,NA,NA,NA,NA,Balanus glandula,Acorn barnacle,2018_koe3_surface,koe3,beach_seine,2018-07-20,2018-07-18,2018,surface,1,edna_koe3_00,surface,biological,13.6,25.71,7.96,11.2,30.41,7.98,2.2,1000,0,51.77589222,-127.8794255,sand,n,90,p,macroalgae,nereocystis,macroalgae_sand,nereocystis_sand,99.68,1.5051499999999994e-156,306,Metazoa,Arthropoda,Thecostraca,Balanomorpha,Balanidae,Balanus,0,0,TRUE,ASV242,15,Balanus glandula
edna0100,ASV2518,motu2051,Chaetognatha,Arrow worm,phylum,NA,1,NA,NA,NA,12,NA,NA,NA,NA,NA,Chaetognatha,Arrow worm,2018_koe3_surface,koe3,beach_seine,2018-07-20,2018-07-18,2018,surface,1,edna_koe3_00,surface,biological,13.6,25.71,7.96,11.2,30.41,7.98,2.2,1000,0,51.77589222,-127.8794255,sand,n,90,p,macroalgae,nereocystis,macroalgae_sand,nereocystis_sand,96.52,1.6192399999999998e-86,180,Metazoa,Chaetognatha,NA,NA,NA,NA,0,0,TRUE,ASV2518,1,NA
edna0100,ASV2076,motu1716,Protodorvillea gracilis,Dorvilleid polychaete,species,NA,1,NA,NA,NA,2,NA,NA,NA,NA,NA,Protodorvillea gracilis,Dorvilleid polychaete,2018_koe3_surface,koe3,beach_seine,2018-07-20,2018-07-18,2018,surface,1,edna_koe3_00,surface,biological,13.6,25.71,7.96,11.2,30.41,7.98,2.2,1000,0,51.77589222,-127.8794255,sand,n,90,p,macroalgae,nereocystis,macroalgae_sand,nereocystis_sand,99.67,2.5555499999999983e-154,302,Metazoa,Annelida,Polychaeta,Eunicida,Dorvilleidae,Protodorvillea,0,0,TRUE,ASV2076,1,Protodorvillea gracilis
edna0100,ASV2426,motu1978,Paleanotus bellis,Golden petal worm,species,NA,1,NA,NA,NA,10,NA,NA,NA,NA,NA,Paleanotus bellis,Golden petal worm,2018_koe3_surface,koe3,beach_seine,2018-07-20,2018-07-18,2018,surface,1,edna_koe3_00,surface,biological,13.6,25.71,7.96,11.2,30.41,7.98,2.2,1000,0,51.77589222,-127.8794255,sand,n,90,p,macroalgae,nereocystis,macroalgae_sand,nereocystis_sand,100,3.2351099999999996e-158,309,Metazoa,Annelida,Polychaeta,Phyllodocida,Chrysopetalidae,Paleanotus,0,0,TRUE,ASV2426,2,Paleanotus bellis
edna0100,ASV3605,motu2855,Paracalanus,Calanoid copepod,genus,NA,1,NA,NA,NA,32,NA,NA,NA,NA,NA,Paracalanus,Calanoid copepod,2018_koe3_surface,koe3,beach_seine,2018-07-20,2018-07-18,2018,surface,1,edna_koe3_00,surface,biological,13.6,25.71,7.96,11.2,30.41,7.98,2.2,1000,0,51.77589222,-127.8794255,sand,n,90,p,macroalgae,nereocystis,macroalgae_sand,nereocystis_sand,99.68,1.172079999999999e-157,308,Metazoa,Arthropoda,Arthropoda,Calanoida,Paracalanidae,Paracalanus,0,0,TRUE,ASV3605,1,NA
edna0100,ASV3245,motu2595,Corophiidae,Amphipod,family,NA,1,NA,NA,NA,24,NA,NA,NA,NA,NA,Corophiidae,Amphipod,2018_koe3_surface,koe3,beach_seine,2018-07-20,2018-07-18,2018,surface,1,edna_koe3_00,surface,biological,13.6,25.71,7.96,11.2,30.41,7.98,2.2,1000,0,51.77589222,-127.8794255,sand,n,90,p,macroalgae,nereocystis,macroalgae_sand,nereocystis_sand,99.36,4.246189999999999e-157,307,Metazoa,Arthropoda,Malacostraca,Amphipoda,Corophiidae,NA,0,0,TRUE,ASV3245,2,NA
edna0100,ASV2006,motu1662,Haliclona,Sponge,genus,NA,1,NA,NA,NA,3,NA,NA,NA,NA,NA,Haliclona,Sponge,2018_koe3_surface,koe3,beach_seine,2018-07-20,2018-07-18,2018,surface,1,edna_koe3_00,surface,biological,13.6,25.71,7.96,11.2,30.41,7.98,2.2,1000,0,51.77589222,-127.8794255,sand,n,90,p,macroalgae,nereocystis,macroalgae_sand,nereocystis_sand,97.02,2.5067099999999998e-139,275,Metazoa,Porifera,Demospongiae,Haplosclerida,Chalinidae,Haliclona,0,0,TRUE,ASV2006,1,NA
edna0100,ASV2376,motu1949,Euphausia pacifica,North Pacific krill,species,NA,1,1,1,NA,8,4,NA,NA,NA,10,Euphausia pacifica,North Pacific krill,2018_koe3_surface,koe3,beach_seine,2018-07-20,2018-07-18,2018,surface,1,edna_koe3_00,surface,biological,13.6,25.71,7.96,11.2,30.41,7.98,2.2,1000,0,51.77589222,-127.8794255,sand,n,90,p,macroalgae,nereocystis,macroalgae_sand,nereocystis_sand,100,3.2351099999999996e-158,309,Metazoa,Arthropoda,Malacostraca,Euphausiacea,Euphausiidae,Euphausia,0,0,TRUE,ASV2376,1,Euphausia pacifica
edna0100,ASV2757,motu2230,Diplostomida,Flatworm,order,NA,1,NA,1,NA,4,NA,NA,NA,NA,3,Diplostomida,Flatworm,2018_koe3_surface,koe3,beach_seine,2018-07-20,2018-07-18,2018,surface,1,edna_koe3_00,surface,biological,13.6,25.71,7.96,11.2,30.41,7.98,2.2,1000,0,51.77589222,-127.8794255,sand,n,90,p,macroalgae,nereocystis,macroalgae_sand,nereocystis_sand,96.88,0.0144888,29,Metazoa,Platyhelminthes,Platyhelminthes,Diplostomida,NA,NA,0,0,TRUE,ASV2757,1,NA
edna0100,ASV1698,motu1419,Aurelia labiata,Moon jelly species,species,NA,1,NA,1,NA,14,NA,67,NA,NA,NA,Aurelia labiata,Moon jelly species,2018_koe3_surface,koe3,beach_seine,2018-07-20,2018-07-18,2018,surface,1,edna_koe3_00,surface,biological,13.6,25.71,7.96,11.2,30.41,7.98,2.2,1000,0,51.77589222,-127.8794255,sand,n,90,p,macroalgae,nereocystis,macroalgae_sand,nereocystis_sand,99.36,4.246189999999999e-157,307,Metazoa,Cnidaria,Scyphozoa,Semaeostomeae,Ulmaridae,Aurelia,0,0,TRUE,ASV1698,4,Aurelia labiata
edna0100,ASV2056,motu1702,Corophiidae,Amphipod,family,NA,1,NA,1,NA,21,NA,17,NA,NA,NA,Corophiidae,Amphipod,2018_koe3_surface,koe3,beach_seine,2018-07-20,2018-07-18,2018,surface,1,edna_koe3_00,surface,biological,13.6,25.71,7.96,11.2,30.41,7.98,2.2,1000,0,51.77589222,-127.8794255,sand,n,90,p,macroalgae,nereocystis,macroalgae_sand,nereocystis_sand,98.71,1.1804e-152,299,Metazoa,Arthropoda,Malacostraca,Amphipoda,Corophiidae,NA,0,0,TRUE,ASV2056,1,NA
edna0100,ASV3978,motu1890,Braconidae,Hexapod,family,NA,1,NA,NA,NA,21,NA,NA,NA,NA,NA,Insecta,Hexapod,2018_koe3_surface,koe3,beach_seine,2018-07-20,2018-07-18,2018,surface,1,edna_koe3_00,surface,biological,13.6,25.71,7.96,11.2,30.41,7.98,2.2,1000,0,51.77589222,-127.8794255,sand,n,90,p,macroalgae,nereocystis,macroalgae_sand,nereocystis_sand,90.2,6.41781e-46,107,Metazoa,Arthropoda,Arthropoda,Hymenoptera,Braconidae,NA,NA,NA,TRUE,ASV2296,3,NA
edna0100,ASV3808,motu2995,Lottia paradigitalis,Boreal limpet,species,NA,1,1,NA,NA,5,7,NA,NA,NA,NA,Lottia paradigitalis,Boreal limpet,2018_koe3_surface,koe3,beach_seine,2018-07-20,2018-07-18,2018,surface,1,edna_koe3_00,surface,biological,13.6,25.71,7.96,11.2,30.41,7.98,2.2,1000,0,51.77589222,-127.8794255,sand,n,90,p,macroalgae,nereocystis,macroalgae_sand,nereocystis_sand,100,1.96163e-160,313,Metazoa,Mollusca,Gastropoda,NA,Lottiidae,Lottia,0,0,TRUE,ASV3808,2,Lottia paradigitalis
edna0100,ASV1680,motu1405,Aurelia,Moon jelly species,genus,NA,1,NA,1,NA,24,NA,77,51,NA,19,Aurelia,Moon jelly species,2018_koe3_surface,koe3,beach_seine,2018-07-20,2018-07-18,2018,surface,1,edna_koe3_00,surface,biological,13.6,25.71,7.96,11.2,30.41,7.98,2.2,1000,0,51.77589222,-127.8794255,sand,n,90,p,macroalgae,nereocystis,macroalgae_sand,nereocystis_sand,100,1.96163e-160,313,Metazoa,Cnidaria,Cnidaria,Semaeostomeae,Ulmaridae,Aurelia,0,0,TRUE,ASV1680,1,NA
edna0100,ASV5366,motu4119,Raspailiidae,Sponge,family,NA,1,NA,NA,NA,5,NA,NA,NA,NA,NA,Raspailiidae,Sponge,2018_koe3_surface,koe3,beach_seine,2018-07-20,2018-07-18,2018,surface,1,edna_koe3_00,surface,biological,13.6,25.71,7.96,11.2,30.41,7.98,2.2,1000,0,51.77589222,-127.8794255,sand,n,90,p,macroalgae,nereocystis,macroalgae_sand,nereocystis_sand,90.08,1.0616999999999999e-33,85,Metazoa,Porifera,Porifera,Axinellida,Raspailiidae,NA,0,0,TRUE,ASV5366,1,NA
edna0100,ASV6422,motu4969,Lottia,Limpet,genus,NA,1,NA,NA,NA,4,NA,NA,NA,NA,NA,Lottia,Limpet,2018_koe3_surface,koe3,beach_seine,2018-07-20,2018-07-18,2018,surface,1,edna_koe3_00,surface,biological,13.6,25.71,7.96,11.2,30.41,7.98,2.2,1000,0,51.77589222,-127.8794255,sand,n,90,p,macroalgae,nereocystis,macroalgae_sand,nereocystis_sand,100,0.053939,28,Metazoa,Mollusca,Mollusca,NA,Lottiidae,Lottia,0,0,TRUE,ASV6422,1,NA
edna0100,ASV6894,motu3607,Lottia paradigitalis,Boreal limpet,species,NA,1,NA,NA,NA,9,NA,NA,NA,NA,NA,Lottia paradigitalis,Boreal limpet,2018_koe3_surface,koe3,beach_seine,2018-07-20,2018-07-18,2018,surface,1,edna_koe3_00,surface,biological,13.6,25.71,7.96,11.2,30.41,7.98,2.2,1000,0,51.77589222,-127.8794255,sand,n,90,p,macroalgae,nereocystis,macroalgae_sand,nereocystis_sand,100,7.171369999999997e-160,312,Metazoa,Mollusca,Gastropoda,NA,Lottiidae,Lottia,0,0,TRUE,ASV4648,2,Lottia paradigitalis
edna0100,ASV7253,motu5659,Pygospio elegans,Spionid polychaete,species,NA,1,NA,NA,NA,3,NA,NA,NA,NA,NA,Pygospio elegans,Spionid polychaete,2018_koe3_surface,koe3,beach_seine,2018-07-20,2018-07-18,2018,surface,1,edna_koe3_00,surface,biological,13.6,25.71,7.96,11.2,30.41,7.98,2.2,1000,0,51.77589222,-127.8794255,sand,n,90,p,macroalgae,nereocystis,macroalgae_sand,nereocystis_sand,100,1.5856299999999996e-141,279,Metazoa,Annelida,Polychaeta,Spionida,Spionidae,Pygospio,0,0,TRUE,ASV7253,1,Pygospio elegans
edna0100,ASV7450,motu5833,Cucumaria miniata,Red sea cucumber,species,NA,1,NA,NA,NA,2,NA,NA,NA,NA,NA,Cucumaria miniata,Red sea cucumber,2018_koe3_surface,koe3,beach_seine,2018-07-20,2018-07-18,2018,surface,1,edna_koe3_00,surface,biological,13.6,25.71,7.96,11.2,30.41,7.98,2.2,1000,0,51.77589222,-127.8794255,sand,n,90,p,macroalgae,nereocystis,macroalgae_sand,nereocystis_sand,100,1.5185799999999992e-156,306,Metazoa,Echinodermata,Holothuroidea,Dendrochirotida,Cucumariidae,Cucumaria,0,0,TRUE,ASV7450,1,Cucumaria miniata
edna0148,ASV34,motu31,Centropages abdominalis,Calanoid copepod,species,NA,1,NA,1,NA,6,NA,21,9,NA,23,Centropages abdominalis,Calanoid copepod,2018_choked-grid_surface,choked grid,seagrass_grid,2018-08-24,NA,2018,surface,1,choked_grid_a1,grid,biological,NA,NA,NA,NA,NA,NA,7,1000,0,51.6749926,-128.1202263,sand,NA,NA,NA,seagrass,zostera,seagrass_sand,zostera_sand,100,1.96163e-160,313,Metazoa,Arthropoda,Copepoda,Calanoida,Centropagidae,Centropages,0,0,TRUE,ASV34,19,Centropages abdominalis
edna0148,ASV143,motu128,Centropages abdominalis,Calanoid copepod,species,NA,1,NA,NA,NA,7,NA,NA,NA,NA,NA,Centropages abdominalis,Calanoid copepod,2018_choked-grid_surface,choked grid,seagrass_grid,2018-08-24,NA,2018,surface,1,choked_grid_a1,grid,biological,NA,NA,NA,NA,NA,NA,7,1000,0,51.6749926,-128.1202263,sand,NA,NA,NA,seagrass,zostera,seagrass_sand,zostera_sand,100,1.96163e-160,313,Metazoa,Arthropoda,Copepoda,Calanoida,Centropagidae,Centropages,0,0,TRUE,ASV143,11,Centropages abdominalis
edna0148,ASV536,motu470,Paracalanus parvus parvus,Calanoid copepod,species,NA,1,NA,1,NA,13,NA,9,15,NA,NA,Paracalanus parvus parvus,Calanoid copepod,2018_choked-grid_surface,choked grid,seagrass_grid,2018-08-24,NA,2018,surface,1,choked_grid_a1,grid,biological,NA,NA,NA,NA,NA,NA,7,1000,0,51.6749926,-128.1202263,sand,NA,NA,NA,seagrass,zostera,seagrass_sand,zostera_sand,100,1.17454e-132,263,Metazoa,Arthropoda,Copepoda,Calanoida,Paracalanidae,Paracalanus,0,0,TRUE,ASV536,6,Paracalanus parvus parvus
edna0148,ASV679,motu591,Phyllodocida,Polychaete,order,NA,1,NA,1,NA,12,NA,NA,5,NA,NA,Phyllodocida,Polychaete,2018_choked-grid_surface,choked grid,seagrass_grid,2018-08-24,NA,2018,surface,1,choked_grid_a1,grid,biological,NA,NA,NA,NA,NA,NA,7,1000,0,51.6749926,-128.1202263,sand,NA,NA,NA,seagrass,zostera,seagrass_sand,zostera_sand,100,0.0603188,28,Metazoa,Annelida,Annelida,Phyllodocida,NA,NA,0,0,TRUE,ASV679,1,NA
edna0148,ASV1384,motu1168,Membranipora membranacea,Coffin box bryozoan,species,NA,1,NA,NA,NA,24,NA,NA,NA,NA,NA,Membranipora membranacea,Coffin box bryozoan,2018_choked-grid_surface,choked grid,seagrass_grid,2018-08-24,NA,2018,surface,1,choked_grid_a1,grid,biological,NA,NA,NA,NA,NA,NA,7,1000,0,51.6749926,-128.1202263,sand,NA,NA,NA,seagrass,zostera,seagrass_sand,zostera_sand,100,9.252979999999995e-139,274,Metazoa,Bryozoa,Gymnolaemata,Cheilostomatida,Membraniporidae,Membranipora,0,0,TRUE,ASV1384,2,Membranipora membranacea
edna0148,ASV1546,motu1303,Chaetognatha,Arrow worm,phylum,NA,1,NA,NA,NA,7,NA,NA,NA,NA,NA,Chaetognatha,Arrow worm,2018_choked-grid_surface,choked grid,seagrass_grid,2018-08-24,NA,2018,surface,1,choked_grid_a1,grid,biological,NA,NA,NA,NA,NA,NA,7,1000,0,51.6749926,-128.1202263,sand,NA,NA,NA,seagrass,zostera,seagrass_sand,zostera_sand,95.02,1.63074e-81,171,Metazoa,Chaetognatha,NA,NA,NA,NA,0,0,TRUE,ASV1546,2,NA
edna0148,ASV1492,motu1259,Membranipora membranacea,Coffin box bryozoan,species,NA,1,NA,NA,NA,33,NA,NA,NA,NA,NA,Membranipora membranacea,Coffin box bryozoan,2018_choked-grid_surface,choked grid,seagrass_grid,2018-08-24,NA,2018,surface,1,choked_grid_a1,grid,biological,NA,NA,NA,NA,NA,NA,7,1000,0,51.6749926,-128.1202263,sand,NA,NA,NA,seagrass,zostera,seagrass_sand,zostera_sand,100,9.252979999999995e-139,274,Metazoa,Bryozoa,Gymnolaemata,Cheilostomatida,Membraniporidae,Membranipora,0,0,TRUE,ASV1492,2,Membranipora membranacea
edna0148,ASV1791,motu1494,Saxidomus nuttalli,California butterclam,species,NA,1,NA,NA,NA,2,NA,NA,NA,NA,NA,Saxidomus nuttalli,California butterclam,2018_choked-grid_surface,choked grid,seagrass_grid,2018-08-24,NA,2018,surface,1,choked_grid_a1,grid,biological,NA,NA,NA,NA,NA,NA,7,1000,0,51.6749926,-128.1202263,sand,NA,NA,NA,seagrass,zostera,seagrass_sand,zostera_sand,99.68,4.246189999999999e-157,307,Metazoa,Mollusca,Bivalvia,Venerida,Veneridae,Saxidomus,0,0,TRUE,ASV1791,2,Saxidomus nuttalli
edna0148,ASV3252,motu2600,Manania handi,Stalked jellyfish,species,NA,1,NA,NA,NA,4,NA,NA,NA,NA,NA,Manania handi,Stalked jellyfish,2018_choked-grid_surface,choked grid,seagrass_grid,2018-08-24,NA,2018,surface,1,choked_grid_a1,grid,biological,NA,NA,NA,NA,NA,NA,7,1000,0,51.6749926,-128.1202263,sand,NA,NA,NA,seagrass,zostera,seagrass_sand,zostera_sand,100,3.2351099999999996e-158,309,Metazoa,Cnidaria,Cnidaria,Stauromedusae,Haliclystidae,Manania,0,0,TRUE,ASV3252,2,Manania handi
edna0150,ASV328,motu288,Synchaeta baltica,Rotifer,species,NA,1,NA,1,NA,12,NA,NA,62,NA,103,Synchaeta baltica,Rotifer,2018_choked-grid_surface,choked grid,seagrass_grid,2018-08-24,NA,2018,surface,3,choked_grid_a3,grid,biological,NA,NA,NA,NA,NA,NA,6.8,1000,0,51.67499094,-128.1193519,sand,NA,NA,NA,seagrass,zostera,seagrass_sand,zostera_sand,90.79,3.5361899999999996e-113,228,Metazoa,Rotifera,Eurotatoria,Ploima,Synchaetidae,Synchaeta,0,0,TRUE,ASV328,3,Synchaeta baltica
edna0150,ASV932,motu810,Synchaeta baltica,Rotifer,species,NA,1,NA,1,NA,12,NA,NA,30,NA,54,Synchaeta baltica,Rotifer,2018_choked-grid_surface,choked grid,seagrass_grid,2018-08-24,NA,2018,surface,3,choked_grid_a3,grid,biological,NA,NA,NA,NA,NA,NA,6.8,1000,0,51.67499094,-128.1193519,sand,NA,NA,NA,seagrass,zostera,seagrass_sand,zostera_sand,91.08,2.73364e-114,230,Metazoa,Rotifera,Eurotatoria,Ploima,Synchaetidae,Synchaeta,0,0,TRUE,ASV932,1,Synchaeta baltica
edna0150,ASV1855,motu1546,Tegula pulligo,Dusky tegula,species,NA,1,NA,1,NA,6,NA,NA,16,NA,21,Tegula pulligo,Dusky tegula,2018_choked-grid_surface,choked grid,seagrass_grid,2018-08-24,NA,2018,surface,3,choked_grid_a3,grid,biological,NA,NA,NA,NA,NA,NA,6.8,1000,0,51.67499094,-128.1193519,sand,NA,NA,NA,seagrass,zostera,seagrass_sand,zostera_sand,100,3.2351099999999996e-158,309,Metazoa,Mollusca,Gastropoda,Trochida,Tegulidae,Tegula,0,0,TRUE,ASV1855,2,Tegula pulligo
edna0150,ASV3356,motu2675,Chaetognatha,Arrow worm,phylum,NA,1,NA,NA,NA,6,NA,NA,NA,NA,NA,Chaetognatha,Arrow worm,2018_choked-grid_surface,choked grid,seagrass_grid,2018-08-24,NA,2018,surface,3,choked_grid_a3,grid,biological,NA,NA,NA,NA,NA,NA,6.8,1000,0,51.67499094,-128.1193519,sand,NA,NA,NA,seagrass,zostera,seagrass_sand,zostera_sand,98.01,1.6078299999999998e-91,189,Metazoa,Chaetognatha,NA,NA,NA,NA,0,0,TRUE,ASV3356,1,NA
edna0150,ASV7450,motu5833,Cucumaria miniata,Red sea cucumber,species,NA,1,NA,NA,NA,2,NA,NA,NA,NA,NA,Cucumaria miniata,Red sea cucumber,2018_choked-grid_surface,choked grid,seagrass_grid,2018-08-24,NA,2018,surface,3,choked_grid_a3,grid,biological,NA,NA,NA,NA,NA,NA,6.8,1000,0,51.67499094,-128.1193519,sand,NA,NA,NA,seagrass,zostera,seagrass_sand,zostera_sand,100,1.5185799999999992e-156,306,Metazoa,Echinodermata,Holothuroidea,Dendrochirotida,Cucumariidae,Cucumaria,0,0,TRUE,ASV7450,1,Cucumaria miniata
edna0151,ASV258,motu228,Lensia,Siphonophore,genus,NA,1,NA,NA,NA,9,NA,NA,NA,NA,NA,Lensia,Siphonophore,2018_choked-grid_surface,choked grid,seagrass_grid,2018-08-24,NA,2018,surface,4,choked_grid_b1,grid,biological,NA,NA,NA,NA,NA,NA,6.9,1000,0,51.67473646,-128.1202236,sand,NA,NA,NA,seagrass,zostera,seagrass_sand,zostera_sand,100,0.00408744,30,Metazoa,Cnidaria,Cnidaria,Siphonophorae,Diphyidae,Lensia,0,0,TRUE,ASV258,1,NA
edna0151,ASV131,motu117,Lensia,Siphonophore,genus,NA,1,NA,1,NA,12,NA,28,26,NA,24,Lensia,Siphonophore,2018_choked-grid_surface,choked grid,seagrass_grid,2018-08-24,NA,2018,surface,4,choked_grid_b1,grid,biological,NA,NA,NA,NA,NA,NA,6.9,1000,0,51.67473646,-128.1202236,sand,NA,NA,NA,seagrass,zostera,seagrass_sand,zostera_sand,100,0.00408744,30,Metazoa,Cnidaria,Cnidaria,Siphonophorae,Diphyidae,Lensia,0,0,TRUE,ASV131,2,NA
edna0151,ASV233,motu74,Euchlanidae,Rotifer,family,NA,1,1,NA,NA,11,8,NA,NA,NA,NA,No Results,No Results,2018_choked-grid_surface,choked grid,seagrass_grid,2018-08-24,NA,2018,surface,4,choked_grid_b1,grid,biological,NA,NA,NA,NA,NA,NA,6.9,1000,0,51.67473646,-128.1202236,sand,NA,NA,NA,seagrass,zostera,seagrass_sand,zostera_sand,91.35,3.005919999999998e-29,77,Metazoa,Rotifera,Rotifera,Ploima,Euchlanidae,NA,1,NA,TRUE,ASV84,2,NA
edna0152,ASV354,motu313,Mitrocoma cellularia,Cross jelly,species,NA,1,NA,NA,NA,3,NA,NA,NA,NA,NA,Mitrocoma cellularia,Cross jelly,2018_choked-grid_surface,choked grid,seagrass_grid,2018-08-24,NA,2018,surface,5,choked_grid_b2,grid,biological,12.1,31.15,7.97,10.1,33,7.87,7.8,1000,0,51.67473313,-128.1197944,sand,NA,NA,NA,seagrass,zostera,seagrass_sand,zostera_sand,100,1.4886099999999998e-156,306,Metazoa,Cnidaria,Hydrozoa,Leptothecata,Mitrocomidae,Mitrocoma,0,0,TRUE,ASV354,2,Mitrocoma cellularia
edna0152,ASV1042,motu899,Synchaeta baltica,Rotifer,species,NA,1,1,1,NA,13,6,18,34,NA,34,Synchaeta baltica,Rotifer,2018_choked-grid_surface,choked grid,seagrass_grid,2018-08-24,NA,2018,surface,5,choked_grid_b2,grid,biological,12.1,31.15,7.97,10.1,33,7.87,7.8,1000,0,51.67473313,-128.1197944,sand,NA,NA,NA,seagrass,zostera,seagrass_sand,zostera_sand,90.76,1.27184e-112,227,Metazoa,Rotifera,Eurotatoria,Ploima,Synchaetidae,Synchaeta,0,0,TRUE,ASV1042,1,Synchaeta baltica
edna0152,ASV2031,motu1681,Membranipora membranacea,Coffin box bryozoan,species,NA,1,NA,NA,NA,10,NA,NA,NA,NA,NA,Membranipora membranacea,Coffin box bryozoan,2018_choked-grid_surface,choked grid,seagrass_grid,2018-08-24,NA,2018,surface,5,choked_grid_b2,grid,biological,12.1,31.15,7.97,10.1,33,7.87,7.8,1000,0,51.67473313,-128.1197944,sand,NA,NA,NA,seagrass,zostera,seagrass_sand,zostera_sand,100,9.252979999999995e-139,274,Metazoa,Bryozoa,Gymnolaemata,Cheilostomatida,Membraniporidae,Membranipora,0,0,TRUE,ASV2031,1,Membranipora membranacea
edna0153,ASV131,motu117,Lensia,Siphonophore,genus,NA,1,NA,1,NA,19,NA,33,NA,NA,32,Lensia,Siphonophore,2018_choked-grid_surface,choked grid,seagrass_grid,2018-08-24,NA,2018,surface,6,choked_grid_b3,grid,biological,NA,NA,NA,NA,NA,NA,7.6,1000,0,51.67473646,-128.1193545,sand,NA,NA,NA,seagrass,zostera,seagrass_sand,zostera_sand,100,0.00408744,30,Metazoa,Cnidaria,Cnidaria,Siphonophorae,Diphyidae,Lensia,0,0,TRUE,ASV131,2,NA
edna0153,ASV733,motu637,Phyllodocida,Polychaete,order,NA,1,NA,NA,NA,6,NA,NA,NA,NA,NA,Phyllodocida,Polychaete,2018_choked-grid_surface,choked grid,seagrass_grid,2018-08-24,NA,2018,surface,6,choked_grid_b3,grid,biological,NA,NA,NA,NA,NA,NA,7.6,1000,0,51.67473646,-128.1193545,sand,NA,NA,NA,seagrass,zostera,seagrass_sand,zostera_sand,100,0.0603188,28,Metazoa,Annelida,Annelida,Phyllodocida,NA,NA,0,0,TRUE,ASV733,1,NA
edna0153,ASV647,motu560,Synchaeta triophthalma,Rotifer,species,NA,1,NA,1,NA,6,NA,NA,5,NA,8,Synchaeta triophthalma,Rotifer,2018_choked-grid_surface,choked grid,seagrass_grid,2018-08-24,NA,2018,surface,6,choked_grid_b3,grid,biological,NA,NA,NA,NA,NA,NA,7.6,1000,0,51.67473646,-128.1193545,sand,NA,NA,NA,seagrass,zostera,seagrass_sand,zostera_sand,91.99,3.511259999999999e-118,237,Metazoa,Rotifera,Eurotatoria,Ploima,Synchaetidae,Synchaeta,0,0,TRUE,ASV647,4,Synchaeta triophthalma
edna0153,ASV1384,motu1168,Membranipora membranacea,Coffin box bryozoan,species,NA,1,NA,NA,NA,35,NA,NA,NA,NA,NA,Membranipora membranacea,Coffin box bryozoan,2018_choked-grid_surface,choked grid,seagrass_grid,2018-08-24,NA,2018,surface,6,choked_grid_b3,grid,biological,NA,NA,NA,NA,NA,NA,7.6,1000,0,51.67473646,-128.1193545,sand,NA,NA,NA,seagrass,zostera,seagrass_sand,zostera_sand,100,9.252979999999995e-139,274,Metazoa,Bryozoa,Gymnolaemata,Cheilostomatida,Membraniporidae,Membranipora,0,0,TRUE,ASV1384,2,Membranipora membranacea
edna0153,ASV1040,motu897,Oithona similis,Cyclopoid copepod,species,NA,1,NA,NA,NA,4,NA,NA,NA,NA,NA,Oithona similis,Cyclopoid copepod,2018_choked-grid_surface,choked grid,seagrass_grid,2018-08-24,NA,2018,surface,6,choked_grid_b3,grid,biological,NA,NA,NA,NA,NA,NA,7.6,1000,0,51.67473646,-128.1193545,sand,NA,NA,NA,seagrass,zostera,seagrass_sand,zostera_sand,96.17,2.0179399999999996e-140,277,Metazoa,Arthropoda,Copepoda,Cyclopoida,Oithonidae,Oithona,0,0,TRUE,ASV1040,1,Oithona similis
edna0153,ASV2031,motu1681,Membranipora membranacea,Coffin box bryozoan,species,NA,1,NA,NA,NA,11,NA,NA,NA,NA,NA,Membranipora membranacea,Coffin box bryozoan,2018_choked-grid_surface,choked grid,seagrass_grid,2018-08-24,NA,2018,surface,6,choked_grid_b3,grid,biological,NA,NA,NA,NA,NA,NA,7.6,1000,0,51.67473646,-128.1193545,sand,NA,NA,NA,seagrass,zostera,seagrass_sand,zostera_sand,100,9.252979999999995e-139,274,Metazoa,Bryozoa,Gymnolaemata,Cheilostomatida,Membraniporidae,Membranipora,0,0,TRUE,ASV2031,1,Membranipora membranacea
edna0153,ASV1729,motu1443,Paracalanus,Calanoid copepod,genus,NA,1,NA,NA,NA,17,NA,NA,NA,NA,NA,Paracalanus,Calanoid copepod,2018_choked-grid_surface,choked grid,seagrass_grid,2018-08-24,NA,2018,surface,6,choked_grid_b3,grid,biological,NA,NA,NA,NA,NA,NA,7.6,1000,0,51.67473646,-128.1193545,sand,NA,NA,NA,seagrass,zostera,seagrass_sand,zostera_sand,99.01,2.4714899999999987e-149,293,Metazoa,Arthropoda,Arthropoda,Calanoida,Paracalanidae,Paracalanus,0,0,TRUE,ASV1729,2,NA
edna0153,ASV2930,motu2362,Chaetognatha,Arrow worm,phylum,NA,1,NA,NA,NA,5,NA,NA,NA,NA,NA,Chaetognatha,Arrow worm,2018_choked-grid_surface,choked grid,seagrass_grid,2018-08-24,NA,2018,surface,6,choked_grid_b3,grid,biological,NA,NA,NA,NA,NA,NA,7.6,1000,0,51.67473646,-128.1193545,sand,NA,NA,NA,seagrass,zostera,seagrass_sand,zostera_sand,98.01,1.6078299999999998e-91,189,Metazoa,Chaetognatha,NA,NA,NA,NA,0,0,TRUE,ASV2930,1,NA
edna0153,ASV1332,motu1125,Pollicipes polymerus,Gooseneck barnacle,species,NA,1,NA,1,NA,6,NA,4,5,NA,NA,Pollicipes polymerus,Gooseneck barnacle,2018_choked-grid_surface,choked grid,seagrass_grid,2018-08-24,NA,2018,surface,6,choked_grid_b3,grid,biological,NA,NA,NA,NA,NA,NA,7.6,1000,0,51.67473646,-128.1193545,sand,NA,NA,NA,seagrass,zostera,seagrass_sand,zostera_sand,100,3.2351099999999996e-158,309,Metazoa,Arthropoda,Thecostraca,Pollicipedomorpha,Pollicipedidae,Pollicipes,0,0,TRUE,ASV1332,2,Pollicipes polymerus
edna0153,ASV3067,motu2468,Halichondria (Halichondria) panicea,Breadcrumb sponge species,species,NA,1,NA,NA,NA,2,NA,NA,NA,NA,NA,Halichondria (Halichondria) panicea,Breadcrumb sponge species,2018_choked-grid_surface,choked grid,seagrass_grid,2018-08-24,NA,2018,surface,6,choked_grid_b3,grid,biological,NA,NA,NA,NA,NA,NA,7.6,1000,0,51.67473646,-128.1193545,sand,NA,NA,NA,seagrass,zostera,seagrass_sand,zostera_sand,99.33,6.819989999999996e-150,294,Metazoa,Porifera,Demospongiae,Suberitida,Halichondriidae,Halichondria,0,0,TRUE,ASV3067,1,Halichondria (Halichondria) panicea
edna0153,ASV3977,motu748,Saxidomus gigantea,Butter clam,species,NA,1,NA,NA,NA,11,NA,NA,NA,NA,NA,Saxidomus,Washington clam species,2018_choked-grid_surface,choked grid,seagrass_grid,2018-08-24,NA,2018,surface,6,choked_grid_b3,grid,biological,NA,NA,NA,NA,NA,NA,7.6,1000,0,51.67473646,-128.1193545,sand,NA,NA,NA,seagrass,zostera,seagrass_sand,zostera_sand,100,1.96163e-160,313,Metazoa,Mollusca,Mollusca,Venerida,Veneridae,Saxidomus,0,0,TRUE,ASV860,4,Saxidomus gigantea
edna0153,ASV3166,motu1746,Synchaeta vorax,Rotifer,species,NA,1,NA,1,NA,8,NA,NA,9,NA,13,Synchaeta vorax,Rotifer,2018_choked-grid_surface,choked grid,seagrass_grid,2018-08-24,NA,2018,surface,6,choked_grid_b3,grid,biological,NA,NA,NA,NA,NA,NA,7.6,1000,0,51.67473646,-128.1193545,sand,NA,NA,NA,seagrass,zostera,seagrass_sand,zostera_sand,95.13,1.20545e-132,263,Metazoa,Rotifera,Eurotatoria,Ploima,Synchaetidae,Synchaeta,0,0,TRUE,ASV2117,4,Synchaeta vorax
edna0001,ASV118,motu105,Mesocentrotus franciscanus,Red sea urchin,species,NA,1,NA,1,NA,18,NA,89,NA,NA,NA,Mesocentrotus franciscanus,Red sea urchin,2018_koeye-estuary_surface,koeye estuary,seagrass,2018-06-19,NA,2018,surface,1,edna_ko_e3_00,surface,biological,15.9,15.84,7.95,NA,NA,NA,2.2,980,0,51.77950168,-127.8716413,sand,NA,NA,NA,seagrass,zostera,seagrass_sand,zostera_sand,100,2.51921e-159,311,Metazoa,Echinodermata,Echinoidea,Camarodonta,Strongylocentrotidae,Mesocentrotus,0,0,TRUE,ASV118,8,Mesocentrotus franciscanus
edna0001,ASV536,motu470,Paracalanus parvus parvus,Calanoid copepod,species,NA,1,NA,NA,NA,20,NA,NA,NA,NA,NA,Paracalanus parvus parvus,Calanoid copepod,2018_koeye-estuary_surface,koeye estuary,seagrass,2018-06-19,NA,2018,surface,1,edna_ko_e3_00,surface,biological,15.9,15.84,7.95,NA,NA,NA,2.2,980,0,51.77950168,-127.8716413,sand,NA,NA,NA,seagrass,zostera,seagrass_sand,zostera_sand,100,1.17454e-132,263,Metazoa,Arthropoda,Copepoda,Calanoida,Paracalanidae,Paracalanus,0,0,TRUE,ASV536,6,Paracalanus parvus parvus
edna0001,ASV320,motu281,Pseudocalanus newmani,Calanoid copepod,species,NA,1,1,1,NA,166,69,165,115,NA,116,Pseudocalanus newmani,Calanoid copepod,2018_koeye-estuary_surface,koeye estuary,seagrass,2018-06-19,NA,2018,surface,1,edna_ko_e3_00,surface,biological,15.9,15.84,7.95,NA,NA,NA,2.2,980,0,51.77950168,-127.8716413,sand,NA,NA,NA,seagrass,zostera,seagrass_sand,zostera_sand,100,1.96163e-160,313,Metazoa,Arthropoda,Copepoda,Calanoida,Clausocalanidae,Pseudocalanus,0,0,TRUE,ASV320,6,Pseudocalanus newmani
edna0001,ASV498,motu441,Clytia gregaria,Gregarious jellyfish,species,NA,1,NA,NA,NA,8,NA,NA,NA,NA,NA,Clytia gregaria,Gregarious jellyfish,2018_koeye-estuary_surface,koeye estuary,seagrass,2018-06-19,NA,2018,surface,1,edna_ko_e3_00,surface,biological,15.9,15.84,7.95,NA,NA,NA,2.2,980,0,51.77950168,-127.8716413,sand,NA,NA,NA,seagrass,zostera,seagrass_sand,zostera_sand,99.68,9.126599999999999e-159,310,Metazoa,Cnidaria,Hydrozoa,Leptothecata,Campanulariidae,Clytia,0,0,TRUE,ASV498,2,Clytia gregaria
edna0001,ASV679,motu591,Phyllodocida,Polychaete,order,NA,1,NA,1,NA,10,NA,10,11,NA,11,Phyllodocida,Polychaete,2018_koeye-estuary_surface,koeye estuary,seagrass,2018-06-19,NA,2018,surface,1,edna_ko_e3_00,surface,biological,15.9,15.84,7.95,NA,NA,NA,2.2,980,0,51.77950168,-127.8716413,sand,NA,NA,NA,seagrass,zostera,seagrass_sand,zostera_sand,100,0.0603188,28,Metazoa,Annelida,Annelida,Phyllodocida,NA,NA,0,0,TRUE,ASV679,1,NA
edna0001,ASV780,motu679,Aequorea,Crystal jelly species,genus,NA,1,NA,NA,NA,7,NA,NA,NA,NA,NA,Aequorea,Crystal jelly species,2018_koeye-estuary_surface,koeye estuary,seagrass,2018-06-19,NA,2018,surface,1,edna_ko_e3_00,surface,biological,15.9,15.84,7.95,NA,NA,NA,2.2,980,0,51.77950168,-127.8716413,sand,NA,NA,NA,seagrass,zostera,seagrass_sand,zostera_sand,100,1.4886099999999998e-156,306,Metazoa,Cnidaria,Hydrozoa,Leptothecata,Aequoreidae,Aequorea,0,0,TRUE,ASV780,4,NA
edna0001,ASV1791,motu1494,Saxidomus nuttalli,California butterclam,species,NA,1,NA,NA,NA,2,NA,NA,NA,NA,NA,Saxidomus nuttalli,California butterclam,2018_koeye-estuary_surface,koeye estuary,seagrass,2018-06-19,NA,2018,surface,1,edna_ko_e3_00,surface,biological,15.9,15.84,7.95,NA,NA,NA,2.2,980,0,51.77950168,-127.8716413,sand,NA,NA,NA,seagrass,zostera,seagrass_sand,zostera_sand,99.68,4.246189999999999e-157,307,Metazoa,Mollusca,Bivalvia,Venerida,Veneridae,Saxidomus,0,0,TRUE,ASV1791,2,Saxidomus nuttalli
edna0001,ASV2618,motu2123,Insecta,Hexapod,class,NA,1,NA,NA,NA,2,NA,NA,NA,NA,NA,Insecta,Hexapod,2018_koeye-estuary_surface,koeye estuary,seagrass,2018-06-19,NA,2018,surface,1,edna_ko_e3_00,surface,biological,15.9,15.84,7.95,NA,NA,NA,2.2,980,0,51.77950168,-127.8716413,sand,NA,NA,NA,seagrass,zostera,seagrass_sand,zostera_sand,90.91,1.07393e-43,103,Metazoa,Arthropoda,Arthropoda,NA,NA,NA,NA,NA,TRUE,ASV2618,2,NA
edna0001,ASV3337,motu2661,Chironomidae,Hexapod,family,NA,1,1,1,NA,28,12,NA,NA,NA,21,Chironomidae,Hexapod,2018_koeye-estuary_surface,koeye estuary,seagrass,2018-06-19,NA,2018,surface,1,edna_ko_e3_00,surface,biological,15.9,15.84,7.95,NA,NA,NA,2.2,980,0,51.77950168,-127.8716413,sand,NA,NA,NA,seagrass,zostera,seagrass_sand,zostera_sand,90.91,1.12845e-8,40,Metazoa,Arthropoda,Arthropoda,Diptera,Chironomidae,NA,NA,NA,TRUE,ASV3337,1,NA
edna0001,ASV3846,motu3023,Spongilla lacustris,Freshwater sponge,species,NA,1,NA,NA,NA,10,NA,NA,NA,NA,NA,Spongilla lacustris,Freshwater sponge,2018_koeye-estuary_surface,koeye estuary,seagrass,2018-06-19,NA,2018,surface,1,edna_ko_e3_00,surface,biological,15.9,15.84,7.95,NA,NA,NA,2.2,980,0,51.77950168,-127.8716413,sand,NA,NA,NA,seagrass,zostera,seagrass_sand,zostera_sand,100,3.2351099999999996e-158,309,Metazoa,Porifera,Porifera,Spongillida,Spongillidae,Spongilla,1,0,TRUE,ASV3846,1,Spongilla lacustris
edna0001,ASV4130,motu3238,Spongilla lacustris,Freshwater sponge,species,NA,1,NA,NA,NA,10,NA,NA,NA,NA,NA,Spongilla lacustris,Freshwater sponge,2018_koeye-estuary_surface,koeye estuary,seagrass,2018-06-19,NA,2018,surface,1,edna_ko_e3_00,surface,biological,15.9,15.84,7.95,NA,NA,NA,2.2,980,0,51.77950168,-127.8716413,sand,NA,NA,NA,seagrass,zostera,seagrass_sand,zostera_sand,100,3.2351099999999996e-158,309,Metazoa,Porifera,Porifera,Spongillida,Spongillidae,Spongilla,1,0,TRUE,ASV4130,1,Spongilla lacustris
edna0001,ASV2108,motu199,Mytilus trossulus,Bay mussel,species,NA,1,NA,1,NA,49,NA,86,NA,NA,110,Mytilus trossulus,Bay mussel,2018_koeye-estuary_surface,koeye estuary,seagrass,2018-06-19,NA,2018,surface,1,edna_ko_e3_00,surface,biological,15.9,15.84,7.95,NA,NA,NA,2.2,980,0,51.77950168,-127.8716413,sand,NA,NA,NA,seagrass,zostera,seagrass_sand,zostera_sand,100,3.2351099999999996e-158,309,Metazoa,Mollusca,Mollusca,Mytilida,Mytilidae,Mytilus,0,0,TRUE,ASV226,18,Mytilus trossulus
edna0001,ASV2637,motu2142,Chthamalus dalli,Little brown barnacle,species,NA,1,NA,NA,NA,6,NA,NA,NA,NA,NA,Chthamalus dalli,Little brown barnacle,2018_koeye-estuary_surface,koeye estuary,seagrass,2018-06-19,NA,2018,surface,1,edna_ko_e3_00,surface,biological,15.9,15.84,7.95,NA,NA,NA,2.2,980,0,51.77950168,-127.8716413,sand,NA,NA,NA,seagrass,zostera,seagrass_sand,zostera_sand,98.4,1.53804e-151,297,Metazoa,Arthropoda,Thecostraca,Balanomorpha,Chthamalidae,Chthamalus,0,0,TRUE,ASV2637,1,Chthamalus dalli
edna0001,ASV5302,motu4072,Paranais,Freshwater oligochaete,genus,NA,1,NA,NA,NA,8,NA,NA,NA,NA,NA,Paranais,Freshwater oligochaete,2018_koeye-estuary_surface,koeye estuary,seagrass,2018-06-19,NA,2018,surface,1,edna_ko_e3_00,surface,biological,15.9,15.84,7.95,NA,NA,NA,2.2,980,0,51.77950168,-127.8716413,sand,NA,NA,NA,seagrass,zostera,seagrass_sand,zostera_sand,90.85,2.6449e-109,221,Metazoa,Annelida,Annelida,Tubificida,Naididae,Paranais,0,0,TRUE,ASV5302,2,NA
edna0001,ASV5452,motu4187,Chrysomeloidea,Hexapod,family,NA,1,NA,NA,NA,28,NA,NA,NA,NA,NA,Chrysomeloidea,Hexapod,2018_koeye-estuary_surface,koeye estuary,seagrass,2018-06-19,NA,2018,surface,1,edna_ko_e3_00,surface,biological,15.9,15.84,7.95,NA,NA,NA,2.2,980,0,51.77950168,-127.8716413,sand,NA,NA,NA,seagrass,zostera,seagrass_sand,zostera_sand,94.59,0.00107082,31,Metazoa,Arthropoda,Arthropoda,Coleoptera,Chrysomeloidea,NA,NA,NA,TRUE,ASV5452,1,NA
edna0001,ASV5495,motu4213,Tanytarsus,Hexapod,genus,NA,1,NA,NA,NA,2,NA,NA,NA,NA,NA,Tanytarsus,Hexapod,2018_koeye-estuary_surface,koeye estuary,seagrass,2018-06-19,NA,2018,surface,1,edna_ko_e3_00,surface,biological,15.9,15.84,7.95,NA,NA,NA,2.2,980,0,51.77950168,-127.8716413,sand,NA,NA,NA,seagrass,zostera,seagrass_sand,zostera_sand,91.48,1.25821e-112,227,Metazoa,Arthropoda,Arthropoda,Diptera,Chironomidae,Tanytarsus,NA,NA,TRUE,ASV5495,1,NA
edna0001,ASV5745,motu4410,Anodonta,Freshwater mussel,genus,NA,1,NA,NA,NA,7,NA,NA,NA,NA,NA,Anodonta,Freshwater mussel,2018_koeye-estuary_surface,koeye estuary,seagrass,2018-06-19,NA,2018,surface,1,edna_ko_e3_00,surface,biological,15.9,15.84,7.95,NA,NA,NA,2.2,980,0,51.77950168,-127.8716413,sand,NA,NA,NA,seagrass,zostera,seagrass_sand,zostera_sand,100,1.96163e-160,313,Metazoa,Mollusca,Mollusca,Unionida,Unionidae,Anodonta,1,0,TRUE,ASV5745,1,NA
edna0001,ASV4952,motu3833,Anodonta,Freshwater mussel,genus,NA,1,1,NA,NA,9,6,NA,NA,NA,NA,Anodonta,Freshwater mussel,2018_koeye-estuary_surface,koeye estuary,seagrass,2018-06-19,NA,2018,surface,1,edna_ko_e3_00,surface,biological,15.9,15.84,7.95,NA,NA,NA,2.2,980,0,51.77950168,-127.8716413,sand,NA,NA,NA,seagrass,zostera,seagrass_sand,zostera_sand,100,1.96163e-160,313,Metazoa,Mollusca,Mollusca,Unionida,Unionidae,Anodonta,1,0,TRUE,ASV4952,1,NA
edna0001,ASV5979,motu4596,Chrysomeloidea,Hexapod,family,NA,1,NA,NA,NA,3,NA,NA,NA,NA,NA,Chrysomeloidea,Hexapod,2018_koeye-estuary_surface,koeye estuary,seagrass,2018-06-19,NA,2018,surface,1,edna_ko_e3_00,surface,biological,15.9,15.84,7.95,NA,NA,NA,2.2,980,0,51.77950168,-127.8716413,sand,NA,NA,NA,seagrass,zostera,seagrass_sand,zostera_sand,91.38,2.42544e-10,43,Metazoa,Arthropoda,Arthropoda,Coleoptera,Chrysomeloidea,NA,NA,NA,TRUE,ASV5979,1,NA
edna0001,ASV3774,motu2971,Paranais,Freshwater oligochaete,genus,NA,1,1,NA,NA,6,4,NA,NA,NA,NA,Paranais,Freshwater oligochaete,2018_koeye-estuary_surface,koeye estuary,seagrass,2018-06-19,NA,2018,surface,1,edna_ko_e3_00,surface,biological,15.9,15.84,7.95,NA,NA,NA,2.2,980,0,51.77950168,-127.8716413,sand,NA,NA,NA,seagrass,zostera,seagrass_sand,zostera_sand,90.85,2.6449e-109,221,Metazoa,Annelida,Annelida,Tubificida,Naididae,Paranais,0,0,TRUE,ASV3774,2,NA
edna0001,ASV6139,motu4731,Thienemanniella,Hexapod,genus,NA,1,NA,NA,NA,4,NA,NA,NA,NA,NA,Thienemanniella,Hexapod,2018_koeye-estuary_surface,koeye estuary,seagrass,2018-06-19,NA,2018,surface,1,edna_ko_e3_00,surface,biological,15.9,15.84,7.95,NA,NA,NA,2.2,980,0,51.77950168,-127.8716413,sand,NA,NA,NA,seagrass,zostera,seagrass_sand,zostera_sand,99.68,1.5051499999999994e-156,306,Metazoa,Arthropoda,Arthropoda,Diptera,Chironomidae,Thienemanniella,NA,NA,TRUE,ASV6139,1,NA
edna0001,ASV6417,motu4965,Chironomidae,Hexapod,family,NA,1,NA,NA,NA,8,NA,NA,NA,NA,NA,Chironomidae,Hexapod,2018_koeye-estuary_surface,koeye estuary,seagrass,2018-06-19,NA,2018,surface,1,edna_ko_e3_00,surface,biological,15.9,15.84,7.95,NA,NA,NA,2.2,980,0,51.77950168,-127.8716413,sand,NA,NA,NA,seagrass,zostera,seagrass_sand,zostera_sand,99.68,1.53546e-156,306,Metazoa,Arthropoda,Arthropoda,Diptera,Chironomidae,NA,NA,NA,TRUE,ASV6417,1,NA
edna0001,ASV6422,motu4969,Lottia,Limpet,genus,NA,1,NA,NA,NA,5,NA,NA,NA,NA,NA,Lottia,Limpet,2018_koeye-estuary_surface,koeye estuary,seagrass,2018-06-19,NA,2018,surface,1,edna_ko_e3_00,surface,biological,15.9,15.84,7.95,NA,NA,NA,2.2,980,0,51.77950168,-127.8716413,sand,NA,NA,NA,seagrass,zostera,seagrass_sand,zostera_sand,100,0.053939,28,Metazoa,Mollusca,Mollusca,NA,Lottiidae,Lottia,0,0,TRUE,ASV6422,1,NA
edna0001,ASV6666,motu5171,Blattidae,Hexapod,family,NA,1,NA,NA,NA,3,NA,NA,NA,NA,NA,Blattidae,Hexapod,2018_koeye-estuary_surface,koeye estuary,seagrass,2018-06-19,NA,2018,surface,1,edna_ko_e3_00,surface,biological,15.9,15.84,7.95,NA,NA,NA,2.2,980,0,51.77950168,-127.8716413,sand,NA,NA,NA,seagrass,zostera,seagrass_sand,zostera_sand,93.06,4.08218e-18,57,Metazoa,Arthropoda,Arthropoda,Dictyoptera,Blattidae,NA,NA,NA,TRUE,ASV6666,1,NA
edna0001,ASV6909,motu5377,Paranais litoralis,Freshwater oligochaete,species,NA,1,NA,NA,NA,6,NA,NA,NA,NA,NA,Paranais litoralis,Freshwater oligochaete,2018_koeye-estuary_surface,koeye estuary,seagrass,2018-06-19,NA,2018,surface,1,edna_ko_e3_00,surface,biological,15.9,15.84,7.95,NA,NA,NA,2.2,980,0,51.77950168,-127.8716413,sand,NA,NA,NA,seagrass,zostera,seagrass_sand,zostera_sand,98.72,9.376469999999999e-154,301,Metazoa,Annelida,Clitellata,Tubificida,Naididae,Paranais,0,0,TRUE,ASV6909,1,Paranais litoralis
edna0001,ASV7713,motu6066,Nereis vexillosa,Mussel worm,species,NA,1,NA,NA,NA,3,NA,NA,NA,NA,NA,Nereis vexillosa,Mussel worm,2018_koeye-estuary_surface,koeye estuary,seagrass,2018-06-19,NA,2018,surface,1,edna_ko_e3_00,surface,biological,15.9,15.84,7.95,NA,NA,NA,2.2,980,0,51.77950168,-127.8716413,sand,NA,NA,NA,seagrass,zostera,seagrass_sand,zostera_sand,100,2.0011299999999987e-160,313,Metazoa,Annelida,Polychaeta,Phyllodocida,Nereididae,Nereis,0,0,TRUE,ASV7713,1,Nereis vexillosa
edna0155,ASV131,motu117,Lensia,Siphonophore,genus,NA,1,NA,1,NA,18,NA,NA,13,NA,19,Lensia,Siphonophore,2018_choked-grid_surface,choked grid,seagrass_grid,2018-08-24,NA,2018,surface,8,choked_grid_c2,grid,biological,11.9,31.57,7.97,10.1,32.97,7.87,7.2,1000,0,51.67445536,-128.1197971,sand,NA,NA,NA,seagrass,zostera,seagrass_sand,zostera_sand,100,0.00408744,30,Metazoa,Cnidaria,Cnidaria,Siphonophorae,Diphyidae,Lensia,0,0,TRUE,ASV131,2,NA
edna0155,ASV251,motu105,Mesocentrotus franciscanus,Red sea urchin,species,NA,1,NA,1,NA,116,NA,160,NA,NA,NA,Mesocentrotus franciscanus,Red sea urchin,2018_choked-grid_surface,choked grid,seagrass_grid,2018-08-24,NA,2018,surface,8,choked_grid_c2,grid,biological,11.9,31.57,7.97,10.1,32.97,7.87,7.2,1000,0,51.67445536,-128.1197971,sand,NA,NA,NA,seagrass,zostera,seagrass_sand,zostera_sand,100,7.02982e-160,312,Metazoa,Echinodermata,Echinoidea,Camarodonta,Strongylocentrotidae,Mesocentrotus,0,0,TRUE,ASV118,8,Mesocentrotus franciscanus
edna0155,ASV312,motu274,Synchaeta baltica,Rotifer,species,NA,1,1,1,NA,37,11,26,40,NA,NA,Synchaeta baltica,Rotifer,2018_choked-grid_surface,choked grid,seagrass_grid,2018-08-24,NA,2018,surface,8,choked_grid_c2,grid,biological,11.9,31.57,7.97,10.1,32.97,7.87,7.2,1000,0,51.67445536,-128.1197971,sand,NA,NA,NA,seagrass,zostera,seagrass_sand,zostera_sand,90.45,5.9173e-111,224,Metazoa,Rotifera,Eurotatoria,Ploima,Synchaetidae,Synchaeta,0,0,TRUE,ASV312,1,Synchaeta baltica
edna0155,ASV346,motu306,Synchaeta vorax,Rotifer,species,NA,1,NA,1,NA,4,NA,NA,5,NA,3,Synchaeta vorax,Rotifer,2018_choked-grid_surface,choked grid,seagrass_grid,2018-08-24,NA,2018,surface,8,choked_grid_c2,grid,biological,11.9,31.57,7.97,10.1,32.97,7.87,7.2,1000,0,51.67445536,-128.1197971,sand,NA,NA,NA,seagrass,zostera,seagrass_sand,zostera_sand,98.08,7.129989999999999e-150,294,Metazoa,Rotifera,Eurotatoria,Ploima,Synchaetidae,Synchaeta,0,0,TRUE,ASV346,5,Synchaeta vorax
edna0155,ASV467,motu412,Saxidomus,Washington clam species,genus,NA,1,NA,1,NA,30,NA,NA,64,NA,NA,Saxidomus,Washington clam species,2018_choked-grid_surface,choked grid,seagrass_grid,2018-08-24,NA,2018,surface,8,choked_grid_c2,grid,biological,11.9,31.57,7.97,10.1,32.97,7.87,7.2,1000,0,51.67445536,-128.1197971,sand,NA,NA,NA,seagrass,zostera,seagrass_sand,zostera_sand,100,1.96163e-160,313,Metazoa,Mollusca,Mollusca,Venerida,Veneridae,Saxidomus,0,0,TRUE,ASV467,12,NA
edna0155,ASV860,motu748,Saxidomus,Washington clam species,genus,NA,1,NA,NA,NA,27,NA,NA,NA,NA,NA,Saxidomus,Washington clam species,2018_choked-grid_surface,choked grid,seagrass_grid,2018-08-24,NA,2018,surface,8,choked_grid_c2,grid,biological,11.9,31.57,7.97,10.1,32.97,7.87,7.2,1000,0,51.67445536,-128.1197971,sand,NA,NA,NA,seagrass,zostera,seagrass_sand,zostera_sand,100,1.96163e-160,313,Metazoa,Mollusca,Mollusca,Venerida,Veneridae,Saxidomus,0,0,TRUE,ASV860,4,NA
edna0155,ASV356,motu315,Synchaeta baltica,Rotifer,species,NA,1,1,1,NA,24,15,21,36,NA,26,Synchaeta baltica,Rotifer,2018_choked-grid_surface,choked grid,seagrass_grid,2018-08-24,NA,2018,surface,8,choked_grid_c2,grid,biological,11.9,31.57,7.97,10.1,32.97,7.87,7.2,1000,0,51.67445536,-128.1197971,sand,NA,NA,NA,seagrass,zostera,seagrass_sand,zostera_sand,90.45,5.9173e-111,224,Metazoa,Rotifera,Eurotatoria,Ploima,Synchaetidae,Synchaeta,0,0,TRUE,ASV356,1,Synchaeta baltica
edna0155,ASV733,motu637,Phyllodocida,Polychaete,order,NA,1,NA,1,NA,10,NA,NA,7,NA,NA,Phyllodocida,Polychaete,2018_choked-grid_surface,choked grid,seagrass_grid,2018-08-24,NA,2018,surface,8,choked_grid_c2,grid,biological,11.9,31.57,7.97,10.1,32.97,7.87,7.2,1000,0,51.67445536,-128.1197971,sand,NA,NA,NA,seagrass,zostera,seagrass_sand,zostera_sand,100,0.0603188,28,Metazoa,Annelida,Annelida,Phyllodocida,NA,NA,0,0,TRUE,ASV733,1,NA
edna0155,ASV679,motu591,Phyllodocida,Polychaete,order,NA,1,NA,1,NA,11,NA,NA,3,NA,NA,Phyllodocida,Polychaete,2018_choked-grid_surface,choked grid,seagrass_grid,2018-08-24,NA,2018,surface,8,choked_grid_c2,grid,biological,11.9,31.57,7.97,10.1,32.97,7.87,7.2,1000,0,51.67445536,-128.1197971,sand,NA,NA,NA,seagrass,zostera,seagrass_sand,zostera_sand,100,0.0603188,28,Metazoa,Annelida,Annelida,Phyllodocida,NA,NA,0,0,TRUE,ASV679,1,NA
edna0155,ASV1546,motu1303,Chaetognatha,Arrow worm,phylum,NA,1,NA,NA,NA,16,NA,NA,NA,NA,NA,Chaetognatha,Arrow worm,2018_choked-grid_surface,choked grid,seagrass_grid,2018-08-24,NA,2018,surface,8,choked_grid_c2,grid,biological,11.9,31.57,7.97,10.1,32.97,7.87,7.2,1000,0,51.67445536,-128.1197971,sand,NA,NA,NA,seagrass,zostera,seagrass_sand,zostera_sand,95.02,1.63074e-81,171,Metazoa,Chaetognatha,NA,NA,NA,NA,0,0,TRUE,ASV1546,2,NA
edna0155,ASV2031,motu1681,Membranipora membranacea,Coffin box bryozoan,species,NA,1,NA,NA,NA,19,NA,NA,NA,NA,NA,Membranipora membranacea,Coffin box bryozoan,2018_choked-grid_surface,choked grid,seagrass_grid,2018-08-24,NA,2018,surface,8,choked_grid_c2,grid,biological,11.9,31.57,7.97,10.1,32.97,7.87,7.2,1000,0,51.67445536,-128.1197971,sand,NA,NA,NA,seagrass,zostera,seagrass_sand,zostera_sand,100,9.252979999999995e-139,274,Metazoa,Bryozoa,Gymnolaemata,Cheilostomatida,Membraniporidae,Membranipora,0,0,TRUE,ASV2031,1,Membranipora membranacea
edna0155,ASV2517,motu2050,Pseudocalanus mimus,Calanoid copepod,species,NA,1,NA,NA,NA,13,NA,NA,NA,NA,NA,Pseudocalanus mimus,Calanoid copepod,2018_choked-grid_surface,choked grid,seagrass_grid,2018-08-24,NA,2018,surface,8,choked_grid_c2,grid,biological,11.9,31.57,7.97,10.1,32.97,7.87,7.2,1000,0,51.67445536,-128.1197971,sand,NA,NA,NA,seagrass,zostera,seagrass_sand,zostera_sand,98.68,9.256649999999999e-149,292,Metazoa,Arthropoda,Copepoda,Calanoida,Clausocalanidae,Pseudocalanus,0,0,TRUE,ASV2517,1,Pseudocalanus mimus
edna0155,ASV1282,motu1086,Pseudocalanus mimus,Calanoid copepod,species,NA,1,1,1,NA,18,10,NA,22,NA,NA,Pseudocalanus mimus,Calanoid copepod,2018_choked-grid_surface,choked grid,seagrass_grid,2018-08-24,NA,2018,surface,8,choked_grid_c2,grid,biological,11.9,31.57,7.97,10.1,32.97,7.87,7.2,1000,0,51.67445536,-128.1197971,sand,NA,NA,NA,seagrass,zostera,seagrass_sand,zostera_sand,98.68,9.256649999999999e-149,292,Metazoa,Arthropoda,Copepoda,Calanoida,Clausocalanidae,Pseudocalanus,0,0,TRUE,ASV1282,1,Pseudocalanus mimus
edna0155,ASV2376,motu1949,Euphausia pacifica,North Pacific krill,species,NA,1,NA,NA,NA,3,NA,NA,NA,NA,NA,Euphausia pacifica,North Pacific krill,2018_choked-grid_surface,choked grid,seagrass_grid,2018-08-24,NA,2018,surface,8,choked_grid_c2,grid,biological,11.9,31.57,7.97,10.1,32.97,7.87,7.2,1000,0,51.67445536,-128.1197971,sand,NA,NA,NA,seagrass,zostera,seagrass_sand,zostera_sand,100,3.2351099999999996e-158,309,Metazoa,Arthropoda,Malacostraca,Euphausiacea,Euphausiidae,Euphausia,0,0,TRUE,ASV2376,1,Euphausia pacifica
edna0155,ASV2852,motu2305,Coleoptera,Hexapod,order,NA,1,NA,NA,NA,3,NA,NA,NA,NA,NA,Coleoptera,Hexapod,2018_choked-grid_surface,choked grid,seagrass_grid,2018-08-24,NA,2018,surface,8,choked_grid_c2,grid,biological,11.9,31.57,7.97,10.1,32.97,7.87,7.2,1000,0,51.67445536,-128.1197971,sand,NA,NA,NA,seagrass,zostera,seagrass_sand,zostera_sand,100,0.00110774,31,Metazoa,Arthropoda,Arthropoda,Coleoptera,NA,NA,NA,NA,TRUE,ASV2852,1,NA
edna0155,ASV5441,motu4178,Membranipora membranacea,Coffin box bryozoan,species,NA,1,NA,NA,NA,9,NA,NA,NA,NA,NA,Membranipora membranacea,Coffin box bryozoan,2018_choked-grid_surface,choked grid,seagrass_grid,2018-08-24,NA,2018,surface,8,choked_grid_c2,grid,biological,11.9,31.57,7.97,10.1,32.97,7.87,7.2,1000,0,51.67445536,-128.1197971,sand,NA,NA,NA,seagrass,zostera,seagrass_sand,zostera_sand,97.45,4.366339999999999e-127,253,Metazoa,Bryozoa,Bryozoa,Cheilostomatida,Membraniporidae,Membranipora,0,0,TRUE,ASV5441,1,Membranipora membranacea
edna0155,ASV5106,motu199,Mytilus trossulus,Bay mussel,species,NA,1,NA,NA,NA,5,NA,NA,NA,NA,NA,Mytilus trossulus,Bay mussel,2018_choked-grid_surface,choked grid,seagrass_grid,2018-08-24,NA,2018,surface,8,choked_grid_c2,grid,biological,11.9,31.57,7.97,10.1,32.97,7.87,7.2,1000,0,51.67445536,-128.1197971,sand,NA,NA,NA,seagrass,zostera,seagrass_sand,zostera_sand,99.68,1.5051499999999994e-156,306,Metazoa,Mollusca,Mollusca,Mytilida,Mytilidae,Mytilus,0,0,TRUE,ASV226,18,Mytilus trossulus
edna0155,ASV6785,motu5271,Membranipora membranacea,Coffin box bryozoan,species,NA,1,NA,NA,NA,3,NA,NA,NA,NA,NA,Membranipora membranacea,Coffin box bryozoan,2018_choked-grid_surface,choked grid,seagrass_grid,2018-08-24,NA,2018,surface,8,choked_grid_c2,grid,biological,11.9,31.57,7.97,10.1,32.97,7.87,7.2,1000,0,51.67445536,-128.1197971,sand,NA,NA,NA,seagrass,zostera,seagrass_sand,zostera_sand,98.92,1.6026699999999999e-136,270,Metazoa,Bryozoa,Gymnolaemata,Cheilostomatida,Membraniporidae,Membranipora,0,0,TRUE,ASV6785,1,Membranipora membranacea
edna0156,ASV216,motu190,Mytilus trossulus,Bay mussel,species,NA,1,1,1,NA,12,5,NA,19,NA,NA,Mytilus trossulus,Bay mussel,2018_choked-grid_surface,choked grid,seagrass_grid,2018-08-24,NA,2018,surface,9,choked_grid_c3,grid,biological,NA,NA,NA,NA,NA,NA,7.4,1000,0,51.67445536,-128.1193599,sand,NA,NA,NA,seagrass,zostera,seagrass_sand,zostera_sand,100,3.2351099999999996e-158,309,Metazoa,Mollusca,Mollusca,Mytilida,Mytilidae,Mytilus,0,0,TRUE,ASV216,23,Mytilus trossulus
edna0156,ASV132,motu118,Mesocentrotus franciscanus,Red sea urchin,species,NA,1,NA,1,NA,2,NA,8,NA,NA,NA,Mesocentrotus franciscanus,Red sea urchin,2018_choked-grid_surface,choked grid,seagrass_grid,2018-08-24,NA,2018,surface,9,choked_grid_c3,grid,biological,NA,NA,NA,NA,NA,NA,7.4,1000,0,51.67445536,-128.1193599,sand,NA,NA,NA,seagrass,zostera,seagrass_sand,zostera_sand,100,2.51921e-159,311,Metazoa,Echinodermata,Echinoidea,Camarodonta,Strongylocentrotidae,Mesocentrotus,0,0,TRUE,ASV132,8,Mesocentrotus franciscanus
edna0156,ASV324,motu285,Paracalanus parvus parvus,Calanoid copepod,species,NA,1,1,1,NA,6,3,NA,7,NA,5,Paracalanus parvus parvus,Calanoid copepod,2018_choked-grid_surface,choked grid,seagrass_grid,2018-08-24,NA,2018,surface,9,choked_grid_c3,grid,biological,NA,NA,NA,NA,NA,NA,7.4,1000,0,51.67445536,-128.1193599,sand,NA,NA,NA,seagrass,zostera,seagrass_sand,zostera_sand,100,1.17454e-132,263,Metazoa,Arthropoda,Copepoda,Calanoida,Paracalanidae,Paracalanus,0,0,TRUE,ASV324,6,Paracalanus parvus parvus
edna0156,ASV354,motu313,Mitrocoma cellularia,Cross jelly,species,NA,1,NA,NA,NA,3,NA,NA,NA,NA,NA,Mitrocoma cellularia,Cross jelly,2018_choked-grid_surface,choked grid,seagrass_grid,2018-08-24,NA,2018,surface,9,choked_grid_c3,grid,biological,NA,NA,NA,NA,NA,NA,7.4,1000,0,51.67445536,-128.1193599,sand,NA,NA,NA,seagrass,zostera,seagrass_sand,zostera_sand,100,1.4886099999999998e-156,306,Metazoa,Cnidaria,Hydrozoa,Leptothecata,Mitrocomidae,Mitrocoma,0,0,TRUE,ASV354,2,Mitrocoma cellularia
edna0156,ASV467,motu412,Saxidomus,Washington clam species,genus,NA,1,NA,1,NA,6,NA,12,29,NA,31,Saxidomus,Washington clam species,2018_choked-grid_surface,choked grid,seagrass_grid,2018-08-24,NA,2018,surface,9,choked_grid_c3,grid,biological,NA,NA,NA,NA,NA,NA,7.4,1000,0,51.67445536,-128.1193599,sand,NA,NA,NA,seagrass,zostera,seagrass_sand,zostera_sand,100,1.96163e-160,313,Metazoa,Mollusca,Mollusca,Venerida,Veneridae,Saxidomus,0,0,TRUE,ASV467,12,NA
edna0156,ASV1068,motu920,Arthropoda,Unknown arthropod,phylum,NA,1,NA,NA,NA,6,NA,NA,NA,NA,NA,Arthropoda,Unknown arthropod,2018_choked-grid_surface,choked grid,seagrass_grid,2018-08-24,NA,2018,surface,9,choked_grid_c3,grid,biological,NA,NA,NA,NA,NA,NA,7.4,1000,0,51.67445536,-128.1193599,sand,NA,NA,NA,seagrass,zostera,seagrass_sand,zostera_sand,94.87,8.78538e-5,33,Metazoa,Arthropoda,NA,NA,NA,NA,NA,NA,TRUE,ASV1068,4,NA
edna0156,ASV3325,motu2652,Membraniporidae,Bryozoan,family,NA,1,NA,NA,NA,19,NA,NA,NA,NA,NA,Membraniporidae,Bryozoan,2018_choked-grid_surface,choked grid,seagrass_grid,2018-08-24,NA,2018,surface,9,choked_grid_c3,grid,biological,NA,NA,NA,NA,NA,NA,7.4,1000,0,51.67445536,-128.1193599,sand,NA,NA,NA,seagrass,zostera,seagrass_sand,zostera_sand,90.95,6.1511e-76,161,Metazoa,Bryozoa,Bryozoa,Cheilostomatida,Membraniporidae,NA,0,0,TRUE,ASV3325,1,NA
edna0156,ASV3467,motu2753,Lepidoptera,Hexapod,order,NA,1,NA,NA,NA,6,NA,NA,NA,NA,NA,Lepidoptera,Hexapod,2018_choked-grid_surface,choked grid,seagrass_grid,2018-08-24,NA,2018,surface,9,choked_grid_c3,grid,biological,NA,NA,NA,NA,NA,NA,7.4,1000,0,51.67445536,-128.1193599,sand,NA,NA,NA,seagrass,zostera,seagrass_sand,zostera_sand,96.97,0.00408744,30,Metazoa,Arthropoda,Arthropoda,Lepidoptera,NA,NA,NA,NA,TRUE,ASV3467,1,NA
edna0157,ASV81,motu71,Acartia (Acartiura) longiremis,Calanoid copepod,species,NA,1,NA,NA,NA,4,NA,NA,NA,NA,NA,Acartia (Acartiura) longiremis,Calanoid copepod,2018_choked-grid_surface,choked grid,seagrass_grid,2018-08-24,NA,2018,surface,10,choked_grid_d1,grid,biological,NA,NA,NA,NA,NA,NA,7.8,1000,0,51.67418423,-128.1202236,sand,NA,NA,NA,seagrass,zostera,seagrass_sand,zostera_sand,100,1.96163e-160,313,Metazoa,Arthropoda,Copepoda,Calanoida,Acartiidae,Acartia,0,0,TRUE,ASV81,23,Acartia (Acartiura) longiremis
edna0157,ASV131,motu117,Lensia,Siphonophore,genus,NA,1,1,1,NA,24,9,NA,NA,NA,77,Lensia,Siphonophore,2018_choked-grid_surface,choked grid,seagrass_grid,2018-08-24,NA,2018,surface,10,choked_grid_d1,grid,biological,NA,NA,NA,NA,NA,NA,7.8,1000,0,51.67418423,-128.1202236,sand,NA,NA,NA,seagrass,zostera,seagrass_sand,zostera_sand,100,0.00408744,30,Metazoa,Cnidaria,Cnidaria,Siphonophorae,Diphyidae,Lensia,0,0,TRUE,ASV131,2,NA
edna0157,ASV226,motu199,Mytilus trossulus,Bay mussel,species,NA,1,NA,NA,NA,4,NA,NA,NA,NA,NA,Mytilus trossulus,Bay mussel,2018_choked-grid_surface,choked grid,seagrass_grid,2018-08-24,NA,2018,surface,10,choked_grid_d1,grid,biological,NA,NA,NA,NA,NA,NA,7.8,1000,0,51.67418423,-128.1202236,sand,NA,NA,NA,seagrass,zostera,seagrass_sand,zostera_sand,100,3.2351099999999996e-158,309,Metazoa,Mollusca,Mollusca,Mytilida,Mytilidae,Mytilus,0,0,TRUE,ASV226,18,Mytilus trossulus
edna0157,ASV1187,motu1015,Balanus,Barnacle species,genus,NA,1,NA,NA,NA,3,NA,NA,NA,NA,NA,Balanus,Barnacle species,2018_choked-grid_surface,choked grid,seagrass_grid,2018-08-24,NA,2018,surface,10,choked_grid_d1,grid,biological,NA,NA,NA,NA,NA,NA,7.8,1000,0,51.67418423,-128.1202236,sand,NA,NA,NA,seagrass,zostera,seagrass_sand,zostera_sand,100,1.4886099999999998e-156,306,Metazoa,Arthropoda,Arthropoda,Balanomorpha,Balanidae,Balanus,0,0,TRUE,ASV1187,5,NA
edna0157,ASV733,motu637,Phyllodocida,Polychaete,order,NA,1,1,NA,NA,12,6,NA,NA,NA,NA,Phyllodocida,Polychaete,2018_choked-grid_surface,choked grid,seagrass_grid,2018-08-24,NA,2018,surface,10,choked_grid_d1,grid,biological,NA,NA,NA,NA,NA,NA,7.8,1000,0,51.67418423,-128.1202236,sand,NA,NA,NA,seagrass,zostera,seagrass_sand,zostera_sand,100,0.0603188,28,Metazoa,Annelida,Annelida,Phyllodocida,NA,NA,0,0,TRUE,ASV733,1,NA
edna0157,ASV679,motu591,Phyllodocida,Polychaete,order,NA,1,1,1,NA,13,5,NA,NA,NA,27,Phyllodocida,Polychaete,2018_choked-grid_surface,choked grid,seagrass_grid,2018-08-24,NA,2018,surface,10,choked_grid_d1,grid,biological,NA,NA,NA,NA,NA,NA,7.8,1000,0,51.67418423,-128.1202236,sand,NA,NA,NA,seagrass,zostera,seagrass_sand,zostera_sand,100,0.0603188,28,Metazoa,Annelida,Annelida,Phyllodocida,NA,NA,0,0,TRUE,ASV679,1,NA
edna0157,ASV1384,motu1168,Membranipora membranacea,Coffin box bryozoan,species,NA,1,NA,NA,NA,29,NA,NA,NA,NA,NA,Membranipora membranacea,Coffin box bryozoan,2018_choked-grid_surface,choked grid,seagrass_grid,2018-08-24,NA,2018,surface,10,choked_grid_d1,grid,biological,NA,NA,NA,NA,NA,NA,7.8,1000,0,51.67418423,-128.1202236,sand,NA,NA,NA,seagrass,zostera,seagrass_sand,zostera_sand,100,9.252979999999995e-139,274,Metazoa,Bryozoa,Gymnolaemata,Cheilostomatida,Membraniporidae,Membranipora,0,0,TRUE,ASV1384,2,Membranipora membranacea
edna0157,ASV1546,motu1303,Chaetognatha,Arrow worm,phylum,NA,1,NA,NA,NA,11,NA,NA,NA,NA,NA,Chaetognatha,Arrow worm,2018_choked-grid_surface,choked grid,seagrass_grid,2018-08-24,NA,2018,surface,10,choked_grid_d1,grid,biological,NA,NA,NA,NA,NA,NA,7.8,1000,0,51.67418423,-128.1202236,sand,NA,NA,NA,seagrass,zostera,seagrass_sand,zostera_sand,95.02,1.63074e-81,171,Metazoa,Chaetognatha,NA,NA,NA,NA,0,0,TRUE,ASV1546,2,NA
edna0157,ASV1492,motu1259,Membranipora membranacea,Coffin box bryozoan,species,NA,1,NA,NA,NA,33,NA,NA,NA,NA,NA,Membranipora membranacea,Coffin box bryozoan,2018_choked-grid_surface,choked grid,seagrass_grid,2018-08-24,NA,2018,surface,10,choked_grid_d1,grid,biological,NA,NA,NA,NA,NA,NA,7.8,1000,0,51.67418423,-128.1202236,sand,NA,NA,NA,seagrass,zostera,seagrass_sand,zostera_sand,100,9.252979999999995e-139,274,Metazoa,Bryozoa,Gymnolaemata,Cheilostomatida,Membraniporidae,Membranipora,0,0,TRUE,ASV1492,2,Membranipora membranacea
edna0157,ASV1748,motu1459,Chaetognatha,Arrow worm,phylum,NA,1,NA,NA,NA,6,NA,NA,NA,NA,NA,Chaetognatha,Arrow worm,2018_choked-grid_surface,choked grid,seagrass_grid,2018-08-24,NA,2018,surface,10,choked_grid_d1,grid,biological,NA,NA,NA,NA,NA,NA,7.8,1000,0,51.67418423,-128.1202236,sand,NA,NA,NA,seagrass,zostera,seagrass_sand,zostera_sand,95.02,1.63074e-81,171,Metazoa,Chaetognatha,NA,NA,NA,NA,0,0,TRUE,ASV1748,1,NA
edna0157,ASV1082,motu932,Obelia dichotoma,Sea thread hydroid,species,NA,1,NA,NA,NA,2,NA,NA,NA,NA,NA,Obelia dichotoma,Sea thread hydroid,2018_choked-grid_surface,choked grid,seagrass_grid,2018-08-24,NA,2018,surface,10,choked_grid_d1,grid,biological,NA,NA,NA,NA,NA,NA,7.8,1000,0,51.67418423,-128.1202236,sand,NA,NA,NA,seagrass,zostera,seagrass_sand,zostera_sand,100,5.353989999999996e-156,305,Metazoa,Cnidaria,Hydrozoa,Leptothecata,Campanulariidae,Obelia,0,0,TRUE,ASV1082,1,Obelia dichotoma
edna0157,ASV2172,motu1790,Paracalanus,Calanoid copepod,genus,NA,1,NA,NA,NA,4,NA,NA,NA,NA,NA,Paracalanus,Calanoid copepod,2018_choked-grid_surface,choked grid,seagrass_grid,2018-08-24,NA,2018,surface,10,choked_grid_d1,grid,biological,NA,NA,NA,NA,NA,NA,7.8,1000,0,51.67418423,-128.1202236,sand,NA,NA,NA,seagrass,zostera,seagrass_sand,zostera_sand,99.34,1.9105799999999988e-150,295,Metazoa,Arthropoda,Copepoda,Calanoida,Paracalanidae,Paracalanus,0,0,TRUE,ASV2172,1,NA
edna0157,ASV3473,motu2758,Staphylinidae,Hexapod,genus,NA,1,NA,NA,NA,4,NA,NA,NA,NA,NA,Staphylinidae,Hexapod,2018_choked-grid_surface,choked grid,seagrass_grid,2018-08-24,NA,2018,surface,10,choked_grid_d1,grid,biological,NA,NA,NA,NA,NA,NA,7.8,1000,0,51.67418423,-128.1202236,sand,NA,NA,NA,seagrass,zostera,seagrass_sand,zostera_sand,90.14,3.11539e-14,50,Metazoa,Arthropoda,Arthropoda,Coleoptera,Staphylinidae,Staphylinidae,NA,NA,TRUE,ASV3473,1,NA
edna0157,ASV3033,motu2444,Staphylinidae,Hexapod,genus,NA,1,NA,NA,NA,4,NA,NA,NA,NA,NA,Staphylinidae,Hexapod,2018_choked-grid_surface,choked grid,seagrass_grid,2018-08-24,NA,2018,surface,10,choked_grid_d1,grid,biological,NA,NA,NA,NA,NA,NA,7.8,1000,0,51.67418423,-128.1202236,sand,NA,NA,NA,seagrass,zostera,seagrass_sand,zostera_sand,90.14,3.11539e-14,50,Metazoa,Arthropoda,Arthropoda,Coleoptera,Staphylinidae,Staphylinidae,NA,NA,TRUE,ASV3033,1,NA
edna0158,ASV695,motu605,Dodecaceria,Cirratulid polychaete,genus,NA,1,NA,NA,NA,6,NA,NA,NA,NA,NA,Dodecaceria,Cirratulid polychaete,2018_choked-grid_surface,choked grid,seagrass_grid,2018-08-24,NA,2018,surface,11,choked_grid_d2,grid,biological,11.2,32.02,7.93,10.1,32.95,7.87,7.7,1000,0,51.67418091,-128.1197998,sand,NA,NA,NA,seagrass,zostera,seagrass_sand,zostera_sand,100,1.96163e-160,313,Metazoa,Annelida,Polychaeta,Terebellida,Cirratulidae,Dodecaceria,0,0,TRUE,ASV695,1,NA
edna0158,ASV1492,motu1259,Membranipora membranacea,Coffin box bryozoan,species,NA,1,NA,NA,NA,4,NA,NA,NA,NA,NA,Membranipora membranacea,Coffin box bryozoan,2018_choked-grid_surface,choked grid,seagrass_grid,2018-08-24,NA,2018,surface,11,choked_grid_d2,grid,biological,11.2,32.02,7.93,10.1,32.95,7.87,7.7,1000,0,51.67418091,-128.1197998,sand,NA,NA,NA,seagrass,zostera,seagrass_sand,zostera_sand,100,9.252979999999995e-139,274,Metazoa,Bryozoa,Gymnolaemata,Cheilostomatida,Membraniporidae,Membranipora,0,0,TRUE,ASV1492,2,Membranipora membranacea
edna0158,ASV2773,motu2242,Diplostomida,Flatworm,order,NA,1,NA,NA,NA,2,NA,NA,NA,NA,NA,Diplostomida,Flatworm,2018_choked-grid_surface,choked grid,seagrass_grid,2018-08-24,NA,2018,surface,11,choked_grid_d2,grid,biological,11.2,32.02,7.93,10.1,32.95,7.87,7.7,1000,0,51.67418091,-128.1197998,sand,NA,NA,NA,seagrass,zostera,seagrass_sand,zostera_sand,96.88,0.0144888,29,Metazoa,Platyhelminthes,Platyhelminthes,Diplostomida,NA,NA,0,0,TRUE,ASV2773,1,NA
edna0158,ASV2491,motu2028,Mytilus,Mussel species,genus,NA,1,NA,1,NA,6,NA,NA,NA,NA,14,Mytilus,Mussel species,2018_choked-grid_surface,choked grid,seagrass_grid,2018-08-24,NA,2018,surface,11,choked_grid_d2,grid,biological,11.2,32.02,7.93,10.1,32.95,7.87,7.7,1000,0,51.67418091,-128.1197998,sand,NA,NA,NA,seagrass,zostera,seagrass_sand,zostera_sand,100,3.2351099999999996e-158,309,Metazoa,Mollusca,Mollusca,Mytilida,Mytilidae,Mytilus,0,0,TRUE,ASV2491,3,NA
edna0158,ASV3033,motu2444,Staphylinidae,Hexapod,genus,NA,1,NA,NA,NA,2,NA,NA,NA,NA,NA,Staphylinidae,Hexapod,2018_choked-grid_surface,choked grid,seagrass_grid,2018-08-24,NA,2018,surface,11,choked_grid_d2,grid,biological,11.2,32.02,7.93,10.1,32.95,7.87,7.7,1000,0,51.67418091,-128.1197998,sand,NA,NA,NA,seagrass,zostera,seagrass_sand,zostera_sand,90.14,3.11539e-14,50,Metazoa,Arthropoda,Arthropoda,Coleoptera,Staphylinidae,Staphylinidae,NA,NA,TRUE,ASV3033,1,NA
edna0158,ASV3532,motu2807,Pachylaelapidae,Mite,genus,NA,1,NA,NA,NA,7,NA,NA,NA,NA,NA,Pachylaelapidae,Mite,2018_choked-grid_surface,choked grid,seagrass_grid,2018-08-24,NA,2018,surface,11,choked_grid_d2,grid,biological,11.2,32.02,7.93,10.1,32.95,7.87,7.7,1000,0,51.67418091,-128.1197998,sand,NA,NA,NA,seagrass,zostera,seagrass_sand,zostera_sand,100,0.00408744,30,Metazoa,Arthropoda,Arthropoda,Mesostigmata,NA,Pachylaelapidae,NA,NA,TRUE,ASV3532,1,NA
edna0158,ASV3252,motu2600,Manania handi,Stalked jellyfish,species,NA,1,NA,1,NA,2,NA,NA,NA,NA,12,Manania handi,Stalked jellyfish,2018_choked-grid_surface,choked grid,seagrass_grid,2018-08-24,NA,2018,surface,11,choked_grid_d2,grid,biological,11.2,32.02,7.93,10.1,32.95,7.87,7.7,1000,0,51.67418091,-128.1197998,sand,NA,NA,NA,seagrass,zostera,seagrass_sand,zostera_sand,100,3.2351099999999996e-158,309,Metazoa,Cnidaria,Cnidaria,Stauromedusae,Haliclystidae,Manania,0,0,TRUE,ASV3252,2,Manania handi
edna0158,ASV2643,motu2145,Manania handi,Stalked jellyfish,species,NA,1,NA,1,NA,8,NA,NA,NA,NA,10,Manania handi,Stalked jellyfish,2018_choked-grid_surface,choked grid,seagrass_grid,2018-08-24,NA,2018,surface,11,choked_grid_d2,grid,biological,11.2,32.02,7.93,10.1,32.95,7.87,7.7,1000,0,51.67418091,-128.1197998,sand,NA,NA,NA,seagrass,zostera,seagrass_sand,zostera_sand,100,3.2351099999999996e-158,309,Metazoa,Cnidaria,Cnidaria,Stauromedusae,Haliclystidae,Manania,0,0,TRUE,ASV2643,1,Manania handi
edna0158,ASV5454,motu4188,Solenopsis,Hexapod,genus,NA,1,NA,NA,NA,2,NA,NA,NA,NA,NA,Solenopsis,Hexapod,2018_choked-grid_surface,choked grid,seagrass_grid,2018-08-24,NA,2018,surface,11,choked_grid_d2,grid,biological,11.2,32.02,7.93,10.1,32.95,7.87,7.7,1000,0,51.67418091,-128.1197998,sand,NA,NA,NA,seagrass,zostera,seagrass_sand,zostera_sand,100,0.00113646,31,Metazoa,Arthropoda,Arthropoda,Hymenoptera,Formicoidea,Solenopsis,NA,NA,TRUE,ASV5454,1,NA
edna0159,ASV131,motu117,Lensia,Siphonophore,genus,NA,1,1,1,NA,15,9,NA,NA,NA,14,Lensia,Siphonophore,2018_choked-grid_surface,choked grid,seagrass_grid,2018-08-24,NA,2018,surface,12,choked_grid_d3,grid,biological,NA,NA,NA,NA,NA,NA,7.6,1000,0,51.67418091,-128.1193492,sand,NA,NA,NA,seagrass,zostera,seagrass_sand,zostera_sand,100,0.00408744,30,Metazoa,Cnidaria,Cnidaria,Siphonophorae,Diphyidae,Lensia,0,0,TRUE,ASV131,2,NA
edna0159,ASV216,motu190,Mytilus trossulus,Bay mussel,species,NA,1,NA,1,NA,5,NA,NA,NA,NA,24,Mytilus trossulus,Bay mussel,2018_choked-grid_surface,choked grid,seagrass_grid,2018-08-24,NA,2018,surface,12,choked_grid_d3,grid,biological,NA,NA,NA,NA,NA,NA,7.6,1000,0,51.67418091,-128.1193492,sand,NA,NA,NA,seagrass,zostera,seagrass_sand,zostera_sand,100,3.2351099999999996e-158,309,Metazoa,Mollusca,Mollusca,Mytilida,Mytilidae,Mytilus,0,0,TRUE,ASV216,23,Mytilus trossulus
edna0159,ASV377,motu334,Synchaeta pectinata,Rotifer,species,NA,1,NA,1,NA,3,NA,NA,NA,NA,11,Synchaeta pectinata,Rotifer,2018_choked-grid_surface,choked grid,seagrass_grid,2018-08-24,NA,2018,surface,12,choked_grid_d3,grid,biological,NA,NA,NA,NA,NA,NA,7.6,1000,0,51.67418091,-128.1193492,sand,NA,NA,NA,seagrass,zostera,seagrass_sand,zostera_sand,90.48,1.6452299999999999e-111,225,Metazoa,Rotifera,Eurotatoria,Ploima,Synchaetidae,Synchaeta,0,0,TRUE,ASV377,5,Synchaeta pectinata
edna0159,ASV365,motu31,Centropages abdominalis,Calanoid copepod,species,NA,1,NA,1,NA,9,NA,NA,NA,NA,23,Centropages abdominalis,Calanoid copepod,2018_choked-grid_surface,choked grid,seagrass_grid,2018-08-24,NA,2018,surface,12,choked_grid_d3,grid,biological,NA,NA,NA,NA,NA,NA,7.6,1000,0,51.67418091,-128.1193492,sand,NA,NA,NA,seagrass,zostera,seagrass_sand,zostera_sand,99.68,9.126599999999999e-159,310,Metazoa,Arthropoda,Copepoda,Calanoida,Centropagidae,Centropages,0,0,TRUE,ASV34,19,Centropages abdominalis
edna0159,ASV1187,motu1015,Balanus,Barnacle species,genus,NA,1,NA,NA,NA,2,NA,NA,NA,NA,NA,Balanus,Barnacle species,2018_choked-grid_surface,choked grid,seagrass_grid,2018-08-24,NA,2018,surface,12,choked_grid_d3,grid,biological,NA,NA,NA,NA,NA,NA,7.6,1000,0,51.67418091,-128.1193492,sand,NA,NA,NA,seagrass,zostera,seagrass_sand,zostera_sand,100,1.4886099999999998e-156,306,Metazoa,Arthropoda,Arthropoda,Balanomorpha,Balanidae,Balanus,0,0,TRUE,ASV1187,5,NA
edna0159,ASV679,motu591,Phyllodocida,Polychaete,order,NA,1,NA,1,NA,6,NA,NA,NA,NA,23,Phyllodocida,Polychaete,2018_choked-grid_surface,choked grid,seagrass_grid,2018-08-24,NA,2018,surface,12,choked_grid_d3,grid,biological,NA,NA,NA,NA,NA,NA,7.6,1000,0,51.67418091,-128.1193492,sand,NA,NA,NA,seagrass,zostera,seagrass_sand,zostera_sand,100,0.0603188,28,Metazoa,Annelida,Annelida,Phyllodocida,NA,NA,0,0,TRUE,ASV679,1,NA
edna0159,ASV1384,motu1168,Membranipora membranacea,Coffin box bryozoan,species,NA,1,NA,NA,NA,39,NA,NA,NA,NA,NA,Membranipora membranacea,Coffin box bryozoan,2018_choked-grid_surface,choked grid,seagrass_grid,2018-08-24,NA,2018,surface,12,choked_grid_d3,grid,biological,NA,NA,NA,NA,NA,NA,7.6,1000,0,51.67418091,-128.1193492,sand,NA,NA,NA,seagrass,zostera,seagrass_sand,zostera_sand,100,9.252979999999995e-139,274,Metazoa,Bryozoa,Gymnolaemata,Cheilostomatida,Membraniporidae,Membranipora,0,0,TRUE,ASV1384,2,Membranipora membranacea
edna0159,ASV1502,motu1269,Oithona similis,Cyclopoid copepod,species,NA,1,NA,NA,NA,8,NA,NA,NA,NA,NA,Oithona similis,Cyclopoid copepod,2018_choked-grid_surface,choked grid,seagrass_grid,2018-08-24,NA,2018,surface,12,choked_grid_d3,grid,biological,NA,NA,NA,NA,NA,NA,7.6,1000,0,51.67418091,-128.1193492,sand,NA,NA,NA,seagrass,zostera,seagrass_sand,zostera_sand,96.17,2.0179399999999996e-140,277,Metazoa,Arthropoda,Copepoda,Cyclopoida,Oithonidae,Oithona,0,0,TRUE,ASV1502,1,Oithona similis
edna0159,ASV1040,motu897,Oithona similis,Cyclopoid copepod,species,NA,1,NA,1,NA,7,NA,NA,NA,NA,11,Oithona similis,Cyclopoid copepod,2018_choked-grid_surface,choked grid,seagrass_grid,2018-08-24,NA,2018,surface,12,choked_grid_d3,grid,biological,NA,NA,NA,NA,NA,NA,7.6,1000,0,51.67418091,-128.1193492,sand,NA,NA,NA,seagrass,zostera,seagrass_sand,zostera_sand,96.17,2.0179399999999996e-140,277,Metazoa,Arthropoda,Copepoda,Cyclopoida,Oithonidae,Oithona,0,0,TRUE,ASV1040,1,Oithona similis
edna0159,ASV2031,motu1681,Membranipora membranacea,Coffin box bryozoan,species,NA,1,NA,NA,NA,19,NA,NA,NA,NA,NA,Membranipora membranacea,Coffin box bryozoan,2018_choked-grid_surface,choked grid,seagrass_grid,2018-08-24,NA,2018,surface,12,choked_grid_d3,grid,biological,NA,NA,NA,NA,NA,NA,7.6,1000,0,51.67418091,-128.1193492,sand,NA,NA,NA,seagrass,zostera,seagrass_sand,zostera_sand,100,9.252979999999995e-139,274,Metazoa,Bryozoa,Gymnolaemata,Cheilostomatida,Membraniporidae,Membranipora,0,0,TRUE,ASV2031,1,Membranipora membranacea
edna0159,ASV1431,motu1208,Paracalanus,Calanoid copepod,genus,NA,1,1,1,NA,12,5,NA,NA,NA,17,Paracalanus,Calanoid copepod,2018_choked-grid_surface,choked grid,seagrass_grid,2018-08-24,NA,2018,surface,12,choked_grid_d3,grid,biological,NA,NA,NA,NA,NA,NA,7.6,1000,0,51.67418091,-128.1193492,sand,NA,NA,NA,seagrass,zostera,seagrass_sand,zostera_sand,99.01,2.4714899999999987e-149,293,Metazoa,Arthropoda,Arthropoda,Calanoida,Paracalanidae,Paracalanus,0,0,TRUE,ASV1431,2,NA
edna0159,ASV1729,motu1443,Paracalanus,Calanoid copepod,genus,NA,1,NA,NA,NA,3,NA,NA,NA,NA,NA,Paracalanus,Calanoid copepod,2018_choked-grid_surface,choked grid,seagrass_grid,2018-08-24,NA,2018,surface,12,choked_grid_d3,grid,biological,NA,NA,NA,NA,NA,NA,7.6,1000,0,51.67418091,-128.1193492,sand,NA,NA,NA,seagrass,zostera,seagrass_sand,zostera_sand,99.01,2.4714899999999987e-149,293,Metazoa,Arthropoda,Arthropoda,Calanoida,Paracalanidae,Paracalanus,0,0,TRUE,ASV1729,2,NA
edna0159,ASV1654,motu1388,Paleanotus bellis,Golden petal worm,species,NA,1,NA,1,NA,5,NA,NA,NA,NA,13,Paleanotus bellis,Golden petal worm,2018_choked-grid_surface,choked grid,seagrass_grid,2018-08-24,NA,2018,surface,12,choked_grid_d3,grid,biological,NA,NA,NA,NA,NA,NA,7.6,1000,0,51.67418091,-128.1193492,sand,NA,NA,NA,seagrass,zostera,seagrass_sand,zostera_sand,100,3.2351099999999996e-158,309,Metazoa,Annelida,Polychaeta,Phyllodocida,Chrysopetalidae,Paleanotus,0,0,TRUE,ASV1654,4,Paleanotus bellis
edna0159,ASV1408,motu343,Dodecaceria,Cirratulid polychaete,genus,NA,1,NA,NA,NA,7,NA,NA,NA,NA,NA,Dodecaceria,Cirratulid polychaete,2018_choked-grid_surface,choked grid,seagrass_grid,2018-08-24,NA,2018,surface,12,choked_grid_d3,grid,biological,NA,NA,NA,NA,NA,NA,7.6,1000,0,51.67418091,-128.1193492,sand,NA,NA,NA,seagrass,zostera,seagrass_sand,zostera_sand,100,7.02982e-160,312,Metazoa,Annelida,Polychaeta,Terebellida,Cirratulidae,Dodecaceria,0,0,TRUE,ASV390,6,NA
edna0159,ASV1923,motu1600,Nudibranchia,Nudibranch species,order,NA,1,NA,NA,NA,2,NA,NA,NA,NA,NA,Nudibranchia,Nudibranch species,2018_choked-grid_surface,choked grid,seagrass_grid,2018-08-24,NA,2018,surface,12,choked_grid_d3,grid,biological,NA,NA,NA,NA,NA,NA,7.6,1000,0,51.67418091,-128.1193492,sand,NA,NA,NA,seagrass,zostera,seagrass_sand,zostera_sand,100,1.96163e-160,313,Metazoa,Mollusca,Mollusca,Nudibranchia,NA,NA,0,0,TRUE,ASV1923,1,NA
edna0159,ASV3325,motu2652,Membraniporidae,Bryozoan,family,NA,1,NA,NA,NA,6,NA,NA,NA,NA,NA,Membraniporidae,Bryozoan,2018_choked-grid_surface,choked grid,seagrass_grid,2018-08-24,NA,2018,surface,12,choked_grid_d3,grid,biological,NA,NA,NA,NA,NA,NA,7.6,1000,0,51.67418091,-128.1193492,sand,NA,NA,NA,seagrass,zostera,seagrass_sand,zostera_sand,90.95,6.1511e-76,161,Metazoa,Bryozoa,Bryozoa,Cheilostomatida,Membraniporidae,NA,0,0,TRUE,ASV3325,1,NA
edna0159,ASV2326,motu1914,Membraniporidae,Bryozoan,family,NA,1,NA,1,NA,15,NA,NA,NA,NA,48,Membraniporidae,Bryozoan,2018_choked-grid_surface,choked grid,seagrass_grid,2018-08-24,NA,2018,surface,12,choked_grid_d3,grid,biological,NA,NA,NA,NA,NA,NA,7.6,1000,0,51.67418091,-128.1193492,sand,NA,NA,NA,seagrass,zostera,seagrass_sand,zostera_sand,90.95,6.1511e-76,161,Metazoa,Bryozoa,Bryozoa,Cheilostomatida,Membraniporidae,NA,0,0,TRUE,ASV2326,1,NA
edna0159,ASV4237,motu1259,Membranipora,Bryozoan,genus,NA,1,NA,NA,NA,26,NA,NA,NA,NA,NA,Membranipora membranacea,Coffin box bryozoan,2018_choked-grid_surface,choked grid,seagrass_grid,2018-08-24,NA,2018,surface,12,choked_grid_d3,grid,biological,NA,NA,NA,NA,NA,NA,7.6,1000,0,51.67418091,-128.1193492,sand,NA,NA,NA,seagrass,zostera,seagrass_sand,zostera_sand,99.35,7.002779999999996e-155,303,Metazoa,Bryozoa,Bryozoa,Cheilostomatida,Membraniporidae,Membranipora,0,0,TRUE,ASV1492,2,NA
edna0159,ASV2150,motu1772,Synchaeta grimpei,Rotifer,species,NA,1,1,1,NA,3,9,NA,NA,NA,15,Synchaeta grimpei,Rotifer,2018_choked-grid_surface,choked grid,seagrass_grid,2018-08-24,NA,2018,surface,12,choked_grid_d3,grid,biological,NA,NA,NA,NA,NA,NA,7.6,1000,0,51.67418091,-128.1193492,sand,NA,NA,NA,seagrass,zostera,seagrass_sand,zostera_sand,91.45,4.459999999999999e-112,226,Metazoa,Rotifera,Eurotatoria,Ploima,Synchaetidae,Synchaeta,0,0,TRUE,ASV2150,2,Synchaeta grimpei
edna0159,ASV3033,motu2444,Staphylinidae,Hexapod,genus,NA,1,NA,1,NA,3,NA,NA,NA,NA,4,Staphylinidae,Hexapod,2018_choked-grid_surface,choked grid,seagrass_grid,2018-08-24,NA,2018,surface,12,choked_grid_d3,grid,biological,NA,NA,NA,NA,NA,NA,7.6,1000,0,51.67418091,-128.1193492,sand,NA,NA,NA,seagrass,zostera,seagrass_sand,zostera_sand,90.14,3.11539e-14,50,Metazoa,Arthropoda,Arthropoda,Coleoptera,Staphylinidae,Staphylinidae,NA,NA,TRUE,ASV3033,1,NA
edna0159,ASV3829,motu1191,Membranipora membranacea,Coffin box bryozoan,species,NA,1,NA,NA,NA,5,NA,NA,NA,NA,NA,Membranipora membranacea,Coffin box bryozoan,2018_choked-grid_surface,choked grid,seagrass_grid,2018-08-24,NA,2018,surface,12,choked_grid_d3,grid,biological,NA,NA,NA,NA,NA,NA,7.6,1000,0,51.67418091,-128.1193492,sand,NA,NA,NA,seagrass,zostera,seagrass_sand,zostera_sand,100,5.610619999999999e-141,278,Metazoa,Bryozoa,Gymnolaemata,Cheilostomatida,Membraniporidae,Membranipora,0,0,TRUE,ASV1410,2,Membranipora membranacea
edna0159,ASV3532,motu2807,Pachylaelapidae,Mite,genus,NA,1,NA,NA,NA,3,NA,NA,NA,NA,NA,Pachylaelapidae,Mite,2018_choked-grid_surface,choked grid,seagrass_grid,2018-08-24,NA,2018,surface,12,choked_grid_d3,grid,biological,NA,NA,NA,NA,NA,NA,7.6,1000,0,51.67418091,-128.1193492,sand,NA,NA,NA,seagrass,zostera,seagrass_sand,zostera_sand,100,0.00408744,30,Metazoa,Arthropoda,Arthropoda,Mesostigmata,NA,Pachylaelapidae,NA,NA,TRUE,ASV3532,1,NA
edna0159,ASV2731,motu2213,Pachylaelapidae,Mite,genus,NA,1,NA,1,NA,3,NA,NA,NA,NA,10,Pachylaelapidae,Mite,2018_choked-grid_surface,choked grid,seagrass_grid,2018-08-24,NA,2018,surface,12,choked_grid_d3,grid,biological,NA,NA,NA,NA,NA,NA,7.6,1000,0,51.67418091,-128.1193492,sand,NA,NA,NA,seagrass,zostera,seagrass_sand,zostera_sand,100,0.00408744,30,Metazoa,Arthropoda,Arthropoda,Mesostigmata,NA,Pachylaelapidae,NA,NA,TRUE,ASV2731,2,NA
edna0159,ASV4420,motu1896,Membranipora membranacea,Coffin box bryozoan,species,NA,1,NA,NA,NA,9,NA,NA,NA,NA,NA,Membranipora membranacea,Coffin box bryozoan,2018_choked-grid_surface,choked grid,seagrass_grid,2018-08-24,NA,2018,surface,12,choked_grid_d3,grid,biological,NA,NA,NA,NA,NA,NA,7.6,1000,0,51.67418091,-128.1193492,sand,NA,NA,NA,seagrass,zostera,seagrass_sand,zostera_sand,100,5.610619999999999e-141,278,Metazoa,Bryozoa,Gymnolaemata,Cheilostomatida,Membraniporidae,Membranipora,0,0,TRUE,ASV2302,3,Membranipora membranacea
edna0159,ASV3151,motu412,Saxidomus gigantea,Butter clam,species,NA,1,1,1,NA,31,33,NA,NA,NA,41,Saxidomus,Washington clam species,2018_choked-grid_surface,choked grid,seagrass_grid,2018-08-24,NA,2018,surface,12,choked_grid_d3,grid,biological,NA,NA,NA,NA,NA,NA,7.6,1000,0,51.67418091,-128.1193492,sand,NA,NA,NA,seagrass,zostera,seagrass_sand,zostera_sand,99.68,9.126599999999999e-159,310,Metazoa,Mollusca,Mollusca,Venerida,Veneridae,Saxidomus,0,0,TRUE,ASV467,12,Saxidomus gigantea
edna0109,ASV34,motu31,Centropages abdominalis,Calanoid copepod,species,NA,1,1,1,NA,8,3,8,6,NA,9,Centropages abdominalis,Calanoid copepod,2018_sni2_surface,sni2,beach_seine,2018-07-18,2018-07-16,2018,surface,1,edna_sni2_00,surface,biological,15.1,26.73,8.39,10.6,30.27,8.23,5.8,1000,0,51.817402800000004,-128.0302233,cobble,n,70,p,macroalgae,algae,macroalgae_cobble,algae_cobble,100,1.96163e-160,313,Metazoa,Arthropoda,Copepoda,Calanoida,Centropagidae,Centropages,0,0,TRUE,ASV34,19,Centropages abdominalis
edna0109,ASV143,motu128,Centropages abdominalis,Calanoid copepod,species,NA,1,NA,NA,NA,7,NA,NA,NA,NA,NA,Centropages abdominalis,Calanoid copepod,2018_sni2_surface,sni2,beach_seine,2018-07-18,2018-07-16,2018,surface,1,edna_sni2_00,surface,biological,15.1,26.73,8.39,10.6,30.27,8.23,5.8,1000,0,51.817402800000004,-128.0302233,cobble,n,70,p,macroalgae,algae,macroalgae_cobble,algae_cobble,100,1.96163e-160,313,Metazoa,Arthropoda,Copepoda,Calanoida,Centropagidae,Centropages,0,0,TRUE,ASV143,11,Centropages abdominalis
edna0109,ASV118,motu105,Mesocentrotus franciscanus,Red sea urchin,species,NA,1,NA,1,NA,328,NA,323,205,NA,148,Mesocentrotus franciscanus,Red sea urchin,2018_sni2_surface,sni2,beach_seine,2018-07-18,2018-07-16,2018,surface,1,edna_sni2_00,surface,biological,15.1,26.73,8.39,10.6,30.27,8.23,5.8,1000,0,51.817402800000004,-128.0302233,cobble,n,70,p,macroalgae,algae,macroalgae_cobble,algae_cobble,100,2.51921e-159,311,Metazoa,Echinodermata,Echinoidea,Camarodonta,Strongylocentrotidae,Mesocentrotus,0,0,TRUE,ASV118,8,Mesocentrotus franciscanus
edna0109,ASV226,motu199,Mytilus trossulus,Bay mussel,species,NA,1,NA,NA,NA,36,NA,NA,NA,NA,NA,Mytilus trossulus,Bay mussel,2018_sni2_surface,sni2,beach_seine,2018-07-18,2018-07-16,2018,surface,1,edna_sni2_00,surface,biological,15.1,26.73,8.39,10.6,30.27,8.23,5.8,1000,0,51.817402800000004,-128.0302233,cobble,n,70,p,macroalgae,algae,macroalgae_cobble,algae_cobble,100,3.2351099999999996e-158,309,Metazoa,Mollusca,Mollusca,Mytilida,Mytilidae,Mytilus,0,0,TRUE,ASV226,18,Mytilus trossulus
edna0109,ASV324,motu285,Paracalanus parvus parvus,Calanoid copepod,species,NA,1,1,1,NA,9,5,14,23,NA,10,Paracalanus parvus parvus,Calanoid copepod,2018_sni2_surface,sni2,beach_seine,2018-07-18,2018-07-16,2018,surface,1,edna_sni2_00,surface,biological,15.1,26.73,8.39,10.6,30.27,8.23,5.8,1000,0,51.817402800000004,-128.0302233,cobble,n,70,p,macroalgae,algae,macroalgae_cobble,algae_cobble,100,1.17454e-132,263,Metazoa,Arthropoda,Copepoda,Calanoida,Paracalanidae,Paracalanus,0,0,TRUE,ASV324,6,Paracalanus parvus parvus
edna0109,ASV772,motu672,Parastenocarididae,Harpacticoid copepod,family,NA,1,NA,NA,NA,32,NA,NA,NA,NA,NA,Parastenocarididae,Harpacticoid copepod,2018_sni2_surface,sni2,beach_seine,2018-07-18,2018-07-16,2018,surface,1,edna_sni2_00,surface,biological,15.1,26.73,8.39,10.6,30.27,8.23,5.8,1000,0,51.817402800000004,-128.0302233,cobble,n,70,p,macroalgae,algae,macroalgae_cobble,algae_cobble,94.59,0.00408744,30,Metazoa,Arthropoda,Arthropoda,Harpacticoida,Parastenocarididae,NA,1,0,TRUE,ASV772,1,NA
edna0109,ASV1095,motu942,Balanus,Barnacle species,genus,NA,1,NA,NA,NA,3,NA,NA,NA,NA,NA,Balanus,Barnacle species,2018_sni2_surface,sni2,beach_seine,2018-07-18,2018-07-16,2018,surface,1,edna_sni2_00,surface,biological,15.1,26.73,8.39,10.6,30.27,8.23,5.8,1000,0,51.817402800000004,-128.0302233,cobble,n,70,p,macroalgae,algae,macroalgae_cobble,algae_cobble,100,1.4886099999999998e-156,306,Metazoa,Arthropoda,Arthropoda,Balanomorpha,Balanidae,Balanus,0,0,TRUE,ASV1095,4,NA
edna0109,ASV679,motu591,Phyllodocida,Polychaete,order,NA,1,NA,1,NA,14,NA,NA,7,NA,NA,Phyllodocida,Polychaete,2018_sni2_surface,sni2,beach_seine,2018-07-18,2018-07-16,2018,surface,1,edna_sni2_00,surface,biological,15.1,26.73,8.39,10.6,30.27,8.23,5.8,1000,0,51.817402800000004,-128.0302233,cobble,n,70,p,macroalgae,algae,macroalgae_cobble,algae_cobble,100,0.0603188,28,Metazoa,Annelida,Annelida,Phyllodocida,NA,NA,0,0,TRUE,ASV679,1,NA
edna0109,ASV1046,motu902,Arthropoda,Unknown arthropod,phylum,NA,1,1,NA,NA,6,7,NA,NA,NA,NA,Arthropoda,Unknown arthropod,2018_sni2_surface,sni2,beach_seine,2018-07-18,2018-07-16,2018,surface,1,edna_sni2_00,surface,biological,15.1,26.73,8.39,10.6,30.27,8.23,5.8,1000,0,51.817402800000004,-128.0302233,cobble,n,70,p,macroalgae,algae,macroalgae_cobble,algae_cobble,94.87,8.78538e-5,33,Metazoa,Arthropoda,NA,NA,NA,NA,NA,NA,TRUE,ASV1046,4,NA
edna0109,ASV3048,motu2456,Semibalanus balanoides,Common rock barnacle,species,NA,1,NA,NA,NA,2,NA,NA,NA,NA,NA,Semibalanus balanoides,Common rock barnacle,2018_sni2_surface,sni2,beach_seine,2018-07-18,2018-07-16,2018,surface,1,edna_sni2_00,surface,biological,15.1,26.73,8.39,10.6,30.27,8.23,5.8,1000,0,51.817402800000004,-128.0302233,cobble,n,70,p,macroalgae,algae,macroalgae_cobble,algae_cobble,100,1.96163e-160,313,Metazoa,Arthropoda,Thecostraca,Balanomorpha,Balanidae,Semibalanus,0,0,TRUE,ASV3048,1,Semibalanus balanoides
edna0114,ASV452,motu183,Euchlanidae,Rotifer,family,NA,1,NA,NA,NA,61,NA,NA,NA,NA,NA,No Results,No Results,2018_koeye-estuary_surface,koeye estuary,seagrass,2018-08-14,NA,2018,surface,3,edna_ko_e3_30,repeat-surface,biological,NA,NA,NA,NA,NA,NA,3.5,1000,0,51.77929649,-127.871914,sand,NA,NA,NA,seagrass,zostera,seagrass_sand,zostera_sand,91.35,3.005919999999998e-29,77,Metazoa,Rotifera,Rotifera,Ploima,Euchlanidae,NA,1,NA,TRUE,ASV208,2,NA
edna0114,ASV536,motu470,Paracalanus parvus parvus,Calanoid copepod,species,NA,1,NA,NA,NA,59,NA,NA,NA,NA,NA,Paracalanus parvus parvus,Calanoid copepod,2018_koeye-estuary_surface,koeye estuary,seagrass,2018-08-14,NA,2018,surface,3,edna_ko_e3_30,repeat-surface,biological,NA,NA,NA,NA,NA,NA,3.5,1000,0,51.77929649,-127.871914,sand,NA,NA,NA,seagrass,zostera,seagrass_sand,zostera_sand,100,1.17454e-132,263,Metazoa,Arthropoda,Copepoda,Calanoida,Paracalanidae,Paracalanus,0,0,TRUE,ASV536,6,Paracalanus parvus parvus
edna0114,ASV324,motu285,Paracalanus parvus parvus,Calanoid copepod,species,NA,1,NA,1,NA,17,NA,NA,NA,NA,37,Paracalanus parvus parvus,Calanoid copepod,2018_koeye-estuary_surface,koeye estuary,seagrass,2018-08-14,NA,2018,surface,3,edna_ko_e3_30,repeat-surface,biological,NA,NA,NA,NA,NA,NA,3.5,1000,0,51.77929649,-127.871914,sand,NA,NA,NA,seagrass,zostera,seagrass_sand,zostera_sand,100,1.17454e-132,263,Metazoa,Arthropoda,Copepoda,Calanoida,Paracalanidae,Paracalanus,0,0,TRUE,ASV324,6,Paracalanus parvus parvus
edna0114,ASV713,motu350,Synchaeta pectinata,Rotifer,species,NA,1,NA,1,NA,7,NA,5,NA,NA,NA,Synchaeta pectinata,Rotifer,2018_koeye-estuary_surface,koeye estuary,seagrass,2018-08-14,NA,2018,surface,3,edna_ko_e3_30,repeat-surface,biological,NA,NA,NA,NA,NA,NA,3.5,1000,0,51.77929649,-127.871914,sand,NA,NA,NA,seagrass,zostera,seagrass_sand,zostera_sand,90.79,3.5361899999999996e-113,228,Metazoa,Rotifera,Eurotatoria,Ploima,Synchaetidae,Synchaeta,0,0,TRUE,ASV398,4,Synchaeta pectinata
edna0114,ASV2517,motu2050,Pseudocalanus mimus,Calanoid copepod,species,NA,1,NA,NA,NA,47,NA,NA,NA,NA,NA,Pseudocalanus mimus,Calanoid copepod,2018_koeye-estuary_surface,koeye estuary,seagrass,2018-08-14,NA,2018,surface,3,edna_ko_e3_30,repeat-surface,biological,NA,NA,NA,NA,NA,NA,3.5,1000,0,51.77929649,-127.871914,sand,NA,NA,NA,seagrass,zostera,seagrass_sand,zostera_sand,98.68,9.256649999999999e-149,292,Metazoa,Arthropoda,Copepoda,Calanoida,Clausocalanidae,Pseudocalanus,0,0,TRUE,ASV2517,1,Pseudocalanus mimus
edna0114,ASV3199,motu285,Paracalanus,Calanoid copepod,genus,NA,1,NA,NA,NA,48,NA,NA,NA,NA,NA,Paracalanus parvus parvus,Calanoid copepod,2018_koeye-estuary_surface,koeye estuary,seagrass,2018-08-14,NA,2018,surface,3,edna_ko_e3_30,repeat-surface,biological,NA,NA,NA,NA,NA,NA,3.5,1000,0,51.77929649,-127.871914,sand,NA,NA,NA,seagrass,zostera,seagrass_sand,zostera_sand,99.34,5.31212e-151,296,Metazoa,Arthropoda,Arthropoda,Calanoida,Paracalanidae,Paracalanus,0,0,TRUE,ASV324,6,NA
edna0114,ASV2296,motu1890,Insecta,Hexapod,class,NA,1,NA,1,NA,18,NA,NA,NA,NA,5,Insecta,Hexapod,2018_koeye-estuary_surface,koeye estuary,seagrass,2018-08-14,NA,2018,surface,3,edna_ko_e3_30,repeat-surface,biological,NA,NA,NA,NA,NA,NA,3.5,1000,0,51.77929649,-127.871914,sand,NA,NA,NA,seagrass,zostera,seagrass_sand,zostera_sand,90.91,1.07393e-43,103,Metazoa,Arthropoda,Arthropoda,NA,NA,NA,NA,NA,TRUE,ASV2296,3,NA
edna0114,ASV3146,motu2524,Paracalanus,Calanoid copepod,genus,NA,1,NA,NA,NA,6,NA,NA,NA,NA,NA,Paracalanus,Calanoid copepod,2018_koeye-estuary_surface,koeye estuary,seagrass,2018-08-14,NA,2018,surface,3,edna_ko_e3_30,repeat-surface,biological,NA,NA,NA,NA,NA,NA,3.5,1000,0,51.77929649,-127.871914,sand,NA,NA,NA,seagrass,zostera,seagrass_sand,zostera_sand,99.34,1.9105799999999988e-150,295,Metazoa,Arthropoda,Copepoda,Calanoida,Paracalanidae,Paracalanus,0,0,TRUE,ASV3146,1,NA
edna0114,ASV2010,motu1396,Acartia (Acartiura) longiremis,Calanoid copepod,species,NA,1,1,1,NA,87,61,80,64,NA,62,Acartia (Acartiura) longiremis,Calanoid copepod,2018_koeye-estuary_surface,koeye estuary,seagrass,2018-08-14,NA,2018,surface,3,edna_ko_e3_30,repeat-surface,biological,NA,NA,NA,NA,NA,NA,3.5,1000,0,51.77929649,-127.871914,sand,NA,NA,NA,seagrass,zostera,seagrass_sand,zostera_sand,99.04,5.492799999999996e-156,305,Metazoa,Arthropoda,Copepoda,Calanoida,Acartiidae,Acartia,0,0,TRUE,ASV1668,3,Acartia (Acartiura) longiremis
edna0114,ASV2376,motu1949,Euphausia pacifica,North Pacific krill,species,NA,1,NA,NA,NA,2,NA,NA,NA,NA,NA,Euphausia pacifica,North Pacific krill,2018_koeye-estuary_surface,koeye estuary,seagrass,2018-08-14,NA,2018,surface,3,edna_ko_e3_30,repeat-surface,biological,NA,NA,NA,NA,NA,NA,3.5,1000,0,51.77929649,-127.871914,sand,NA,NA,NA,seagrass,zostera,seagrass_sand,zostera_sand,100,3.2351099999999996e-158,309,Metazoa,Arthropoda,Malacostraca,Euphausiacea,Euphausiidae,Euphausia,0,0,TRUE,ASV2376,1,Euphausia pacifica
edna0114,ASV3532,motu2807,Pachylaelapidae,Mite,genus,NA,1,NA,NA,NA,5,NA,NA,NA,NA,NA,Pachylaelapidae,Mite,2018_koeye-estuary_surface,koeye estuary,seagrass,2018-08-14,NA,2018,surface,3,edna_ko_e3_30,repeat-surface,biological,NA,NA,NA,NA,NA,NA,3.5,1000,0,51.77929649,-127.871914,sand,NA,NA,NA,seagrass,zostera,seagrass_sand,zostera_sand,100,0.00408744,30,Metazoa,Arthropoda,Arthropoda,Mesostigmata,NA,Pachylaelapidae,NA,NA,TRUE,ASV3532,1,NA
edna0114,ASV4609,motu3578,Neritidae,Nerite snail species,family,NA,1,NA,NA,NA,2,NA,NA,NA,NA,NA,Neritidae,Nerite snail species,2018_koeye-estuary_surface,koeye estuary,seagrass,2018-08-14,NA,2018,surface,3,edna_ko_e3_30,repeat-surface,biological,NA,NA,NA,NA,NA,NA,3.5,1000,0,51.77929649,-127.871914,sand,NA,NA,NA,seagrass,zostera,seagrass_sand,zostera_sand,90,6.69344e-6,35,Metazoa,Mollusca,Mollusca,Cycloneritida,Neritidae,NA,0,0,TRUE,ASV4609,1,NA
edna0114,ASV5454,motu4188,Solenopsis,Hexapod,genus,NA,1,NA,NA,NA,9,NA,NA,NA,NA,NA,Solenopsis,Hexapod,2018_koeye-estuary_surface,koeye estuary,seagrass,2018-08-14,NA,2018,surface,3,edna_ko_e3_30,repeat-surface,biological,NA,NA,NA,NA,NA,NA,3.5,1000,0,51.77929649,-127.871914,sand,NA,NA,NA,seagrass,zostera,seagrass_sand,zostera_sand,100,0.00113646,31,Metazoa,Arthropoda,Arthropoda,Hymenoptera,Formicoidea,Solenopsis,NA,NA,TRUE,ASV5454,1,NA
edna0131,ASV242,motu213,Balanus glandula,Acorn barnacle,species,NA,1,NA,NA,NA,8,NA,NA,NA,NA,NA,Balanus glandula,Acorn barnacle,2018_pruth-grid_surface,pruth grid,seagrass_grid,2018-08-23,NA,2018,surface,2,pruth_grid_a2,grid,biological,15.4,26.16,8.42,11.9,32.15,7.96,6.1,955,0,51.64679413,-128.1197583,sand,NA,NA,NA,seagrass,zostera,seagrass_sand,zostera_sand,100,3.2351099999999996e-158,309,Metazoa,Arthropoda,Thecostraca,Balanomorpha,Balanidae,Balanus,0,0,TRUE,ASV242,15,Balanus glandula
edna0131,ASV352,motu311,Synchaeta vorax,Rotifer,species,NA,1,NA,1,NA,9,NA,NA,6,NA,NA,Synchaeta vorax,Rotifer,2018_pruth-grid_surface,pruth grid,seagrass_grid,2018-08-23,NA,2018,surface,2,pruth_grid_a2,grid,biological,15.4,26.16,8.42,11.9,32.15,7.96,6.1,955,0,51.64679413,-128.1197583,sand,NA,NA,NA,seagrass,zostera,seagrass_sand,zostera_sand,98.08,7.129989999999999e-150,294,Metazoa,Rotifera,Eurotatoria,Ploima,Synchaetidae,Synchaeta,0,0,TRUE,ASV352,4,Synchaeta vorax
edna0131,ASV312,motu274,Synchaeta baltica,Rotifer,species,NA,1,1,NA,NA,38,15,NA,NA,NA,NA,Synchaeta baltica,Rotifer,2018_pruth-grid_surface,pruth grid,seagrass_grid,2018-08-23,NA,2018,surface,2,pruth_grid_a2,grid,biological,15.4,26.16,8.42,11.9,32.15,7.96,6.1,955,0,51.64679413,-128.1197583,sand,NA,NA,NA,seagrass,zostera,seagrass_sand,zostera_sand,90.45,5.9173e-111,224,Metazoa,Rotifera,Eurotatoria,Ploima,Synchaetidae,Synchaeta,0,0,TRUE,ASV312,1,Synchaeta baltica
edna0131,ASV346,motu306,Synchaeta vorax,Rotifer,species,NA,1,1,1,NA,9,3,3,2,NA,NA,Synchaeta vorax,Rotifer,2018_pruth-grid_surface,pruth grid,seagrass_grid,2018-08-23,NA,2018,surface,2,pruth_grid_a2,grid,biological,15.4,26.16,8.42,11.9,32.15,7.96,6.1,955,0,51.64679413,-128.1197583,sand,NA,NA,NA,seagrass,zostera,seagrass_sand,zostera_sand,98.08,7.129989999999999e-150,294,Metazoa,Rotifera,Eurotatoria,Ploima,Synchaetidae,Synchaeta,0,0,TRUE,ASV346,5,Synchaeta vorax
edna0131,ASV356,motu315,Synchaeta baltica,Rotifer,species,NA,1,1,NA,NA,20,11,NA,NA,NA,NA,Synchaeta baltica,Rotifer,2018_pruth-grid_surface,pruth grid,seagrass_grid,2018-08-23,NA,2018,surface,2,pruth_grid_a2,grid,biological,15.4,26.16,8.42,11.9,32.15,7.96,6.1,955,0,51.64679413,-128.1197583,sand,NA,NA,NA,seagrass,zostera,seagrass_sand,zostera_sand,90.45,5.9173e-111,224,Metazoa,Rotifera,Eurotatoria,Ploima,Synchaetidae,Synchaeta,0,0,TRUE,ASV356,1,Synchaeta baltica
edna0131,ASV733,motu637,Phyllodocida,Polychaete,order,NA,1,NA,1,NA,5,NA,NA,NA,NA,7,Phyllodocida,Polychaete,2018_pruth-grid_surface,pruth grid,seagrass_grid,2018-08-23,NA,2018,surface,2,pruth_grid_a2,grid,biological,15.4,26.16,8.42,11.9,32.15,7.96,6.1,955,0,51.64679413,-128.1197583,sand,NA,NA,NA,seagrass,zostera,seagrass_sand,zostera_sand,100,0.0603188,28,Metazoa,Annelida,Annelida,Phyllodocida,NA,NA,0,0,TRUE,ASV733,1,NA
edna0131,ASV1546,motu1303,Chaetognatha,Arrow worm,phylum,NA,1,NA,NA,NA,6,NA,NA,NA,NA,NA,Chaetognatha,Arrow worm,2018_pruth-grid_surface,pruth grid,seagrass_grid,2018-08-23,NA,2018,surface,2,pruth_grid_a2,grid,biological,15.4,26.16,8.42,11.9,32.15,7.96,6.1,955,0,51.64679413,-128.1197583,sand,NA,NA,NA,seagrass,zostera,seagrass_sand,zostera_sand,95.02,1.63074e-81,171,Metazoa,Chaetognatha,NA,NA,NA,NA,0,0,TRUE,ASV1546,2,NA
edna0131,ASV689,motu600,Synchaeta baltica,Rotifer,species,NA,1,1,NA,NA,15,18,NA,NA,NA,NA,Synchaeta baltica,Rotifer,2018_pruth-grid_surface,pruth grid,seagrass_grid,2018-08-23,NA,2018,surface,2,pruth_grid_a2,grid,biological,15.4,26.16,8.42,11.9,32.15,7.96,6.1,955,0,51.64679413,-128.1197583,sand,NA,NA,NA,seagrass,zostera,seagrass_sand,zostera_sand,90.76,1.27184e-112,227,Metazoa,Rotifera,Eurotatoria,Ploima,Synchaetidae,Synchaeta,0,0,TRUE,ASV689,1,Synchaeta baltica
edna0131,ASV1791,motu1494,Saxidomus nuttalli,California butterclam,species,NA,1,1,NA,NA,9,8,NA,NA,NA,NA,Saxidomus nuttalli,California butterclam,2018_pruth-grid_surface,pruth grid,seagrass_grid,2018-08-23,NA,2018,surface,2,pruth_grid_a2,grid,biological,15.4,26.16,8.42,11.9,32.15,7.96,6.1,955,0,51.64679413,-128.1197583,sand,NA,NA,NA,seagrass,zostera,seagrass_sand,zostera_sand,99.68,4.246189999999999e-157,307,Metazoa,Mollusca,Bivalvia,Venerida,Veneridae,Saxidomus,0,0,TRUE,ASV1791,2,Saxidomus nuttalli
edna0131,ASV932,motu810,Synchaeta baltica,Rotifer,species,NA,1,1,1,NA,58,38,NA,28,NA,30,Synchaeta baltica,Rotifer,2018_pruth-grid_surface,pruth grid,seagrass_grid,2018-08-23,NA,2018,surface,2,pruth_grid_a2,grid,biological,15.4,26.16,8.42,11.9,32.15,7.96,6.1,955,0,51.64679413,-128.1197583,sand,NA,NA,NA,seagrass,zostera,seagrass_sand,zostera_sand,91.08,2.73364e-114,230,Metazoa,Rotifera,Eurotatoria,Ploima,Synchaetidae,Synchaeta,0,0,TRUE,ASV932,1,Synchaeta baltica
edna0131,ASV937,motu814,Synchaeta baltica,Rotifer,species,NA,1,NA,1,NA,19,NA,NA,15,NA,15,Synchaeta baltica,Rotifer,2018_pruth-grid_surface,pruth grid,seagrass_grid,2018-08-23,NA,2018,surface,2,pruth_grid_a2,grid,biological,15.4,26.16,8.42,11.9,32.15,7.96,6.1,955,0,51.64679413,-128.1197583,sand,NA,NA,NA,seagrass,zostera,seagrass_sand,zostera_sand,90.76,1.27184e-112,227,Metazoa,Rotifera,Eurotatoria,Ploima,Synchaetidae,Synchaeta,0,0,TRUE,ASV937,1,Synchaeta baltica
edna0131,ASV1042,motu899,Synchaeta baltica,Rotifer,species,NA,1,NA,1,NA,13,NA,NA,9,NA,NA,Synchaeta baltica,Rotifer,2018_pruth-grid_surface,pruth grid,seagrass_grid,2018-08-23,NA,2018,surface,2,pruth_grid_a2,grid,biological,15.4,26.16,8.42,11.9,32.15,7.96,6.1,955,0,51.64679413,-128.1197583,sand,NA,NA,NA,seagrass,zostera,seagrass_sand,zostera_sand,90.76,1.27184e-112,227,Metazoa,Rotifera,Eurotatoria,Ploima,Synchaetidae,Synchaeta,0,0,TRUE,ASV1042,1,Synchaeta baltica
edna0131,ASV2228,motu1836,Saxidomus nuttalli,California butterclam,species,NA,1,NA,NA,NA,4,NA,NA,NA,NA,NA,Saxidomus nuttalli,California butterclam,2018_pruth-grid_surface,pruth grid,seagrass_grid,2018-08-23,NA,2018,surface,2,pruth_grid_a2,grid,biological,15.4,26.16,8.42,11.9,32.15,7.96,6.1,955,0,51.64679413,-128.1197583,sand,NA,NA,NA,seagrass,zostera,seagrass_sand,zostera_sand,99.68,4.246189999999999e-157,307,Metazoa,Mollusca,Bivalvia,Venerida,Veneridae,Saxidomus,0,0,TRUE,ASV2228,1,Saxidomus nuttalli
edna0131,ASV947,motu824,Synchaeta baltica,Rotifer,species,NA,1,1,1,NA,49,34,NA,22,NA,23,Synchaeta baltica,Rotifer,2018_pruth-grid_surface,pruth grid,seagrass_grid,2018-08-23,NA,2018,surface,2,pruth_grid_a2,grid,biological,15.4,26.16,8.42,11.9,32.15,7.96,6.1,955,0,51.64679413,-128.1197583,sand,NA,NA,NA,seagrass,zostera,seagrass_sand,zostera_sand,91.08,2.73364e-114,230,Metazoa,Rotifera,Eurotatoria,Ploima,Synchaetidae,Synchaeta,0,0,TRUE,ASV947,1,Synchaeta baltica
edna0131,ASV3473,motu2758,Staphylinidae,Hexapod,genus,NA,1,NA,NA,NA,8,NA,NA,NA,NA,NA,Staphylinidae,Hexapod,2018_pruth-grid_surface,pruth grid,seagrass_grid,2018-08-23,NA,2018,surface,2,pruth_grid_a2,grid,biological,15.4,26.16,8.42,11.9,32.15,7.96,6.1,955,0,51.64679413,-128.1197583,sand,NA,NA,NA,seagrass,zostera,seagrass_sand,zostera_sand,90.14,3.11539e-14,50,Metazoa,Arthropoda,Arthropoda,Coleoptera,Staphylinidae,Staphylinidae,NA,NA,TRUE,ASV3473,1,NA
edna0131,ASV1462,motu1233,Clytia gregaria,Gregarious jellyfish,species,NA,1,NA,NA,NA,6,NA,NA,NA,NA,NA,Clytia gregaria,Gregarious jellyfish,2018_pruth-grid_surface,pruth grid,seagrass_grid,2018-08-23,NA,2018,surface,2,pruth_grid_a2,grid,biological,15.4,26.16,8.42,11.9,32.15,7.96,6.1,955,0,51.64679413,-128.1197583,sand,NA,NA,NA,seagrass,zostera,seagrass_sand,zostera_sand,99.67,6.925819999999995e-155,303,Metazoa,Cnidaria,Hydrozoa,Leptothecata,Campanulariidae,Clytia,0,0,TRUE,ASV1462,2,Clytia gregaria
edna0131,ASV5446,motu1168,Membranipora,Bryozoan,genus,NA,1,NA,NA,NA,5,NA,NA,NA,NA,NA,Membranipora membranacea,Coffin box bryozoan,2018_pruth-grid_surface,pruth grid,seagrass_grid,2018-08-23,NA,2018,surface,2,pruth_grid_a2,grid,biological,15.4,26.16,8.42,11.9,32.15,7.96,6.1,955,0,51.64679413,-128.1197583,sand,NA,NA,NA,seagrass,zostera,seagrass_sand,zostera_sand,99.35,7.002779999999996e-155,303,Metazoa,Bryozoa,Bryozoa,Cheilostomatida,Membraniporidae,Membranipora,0,0,TRUE,ASV1384,2,NA
edna0134,ASV398,motu350,Synchaeta pectinata,Rotifer,species,NA,1,NA,NA,NA,10,NA,NA,NA,NA,NA,Synchaeta pectinata,Rotifer,2018_pruth-grid_surface,pruth grid,seagrass_grid,2018-08-23,NA,2018,surface,5,pruth_grid_b2,grid,biological,15.4,25.96,8.44,13.5,31.65,8.06,3.2,775,0,51.64653616,-128.1198602,sand,NA,NA,NA,seagrass,zostera,seagrass_sand,zostera_sand,90.48,1.6452299999999999e-111,225,Metazoa,Rotifera,Eurotatoria,Ploima,Synchaetidae,Synchaeta,0,0,TRUE,ASV398,4,Synchaeta pectinata
edna0134,ASV328,motu288,Synchaeta baltica,Rotifer,species,NA,1,1,NA,NA,40,23,NA,NA,NA,NA,Synchaeta baltica,Rotifer,2018_pruth-grid_surface,pruth grid,seagrass_grid,2018-08-23,NA,2018,surface,5,pruth_grid_b2,grid,biological,15.4,25.96,8.44,13.5,31.65,8.06,3.2,775,0,51.64653616,-128.1198602,sand,NA,NA,NA,seagrass,zostera,seagrass_sand,zostera_sand,90.79,3.5361899999999996e-113,228,Metazoa,Rotifera,Eurotatoria,Ploima,Synchaetidae,Synchaeta,0,0,TRUE,ASV328,3,Synchaeta baltica
edna0134,ASV760,motu394,Balanus glandula,Acorn barnacle,species,NA,1,NA,NA,NA,36,NA,NA,NA,NA,NA,Balanus glandula,Acorn barnacle,2018_pruth-grid_surface,pruth grid,seagrass_grid,2018-08-23,NA,2018,surface,5,pruth_grid_b2,grid,biological,15.4,25.96,8.44,13.5,31.65,8.06,3.2,775,0,51.64653616,-128.1198602,sand,NA,NA,NA,seagrass,zostera,seagrass_sand,zostera_sand,99.68,1.5051499999999994e-156,306,Metazoa,Arthropoda,Thecostraca,Balanomorpha,Balanidae,Balanus,0,0,TRUE,ASV447,12,Balanus glandula
edna0134,ASV417,motu213,Balanus glandula,Acorn barnacle,species,NA,1,1,NA,NA,28,21,NA,NA,NA,NA,Balanus glandula,Acorn barnacle,2018_pruth-grid_surface,pruth grid,seagrass_grid,2018-08-23,NA,2018,surface,5,pruth_grid_b2,grid,biological,15.4,25.96,8.44,13.5,31.65,8.06,3.2,775,0,51.64653616,-128.1198602,sand,NA,NA,NA,seagrass,zostera,seagrass_sand,zostera_sand,99.68,1.5051499999999994e-156,306,Metazoa,Arthropoda,Thecostraca,Balanomorpha,Balanidae,Balanus,0,0,TRUE,ASV242,15,Balanus glandula
edna0134,ASV733,motu637,Phyllodocida,Polychaete,order,NA,1,1,NA,NA,7,9,NA,NA,NA,NA,Phyllodocida,Polychaete,2018_pruth-grid_surface,pruth grid,seagrass_grid,2018-08-23,NA,2018,surface,5,pruth_grid_b2,grid,biological,15.4,25.96,8.44,13.5,31.65,8.06,3.2,775,0,51.64653616,-128.1198602,sand,NA,NA,NA,seagrass,zostera,seagrass_sand,zostera_sand,100,0.0603188,28,Metazoa,Annelida,Annelida,Phyllodocida,NA,NA,0,0,TRUE,ASV733,1,NA
edna0134,ASV1570,motu1323,Pleurobrachia bachei,Pacific sea gooseberry,species,NA,1,1,NA,NA,10,5,NA,NA,NA,NA,Pleurobrachia bachei,Pacific sea gooseberry,2018_pruth-grid_surface,pruth grid,seagrass_grid,2018-08-23,NA,2018,surface,5,pruth_grid_b2,grid,biological,15.4,25.96,8.44,13.5,31.65,8.06,3.2,775,0,51.64653616,-128.1198602,sand,NA,NA,NA,seagrass,zostera,seagrass_sand,zostera_sand,99.68,9.126599999999999e-159,310,Metazoa,Ctenophora,Tentaculata,Cydippida,Cydippidae,Pleurobrachia,0,0,TRUE,ASV1570,1,Pleurobrachia bachei
edna0134,ASV1714,motu1432,Pleurobrachia bachei,Pacific sea gooseberry,species,NA,1,NA,NA,NA,5,NA,NA,NA,NA,NA,Pleurobrachia bachei,Pacific sea gooseberry,2018_pruth-grid_surface,pruth grid,seagrass_grid,2018-08-23,NA,2018,surface,5,pruth_grid_b2,grid,biological,15.4,25.96,8.44,13.5,31.65,8.06,3.2,775,0,51.64653616,-128.1198602,sand,NA,NA,NA,seagrass,zostera,seagrass_sand,zostera_sand,99.68,9.126599999999999e-159,310,Metazoa,Ctenophora,Tentaculata,Cydippida,Cydippidae,Pleurobrachia,0,0,TRUE,ASV1714,1,Pleurobrachia bachei
edna0134,ASV3146,motu2524,Paracalanus,Calanoid copepod,genus,NA,1,NA,NA,NA,13,NA,NA,NA,NA,NA,Paracalanus,Calanoid copepod,2018_pruth-grid_surface,pruth grid,seagrass_grid,2018-08-23,NA,2018,surface,5,pruth_grid_b2,grid,biological,15.4,25.96,8.44,13.5,31.65,8.06,3.2,775,0,51.64653616,-128.1198602,sand,NA,NA,NA,seagrass,zostera,seagrass_sand,zostera_sand,99.34,1.9105799999999988e-150,295,Metazoa,Arthropoda,Copepoda,Calanoida,Paracalanidae,Paracalanus,0,0,TRUE,ASV3146,1,NA
edna0134,ASV2534,motu412,Saxidomus gigantea,Butter clam,species,NA,1,1,1,NA,53,29,NA,31,NA,NA,Saxidomus,Washington clam species,2018_pruth-grid_surface,pruth grid,seagrass_grid,2018-08-23,NA,2018,surface,5,pruth_grid_b2,grid,biological,15.4,25.96,8.44,13.5,31.65,8.06,3.2,775,0,51.64653616,-128.1198602,sand,NA,NA,NA,seagrass,zostera,seagrass_sand,zostera_sand,99.68,9.126599999999999e-159,310,Metazoa,Mollusca,Mollusca,Venerida,Veneridae,Saxidomus,0,0,TRUE,ASV467,12,Saxidomus gigantea
edna0134,ASV3805,motu2993,Balanus glandula,Acorn barnacle,species,NA,1,NA,NA,NA,82,NA,NA,NA,NA,NA,Balanus glandula,Acorn barnacle,2018_pruth-grid_surface,pruth grid,seagrass_grid,2018-08-23,NA,2018,surface,5,pruth_grid_b2,grid,biological,15.4,25.96,8.44,13.5,31.65,8.06,3.2,775,0,51.64653616,-128.1198602,sand,NA,NA,NA,seagrass,zostera,seagrass_sand,zostera_sand,99.68,1.5051499999999994e-156,306,Metazoa,Arthropoda,Thecostraca,Balanomorpha,Balanidae,Balanus,0,0,TRUE,ASV3805,1,Balanus glandula
edna0134,ASV3473,motu2758,Staphylinidae,Hexapod,genus,NA,1,NA,NA,NA,11,NA,NA,NA,NA,NA,Staphylinidae,Hexapod,2018_pruth-grid_surface,pruth grid,seagrass_grid,2018-08-23,NA,2018,surface,5,pruth_grid_b2,grid,biological,15.4,25.96,8.44,13.5,31.65,8.06,3.2,775,0,51.64653616,-128.1198602,sand,NA,NA,NA,seagrass,zostera,seagrass_sand,zostera_sand,90.14,3.11539e-14,50,Metazoa,Arthropoda,Arthropoda,Coleoptera,Staphylinidae,Staphylinidae,NA,NA,TRUE,ASV3473,1,NA
edna0134,ASV2117,motu1746,Synchaeta vorax,Rotifer,species,NA,1,NA,1,NA,6,NA,NA,4,NA,4,Synchaeta vorax,Rotifer,2018_pruth-grid_surface,pruth grid,seagrass_grid,2018-08-23,NA,2018,surface,5,pruth_grid_b2,grid,biological,15.4,25.96,8.44,13.5,31.65,8.06,3.2,775,0,51.64653616,-128.1198602,sand,NA,NA,NA,seagrass,zostera,seagrass_sand,zostera_sand,94.81,5.60839e-131,260,Metazoa,Rotifera,Eurotatoria,Ploima,Synchaetidae,Synchaeta,0,0,TRUE,ASV2117,4,Synchaeta vorax
edna0134,ASV4242,motu3326,Mya arenaria,Softshell clam,species,NA,1,NA,1,NA,2,NA,NA,3,NA,NA,Mya arenaria,Softshell clam,2018_pruth-grid_surface,pruth grid,seagrass_grid,2018-08-23,NA,2018,surface,5,pruth_grid_b2,grid,biological,15.4,25.96,8.44,13.5,31.65,8.06,3.2,775,0,51.64653616,-128.1198602,sand,NA,NA,NA,seagrass,zostera,seagrass_sand,zostera_sand,100,4.2619199999999965e-162,316,Metazoa,Mollusca,Bivalvia,Myida,Myidae,Mya,0,0,TRUE,ASV4242,1,Mya arenaria
edna0134,ASV3551,motu2821,Cardiida,Mussel species,order,NA,1,NA,1,NA,8,NA,NA,NA,NA,6,Cardiida,Mussel species,2018_pruth-grid_surface,pruth grid,seagrass_grid,2018-08-23,NA,2018,surface,5,pruth_grid_b2,grid,biological,15.4,25.96,8.44,13.5,31.65,8.06,3.2,775,0,51.64653616,-128.1198602,sand,NA,NA,NA,seagrass,zostera,seagrass_sand,zostera_sand,100,0.0374129,28,Metazoa,Mollusca,Mollusca,Cardiida,NA,NA,0,0,TRUE,ASV3551,2,NA
edna0134,ASV3148,motu2526,Cardiida,Mussel species,order,NA,1,NA,1,NA,6,NA,NA,NA,NA,4,Cardiida,Mussel species,2018_pruth-grid_surface,pruth grid,seagrass_grid,2018-08-23,NA,2018,surface,5,pruth_grid_b2,grid,biological,15.4,25.96,8.44,13.5,31.65,8.06,3.2,775,0,51.64653616,-128.1198602,sand,NA,NA,NA,seagrass,zostera,seagrass_sand,zostera_sand,100,0.0374129,28,Metazoa,Mollusca,Mollusca,Cardiida,NA,NA,0,0,TRUE,ASV3148,1,NA
edna0134,ASV6785,motu5271,Membranipora membranacea,Coffin box bryozoan,species,NA,1,NA,NA,NA,6,NA,NA,NA,NA,NA,Membranipora membranacea,Coffin box bryozoan,2018_pruth-grid_surface,pruth grid,seagrass_grid,2018-08-23,NA,2018,surface,5,pruth_grid_b2,grid,biological,15.4,25.96,8.44,13.5,31.65,8.06,3.2,775,0,51.64653616,-128.1198602,sand,NA,NA,NA,seagrass,zostera,seagrass_sand,zostera_sand,98.92,1.6026699999999999e-136,270,Metazoa,Bryozoa,Gymnolaemata,Cheilostomatida,Membraniporidae,Membranipora,0,0,TRUE,ASV6785,1,Membranipora membranacea
edna0057,ASV143,motu128,Centropages abdominalis,Calanoid copepod,species,NA,1,NA,NA,NA,8,NA,NA,NA,NA,NA,Centropages abdominalis,Calanoid copepod,2018_hdo_surface,hdo,beach_seine,2018-07-13,2018-07-11,2018,surface,2,edna_hdo_30,surface,biological,13.3,29.97,8.25,NA,NA,NA,6.8,1000,0,51.6551346,-128.1292625,mud,n,320,p,seagrass,zostera,seagrass_mud,zostera_mud,100,1.96163e-160,313,Metazoa,Arthropoda,Copepoda,Calanoida,Centropagidae,Centropages,0,0,TRUE,ASV143,11,Centropages abdominalis
edna0057,ASV580,motu150,Pseudocalanus mimus,Calanoid copepod,species,NA,1,1,NA,NA,208,76,NA,NA,NA,NA,Pseudocalanus mimus,Calanoid copepod,2018_hdo_surface,hdo,beach_seine,2018-07-13,2018-07-11,2018,surface,2,edna_hdo_30,surface,biological,13.3,29.97,8.25,NA,NA,NA,6.8,1000,0,51.6551346,-128.1292625,mud,n,320,p,seagrass,zostera,seagrass_mud,zostera_mud,99.67,9.19139e-154,301,Metazoa,Arthropoda,Copepoda,Calanoida,Clausocalanidae,Pseudocalanus,0,0,TRUE,ASV171,10,Pseudocalanus mimus
edna0057,ASV1359,motu895,Clytia gregaria,Gregarious jellyfish,species,NA,1,NA,NA,NA,18,NA,NA,NA,NA,NA,Clytia gregaria,Gregarious jellyfish,2018_hdo_surface,hdo,beach_seine,2018-07-13,2018-07-11,2018,surface,2,edna_hdo_30,surface,biological,13.3,29.97,8.25,NA,NA,NA,6.8,1000,0,51.6551346,-128.1292625,mud,n,320,p,seagrass,zostera,seagrass_mud,zostera_mud,99.36,4.246189999999999e-157,307,Metazoa,Cnidaria,Cnidaria,Leptothecata,Campanulariidae,Clytia,0,0,TRUE,ASV1038,2,Clytia gregaria
edna0057,ASV1475,motu1246,Cyanea,Lions mane jellyfish species,genus,NA,1,NA,NA,NA,4,NA,NA,NA,NA,NA,Cyanea,Lions mane jellyfish species,2018_hdo_surface,hdo,beach_seine,2018-07-13,2018-07-11,2018,surface,2,edna_hdo_30,surface,biological,13.3,29.97,8.25,NA,NA,NA,6.8,1000,0,51.6551346,-128.1292625,mud,n,320,p,seagrass,zostera,seagrass_mud,zostera_mud,100,3.2351099999999996e-158,309,Metazoa,Cnidaria,Scyphozoa,Semaeostomeae,Cyaneidae,Cyanea,0,0,TRUE,ASV1475,2,NA
edna0057,ASV1546,motu1303,Chaetognatha,Arrow worm,phylum,NA,1,NA,NA,NA,21,NA,NA,NA,NA,NA,Chaetognatha,Arrow worm,2018_hdo_surface,hdo,beach_seine,2018-07-13,2018-07-11,2018,surface,2,edna_hdo_30,surface,biological,13.3,29.97,8.25,NA,NA,NA,6.8,1000,0,51.6551346,-128.1292625,mud,n,320,p,seagrass,zostera,seagrass_mud,zostera_mud,95.02,1.63074e-81,171,Metazoa,Chaetognatha,NA,NA,NA,NA,0,0,TRUE,ASV1546,2,NA
edna0057,ASV1470,motu1241,Cistenides granulata,Trumpet worm,species,NA,1,NA,1,NA,114,NA,NA,28,NA,NA,Cistenides granulata,Trumpet worm,2018_hdo_surface,hdo,beach_seine,2018-07-13,2018-07-11,2018,surface,2,edna_hdo_30,surface,biological,13.3,29.97,8.25,NA,NA,NA,6.8,1000,0,51.6551346,-128.1292625,mud,n,320,p,seagrass,zostera,seagrass_mud,zostera_mud,100,1.96163e-160,313,Metazoa,Annelida,Polychaeta,Terebellida,Pectinariidae,Pectinaria,0,0,TRUE,ASV1470,1,Cistenides granulata
edna0057,ASV2518,motu2051,Chaetognatha,Arrow worm,phylum,NA,1,NA,NA,NA,15,NA,NA,NA,NA,NA,Chaetognatha,Arrow worm,2018_hdo_surface,hdo,beach_seine,2018-07-13,2018-07-11,2018,surface,2,edna_hdo_30,surface,biological,13.3,29.97,8.25,NA,NA,NA,6.8,1000,0,51.6551346,-128.1292625,mud,n,320,p,seagrass,zostera,seagrass_mud,zostera_mud,96.52,1.6192399999999998e-86,180,Metazoa,Chaetognatha,NA,NA,NA,NA,0,0,TRUE,ASV2518,1,NA
edna0057,ASV1593,motu976,Metridia pacifica,Calanoid copepod,species,NA,1,1,1,NA,129,62,NA,22,NA,NA,Metridia pacifica,Calanoid copepod,2018_hdo_surface,hdo,beach_seine,2018-07-13,2018-07-11,2018,surface,2,edna_hdo_30,surface,biological,13.3,29.97,8.25,NA,NA,NA,6.8,1000,0,51.6551346,-128.1292625,mud,n,320,p,seagrass,zostera,seagrass_mud,zostera_mud,100,1.96163e-160,313,Metazoa,Arthropoda,Copepoda,Calanoida,Metridinidae,Metridia,0,0,TRUE,ASV1137,4,Metridia pacifica
edna0057,ASV2402,motu1965,Chaetognatha,Arrow worm,phylum,NA,1,NA,NA,NA,21,NA,NA,NA,NA,NA,Chaetognatha,Arrow worm,2018_hdo_surface,hdo,beach_seine,2018-07-13,2018-07-11,2018,surface,2,edna_hdo_30,surface,biological,13.3,29.97,8.25,NA,NA,NA,6.8,1000,0,51.6551346,-128.1292625,mud,n,320,p,seagrass,zostera,seagrass_mud,zostera_mud,96.52,1.6192399999999998e-86,180,Metazoa,Chaetognatha,NA,NA,NA,NA,0,0,TRUE,ASV2402,1,NA
edna0057,ASV3384,motu567,Kellia suborbicularis,Suborbicular kellyclam,species,NA,1,NA,NA,NA,101,NA,NA,NA,NA,NA,Kellia suborbicularis,Suborbicular kellyclam,2018_hdo_surface,hdo,beach_seine,2018-07-13,2018-07-11,2018,surface,2,edna_hdo_30,surface,biological,13.3,29.97,8.25,NA,NA,NA,6.8,1000,0,51.6551346,-128.1292625,mud,n,320,p,seagrass,zostera,seagrass_mud,zostera_mud,98.08,1.9895899999999988e-150,295,Metazoa,Mollusca,Bivalvia,Galeommatida,Lasaeidae,Kellia,0,0,TRUE,ASV654,4,Kellia suborbicularis
edna0057,ASV2797,motu2260,Armandia brevis,Opheliid polychaete,species,NA,1,NA,1,NA,76,NA,NA,15,NA,NA,Armandia brevis,Opheliid polychaete,2018_hdo_surface,hdo,beach_seine,2018-07-13,2018-07-11,2018,surface,2,edna_hdo_30,surface,biological,13.3,29.97,8.25,NA,NA,NA,6.8,1000,0,51.6551346,-128.1292625,mud,n,320,p,seagrass,zostera,seagrass_mud,zostera_mud,100,2.708459999999999e-174,338,Metazoa,Annelida,Polychaeta,NA,Opheliidae,Armandia,0,0,TRUE,ASV2797,1,Armandia brevis
edna0057,ASV3175,motu2541,Arthropoda,Unknown arthropod,phylum,NA,1,NA,NA,NA,14,NA,NA,NA,NA,NA,Arthropoda,Unknown arthropod,2018_hdo_surface,hdo,beach_seine,2018-07-13,2018-07-11,2018,surface,2,edna_hdo_30,surface,biological,13.3,29.97,8.25,NA,NA,NA,6.8,1000,0,51.6551346,-128.1292625,mud,n,320,p,seagrass,zostera,seagrass_mud,zostera_mud,100,0.014701,29,Metazoa,Arthropoda,NA,NA,NA,NA,NA,NA,TRUE,ASV3175,1,NA
edna0057,ASV3359,motu407,Kellia suborbicularis,Suborbicular kellyclam,species,NA,1,NA,NA,NA,86,NA,NA,NA,NA,NA,Kellia suborbicularis,Suborbicular kellyclam,2018_hdo_surface,hdo,beach_seine,2018-07-13,2018-07-11,2018,surface,2,edna_hdo_30,surface,biological,13.3,29.97,8.25,NA,NA,NA,6.8,1000,0,51.6551346,-128.1292625,mud,n,320,p,seagrass,zostera,seagrass_mud,zostera_mud,98.08,1.9895899999999988e-150,295,Metazoa,Mollusca,Bivalvia,Galeommatida,Lasaeidae,Kellia,0,0,TRUE,ASV462,4,Kellia suborbicularis
edna0057,ASV3747,motu2955,Clausocalanidae,Calanoid copepod,family,NA,1,NA,NA,NA,39,NA,NA,NA,NA,NA,Clausocalanidae,Calanoid copepod,2018_hdo_surface,hdo,beach_seine,2018-07-13,2018-07-11,2018,surface,2,edna_hdo_30,surface,biological,13.3,29.97,8.25,NA,NA,NA,6.8,1000,0,51.6551346,-128.1292625,mud,n,320,p,seagrass,zostera,seagrass_mud,zostera_mud,92.64,2.0755e-115,232,Metazoa,Arthropoda,Arthropoda,Calanoida,Clausocalanidae,NA,0,0,TRUE,ASV3747,1,NA
edna0057,ASV2881,motu2328,Coleoptera,Hexapod,order,NA,1,NA,NA,NA,5,NA,NA,NA,NA,NA,Coleoptera,Hexapod,2018_hdo_surface,hdo,beach_seine,2018-07-13,2018-07-11,2018,surface,2,edna_hdo_30,surface,biological,13.3,29.97,8.25,NA,NA,NA,6.8,1000,0,51.6551346,-128.1292625,mud,n,320,p,seagrass,zostera,seagrass_mud,zostera_mud,100,0.00110774,31,Metazoa,Arthropoda,Arthropoda,Coleoptera,NA,NA,NA,NA,TRUE,ASV2881,1,NA
edna0057,ASV4482,motu1283,Polymorphidae,Thorny headed worm,family,NA,1,NA,NA,NA,44,NA,NA,NA,NA,NA,Polymorphidae,Thorny headed worm,2018_hdo_surface,hdo,beach_seine,2018-07-13,2018-07-11,2018,surface,2,edna_hdo_30,surface,biological,13.3,29.97,8.25,NA,NA,NA,6.8,1000,0,51.6551346,-128.1292625,mud,n,320,p,seagrass,zostera,seagrass_mud,zostera_mud,94.87,8.37307e-5,33,Metazoa,Acanthocephala,Acanthocephala,Polymorphida,Polymorphidae,NA,0,0,TRUE,ASV1521,2,NA
edna0057,ASV5616,motu3265,Sthenelais berkeleyi,Scale worm,species,NA,1,NA,NA,NA,8,NA,NA,NA,NA,NA,Sthenelais berkeleyi,Scale worm,2018_hdo_surface,hdo,beach_seine,2018-07-13,2018-07-11,2018,surface,2,edna_hdo_30,surface,biological,13.3,29.97,8.25,NA,NA,NA,6.8,1000,0,51.6551346,-128.1292625,mud,n,320,p,seagrass,zostera,seagrass_mud,zostera_mud,99.68,9.126599999999999e-159,310,Metazoa,Annelida,Polychaeta,Phyllodocida,Sigalionidae,Sthenelais,0,0,TRUE,ASV4163,2,Sthenelais berkeleyi
edna0057,ASV3981,motu3127,Potential chimera,Potential chimera,species,NA,1,NA,1,NA,12,NA,NA,4,NA,NA,Potential chimera,Potential chimera,2018_hdo_surface,hdo,beach_seine,2018-07-13,2018-07-11,2018,surface,2,edna_hdo_30,surface,biological,13.3,29.97,8.25,NA,NA,NA,6.8,1000,0,51.6551346,-128.1292625,mud,n,320,p,seagrass,zostera,seagrass_mud,zostera_mud,97.3,2.33684e-5,34,Metazoa,Arthropoda,Arthropoda,Hymenoptera,Apoidea,Tachysphex,NA,NA,TRUE,ASV3981,1,Potential chimera
edna0057,ASV5909,motu4543,Nutricola tantilla,Purple dwarf-venus,species,NA,1,NA,NA,NA,17,NA,NA,NA,NA,NA,Nutricola tantilla,Purple dwarf-venus,2018_hdo_surface,hdo,beach_seine,2018-07-13,2018-07-11,2018,surface,2,edna_hdo_30,surface,biological,13.3,29.97,8.25,NA,NA,NA,6.8,1000,0,51.6551346,-128.1292625,mud,n,320,p,seagrass,zostera,seagrass_mud,zostera_mud,99.68,9.126599999999999e-159,310,Metazoa,Mollusca,Bivalvia,Venerida,Veneridae,Nutricola,0,0,TRUE,ASV5909,1,Nutricola tantilla
edna0057,ASV4690,motu3640,Potential chimera,Potential chimera,species,NA,1,NA,NA,NA,10,NA,NA,NA,NA,NA,Potential chimera,Potential chimera,2018_hdo_surface,hdo,beach_seine,2018-07-13,2018-07-11,2018,surface,2,edna_hdo_30,surface,biological,13.3,29.97,8.25,NA,NA,NA,6.8,1000,0,51.6551346,-128.1292625,mud,n,320,p,seagrass,zostera,seagrass_mud,zostera_mud,97.3,2.33684e-5,34,Metazoa,Arthropoda,Arthropoda,Hymenoptera,Apoidea,Tachysphex,NA,NA,TRUE,ASV4690,1,Potential chimera
edna0057,ASV6425,motu4971,Apostichopus californicus,California sea cucumber,species,NA,1,NA,NA,NA,4,NA,NA,NA,NA,NA,Apostichopus californicus,California sea cucumber,2018_hdo_surface,hdo,beach_seine,2018-07-13,2018-07-11,2018,surface,2,edna_hdo_30,surface,biological,13.3,29.97,8.25,NA,NA,NA,6.8,1000,0,51.6551346,-128.1292625,mud,n,320,p,seagrass,zostera,seagrass_mud,zostera_mud,100,2.0011299999999987e-160,313,Metazoa,Echinodermata,Holothuroidea,Synallactida,Stichopodidae,Apostichopus,0,0,TRUE,ASV6425,1,Apostichopus californicus
edna0057,ASV6527,motu5055,Talitridae,Amphipod,family,NA,1,NA,NA,NA,5,NA,NA,NA,NA,NA,Talitridae,Amphipod,2018_hdo_surface,hdo,beach_seine,2018-07-13,2018-07-11,2018,surface,2,edna_hdo_30,surface,biological,13.3,29.97,8.25,NA,NA,NA,6.8,1000,0,51.6551346,-128.1292625,mud,n,320,p,seagrass,zostera,seagrass_mud,zostera_mud,90.28,8.83636e-15,51,Metazoa,Arthropoda,Arthropoda,Amphipoda,Talitridae,NA,0,1,TRUE,ASV6527,1,NA
edna0057,ASV5515,motu4231,Dermasterias imbricata,Leather star,species,NA,1,NA,NA,NA,2,NA,NA,NA,NA,NA,Dermasterias imbricata,Leather star,2018_hdo_surface,hdo,beach_seine,2018-07-13,2018-07-11,2018,surface,2,edna_hdo_30,surface,biological,13.3,29.97,8.25,NA,NA,NA,6.8,1000,0,51.6551346,-128.1292625,mud,n,320,p,seagrass,zostera,seagrass_mud,zostera_mud,100,1.96163e-160,313,Metazoa,Echinodermata,Asteroidea,Valvatida,Asteropseidae,Dermasterias,0,0,TRUE,ASV5515,1,Dermasterias imbricata
edna0057,ASV7263,motu5669,Nutricola tantilla,Purple dwarf-venus,species,NA,1,NA,NA,NA,5,NA,NA,NA,NA,NA,Nutricola tantilla,Purple dwarf-venus,2018_hdo_surface,hdo,beach_seine,2018-07-13,2018-07-11,2018,surface,2,edna_hdo_30,surface,biological,13.3,29.97,8.25,NA,NA,NA,6.8,1000,0,51.6551346,-128.1292625,mud,n,320,p,seagrass,zostera,seagrass_mud,zostera_mud,91.99,3.5435899999999998e-118,237,Metazoa,Mollusca,Bivalvia,Venerida,Veneridae,Nutricola,0,0,TRUE,ASV7263,1,Nutricola tantilla
edna0057,ASV7428,motu5813,Synchaeta triophthalma,Rotifer,species,NA,1,NA,NA,NA,5,NA,NA,NA,NA,NA,Synchaeta triophthalma,Rotifer,2018_hdo_surface,hdo,beach_seine,2018-07-13,2018-07-11,2018,surface,2,edna_hdo_30,surface,biological,13.3,29.97,8.25,NA,NA,NA,6.8,1000,0,51.6551346,-128.1292625,mud,n,320,p,seagrass,zostera,seagrass_mud,zostera_mud,91.32,1.81373e-95,196,Metazoa,Rotifera,Eurotatoria,Ploima,Synchaetidae,Synchaeta,0,0,TRUE,ASV7428,1,Synchaeta triophthalma
edna0101,ASV242,motu213,Balanus glandula,Acorn barnacle,species,NA,1,NA,NA,NA,13,NA,NA,NA,NA,NA,Balanus glandula,Acorn barnacle,2018_koe3_surface,koe3,beach_seine,2018-07-20,2018-07-18,2018,surface,2,edna_koe3_15,surface,biological,14,34.3,8.06,10.8,30.84,7.99,1.8,1000,0,51.77588187,-127.8790909,sand,n,90,p,macroalgae,nereocystis,macroalgae_sand,nereocystis_sand,100,3.2351099999999996e-158,309,Metazoa,Arthropoda,Thecostraca,Balanomorpha,Balanidae,Balanus,0,0,TRUE,ASV242,15,Balanus glandula
edna0101,ASV447,motu394,Balanus glandula,Acorn barnacle,species,NA,1,NA,NA,NA,14,NA,NA,NA,NA,NA,Balanus glandula,Acorn barnacle,2018_koe3_surface,koe3,beach_seine,2018-07-20,2018-07-18,2018,surface,2,edna_koe3_15,surface,biological,14,34.3,8.06,10.8,30.84,7.99,1.8,1000,0,51.77588187,-127.8790909,sand,n,90,p,macroalgae,nereocystis,macroalgae_sand,nereocystis_sand,100,3.2351099999999996e-158,309,Metazoa,Arthropoda,Thecostraca,Balanomorpha,Balanidae,Balanus,0,0,TRUE,ASV447,12,Balanus glandula
edna0101,ASV270,motu199,Mytilus,Mussel species,genus,NA,1,NA,NA,NA,44,NA,NA,NA,NA,NA,Mytilus trossulus,Bay mussel,2018_koe3_surface,koe3,beach_seine,2018-07-20,2018-07-18,2018,surface,2,edna_koe3_15,surface,biological,14,34.3,8.06,10.8,30.84,7.99,1.8,1000,0,51.77588187,-127.8790909,sand,n,90,p,macroalgae,nereocystis,macroalgae_sand,nereocystis_sand,100,3.2351099999999996e-158,309,Metazoa,Mollusca,Mollusca,Mytilida,Mytilidae,Mytilus,0,0,TRUE,ASV226,18,NA
edna0101,ASV536,motu470,Paracalanus parvus parvus,Calanoid copepod,species,NA,1,NA,NA,NA,15,NA,NA,NA,NA,NA,Paracalanus parvus parvus,Calanoid copepod,2018_koe3_surface,koe3,beach_seine,2018-07-20,2018-07-18,2018,surface,2,edna_koe3_15,surface,biological,14,34.3,8.06,10.8,30.84,7.99,1.8,1000,0,51.77588187,-127.8790909,sand,n,90,p,macroalgae,nereocystis,macroalgae_sand,nereocystis_sand,100,1.17454e-132,263,Metazoa,Arthropoda,Copepoda,Calanoida,Paracalanidae,Paracalanus,0,0,TRUE,ASV536,6,Paracalanus parvus parvus
edna0101,ASV580,motu150,Pseudocalanus mimus,Calanoid copepod,species,NA,1,NA,NA,NA,7,NA,NA,NA,NA,NA,Pseudocalanus mimus,Calanoid copepod,2018_koe3_surface,koe3,beach_seine,2018-07-20,2018-07-18,2018,surface,2,edna_koe3_15,surface,biological,14,34.3,8.06,10.8,30.84,7.99,1.8,1000,0,51.77588187,-127.8790909,sand,n,90,p,macroalgae,nereocystis,macroalgae_sand,nereocystis_sand,99.67,9.19139e-154,301,Metazoa,Arthropoda,Copepoda,Calanoida,Clausocalanidae,Pseudocalanus,0,0,TRUE,ASV171,10,Pseudocalanus mimus
edna0101,ASV772,motu672,Parastenocarididae,Harpacticoid copepod,family,NA,1,NA,NA,NA,36,NA,NA,NA,NA,NA,Parastenocarididae,Harpacticoid copepod,2018_koe3_surface,koe3,beach_seine,2018-07-20,2018-07-18,2018,surface,2,edna_koe3_15,surface,biological,14,34.3,8.06,10.8,30.84,7.99,1.8,1000,0,51.77588187,-127.8790909,sand,n,90,p,macroalgae,nereocystis,macroalgae_sand,nereocystis_sand,94.59,0.00408744,30,Metazoa,Arthropoda,Arthropoda,Harpacticoida,Parastenocarididae,NA,1,0,TRUE,ASV772,1,NA
edna0101,ASV1013,motu876,Orobdella,Freshwater leech,genus,NA,1,NA,NA,NA,14,NA,NA,NA,NA,NA,Orobdella,Freshwater leech,2018_koe3_surface,koe3,beach_seine,2018-07-20,2018-07-18,2018,surface,2,edna_koe3_15,surface,biological,14,34.3,8.06,10.8,30.84,7.99,1.8,1000,0,51.77588187,-127.8790909,sand,n,90,p,macroalgae,nereocystis,macroalgae_sand,nereocystis_sand,97.06,0.00121031,31,Metazoa,Annelida,Annelida,Erpobdelliformes,Orobdellidae,Orobdella,NA,NA,TRUE,ASV1013,1,NA
edna0101,ASV674,motu334,Synchaeta pectinata,Rotifer,species,NA,1,NA,NA,NA,6,NA,NA,NA,NA,NA,Synchaeta pectinata,Rotifer,2018_koe3_surface,koe3,beach_seine,2018-07-20,2018-07-18,2018,surface,2,edna_koe3_15,surface,biological,14,34.3,8.06,10.8,30.84,7.99,1.8,1000,0,51.77588187,-127.8790909,sand,n,90,p,macroalgae,nereocystis,macroalgae_sand,nereocystis_sand,90.79,3.5361899999999996e-113,228,Metazoa,Rotifera,Eurotatoria,Ploima,Synchaetidae,Synchaeta,0,0,TRUE,ASV377,5,Synchaeta pectinata
edna0101,ASV647,motu560,Synchaeta triophthalma,Rotifer,species,NA,1,1,NA,NA,3,3,NA,NA,NA,NA,Synchaeta triophthalma,Rotifer,2018_koe3_surface,koe3,beach_seine,2018-07-20,2018-07-18,2018,surface,2,edna_koe3_15,surface,biological,14,34.3,8.06,10.8,30.84,7.99,1.8,1000,0,51.77588187,-127.8790909,sand,n,90,p,macroalgae,nereocystis,macroalgae_sand,nereocystis_sand,91.99,3.511259999999999e-118,237,Metazoa,Rotifera,Eurotatoria,Ploima,Synchaetidae,Synchaeta,0,0,TRUE,ASV647,4,Synchaeta triophthalma
edna0101,ASV1048,motu285,Paracalanus,Calanoid copepod,genus,NA,1,NA,NA,NA,17,NA,NA,NA,NA,NA,Paracalanus parvus parvus,Calanoid copepod,2018_koe3_surface,koe3,beach_seine,2018-07-20,2018-07-18,2018,surface,2,edna_koe3_15,surface,biological,14,34.3,8.06,10.8,30.84,7.99,1.8,1000,0,51.77588187,-127.8790909,sand,n,90,p,macroalgae,nereocystis,macroalgae_sand,nereocystis_sand,99.67,1.14177e-152,299,Metazoa,Arthropoda,Arthropoda,Calanoida,Paracalanidae,Paracalanus,0,0,TRUE,ASV324,6,NA
edna0101,ASV2402,motu1965,Chaetognatha,Arrow worm,phylum,NA,1,NA,NA,NA,9,NA,NA,NA,NA,NA,Chaetognatha,Arrow worm,2018_koe3_surface,koe3,beach_seine,2018-07-20,2018-07-18,2018,surface,2,edna_koe3_15,surface,biological,14,34.3,8.06,10.8,30.84,7.99,1.8,1000,0,51.77588187,-127.8790909,sand,n,90,p,macroalgae,nereocystis,macroalgae_sand,nereocystis_sand,96.52,1.6192399999999998e-86,180,Metazoa,Chaetognatha,NA,NA,NA,NA,0,0,TRUE,ASV2402,1,NA
edna0101,ASV1859,motu1549,Aurelia,Moon jelly species,genus,NA,1,NA,NA,NA,44,NA,NA,NA,NA,NA,Aurelia,Moon jelly species,2018_koe3_surface,koe3,beach_seine,2018-07-20,2018-07-18,2018,surface,2,edna_koe3_15,surface,biological,14,34.3,8.06,10.8,30.84,7.99,1.8,1000,0,51.77588187,-127.8790909,sand,n,90,p,macroalgae,nereocystis,macroalgae_sand,nereocystis_sand,100,1.96163e-160,313,Metazoa,Cnidaria,Cnidaria,Semaeostomeae,Ulmaridae,Aurelia,0,0,TRUE,ASV1859,2,NA
edna0101,ASV3763,motu1438,Aurelia labiata,Moon jelly species,species,NA,1,NA,NA,NA,61,NA,NA,NA,NA,NA,Aurelia labiata,Moon jelly species,2018_koe3_surface,koe3,beach_seine,2018-07-20,2018-07-18,2018,surface,2,edna_koe3_15,surface,biological,14,34.3,8.06,10.8,30.84,7.99,1.8,1000,0,51.77588187,-127.8790909,sand,n,90,p,macroalgae,nereocystis,macroalgae_sand,nereocystis_sand,99.68,9.126599999999999e-159,310,Metazoa,Cnidaria,Scyphozoa,Semaeostomeae,Ulmaridae,Aurelia,0,0,TRUE,ASV1722,4,Aurelia labiata
edna0101,ASV2757,motu2230,Diplostomida,Flatworm,order,NA,1,NA,NA,NA,2,NA,NA,NA,NA,NA,Diplostomida,Flatworm,2018_koe3_surface,koe3,beach_seine,2018-07-20,2018-07-18,2018,surface,2,edna_koe3_15,surface,biological,14,34.3,8.06,10.8,30.84,7.99,1.8,1000,0,51.77588187,-127.8790909,sand,n,90,p,macroalgae,nereocystis,macroalgae_sand,nereocystis_sand,96.88,0.0144888,29,Metazoa,Platyhelminthes,Platyhelminthes,Diplostomida,NA,NA,0,0,TRUE,ASV2757,1,NA
edna0101,ASV4177,motu3275,Balclutha,Hexapod,genus,NA,1,NA,NA,NA,5,NA,NA,NA,NA,NA,Balclutha,Hexapod,2018_koe3_surface,koe3,beach_seine,2018-07-20,2018-07-18,2018,surface,2,edna_koe3_15,surface,biological,14,34.3,8.06,10.8,30.84,7.99,1.8,1000,0,51.77588187,-127.8790909,sand,n,90,p,macroalgae,nereocystis,macroalgae_sand,nereocystis_sand,94.44,0.00408744,30,Metazoa,Arthropoda,Arthropoda,Hemiptera,Cicadellidae,Balclutha,NA,NA,TRUE,ASV4177,1,NA
edna0101,ASV5998,motu4614,Balclutha,Hexapod,genus,NA,1,NA,NA,NA,4,NA,NA,NA,NA,NA,Balclutha,Hexapod,2018_koe3_surface,koe3,beach_seine,2018-07-20,2018-07-18,2018,surface,2,edna_koe3_15,surface,biological,14,34.3,8.06,10.8,30.84,7.99,1.8,1000,0,51.77588187,-127.8790909,sand,n,90,p,macroalgae,nereocystis,macroalgae_sand,nereocystis_sand,94.44,0.00408744,30,Metazoa,Arthropoda,Arthropoda,Hemiptera,Cicadellidae,Balclutha,NA,NA,TRUE,ASV5998,1,NA
edna0101,ASV6061,motu4667,Monopylephorus rubroniveus,Freshwater oligochaete,species,NA,1,NA,NA,NA,2,NA,NA,NA,NA,NA,Monopylephorus rubroniveus,Freshwater oligochaete,2018_koe3_surface,koe3,beach_seine,2018-07-20,2018-07-18,2018,surface,2,edna_koe3_15,surface,biological,14,34.3,8.06,10.8,30.84,7.99,1.8,1000,0,51.77588187,-127.8790909,sand,n,90,p,macroalgae,nereocystis,macroalgae_sand,nereocystis_sand,94.57,4.39908e-132,262,Metazoa,Annelida,Clitellata,Tubificida,Naididae,Monopylephorus,0,0,TRUE,ASV6061,1,Monopylephorus rubroniveus
edna0101,ASV3774,motu2971,Paranais,Freshwater oligochaete,genus,NA,1,NA,NA,NA,5,NA,NA,NA,NA,NA,Paranais,Freshwater oligochaete,2018_koe3_surface,koe3,beach_seine,2018-07-20,2018-07-18,2018,surface,2,edna_koe3_15,surface,biological,14,34.3,8.06,10.8,30.84,7.99,1.8,1000,0,51.77588187,-127.8790909,sand,n,90,p,macroalgae,nereocystis,macroalgae_sand,nereocystis_sand,90.85,2.6449e-109,221,Metazoa,Annelida,Annelida,Tubificida,Naididae,Paranais,0,0,TRUE,ASV3774,2,NA
edna0101,ASV4894,motu3787,Olividae,Sea snail species,family,NA,1,NA,NA,NA,6,NA,NA,NA,NA,NA,Olividae,Sea snail species,2018_koe3_surface,koe3,beach_seine,2018-07-20,2018-07-18,2018,surface,2,edna_koe3_15,surface,biological,14,34.3,8.06,10.8,30.84,7.99,1.8,1000,0,51.77588187,-127.8790909,sand,n,90,p,macroalgae,nereocystis,macroalgae_sand,nereocystis_sand,90.16,8.59747e-10,42,Metazoa,Mollusca,Mollusca,Neogastropoda,Olividae,NA,0,0,TRUE,ASV4894,1,NA
edna0083,ASV226,motu199,Mytilus trossulus,Bay mussel,species,NA,1,NA,1,NA,14,NA,NA,22,NA,NA,Mytilus trossulus,Bay mussel,2018_manley_surface,manley,kelp,2018-07-16,NA,2018,surface,2,edna_manley_15,surface,biological,14.4,30.5,8.25,11.5,31.15,8.06,5.7,1000,0,51.80121719,-128.199621,rock,NA,NA,NA,macroalgae,macrocystis,macroalgae_rock,macrocystis_rock,100,3.2351099999999996e-158,309,Metazoa,Mollusca,Mollusca,Mytilida,Mytilidae,Mytilus,0,0,TRUE,ASV226,18,Mytilus trossulus
edna0083,ASV205,motu181,Pseudocalanus mimus,Calanoid copepod,species,NA,1,1,1,NA,38,18,56,66,NA,78,Pseudocalanus mimus,Calanoid copepod,2018_manley_surface,manley,kelp,2018-07-16,NA,2018,surface,2,edna_manley_15,surface,biological,14.4,30.5,8.25,11.5,31.15,8.06,5.7,1000,0,51.80121719,-128.199621,rock,NA,NA,NA,macroalgae,macrocystis,macroalgae_rock,macrocystis_rock,100,1.18898e-152,299,Metazoa,Arthropoda,Copepoda,Calanoida,Clausocalanidae,Pseudocalanus,0,0,TRUE,ASV205,8,Pseudocalanus mimus
edna0083,ASV536,motu470,Paracalanus parvus parvus,Calanoid copepod,species,NA,1,NA,NA,NA,16,NA,NA,NA,NA,NA,Paracalanus parvus parvus,Calanoid copepod,2018_manley_surface,manley,kelp,2018-07-16,NA,2018,surface,2,edna_manley_15,surface,biological,14.4,30.5,8.25,11.5,31.15,8.06,5.7,1000,0,51.80121719,-128.199621,rock,NA,NA,NA,macroalgae,macrocystis,macroalgae_rock,macrocystis_rock,100,1.17454e-132,263,Metazoa,Arthropoda,Copepoda,Calanoida,Paracalanidae,Paracalanus,0,0,TRUE,ASV536,6,Paracalanus parvus parvus
edna0083,ASV336,motu296,Pseudocalanus newmani,Calanoid copepod,species,NA,1,NA,1,NA,68,NA,NA,NA,NA,87,Pseudocalanus newmani,Calanoid copepod,2018_manley_surface,manley,kelp,2018-07-16,NA,2018,surface,2,edna_manley_15,surface,biological,14.4,30.5,8.25,11.5,31.15,8.06,5.7,1000,0,51.80121719,-128.199621,rock,NA,NA,NA,macroalgae,macrocystis,macroalgae_rock,macrocystis_rock,100,1.96163e-160,313,Metazoa,Arthropoda,Copepoda,Calanoida,Clausocalanidae,Pseudocalanus,0,0,TRUE,ASV336,4,Pseudocalanus newmani
edna0083,ASV580,motu150,Pseudocalanus mimus,Calanoid copepod,species,NA,1,1,NA,NA,66,29,NA,NA,NA,NA,Pseudocalanus mimus,Calanoid copepod,2018_manley_surface,manley,kelp,2018-07-16,NA,2018,surface,2,edna_manley_15,surface,biological,14.4,30.5,8.25,11.5,31.15,8.06,5.7,1000,0,51.80121719,-128.199621,rock,NA,NA,NA,macroalgae,macrocystis,macroalgae_rock,macrocystis_rock,99.67,9.19139e-154,301,Metazoa,Arthropoda,Copepoda,Calanoida,Clausocalanidae,Pseudocalanus,0,0,TRUE,ASV171,10,Pseudocalanus mimus
edna0083,ASV324,motu285,Paracalanus parvus parvus,Calanoid copepod,species,NA,1,1,NA,NA,13,8,NA,NA,NA,NA,Paracalanus parvus parvus,Calanoid copepod,2018_manley_surface,manley,kelp,2018-07-16,NA,2018,surface,2,edna_manley_15,surface,biological,14.4,30.5,8.25,11.5,31.15,8.06,5.7,1000,0,51.80121719,-128.199621,rock,NA,NA,NA,macroalgae,macrocystis,macroalgae_rock,macrocystis_rock,100,1.17454e-132,263,Metazoa,Arthropoda,Copepoda,Calanoida,Paracalanidae,Paracalanus,0,0,TRUE,ASV324,6,Paracalanus parvus parvus
edna0083,ASV354,motu313,Mitrocoma cellularia,Cross jelly,species,NA,1,NA,1,NA,4,NA,NA,NA,NA,6,Mitrocoma cellularia,Cross jelly,2018_manley_surface,manley,kelp,2018-07-16,NA,2018,surface,2,edna_manley_15,surface,biological,14.4,30.5,8.25,11.5,31.15,8.06,5.7,1000,0,51.80121719,-128.199621,rock,NA,NA,NA,macroalgae,macrocystis,macroalgae_rock,macrocystis_rock,100,1.4886099999999998e-156,306,Metazoa,Cnidaria,Hydrozoa,Leptothecata,Mitrocomidae,Mitrocoma,0,0,TRUE,ASV354,2,Mitrocoma cellularia
edna0083,ASV320,motu281,Pseudocalanus newmani,Calanoid copepod,species,NA,1,1,1,NA,76,29,56,60,NA,75,Pseudocalanus newmani,Calanoid copepod,2018_manley_surface,manley,kelp,2018-07-16,NA,2018,surface,2,edna_manley_15,surface,biological,14.4,30.5,8.25,11.5,31.15,8.06,5.7,1000,0,51.80121719,-128.199621,rock,NA,NA,NA,macroalgae,macrocystis,macroalgae_rock,macrocystis_rock,100,1.96163e-160,313,Metazoa,Arthropoda,Copepoda,Calanoida,Clausocalanidae,Pseudocalanus,0,0,TRUE,ASV320,6,Pseudocalanus newmani
edna0083,ASV716,motu622,Chone magna,Feather duster worm,species,NA,1,NA,NA,NA,2,NA,NA,NA,NA,NA,Chone magna,Feather duster worm,2018_manley_surface,manley,kelp,2018-07-16,NA,2018,surface,2,edna_manley_15,surface,biological,14.4,30.5,8.25,11.5,31.15,8.06,5.7,1000,0,51.80121719,-128.199621,rock,NA,NA,NA,macroalgae,macrocystis,macroalgae_rock,macrocystis_rock,100,1.96163e-160,313,Metazoa,Annelida,Polychaeta,Sabellida,Sabellidae,Chone,0,0,TRUE,ASV716,2,Chone magna
edna0083,ASV558,motu491,Pseudocalanus mimus,Calanoid copepod,species,NA,1,NA,NA,NA,31,NA,NA,NA,NA,NA,Pseudocalanus mimus,Calanoid copepod,2018_manley_surface,manley,kelp,2018-07-16,NA,2018,surface,2,edna_manley_15,surface,biological,14.4,30.5,8.25,11.5,31.15,8.06,5.7,1000,0,51.80121719,-128.199621,rock,NA,NA,NA,macroalgae,macrocystis,macroalgae_rock,macrocystis_rock,100,7.1053799999999944e-155,303,Metazoa,Arthropoda,Copepoda,Calanoida,Clausocalanidae,Pseudocalanus,0,0,TRUE,ASV558,1,Pseudocalanus mimus
edna0083,ASV640,motu105,Mesocentrotus franciscanus,Red sea urchin,species,NA,1,NA,NA,NA,45,NA,NA,NA,NA,NA,Mesocentrotus franciscanus,Red sea urchin,2018_manley_surface,manley,kelp,2018-07-16,NA,2018,surface,2,edna_manley_15,surface,biological,14.4,30.5,8.25,11.5,31.15,8.06,5.7,1000,0,51.80121719,-128.199621,rock,NA,NA,NA,macroalgae,macrocystis,macroalgae_rock,macrocystis_rock,100,1.96163e-160,313,Metazoa,Echinodermata,Echinoidea,Camarodonta,Strongylocentrotidae,Mesocentrotus,0,0,TRUE,ASV118,8,Mesocentrotus franciscanus
edna0083,ASV647,motu560,Synchaeta triophthalma,Rotifer,species,NA,1,NA,1,NA,6,NA,NA,11,NA,4,Synchaeta triophthalma,Rotifer,2018_manley_surface,manley,kelp,2018-07-16,NA,2018,surface,2,edna_manley_15,surface,biological,14.4,30.5,8.25,11.5,31.15,8.06,5.7,1000,0,51.80121719,-128.199621,rock,NA,NA,NA,macroalgae,macrocystis,macroalgae_rock,macrocystis_rock,91.99,3.511259999999999e-118,237,Metazoa,Rotifera,Eurotatoria,Ploima,Synchaetidae,Synchaeta,0,0,TRUE,ASV647,4,Synchaeta triophthalma
edna0083,ASV939,motu816,Ergasilida,Cyclopoid copepod,order,NA,1,NA,NA,NA,8,NA,NA,NA,NA,NA,Ergasilida,Cyclopoid copepod,2018_manley_surface,manley,kelp,2018-07-16,NA,2018,surface,2,edna_manley_15,surface,biological,14.4,30.5,8.25,11.5,31.15,8.06,5.7,1000,0,51.80121719,-128.199621,rock,NA,NA,NA,macroalgae,macrocystis,macroalgae_rock,macrocystis_rock,100,1.96163e-160,313,Metazoa,Arthropoda,Copepoda,Cyclopoida,NA,NA,0,0,FALSE,ASV939,1,NA
edna0083,ASV1546,motu1303,Chaetognatha,Arrow worm,phylum,NA,1,NA,NA,NA,12,NA,NA,NA,NA,NA,Chaetognatha,Arrow worm,2018_manley_surface,manley,kelp,2018-07-16,NA,2018,surface,2,edna_manley_15,surface,biological,14.4,30.5,8.25,11.5,31.15,8.06,5.7,1000,0,51.80121719,-128.199621,rock,NA,NA,NA,macroalgae,macrocystis,macroalgae_rock,macrocystis_rock,95.02,1.63074e-81,171,Metazoa,Chaetognatha,NA,NA,NA,NA,0,0,TRUE,ASV1546,2,NA
edna0083,ASV801,motu697,Micropodarke dubia,Hesionid polychaete,species,NA,1,NA,NA,NA,4,NA,NA,NA,NA,NA,Micropodarke dubia,Hesionid polychaete,2018_manley_surface,manley,kelp,2018-07-16,NA,2018,surface,2,edna_manley_15,surface,biological,14.4,30.5,8.25,11.5,31.15,8.06,5.7,1000,0,51.80121719,-128.199621,rock,NA,NA,NA,macroalgae,macrocystis,macroalgae_rock,macrocystis_rock,100,1.96163e-160,313,Metazoa,Annelida,Polychaeta,Phyllodocida,Hesionidae,Micropodarke,0,0,TRUE,ASV801,2,Micropodarke dubia
edna0083,ASV1029,motu891,Lottia scutum,Plate limpet,species,NA,1,NA,NA,NA,3,NA,NA,NA,NA,NA,Lottia scutum,Plate limpet,2018_manley_surface,manley,kelp,2018-07-16,NA,2018,surface,2,edna_manley_15,surface,biological,14.4,30.5,8.25,11.5,31.15,8.06,5.7,1000,0,51.80121719,-128.199621,rock,NA,NA,NA,macroalgae,macrocystis,macroalgae_rock,macrocystis_rock,100,3.150669999999998e-153,300,Metazoa,Mollusca,Mollusca,NA,Lottiidae,Lottia,0,0,TRUE,ASV1029,1,Lottia scutum
edna0083,ASV1742,motu1454,Micropodarke dubia,Hesionid polychaete,species,NA,1,NA,NA,NA,4,NA,NA,NA,NA,NA,Micropodarke dubia,Hesionid polychaete,2018_manley_surface,manley,kelp,2018-07-16,NA,2018,surface,2,edna_manley_15,surface,biological,14.4,30.5,8.25,11.5,31.15,8.06,5.7,1000,0,51.80121719,-128.199621,rock,NA,NA,NA,macroalgae,macrocystis,macroalgae_rock,macrocystis_rock,100,1.96163e-160,313,Metazoa,Annelida,Polychaeta,Phyllodocida,Hesionidae,Micropodarke,0,0,TRUE,ASV1742,2,Micropodarke dubia
edna0083,ASV1046,motu902,Arthropoda,Unknown arthropod,phylum,NA,1,1,1,NA,7,5,NA,8,NA,NA,Arthropoda,Unknown arthropod,2018_manley_surface,manley,kelp,2018-07-16,NA,2018,surface,2,edna_manley_15,surface,biological,14.4,30.5,8.25,11.5,31.15,8.06,5.7,1000,0,51.80121719,-128.199621,rock,NA,NA,NA,macroalgae,macrocystis,macroalgae_rock,macrocystis_rock,94.87,8.78538e-5,33,Metazoa,Arthropoda,NA,NA,NA,NA,NA,NA,TRUE,ASV1046,4,NA
edna0083,ASV1082,motu932,Obelia dichotoma,Sea thread hydroid,species,NA,1,1,1,NA,8,7,10,10,NA,18,Obelia dichotoma,Sea thread hydroid,2018_manley_surface,manley,kelp,2018-07-16,NA,2018,surface,2,edna_manley_15,surface,biological,14.4,30.5,8.25,11.5,31.15,8.06,5.7,1000,0,51.80121719,-128.199621,rock,NA,NA,NA,macroalgae,macrocystis,macroalgae_rock,macrocystis_rock,100,5.353989999999996e-156,305,Metazoa,Cnidaria,Hydrozoa,Leptothecata,Campanulariidae,Obelia,0,0,TRUE,ASV1082,1,Obelia dichotoma
edna0083,ASV2031,motu1681,Membranipora membranacea,Coffin box bryozoan,species,NA,1,NA,NA,NA,6,NA,NA,NA,NA,NA,Membranipora membranacea,Coffin box bryozoan,2018_manley_surface,manley,kelp,2018-07-16,NA,2018,surface,2,edna_manley_15,surface,biological,14.4,30.5,8.25,11.5,31.15,8.06,5.7,1000,0,51.80121719,-128.199621,rock,NA,NA,NA,macroalgae,macrocystis,macroalgae_rock,macrocystis_rock,100,9.252979999999995e-139,274,Metazoa,Bryozoa,Gymnolaemata,Cheilostomatida,Membraniporidae,Membranipora,0,0,TRUE,ASV2031,1,Membranipora membranacea
edna0083,ASV2517,motu2050,Pseudocalanus mimus,Calanoid copepod,species,NA,1,NA,NA,NA,56,NA,NA,NA,NA,NA,Pseudocalanus mimus,Calanoid copepod,2018_manley_surface,manley,kelp,2018-07-16,NA,2018,surface,2,edna_manley_15,surface,biological,14.4,30.5,8.25,11.5,31.15,8.06,5.7,1000,0,51.80121719,-128.199621,rock,NA,NA,NA,macroalgae,macrocystis,macroalgae_rock,macrocystis_rock,98.68,9.256649999999999e-149,292,Metazoa,Arthropoda,Copepoda,Calanoida,Clausocalanidae,Pseudocalanus,0,0,TRUE,ASV2517,1,Pseudocalanus mimus
edna0083,ASV2308,motu1901,Littorina scutulata,Checkered periwinkle,species,NA,1,NA,NA,NA,16,NA,NA,NA,NA,NA,Littorina scutulata,Checkered periwinkle,2018_manley_surface,manley,kelp,2018-07-16,NA,2018,surface,2,edna_manley_15,surface,biological,14.4,30.5,8.25,11.5,31.15,8.06,5.7,1000,0,51.80121719,-128.199621,rock,NA,NA,NA,macroalgae,macrocystis,macroalgae_rock,macrocystis_rock,100,1.96163e-160,313,Metazoa,Mollusca,Gastropoda,Littorinimorpha,Littorinidae,Littorina,0,0,TRUE,ASV2308,1,Littorina scutulata
edna0083,ASV1282,motu1086,Pseudocalanus mimus,Calanoid copepod,species,NA,1,NA,1,NA,46,NA,NA,54,NA,62,Pseudocalanus mimus,Calanoid copepod,2018_manley_surface,manley,kelp,2018-07-16,NA,2018,surface,2,edna_manley_15,surface,biological,14.4,30.5,8.25,11.5,31.15,8.06,5.7,1000,0,51.80121719,-128.199621,rock,NA,NA,NA,macroalgae,macrocystis,macroalgae_rock,macrocystis_rock,98.68,9.256649999999999e-149,292,Metazoa,Arthropoda,Copepoda,Calanoida,Clausocalanidae,Pseudocalanus,0,0,TRUE,ASV1282,1,Pseudocalanus mimus
edna0083,ASV1603,motu1347,Armandia brevis,Opheliid polychaete,species,NA,1,NA,NA,NA,4,NA,NA,NA,NA,NA,Armandia brevis,Opheliid polychaete,2018_manley_surface,manley,kelp,2018-07-16,NA,2018,surface,2,edna_manley_15,surface,biological,14.4,30.5,8.25,11.5,31.15,8.06,5.7,1000,0,51.80121719,-128.199621,rock,NA,NA,NA,macroalgae,macrocystis,macroalgae_rock,macrocystis_rock,100,3.4804099999999994e-173,336,Metazoa,Annelida,Polychaeta,NA,Opheliidae,Armandia,0,0,TRUE,ASV1603,1,Armandia brevis
edna0083,ASV2996,motu118,Mesocentrotus franciscanus,Red sea urchin,species,NA,1,NA,NA,NA,145,NA,NA,NA,NA,NA,Mesocentrotus franciscanus,Red sea urchin,2018_manley_surface,manley,kelp,2018-07-16,NA,2018,surface,2,edna_manley_15,surface,biological,14.4,30.5,8.25,11.5,31.15,8.06,5.7,1000,0,51.80121719,-128.199621,rock,NA,NA,NA,macroalgae,macrocystis,macroalgae_rock,macrocystis_rock,100,1.96163e-160,313,Metazoa,Echinodermata,Echinoidea,Camarodonta,Strongylocentrotidae,Mesocentrotus,0,0,TRUE,ASV132,8,Mesocentrotus franciscanus
edna0083,ASV2840,motu2298,Arthropoda,Unknown arthropod,phylum,NA,1,NA,NA,NA,3,NA,NA,NA,NA,NA,Arthropoda,Unknown arthropod,2018_manley_surface,manley,kelp,2018-07-16,NA,2018,surface,2,edna_manley_15,surface,biological,14.4,30.5,8.25,11.5,31.15,8.06,5.7,1000,0,51.80121719,-128.199621,rock,NA,NA,NA,macroalgae,macrocystis,macroalgae_rock,macrocystis_rock,95,2.34566e-5,34,Metazoa,Arthropoda,NA,NA,NA,NA,NA,NA,TRUE,ASV2840,1,NA
edna0083,ASV2216,motu190,Mytilus trossulus,Bay mussel,species,NA,1,NA,1,NA,25,NA,NA,20,NA,24,Mytilus trossulus,Bay mussel,2018_manley_surface,manley,kelp,2018-07-16,NA,2018,surface,2,edna_manley_15,surface,biological,14.4,30.5,8.25,11.5,31.15,8.06,5.7,1000,0,51.80121719,-128.199621,rock,NA,NA,NA,macroalgae,macrocystis,macroalgae_rock,macrocystis_rock,100,3.2351099999999996e-158,309,Metazoa,Mollusca,Mollusca,Mytilida,Mytilidae,Mytilus,0,0,TRUE,ASV216,23,Mytilus trossulus
edna0083,ASV1855,motu1546,Tegula pulligo,Dusky tegula,species,NA,1,NA,NA,NA,11,NA,NA,NA,NA,NA,Tegula pulligo,Dusky tegula,2018_manley_surface,manley,kelp,2018-07-16,NA,2018,surface,2,edna_manley_15,surface,biological,14.4,30.5,8.25,11.5,31.15,8.06,5.7,1000,0,51.80121719,-128.199621,rock,NA,NA,NA,macroalgae,macrocystis,macroalgae_rock,macrocystis_rock,100,3.2351099999999996e-158,309,Metazoa,Mollusca,Gastropoda,Trochida,Tegulidae,Tegula,0,0,TRUE,ASV1855,2,Tegula pulligo
edna0083,ASV1840,motu1162,Phascolosoma (Phascolosoma) agassizii,Agassiz peanut worm,species,NA,1,NA,NA,NA,10,NA,NA,NA,NA,NA,Phascolosoma (Phascolosoma) agassizii,Agassiz peanut worm,2018_manley_surface,manley,kelp,2018-07-16,NA,2018,surface,2,edna_manley_15,surface,biological,14.4,30.5,8.25,11.5,31.15,8.06,5.7,1000,0,51.80121719,-128.199621,rock,NA,NA,NA,macroalgae,macrocystis,macroalgae_rock,macrocystis_rock,100,1.96163e-160,313,Metazoa,Annelida,NA,Sipuncula,Phascolosomatidae,Phascolosoma,0,0,TRUE,ASV1376,3,Phascolosoma (Phascolosoma) agassizii
edna0083,ASV2335,motu1921,Ferkeria,Other arachnid,genus,NA,1,NA,1,NA,7,NA,NA,3,NA,5,Ferkeria,Other arachnid,2018_manley_surface,manley,kelp,2018-07-16,NA,2018,surface,2,edna_manley_15,surface,biological,14.4,30.5,8.25,11.5,31.15,8.06,5.7,1000,0,51.80121719,-128.199621,rock,NA,NA,NA,macroalgae,macrocystis,macroalgae_rock,macrocystis_rock,97.06,0.00112005,31,Metazoa,Arthropoda,Arthropoda,Grassatores,NA,Ferkeria,NA,NA,TRUE,ASV2335,1,NA
edna0083,ASV2376,motu1949,Euphausia pacifica,North Pacific krill,species,NA,1,NA,NA,NA,3,NA,NA,NA,NA,NA,Euphausia pacifica,North Pacific krill,2018_manley_surface,manley,kelp,2018-07-16,NA,2018,surface,2,edna_manley_15,surface,biological,14.4,30.5,8.25,11.5,31.15,8.06,5.7,1000,0,51.80121719,-128.199621,rock,NA,NA,NA,macroalgae,macrocystis,macroalgae_rock,macrocystis_rock,100,3.2351099999999996e-158,309,Metazoa,Arthropoda,Malacostraca,Euphausiacea,Euphausiidae,Euphausia,0,0,TRUE,ASV2376,1,Euphausia pacifica
edna0083,ASV4028,motu3158,Tegula pulligo,Dusky tegula,species,NA,1,NA,NA,NA,9,NA,NA,NA,NA,NA,Tegula pulligo,Dusky tegula,2018_manley_surface,manley,kelp,2018-07-16,NA,2018,surface,2,edna_manley_15,surface,biological,14.4,30.5,8.25,11.5,31.15,8.06,5.7,1000,0,51.80121719,-128.199621,rock,NA,NA,NA,macroalgae,macrocystis,macroalgae_rock,macrocystis_rock,100,3.2351099999999996e-158,309,Metazoa,Mollusca,Gastropoda,Trochida,Tegulidae,Tegula,0,0,TRUE,ASV4028,1,Tegula pulligo
edna0083,ASV3115,motu2503,Synchaeta cecilia,Rotifer,species,NA,1,NA,1,NA,5,NA,NA,8,NA,6,Synchaeta cecilia,Rotifer,2018_manley_surface,manley,kelp,2018-07-16,NA,2018,surface,2,edna_manley_15,surface,biological,14.4,30.5,8.25,11.5,31.15,8.06,5.7,1000,0,51.80121719,-128.199621,rock,NA,NA,NA,macroalgae,macrocystis,macroalgae_rock,macrocystis_rock,90.73,1.2488499999999995e-107,218,Metazoa,Rotifera,Eurotatoria,Ploima,Synchaetidae,Synchaeta,0,0,TRUE,ASV3115,1,Synchaeta cecilia
edna0083,ASV3061,motu2465,Synchaeta cecilia,Rotifer,species,NA,1,NA,1,NA,6,NA,NA,7,NA,NA,Synchaeta cecilia,Rotifer,2018_manley_surface,manley,kelp,2018-07-16,NA,2018,surface,2,edna_manley_15,surface,biological,14.4,30.5,8.25,11.5,31.15,8.06,5.7,1000,0,51.80121719,-128.199621,rock,NA,NA,NA,macroalgae,macrocystis,macroalgae_rock,macrocystis_rock,90.73,1.2488499999999995e-107,218,Metazoa,Rotifera,Eurotatoria,Ploima,Synchaetidae,Synchaeta,0,0,TRUE,ASV3061,2,Synchaeta cecilia
edna0083,ASV6550,motu5073,Sertularellidae,Thecate Hydroid,family,NA,1,NA,NA,NA,3,NA,NA,NA,NA,NA,Sertularellidae,Thecate Hydroid,2018_manley_surface,manley,kelp,2018-07-16,NA,2018,surface,2,edna_manley_15,surface,biological,14.4,30.5,8.25,11.5,31.15,8.06,5.7,1000,0,51.80121719,-128.199621,rock,NA,NA,NA,macroalgae,macrocystis,macroalgae_rock,macrocystis_rock,92.28,2.73936e-119,239,Metazoa,Cnidaria,Cnidaria,Leptothecata,Sertularellidae,NA,0,0,TRUE,ASV6550,1,NA
edna0083,ASV7310,motu5712,Bosellia,Sap-sucking sea slug,genus,NA,1,NA,NA,NA,4,NA,NA,NA,NA,NA,Bosellia,Sap-sucking sea slug,2018_manley_surface,manley,kelp,2018-07-16,NA,2018,surface,2,edna_manley_15,surface,biological,14.4,30.5,8.25,11.5,31.15,8.06,5.7,1000,0,51.80121719,-128.199621,rock,NA,NA,NA,macroalgae,macrocystis,macroalgae_rock,macrocystis_rock,100,3.22341e-4,32,Metazoa,Mollusca,Mollusca,NA,Plakobranchidae,Bosellia,0,0,TRUE,ASV7310,1,NA
edna0083,ASV7571,motu5936,Xingyurella,Thecate Hydroid,genus,NA,1,NA,NA,NA,3,NA,NA,NA,NA,NA,Xingyurella,Thecate Hydroid,2018_manley_surface,manley,kelp,2018-07-16,NA,2018,surface,2,edna_manley_15,surface,biological,14.4,30.5,8.25,11.5,31.15,8.06,5.7,1000,0,51.80121719,-128.199621,rock,NA,NA,NA,macroalgae,macrocystis,macroalgae_rock,macrocystis_rock,95.13,1.22972e-132,263,Metazoa,Cnidaria,Cnidaria,Leptothecata,Sertularellidae,Xingyurella,0,0,TRUE,ASV7571,1,NA
edna0076,ASV233,motu74,Euchlanidae,Rotifer,family,NA,1,NA,NA,NA,30,NA,NA,NA,NA,NA,No Results,No Results,2018_triquet_surface,triquet,kelp,2018-07-16,NA,2018,surface,1,edna_triquet_00,surface,biological,15,31.08,8.15,NA,NA,NA,5.7,1000,0,51.80359931,-128.2543249,rock,NA,NA,NA,macroalgae,macrocystis,macroalgae_rock,macrocystis_rock,91.35,3.005919999999998e-29,77,Metazoa,Rotifera,Rotifera,Ploima,Euchlanidae,NA,1,NA,TRUE,ASV84,2,NA
edna0076,ASV603,motu529,Ophiopholis kennerlyi,Daisy brittle star,species,NA,1,NA,NA,NA,9,NA,NA,NA,NA,NA,Ophiopholis kennerlyi,Daisy brittle star,2018_triquet_surface,triquet,kelp,2018-07-16,NA,2018,surface,1,edna_triquet_00,surface,biological,15,31.08,8.15,NA,NA,NA,5.7,1000,0,51.80359931,-128.2543249,rock,NA,NA,NA,macroalgae,macrocystis,macroalgae_rock,macrocystis_rock,100,1.96163e-160,313,Metazoa,Echinodermata,Echinodermata,Amphilepidida,Ophiopholidae,Ophiopholis,0,0,TRUE,ASV603,6,Ophiopholis kennerlyi
edna0076,ASV1196,motu537,Mitrocoma cellularia,Cross jelly,species,NA,1,NA,NA,NA,131,NA,NA,NA,NA,NA,Mitrocoma cellularia,Cross jelly,2018_triquet_surface,triquet,kelp,2018-07-16,NA,2018,surface,1,edna_triquet_00,surface,biological,15,31.08,8.15,NA,NA,NA,5.7,1000,0,51.80359931,-128.2543249,rock,NA,NA,NA,macroalgae,macrocystis,macroalgae_rock,macrocystis_rock,99.67,6.925819999999995e-155,303,Metazoa,Cnidaria,Hydrozoa,Leptothecata,Mitrocomidae,Mitrocoma,0,0,TRUE,ASV616,6,Mitrocoma cellularia
edna0076,ASV1038,motu895,Clytia gregaria,Gregarious jellyfish,species,NA,1,NA,NA,NA,7,NA,NA,NA,NA,NA,Clytia gregaria,Gregarious jellyfish,2018_triquet_surface,triquet,kelp,2018-07-16,NA,2018,surface,1,edna_triquet_00,surface,biological,15,31.08,8.15,NA,NA,NA,5.7,1000,0,51.80359931,-128.2543249,rock,NA,NA,NA,macroalgae,macrocystis,macroalgae_rock,macrocystis_rock,99.68,9.126599999999999e-159,310,Metazoa,Cnidaria,Hydrozoa,Leptothecata,Campanulariidae,Clytia,0,0,TRUE,ASV1038,2,Clytia gregaria
edna0076,ASV1154,motu989,Eupolymnia heterobranchia,Brown intertidal spaghetti worm,species,NA,1,NA,NA,NA,2,NA,NA,NA,NA,NA,Eupolymnia heterobranchia,Brown intertidal spaghetti worm,2018_triquet_surface,triquet,kelp,2018-07-16,NA,2018,surface,1,edna_triquet_00,surface,biological,15,31.08,8.15,NA,NA,NA,5.7,1000,0,51.80359931,-128.2543249,rock,NA,NA,NA,macroalgae,macrocystis,macroalgae_rock,macrocystis_rock,100,1.4886099999999998e-156,306,Metazoa,Annelida,Polychaeta,Terebellida,Terebellidae,Eupolymnia,0,0,TRUE,ASV1154,3,Eupolymnia heterobranchia
edna0076,ASV733,motu637,Phyllodocida,Polychaete,order,NA,1,NA,NA,NA,6,NA,NA,NA,NA,NA,Phyllodocida,Polychaete,2018_triquet_surface,triquet,kelp,2018-07-16,NA,2018,surface,1,edna_triquet_00,surface,biological,15,31.08,8.15,NA,NA,NA,5.7,1000,0,51.80359931,-128.2543249,rock,NA,NA,NA,macroalgae,macrocystis,macroalgae_rock,macrocystis_rock,100,0.0603188,28,Metazoa,Annelida,Annelida,Phyllodocida,NA,NA,0,0,TRUE,ASV733,1,NA
edna0076,ASV1546,motu1303,Chaetognatha,Arrow worm,phylum,NA,1,NA,NA,NA,15,NA,NA,NA,NA,NA,Chaetognatha,Arrow worm,2018_triquet_surface,triquet,kelp,2018-07-16,NA,2018,surface,1,edna_triquet_00,surface,biological,15,31.08,8.15,NA,NA,NA,5.7,1000,0,51.80359931,-128.2543249,rock,NA,NA,NA,macroalgae,macrocystis,macroalgae_rock,macrocystis_rock,95.02,1.63074e-81,171,Metazoa,Chaetognatha,NA,NA,NA,NA,0,0,TRUE,ASV1546,2,NA
edna0076,ASV1748,motu1459,Chaetognatha,Arrow worm,phylum,NA,1,NA,NA,NA,26,NA,NA,NA,NA,NA,Chaetognatha,Arrow worm,2018_triquet_surface,triquet,kelp,2018-07-16,NA,2018,surface,1,edna_triquet_00,surface,biological,15,31.08,8.15,NA,NA,NA,5.7,1000,0,51.80359931,-128.2543249,rock,NA,NA,NA,macroalgae,macrocystis,macroalgae_rock,macrocystis_rock,95.02,1.63074e-81,171,Metazoa,Chaetognatha,NA,NA,NA,NA,0,0,TRUE,ASV1748,1,NA
edna0076,ASV1736,motu1450,Polycirrus,Sphagetti worm,genus,NA,1,NA,NA,NA,5,NA,NA,NA,NA,NA,Polycirrus,Sphagetti worm,2018_triquet_surface,triquet,kelp,2018-07-16,NA,2018,surface,1,edna_triquet_00,surface,biological,15,31.08,8.15,NA,NA,NA,5.7,1000,0,51.80359931,-128.2543249,rock,NA,NA,NA,macroalgae,macrocystis,macroalgae_rock,macrocystis_rock,100,2.51921e-159,311,Metazoa,Annelida,Polychaeta,Terebellida,Terebellidae,Polycirrus,0,0,TRUE,ASV1736,1,NA
edna0076,ASV2203,motu1819,Obelia dichotoma,Sea thread hydroid,species,NA,1,NA,NA,NA,5,NA,NA,NA,NA,NA,Obelia dichotoma,Sea thread hydroid,2018_triquet_surface,triquet,kelp,2018-07-16,NA,2018,surface,1,edna_triquet_00,surface,biological,15,31.08,8.15,NA,NA,NA,5.7,1000,0,51.80359931,-128.2543249,rock,NA,NA,NA,macroalgae,macrocystis,macroalgae_rock,macrocystis_rock,100,5.353989999999996e-156,305,Metazoa,Cnidaria,Hydrozoa,Leptothecata,Campanulariidae,Obelia,0,0,TRUE,ASV2203,1,Obelia dichotoma
edna0076,ASV1082,motu932,Obelia dichotoma,Sea thread hydroid,species,NA,1,NA,NA,NA,3,NA,NA,NA,NA,NA,Obelia dichotoma,Sea thread hydroid,2018_triquet_surface,triquet,kelp,2018-07-16,NA,2018,surface,1,edna_triquet_00,surface,biological,15,31.08,8.15,NA,NA,NA,5.7,1000,0,51.80359931,-128.2543249,rock,NA,NA,NA,macroalgae,macrocystis,macroalgae_rock,macrocystis_rock,100,5.353989999999996e-156,305,Metazoa,Cnidaria,Hydrozoa,Leptothecata,Campanulariidae,Obelia,0,0,TRUE,ASV1082,1,Obelia dichotoma
edna0076,ASV2930,motu2362,Chaetognatha,Arrow worm,phylum,NA,1,NA,NA,NA,19,NA,NA,NA,NA,NA,Chaetognatha,Arrow worm,2018_triquet_surface,triquet,kelp,2018-07-16,NA,2018,surface,1,edna_triquet_00,surface,biological,15,31.08,8.15,NA,NA,NA,5.7,1000,0,51.80359931,-128.2543249,rock,NA,NA,NA,macroalgae,macrocystis,macroalgae_rock,macrocystis_rock,98.01,1.6078299999999998e-91,189,Metazoa,Chaetognatha,NA,NA,NA,NA,0,0,TRUE,ASV2930,1,NA
edna0076,ASV1763,motu476,Phascolosoma (Phascolosoma) agassizii,Agassiz peanut worm,species,NA,1,NA,NA,NA,3,NA,NA,NA,NA,NA,Phascolosoma (Phascolosoma) agassizii,Agassiz peanut worm,2018_triquet_surface,triquet,kelp,2018-07-16,NA,2018,surface,1,edna_triquet_00,surface,biological,15,31.08,8.15,NA,NA,NA,5.7,1000,0,51.80359931,-128.2543249,rock,NA,NA,NA,macroalgae,macrocystis,macroalgae_rock,macrocystis_rock,100,1.96163e-160,313,Metazoa,Annelida,NA,Sipuncula,Phascolosomatidae,Phascolosoma,0,0,TRUE,ASV542,4,Phascolosoma (Phascolosoma) agassizii
edna0076,ASV2131,motu545,Phascolosoma (Phascolosoma) agassizii,Agassiz peanut worm,species,NA,1,NA,NA,NA,4,NA,NA,NA,NA,NA,Phascolosoma (Phascolosoma) agassizii,Agassiz peanut worm,2018_triquet_surface,triquet,kelp,2018-07-16,NA,2018,surface,1,edna_triquet_00,surface,biological,15,31.08,8.15,NA,NA,NA,5.7,1000,0,51.80359931,-128.2543249,rock,NA,NA,NA,macroalgae,macrocystis,macroalgae_rock,macrocystis_rock,100,1.96163e-160,313,Metazoa,Annelida,NA,Sipuncula,Phascolosomatidae,Phascolosoma,0,0,TRUE,ASV625,3,Phascolosoma (Phascolosoma) agassizii
edna0076,ASV2773,motu2242,Diplostomida,Flatworm,order,NA,1,NA,NA,NA,2,NA,NA,NA,NA,NA,Diplostomida,Flatworm,2018_triquet_surface,triquet,kelp,2018-07-16,NA,2018,surface,1,edna_triquet_00,surface,biological,15,31.08,8.15,NA,NA,NA,5.7,1000,0,51.80359931,-128.2543249,rock,NA,NA,NA,macroalgae,macrocystis,macroalgae_rock,macrocystis_rock,96.88,0.0144888,29,Metazoa,Platyhelminthes,Platyhelminthes,Diplostomida,NA,NA,0,0,TRUE,ASV2773,1,NA
edna0076,ASV3534,motu2809,Polypogon,Hexapod,genus,NA,1,NA,NA,NA,12,NA,NA,NA,NA,NA,Polypogon,Hexapod,2018_triquet_surface,triquet,kelp,2018-07-16,NA,2018,surface,1,edna_triquet_00,surface,biological,15,31.08,8.15,NA,NA,NA,5.7,1000,0,51.80359931,-128.2543249,rock,NA,NA,NA,macroalgae,macrocystis,macroalgae_rock,macrocystis_rock,95.12,6.79151e-6,35,Metazoa,Arthropoda,Arthropoda,Lepidoptera,Noctuoidea,Polypogon,NA,NA,TRUE,ASV3534,1,NA
edna0076,ASV2490,motu2027,Phacellophora camtschatica,Fried egg jellyfish,species,NA,1,NA,NA,NA,3,NA,NA,NA,NA,NA,Phacellophora camtschatica,Fried egg jellyfish,2018_triquet_surface,triquet,kelp,2018-07-16,NA,2018,surface,1,edna_triquet_00,surface,biological,15,31.08,8.15,NA,NA,NA,5.7,1000,0,51.80359931,-128.2543249,rock,NA,NA,NA,macroalgae,macrocystis,macroalgae_rock,macrocystis_rock,100,1.96163e-160,313,Metazoa,Cnidaria,Scyphozoa,Semaeostomeae,Phacellophoridae,Phacellophora,0,0,TRUE,ASV2490,1,Phacellophora camtschatica
edna0076,ASV4765,motu1153,Cyanea,Lions mane jellyfish species,genus,NA,1,NA,NA,NA,5,NA,NA,NA,NA,NA,Cyanea,Lions mane jellyfish species,2018_triquet_surface,triquet,kelp,2018-07-16,NA,2018,surface,1,edna_triquet_00,surface,biological,15,31.08,8.15,NA,NA,NA,5.7,1000,0,51.80359931,-128.2543249,rock,NA,NA,NA,macroalgae,macrocystis,macroalgae_rock,macrocystis_rock,100,3.2351099999999996e-158,309,Metazoa,Cnidaria,Scyphozoa,Semaeostomeae,Cyaneidae,Cyanea,0,0,TRUE,ASV1367,2,NA
edna0076,ASV4390,motu1246,Cyanea,Lions mane jellyfish species,genus,NA,1,NA,NA,NA,3,NA,NA,NA,NA,NA,Cyanea,Lions mane jellyfish species,2018_triquet_surface,triquet,kelp,2018-07-16,NA,2018,surface,1,edna_triquet_00,surface,biological,15,31.08,8.15,NA,NA,NA,5.7,1000,0,51.80359931,-128.2543249,rock,NA,NA,NA,macroalgae,macrocystis,macroalgae_rock,macrocystis_rock,100,3.2351099999999996e-158,309,Metazoa,Cnidaria,Scyphozoa,Semaeostomeae,Cyaneidae,Cyanea,0,0,TRUE,ASV1475,2,NA
edna0076,ASV5307,motu4076,Cicadellidae,Hexapod,genus,NA,1,NA,NA,NA,4,NA,NA,NA,NA,NA,Cicadellidae,Hexapod,2018_triquet_surface,triquet,kelp,2018-07-16,NA,2018,surface,1,edna_triquet_00,surface,biological,15,31.08,8.15,NA,NA,NA,5.7,1000,0,51.80359931,-128.2543249,rock,NA,NA,NA,macroalgae,macrocystis,macroalgae_rock,macrocystis_rock,94.44,0.00408744,30,Metazoa,Arthropoda,Arthropoda,Hemiptera,Cicadellidae,Cicadellidae,NA,NA,TRUE,ASV5307,1,NA
edna0076,ASV5429,motu4167,Cecidomyiidae,Hexapod,genus,NA,1,NA,NA,NA,7,NA,NA,NA,NA,NA,Cecidomyiidae,Hexapod,2018_triquet_surface,triquet,kelp,2018-07-16,NA,2018,surface,1,edna_triquet_00,surface,biological,15,31.08,8.15,NA,NA,NA,5.7,1000,0,51.80359931,-128.2543249,rock,NA,NA,NA,macroalgae,macrocystis,macroalgae_rock,macrocystis_rock,95,2.44266e-5,34,Metazoa,Arthropoda,Arthropoda,Diptera,Cecidomyiidae,Cecidomyiidae,NA,NA,TRUE,ASV5429,1,NA
edna0076,ASV6548,motu1989,Pseudocnus curatus,Aggregating sea cucumber,species,NA,1,NA,NA,NA,8,NA,NA,NA,NA,NA,Pseudocnus curatus,Aggregating sea cucumber,2018_triquet_surface,triquet,kelp,2018-07-16,NA,2018,surface,1,edna_triquet_00,surface,biological,15,31.08,8.15,NA,NA,NA,5.7,1000,0,51.80359931,-128.2543249,rock,NA,NA,NA,macroalgae,macrocystis,macroalgae_rock,macrocystis_rock,99.67,2.5411299999999984e-154,302,Metazoa,Echinodermata,Echinodermata,Dendrochirotida,Cucumariidae,Pseudocnus,0,0,TRUE,ASV2438,2,Pseudocnus curatus
edna0076,ASV5779,motu4438,Pseudoscorpiones,Other arachnid,class,NA,1,NA,NA,NA,4,NA,NA,NA,NA,NA,Pseudoscorpiones,Other arachnid,2018_triquet_surface,triquet,kelp,2018-07-16,NA,2018,surface,1,edna_triquet_00,surface,biological,15,31.08,8.15,NA,NA,NA,5.7,1000,0,51.80359931,-128.2543249,rock,NA,NA,NA,macroalgae,macrocystis,macroalgae_rock,macrocystis_rock,91.89,1.43923e-17,56,Metazoa,Arthropoda,Arthropoda,NA,NA,NA,NA,NA,TRUE,ASV5779,2,NA
edna0076,ASV7310,motu5712,Bosellia,Sap-sucking sea slug,genus,NA,1,NA,NA,NA,4,NA,NA,NA,NA,NA,Bosellia,Sap-sucking sea slug,2018_triquet_surface,triquet,kelp,2018-07-16,NA,2018,surface,1,edna_triquet_00,surface,biological,15,31.08,8.15,NA,NA,NA,5.7,1000,0,51.80359931,-128.2543249,rock,NA,NA,NA,macroalgae,macrocystis,macroalgae_rock,macrocystis_rock,100,3.22341e-4,32,Metazoa,Mollusca,Mollusca,NA,Plakobranchidae,Bosellia,0,0,TRUE,ASV7310,1,NA
edna0138,ASV328,motu288,Synchaeta baltica,Rotifer,species,NA,1,1,NA,NA,25,22,NA,NA,NA,NA,Synchaeta baltica,Rotifer,2018_pruth-grid_surface,pruth grid,seagrass_grid,2018-08-23,NA,2018,surface,9,pruth_grid_c3,grid,biological,NA,NA,NA,NA,NA,NA,2.7,955,0,51.64619864,-128.1195361,sand,NA,NA,NA,seagrass,zostera,seagrass_sand,zostera_sand,90.79,3.5361899999999996e-113,228,Metazoa,Rotifera,Eurotatoria,Ploima,Synchaetidae,Synchaeta,0,0,TRUE,ASV328,3,Synchaeta baltica
edna0138,ASV1238,motu1049,Macoma nasuta,Bent-nosed clam,species,NA,1,NA,NA,NA,4,NA,NA,NA,NA,NA,Macoma nasuta,Bent-nosed clam,2018_pruth-grid_surface,pruth grid,seagrass_grid,2018-08-23,NA,2018,surface,9,pruth_grid_c3,grid,biological,NA,NA,NA,NA,NA,NA,2.7,955,0,51.64619864,-128.1195361,sand,NA,NA,NA,seagrass,zostera,seagrass_sand,zostera_sand,99.68,9.126599999999999e-159,310,Metazoa,Mollusca,Bivalvia,Cardiida,Tellinidae,Macoma,0,0,TRUE,ASV1238,3,Macoma nasuta
edna0138,ASV1040,motu897,Oithona similis,Cyclopoid copepod,species,NA,1,NA,NA,NA,3,NA,NA,NA,NA,NA,Oithona similis,Cyclopoid copepod,2018_pruth-grid_surface,pruth grid,seagrass_grid,2018-08-23,NA,2018,surface,9,pruth_grid_c3,grid,biological,NA,NA,NA,NA,NA,NA,2.7,955,0,51.64619864,-128.1195361,sand,NA,NA,NA,seagrass,zostera,seagrass_sand,zostera_sand,96.17,2.0179399999999996e-140,277,Metazoa,Arthropoda,Copepoda,Cyclopoida,Oithonidae,Oithona,0,0,TRUE,ASV1040,1,Oithona similis
edna0138,ASV1747,motu1458,Armandia brevis,Opheliid polychaete,species,NA,1,NA,NA,NA,4,NA,NA,NA,NA,NA,Armandia brevis,Opheliid polychaete,2018_pruth-grid_surface,pruth grid,seagrass_grid,2018-08-23,NA,2018,surface,9,pruth_grid_c3,grid,biological,NA,NA,NA,NA,NA,NA,2.7,955,0,51.64619864,-128.1195361,sand,NA,NA,NA,seagrass,zostera,seagrass_sand,zostera_sand,100,3.4804099999999994e-173,336,Metazoa,Annelida,Polychaeta,NA,Opheliidae,Armandia,0,0,TRUE,ASV1747,1,Armandia brevis
edna0138,ASV1570,motu1323,Pleurobrachia bachei,Pacific sea gooseberry,species,NA,1,NA,NA,NA,5,NA,NA,NA,NA,NA,Pleurobrachia bachei,Pacific sea gooseberry,2018_pruth-grid_surface,pruth grid,seagrass_grid,2018-08-23,NA,2018,surface,9,pruth_grid_c3,grid,biological,NA,NA,NA,NA,NA,NA,2.7,955,0,51.64619864,-128.1195361,sand,NA,NA,NA,seagrass,zostera,seagrass_sand,zostera_sand,99.68,9.126599999999999e-159,310,Metazoa,Ctenophora,Tentaculata,Cydippida,Cydippidae,Pleurobrachia,0,0,TRUE,ASV1570,1,Pleurobrachia bachei
edna0138,ASV2042,motu1692,Synchaeta grimpei,Rotifer,species,NA,1,NA,NA,NA,5,NA,NA,NA,NA,NA,Synchaeta grimpei,Rotifer,2018_pruth-grid_surface,pruth grid,seagrass_grid,2018-08-23,NA,2018,surface,9,pruth_grid_c3,grid,biological,NA,NA,NA,NA,NA,NA,2.7,955,0,51.64619864,-128.1195361,sand,NA,NA,NA,seagrass,zostera,seagrass_sand,zostera_sand,91.45,4.459999999999999e-112,226,Metazoa,Rotifera,Eurotatoria,Ploima,Synchaetidae,Synchaeta,0,0,TRUE,ASV2042,2,Synchaeta grimpei
edna0138,ASV3048,motu2456,Semibalanus balanoides,Common rock barnacle,species,NA,1,NA,NA,NA,3,NA,NA,NA,NA,NA,Semibalanus balanoides,Common rock barnacle,2018_pruth-grid_surface,pruth grid,seagrass_grid,2018-08-23,NA,2018,surface,9,pruth_grid_c3,grid,biological,NA,NA,NA,NA,NA,NA,2.7,955,0,51.64619864,-128.1195361,sand,NA,NA,NA,seagrass,zostera,seagrass_sand,zostera_sand,100,1.96163e-160,313,Metazoa,Arthropoda,Thecostraca,Balanomorpha,Balanidae,Semibalanus,0,0,TRUE,ASV3048,1,Semibalanus balanoides
edna0138,ASV2292,motu1887,Synchaeta vorax,Rotifer,species,NA,1,1,1,NA,22,8,NA,7,NA,NA,Synchaeta vorax,Rotifer,2018_pruth-grid_surface,pruth grid,seagrass_grid,2018-08-23,NA,2018,surface,9,pruth_grid_c3,grid,biological,NA,NA,NA,NA,NA,NA,2.7,955,0,51.64619864,-128.1195361,sand,NA,NA,NA,seagrass,zostera,seagrass_sand,zostera_sand,94.81,5.60839e-131,260,Metazoa,Rotifera,Eurotatoria,Ploima,Synchaetidae,Synchaeta,0,0,TRUE,ASV2292,5,Synchaeta vorax
edna0138,ASV4648,motu3607,Lottia paradigitalis,Boreal limpet,species,NA,1,NA,NA,NA,3,NA,NA,NA,NA,NA,Lottia paradigitalis,Boreal limpet,2018_pruth-grid_surface,pruth grid,seagrass_grid,2018-08-23,NA,2018,surface,9,pruth_grid_c3,grid,biological,NA,NA,NA,NA,NA,NA,2.7,955,0,51.64619864,-128.1195361,sand,NA,NA,NA,seagrass,zostera,seagrass_sand,zostera_sand,100,1.96163e-160,313,Metazoa,Mollusca,Gastropoda,NA,Lottiidae,Lottia,0,0,TRUE,ASV4648,2,Lottia paradigitalis
edna0138,ASV4024,motu3156,Clytia,Thecate Hydroid,genus,NA,1,NA,NA,NA,2,NA,NA,NA,NA,NA,Clytia,Thecate Hydroid,2018_pruth-grid_surface,pruth grid,seagrass_grid,2018-08-23,NA,2018,surface,9,pruth_grid_c3,grid,biological,NA,NA,NA,NA,NA,NA,2.7,955,0,51.64619864,-128.1195361,sand,NA,NA,NA,seagrass,zostera,seagrass_sand,zostera_sand,100,1.4886099999999998e-156,306,Metazoa,Cnidaria,Cnidaria,Leptothecata,Campanulariidae,Clytia,0,0,TRUE,ASV4024,1,NA
edna0138,ASV6662,motu2995,Lottia paradigitalis,Boreal limpet,species,NA,1,NA,NA,NA,4,NA,NA,NA,NA,NA,Lottia paradigitalis,Boreal limpet,2018_pruth-grid_surface,pruth grid,seagrass_grid,2018-08-23,NA,2018,surface,9,pruth_grid_c3,grid,biological,NA,NA,NA,NA,NA,NA,2.7,955,0,51.64619864,-128.1195361,sand,NA,NA,NA,seagrass,zostera,seagrass_sand,zostera_sand,100,7.171369999999997e-160,312,Metazoa,Mollusca,Gastropoda,NA,Lottiidae,Lottia,0,0,TRUE,ASV3808,2,Lottia paradigitalis
edna0138,ASV7594,motu5958,Lepidoptera,Hexapod,order,NA,1,NA,NA,NA,3,NA,NA,NA,NA,NA,Lepidoptera,Hexapod,2018_pruth-grid_surface,pruth grid,seagrass_grid,2018-08-23,NA,2018,surface,9,pruth_grid_c3,grid,biological,NA,NA,NA,NA,NA,NA,2.7,955,0,51.64619864,-128.1195361,sand,NA,NA,NA,seagrass,zostera,seagrass_sand,zostera_sand,100,0.0601702,28,Metazoa,Arthropoda,Arthropoda,Lepidoptera,NA,NA,NA,NA,TRUE,ASV7594,1,NA
edna0135,ASV216,motu190,Mytilus trossulus,Bay mussel,species,NA,1,1,NA,NA,60,44,NA,NA,NA,NA,Mytilus trossulus,Bay mussel,2018_pruth-grid_surface,pruth grid,seagrass_grid,2018-08-23,NA,2018,surface,6,pruth_grid_b3,grid,biological,NA,NA,NA,NA,NA,NA,3.2,875,0,51.64647292,-128.1194311,sand,NA,NA,NA,seagrass,zostera,seagrass_sand,zostera_sand,100,3.2351099999999996e-158,309,Metazoa,Mollusca,Mollusca,Mytilida,Mytilidae,Mytilus,0,0,TRUE,ASV216,23,Mytilus trossulus
edna0135,ASV270,motu199,Mytilus,Mussel species,genus,NA,1,NA,1,NA,46,NA,NA,NA,NA,34,Mytilus trossulus,Bay mussel,2018_pruth-grid_surface,pruth grid,seagrass_grid,2018-08-23,NA,2018,surface,6,pruth_grid_b3,grid,biological,NA,NA,NA,NA,NA,NA,3.2,875,0,51.64647292,-128.1194311,sand,NA,NA,NA,seagrass,zostera,seagrass_sand,zostera_sand,100,3.2351099999999996e-158,309,Metazoa,Mollusca,Mollusca,Mytilida,Mytilidae,Mytilus,0,0,TRUE,ASV226,18,NA
edna0135,ASV467,motu412,Saxidomus,Washington clam species,genus,NA,1,1,1,NA,14,6,24,28,NA,30,Saxidomus,Washington clam species,2018_pruth-grid_surface,pruth grid,seagrass_grid,2018-08-23,NA,2018,surface,6,pruth_grid_b3,grid,biological,NA,NA,NA,NA,NA,NA,3.2,875,0,51.64647292,-128.1194311,sand,NA,NA,NA,seagrass,zostera,seagrass_sand,zostera_sand,100,1.96163e-160,313,Metazoa,Mollusca,Mollusca,Venerida,Veneridae,Saxidomus,0,0,TRUE,ASV467,12,NA
edna0135,ASV801,motu697,Micropodarke dubia,Hesionid polychaete,species,NA,1,NA,NA,NA,5,NA,NA,NA,NA,NA,Micropodarke dubia,Hesionid polychaete,2018_pruth-grid_surface,pruth grid,seagrass_grid,2018-08-23,NA,2018,surface,6,pruth_grid_b3,grid,biological,NA,NA,NA,NA,NA,NA,3.2,875,0,51.64647292,-128.1194311,sand,NA,NA,NA,seagrass,zostera,seagrass_sand,zostera_sand,100,1.96163e-160,313,Metazoa,Annelida,Polychaeta,Phyllodocida,Hesionidae,Micropodarke,0,0,TRUE,ASV801,2,Micropodarke dubia
edna0135,ASV1742,motu1454,Micropodarke dubia,Hesionid polychaete,species,NA,1,NA,NA,NA,5,NA,NA,NA,NA,NA,Micropodarke dubia,Hesionid polychaete,2018_pruth-grid_surface,pruth grid,seagrass_grid,2018-08-23,NA,2018,surface,6,pruth_grid_b3,grid,biological,NA,NA,NA,NA,NA,NA,3.2,875,0,51.64647292,-128.1194311,sand,NA,NA,NA,seagrass,zostera,seagrass_sand,zostera_sand,100,1.96163e-160,313,Metazoa,Annelida,Polychaeta,Phyllodocida,Hesionidae,Micropodarke,0,0,TRUE,ASV1742,2,Micropodarke dubia
edna0135,ASV3473,motu2758,Staphylinidae,Hexapod,genus,NA,1,NA,NA,NA,6,NA,NA,NA,NA,NA,Staphylinidae,Hexapod,2018_pruth-grid_surface,pruth grid,seagrass_grid,2018-08-23,NA,2018,surface,6,pruth_grid_b3,grid,biological,NA,NA,NA,NA,NA,NA,3.2,875,0,51.64647292,-128.1194311,sand,NA,NA,NA,seagrass,zostera,seagrass_sand,zostera_sand,90.14,3.11539e-14,50,Metazoa,Arthropoda,Arthropoda,Coleoptera,Staphylinidae,Staphylinidae,NA,NA,TRUE,ASV3473,1,NA
edna0135,ASV3033,motu2444,Staphylinidae,Hexapod,genus,NA,1,NA,NA,NA,3,NA,NA,NA,NA,NA,Staphylinidae,Hexapod,2018_pruth-grid_surface,pruth grid,seagrass_grid,2018-08-23,NA,2018,surface,6,pruth_grid_b3,grid,biological,NA,NA,NA,NA,NA,NA,3.2,875,0,51.64647292,-128.1194311,sand,NA,NA,NA,seagrass,zostera,seagrass_sand,zostera_sand,90.14,3.11539e-14,50,Metazoa,Arthropoda,Arthropoda,Coleoptera,Staphylinidae,Staphylinidae,NA,NA,TRUE,ASV3033,1,NA
edna0135,ASV4242,motu3326,Mya arenaria,Softshell clam,species,NA,1,NA,NA,NA,2,NA,NA,NA,NA,NA,Mya arenaria,Softshell clam,2018_pruth-grid_surface,pruth grid,seagrass_grid,2018-08-23,NA,2018,surface,6,pruth_grid_b3,grid,biological,NA,NA,NA,NA,NA,NA,3.2,875,0,51.64647292,-128.1194311,sand,NA,NA,NA,seagrass,zostera,seagrass_sand,zostera_sand,100,4.2619199999999965e-162,316,Metazoa,Mollusca,Bivalvia,Myida,Myidae,Mya,0,0,TRUE,ASV4242,1,Mya arenaria
edna0139,ASV258,motu228,Lensia,Siphonophore,genus,NA,1,NA,NA,NA,9,NA,NA,NA,NA,NA,Lensia,Siphonophore,2018_wfb_surface,wfb,beach_seine,2018-08-24,2018-08-24,2018,surface,1,edna_wfb_00,repeat-surface,biological,NA,NA,NA,NA,NA,NA,5,1000,0,51.66858165,-128.1194495,sand,y,350,se,none,none,none_sand,none_sand,100,0.00408744,30,Metazoa,Cnidaria,Cnidaria,Siphonophorae,Diphyidae,Lensia,0,0,TRUE,ASV258,1,NA
edna0139,ASV275,motu244,Ophiopholis kennerlyi,Daisy brittle star,species,NA,1,NA,NA,NA,2,NA,NA,NA,NA,NA,Ophiopholis kennerlyi,Daisy brittle star,2018_wfb_surface,wfb,beach_seine,2018-08-24,2018-08-24,2018,surface,1,edna_wfb_00,repeat-surface,biological,NA,NA,NA,NA,NA,NA,5,1000,0,51.66858165,-128.1194495,sand,y,350,se,none,none,none_sand,none_sand,100,1.96163e-160,313,Metazoa,Echinodermata,Echinodermata,Amphilepidida,Ophiopholidae,Ophiopholis,0,0,TRUE,ASV275,7,Ophiopholis kennerlyi
edna0139,ASV354,motu313,Mitrocoma cellularia,Cross jelly,species,NA,1,NA,NA,NA,4,NA,NA,NA,NA,NA,Mitrocoma cellularia,Cross jelly,2018_wfb_surface,wfb,beach_seine,2018-08-24,2018-08-24,2018,surface,1,edna_wfb_00,repeat-surface,biological,NA,NA,NA,NA,NA,NA,5,1000,0,51.66858165,-128.1194495,sand,y,350,se,none,none,none_sand,none_sand,100,1.4886099999999998e-156,306,Metazoa,Cnidaria,Hydrozoa,Leptothecata,Mitrocomidae,Mitrocoma,0,0,TRUE,ASV354,2,Mitrocoma cellularia
edna0139,ASV750,motu654,Orobdella,Freshwater leech,genus,NA,1,NA,NA,NA,4,NA,NA,NA,NA,NA,Orobdella,Freshwater leech,2018_wfb_surface,wfb,beach_seine,2018-08-24,2018-08-24,2018,surface,1,edna_wfb_00,repeat-surface,biological,NA,NA,NA,NA,NA,NA,5,1000,0,51.66858165,-128.1194495,sand,y,350,se,none,none,none_sand,none_sand,97.06,0.00121031,31,Metazoa,Annelida,Annelida,Erpobdelliformes,Orobdellidae,Orobdella,NA,NA,TRUE,ASV750,1,NA
edna0139,ASV733,motu637,Phyllodocida,Polychaete,order,NA,1,NA,1,NA,19,NA,NA,11,NA,18,Phyllodocida,Polychaete,2018_wfb_surface,wfb,beach_seine,2018-08-24,2018-08-24,2018,surface,1,edna_wfb_00,repeat-surface,biological,NA,NA,NA,NA,NA,NA,5,1000,0,51.66858165,-128.1194495,sand,y,350,se,none,none,none_sand,none_sand,100,0.0603188,28,Metazoa,Annelida,Annelida,Phyllodocida,NA,NA,0,0,TRUE,ASV733,1,NA
edna0139,ASV679,motu591,Phyllodocida,Polychaete,order,NA,1,NA,1,NA,7,NA,8,10,NA,14,Phyllodocida,Polychaete,2018_wfb_surface,wfb,beach_seine,2018-08-24,2018-08-24,2018,surface,1,edna_wfb_00,repeat-surface,biological,NA,NA,NA,NA,NA,NA,5,1000,0,51.66858165,-128.1194495,sand,y,350,se,none,none,none_sand,none_sand,100,0.0603188,28,Metazoa,Annelida,Annelida,Phyllodocida,NA,NA,0,0,TRUE,ASV679,1,NA
edna0139,ASV1502,motu1269,Oithona similis,Cyclopoid copepod,species,NA,1,NA,NA,NA,4,NA,NA,NA,NA,NA,Oithona similis,Cyclopoid copepod,2018_wfb_surface,wfb,beach_seine,2018-08-24,2018-08-24,2018,surface,1,edna_wfb_00,repeat-surface,biological,NA,NA,NA,NA,NA,NA,5,1000,0,51.66858165,-128.1194495,sand,y,350,se,none,none,none_sand,none_sand,96.17,2.0179399999999996e-140,277,Metazoa,Arthropoda,Copepoda,Cyclopoida,Oithonidae,Oithona,0,0,TRUE,ASV1502,1,Oithona similis
edna0139,ASV1040,motu897,Oithona similis,Cyclopoid copepod,species,NA,1,NA,NA,NA,4,NA,NA,NA,NA,NA,Oithona similis,Cyclopoid copepod,2018_wfb_surface,wfb,beach_seine,2018-08-24,2018-08-24,2018,surface,1,edna_wfb_00,repeat-surface,biological,NA,NA,NA,NA,NA,NA,5,1000,0,51.66858165,-128.1194495,sand,y,350,se,none,none,none_sand,none_sand,96.17,2.0179399999999996e-140,277,Metazoa,Arthropoda,Copepoda,Cyclopoida,Oithonidae,Oithona,0,0,TRUE,ASV1040,1,Oithona similis
edna0139,ASV1729,motu1443,Paracalanus,Calanoid copepod,genus,NA,1,NA,NA,NA,9,NA,NA,NA,NA,NA,Paracalanus,Calanoid copepod,2018_wfb_surface,wfb,beach_seine,2018-08-24,2018-08-24,2018,surface,1,edna_wfb_00,repeat-surface,biological,NA,NA,NA,NA,NA,NA,5,1000,0,51.66858165,-128.1194495,sand,y,350,se,none,none,none_sand,none_sand,99.01,2.4714899999999987e-149,293,Metazoa,Arthropoda,Arthropoda,Calanoida,Paracalanidae,Paracalanus,0,0,TRUE,ASV1729,2,NA
edna0139,ASV3356,motu2675,Chaetognatha,Arrow worm,phylum,NA,1,NA,NA,NA,8,NA,NA,NA,NA,NA,Chaetognatha,Arrow worm,2018_wfb_surface,wfb,beach_seine,2018-08-24,2018-08-24,2018,surface,1,edna_wfb_00,repeat-surface,biological,NA,NA,NA,NA,NA,NA,5,1000,0,51.66858165,-128.1194495,sand,y,350,se,none,none,none_sand,none_sand,98.01,1.6078299999999998e-91,189,Metazoa,Chaetognatha,NA,NA,NA,NA,0,0,TRUE,ASV3356,1,NA
edna0139,ASV3534,motu2809,Polypogon,Hexapod,genus,NA,1,NA,NA,NA,5,NA,NA,NA,NA,NA,Polypogon,Hexapod,2018_wfb_surface,wfb,beach_seine,2018-08-24,2018-08-24,2018,surface,1,edna_wfb_00,repeat-surface,biological,NA,NA,NA,NA,NA,NA,5,1000,0,51.66858165,-128.1194495,sand,y,350,se,none,none,none_sand,none_sand,95.12,6.79151e-6,35,Metazoa,Arthropoda,Arthropoda,Lepidoptera,Noctuoidea,Polypogon,NA,NA,TRUE,ASV3534,1,NA
edna0139,ASV2881,motu2328,Coleoptera,Hexapod,order,NA,1,NA,NA,NA,7,NA,NA,NA,NA,NA,Coleoptera,Hexapod,2018_wfb_surface,wfb,beach_seine,2018-08-24,2018-08-24,2018,surface,1,edna_wfb_00,repeat-surface,biological,NA,NA,NA,NA,NA,NA,5,1000,0,51.66858165,-128.1194495,sand,y,350,se,none,none,none_sand,none_sand,100,0.00110774,31,Metazoa,Arthropoda,Arthropoda,Coleoptera,NA,NA,NA,NA,TRUE,ASV2881,1,NA
edna0139,ASV5441,motu4178,Membranipora membranacea,Coffin box bryozoan,species,NA,1,NA,NA,NA,8,NA,NA,NA,NA,NA,Membranipora membranacea,Coffin box bryozoan,2018_wfb_surface,wfb,beach_seine,2018-08-24,2018-08-24,2018,surface,1,edna_wfb_00,repeat-surface,biological,NA,NA,NA,NA,NA,NA,5,1000,0,51.66858165,-128.1194495,sand,y,350,se,none,none,none_sand,none_sand,97.45,4.366339999999999e-127,253,Metazoa,Bryozoa,Bryozoa,Cheilostomatida,Membraniporidae,Membranipora,0,0,TRUE,ASV5441,1,Membranipora membranacea
edna0034,ASV536,motu470,Paracalanus parvus parvus,Calanoid copepod,species,NA,1,NA,1,NA,52,NA,24,NA,NA,37,Paracalanus parvus parvus,Calanoid copepod,2018_pba_depth,pba,beach_seine,2018-07-12,2018-07-10,2018,depth,2,edna_pba_00,depth,biological,12.8,29.61,8.64,NA,NA,NA,4,1000,0,51.64670412,-128.1188409,mud,y,180,p,seagrass,zostera,seagrass_mud,zostera_mud,100,1.17454e-132,263,Metazoa,Arthropoda,Copepoda,Calanoida,Paracalanidae,Paracalanus,0,0,TRUE,ASV536,6,Paracalanus parvus parvus
edna0034,ASV580,motu150,Pseudocalanus mimus,Calanoid copepod,species,NA,1,1,NA,NA,74,37,NA,NA,NA,NA,Pseudocalanus mimus,Calanoid copepod,2018_pba_depth,pba,beach_seine,2018-07-12,2018-07-10,2018,depth,2,edna_pba_00,depth,biological,12.8,29.61,8.64,NA,NA,NA,4,1000,0,51.64670412,-128.1188409,mud,y,180,p,seagrass,zostera,seagrass_mud,zostera_mud,99.67,9.19139e-154,301,Metazoa,Arthropoda,Copepoda,Calanoida,Clausocalanidae,Pseudocalanus,0,0,TRUE,ASV171,10,Pseudocalanus mimus
edna0034,ASV324,motu285,Paracalanus parvus parvus,Calanoid copepod,species,NA,1,NA,1,NA,46,NA,NA,32,NA,31,Paracalanus parvus parvus,Calanoid copepod,2018_pba_depth,pba,beach_seine,2018-07-12,2018-07-10,2018,depth,2,edna_pba_00,depth,biological,12.8,29.61,8.64,NA,NA,NA,4,1000,0,51.64670412,-128.1188409,mud,y,180,p,seagrass,zostera,seagrass_mud,zostera_mud,100,1.17454e-132,263,Metazoa,Arthropoda,Copepoda,Calanoida,Paracalanidae,Paracalanus,0,0,TRUE,ASV324,6,Paracalanus parvus parvus
edna0034,ASV520,motu457,Evasterias troschelii,False ochre star,species,NA,1,NA,1,NA,6,NA,6,14,NA,15,Evasterias troschelii,False ochre star,2018_pba_depth,pba,beach_seine,2018-07-12,2018-07-10,2018,depth,2,edna_pba_00,depth,biological,12.8,29.61,8.64,NA,NA,NA,4,1000,0,51.64670412,-128.1188409,mud,y,180,p,seagrass,zostera,seagrass_mud,zostera_mud,100,1.96163e-160,313,Metazoa,Echinodermata,Asteroidea,Forcipulatida,Asteriidae,Evasterias,0,0,TRUE,ASV520,1,Evasterias troschelii
edna0034,ASV1095,motu942,Balanus,Barnacle species,genus,NA,1,NA,NA,NA,3,NA,NA,NA,NA,NA,Balanus,Barnacle species,2018_pba_depth,pba,beach_seine,2018-07-12,2018-07-10,2018,depth,2,edna_pba_00,depth,biological,12.8,29.61,8.64,NA,NA,NA,4,1000,0,51.64670412,-128.1188409,mud,y,180,p,seagrass,zostera,seagrass_mud,zostera_mud,100,1.4886099999999998e-156,306,Metazoa,Arthropoda,Arthropoda,Balanomorpha,Balanidae,Balanus,0,0,TRUE,ASV1095,4,NA
edna0034,ASV1712,motu1430,Cistenides granulata,Trumpet worm,species,NA,1,NA,NA,NA,56,NA,NA,NA,NA,NA,Cistenides granulata,Trumpet worm,2018_pba_depth,pba,beach_seine,2018-07-12,2018-07-10,2018,depth,2,edna_pba_00,depth,biological,12.8,29.61,8.64,NA,NA,NA,4,1000,0,51.64670412,-128.1188409,mud,y,180,p,seagrass,zostera,seagrass_mud,zostera_mud,100,1.96163e-160,313,Metazoa,Annelida,Polychaeta,Terebellida,Pectinariidae,Pectinaria,0,0,TRUE,ASV1712,1,Cistenides granulata
edna0034,ASV753,motu492,Eupolymnia heterobranchia,Brown intertidal spaghetti worm,species,NA,1,NA,NA,NA,7,NA,NA,NA,NA,NA,Eupolymnia heterobranchia,Brown intertidal spaghetti worm,2018_pba_depth,pba,beach_seine,2018-07-12,2018-07-10,2018,depth,2,edna_pba_00,depth,biological,12.8,29.61,8.64,NA,NA,NA,4,1000,0,51.64670412,-128.1188409,mud,y,180,p,seagrass,zostera,seagrass_mud,zostera_mud,100,1.4886099999999998e-156,306,Metazoa,Annelida,Polychaeta,Terebellida,Terebellidae,Eupolymnia,0,0,TRUE,ASV559,3,Eupolymnia heterobranchia
edna0034,ASV1470,motu1241,Cistenides granulata,Trumpet worm,species,NA,1,1,NA,NA,58,38,NA,NA,NA,NA,Cistenides granulata,Trumpet worm,2018_pba_depth,pba,beach_seine,2018-07-12,2018-07-10,2018,depth,2,edna_pba_00,depth,biological,12.8,29.61,8.64,NA,NA,NA,4,1000,0,51.64670412,-128.1188409,mud,y,180,p,seagrass,zostera,seagrass_mud,zostera_mud,100,1.96163e-160,313,Metazoa,Annelida,Polychaeta,Terebellida,Pectinariidae,Pectinaria,0,0,TRUE,ASV1470,1,Cistenides granulata
edna0034,ASV1057,motu909,Orobdella,Freshwater leech,genus,NA,1,NA,1,NA,8,NA,12,9,NA,NA,Orobdella,Freshwater leech,2018_pba_depth,pba,beach_seine,2018-07-12,2018-07-10,2018,depth,2,edna_pba_00,depth,biological,12.8,29.61,8.64,NA,NA,NA,4,1000,0,51.64670412,-128.1188409,mud,y,180,p,seagrass,zostera,seagrass_mud,zostera_mud,97.06,0.0011939,31,Metazoa,Annelida,Annelida,Erpobdelliformes,Orobdellidae,Orobdella,NA,NA,TRUE,ASV1057,1,NA
edna0034,ASV2402,motu1965,Chaetognatha,Arrow worm,phylum,NA,1,NA,NA,NA,13,NA,NA,NA,NA,NA,Chaetognatha,Arrow worm,2018_pba_depth,pba,beach_seine,2018-07-12,2018-07-10,2018,depth,2,edna_pba_00,depth,biological,12.8,29.61,8.64,NA,NA,NA,4,1000,0,51.64670412,-128.1188409,mud,y,180,p,seagrass,zostera,seagrass_mud,zostera_mud,96.52,1.6192399999999998e-86,180,Metazoa,Chaetognatha,NA,NA,NA,NA,0,0,TRUE,ASV2402,1,NA
edna0034,ASV1716,motu1434,Armandia brevis,Opheliid polychaete,species,NA,1,NA,NA,NA,10,NA,NA,NA,NA,NA,Armandia brevis,Opheliid polychaete,2018_pba_depth,pba,beach_seine,2018-07-12,2018-07-10,2018,depth,2,edna_pba_00,depth,biological,12.8,29.61,8.64,NA,NA,NA,4,1000,0,51.64670412,-128.1188409,mud,y,180,p,seagrass,zostera,seagrass_mud,zostera_mud,100,2.1076299999999988e-175,340,Metazoa,Annelida,Polychaeta,NA,Opheliidae,Armandia,0,0,TRUE,ASV1716,1,Armandia brevis
edna0034,ASV3175,motu2541,Arthropoda,Unknown arthropod,phylum,NA,1,NA,NA,NA,7,NA,NA,NA,NA,NA,Arthropoda,Unknown arthropod,2018_pba_depth,pba,beach_seine,2018-07-12,2018-07-10,2018,depth,2,edna_pba_00,depth,biological,12.8,29.61,8.64,NA,NA,NA,4,1000,0,51.64670412,-128.1188409,mud,y,180,p,seagrass,zostera,seagrass_mud,zostera_mud,100,0.014701,29,Metazoa,Arthropoda,NA,NA,NA,NA,NA,NA,TRUE,ASV3175,1,NA
edna0034,ASV2773,motu2242,Diplostomida,Flatworm,order,NA,1,NA,1,NA,6,NA,4,NA,NA,NA,Diplostomida,Flatworm,2018_pba_depth,pba,beach_seine,2018-07-12,2018-07-10,2018,depth,2,edna_pba_00,depth,biological,12.8,29.61,8.64,NA,NA,NA,4,1000,0,51.64670412,-128.1188409,mud,y,180,p,seagrass,zostera,seagrass_mud,zostera_mud,96.88,0.0144888,29,Metazoa,Platyhelminthes,Platyhelminthes,Diplostomida,NA,NA,0,0,TRUE,ASV2773,1,NA
edna0034,ASV3424,motu407,Kellia suborbicularis,Suborbicular kellyclam,species,NA,1,NA,1,NA,55,NA,NA,52,NA,NA,Kellia suborbicularis,Suborbicular kellyclam,2018_pba_depth,pba,beach_seine,2018-07-12,2018-07-10,2018,depth,2,edna_pba_00,depth,biological,12.8,29.61,8.64,NA,NA,NA,4,1000,0,51.64670412,-128.1188409,mud,y,180,p,seagrass,zostera,seagrass_mud,zostera_mud,98.08,1.9895899999999988e-150,295,Metazoa,Mollusca,Bivalvia,Galeommatida,Lasaeidae,Kellia,0,0,TRUE,ASV462,4,Kellia suborbicularis
edna0010,ASV580,motu150,Pseudocalanus mimus,Calanoid copepod,species,NA,1,1,NA,NA,38,50,NA,NA,NA,NA,Pseudocalanus mimus,Calanoid copepod,2018_choked-pass_depth,choked pass,seagrass,2018-06-19,NA,2018,depth,1,edna_ch_i3_00,depth,biological,12.1,30.74,8.08,NA,NA,NA,7,1000,0,51.67529798,-128.1193259,sand,NA,NA,NA,seagrass,zostera,seagrass_sand,zostera_sand,99.67,9.19139e-154,301,Metazoa,Arthropoda,Copepoda,Calanoida,Clausocalanidae,Pseudocalanus,0,0,TRUE,ASV171,10,Pseudocalanus mimus
edna0010,ASV1853,motu1544,Panopea generosa,Pacific geoduck,species,NA,1,NA,NA,NA,304,NA,NA,NA,NA,NA,Panopea generosa,Pacific geoduck,2018_choked-pass_depth,choked pass,seagrass,2018-06-19,NA,2018,depth,1,edna_ch_i3_00,depth,biological,12.1,30.74,8.08,NA,NA,NA,7,1000,0,51.67529798,-128.1193259,sand,NA,NA,NA,seagrass,zostera,seagrass_sand,zostera_sand,100,7.02982e-160,312,Metazoa,Mollusca,Bivalvia,Adapedonta,Hiatellidae,Panopea,0,0,TRUE,ASV1853,3,Panopea generosa
edna0010,ASV1957,motu1626,Balanus nubilus,Giant acorn barnacle,species,NA,1,NA,NA,NA,125,NA,NA,NA,NA,NA,Balanus nubilus,Giant acorn barnacle,2018_choked-pass_depth,choked pass,seagrass,2018-06-19,NA,2018,depth,1,edna_ch_i3_00,depth,biological,12.1,30.74,8.08,NA,NA,NA,7,1000,0,51.67529798,-128.1193259,sand,NA,NA,NA,seagrass,zostera,seagrass_sand,zostera_sand,99.68,9.126599999999999e-159,310,Metazoa,Arthropoda,Thecostraca,Balanomorpha,Balanidae,Balanus,0,0,TRUE,ASV1957,3,Balanus nubilus
edna0010,ASV1382,motu1166,Balanus nubilus,Giant acorn barnacle,species,NA,1,NA,NA,NA,132,NA,NA,NA,NA,NA,Balanus nubilus,Giant acorn barnacle,2018_choked-pass_depth,choked pass,seagrass,2018-06-19,NA,2018,depth,1,edna_ch_i3_00,depth,biological,12.1,30.74,8.08,NA,NA,NA,7,1000,0,51.67529798,-128.1193259,sand,NA,NA,NA,seagrass,zostera,seagrass_sand,zostera_sand,99.68,9.126599999999999e-159,310,Metazoa,Arthropoda,Thecostraca,Balanomorpha,Balanidae,Balanus,0,0,TRUE,ASV1382,4,Balanus nubilus
edna0010,ASV2296,motu1890,Insecta,Hexapod,class,NA,1,NA,NA,NA,6,NA,NA,NA,NA,NA,Insecta,Hexapod,2018_choked-pass_depth,choked pass,seagrass,2018-06-19,NA,2018,depth,1,edna_ch_i3_00,depth,biological,12.1,30.74,8.08,NA,NA,NA,7,1000,0,51.67529798,-128.1193259,sand,NA,NA,NA,seagrass,zostera,seagrass_sand,zostera_sand,90.91,1.07393e-43,103,Metazoa,Arthropoda,Arthropoda,NA,NA,NA,NA,NA,TRUE,ASV2296,3,NA
edna0010,ASV3356,motu2675,Chaetognatha,Arrow worm,phylum,NA,1,NA,NA,NA,8,NA,NA,NA,NA,NA,Chaetognatha,Arrow worm,2018_choked-pass_depth,choked pass,seagrass,2018-06-19,NA,2018,depth,1,edna_ch_i3_00,depth,biological,12.1,30.74,8.08,NA,NA,NA,7,1000,0,51.67529798,-128.1193259,sand,NA,NA,NA,seagrass,zostera,seagrass_sand,zostera_sand,98.01,1.6078299999999998e-91,189,Metazoa,Chaetognatha,NA,NA,NA,NA,0,0,TRUE,ASV3356,1,NA
edna0010,ASV4184,motu3281,Pseudocalanus mimus,Calanoid copepod,species,NA,1,NA,NA,NA,23,NA,NA,NA,NA,NA,Pseudocalanus mimus,Calanoid copepod,2018_choked-pass_depth,choked pass,seagrass,2018-06-19,NA,2018,depth,1,edna_ch_i3_00,depth,biological,12.1,30.74,8.08,NA,NA,NA,7,1000,0,51.67529798,-128.1193259,sand,NA,NA,NA,seagrass,zostera,seagrass_sand,zostera_sand,99.67,5.531789999999998e-151,296,Metazoa,Arthropoda,Copepoda,Calanoida,Clausocalanidae,Pseudocalanus,0,0,TRUE,ASV4184,1,Pseudocalanus mimus
edna0010,ASV6904,motu5373,Pseudocalanus mimus,Calanoid copepod,species,NA,1,NA,NA,NA,8,NA,NA,NA,NA,NA,Pseudocalanus mimus,Calanoid copepod,2018_choked-pass_depth,choked pass,seagrass,2018-06-19,NA,2018,depth,1,edna_ch_i3_00,depth,biological,12.1,30.74,8.08,NA,NA,NA,7,1000,0,51.67529798,-128.1193259,sand,NA,NA,NA,seagrass,zostera,seagrass_sand,zostera_sand,100,1.21292e-152,299,Metazoa,Arthropoda,Copepoda,Calanoida,Clausocalanidae,Pseudocalanus,0,0,TRUE,ASV6904,1,Pseudocalanus mimus
edna0010,ASV4268,motu3344,Nutricola tantilla,Purple dwarf-venus,species,NA,1,NA,1,NA,6,NA,NA,NA,NA,6,Nutricola tantilla,Purple dwarf-venus,2018_choked-pass_depth,choked pass,seagrass,2018-06-19,NA,2018,depth,1,edna_ch_i3_00,depth,biological,12.1,30.74,8.08,NA,NA,NA,7,1000,0,51.67529798,-128.1193259,sand,NA,NA,NA,seagrass,zostera,seagrass_sand,zostera_sand,93.59,1.5934199999999998e-126,252,Metazoa,Mollusca,Bivalvia,Venerida,Veneridae,Nutricola,0,0,TRUE,ASV4268,1,Nutricola tantilla
edna0010,ASV7720,motu6073,Cecidomyiidae,Hexapod,genus,NA,1,NA,NA,NA,3,NA,NA,NA,NA,NA,Cecidomyiidae,Hexapod,2018_choked-pass_depth,choked pass,seagrass,2018-06-19,NA,2018,depth,1,edna_ch_i3_00,depth,biological,12.1,30.74,8.08,NA,NA,NA,7,1000,0,51.67529798,-128.1193259,sand,NA,NA,NA,seagrass,zostera,seagrass_sand,zostera_sand,97.06,0.00113005,31,Metazoa,Arthropoda,Arthropoda,Diptera,Cecidomyiidae,Cecidomyiidae,NA,NA,TRUE,ASV7720,1,NA
edna0079,ASV357,motu316,Hiatella,Clam species,genus,NA,NA,1,NA,NA,NA,3,NA,NA,NA,NA,Hiatella,Clam species,2018_triquet_depth,triquet,kelp,2018-07-16,NA,2018,depth,2,edna_triquet_00,depth,biological,13.4,31.1,8.14,NA,NA,NA,5,1000,0,51.80359931,-128.2543249,rock,NA,NA,NA,macroalgae,macrocystis,macroalgae_rock,macrocystis_rock,100,9.027749999999999e-159,310,Metazoa,Mollusca,Bivalvia,Adapedonta,Hiatellidae,Hiatella,0,0,TRUE,ASV357,9,NA
edna0079,ASV285,motu244,Ophiopholis,Brittle star species,genus,NA,NA,1,NA,NA,NA,4,NA,NA,NA,NA,Ophiopholis kennerlyi,Daisy brittle star,2018_triquet_depth,triquet,kelp,2018-07-16,NA,2018,depth,2,edna_triquet_00,depth,biological,13.4,31.1,8.14,NA,NA,NA,5,1000,0,51.80359931,-128.2543249,rock,NA,NA,NA,macroalgae,macrocystis,macroalgae_rock,macrocystis_rock,100,1.96163e-160,313,Metazoa,Echinodermata,Echinodermata,Amphilepidida,Ophiopholidae,Ophiopholis,0,0,TRUE,ASV275,7,NA
edna0079,ASV750,motu654,Orobdella,Freshwater leech,genus,NA,NA,1,1,NA,NA,3,7,NA,NA,NA,Orobdella,Freshwater leech,2018_triquet_depth,triquet,kelp,2018-07-16,NA,2018,depth,2,edna_triquet_00,depth,biological,13.4,31.1,8.14,NA,NA,NA,5,1000,0,51.80359931,-128.2543249,rock,NA,NA,NA,macroalgae,macrocystis,macroalgae_rock,macrocystis_rock,97.06,0.00121031,31,Metazoa,Annelida,Annelida,Erpobdelliformes,Orobdellidae,Orobdella,NA,NA,TRUE,ASV750,1,NA
edna0004,ASV1243,motu1054,Mya arenaria,Softshell clam,species,NA,NA,1,NA,NA,NA,89,NA,NA,NA,NA,Mya arenaria,Softshell clam,2018_koeye-estuary_depth,koeye estuary,seagrass,2018-06-19,NA,2018,depth,1,edna_ko_e3_00,depth,biological,15.9,15.84,8.01,NA,NA,NA,2.2,980,0,51.77950168,-127.8716413,sand,NA,NA,NA,seagrass,zostera,seagrass_sand,zostera_sand,100,4.2619199999999965e-162,316,Metazoa,Mollusca,Bivalvia,Myida,Myidae,Mya,0,0,TRUE,ASV1243,1,Mya arenaria
edna0004,ASV1254,motu1064,Mya arenaria,Softshell clam,species,NA,NA,1,NA,NA,NA,65,NA,NA,NA,NA,Mya arenaria,Softshell clam,2018_koeye-estuary_depth,koeye estuary,seagrass,2018-06-19,NA,2018,depth,1,edna_ko_e3_00,depth,biological,15.9,15.84,8.01,NA,NA,NA,2.2,980,0,51.77950168,-127.8716413,sand,NA,NA,NA,seagrass,zostera,seagrass_sand,zostera_sand,100,4.2619199999999965e-162,316,Metazoa,Mollusca,Bivalvia,Myida,Myidae,Mya,0,0,TRUE,ASV1254,1,Mya arenaria
edna0004,ASV2056,motu1702,Corophiidae,Amphipod,family,NA,NA,1,NA,NA,NA,108,NA,NA,NA,NA,Corophiidae,Amphipod,2018_koeye-estuary_depth,koeye estuary,seagrass,2018-06-19,NA,2018,depth,1,edna_ko_e3_00,depth,biological,15.9,15.84,8.01,NA,NA,NA,2.2,980,0,51.77950168,-127.8716413,sand,NA,NA,NA,seagrass,zostera,seagrass_sand,zostera_sand,98.71,1.1804e-152,299,Metazoa,Arthropoda,Malacostraca,Amphipoda,Corophiidae,NA,0,0,TRUE,ASV2056,1,NA
edna0004,ASV1506,motu1271,Aequorea,Crystal jelly species,genus,NA,NA,1,NA,NA,NA,5,NA,NA,NA,NA,Aequorea,Crystal jelly species,2018_koeye-estuary_depth,koeye estuary,seagrass,2018-06-19,NA,2018,depth,1,edna_ko_e3_00,depth,biological,15.9,15.84,8.01,NA,NA,NA,2.2,980,0,51.77950168,-127.8716413,sand,NA,NA,NA,seagrass,zostera,seagrass_sand,zostera_sand,100,1.4886099999999998e-156,306,Metazoa,Cnidaria,Hydrozoa,Leptothecata,Aequoreidae,Aequorea,0,0,TRUE,ASV1506,2,NA
edna0004,ASV1463,motu1234,Aequorea,Crystal jelly species,genus,NA,NA,1,NA,NA,NA,8,NA,NA,NA,NA,Aequorea,Crystal jelly species,2018_koeye-estuary_depth,koeye estuary,seagrass,2018-06-19,NA,2018,depth,1,edna_ko_e3_00,depth,biological,15.9,15.84,8.01,NA,NA,NA,2.2,980,0,51.77950168,-127.8716413,sand,NA,NA,NA,seagrass,zostera,seagrass_sand,zostera_sand,100,1.4886099999999998e-156,306,Metazoa,Cnidaria,Hydrozoa,Leptothecata,Aequoreidae,Aequorea,0,0,TRUE,ASV1463,2,NA
edna0004,ASV4924,motu3809,Chironomidae,Hexapod,family,NA,NA,1,NA,NA,NA,9,NA,NA,NA,NA,Chironomidae,Hexapod,2018_koeye-estuary_depth,koeye estuary,seagrass,2018-06-19,NA,2018,depth,1,edna_ko_e3_00,depth,biological,15.9,15.84,8.01,NA,NA,NA,2.2,980,0,51.77950168,-127.8716413,sand,NA,NA,NA,seagrass,zostera,seagrass_sand,zostera_sand,99.02,1.52694e-151,297,Metazoa,Arthropoda,Arthropoda,Diptera,Chironomidae,NA,NA,NA,TRUE,ASV4924,2,NA
edna0004,ASV2790,motu2222,Corophiidae,Amphipod,family,NA,NA,1,NA,NA,NA,29,NA,NA,NA,NA,Corophiidae,Amphipod,2018_koeye-estuary_depth,koeye estuary,seagrass,2018-06-19,NA,2018,depth,1,edna_ko_e3_00,depth,biological,15.9,15.84,8.01,NA,NA,NA,2.2,980,0,51.77950168,-127.8716413,sand,NA,NA,NA,seagrass,zostera,seagrass_sand,zostera_sand,99.36,1.5216899999999998e-156,306,Metazoa,Arthropoda,Malacostraca,Amphipoda,Corophiidae,NA,0,0,TRUE,ASV2743,3,NA
edna0004,ASV5466,motu22,Acartia (Acartiura) longiremis,Calanoid copepod,species,NA,NA,1,NA,NA,NA,28,NA,NA,NA,NA,Acartia (Acartiura) longiremis,Calanoid copepod,2018_koeye-estuary_depth,koeye estuary,seagrass,2018-06-19,NA,2018,depth,1,edna_ko_e3_00,depth,biological,15.9,15.84,8.01,NA,NA,NA,2.2,980,0,51.77950168,-127.8716413,sand,NA,NA,NA,seagrass,zostera,seagrass_sand,zostera_sand,99.68,9.126599999999999e-159,310,Metazoa,Arthropoda,Copepoda,Calanoida,Acartiidae,Acartia,0,0,TRUE,ASV25,27,Acartia (Acartiura) longiremis
edna0004,ASV6357,motu4918,Simulium,Hexapod,genus,NA,NA,1,NA,NA,NA,16,NA,NA,NA,NA,Simulium,Hexapod,2018_koeye-estuary_depth,koeye estuary,seagrass,2018-06-19,NA,2018,depth,1,edna_ko_e3_00,depth,biological,15.9,15.84,8.01,NA,NA,NA,2.2,980,0,51.77950168,-127.8716413,sand,NA,NA,NA,seagrass,zostera,seagrass_sand,zostera_sand,98.39,5.60244e-151,296,Metazoa,Arthropoda,Arthropoda,Diptera,Simuliidae,Simulium,NA,NA,TRUE,ASV6357,1,NA
edna0004,ASV6574,motu5095,Insecta,Hexapod,class,NA,NA,1,NA,NA,NA,14,NA,NA,NA,NA,Insecta,Hexapod,2018_koeye-estuary_depth,koeye estuary,seagrass,2018-06-19,NA,2018,depth,1,edna_ko_e3_00,depth,biological,15.9,15.84,8.01,NA,NA,NA,2.2,980,0,51.77950168,-127.8716413,sand,NA,NA,NA,seagrass,zostera,seagrass_sand,zostera_sand,99.36,4.3316899999999973e-157,307,Metazoa,Arthropoda,Arthropoda,NA,NA,NA,NA,NA,TRUE,ASV6574,1,NA
edna0004,ASV7463,motu922,Pleurobrachia bachei,Pacific sea gooseberry,species,NA,NA,1,NA,NA,NA,4,NA,NA,NA,NA,Pleurobrachia bachei,Pacific sea gooseberry,2018_koeye-estuary_depth,koeye estuary,seagrass,2018-06-19,NA,2018,depth,1,edna_ko_e3_00,depth,biological,15.9,15.84,8.01,NA,NA,NA,2.2,980,0,51.77950168,-127.8716413,sand,NA,NA,NA,seagrass,zostera,seagrass_sand,zostera_sand,99.68,9.310369999999999e-159,310,Metazoa,Ctenophora,Tentaculata,Cydippida,Cydippidae,Pleurobrachia,0,0,TRUE,ASV1070,7,Pleurobrachia bachei
edna0003,ASV1243,motu1054,Mya arenaria,Softshell clam,species,NA,NA,1,NA,NA,NA,14,NA,NA,NA,NA,Mya arenaria,Softshell clam,2018_koeye-estuary_surface,koeye estuary,seagrass,2018-06-19,NA,2018,surface,3,edna_ko_e3_30,surface,biological,16.1,14.72,8.11,NA,NA,NA,2.5,1000,0,51.77929649,-127.871914,sand,NA,NA,NA,seagrass,zostera,seagrass_sand,zostera_sand,100,4.2619199999999965e-162,316,Metazoa,Mollusca,Bivalvia,Myida,Myidae,Mya,0,0,TRUE,ASV1243,1,Mya arenaria
edna0003,ASV1254,motu1064,Mya arenaria,Softshell clam,species,NA,NA,1,NA,NA,NA,11,NA,NA,NA,NA,Mya arenaria,Softshell clam,2018_koeye-estuary_surface,koeye estuary,seagrass,2018-06-19,NA,2018,surface,3,edna_ko_e3_30,surface,biological,16.1,14.72,8.11,NA,NA,NA,2.5,1000,0,51.77929649,-127.871914,sand,NA,NA,NA,seagrass,zostera,seagrass_sand,zostera_sand,100,4.2619199999999965e-162,316,Metazoa,Mollusca,Bivalvia,Myida,Myidae,Mya,0,0,TRUE,ASV1254,1,Mya arenaria
edna0003,ASV1319,motu1116,Clytia gregaria,Gregarious jellyfish,species,NA,NA,1,NA,NA,NA,3,NA,NA,NA,NA,Clytia gregaria,Gregarious jellyfish,2018_koeye-estuary_surface,koeye estuary,seagrass,2018-06-19,NA,2018,surface,3,edna_ko_e3_30,surface,biological,16.1,14.72,8.11,NA,NA,NA,2.5,1000,0,51.77929649,-127.871914,sand,NA,NA,NA,seagrass,zostera,seagrass_sand,zostera_sand,99.67,6.925819999999995e-155,303,Metazoa,Cnidaria,Hydrozoa,Leptothecata,Campanulariidae,Clytia,0,0,TRUE,ASV1319,3,Clytia gregaria
edna0003,ASV7315,motu5715,Onchidella,Ochidella sea slug species,genus,NA,NA,1,NA,NA,NA,8,NA,NA,NA,NA,Onchidella,Ochidella sea slug species,2018_koeye-estuary_surface,koeye estuary,seagrass,2018-06-19,NA,2018,surface,3,edna_ko_e3_30,surface,biological,16.1,14.72,8.11,NA,NA,NA,2.5,1000,0,51.77929649,-127.871914,sand,NA,NA,NA,seagrass,zostera,seagrass_sand,zostera_sand,100,0.00412458,30,Metazoa,Mollusca,Mollusca,Systellommatophora,Onchidiidae,Onchidella,0,0,TRUE,ASV7315,1,NA
edna0003,ASV3699,motu2922,Lottia,Limpet,genus,NA,NA,1,NA,NA,NA,4,NA,NA,NA,NA,Lottia,Limpet,2018_koeye-estuary_surface,koeye estuary,seagrass,2018-06-19,NA,2018,surface,3,edna_ko_e3_30,surface,biological,16.1,14.72,8.11,NA,NA,NA,2.5,1000,0,51.77929649,-127.871914,sand,NA,NA,NA,seagrass,zostera,seagrass_sand,zostera_sand,100,0.0528743,28,Metazoa,Mollusca,Mollusca,NA,Lottiidae,Lottia,0,0,TRUE,ASV3699,1,NA
edna0003,ASV7598,motu5962,Potential chimera,Potential chimera,species,NA,NA,1,NA,NA,NA,6,NA,NA,NA,NA,Potential chimera,Potential chimera,2018_koeye-estuary_surface,koeye estuary,seagrass,2018-06-19,NA,2018,surface,3,edna_ko_e3_30,surface,biological,16.1,14.72,8.11,NA,NA,NA,2.5,1000,0,51.77929649,-127.871914,sand,NA,NA,NA,seagrass,zostera,seagrass_sand,zostera_sand,100,0.0145098,29,Metazoa,Porifera,Porifera,Axinellida,Raspailiidae,Echinodictyum,0,0,TRUE,ASV7598,1,Potential chimera
edna0003,ASV7599,motu5963,Onchidella,Ochidella sea slug species,genus,NA,NA,1,NA,NA,NA,6,NA,NA,NA,NA,Onchidella,Ochidella sea slug species,2018_koeye-estuary_surface,koeye estuary,seagrass,2018-06-19,NA,2018,surface,3,edna_ko_e3_30,surface,biological,16.1,14.72,8.11,NA,NA,NA,2.5,1000,0,51.77929649,-127.871914,sand,NA,NA,NA,seagrass,zostera,seagrass_sand,zostera_sand,100,0.00412458,30,Metazoa,Mollusca,Mollusca,Systellommatophora,Onchidiidae,Onchidella,0,0,TRUE,ASV7599,1,NA
edna0003,ASV5569,motu4276,Chironomidae,Hexapod,family,NA,NA,1,NA,NA,NA,2,NA,NA,NA,NA,Chironomidae,Hexapod,2018_koeye-estuary_surface,koeye estuary,seagrass,2018-06-19,NA,2018,surface,3,edna_ko_e3_30,surface,biological,16.1,14.72,8.11,NA,NA,NA,2.5,1000,0,51.77929649,-127.871914,sand,NA,NA,NA,seagrass,zostera,seagrass_sand,zostera_sand,99.57,9.72659e-114,229,Metazoa,Arthropoda,Arthropoda,Diptera,Chironomidae,NA,NA,NA,TRUE,ASV5569,1,NA
edna0002,ASV679,motu591,Phyllodocida,Polychaete,order,NA,NA,1,NA,NA,NA,9,NA,NA,NA,NA,Phyllodocida,Polychaete,2018_koeye-estuary_surface,koeye estuary,seagrass,2018-06-19,NA,2018,surface,2,edna_ko_e3_15,surface,biological,16,15.09,8.07,NA,NA,NA,2.2,1000,0,51.77943387,-127.8717879,sand,NA,NA,NA,seagrass,zostera,seagrass_sand,zostera_sand,100,0.0603188,28,Metazoa,Annelida,Annelida,Phyllodocida,NA,NA,0,0,TRUE,ASV679,1,NA
edna0002,ASV1243,motu1054,Mya arenaria,Softshell clam,species,NA,NA,1,1,NA,NA,58,NA,160,NA,NA,Mya arenaria,Softshell clam,2018_koeye-estuary_surface,koeye estuary,seagrass,2018-06-19,NA,2018,surface,2,edna_ko_e3_15,surface,biological,16,15.09,8.07,NA,NA,NA,2.2,1000,0,51.77943387,-127.8717879,sand,NA,NA,NA,seagrass,zostera,seagrass_sand,zostera_sand,100,4.2619199999999965e-162,316,Metazoa,Mollusca,Bivalvia,Myida,Myidae,Mya,0,0,TRUE,ASV1243,1,Mya arenaria
edna0002,ASV1362,motu1148,Balanus glandula,Acorn barnacle,species,NA,NA,1,1,NA,NA,180,NA,491,NA,NA,Balanus glandula,Acorn barnacle,2018_koeye-estuary_surface,koeye estuary,seagrass,2018-06-19,NA,2018,surface,2,edna_ko_e3_15,surface,biological,16,15.09,8.07,NA,NA,NA,2.2,1000,0,51.77943387,-127.8717879,sand,NA,NA,NA,seagrass,zostera,seagrass_sand,zostera_sand,99.68,1.5051499999999994e-156,306,Metazoa,Arthropoda,Thecostraca,Balanomorpha,Balanidae,Balanus,0,0,TRUE,ASV1362,2,Balanus glandula
edna0002,ASV1254,motu1064,Mya arenaria,Softshell clam,species,NA,NA,1,1,NA,NA,60,NA,174,NA,NA,Mya arenaria,Softshell clam,2018_koeye-estuary_surface,koeye estuary,seagrass,2018-06-19,NA,2018,surface,2,edna_ko_e3_15,surface,biological,16,15.09,8.07,NA,NA,NA,2.2,1000,0,51.77943387,-127.8717879,sand,NA,NA,NA,seagrass,zostera,seagrass_sand,zostera_sand,100,4.2619199999999965e-162,316,Metazoa,Mollusca,Bivalvia,Myida,Myidae,Mya,0,0,TRUE,ASV1254,1,Mya arenaria
edna0002,ASV634,motu517,Balanus,Barnacle species,genus,NA,NA,1,NA,NA,NA,6,NA,NA,NA,NA,Balanus,Barnacle species,2018_koeye-estuary_surface,koeye estuary,seagrass,2018-06-19,NA,2018,surface,2,edna_ko_e3_15,surface,biological,16,15.09,8.07,NA,NA,NA,2.2,1000,0,51.77943387,-127.8717879,sand,NA,NA,NA,seagrass,zostera,seagrass_sand,zostera_sand,100,1.4886099999999998e-156,306,Metazoa,Arthropoda,Arthropoda,Balanomorpha,Balanidae,Balanus,0,0,TRUE,ASV587,10,NA
edna0002,ASV2056,motu1702,Corophiidae,Amphipod,family,NA,NA,1,NA,NA,NA,37,NA,NA,NA,NA,Corophiidae,Amphipod,2018_koeye-estuary_surface,koeye estuary,seagrass,2018-06-19,NA,2018,surface,2,edna_ko_e3_15,surface,biological,16,15.09,8.07,NA,NA,NA,2.2,1000,0,51.77943387,-127.8717879,sand,NA,NA,NA,seagrass,zostera,seagrass_sand,zostera_sand,98.71,1.1804e-152,299,Metazoa,Arthropoda,Malacostraca,Amphipoda,Corophiidae,NA,0,0,TRUE,ASV2056,1,NA
edna0002,ASV4924,motu3809,Chironomidae,Hexapod,family,NA,NA,1,NA,NA,NA,29,NA,NA,NA,NA,Chironomidae,Hexapod,2018_koeye-estuary_surface,koeye estuary,seagrass,2018-06-19,NA,2018,surface,2,edna_ko_e3_15,surface,biological,16,15.09,8.07,NA,NA,NA,2.2,1000,0,51.77943387,-127.8717879,sand,NA,NA,NA,seagrass,zostera,seagrass_sand,zostera_sand,99.02,1.52694e-151,297,Metazoa,Arthropoda,Arthropoda,Diptera,Chironomidae,NA,NA,NA,TRUE,ASV4924,2,NA
edna0002,ASV5700,motu4373,Kurtiella,Bivalve,genus,NA,NA,1,NA,NA,NA,24,NA,NA,NA,NA,Kurtiella,Bivalve,2018_koeye-estuary_surface,koeye estuary,seagrass,2018-06-19,NA,2018,surface,2,edna_ko_e3_15,surface,biological,16,15.09,8.07,NA,NA,NA,2.2,1000,0,51.77943387,-127.8717879,sand,NA,NA,NA,seagrass,zostera,seagrass_sand,zostera_sand,99.1,4.5574699999999996e-107,217,Metazoa,Mollusca,Mollusca,Galeommatida,Lasaeidae,Kurtiella,0,0,TRUE,ASV5700,1,NA
edna0002,ASV5701,motu4374,Corophiidae,Amphipod,family,NA,NA,1,NA,NA,NA,24,NA,NA,NA,NA,Corophiidae,Amphipod,2018_koeye-estuary_surface,koeye estuary,seagrass,2018-06-19,NA,2018,surface,2,edna_ko_e3_15,surface,biological,16,15.09,8.07,NA,NA,NA,2.2,1000,0,51.77943387,-127.8717879,sand,NA,NA,NA,seagrass,zostera,seagrass_sand,zostera_sand,99.36,5.453139999999996e-156,305,Metazoa,Arthropoda,Malacostraca,Amphipoda,Corophiidae,NA,0,0,TRUE,ASV5701,1,NA
edna0002,ASV6359,motu4919,Simulium,Hexapod,genus,NA,NA,1,NA,NA,NA,16,NA,NA,NA,NA,Simulium,Hexapod,2018_koeye-estuary_surface,koeye estuary,seagrass,2018-06-19,NA,2018,surface,2,edna_ko_e3_15,surface,biological,16,15.09,8.07,NA,NA,NA,2.2,1000,0,51.77943387,-127.8717879,sand,NA,NA,NA,seagrass,zostera,seagrass_sand,zostera_sand,98.39,5.60244e-151,296,Metazoa,Arthropoda,Arthropoda,Diptera,Simuliidae,Simulium,NA,NA,TRUE,ASV6359,1,NA
edna0002,ASV6360,motu4920,Ixodida,Mite,order,NA,NA,1,NA,NA,NA,16,NA,NA,NA,NA,Ixodida,Mite,2018_koeye-estuary_surface,koeye estuary,seagrass,2018-06-19,NA,2018,surface,2,edna_ko_e3_15,surface,biological,16,15.09,8.07,NA,NA,NA,2.2,1000,0,51.77943387,-127.8717879,sand,NA,NA,NA,seagrass,zostera,seagrass_sand,zostera_sand,100,0.0531601,28,Metazoa,Arthropoda,Arthropoda,Ixodida,NA,NA,NA,NA,TRUE,ASV6360,1,NA
edna0002,ASV6457,motu5001,Ixodida,Mite,order,NA,NA,1,NA,NA,NA,15,NA,NA,NA,NA,Ixodida,Mite,2018_koeye-estuary_surface,koeye estuary,seagrass,2018-06-19,NA,2018,surface,2,edna_ko_e3_15,surface,biological,16,15.09,8.07,NA,NA,NA,2.2,1000,0,51.77943387,-127.8717879,sand,NA,NA,NA,seagrass,zostera,seagrass_sand,zostera_sand,100,0.0531601,28,Metazoa,Arthropoda,Arthropoda,Ixodida,NA,NA,NA,NA,TRUE,ASV6457,1,NA
edna0002,ASV5050,motu3892,Bolinopsis microptera,Short-lobed comb jelly,species,NA,NA,1,1,NA,NA,3,NA,4,NA,NA,Bolinopsis microptera,Short-lobed comb jelly,2018_koeye-estuary_surface,koeye estuary,seagrass,2018-06-19,NA,2018,surface,2,edna_ko_e3_15,surface,biological,16,15.09,8.07,NA,NA,NA,2.2,1000,0,51.77943387,-127.8717879,sand,NA,NA,NA,seagrass,zostera,seagrass_sand,zostera_sand,100,1.96163e-160,313,Metazoa,Ctenophora,Tentaculata,Lobata,Bolinopsidae,Bolinopsis,0,0,TRUE,ASV5050,1,Bolinopsis microptera
edna0005,ASV307,motu118,Mesocentrotus franciscanus,Red sea urchin,species,NA,NA,1,NA,NA,NA,46,NA,NA,NA,NA,Mesocentrotus franciscanus,Red sea urchin,2018_koeye-estuary_depth,koeye estuary,seagrass,2018-06-19,NA,2018,depth,2,edna_ko_e3_15,depth,biological,16,15.94,8.1,NA,NA,NA,2.2,975,0,51.77943387,-127.8717879,sand,NA,NA,NA,seagrass,zostera,seagrass_sand,zostera_sand,100,7.02982e-160,312,Metazoa,Echinodermata,Echinoidea,Camarodonta,Strongylocentrotidae,Mesocentrotus,0,0,TRUE,ASV132,8,Mesocentrotus franciscanus
edna0005,ASV598,motu524,Strongylocentrotus droebachiensis,Green sea urcin,species,NA,NA,1,1,NA,NA,16,NA,37,NA,32,Strongylocentrotus droebachiensis,Green sea urcin,2018_koeye-estuary_depth,koeye estuary,seagrass,2018-06-19,NA,2018,depth,2,edna_ko_e3_15,depth,biological,16,15.94,8.1,NA,NA,NA,2.2,975,0,51.77943387,-127.8717879,sand,NA,NA,NA,seagrass,zostera,seagrass_sand,zostera_sand,100,1.96163e-160,313,Metazoa,Echinodermata,Echinoidea,Camarodonta,Strongylocentrotidae,Strongylocentrotus,0,0,TRUE,ASV598,2,Strongylocentrotus droebachiensis
edna0005,ASV1243,motu1054,Mya arenaria,Softshell clam,species,NA,NA,1,1,NA,NA,34,NA,46,NA,63,Mya arenaria,Softshell clam,2018_koeye-estuary_depth,koeye estuary,seagrass,2018-06-19,NA,2018,depth,2,edna_ko_e3_15,depth,biological,16,15.94,8.1,NA,NA,NA,2.2,975,0,51.77943387,-127.8717879,sand,NA,NA,NA,seagrass,zostera,seagrass_sand,zostera_sand,100,4.2619199999999965e-162,316,Metazoa,Mollusca,Bivalvia,Myida,Myidae,Mya,0,0,TRUE,ASV1243,1,Mya arenaria
edna0005,ASV1254,motu1064,Mya arenaria,Softshell clam,species,NA,NA,1,1,NA,NA,27,NA,61,NA,60,Mya arenaria,Softshell clam,2018_koeye-estuary_depth,koeye estuary,seagrass,2018-06-19,NA,2018,depth,2,edna_ko_e3_15,depth,biological,16,15.94,8.1,NA,NA,NA,2.2,975,0,51.77943387,-127.8717879,sand,NA,NA,NA,seagrass,zostera,seagrass_sand,zostera_sand,100,4.2619199999999965e-162,316,Metazoa,Mollusca,Bivalvia,Myida,Myidae,Mya,0,0,TRUE,ASV1254,1,Mya arenaria
edna0005,ASV2568,motu2088,Harpacticoida,Harpacticoid copepod,order,NA,NA,1,1,NA,NA,14,NA,84,NA,108,Harpacticoida,Harpacticoid copepod,2018_koeye-estuary_depth,koeye estuary,seagrass,2018-06-19,NA,2018,depth,2,edna_ko_e3_15,depth,biological,16,15.94,8.1,NA,NA,NA,2.2,975,0,51.77943387,-127.8717879,sand,NA,NA,NA,seagrass,zostera,seagrass_sand,zostera_sand,97.51,2.07503e-110,223,Metazoa,Arthropoda,Copepoda,Harpacticoida,NA,NA,0,0,TRUE,ASV2568,1,NA
edna0005,ASV6577,motu5098,Littorina sitkana,Sitka periwinkle,species,NA,NA,1,NA,NA,NA,8,NA,NA,NA,NA,Littorina sitkana,Sitka periwinkle,2018_koeye-estuary_depth,koeye estuary,seagrass,2018-06-19,NA,2018,depth,2,edna_ko_e3_15,depth,biological,16,15.94,8.1,NA,NA,NA,2.2,975,0,51.77943387,-127.8717879,sand,NA,NA,NA,seagrass,zostera,seagrass_sand,zostera_sand,100,1.47839e-151,297,Metazoa,Mollusca,Gastropoda,Littorinimorpha,Littorinidae,Littorina,0,0,TRUE,ASV6577,1,Littorina sitkana
edna0007,ASV320,motu281,Pseudocalanus newmani,Calanoid copepod,species,NA,NA,1,1,NA,NA,12,27,18,NA,9,Pseudocalanus newmani,Calanoid copepod,2018_choked-pass_surface,choked pass,seagrass,2018-06-19,NA,2018,surface,1,edna_ch_i3_00,surface,biological,12.4,30.66,8.05,NA,NA,NA,7,1000,0,51.67529798,-128.1193259,sand,NA,NA,NA,seagrass,zostera,seagrass_sand,zostera_sand,100,1.96163e-160,313,Metazoa,Arthropoda,Copepoda,Calanoida,Clausocalanidae,Pseudocalanus,0,0,TRUE,ASV320,6,Pseudocalanus newmani
edna0013,ASV357,motu316,Hiatella,Clam species,genus,NA,NA,1,1,NA,NA,6,4,7,NA,6,Hiatella,Clam species,2018_pruth-bay_surface,pruth bay,seagrass,2018-06-19,NA,2018,surface,1,edna_pr_i3_00,surface,biological,14.7,27.8,8.23,NA,NA,NA,2.9,1000,0,51.64585977,-128.1195476,sand,NA,NA,NA,seagrass,zostera,seagrass_sand,zostera_sand,100,9.027749999999999e-159,310,Metazoa,Mollusca,Bivalvia,Adapedonta,Hiatellidae,Hiatella,0,0,TRUE,ASV357,9,NA
edna0013,ASV699,motu609,Hiatella,Clam species,genus,NA,NA,1,1,NA,NA,3,7,NA,NA,6,Hiatella,Clam species,2018_pruth-bay_surface,pruth bay,seagrass,2018-06-19,NA,2018,surface,1,edna_pr_i3_00,surface,biological,14.7,27.8,8.23,NA,NA,NA,2.9,1000,0,51.64585977,-128.1195476,sand,NA,NA,NA,seagrass,zostera,seagrass_sand,zostera_sand,100,9.027749999999999e-159,310,Metazoa,Mollusca,Bivalvia,Adapedonta,Hiatellidae,Hiatella,0,0,TRUE,ASV699,4,NA
edna0013,ASV559,motu492,Eupolymnia heterobranchia,Brown intertidal spaghetti worm,species,NA,NA,1,NA,NA,NA,40,NA,NA,NA,NA,Eupolymnia heterobranchia,Brown intertidal spaghetti worm,2018_pruth-bay_surface,pruth bay,seagrass,2018-06-19,NA,2018,surface,1,edna_pr_i3_00,surface,biological,14.7,27.8,8.23,NA,NA,NA,2.9,1000,0,51.64585977,-128.1195476,sand,NA,NA,NA,seagrass,zostera,seagrass_sand,zostera_sand,100,1.4886099999999998e-156,306,Metazoa,Annelida,Polychaeta,Terebellida,Terebellidae,Eupolymnia,0,0,TRUE,ASV559,3,Eupolymnia heterobranchia
edna0013,ASV1565,motu1091,Chthamalus dalli,Little brown barnacle,species,NA,NA,1,1,NA,NA,80,235,172,NA,108,Chthamalus dalli,Little brown barnacle,2018_pruth-bay_surface,pruth bay,seagrass,2018-06-19,NA,2018,surface,1,edna_pr_i3_00,surface,biological,14.7,27.8,8.23,NA,NA,NA,2.9,1000,0,51.64585977,-128.1195476,sand,NA,NA,NA,seagrass,zostera,seagrass_sand,zostera_sand,99.01,2.4714899999999987e-149,293,Metazoa,Arthropoda,Thecostraca,Balanomorpha,Chthamalidae,Chthamalus,0,0,TRUE,ASV1289,3,Chthamalus dalli
edna0006,ASV1319,motu1116,Clytia gregaria,Gregarious jellyfish,species,NA,NA,1,NA,NA,NA,27,NA,NA,NA,NA,Clytia gregaria,Gregarious jellyfish,2018_koeye-estuary_depth,koeye estuary,seagrass,2018-06-19,NA,2018,depth,3,edna_ko_e3_30,depth,biological,16.1,14.74,8.12,NA,NA,NA,2.5,1000,0,51.77929649,-127.871914,sand,NA,NA,NA,seagrass,zostera,seagrass_sand,zostera_sand,99.67,6.925819999999995e-155,303,Metazoa,Cnidaria,Hydrozoa,Leptothecata,Campanulariidae,Clytia,0,0,TRUE,ASV1319,3,Clytia gregaria
edna0006,ASV1342,motu1135,Acartia (Acartiura) longiremis,Calanoid copepod,species,NA,NA,1,NA,NA,NA,54,NA,NA,NA,NA,Acartia (Acartiura) longiremis,Calanoid copepod,2018_koeye-estuary_depth,koeye estuary,seagrass,2018-06-19,NA,2018,depth,3,edna_ko_e3_30,depth,biological,16.1,14.74,8.12,NA,NA,NA,2.5,1000,0,51.77929649,-127.871914,sand,NA,NA,NA,seagrass,zostera,seagrass_sand,zostera_sand,99.36,4.246189999999999e-157,307,Metazoa,Arthropoda,Copepoda,Calanoida,Acartiidae,Acartia,0,0,TRUE,ASV1342,1,Acartia (Acartiura) longiremis
edna0008,ASV2908,motu316,Hiatella,Clam species,genus,NA,NA,1,1,NA,NA,6,NA,NA,NA,4,Hiatella,Clam species,2018_choked-pass_surface,choked pass,seagrass,2018-06-19,NA,2018,surface,2,edna_ch_i3_15,surface,biological,12.3,30.69,8.08,NA,NA,NA,7,1000,0,51.67531843,-128.1195572,sand,NA,NA,NA,seagrass,zostera,seagrass_sand,zostera_sand,99.68,4.200199999999998e-157,307,Metazoa,Mollusca,Bivalvia,Adapedonta,Hiatellidae,Hiatella,0,0,TRUE,ASV357,9,NA
edna0009,ASV1462,motu1233,Clytia gregaria,Gregarious jellyfish,species,NA,NA,1,NA,NA,NA,6,NA,NA,NA,NA,Clytia gregaria,Gregarious jellyfish,2018_choked-pass_surface,choked pass,seagrass,2018-06-19,NA,2018,surface,3,edna_ch_i3_30,surface,biological,12.3,30.72,8.07,NA,NA,NA,7.1,1000,0,51.67533222,-128.1197834,sand,NA,NA,NA,seagrass,zostera,seagrass_sand,zostera_sand,99.67,6.925819999999995e-155,303,Metazoa,Cnidaria,Hydrozoa,Leptothecata,Campanulariidae,Clytia,0,0,TRUE,ASV1462,2,Clytia gregaria
edna0009,ASV5258,motu4039,Bolinopsis microptera,Short-lobed comb jelly,species,NA,NA,1,1,NA,NA,7,NA,6,NA,18,Bolinopsis microptera,Short-lobed comb jelly,2018_choked-pass_surface,choked pass,seagrass,2018-06-19,NA,2018,surface,3,edna_ch_i3_30,surface,biological,12.3,30.72,8.07,NA,NA,NA,7.1,1000,0,51.67533222,-128.1197834,sand,NA,NA,NA,seagrass,zostera,seagrass_sand,zostera_sand,99.68,9.126599999999999e-159,310,Metazoa,Ctenophora,Tentaculata,Lobata,Bolinopsidae,Bolinopsis,0,0,TRUE,ASV5258,1,Bolinopsis microptera
edna0012,ASV814,motu709,Chthamalus dalli,Little brown barnacle,species,NA,NA,1,1,NA,NA,3,17,15,NA,10,Chthamalus dalli,Little brown barnacle,2018_choked-pass_depth,choked pass,seagrass,2018-06-19,NA,2018,depth,3,edna_ch_i3_30,depth,biological,12.1,30.76,8.08,NA,NA,NA,7.1,1000,0,51.67533222,-128.1197834,sand,NA,NA,NA,seagrass,zostera,seagrass_sand,zostera_sand,99.34,5.31212e-151,296,Metazoa,Arthropoda,Thecostraca,Balanomorpha,Chthamalidae,Chthamalus,0,0,TRUE,ASV814,5,Chthamalus dalli
edna0012,ASV1021,motu883,Balanus nubilus,Giant acorn barnacle,species,NA,NA,1,1,NA,NA,34,NA,171,NA,137,Balanus nubilus,Giant acorn barnacle,2018_choked-pass_depth,choked pass,seagrass,2018-06-19,NA,2018,depth,3,edna_ch_i3_30,depth,biological,12.1,30.76,8.08,NA,NA,NA,7.1,1000,0,51.67533222,-128.1197834,sand,NA,NA,NA,seagrass,zostera,seagrass_sand,zostera_sand,99.68,1.5051499999999994e-156,306,Metazoa,Arthropoda,Thecostraca,Balanomorpha,Balanidae,Balanus,0,0,TRUE,ASV1021,4,Balanus nubilus
edna0012,ASV916,motu796,Panopea generosa,Pacific geoduck,species,NA,NA,1,1,NA,NA,9,68,45,NA,NA,Panopea generosa,Pacific geoduck,2018_choked-pass_depth,choked pass,seagrass,2018-06-19,NA,2018,depth,3,edna_ch_i3_30,depth,biological,12.1,30.76,8.08,NA,NA,NA,7.1,1000,0,51.67533222,-128.1197834,sand,NA,NA,NA,seagrass,zostera,seagrass_sand,zostera_sand,100,1.96163e-160,313,Metazoa,Mollusca,Bivalvia,Adapedonta,Hiatellidae,Panopea,0,0,TRUE,ASV916,4,Panopea generosa
edna0012,ASV2069,motu1711,Aglaja ocelligera,Spotted Aglaga,species,NA,NA,1,1,NA,NA,5,12,6,NA,12,Aglaja ocelligera,Spotted Aglaga,2018_choked-pass_depth,choked pass,seagrass,2018-06-19,NA,2018,depth,3,edna_ch_i3_30,depth,biological,12.1,30.76,8.08,NA,NA,NA,7.1,1000,0,51.67533222,-128.1197834,sand,NA,NA,NA,seagrass,zostera,seagrass_sand,zostera_sand,98.72,9.19139e-154,301,Metazoa,Mollusca,Gastropoda,Cephalaspidea,Aglajidae,Aglaja,0,0,TRUE,ASV2069,1,Aglaja ocelligera
edna0015,ASV2389,motu1957,Paracalanus,Calanoid copepod,genus,NA,NA,1,1,NA,NA,5,NA,NA,NA,20,Paracalanus,Calanoid copepod,2018_pruth-bay_surface,pruth bay,seagrass,2018-06-19,NA,2018,surface,3,edna_pr_i3_30,surface,biological,14.6,27.85,8.24,NA,NA,NA,3,1000,plus or minus 50mL,51.64596882,-128.1200866,sand,NA,NA,NA,seagrass,zostera,seagrass_sand,zostera_sand,99.01,2.4714899999999987e-149,293,Metazoa,Arthropoda,Arthropoda,Calanoida,Paracalanidae,Paracalanus,0,0,TRUE,ASV2389,1,NA
edna0022,ASV118,motu105,Mesocentrotus franciscanus,Red sea urchin,species,NA,NA,1,1,NA,NA,14,59,33,NA,39,Mesocentrotus franciscanus,Red sea urchin,2018_chp_surface,chp,beach_seine,2018-07-12,2018-07-10,2018,surface,1,edna_chp_00,surface,biological,12,30.48,8.13,NA,NA,NA,3.5,1000,0,51.67615482,-128.1232837,sand,n,35,e,seagrass,zostera,seagrass_sand,zostera_sand,100,2.51921e-159,311,Metazoa,Echinodermata,Echinoidea,Camarodonta,Strongylocentrotidae,Mesocentrotus,0,0,TRUE,ASV118,8,Mesocentrotus franciscanus
edna0022,ASV4403,motu1104,Haliotis kamtschatkana,Northern abalone,species,NA,NA,1,NA,NA,NA,35,NA,NA,NA,NA,Haliotis kamtschatkana,Northern abalone,2018_chp_surface,chp,beach_seine,2018-07-12,2018-07-10,2018,surface,1,edna_chp_00,surface,biological,12,30.48,8.13,NA,NA,NA,3.5,1000,0,51.67615482,-128.1232837,sand,n,35,e,seagrass,zostera,seagrass_sand,zostera_sand,100,2.51921e-159,311,Metazoa,Mollusca,Mollusca,Lepetellida,Haliotidae,Haliotis,0,0,TRUE,ASV1304,9,Haliotis kamtschatkana
edna0022,ASV5114,motu3938,Cistenides granulata,Trumpet worm,species,NA,NA,1,NA,NA,NA,12,NA,NA,NA,NA,Cistenides granulata,Trumpet worm,2018_chp_surface,chp,beach_seine,2018-07-12,2018-07-10,2018,surface,1,edna_chp_00,surface,biological,12,30.48,8.13,NA,NA,NA,3.5,1000,0,51.67615482,-128.1232837,sand,n,35,e,seagrass,zostera,seagrass_sand,zostera_sand,99.36,4.246189999999999e-157,307,Metazoa,Annelida,Polychaeta,Terebellida,Pectinariidae,Pectinaria,0,0,TRUE,ASV5114,1,Cistenides granulata
edna0024,ASV251,motu105,Mesocentrotus franciscanus,Red sea urchin,species,NA,NA,1,NA,NA,NA,84,NA,NA,NA,NA,Mesocentrotus franciscanus,Red sea urchin,2018_chp_surface,chp,beach_seine,2018-07-12,2018-07-10,2018,surface,2,edna_chp_30,surface,biological,12.1,30.4,8.12,NA,NA,NA,3.5,1000,0,51.6763963,-128.123414,sand,n,35,e,seagrass,zostera,seagrass_sand,zostera_sand,100,7.02982e-160,312,Metazoa,Echinodermata,Echinoidea,Camarodonta,Strongylocentrotidae,Mesocentrotus,0,0,TRUE,ASV118,8,Mesocentrotus franciscanus
edna0024,ASV357,motu316,Hiatella,Clam species,genus,NA,NA,1,1,NA,NA,18,28,NA,NA,65,Hiatella,Clam species,2018_chp_surface,chp,beach_seine,2018-07-12,2018-07-10,2018,surface,2,edna_chp_30,surface,biological,12.1,30.4,8.12,NA,NA,NA,3.5,1000,0,51.6763963,-128.123414,sand,n,35,e,seagrass,zostera,seagrass_sand,zostera_sand,100,9.027749999999999e-159,310,Metazoa,Mollusca,Bivalvia,Adapedonta,Hiatellidae,Hiatella,0,0,TRUE,ASV357,9,NA
edna0024,ASV699,motu609,Hiatella,Clam species,genus,NA,NA,1,NA,NA,NA,11,NA,NA,NA,NA,Hiatella,Clam species,2018_chp_surface,chp,beach_seine,2018-07-12,2018-07-10,2018,surface,2,edna_chp_30,surface,biological,12.1,30.4,8.12,NA,NA,NA,3.5,1000,0,51.6763963,-128.123414,sand,n,35,e,seagrass,zostera,seagrass_sand,zostera_sand,100,9.027749999999999e-159,310,Metazoa,Mollusca,Bivalvia,Adapedonta,Hiatellidae,Hiatella,0,0,TRUE,ASV699,4,NA
edna0024,ASV1184,motu1012,Balanus nubilus,Giant acorn barnacle,species,NA,NA,1,1,NA,NA,57,158,147,NA,219,Balanus nubilus,Giant acorn barnacle,2018_chp_surface,chp,beach_seine,2018-07-12,2018-07-10,2018,surface,2,edna_chp_30,surface,biological,12.1,30.4,8.12,NA,NA,NA,3.5,1000,0,51.6763963,-128.123414,sand,n,35,e,seagrass,zostera,seagrass_sand,zostera_sand,99.03,3.258079999999998e-153,300,Metazoa,Arthropoda,Thecostraca,Balanomorpha,Balanidae,Balanus,0,0,TRUE,ASV1184,2,Balanus nubilus
edna0024,ASV4270,motu3345,Sabellariidae,Feather duster worm,family,NA,NA,1,1,NA,NA,7,NA,17,NA,35,Sabellariidae,Feather duster worm,2018_chp_surface,chp,beach_seine,2018-07-12,2018-07-10,2018,surface,2,edna_chp_30,surface,biological,12.1,30.4,8.12,NA,NA,NA,3.5,1000,0,51.6763963,-128.123414,sand,n,35,e,seagrass,zostera,seagrass_sand,zostera_sand,99.03,3.258079999999998e-153,300,Metazoa,Annelida,Polychaeta,NA,Sabellariidae,NA,0,0,TRUE,ASV4270,1,NA
edna0025,ASV226,motu199,Mytilus trossulus,Bay mussel,species,NA,NA,1,1,NA,NA,9,23,NA,NA,NA,Mytilus trossulus,Bay mussel,2018_chp_depth,chp,beach_seine,2018-07-12,2018-07-10,2018,depth,2,edna_chp_00,depth,biological,11.6,30.85,8.12,NA,NA,NA,3.5,1000,0,51.67615482,-128.1232837,sand,n,35,e,seagrass,zostera,seagrass_sand,zostera_sand,100,3.2351099999999996e-158,309,Metazoa,Mollusca,Mollusca,Mytilida,Mytilidae,Mytilus,0,0,TRUE,ASV226,18,Mytilus trossulus
edna0025,ASV770,motu609,Hiatella,Clam species,genus,NA,NA,1,NA,NA,NA,4,NA,NA,NA,NA,Hiatella,Clam species,2018_chp_depth,chp,beach_seine,2018-07-12,2018-07-10,2018,depth,2,edna_chp_00,depth,biological,11.6,30.85,8.12,NA,NA,NA,3.5,1000,0,51.67615482,-128.1232837,sand,n,35,e,seagrass,zostera,seagrass_sand,zostera_sand,100,9.027749999999999e-159,310,Metazoa,Mollusca,Bivalvia,Adapedonta,Hiatellidae,Hiatella,0,0,TRUE,ASV699,4,NA
edna0025,ASV377,motu334,Synchaeta pectinata,Rotifer,species,NA,NA,1,NA,NA,NA,2,NA,NA,NA,NA,Synchaeta pectinata,Rotifer,2018_chp_depth,chp,beach_seine,2018-07-12,2018-07-10,2018,depth,2,edna_chp_00,depth,biological,11.6,30.85,8.12,NA,NA,NA,3.5,1000,0,51.67615482,-128.1232837,sand,n,35,e,seagrass,zostera,seagrass_sand,zostera_sand,90.48,1.6452299999999999e-111,225,Metazoa,Rotifera,Eurotatoria,Ploima,Synchaetidae,Synchaeta,0,0,TRUE,ASV377,5,Synchaeta pectinata
edna0025,ASV750,motu654,Orobdella,Freshwater leech,genus,NA,NA,1,1,NA,NA,5,8,NA,NA,NA,Orobdella,Freshwater leech,2018_chp_depth,chp,beach_seine,2018-07-12,2018-07-10,2018,depth,2,edna_chp_00,depth,biological,11.6,30.85,8.12,NA,NA,NA,3.5,1000,0,51.67615482,-128.1232837,sand,n,35,e,seagrass,zostera,seagrass_sand,zostera_sand,97.06,0.00121031,31,Metazoa,Annelida,Annelida,Erpobdelliformes,Orobdellidae,Orobdella,NA,NA,TRUE,ASV750,1,NA
edna0025,ASV520,motu457,Evasterias troschelii,False ochre star,species,NA,NA,1,NA,NA,NA,2,NA,NA,NA,NA,Evasterias troschelii,False ochre star,2018_chp_depth,chp,beach_seine,2018-07-12,2018-07-10,2018,depth,2,edna_chp_00,depth,biological,11.6,30.85,8.12,NA,NA,NA,3.5,1000,0,51.67615482,-128.1232837,sand,n,35,e,seagrass,zostera,seagrass_sand,zostera_sand,100,1.96163e-160,313,Metazoa,Echinodermata,Asteroidea,Forcipulatida,Asteriidae,Evasterias,0,0,TRUE,ASV520,1,Evasterias troschelii
edna0025,ASV5933,motu4561,Sarsamphiascus undosus,Harpacticoid copepod,species,NA,NA,1,1,NA,NA,7,14,NA,NA,NA,Sarsamphiascus undosus,Harpacticoid copepod,2018_chp_depth,chp,beach_seine,2018-07-12,2018-07-10,2018,depth,2,edna_chp_00,depth,biological,11.6,30.85,8.12,NA,NA,NA,3.5,1000,0,51.67615482,-128.1232837,sand,n,35,e,seagrass,zostera,seagrass_sand,zostera_sand,99.68,9.126599999999999e-159,310,Metazoa,Arthropoda,Copepoda,Harpacticoida,Miraciidae,Sarsamphiascus,0,0,TRUE,ASV5933,1,Sarsamphiascus undosus
edna0025,ASV5118,motu3940,Sarsamphiascus undosus,Harpacticoid copepod,species,NA,NA,1,1,NA,NA,5,NA,14,NA,15,Sarsamphiascus undosus,Harpacticoid copepod,2018_chp_depth,chp,beach_seine,2018-07-12,2018-07-10,2018,depth,2,edna_chp_00,depth,biological,11.6,30.85,8.12,NA,NA,NA,3.5,1000,0,51.67615482,-128.1232837,sand,n,35,e,seagrass,zostera,seagrass_sand,zostera_sand,99.68,9.126599999999999e-159,310,Metazoa,Arthropoda,Copepoda,Harpacticoida,Miraciidae,Sarsamphiascus,0,0,TRUE,ASV5118,1,Sarsamphiascus undosus
edna0025,ASV1980,motu1620,Haliotis kamtschatkana,Northern abalone,species,NA,NA,1,1,NA,NA,4,NA,NA,NA,31,Haliotis kamtschatkana,Northern abalone,2018_chp_depth,chp,beach_seine,2018-07-12,2018-07-10,2018,depth,2,edna_chp_00,depth,biological,11.6,30.85,8.12,NA,NA,NA,3.5,1000,0,51.67615482,-128.1232837,sand,n,35,e,seagrass,zostera,seagrass_sand,zostera_sand,100,2.51921e-159,311,Metazoa,Mollusca,Mollusca,Lepetellida,Haliotidae,Haliotis,0,0,TRUE,ASV1950,2,Haliotis kamtschatkana
edna0026,ASV132,motu118,Mesocentrotus franciscanus,Red sea urchin,species,NA,NA,1,1,NA,NA,15,44,NA,NA,NA,Mesocentrotus franciscanus,Red sea urchin,2018_chp_surface,chp,beach_seine,2018-07-12,2018-07-10,2018,surface,3,edna_chp_15,surface,biological,11.6,30.86,8.09,NA,NA,NA,3.5,1000,0,51.67628487,-128.1233672,sand,n,35,e,seagrass,zostera,seagrass_sand,zostera_sand,100,2.51921e-159,311,Metazoa,Echinodermata,Echinoidea,Camarodonta,Strongylocentrotidae,Mesocentrotus,0,0,TRUE,ASV132,8,Mesocentrotus franciscanus
edna0026,ASV770,motu609,Hiatella,Clam species,genus,NA,NA,1,NA,NA,NA,20,NA,NA,NA,NA,Hiatella,Clam species,2018_chp_surface,chp,beach_seine,2018-07-12,2018-07-10,2018,surface,3,edna_chp_15,surface,biological,11.6,30.86,8.09,NA,NA,NA,3.5,1000,0,51.67628487,-128.1233672,sand,n,35,e,seagrass,zostera,seagrass_sand,zostera_sand,100,9.027749999999999e-159,310,Metazoa,Mollusca,Bivalvia,Adapedonta,Hiatellidae,Hiatella,0,0,TRUE,ASV699,4,NA
edna0026,ASV118,motu105,Mesocentrotus franciscanus,Red sea urchin,species,NA,NA,1,1,NA,NA,21,57,56,NA,NA,Mesocentrotus franciscanus,Red sea urchin,2018_chp_surface,chp,beach_seine,2018-07-12,2018-07-10,2018,surface,3,edna_chp_15,surface,biological,11.6,30.86,8.09,NA,NA,NA,3.5,1000,0,51.67628487,-128.1233672,sand,n,35,e,seagrass,zostera,seagrass_sand,zostera_sand,100,2.51921e-159,311,Metazoa,Echinodermata,Echinoidea,Camarodonta,Strongylocentrotidae,Mesocentrotus,0,0,TRUE,ASV118,8,Mesocentrotus franciscanus
edna0026,ASV1048,motu285,Paracalanus,Calanoid copepod,genus,NA,NA,1,1,NA,NA,5,9,13,NA,NA,Paracalanus parvus parvus,Calanoid copepod,2018_chp_surface,chp,beach_seine,2018-07-12,2018-07-10,2018,surface,3,edna_chp_15,surface,biological,11.6,30.86,8.09,NA,NA,NA,3.5,1000,0,51.67628487,-128.1233672,sand,n,35,e,seagrass,zostera,seagrass_sand,zostera_sand,99.67,1.14177e-152,299,Metazoa,Arthropoda,Arthropoda,Calanoida,Paracalanidae,Paracalanus,0,0,TRUE,ASV324,6,NA
edna0026,ASV1408,motu343,Dodecaceria,Cirratulid polychaete,genus,NA,NA,1,1,NA,NA,9,12,NA,NA,NA,Dodecaceria,Cirratulid polychaete,2018_chp_surface,chp,beach_seine,2018-07-12,2018-07-10,2018,surface,3,edna_chp_15,surface,biological,11.6,30.86,8.09,NA,NA,NA,3.5,1000,0,51.67628487,-128.1233672,sand,n,35,e,seagrass,zostera,seagrass_sand,zostera_sand,100,7.02982e-160,312,Metazoa,Annelida,Polychaeta,Terebellida,Cirratulidae,Dodecaceria,0,0,TRUE,ASV390,6,NA
edna0026,ASV3509,motu2789,Halosydna brevisetosa,Shortscaled worm,species,NA,NA,1,NA,NA,NA,8,NA,NA,NA,NA,Halosydna brevisetosa,Shortscaled worm,2018_chp_surface,chp,beach_seine,2018-07-12,2018-07-10,2018,surface,3,edna_chp_15,surface,biological,11.6,30.86,8.09,NA,NA,NA,3.5,1000,0,51.67628487,-128.1233672,sand,n,35,e,seagrass,zostera,seagrass_sand,zostera_sand,100,3.2351099999999996e-158,309,Metazoa,Annelida,Polychaeta,Phyllodocida,Polynoidae,Halosydna,0,0,TRUE,ASV3509,1,Halosydna brevisetosa
edna0026,ASV5576,motu4282,Platynereis bicanaliculata,Ragworm,species,NA,NA,1,1,NA,NA,5,NA,21,NA,NA,Platynereis bicanaliculata,Ragworm,2018_chp_surface,chp,beach_seine,2018-07-12,2018-07-10,2018,surface,3,edna_chp_15,surface,biological,11.6,30.86,8.09,NA,NA,NA,3.5,1000,0,51.67628487,-128.1233672,sand,n,35,e,seagrass,zostera,seagrass_sand,zostera_sand,100,1.96163e-160,313,Metazoa,Annelida,Polychaeta,Phyllodocida,Nereididae,Platynereis,0,0,TRUE,ASV5576,1,Platynereis bicanaliculata
edna0027,ASV251,motu105,Mesocentrotus franciscanus,Red sea urchin,species,NA,NA,1,1,NA,NA,21,56,NA,NA,60,Mesocentrotus franciscanus,Red sea urchin,2018_chp_depth,chp,beach_seine,2018-07-12,2018-07-10,2018,depth,3,edna_chp_30,depth,biological,NA,NA,NA,NA,NA,NA,3.5,1000,0,51.6763963,-128.123414,sand,n,35,e,seagrass,zostera,seagrass_sand,zostera_sand,100,7.02982e-160,312,Metazoa,Echinodermata,Echinoidea,Camarodonta,Strongylocentrotidae,Mesocentrotus,0,0,TRUE,ASV118,8,Mesocentrotus franciscanus
edna0027,ASV770,motu609,Hiatella,Clam species,genus,NA,NA,1,1,NA,NA,18,27,19,NA,NA,Hiatella,Clam species,2018_chp_depth,chp,beach_seine,2018-07-12,2018-07-10,2018,depth,3,edna_chp_30,depth,biological,NA,NA,NA,NA,NA,NA,3.5,1000,0,51.6763963,-128.123414,sand,n,35,e,seagrass,zostera,seagrass_sand,zostera_sand,100,9.027749999999999e-159,310,Metazoa,Mollusca,Bivalvia,Adapedonta,Hiatellidae,Hiatella,0,0,TRUE,ASV699,4,NA
edna0027,ASV386,motu316,Hiatella,Clam species,genus,NA,NA,1,1,NA,NA,21,29,30,NA,44,Hiatella,Clam species,2018_chp_depth,chp,beach_seine,2018-07-12,2018-07-10,2018,depth,3,edna_chp_30,depth,biological,NA,NA,NA,NA,NA,NA,3.5,1000,0,51.6763963,-128.123414,sand,n,35,e,seagrass,zostera,seagrass_sand,zostera_sand,100,9.027749999999999e-159,310,Metazoa,Mollusca,Bivalvia,Adapedonta,Hiatellidae,Hiatella,0,0,TRUE,ASV357,9,NA
edna0027,ASV377,motu334,Synchaeta pectinata,Rotifer,species,NA,NA,1,NA,NA,NA,3,NA,NA,NA,NA,Synchaeta pectinata,Rotifer,2018_chp_depth,chp,beach_seine,2018-07-12,2018-07-10,2018,depth,3,edna_chp_30,depth,biological,NA,NA,NA,NA,NA,NA,3.5,1000,0,51.6763963,-128.123414,sand,n,35,e,seagrass,zostera,seagrass_sand,zostera_sand,90.48,1.6452299999999999e-111,225,Metazoa,Rotifera,Eurotatoria,Ploima,Synchaetidae,Synchaeta,0,0,TRUE,ASV377,5,Synchaeta pectinata
edna0027,ASV1599,motu1332,Mytilus californianus,California mussel,species,NA,NA,1,1,NA,NA,20,NA,23,NA,36,Mytilus californianus,California mussel,2018_chp_depth,chp,beach_seine,2018-07-12,2018-07-10,2018,depth,3,edna_chp_30,depth,biological,NA,NA,NA,NA,NA,NA,3.5,1000,0,51.6763963,-128.123414,sand,n,35,e,seagrass,zostera,seagrass_sand,zostera_sand,100,3.2351099999999996e-158,309,Metazoa,Mollusca,Bivalvia,Mytilida,Mytilidae,Mytilus,0,0,TRUE,ASV1582,5,Mytilus californianus
edna0027,ASV3403,motu1328,Strongylocentrotus purpuratus,Purple sea urchin,species,NA,NA,1,1,NA,NA,18,26,17,NA,48,Strongylocentrotus purpuratus,Purple sea urchin,2018_chp_depth,chp,beach_seine,2018-07-12,2018-07-10,2018,depth,3,edna_chp_30,depth,biological,NA,NA,NA,NA,NA,NA,3.5,1000,0,51.6763963,-128.123414,sand,n,35,e,seagrass,zostera,seagrass_sand,zostera_sand,99.68,9.126599999999999e-159,310,Metazoa,Echinodermata,Echinoidea,Camarodonta,Strongylocentrotidae,Strongylocentrotus,0,0,TRUE,ASV1576,4,Strongylocentrotus purpuratus
edna0027,ASV4079,motu2129,Sabellariidae,Feather duster worm,family,NA,NA,1,1,NA,NA,11,13,18,NA,26,Sabellariidae,Feather duster worm,2018_chp_depth,chp,beach_seine,2018-07-12,2018-07-10,2018,depth,3,edna_chp_30,depth,biological,NA,NA,NA,NA,NA,NA,3.5,1000,0,51.6763963,-128.123414,sand,n,35,e,seagrass,zostera,seagrass_sand,zostera_sand,99.67,8.959119999999997e-154,301,Metazoa,Annelida,Polychaeta,NA,Sabellariidae,NA,0,0,TRUE,ASV2624,2,NA
edna0028,ASV2782,motu902,Arthropoda,Unknown arthropod,phylum,NA,NA,1,1,NA,NA,7,NA,8,NA,NA,Arthropoda,Unknown arthropod,2018_hab4_surface,hab4,beach_seine,2018-07-12,2018-07-11,2018,surface,1,edna_hab4_00,surface,biological,16.5,26.08,8.43,NA,NA,NA,6.4,1000,0,51.664962,-128.0798158,mud,y,200,sp,macroalgae,algae,macroalgae_mud,algae_mud,94.87,8.78538e-5,33,Metazoa,Arthropoda,NA,NA,NA,NA,NA,NA,TRUE,ASV1046,4,NA
edna0028,ASV2489,motu31,Centropages abdominalis,Calanoid copepod,species,NA,NA,1,1,NA,NA,23,39,65,NA,85,Centropages abdominalis,Calanoid copepod,2018_hab4_surface,hab4,beach_seine,2018-07-12,2018-07-11,2018,surface,1,edna_hab4_00,surface,biological,16.5,26.08,8.43,NA,NA,NA,6.4,1000,0,51.664962,-128.0798158,mud,y,200,sp,macroalgae,algae,macroalgae_mud,algae_mud,99.68,9.126599999999999e-159,310,Metazoa,Arthropoda,Copepoda,Calanoida,Centropagidae,Centropages,0,0,TRUE,ASV34,19,Centropages abdominalis
edna0058,ASV1587,motu1337,Armandia brevis,Opheliid polychaete,species,NA,NA,1,NA,NA,NA,9,NA,NA,NA,NA,Armandia brevis,Opheliid polychaete,2018_hdo_depth,hdo,beach_seine,2018-07-13,2018-07-11,2018,depth,2,edna_hdo_00,depth,biological,10.3,31.22,7.88,NA,NA,NA,6.8,1000,0,51.65501227,-128.1295942,mud,n,320,p,seagrass,zostera,seagrass_mud,zostera_mud,100,2.1076299999999988e-175,340,Metazoa,Annelida,Polychaeta,NA,Opheliidae,Armandia,0,0,TRUE,ASV1587,2,Armandia brevis
edna0058,ASV4245,motu3328,Armandia brevis,Opheliid polychaete,species,NA,NA,1,1,NA,NA,10,NA,NA,NA,24,Armandia brevis,Opheliid polychaete,2018_hdo_depth,hdo,beach_seine,2018-07-13,2018-07-11,2018,depth,2,edna_hdo_00,depth,biological,10.3,31.22,7.88,NA,NA,NA,6.8,1000,0,51.65501227,-128.1295942,mud,n,320,p,seagrass,zostera,seagrass_mud,zostera_mud,100,2.708459999999999e-174,338,Metazoa,Annelida,Polychaeta,NA,Opheliidae,Armandia,0,0,TRUE,ASV4245,1,Armandia brevis
edna0029,ASV357,motu316,Hiatella,Clam species,genus,NA,NA,1,NA,NA,NA,4,NA,NA,NA,NA,Hiatella,Clam species,2018_hab4_surface,hab4,beach_seine,2018-07-12,2018-07-11,2018,surface,2,edna_hab4_15,surface,biological,16.9,26.02,8.43,11.4,30.12,8.23,6.2,1000,0,51.66480057,-128.0797635,mud,y,200,sp,macroalgae,algae,macroalgae_mud,algae_mud,100,9.027749999999999e-159,310,Metazoa,Mollusca,Bivalvia,Adapedonta,Hiatellidae,Hiatella,0,0,TRUE,ASV357,9,NA
edna0029,ASV5394,motu2028,Mytilus,Mussel species,genus,NA,NA,1,NA,NA,NA,29,NA,NA,NA,NA,Mytilus,Mussel species,2018_hab4_surface,hab4,beach_seine,2018-07-12,2018-07-11,2018,surface,2,edna_hab4_15,surface,biological,16.9,26.02,8.43,11.4,30.12,8.23,6.2,1000,0,51.66480057,-128.0797635,mud,y,200,sp,macroalgae,algae,macroalgae_mud,algae_mud,99.68,1.5051499999999994e-156,306,Metazoa,Mollusca,Mollusca,Mytilida,Mytilidae,Mytilus,0,0,TRUE,ASV2491,3,NA
edna0029,ASV5782,motu4441,Mytilus trossulus,Bay mussel,species,NA,NA,1,NA,NA,NA,23,NA,NA,NA,NA,Mytilus trossulus,Bay mussel,2018_hab4_surface,hab4,beach_seine,2018-07-12,2018-07-11,2018,surface,2,edna_hab4_15,surface,biological,16.9,26.02,8.43,11.4,30.12,8.23,6.2,1000,0,51.66480057,-128.0797635,mud,y,200,sp,macroalgae,algae,macroalgae_mud,algae_mud,99.35,7.002779999999996e-155,303,Metazoa,Mollusca,Mollusca,Mytilida,Mytilidae,Mytilus,0,0,TRUE,ASV5782,1,Mytilus trossulus
edna0029,ASV5783,motu4442,Mytilus trossulus,Bay mussel,species,NA,NA,1,NA,NA,NA,23,NA,NA,NA,NA,Mytilus trossulus,Bay mussel,2018_hab4_surface,hab4,beach_seine,2018-07-12,2018-07-11,2018,surface,2,edna_hab4_15,surface,biological,16.9,26.02,8.43,11.4,30.12,8.23,6.2,1000,0,51.66480057,-128.0797635,mud,y,200,sp,macroalgae,algae,macroalgae_mud,algae_mud,99.68,1.5051499999999994e-156,306,Metazoa,Mollusca,Mollusca,Mytilida,Mytilidae,Mytilus,0,0,TRUE,ASV5783,1,Mytilus trossulus
edna0029,ASV5784,motu4443,Mytilus trossulus,Bay mussel,species,NA,NA,1,NA,NA,NA,23,NA,NA,NA,NA,Mytilus trossulus,Bay mussel,2018_hab4_surface,hab4,beach_seine,2018-07-12,2018-07-11,2018,surface,2,edna_hab4_15,surface,biological,16.9,26.02,8.43,11.4,30.12,8.23,6.2,1000,0,51.66480057,-128.0797635,mud,y,200,sp,macroalgae,algae,macroalgae_mud,algae_mud,99.35,7.002779999999996e-155,303,Metazoa,Mollusca,Mollusca,Mytilida,Mytilidae,Mytilus,0,0,TRUE,ASV5784,1,Mytilus trossulus
edna0030,ASV770,motu609,Hiatella,Clam species,genus,NA,NA,1,1,NA,NA,8,NA,NA,NA,11,Hiatella,Clam species,2018_hab4_surface,hab4,beach_seine,2018-07-12,2018-07-11,2018,surface,3,edna_hab4_30,surface,biological,15.9,26.09,8.45,NA,NA,NA,5.8,1000,0,51.66465401,-128.0797184,mud,y,200,sp,macroalgae,algae,macroalgae_mud,algae_mud,100,9.027749999999999e-159,310,Metazoa,Mollusca,Bivalvia,Adapedonta,Hiatellidae,Hiatella,0,0,TRUE,ASV699,4,NA
edna0030,ASV386,motu316,Hiatella,Clam species,genus,NA,NA,1,1,NA,NA,7,4,NA,NA,11,Hiatella,Clam species,2018_hab4_surface,hab4,beach_seine,2018-07-12,2018-07-11,2018,surface,3,edna_hab4_30,surface,biological,15.9,26.09,8.45,NA,NA,NA,5.8,1000,0,51.66465401,-128.0797184,mud,y,200,sp,macroalgae,algae,macroalgae_mud,algae_mud,100,9.027749999999999e-159,310,Metazoa,Mollusca,Bivalvia,Adapedonta,Hiatellidae,Hiatella,0,0,TRUE,ASV357,9,NA
edna0030,ASV6170,motu922,Pleurobrachia bachei,Pacific sea gooseberry,species,NA,NA,1,NA,NA,NA,18,NA,NA,NA,NA,Pleurobrachia bachei,Pacific sea gooseberry,2018_hab4_surface,hab4,beach_seine,2018-07-12,2018-07-11,2018,surface,3,edna_hab4_30,surface,biological,15.9,26.09,8.45,NA,NA,NA,5.8,1000,0,51.66465401,-128.0797184,mud,y,200,sp,macroalgae,algae,macroalgae_mud,algae_mud,99.68,9.126599999999999e-159,310,Metazoa,Ctenophora,Tentaculata,Cydippida,Cydippidae,Pleurobrachia,0,0,TRUE,ASV1070,7,Pleurobrachia bachei
edna0030,ASV5060,motu3897,Chaetognatha,Arrow worm,phylum,NA,NA,1,NA,NA,NA,7,NA,NA,NA,NA,Chaetognatha,Arrow worm,2018_hab4_surface,hab4,beach_seine,2018-07-12,2018-07-11,2018,surface,3,edna_hab4_30,surface,biological,15.9,26.09,8.45,NA,NA,NA,5.8,1000,0,51.66465401,-128.0797184,mud,y,200,sp,macroalgae,algae,macroalgae_mud,algae_mud,95.02,1.67366e-81,171,Metazoa,Chaetognatha,NA,NA,NA,NA,0,0,TRUE,ASV5060,1,NA
edna0031,ASV713,motu350,Synchaeta pectinata,Rotifer,species,NA,NA,1,1,NA,NA,2,NA,7,NA,NA,Synchaeta pectinata,Rotifer,2018_pba_surface,pba,beach_seine,2018-07-12,2018-07-10,2018,surface,1,edna_pba_00,surface,biological,16.5,26.11,8.44,NA,NA,NA,5.8,1000,0,51.64670412,-128.1188409,mud,y,180,p,seagrass,zostera,seagrass_mud,zostera_mud,90.79,3.5361899999999996e-113,228,Metazoa,Rotifera,Eurotatoria,Ploima,Synchaetidae,Synchaeta,0,0,TRUE,ASV398,4,Synchaeta pectinata
edna0031,ASV1805,motu1504,Cistenides granulata,Trumpet worm,species,NA,NA,1,NA,NA,NA,13,NA,NA,NA,NA,Cistenides granulata,Trumpet worm,2018_pba_surface,pba,beach_seine,2018-07-12,2018-07-10,2018,surface,1,edna_pba_00,surface,biological,16.5,26.11,8.44,NA,NA,NA,5.8,1000,0,51.64670412,-128.1188409,mud,y,180,p,seagrass,zostera,seagrass_mud,zostera_mud,100,1.4886099999999998e-156,306,Metazoa,Annelida,Polychaeta,Terebellida,Pectinariidae,Pectinaria,0,0,TRUE,ASV1805,1,Cistenides granulata
edna0031,ASV4245,motu3328,Armandia brevis,Opheliid polychaete,species,NA,NA,1,NA,NA,NA,4,NA,NA,NA,NA,Armandia brevis,Opheliid polychaete,2018_pba_surface,pba,beach_seine,2018-07-12,2018-07-10,2018,surface,1,edna_pba_00,surface,biological,16.5,26.11,8.44,NA,NA,NA,5.8,1000,0,51.64670412,-128.1188409,mud,y,180,p,seagrass,zostera,seagrass_mud,zostera_mud,100,2.708459999999999e-174,338,Metazoa,Annelida,Polychaeta,NA,Opheliidae,Armandia,0,0,TRUE,ASV4245,1,Armandia brevis
edna0032,ASV699,motu609,Hiatella,Clam species,genus,NA,NA,1,NA,NA,NA,13,NA,NA,NA,NA,Hiatella,Clam species,2018_pba_depth,pba,beach_seine,2018-07-12,2018-07-10,2018,depth,1,edna_pba_15,depth,biological,12.9,26.46,8.3,NA,NA,NA,5.8,1000,0,51.64655803,-128.1188964,mud,y,180,p,seagrass,zostera,seagrass_mud,zostera_mud,100,9.027749999999999e-159,310,Metazoa,Mollusca,Bivalvia,Adapedonta,Hiatellidae,Hiatella,0,0,TRUE,ASV699,4,NA
edna0032,ASV320,motu281,Pseudocalanus newmani,Calanoid copepod,species,NA,NA,1,1,NA,NA,47,91,71,NA,116,Pseudocalanus newmani,Calanoid copepod,2018_pba_depth,pba,beach_seine,2018-07-12,2018-07-10,2018,depth,1,edna_pba_15,depth,biological,12.9,26.46,8.3,NA,NA,NA,5.8,1000,0,51.64655803,-128.1188964,mud,y,180,p,seagrass,zostera,seagrass_mud,zostera_mud,100,1.96163e-160,313,Metazoa,Arthropoda,Copepoda,Calanoida,Clausocalanidae,Pseudocalanus,0,0,TRUE,ASV320,6,Pseudocalanus newmani
edna0032,ASV1587,motu1337,Armandia brevis,Opheliid polychaete,species,NA,NA,1,NA,NA,NA,5,NA,NA,NA,NA,Armandia brevis,Opheliid polychaete,2018_pba_depth,pba,beach_seine,2018-07-12,2018-07-10,2018,depth,1,edna_pba_15,depth,biological,12.9,26.46,8.3,NA,NA,NA,5.8,1000,0,51.64655803,-128.1188964,mud,y,180,p,seagrass,zostera,seagrass_mud,zostera_mud,100,2.1076299999999988e-175,340,Metazoa,Annelida,Polychaeta,NA,Opheliidae,Armandia,0,0,TRUE,ASV1587,2,Armandia brevis
edna0032,ASV5207,motu517,Balanus,Barnacle species,genus,NA,NA,1,NA,NA,NA,32,NA,NA,NA,NA,Balanus,Barnacle species,2018_pba_depth,pba,beach_seine,2018-07-12,2018-07-10,2018,depth,1,edna_pba_15,depth,biological,12.9,26.46,8.3,NA,NA,NA,5.8,1000,0,51.64655803,-128.1188964,mud,y,180,p,seagrass,zostera,seagrass_mud,zostera_mud,99.35,3.22227e-153,300,Metazoa,Arthropoda,Arthropoda,Balanomorpha,Balanidae,Balanus,0,0,TRUE,ASV587,10,NA
edna0032,ASV3079,motu2477,Rhynchothalestris helgolandica,Harpacticoid copepod,species,NA,NA,1,1,NA,NA,17,18,40,NA,62,Rhynchothalestris helgolandica,Harpacticoid copepod,2018_pba_depth,pba,beach_seine,2018-07-12,2018-07-10,2018,depth,1,edna_pba_15,depth,biological,12.9,26.46,8.3,NA,NA,NA,5.8,1000,0,51.64655803,-128.1188964,mud,y,180,p,seagrass,zostera,seagrass_mud,zostera_mud,99.68,9.126599999999999e-159,310,Metazoa,Arthropoda,Arthropoda,Harpacticoida,Thalestridae,Rhynchothalestris,0,0,TRUE,ASV3079,1,Rhynchothalestris helgolandica
edna0032,ASV4122,motu3234,Mytilus trossulus,Bay mussel,species,NA,NA,1,1,NA,NA,16,15,NA,NA,35,Mytilus trossulus,Bay mussel,2018_pba_depth,pba,beach_seine,2018-07-12,2018-07-10,2018,depth,1,edna_pba_15,depth,biological,12.9,26.46,8.3,NA,NA,NA,5.8,1000,0,51.64655803,-128.1188964,mud,y,180,p,seagrass,zostera,seagrass_mud,zostera_mud,99.35,7.002779999999996e-155,303,Metazoa,Mollusca,Mollusca,Mytilida,Mytilidae,Mytilus,0,0,TRUE,ASV4122,1,Mytilus trossulus
edna0032,ASV4077,motu316,Hiatella,Clam species,genus,NA,NA,1,1,NA,NA,14,16,12,NA,26,Hiatella,Clam species,2018_pba_depth,pba,beach_seine,2018-07-12,2018-07-10,2018,depth,1,edna_pba_15,depth,biological,12.9,26.46,8.3,NA,NA,NA,5.8,1000,0,51.64655803,-128.1188964,mud,y,180,p,seagrass,zostera,seagrass_mud,zostera_mud,99.68,4.200199999999998e-157,307,Metazoa,Mollusca,Bivalvia,Adapedonta,Hiatellidae,Hiatella,0,0,TRUE,ASV357,9,NA
edna0036,ASV750,motu654,Orobdella,Freshwater leech,genus,NA,NA,1,NA,NA,NA,5,NA,NA,NA,NA,Orobdella,Freshwater leech,2018_pba_depth,pba,beach_seine,2018-07-12,2018-07-10,2018,depth,3,edna_pba_30,depth,biological,12.7,29.67,8.28,NA,NA,NA,3.7,1000,0,51.64642312,-128.1189452,mud,y,180,p,seagrass,zostera,seagrass_mud,zostera_mud,97.06,0.00121031,31,Metazoa,Annelida,Annelida,Erpobdelliformes,Orobdellidae,Orobdella,NA,NA,TRUE,ASV750,1,NA
edna0036,ASV4927,motu922,Pleurobrachia bachei,Pacific sea gooseberry,species,NA,NA,1,1,NA,NA,6,8,12,NA,12,Pleurobrachia bachei,Pacific sea gooseberry,2018_pba_depth,pba,beach_seine,2018-07-12,2018-07-10,2018,depth,3,edna_pba_30,depth,biological,12.7,29.67,8.28,NA,NA,NA,3.7,1000,0,51.64642312,-128.1189452,mud,y,180,p,seagrass,zostera,seagrass_mud,zostera_mud,99.68,9.126599999999999e-159,310,Metazoa,Ctenophora,Tentaculata,Cydippida,Cydippidae,Pleurobrachia,0,0,TRUE,ASV1070,7,Pleurobrachia bachei
edna0037,ASV770,motu609,Hiatella,Clam species,genus,NA,NA,1,1,NA,NA,7,NA,19,NA,NA,Hiatella,Clam species,2018_wfb_surface,wfb,beach_seine,2018-07-13,2018-07-12,2018,surface,1,edna_wfb_00,surface,biological,12.5,30.95,7.97,NA,NA,NA,5.3,1000,0,51.66858165,-128.1194495,sand,y,350,se,none,none,none_sand,none_sand,100,9.027749999999999e-159,310,Metazoa,Mollusca,Bivalvia,Adapedonta,Hiatellidae,Hiatella,0,0,TRUE,ASV699,4,NA
edna0037,ASV386,motu316,Hiatella,Clam species,genus,NA,NA,1,1,NA,NA,6,11,18,NA,NA,Hiatella,Clam species,2018_wfb_surface,wfb,beach_seine,2018-07-13,2018-07-12,2018,surface,1,edna_wfb_00,surface,biological,12.5,30.95,7.97,NA,NA,NA,5.3,1000,0,51.66858165,-128.1194495,sand,y,350,se,none,none,none_sand,none_sand,100,9.027749999999999e-159,310,Metazoa,Mollusca,Bivalvia,Adapedonta,Hiatellidae,Hiatella,0,0,TRUE,ASV357,9,NA
edna0037,ASV2019,motu1116,Clytia gregaria,Gregarious jellyfish,species,NA,NA,1,NA,NA,NA,8,NA,NA,NA,NA,Clytia gregaria,Gregarious jellyfish,2018_wfb_surface,wfb,beach_seine,2018-07-13,2018-07-12,2018,surface,1,edna_wfb_00,surface,biological,12.5,30.95,7.97,NA,NA,NA,5.3,1000,0,51.66858165,-128.1194495,sand,y,350,se,none,none,none_sand,none_sand,99.35,3.22227e-153,300,Metazoa,Cnidaria,Cnidaria,Leptothecata,Campanulariidae,Clytia,0,0,TRUE,ASV1319,3,Clytia gregaria
edna0037,ASV1168,motu1001,Anthopleura elegantissima,Aggregating anemone,species,NA,NA,1,NA,NA,NA,2,NA,NA,NA,NA,Anthopleura elegantissima,Aggregating anemone,2018_wfb_surface,wfb,beach_seine,2018-07-13,2018-07-12,2018,surface,1,edna_wfb_00,surface,biological,12.5,30.95,7.97,NA,NA,NA,5.3,1000,0,51.66858165,-128.1194495,sand,y,350,se,none,none,none_sand,none_sand,100,1.96163e-160,313,Metazoa,Cnidaria,Cnidaria,Actiniaria,Actiniidae,Anthopleura,0,0,TRUE,ASV1168,1,Anthopleura elegantissima
edna0037,ASV1462,motu1233,Clytia gregaria,Gregarious jellyfish,species,NA,NA,1,NA,NA,NA,6,NA,NA,NA,NA,Clytia gregaria,Gregarious jellyfish,2018_wfb_surface,wfb,beach_seine,2018-07-13,2018-07-12,2018,surface,1,edna_wfb_00,surface,biological,12.5,30.95,7.97,NA,NA,NA,5.3,1000,0,51.66858165,-128.1194495,sand,y,350,se,none,none,none_sand,none_sand,99.67,6.925819999999995e-155,303,Metazoa,Cnidaria,Hydrozoa,Leptothecata,Campanulariidae,Clytia,0,0,TRUE,ASV1462,2,Clytia gregaria
edna0037,ASV7726,motu6079,Orthasterias koehleri,Rainbow star,species,NA,NA,1,NA,NA,NA,3,NA,NA,NA,NA,Orthasterias koehleri,Rainbow star,2018_wfb_surface,wfb,beach_seine,2018-07-13,2018-07-12,2018,surface,1,edna_wfb_00,surface,biological,12.5,30.95,7.97,NA,NA,NA,5.3,1000,0,51.66858165,-128.1194495,sand,y,350,se,none,none,none_sand,none_sand,100,1.5185799999999992e-156,306,Metazoa,Echinodermata,Asteroidea,Forcipulatida,Asteriidae,Orthasterias,0,0,TRUE,ASV7726,1,Orthasterias koehleri
edna0038,ASV131,motu117,Lensia,Siphonophore,genus,NA,NA,1,1,NA,NA,5,NA,NA,NA,13,Lensia,Siphonophore,2018_wfb_depth,wfb,beach_seine,2018-07-13,2018-07-12,2018,depth,1,edna_wfb_15,depth,biological,10.6,31.55,7.94,NA,NA,NA,5.3,1000,0,51.66850793,-128.1196609,sand,y,350,se,none,none,none_sand,none_sand,100,0.00408744,30,Metazoa,Cnidaria,Cnidaria,Siphonophorae,Diphyidae,Lensia,0,0,TRUE,ASV131,2,NA
edna0038,ASV365,motu31,Centropages abdominalis,Calanoid copepod,species,NA,NA,1,1,NA,NA,24,41,53,NA,NA,Centropages abdominalis,Calanoid copepod,2018_wfb_depth,wfb,beach_seine,2018-07-13,2018-07-12,2018,depth,1,edna_wfb_15,depth,biological,10.6,31.55,7.94,NA,NA,NA,5.3,1000,0,51.66850793,-128.1196609,sand,y,350,se,none,none,none_sand,none_sand,99.68,9.126599999999999e-159,310,Metazoa,Arthropoda,Copepoda,Calanoida,Centropagidae,Centropages,0,0,TRUE,ASV34,19,Centropages abdominalis
edna0038,ASV1175,motu1006,Dodecaceria,Cirratulid polychaete,genus,NA,NA,1,NA,NA,NA,21,NA,NA,NA,NA,Dodecaceria,Cirratulid polychaete,2018_wfb_depth,wfb,beach_seine,2018-07-13,2018-07-12,2018,depth,1,edna_wfb_15,depth,biological,10.6,31.55,7.94,NA,NA,NA,5.3,1000,0,51.66850793,-128.1196609,sand,y,350,se,none,none,none_sand,none_sand,100,2.51921e-159,311,Metazoa,Annelida,Polychaeta,Terebellida,Cirratulidae,Dodecaceria,0,0,TRUE,ASV1175,1,NA
edna0038,ASV1057,motu909,Orobdella,Freshwater leech,genus,NA,NA,1,NA,NA,NA,9,NA,NA,NA,NA,Orobdella,Freshwater leech,2018_wfb_depth,wfb,beach_seine,2018-07-13,2018-07-12,2018,depth,1,edna_wfb_15,depth,biological,10.6,31.55,7.94,NA,NA,NA,5.3,1000,0,51.66850793,-128.1196609,sand,y,350,se,none,none,none_sand,none_sand,97.06,0.0011939,31,Metazoa,Annelida,Annelida,Erpobdelliformes,Orobdellidae,Orobdella,NA,NA,TRUE,ASV1057,1,NA
edna0038,ASV1729,motu1443,Paracalanus,Calanoid copepod,genus,NA,NA,1,1,NA,NA,8,NA,11,NA,NA,Paracalanus,Calanoid copepod,2018_wfb_depth,wfb,beach_seine,2018-07-13,2018-07-12,2018,depth,1,edna_wfb_15,depth,biological,10.6,31.55,7.94,NA,NA,NA,5.3,1000,0,51.66850793,-128.1196609,sand,y,350,se,none,none,none_sand,none_sand,99.01,2.4714899999999987e-149,293,Metazoa,Arthropoda,Arthropoda,Calanoida,Paracalanidae,Paracalanus,0,0,TRUE,ASV1729,2,NA
edna0038,ASV1870,motu1556,Dodecaceria,Cirratulid polychaete,genus,NA,NA,1,NA,NA,NA,9,NA,NA,NA,NA,Dodecaceria,Cirratulid polychaete,2018_wfb_depth,wfb,beach_seine,2018-07-13,2018-07-12,2018,depth,1,edna_wfb_15,depth,biological,10.6,31.55,7.94,NA,NA,NA,5.3,1000,0,51.66850793,-128.1196609,sand,y,350,se,none,none,none_sand,none_sand,100,1.96163e-160,313,Metazoa,Annelida,Polychaeta,Terebellida,Cirratulidae,Dodecaceria,0,0,TRUE,ASV1870,5,NA
edna0038,ASV4465,motu3477,Halosydna brevisetosa,Shortscaled worm,species,NA,NA,1,1,NA,NA,24,NA,NA,NA,27,Halosydna brevisetosa,Shortscaled worm,2018_wfb_depth,wfb,beach_seine,2018-07-13,2018-07-12,2018,depth,1,edna_wfb_15,depth,biological,10.6,31.55,7.94,NA,NA,NA,5.3,1000,0,51.66850793,-128.1196609,sand,y,350,se,none,none,none_sand,none_sand,99.35,7.002779999999996e-155,303,Metazoa,Annelida,Polychaeta,Phyllodocida,Polynoidae,Halosydna,0,0,TRUE,ASV4465,1,Halosydna brevisetosa
edna0038,ASV4586,motu3563,Stiliger fuscovittatus,Sap-sucking sea slug,species,NA,NA,1,1,NA,NA,15,16,16,NA,NA,Stiliger fuscovittatus,Sap-sucking sea slug,2018_wfb_depth,wfb,beach_seine,2018-07-13,2018-07-12,2018,depth,1,edna_wfb_15,depth,biological,10.6,31.55,7.94,NA,NA,NA,5.3,1000,0,51.66850793,-128.1196609,sand,y,350,se,none,none,none_sand,none_sand,98.71,1.51583e-151,297,Metazoa,Mollusca,Gastropoda,NA,Limapontiidae,Stiliger,0,0,TRUE,ASV4586,1,Stiliger fuscovittatus
edna0039,ASV226,motu199,Mytilus trossulus,Bay mussel,species,NA,NA,1,NA,NA,NA,6,NA,NA,NA,NA,Mytilus trossulus,Bay mussel,2018_wfb_surface,wfb,beach_seine,2018-07-13,2018-07-12,2018,surface,2,edna_wfb_30,surface,biological,12.4,31.02,7.95,NA,NA,NA,5.3,1000,0,51.66843974,-128.1199132,sand,y,350,se,none,none,none_sand,none_sand,100,3.2351099999999996e-158,309,Metazoa,Mollusca,Mollusca,Mytilida,Mytilidae,Mytilus,0,0,TRUE,ASV226,18,Mytilus trossulus
edna0039,ASV118,motu105,Mesocentrotus franciscanus,Red sea urchin,species,NA,NA,1,1,NA,NA,4,11,NA,NA,NA,Mesocentrotus franciscanus,Red sea urchin,2018_wfb_surface,wfb,beach_seine,2018-07-13,2018-07-12,2018,surface,2,edna_wfb_30,surface,biological,12.4,31.02,7.95,NA,NA,NA,5.3,1000,0,51.66843974,-128.1199132,sand,y,350,se,none,none,none_sand,none_sand,100,2.51921e-159,311,Metazoa,Echinodermata,Echinoidea,Camarodonta,Strongylocentrotidae,Mesocentrotus,0,0,TRUE,ASV118,8,Mesocentrotus franciscanus
edna0039,ASV6927,motu1556,Dodecaceria,Cirratulid polychaete,genus,NA,NA,1,NA,NA,NA,11,NA,NA,NA,NA,Dodecaceria,Cirratulid polychaete,2018_wfb_surface,wfb,beach_seine,2018-07-13,2018-07-12,2018,surface,2,edna_wfb_30,surface,biological,12.4,31.02,7.95,NA,NA,NA,5.3,1000,0,51.66843974,-128.1199132,sand,y,350,se,none,none,none_sand,none_sand,100,2.569939999999999e-159,311,Metazoa,Annelida,Polychaeta,Terebellida,Cirratulidae,Dodecaceria,0,0,TRUE,ASV1870,5,NA
edna0039,ASV5053,motu3894,Cicadellidae,Hexapod,family,NA,NA,1,NA,NA,NA,2,NA,NA,NA,NA,Cicadellidae,Hexapod,2018_wfb_surface,wfb,beach_seine,2018-07-13,2018-07-12,2018,surface,2,edna_wfb_30,surface,biological,12.4,31.02,7.95,NA,NA,NA,5.3,1000,0,51.66843974,-128.1199132,sand,y,350,se,none,none,none_sand,none_sand,91.67,1.83561e-26,72,Metazoa,Arthropoda,Arthropoda,Hemiptera,Cicadellidae,NA,NA,NA,TRUE,ASV5053,1,NA
edna0040,ASV118,motu105,Mesocentrotus franciscanus,Red sea urchin,species,NA,NA,1,1,NA,NA,4,NA,8,NA,7,Mesocentrotus franciscanus,Red sea urchin,2018_wfb_depth,wfb,beach_seine,2018-07-13,2018-07-12,2018,depth,2,edna_wfb_00,depth,biological,10.6,31.55,7.96,NA,NA,NA,5.3,1000,0,51.66858165,-128.1194495,sand,y,350,se,none,none,none_sand,none_sand,100,2.51921e-159,311,Metazoa,Echinodermata,Echinoidea,Camarodonta,Strongylocentrotidae,Mesocentrotus,0,0,TRUE,ASV118,8,Mesocentrotus franciscanus
edna0040,ASV989,motu859,Polycirrus,Sphagetti worm,genus,NA,NA,1,1,NA,NA,43,NA,NA,NA,136,Polycirrus,Sphagetti worm,2018_wfb_depth,wfb,beach_seine,2018-07-13,2018-07-12,2018,depth,2,edna_wfb_00,depth,biological,10.6,31.55,7.96,NA,NA,NA,5.3,1000,0,51.66858165,-128.1194495,sand,y,350,se,none,none,none_sand,none_sand,100,2.51921e-159,311,Metazoa,Annelida,Polychaeta,Terebellida,Terebellidae,Polycirrus,0,0,TRUE,ASV989,2,NA
edna0040,ASV1408,motu343,Dodecaceria,Cirratulid polychaete,genus,NA,NA,1,NA,NA,NA,29,NA,NA,NA,NA,Dodecaceria,Cirratulid polychaete,2018_wfb_depth,wfb,beach_seine,2018-07-13,2018-07-12,2018,depth,2,edna_wfb_00,depth,biological,10.6,31.55,7.96,NA,NA,NA,5.3,1000,0,51.66858165,-128.1194495,sand,y,350,se,none,none,none_sand,none_sand,100,7.02982e-160,312,Metazoa,Annelida,Polychaeta,Terebellida,Cirratulidae,Dodecaceria,0,0,TRUE,ASV390,6,NA
edna0040,ASV1599,motu1332,Mytilus californianus,California mussel,species,NA,NA,1,1,NA,NA,7,7,NA,NA,NA,Mytilus californianus,California mussel,2018_wfb_depth,wfb,beach_seine,2018-07-13,2018-07-12,2018,depth,2,edna_wfb_00,depth,biological,10.6,31.55,7.96,NA,NA,NA,5.3,1000,0,51.66858165,-128.1194495,sand,y,350,se,none,none,none_sand,none_sand,100,3.2351099999999996e-158,309,Metazoa,Mollusca,Bivalvia,Mytilida,Mytilidae,Mytilus,0,0,TRUE,ASV1582,5,Mytilus californianus
edna0040,ASV4587,motu316,Hiatella,Clam species,genus,NA,NA,1,1,NA,NA,12,NA,29,NA,NA,Hiatella,Clam species,2018_wfb_depth,wfb,beach_seine,2018-07-13,2018-07-12,2018,depth,2,edna_wfb_00,depth,biological,10.6,31.55,7.96,NA,NA,NA,5.3,1000,0,51.66858165,-128.1194495,sand,y,350,se,none,none,none_sand,none_sand,99.68,4.200199999999998e-157,307,Metazoa,Mollusca,Bivalvia,Adapedonta,Hiatellidae,Hiatella,0,0,TRUE,ASV357,9,NA
edna0040,ASV5063,motu1328,Strongylocentrotus purpuratus,Purple sea urchin,species,NA,NA,1,1,NA,NA,5,5,15,NA,10,Strongylocentrotus purpuratus,Purple sea urchin,2018_wfb_depth,wfb,beach_seine,2018-07-13,2018-07-12,2018,depth,2,edna_wfb_00,depth,biological,10.6,31.55,7.96,NA,NA,NA,5.3,1000,0,51.66858165,-128.1194495,sand,y,350,se,none,none,none_sand,none_sand,99.68,9.126599999999999e-159,310,Metazoa,Echinodermata,Echinoidea,Camarodonta,Strongylocentrotidae,Strongylocentrotus,0,0,TRUE,ASV1576,4,Strongylocentrotus purpuratus
edna0041,ASV795,motu692,Phascolosoma (Phascolosoma) agassizii,Agassiz peanut worm,species,NA,NA,1,NA,NA,NA,9,NA,NA,NA,NA,Phascolosoma (Phascolosoma) agassizii,Agassiz peanut worm,2018_wfb_surface,wfb,beach_seine,2018-07-13,2018-07-12,2018,surface,3,edna_wfb_15,surface,biological,12.1,30.5,7.99,NA,NA,NA,5.3,1000,0,51.66850793,-128.1196609,sand,y,350,se,none,none,none_sand,none_sand,100,1.96163e-160,313,Metazoa,Annelida,NA,Sipuncula,Phascolosomatidae,Phascolosoma,0,0,TRUE,ASV795,3,Phascolosoma (Phascolosoma) agassizii
edna0041,ASV3763,motu1438,Aurelia labiata,Moon jelly species,species,NA,NA,1,NA,NA,NA,11,NA,NA,NA,NA,Aurelia labiata,Moon jelly species,2018_wfb_surface,wfb,beach_seine,2018-07-13,2018-07-12,2018,surface,3,edna_wfb_15,surface,biological,12.1,30.5,7.99,NA,NA,NA,5.3,1000,0,51.66850793,-128.1196609,sand,y,350,se,none,none,none_sand,none_sand,99.68,9.126599999999999e-159,310,Metazoa,Cnidaria,Scyphozoa,Semaeostomeae,Ulmaridae,Aurelia,0,0,TRUE,ASV1722,4,Aurelia labiata
edna0041,ASV5050,motu3892,Bolinopsis microptera,Short-lobed comb jelly,species,NA,NA,1,NA,NA,NA,3,NA,NA,NA,NA,Bolinopsis microptera,Short-lobed comb jelly,2018_wfb_surface,wfb,beach_seine,2018-07-13,2018-07-12,2018,surface,3,edna_wfb_15,surface,biological,12.1,30.5,7.99,NA,NA,NA,5.3,1000,0,51.66850793,-128.1196609,sand,y,350,se,none,none,none_sand,none_sand,100,1.96163e-160,313,Metazoa,Ctenophora,Tentaculata,Lobata,Bolinopsidae,Bolinopsis,0,0,TRUE,ASV5050,1,Bolinopsis microptera
edna0041,ASV7729,motu1332,Mytilus californianus,California mussel,species,NA,NA,1,NA,NA,NA,5,NA,NA,NA,NA,Mytilus californianus,California mussel,2018_wfb_surface,wfb,beach_seine,2018-07-13,2018-07-12,2018,surface,3,edna_wfb_15,surface,biological,12.1,30.5,7.99,NA,NA,NA,5.3,1000,0,51.66850793,-128.1196609,sand,y,350,se,none,none,none_sand,none_sand,99.68,1.53546e-156,306,Metazoa,Mollusca,Bivalvia,Mytilida,Mytilidae,Mytilus,0,0,TRUE,ASV1582,5,Mytilus californianus
edna0041,ASV7859,motu2600,Manania handi,Stalked jellyfish,species,NA,NA,1,NA,NA,NA,4,NA,NA,NA,NA,Manania handi,Stalked jellyfish,2018_wfb_surface,wfb,beach_seine,2018-07-13,2018-07-12,2018,surface,3,edna_wfb_15,surface,biological,12.1,30.5,7.99,NA,NA,NA,5.3,1000,0,51.66850793,-128.1196609,sand,y,350,se,none,none,none_sand,none_sand,99.68,1.53546e-156,306,Metazoa,Cnidaria,Cnidaria,Stauromedusae,Haliclystidae,Manania,0,0,TRUE,ASV3252,2,Manania handi
edna0042,ASV386,motu316,Hiatella,Clam species,genus,NA,NA,1,1,NA,NA,5,19,NA,NA,6,Hiatella,Clam species,2018_wfb_depth,wfb,beach_seine,2018-07-13,2018-07-12,2018,depth,3,edna_wfb_30,depth,biological,10.6,31.64,7.97,NA,NA,NA,5.3,1000,0,51.66843974,-128.1199132,sand,y,350,se,none,none,none_sand,none_sand,100,9.027749999999999e-159,310,Metazoa,Mollusca,Bivalvia,Adapedonta,Hiatellidae,Hiatella,0,0,TRUE,ASV357,9,NA
edna0042,ASV775,motu675,Aequorea,Crystal jelly species,genus,NA,NA,1,NA,NA,NA,4,NA,NA,NA,NA,Aequorea,Crystal jelly species,2018_wfb_depth,wfb,beach_seine,2018-07-13,2018-07-12,2018,depth,3,edna_wfb_30,depth,biological,10.6,31.64,7.97,NA,NA,NA,5.3,1000,0,51.66843974,-128.1199132,sand,y,350,se,none,none,none_sand,none_sand,100,1.4886099999999998e-156,306,Metazoa,Cnidaria,Hydrozoa,Leptothecata,Aequoreidae,Aequorea,0,0,TRUE,ASV775,3,NA
edna0042,ASV989,motu859,Polycirrus,Sphagetti worm,genus,NA,NA,1,1,NA,NA,20,107,74,NA,52,Polycirrus,Sphagetti worm,2018_wfb_depth,wfb,beach_seine,2018-07-13,2018-07-12,2018,depth,3,edna_wfb_30,depth,biological,10.6,31.64,7.97,NA,NA,NA,5.3,1000,0,51.66843974,-128.1199132,sand,y,350,se,none,none,none_sand,none_sand,100,2.51921e-159,311,Metazoa,Annelida,Polychaeta,Terebellida,Terebellidae,Polycirrus,0,0,TRUE,ASV989,2,NA
edna0042,ASV2355,motu859,Polycirrus,Sphagetti worm,genus,NA,NA,1,1,NA,NA,21,147,NA,NA,88,Polycirrus,Sphagetti worm,2018_wfb_depth,wfb,beach_seine,2018-07-13,2018-07-12,2018,depth,3,edna_wfb_30,depth,biological,10.6,31.64,7.97,NA,NA,NA,5.3,1000,0,51.66843974,-128.1199132,sand,y,350,se,none,none,none_sand,none_sand,99.68,1.172079999999999e-157,308,Metazoa,Annelida,Polychaeta,Terebellida,Terebellidae,Polycirrus,0,0,TRUE,ASV989,2,NA
edna0042,ASV6171,motu3021,Humilaria kennerleyi,Kennerleys venus,species,NA,NA,1,NA,NA,NA,8,NA,NA,NA,NA,Humilaria kennerleyi,Kennerleys venus,2018_wfb_depth,wfb,beach_seine,2018-07-13,2018-07-12,2018,depth,3,edna_wfb_30,depth,biological,10.6,31.64,7.97,NA,NA,NA,5.3,1000,0,51.66843974,-128.1199132,sand,y,350,se,none,none,none_sand,none_sand,99.68,1.172079999999999e-157,308,Metazoa,Mollusca,Bivalvia,Venerida,Veneridae,Humilaria,0,0,TRUE,ASV3842,2,Humilaria kennerleyi
edna0042,ASV7318,motu4839,Humilaria kennerleyi,Kennerleys venus,species,NA,NA,1,NA,NA,NA,8,NA,NA,NA,NA,Humilaria kennerleyi,Kennerleys venus,2018_wfb_depth,wfb,beach_seine,2018-07-13,2018-07-12,2018,depth,3,edna_wfb_30,depth,biological,10.6,31.64,7.97,NA,NA,NA,5.3,1000,0,51.66843974,-128.1199132,sand,y,350,se,none,none,none_sand,none_sand,99.68,1.1956799999999999e-157,308,Metazoa,Mollusca,Bivalvia,Venerida,Veneridae,Humilaria,0,0,TRUE,ASV6269,2,Humilaria kennerleyi
edna0042,ASV7319,motu458,Sabellariidae,Feather duster worm,family,NA,NA,1,NA,NA,NA,8,NA,NA,NA,NA,Sabellariidae,Feather duster worm,2018_wfb_depth,wfb,beach_seine,2018-07-13,2018-07-12,2018,depth,3,edna_wfb_30,depth,biological,10.6,31.64,7.97,NA,NA,NA,5.3,1000,0,51.66843974,-128.1199132,sand,y,350,se,none,none,none_sand,none_sand,99.35,7.143779999999995e-155,303,Metazoa,Annelida,Polychaeta,NA,Sabellariidae,NA,0,0,TRUE,ASV521,12,NA
edna0042,ASV5934,motu4562,Xingyurella,Thecate Hydroid,genus,NA,NA,1,NA,NA,NA,2,NA,NA,NA,NA,Xingyurella,Thecate Hydroid,2018_wfb_depth,wfb,beach_seine,2018-07-13,2018-07-12,2018,depth,3,edna_wfb_30,depth,biological,10.6,31.64,7.97,NA,NA,NA,5.3,1000,0,51.66843974,-128.1199132,sand,y,350,se,none,none,none_sand,none_sand,95.13,1.20545e-132,263,Metazoa,Cnidaria,Cnidaria,Leptothecata,Sertularellidae,Xingyurella,0,0,TRUE,ASV5934,1,NA
edna0043,ASV322,motu283,Dodecaceria,Cirratulid polychaete,genus,NA,NA,1,1,NA,NA,34,32,19,NA,NA,Dodecaceria,Cirratulid polychaete,2018_ssp_surface,ssp,beach_seine,2018-07-13,2018-07-12,2018,surface,1,edna_ssp_00,surface,biological,11.3,30.51,8.01,NA,NA,NA,4.7,1000,0,51.67909247,-128.1153275,sand,y,455,se,seagrass,zostera,seagrass_sand,zostera_sand,100,1.96163e-160,313,Metazoa,Annelida,Polychaeta,Terebellida,Cirratulidae,Dodecaceria,0,0,TRUE,ASV322,5,NA
edna0043,ASV386,motu316,Hiatella,Clam species,genus,NA,NA,1,1,NA,NA,11,9,6,NA,NA,Hiatella,Clam species,2018_ssp_surface,ssp,beach_seine,2018-07-13,2018-07-12,2018,surface,1,edna_ssp_00,surface,biological,11.3,30.51,8.01,NA,NA,NA,4.7,1000,0,51.67909247,-128.1153275,sand,y,455,se,seagrass,zostera,seagrass_sand,zostera_sand,100,9.027749999999999e-159,310,Metazoa,Mollusca,Bivalvia,Adapedonta,Hiatellidae,Hiatella,0,0,TRUE,ASV357,9,NA
edna0043,ASV542,motu476,Phascolosoma (Phascolosoma) agassizii,Agassiz peanut worm,species,NA,NA,1,NA,NA,NA,17,NA,NA,NA,NA,Phascolosoma (Phascolosoma) agassizii,Agassiz peanut worm,2018_ssp_surface,ssp,beach_seine,2018-07-13,2018-07-12,2018,surface,1,edna_ssp_00,surface,biological,11.3,30.51,8.01,NA,NA,NA,4.7,1000,0,51.67909247,-128.1153275,sand,y,455,se,seagrass,zostera,seagrass_sand,zostera_sand,100,1.96163e-160,313,Metazoa,Annelida,NA,Sipuncula,Phascolosomatidae,Phascolosoma,0,0,TRUE,ASV542,4,Phascolosoma (Phascolosoma) agassizii
edna0043,ASV1175,motu1006,Dodecaceria,Cirratulid polychaete,genus,NA,NA,1,NA,NA,NA,26,NA,NA,NA,NA,Dodecaceria,Cirratulid polychaete,2018_ssp_surface,ssp,beach_seine,2018-07-13,2018-07-12,2018,surface,1,edna_ssp_00,surface,biological,11.3,30.51,8.01,NA,NA,NA,4.7,1000,0,51.67909247,-128.1153275,sand,y,455,se,seagrass,zostera,seagrass_sand,zostera_sand,100,2.51921e-159,311,Metazoa,Annelida,Polychaeta,Terebellida,Cirratulidae,Dodecaceria,0,0,TRUE,ASV1175,1,NA
edna0043,ASV1293,motu1094,Asteriidae,Sea star,family,NA,NA,1,NA,NA,NA,4,NA,NA,NA,NA,Asteriidae,Sea star,2018_ssp_surface,ssp,beach_seine,2018-07-13,2018-07-12,2018,surface,1,edna_ssp_00,surface,biological,11.3,30.51,8.01,NA,NA,NA,4.7,1000,0,51.67909247,-128.1153275,sand,y,455,se,seagrass,zostera,seagrass_sand,zostera_sand,100,1.96163e-160,313,Metazoa,Echinodermata,Echinodermata,Forcipulatida,Asteriidae,NA,0,0,TRUE,ASV1293,1,NA
edna0043,ASV1870,motu1556,Dodecaceria,Cirratulid polychaete,genus,NA,NA,1,NA,NA,NA,20,NA,NA,NA,NA,Dodecaceria,Cirratulid polychaete,2018_ssp_surface,ssp,beach_seine,2018-07-13,2018-07-12,2018,surface,1,edna_ssp_00,surface,biological,11.3,30.51,8.01,NA,NA,NA,4.7,1000,0,51.67909247,-128.1153275,sand,y,455,se,seagrass,zostera,seagrass_sand,zostera_sand,100,1.96163e-160,313,Metazoa,Annelida,Polychaeta,Terebellida,Cirratulidae,Dodecaceria,0,0,TRUE,ASV1870,5,NA
edna0043,ASV4035,motu3162,Strongylocentrotus purpuratus,Purple sea urchin,species,NA,NA,1,1,NA,NA,29,41,NA,NA,NA,Strongylocentrotus purpuratus,Purple sea urchin,2018_ssp_surface,ssp,beach_seine,2018-07-13,2018-07-12,2018,surface,1,edna_ssp_00,surface,biological,11.3,30.51,8.01,NA,NA,NA,4.7,1000,0,51.67909247,-128.1153275,sand,y,455,se,seagrass,zostera,seagrass_sand,zostera_sand,99.04,1.97556e-155,304,Metazoa,Echinodermata,Echinoidea,Camarodonta,Strongylocentrotidae,Strongylocentrotus,0,0,TRUE,ASV4035,1,Strongylocentrotus purpuratus
edna0043,ASV3707,motu2926,Aglaja ocelligera,Spotted Aglaga,species,NA,NA,1,1,NA,NA,20,24,23,NA,21,Aglaja ocelligera,Spotted Aglaga,2018_ssp_surface,ssp,beach_seine,2018-07-13,2018-07-12,2018,surface,1,edna_ssp_00,surface,biological,11.3,30.51,8.01,NA,NA,NA,4.7,1000,0,51.67909247,-128.1153275,sand,y,455,se,seagrass,zostera,seagrass_sand,zostera_sand,98.08,1.9895899999999988e-150,295,Metazoa,Mollusca,Gastropoda,Cephalaspidea,Aglajidae,Aglaja,0,0,TRUE,ASV3707,1,Aglaja ocelligera
edna0043,ASV3840,motu3019,Aglaja ocelligera,Spotted Aglaga,species,NA,NA,1,1,NA,NA,16,20,24,NA,20,Aglaja ocelligera,Spotted Aglaga,2018_ssp_surface,ssp,beach_seine,2018-07-13,2018-07-12,2018,surface,1,edna_ssp_00,surface,biological,11.3,30.51,8.01,NA,NA,NA,4.7,1000,0,51.67909247,-128.1153275,sand,y,455,se,seagrass,zostera,seagrass_sand,zostera_sand,98.08,1.9895899999999988e-150,295,Metazoa,Mollusca,Gastropoda,Cephalaspidea,Aglajidae,Aglaja,0,0,TRUE,ASV3840,1,Aglaja ocelligera
edna0043,ASV4549,motu3537,Pollicipes polymerus,Gooseneck barnacle,species,NA,NA,1,1,NA,NA,13,9,19,NA,7,Pollicipes polymerus,Gooseneck barnacle,2018_ssp_surface,ssp,beach_seine,2018-07-13,2018-07-12,2018,surface,1,edna_ssp_00,surface,biological,11.3,30.51,8.01,NA,NA,NA,4.7,1000,0,51.67909247,-128.1153275,sand,y,455,se,seagrass,zostera,seagrass_sand,zostera_sand,100,3.2351099999999996e-158,309,Metazoa,Arthropoda,Thecostraca,Pollicipedomorpha,Pollicipedidae,Pollicipes,0,0,TRUE,ASV4549,2,Pollicipes polymerus
edna0044,ASV233,motu74,Euchlanidae,Rotifer,family,NA,NA,1,NA,NA,NA,37,NA,NA,NA,NA,No Results,No Results,2018_ssp_depth,ssp,beach_seine,2018-07-13,2018-07-12,2018,depth,1,edna_ssp_15,depth,biological,10.8,31.46,8.02,NA,NA,NA,4.7,1000,0,51.67894579,-128.115172,sand,y,455,se,seagrass,zostera,seagrass_sand,zostera_sand,91.35,3.005919999999998e-29,77,Metazoa,Rotifera,Rotifera,Ploima,Euchlanidae,NA,1,NA,TRUE,ASV84,2,NA
edna0044,ASV357,motu316,Hiatella,Clam species,genus,NA,NA,1,1,NA,NA,17,20,24,NA,18,Hiatella,Clam species,2018_ssp_depth,ssp,beach_seine,2018-07-13,2018-07-12,2018,depth,1,edna_ssp_15,depth,biological,10.8,31.46,8.02,NA,NA,NA,4.7,1000,0,51.67894579,-128.115172,sand,y,455,se,seagrass,zostera,seagrass_sand,zostera_sand,100,9.027749999999999e-159,310,Metazoa,Mollusca,Bivalvia,Adapedonta,Hiatellidae,Hiatella,0,0,TRUE,ASV357,9,NA
edna0044,ASV699,motu609,Hiatella,Clam species,genus,NA,NA,1,1,NA,NA,20,16,NA,NA,NA,Hiatella,Clam species,2018_ssp_depth,ssp,beach_seine,2018-07-13,2018-07-12,2018,depth,1,edna_ssp_15,depth,biological,10.8,31.46,8.02,NA,NA,NA,4.7,1000,0,51.67894579,-128.115172,sand,y,455,se,seagrass,zostera,seagrass_sand,zostera_sand,100,9.027749999999999e-159,310,Metazoa,Mollusca,Bivalvia,Adapedonta,Hiatellidae,Hiatella,0,0,TRUE,ASV699,4,NA
edna0044,ASV377,motu334,Synchaeta pectinata,Rotifer,species,NA,NA,1,NA,NA,NA,2,NA,NA,NA,NA,Synchaeta pectinata,Rotifer,2018_ssp_depth,ssp,beach_seine,2018-07-13,2018-07-12,2018,depth,1,edna_ssp_15,depth,biological,10.8,31.46,8.02,NA,NA,NA,4.7,1000,0,51.67894579,-128.115172,sand,y,455,se,seagrass,zostera,seagrass_sand,zostera_sand,90.48,1.6452299999999999e-111,225,Metazoa,Rotifera,Eurotatoria,Ploima,Synchaetidae,Synchaeta,0,0,TRUE,ASV377,5,Synchaeta pectinata
edna0044,ASV498,motu441,Clytia gregaria,Gregarious jellyfish,species,NA,NA,1,NA,NA,NA,3,NA,NA,NA,NA,Clytia gregaria,Gregarious jellyfish,2018_ssp_depth,ssp,beach_seine,2018-07-13,2018-07-12,2018,depth,1,edna_ssp_15,depth,biological,10.8,31.46,8.02,NA,NA,NA,4.7,1000,0,51.67894579,-128.115172,sand,y,455,se,seagrass,zostera,seagrass_sand,zostera_sand,99.68,9.126599999999999e-159,310,Metazoa,Cnidaria,Hydrozoa,Leptothecata,Campanulariidae,Clytia,0,0,TRUE,ASV498,2,Clytia gregaria
edna0044,ASV1175,motu1006,Dodecaceria,Cirratulid polychaete,genus,NA,NA,1,1,NA,NA,78,NA,99,NA,NA,Dodecaceria,Cirratulid polychaete,2018_ssp_depth,ssp,beach_seine,2018-07-13,2018-07-12,2018,depth,1,edna_ssp_15,depth,biological,10.8,31.46,8.02,NA,NA,NA,4.7,1000,0,51.67894579,-128.115172,sand,y,455,se,seagrass,zostera,seagrass_sand,zostera_sand,100,2.51921e-159,311,Metazoa,Annelida,Polychaeta,Terebellida,Cirratulidae,Dodecaceria,0,0,TRUE,ASV1175,1,NA
edna0044,ASV775,motu675,Aequorea,Crystal jelly species,genus,NA,NA,1,NA,NA,NA,3,NA,NA,NA,NA,Aequorea,Crystal jelly species,2018_ssp_depth,ssp,beach_seine,2018-07-13,2018-07-12,2018,depth,1,edna_ssp_15,depth,biological,10.8,31.46,8.02,NA,NA,NA,4.7,1000,0,51.67894579,-128.115172,sand,y,455,se,seagrass,zostera,seagrass_sand,zostera_sand,100,1.4886099999999998e-156,306,Metazoa,Cnidaria,Hydrozoa,Leptothecata,Aequoreidae,Aequorea,0,0,TRUE,ASV775,3,NA
edna0044,ASV1337,motu1130,Dodecaceria,Cirratulid polychaete,genus,NA,NA,1,1,NA,NA,80,NA,120,NA,90,Dodecaceria,Cirratulid polychaete,2018_ssp_depth,ssp,beach_seine,2018-07-13,2018-07-12,2018,depth,1,edna_ssp_15,depth,biological,10.8,31.46,8.02,NA,NA,NA,4.7,1000,0,51.67894579,-128.115172,sand,y,455,se,seagrass,zostera,seagrass_sand,zostera_sand,100,2.51921e-159,311,Metazoa,Annelida,Polychaeta,Terebellida,Cirratulidae,Dodecaceria,0,0,TRUE,ASV1337,1,NA
edna0044,ASV1152,motu987,Halosydna brevisetosa,Shortscaled worm,species,NA,NA,1,1,NA,NA,97,86,NA,NA,NA,Halosydna brevisetosa,Shortscaled worm,2018_ssp_depth,ssp,beach_seine,2018-07-13,2018-07-12,2018,depth,1,edna_ssp_15,depth,biological,10.8,31.46,8.02,NA,NA,NA,4.7,1000,0,51.67894579,-128.115172,sand,y,455,se,seagrass,zostera,seagrass_sand,zostera_sand,100,3.2351099999999996e-158,309,Metazoa,Annelida,Polychaeta,Phyllodocida,Polynoidae,Halosydna,0,0,TRUE,ASV1152,1,Halosydna brevisetosa
edna0044,ASV1293,motu1094,Asteriidae,Sea star,family,NA,NA,1,NA,NA,NA,2,NA,NA,NA,NA,Asteriidae,Sea star,2018_ssp_depth,ssp,beach_seine,2018-07-13,2018-07-12,2018,depth,1,edna_ssp_15,depth,biological,10.8,31.46,8.02,NA,NA,NA,4.7,1000,0,51.67894579,-128.115172,sand,y,455,se,seagrass,zostera,seagrass_sand,zostera_sand,100,1.96163e-160,313,Metazoa,Echinodermata,Echinodermata,Forcipulatida,Asteriidae,NA,0,0,TRUE,ASV1293,1,NA
edna0044,ASV3177,motu2543,Polycirrus,Sphagetti worm,genus,NA,NA,1,NA,NA,NA,32,NA,NA,NA,NA,Polycirrus,Sphagetti worm,2018_ssp_depth,ssp,beach_seine,2018-07-13,2018-07-12,2018,depth,1,edna_ssp_15,depth,biological,10.8,31.46,8.02,NA,NA,NA,4.7,1000,0,51.67894579,-128.115172,sand,y,455,se,seagrass,zostera,seagrass_sand,zostera_sand,100,3.2351099999999996e-158,309,Metazoa,Annelida,Polychaeta,Terebellida,Terebellidae,Polycirrus,0,0,TRUE,ASV3177,1,NA
edna0044,ASV3330,motu2655,Membraniporidae,Bryozoan,family,NA,NA,1,NA,NA,NA,6,NA,NA,NA,NA,Membraniporidae,Bryozoan,2018_ssp_depth,ssp,beach_seine,2018-07-13,2018-07-12,2018,depth,1,edna_ssp_15,depth,biological,10.8,31.46,8.02,NA,NA,NA,4.7,1000,0,51.67894579,-128.115172,sand,y,455,se,seagrass,zostera,seagrass_sand,zostera_sand,90.87,7.84204e-75,159,Metazoa,Bryozoa,Bryozoa,Cheilostomatida,Membraniporidae,NA,0,0,TRUE,ASV3330,1,NA
edna0044,ASV2881,motu2328,Coleoptera,Hexapod,order,NA,NA,1,NA,NA,NA,3,NA,NA,NA,NA,Coleoptera,Hexapod,2018_ssp_depth,ssp,beach_seine,2018-07-13,2018-07-12,2018,depth,1,edna_ssp_15,depth,biological,10.8,31.46,8.02,NA,NA,NA,4.7,1000,0,51.67894579,-128.115172,sand,y,455,se,seagrass,zostera,seagrass_sand,zostera_sand,100,0.00110774,31,Metazoa,Arthropoda,Arthropoda,Coleoptera,NA,NA,NA,NA,TRUE,ASV2881,1,NA
edna0045,ASV280,motu190,Mytilus,Mussel species,genus,NA,NA,1,1,NA,NA,20,81,NA,NA,NA,Mytilus trossulus,Bay mussel,2018_ssp_surface,ssp,beach_seine,2018-07-13,2018-07-12,2018,surface,2,edna_ssp_30,surface,biological,11.5,30.62,8.03,NA,NA,NA,4.5,1000,0,51.67882714,-128.114958,sand,y,455,se,seagrass,zostera,seagrass_sand,zostera_sand,100,3.2351099999999996e-158,309,Metazoa,Mollusca,Mollusca,Mytilida,Mytilidae,Mytilus,0,0,TRUE,ASV216,23,NA
edna0045,ASV750,motu654,Orobdella,Freshwater leech,genus,NA,NA,1,NA,NA,NA,5,NA,NA,NA,NA,Orobdella,Freshwater leech,2018_ssp_surface,ssp,beach_seine,2018-07-13,2018-07-12,2018,surface,2,edna_ssp_30,surface,biological,11.5,30.62,8.03,NA,NA,NA,4.5,1000,0,51.67882714,-128.114958,sand,y,455,se,seagrass,zostera,seagrass_sand,zostera_sand,97.06,0.00121031,31,Metazoa,Annelida,Annelida,Erpobdelliformes,Orobdellidae,Orobdella,NA,NA,TRUE,ASV750,1,NA
edna0045,ASV713,motu350,Synchaeta pectinata,Rotifer,species,NA,NA,1,NA,NA,NA,4,NA,NA,NA,NA,Synchaeta pectinata,Rotifer,2018_ssp_surface,ssp,beach_seine,2018-07-13,2018-07-12,2018,surface,2,edna_ssp_30,surface,biological,11.5,30.62,8.03,NA,NA,NA,4.5,1000,0,51.67882714,-128.114958,sand,y,455,se,seagrass,zostera,seagrass_sand,zostera_sand,90.79,3.5361899999999996e-113,228,Metazoa,Rotifera,Eurotatoria,Ploima,Synchaetidae,Synchaeta,0,0,TRUE,ASV398,4,Synchaeta pectinata
edna0045,ASV613,motu536,Sabellariidae,Feather duster worm,family,NA,NA,1,1,NA,NA,22,NA,54,NA,NA,Sabellariidae,Feather duster worm,2018_ssp_surface,ssp,beach_seine,2018-07-13,2018-07-12,2018,surface,2,edna_ssp_30,surface,biological,11.5,30.62,8.03,NA,NA,NA,4.5,1000,0,51.67882714,-128.114958,sand,y,455,se,seagrass,zostera,seagrass_sand,zostera_sand,99.68,1.5051499999999994e-156,306,Metazoa,Annelida,Polychaeta,NA,Sabellariidae,NA,0,0,TRUE,ASV613,7,NA
edna0045,ASV5168,motu3976,Pseudocalanus mimus,Calanoid copepod,species,NA,NA,1,NA,NA,NA,33,NA,NA,NA,NA,Pseudocalanus mimus,Calanoid copepod,2018_ssp_surface,ssp,beach_seine,2018-07-13,2018-07-12,2018,surface,2,edna_ssp_30,surface,biological,11.5,30.62,8.03,NA,NA,NA,4.5,1000,0,51.67882714,-128.114958,sand,y,455,se,seagrass,zostera,seagrass_sand,zostera_sand,99.01,1.9895899999999988e-150,295,Metazoa,Arthropoda,Copepoda,Calanoida,Clausocalanidae,Pseudocalanus,0,0,TRUE,ASV5168,1,Pseudocalanus mimus
edna0045,ASV5210,motu3165,Membranipora membranacea,Coffin box bryozoan,species,NA,NA,1,NA,NA,NA,12,NA,NA,NA,NA,Membranipora membranacea,Coffin box bryozoan,2018_ssp_surface,ssp,beach_seine,2018-07-13,2018-07-12,2018,surface,2,edna_ssp_30,surface,biological,11.5,30.62,8.03,NA,NA,NA,4.5,1000,0,51.67882714,-128.114958,sand,y,455,se,seagrass,zostera,seagrass_sand,zostera_sand,100,2.0106499999999996e-140,277,Metazoa,Bryozoa,Gymnolaemata,Cheilostomatida,Membraniporidae,Membranipora,0,0,TRUE,ASV4038,4,Membranipora membranacea
edna0045,ASV4121,motu3233,Membranipora membranacea,Coffin box bryozoan,species,NA,NA,1,1,NA,NA,10,24,NA,NA,NA,Membranipora membranacea,Coffin box bryozoan,2018_ssp_surface,ssp,beach_seine,2018-07-13,2018-07-12,2018,surface,2,edna_ssp_30,surface,biological,11.5,30.62,8.03,NA,NA,NA,4.5,1000,0,51.67882714,-128.114958,sand,y,455,se,seagrass,zostera,seagrass_sand,zostera_sand,100,2.0106499999999996e-140,277,Metazoa,Bryozoa,Gymnolaemata,Cheilostomatida,Membraniporidae,Membranipora,0,0,TRUE,ASV4121,4,Membranipora membranacea
edna0045,ASV6171,motu3021,Humilaria kennerleyi,Kennerleys venus,species,NA,NA,1,NA,NA,NA,10,NA,NA,NA,NA,Humilaria kennerleyi,Kennerleys venus,2018_ssp_surface,ssp,beach_seine,2018-07-13,2018-07-12,2018,surface,2,edna_ssp_30,surface,biological,11.5,30.62,8.03,NA,NA,NA,4.5,1000,0,51.67882714,-128.114958,sand,y,455,se,seagrass,zostera,seagrass_sand,zostera_sand,99.68,1.172079999999999e-157,308,Metazoa,Mollusca,Bivalvia,Venerida,Veneridae,Humilaria,0,0,TRUE,ASV3842,2,Humilaria kennerleyi
edna0046,ASV1175,motu1006,Dodecaceria,Cirratulid polychaete,genus,NA,NA,1,1,NA,NA,119,NA,90,NA,122,Dodecaceria,Cirratulid polychaete,2018_ssp_depth,ssp,beach_seine,2018-07-13,2018-07-12,2018,depth,2,edna_ssp_00,depth,biological,10.8,31.21,8.01,NA,NA,NA,4.3,1000,0,51.67909247,-128.1153275,sand,y,455,se,seagrass,zostera,seagrass_sand,zostera_sand,100,2.51921e-159,311,Metazoa,Annelida,Polychaeta,Terebellida,Cirratulidae,Dodecaceria,0,0,TRUE,ASV1175,1,NA
edna0046,ASV634,motu517,Balanus,Barnacle species,genus,NA,NA,1,NA,NA,NA,5,NA,NA,NA,NA,Balanus,Barnacle species,2018_ssp_depth,ssp,beach_seine,2018-07-13,2018-07-12,2018,depth,2,edna_ssp_00,depth,biological,10.8,31.21,8.01,NA,NA,NA,4.3,1000,0,51.67909247,-128.1153275,sand,y,455,se,seagrass,zostera,seagrass_sand,zostera_sand,100,1.4886099999999998e-156,306,Metazoa,Arthropoda,Arthropoda,Balanomorpha,Balanidae,Balanus,0,0,TRUE,ASV587,10,NA
edna0046,ASV1021,motu883,Balanus nubilus,Giant acorn barnacle,species,NA,NA,1,1,NA,NA,24,45,37,NA,36,Balanus nubilus,Giant acorn barnacle,2018_ssp_depth,ssp,beach_seine,2018-07-13,2018-07-12,2018,depth,2,edna_ssp_00,depth,biological,10.8,31.21,8.01,NA,NA,NA,4.3,1000,0,51.67909247,-128.1153275,sand,y,455,se,seagrass,zostera,seagrass_sand,zostera_sand,99.68,1.5051499999999994e-156,306,Metazoa,Arthropoda,Thecostraca,Balanomorpha,Balanidae,Balanus,0,0,TRUE,ASV1021,4,Balanus nubilus
edna0046,ASV1319,motu1116,Clytia gregaria,Gregarious jellyfish,species,NA,NA,1,NA,NA,NA,2,NA,NA,NA,NA,Clytia gregaria,Gregarious jellyfish,2018_ssp_depth,ssp,beach_seine,2018-07-13,2018-07-12,2018,depth,2,edna_ssp_00,depth,biological,10.8,31.21,8.01,NA,NA,NA,4.3,1000,0,51.67909247,-128.1153275,sand,y,455,se,seagrass,zostera,seagrass_sand,zostera_sand,99.67,6.925819999999995e-155,303,Metazoa,Cnidaria,Hydrozoa,Leptothecata,Campanulariidae,Clytia,0,0,TRUE,ASV1319,3,Clytia gregaria
edna0046,ASV753,motu492,Eupolymnia heterobranchia,Brown intertidal spaghetti worm,species,NA,NA,1,NA,NA,NA,12,NA,NA,NA,NA,Eupolymnia heterobranchia,Brown intertidal spaghetti worm,2018_ssp_depth,ssp,beach_seine,2018-07-13,2018-07-12,2018,depth,2,edna_ssp_00,depth,biological,10.8,31.21,8.01,NA,NA,NA,4.3,1000,0,51.67909247,-128.1153275,sand,y,455,se,seagrass,zostera,seagrass_sand,zostera_sand,100,1.4886099999999998e-156,306,Metazoa,Annelida,Polychaeta,Terebellida,Terebellidae,Eupolymnia,0,0,TRUE,ASV559,3,Eupolymnia heterobranchia
edna0046,ASV4694,motu976,Metridia pacifica,Calanoid copepod,species,NA,NA,1,NA,NA,NA,7,NA,NA,NA,NA,Metridia pacifica,Calanoid copepod,2018_ssp_depth,ssp,beach_seine,2018-07-13,2018-07-12,2018,depth,2,edna_ssp_00,depth,biological,10.8,31.21,8.01,NA,NA,NA,4.3,1000,0,51.67909247,-128.1153275,sand,y,455,se,seagrass,zostera,seagrass_sand,zostera_sand,100,7.02982e-160,312,Metazoa,Arthropoda,Copepoda,Calanoida,Metridinidae,Metridia,0,0,TRUE,ASV1137,4,Metridia pacifica
edna0046,ASV2852,motu2305,Coleoptera,Hexapod,order,NA,NA,1,1,NA,NA,3,NA,9,NA,NA,Coleoptera,Hexapod,2018_ssp_depth,ssp,beach_seine,2018-07-13,2018-07-12,2018,depth,2,edna_ssp_00,depth,biological,10.8,31.21,8.01,NA,NA,NA,4.3,1000,0,51.67909247,-128.1153275,sand,y,455,se,seagrass,zostera,seagrass_sand,zostera_sand,100,0.00110774,31,Metazoa,Arthropoda,Arthropoda,Coleoptera,NA,NA,NA,NA,TRUE,ASV2852,1,NA
edna0046,ASV1893,motu1556,Dodecaceria,Cirratulid polychaete,genus,NA,NA,1,NA,NA,NA,18,NA,NA,NA,NA,Dodecaceria,Cirratulid polychaete,2018_ssp_depth,ssp,beach_seine,2018-07-13,2018-07-12,2018,depth,2,edna_ssp_00,depth,biological,10.8,31.21,8.01,NA,NA,NA,4.3,1000,0,51.67909247,-128.1153275,sand,y,455,se,seagrass,zostera,seagrass_sand,zostera_sand,100,7.02982e-160,312,Metazoa,Annelida,Polychaeta,Terebellida,Cirratulidae,Dodecaceria,0,0,TRUE,ASV1870,5,NA
edna0047,ASV270,motu199,Mytilus,Mussel species,genus,NA,NA,1,1,NA,NA,17,26,44,NA,49,Mytilus trossulus,Bay mussel,2018_ssp_surface,ssp,beach_seine,2018-07-13,2018-07-12,2018,surface,3,edna_ssp_15,surface,biological,11,31,8.01,NA,NA,NA,4.3,1000,0,51.67894579,-128.115172,sand,y,455,se,seagrass,zostera,seagrass_sand,zostera_sand,100,3.2351099999999996e-158,309,Metazoa,Mollusca,Mollusca,Mytilida,Mytilidae,Mytilus,0,0,TRUE,ASV226,18,NA
edna0047,ASV357,motu316,Hiatella,Clam species,genus,NA,NA,1,1,NA,NA,13,22,29,NA,17,Hiatella,Clam species,2018_ssp_surface,ssp,beach_seine,2018-07-13,2018-07-12,2018,surface,3,edna_ssp_15,surface,biological,11,31,8.01,NA,NA,NA,4.3,1000,0,51.67894579,-128.115172,sand,y,455,se,seagrass,zostera,seagrass_sand,zostera_sand,100,9.027749999999999e-159,310,Metazoa,Mollusca,Bivalvia,Adapedonta,Hiatellidae,Hiatella,0,0,TRUE,ASV357,9,NA
edna0047,ASV699,motu609,Hiatella,Clam species,genus,NA,NA,1,1,NA,NA,11,NA,NA,NA,17,Hiatella,Clam species,2018_ssp_surface,ssp,beach_seine,2018-07-13,2018-07-12,2018,surface,3,edna_ssp_15,surface,biological,11,31,8.01,NA,NA,NA,4.3,1000,0,51.67894579,-128.115172,sand,y,455,se,seagrass,zostera,seagrass_sand,zostera_sand,100,9.027749999999999e-159,310,Metazoa,Mollusca,Bivalvia,Adapedonta,Hiatellidae,Hiatella,0,0,TRUE,ASV699,4,NA
edna0047,ASV750,motu654,Orobdella,Freshwater leech,genus,NA,NA,1,1,NA,NA,3,NA,3,NA,NA,Orobdella,Freshwater leech,2018_ssp_surface,ssp,beach_seine,2018-07-13,2018-07-12,2018,surface,3,edna_ssp_15,surface,biological,11,31,8.01,NA,NA,NA,4.3,1000,0,51.67894579,-128.115172,sand,y,455,se,seagrass,zostera,seagrass_sand,zostera_sand,97.06,0.00121031,31,Metazoa,Annelida,Annelida,Erpobdelliformes,Orobdellidae,Orobdella,NA,NA,TRUE,ASV750,1,NA
edna0047,ASV1501,motu1268,Dodecaceria,Cirratulid polychaete,genus,NA,NA,1,1,NA,NA,75,NA,144,NA,NA,Dodecaceria,Cirratulid polychaete,2018_ssp_surface,ssp,beach_seine,2018-07-13,2018-07-12,2018,surface,3,edna_ssp_15,surface,biological,11,31,8.01,NA,NA,NA,4.3,1000,0,51.67894579,-128.115172,sand,y,455,se,seagrass,zostera,seagrass_sand,zostera_sand,100,2.51921e-159,311,Metazoa,Annelida,Polychaeta,Terebellida,Cirratulidae,Dodecaceria,0,0,TRUE,ASV1501,1,NA
edna0047,ASV5011,motu334,Synchaeta pectinata,Rotifer,species,NA,NA,1,1,NA,NA,10,9,17,NA,NA,Synchaeta pectinata,Rotifer,2018_ssp_surface,ssp,beach_seine,2018-07-13,2018-07-12,2018,surface,3,edna_ssp_15,surface,biological,11,31,8.01,NA,NA,NA,4.3,1000,0,51.67894579,-128.115172,sand,y,455,se,seagrass,zostera,seagrass_sand,zostera_sand,90.48,1.6452299999999999e-111,225,Metazoa,Rotifera,Eurotatoria,Ploima,Synchaetidae,Synchaeta,0,0,TRUE,ASV377,5,Synchaeta pectinata
edna0048,ASV131,motu117,Lensia,Siphonophore,genus,NA,NA,1,NA,NA,NA,4,NA,NA,NA,NA,Lensia,Siphonophore,2018_ssp_depth,ssp,beach_seine,2018-07-13,2018-07-12,2018,depth,3,edna_ssp_30,depth,biological,10.8,31.42,8.01,NA,NA,NA,4.3,1000,0,51.67882714,-128.114958,sand,y,455,se,seagrass,zostera,seagrass_sand,zostera_sand,100,0.00408744,30,Metazoa,Cnidaria,Cnidaria,Siphonophorae,Diphyidae,Lensia,0,0,TRUE,ASV131,2,NA
edna0048,ASV770,motu609,Hiatella,Clam species,genus,NA,NA,1,1,NA,NA,16,11,NA,NA,NA,Hiatella,Clam species,2018_ssp_depth,ssp,beach_seine,2018-07-13,2018-07-12,2018,depth,3,edna_ssp_30,depth,biological,10.8,31.42,8.01,NA,NA,NA,4.3,1000,0,51.67882714,-128.114958,sand,y,455,se,seagrass,zostera,seagrass_sand,zostera_sand,100,9.027749999999999e-159,310,Metazoa,Mollusca,Bivalvia,Adapedonta,Hiatellidae,Hiatella,0,0,TRUE,ASV699,4,NA
edna0048,ASV386,motu316,Hiatella,Clam species,genus,NA,NA,1,1,NA,NA,27,24,16,NA,29,Hiatella,Clam species,2018_ssp_depth,ssp,beach_seine,2018-07-13,2018-07-12,2018,depth,3,edna_ssp_30,depth,biological,10.8,31.42,8.01,NA,NA,NA,4.3,1000,0,51.67882714,-128.114958,sand,y,455,se,seagrass,zostera,seagrass_sand,zostera_sand,100,9.027749999999999e-159,310,Metazoa,Mollusca,Bivalvia,Adapedonta,Hiatellidae,Hiatella,0,0,TRUE,ASV357,9,NA
edna0048,ASV118,motu105,Mesocentrotus franciscanus,Red sea urchin,species,NA,NA,1,NA,NA,NA,12,NA,NA,NA,NA,Mesocentrotus franciscanus,Red sea urchin,2018_ssp_depth,ssp,beach_seine,2018-07-13,2018-07-12,2018,depth,3,edna_ssp_30,depth,biological,10.8,31.42,8.01,NA,NA,NA,4.3,1000,0,51.67882714,-128.114958,sand,y,455,se,seagrass,zostera,seagrass_sand,zostera_sand,100,2.51921e-159,311,Metazoa,Echinodermata,Echinoidea,Camarodonta,Strongylocentrotidae,Mesocentrotus,0,0,TRUE,ASV118,8,Mesocentrotus franciscanus
edna0048,ASV542,motu476,Phascolosoma (Phascolosoma) agassizii,Agassiz peanut worm,species,NA,NA,1,1,NA,NA,18,NA,20,NA,52,Phascolosoma (Phascolosoma) agassizii,Agassiz peanut worm,2018_ssp_depth,ssp,beach_seine,2018-07-13,2018-07-12,2018,depth,3,edna_ssp_30,depth,biological,10.8,31.42,8.01,NA,NA,NA,4.3,1000,0,51.67882714,-128.114958,sand,y,455,se,seagrass,zostera,seagrass_sand,zostera_sand,100,1.96163e-160,313,Metazoa,Annelida,NA,Sipuncula,Phascolosomatidae,Phascolosoma,0,0,TRUE,ASV542,4,Phascolosoma (Phascolosoma) agassizii
edna0048,ASV1057,motu909,Orobdella,Freshwater leech,genus,NA,NA,1,NA,NA,NA,14,NA,NA,NA,NA,Orobdella,Freshwater leech,2018_ssp_depth,ssp,beach_seine,2018-07-13,2018-07-12,2018,depth,3,edna_ssp_30,depth,biological,10.8,31.42,8.01,NA,NA,NA,4.3,1000,0,51.67882714,-128.114958,sand,y,455,se,seagrass,zostera,seagrass_sand,zostera_sand,97.06,0.0011939,31,Metazoa,Annelida,Annelida,Erpobdelliformes,Orobdellidae,Orobdella,NA,NA,TRUE,ASV1057,1,NA
edna0048,ASV989,motu859,Polycirrus,Sphagetti worm,genus,NA,NA,1,NA,NA,NA,4,NA,NA,NA,NA,Polycirrus,Sphagetti worm,2018_ssp_depth,ssp,beach_seine,2018-07-13,2018-07-12,2018,depth,3,edna_ssp_30,depth,biological,10.8,31.42,8.01,NA,NA,NA,4.3,1000,0,51.67882714,-128.114958,sand,y,455,se,seagrass,zostera,seagrass_sand,zostera_sand,100,2.51921e-159,311,Metazoa,Annelida,Polychaeta,Terebellida,Terebellidae,Polycirrus,0,0,TRUE,ASV989,2,NA
edna0048,ASV1441,motu1218,Halosydna brevisetosa,Shortscaled worm,species,NA,NA,1,1,NA,NA,80,NA,NA,NA,254,Halosydna brevisetosa,Shortscaled worm,2018_ssp_depth,ssp,beach_seine,2018-07-13,2018-07-12,2018,depth,3,edna_ssp_30,depth,biological,10.8,31.42,8.01,NA,NA,NA,4.3,1000,0,51.67882714,-128.114958,sand,y,455,se,seagrass,zostera,seagrass_sand,zostera_sand,100,2.51921e-159,311,Metazoa,Annelida,Polychaeta,Phyllodocida,Polynoidae,Halosydna,0,0,TRUE,ASV1441,3,Halosydna brevisetosa
edna0048,ASV6090,motu1544,Panopea generosa,Pacific geoduck,species,NA,NA,1,NA,NA,NA,19,NA,NA,NA,NA,Panopea generosa,Pacific geoduck,2018_ssp_depth,ssp,beach_seine,2018-07-13,2018-07-12,2018,depth,3,edna_ssp_30,depth,biological,10.8,31.42,8.01,NA,NA,NA,4.3,1000,0,51.67882714,-128.114958,sand,y,455,se,seagrass,zostera,seagrass_sand,zostera_sand,100,2.51921e-159,311,Metazoa,Mollusca,Bivalvia,Adapedonta,Hiatellidae,Panopea,0,0,TRUE,ASV1853,3,Panopea generosa
edna0049,ASV216,motu190,Mytilus trossulus,Bay mussel,species,NA,NA,1,1,NA,NA,34,69,NA,NA,NA,Mytilus trossulus,Bay mussel,2018_ppo_surface,ppo,beach_seine,2018-07-13,2018-07-11,2018,surface,1,edna_ppo_00,surface,biological,14.4,28.28,8.31,NA,NA,NA,6.5,1000,0,51.65821943,-128.113325,mud,n,100,p,seagrass,zostera,seagrass_mud,zostera_mud,100,3.2351099999999996e-158,309,Metazoa,Mollusca,Mollusca,Mytilida,Mytilidae,Mytilus,0,0,TRUE,ASV216,23,Mytilus trossulus
edna0049,ASV520,motu457,Evasterias troschelii,False ochre star,species,NA,NA,1,NA,NA,NA,6,NA,NA,NA,NA,Evasterias troschelii,False ochre star,2018_ppo_surface,ppo,beach_seine,2018-07-13,2018-07-11,2018,surface,1,edna_ppo_00,surface,biological,14.4,28.28,8.31,NA,NA,NA,6.5,1000,0,51.65821943,-128.113325,mud,n,100,p,seagrass,zostera,seagrass_mud,zostera_mud,100,1.96163e-160,313,Metazoa,Echinodermata,Asteroidea,Forcipulatida,Asteriidae,Evasterias,0,0,TRUE,ASV520,1,Evasterias troschelii
edna0049,ASV1443,motu1220,Orobdella,Freshwater leech,genus,NA,NA,1,1,NA,NA,8,NA,NA,NA,15,Orobdella,Freshwater leech,2018_ppo_surface,ppo,beach_seine,2018-07-13,2018-07-11,2018,surface,1,edna_ppo_00,surface,biological,14.4,28.28,8.31,NA,NA,NA,6.5,1000,0,51.65821943,-128.113325,mud,n,100,p,seagrass,zostera,seagrass_mud,zostera_mud,97.06,0.0011939,31,Metazoa,Annelida,Annelida,Erpobdelliformes,Orobdellidae,Orobdella,NA,NA,TRUE,ASV1443,1,NA
edna0049,ASV1593,motu976,Metridia pacifica,Calanoid copepod,species,NA,NA,1,NA,NA,NA,3,NA,NA,NA,NA,Metridia pacifica,Calanoid copepod,2018_ppo_surface,ppo,beach_seine,2018-07-13,2018-07-11,2018,surface,1,edna_ppo_00,surface,biological,14.4,28.28,8.31,NA,NA,NA,6.5,1000,0,51.65821943,-128.113325,mud,n,100,p,seagrass,zostera,seagrass_mud,zostera_mud,100,1.96163e-160,313,Metazoa,Arthropoda,Copepoda,Calanoida,Metridinidae,Metridia,0,0,TRUE,ASV1137,4,Metridia pacifica
edna0049,ASV4544,motu920,Arthropoda,Unknown arthropod,phylum,NA,NA,1,NA,NA,NA,16,NA,NA,NA,NA,Arthropoda,Unknown arthropod,2018_ppo_surface,ppo,beach_seine,2018-07-13,2018-07-11,2018,surface,1,edna_ppo_00,surface,biological,14.4,28.28,8.31,NA,NA,NA,6.5,1000,0,51.65821943,-128.113325,mud,n,100,p,seagrass,zostera,seagrass_mud,zostera_mud,94.87,8.78538e-5,33,Metazoa,Arthropoda,NA,NA,NA,NA,NA,NA,TRUE,ASV1068,4,NA
edna0050,ASV205,motu181,Pseudocalanus mimus,Calanoid copepod,species,NA,NA,1,1,NA,NA,37,111,119,NA,87,Pseudocalanus mimus,Calanoid copepod,2018_ppo_depth,ppo,beach_seine,2018-07-13,2018-07-11,2018,depth,1,edna_ppo_15,depth,biological,10.8,30.81,8.03,NA,NA,NA,6.5,1000,0,51.65810573,-128.1131937,mud,n,100,p,seagrass,zostera,seagrass_mud,zostera_mud,100,1.18898e-152,299,Metazoa,Arthropoda,Copepoda,Calanoida,Clausocalanidae,Pseudocalanus,0,0,TRUE,ASV205,8,Pseudocalanus mimus
edna0050,ASV750,motu654,Orobdella,Freshwater leech,genus,NA,NA,1,1,NA,NA,22,NA,9,NA,NA,Orobdella,Freshwater leech,2018_ppo_depth,ppo,beach_seine,2018-07-13,2018-07-11,2018,depth,1,edna_ppo_15,depth,biological,10.8,30.81,8.03,NA,NA,NA,6.5,1000,0,51.65810573,-128.1131937,mud,n,100,p,seagrass,zostera,seagrass_mud,zostera_mud,97.06,0.00121031,31,Metazoa,Annelida,Annelida,Erpobdelliformes,Orobdellidae,Orobdella,NA,NA,TRUE,ASV750,1,NA
edna0050,ASV801,motu697,Micropodarke dubia,Hesionid polychaete,species,NA,NA,1,1,NA,NA,8,5,NA,NA,NA,Micropodarke dubia,Hesionid polychaete,2018_ppo_depth,ppo,beach_seine,2018-07-13,2018-07-11,2018,depth,1,edna_ppo_15,depth,biological,10.8,30.81,8.03,NA,NA,NA,6.5,1000,0,51.65810573,-128.1131937,mud,n,100,p,seagrass,zostera,seagrass_mud,zostera_mud,100,1.96163e-160,313,Metazoa,Annelida,Polychaeta,Phyllodocida,Hesionidae,Micropodarke,0,0,TRUE,ASV801,2,Micropodarke dubia
edna0050,ASV1445,motu1221,Cistenides granulata,Trumpet worm,species,NA,NA,1,NA,NA,NA,6,NA,NA,NA,NA,Cistenides granulata,Trumpet worm,2018_ppo_depth,ppo,beach_seine,2018-07-13,2018-07-11,2018,depth,1,edna_ppo_15,depth,biological,10.8,30.81,8.03,NA,NA,NA,6.5,1000,0,51.65810573,-128.1131937,mud,n,100,p,seagrass,zostera,seagrass_mud,zostera_mud,100,1.4886099999999998e-156,306,Metazoa,Annelida,Polychaeta,Terebellida,Pectinariidae,Pectinaria,0,0,TRUE,ASV1445,1,Cistenides granulata
edna0050,ASV1587,motu1337,Armandia brevis,Opheliid polychaete,species,NA,NA,1,1,NA,NA,6,NA,14,NA,NA,Armandia brevis,Opheliid polychaete,2018_ppo_depth,ppo,beach_seine,2018-07-13,2018-07-11,2018,depth,1,edna_ppo_15,depth,biological,10.8,30.81,8.03,NA,NA,NA,6.5,1000,0,51.65810573,-128.1131937,mud,n,100,p,seagrass,zostera,seagrass_mud,zostera_mud,100,2.1076299999999988e-175,340,Metazoa,Annelida,Polychaeta,NA,Opheliidae,Armandia,0,0,TRUE,ASV1587,2,Armandia brevis
edna0050,ASV1555,motu1310,Metridia pacifica,Calanoid copepod,species,NA,NA,1,1,NA,NA,31,57,NA,NA,NA,Metridia pacifica,Calanoid copepod,2018_ppo_depth,ppo,beach_seine,2018-07-13,2018-07-11,2018,depth,1,edna_ppo_15,depth,biological,10.8,30.81,8.03,NA,NA,NA,6.5,1000,0,51.65810573,-128.1131937,mud,n,100,p,seagrass,zostera,seagrass_mud,zostera_mud,100,1.96163e-160,313,Metazoa,Arthropoda,Copepoda,Calanoida,Metridinidae,Metridia,0,0,TRUE,ASV1555,6,Metridia pacifica
edna0050,ASV1714,motu1432,Pleurobrachia bachei,Pacific sea gooseberry,species,NA,NA,1,1,NA,NA,4,5,8,NA,NA,Pleurobrachia bachei,Pacific sea gooseberry,2018_ppo_depth,ppo,beach_seine,2018-07-13,2018-07-11,2018,depth,1,edna_ppo_15,depth,biological,10.8,30.81,8.03,NA,NA,NA,6.5,1000,0,51.65810573,-128.1131937,mud,n,100,p,seagrass,zostera,seagrass_mud,zostera_mud,99.68,9.126599999999999e-159,310,Metazoa,Ctenophora,Tentaculata,Cydippida,Cydippidae,Pleurobrachia,0,0,TRUE,ASV1714,1,Pleurobrachia bachei
edna0051,ASV365,motu31,Centropages abdominalis,Calanoid copepod,species,NA,NA,1,1,NA,NA,33,88,57,NA,NA,Centropages abdominalis,Calanoid copepod,2018_ppo_surface,ppo,beach_seine,2018-07-13,2018-07-11,2018,surface,2,edna_ppo_30,surface,biological,14.4,28.26,8.23,NA,NA,NA,6.5,1000,0,51.65799974,-128.113112,mud,n,100,p,seagrass,zostera,seagrass_mud,zostera_mud,99.68,9.126599999999999e-159,310,Metazoa,Arthropoda,Copepoda,Calanoida,Centropagidae,Centropages,0,0,TRUE,ASV34,19,Centropages abdominalis
edna0051,ASV1057,motu909,Orobdella,Freshwater leech,genus,NA,NA,1,1,NA,NA,4,44,NA,NA,NA,Orobdella,Freshwater leech,2018_ppo_surface,ppo,beach_seine,2018-07-13,2018-07-11,2018,surface,2,edna_ppo_30,surface,biological,14.4,28.26,8.23,NA,NA,NA,6.5,1000,0,51.65799974,-128.113112,mud,n,100,p,seagrass,zostera,seagrass_mud,zostera_mud,97.06,0.0011939,31,Metazoa,Annelida,Annelida,Erpobdelliformes,Orobdellidae,Orobdella,NA,NA,TRUE,ASV1057,1,NA
edna0051,ASV2118,motu1747,Paracalanus,Calanoid copepod,genus,NA,NA,1,NA,NA,NA,20,NA,NA,NA,NA,Paracalanus,Calanoid copepod,2018_ppo_surface,ppo,beach_seine,2018-07-13,2018-07-11,2018,surface,2,edna_ppo_30,surface,biological,14.4,28.26,8.23,NA,NA,NA,6.5,1000,0,51.65799974,-128.113112,mud,n,100,p,seagrass,zostera,seagrass_mud,zostera_mud,99.68,1.172079999999999e-157,308,Metazoa,Arthropoda,Arthropoda,Calanoida,Paracalanidae,Paracalanus,0,0,TRUE,ASV2118,2,NA
edna0051,ASV6362,motu976,Metridia pacifica,Calanoid copepod,species,NA,NA,1,NA,NA,NA,16,NA,NA,NA,NA,Metridia pacifica,Calanoid copepod,2018_ppo_surface,ppo,beach_seine,2018-07-13,2018-07-11,2018,surface,2,edna_ppo_30,surface,biological,14.4,28.26,8.23,NA,NA,NA,6.5,1000,0,51.65799974,-128.113112,mud,n,100,p,seagrass,zostera,seagrass_mud,zostera_mud,100,7.171369999999997e-160,312,Metazoa,Arthropoda,Copepoda,Calanoida,Metridinidae,Metridia,0,0,TRUE,ASV1137,4,Metridia pacifica
edna0051,ASV4737,motu3671,Melanochlamys diomedea,Albatross aglaja,species,NA,NA,1,1,NA,NA,14,12,9,NA,8,Melanochlamys diomedea,Albatross aglaja,2018_ppo_surface,ppo,beach_seine,2018-07-13,2018-07-11,2018,surface,2,edna_ppo_30,surface,biological,14.4,28.26,8.23,NA,NA,NA,6.5,1000,0,51.65799974,-128.113112,mud,n,100,p,seagrass,zostera,seagrass_mud,zostera_mud,99.68,1.5051499999999994e-156,306,Metazoa,Mollusca,Gastropoda,Cephalaspidea,Aglajidae,Melanochlamys,0,0,TRUE,ASV4737,1,Melanochlamys diomedea
edna0051,ASV4738,motu3672,Melanochlamys diomedea,Albatross aglaja,species,NA,NA,1,1,NA,NA,12,11,NA,NA,20,Melanochlamys diomedea,Albatross aglaja,2018_ppo_surface,ppo,beach_seine,2018-07-13,2018-07-11,2018,surface,2,edna_ppo_30,surface,biological,14.4,28.26,8.23,NA,NA,NA,6.5,1000,0,51.65799974,-128.113112,mud,n,100,p,seagrass,zostera,seagrass_mud,zostera_mud,99.68,1.5051499999999994e-156,306,Metazoa,Mollusca,Gastropoda,Cephalaspidea,Aglajidae,Melanochlamys,0,0,TRUE,ASV4738,1,Melanochlamys diomedea
edna0052,ASV699,motu609,Hiatella,Clam species,genus,NA,NA,1,NA,NA,NA,8,NA,NA,NA,NA,Hiatella,Clam species,2018_ppo_depth,ppo,beach_seine,2018-07-13,2018-07-11,2018,depth,2,edna_ppo_00,depth,biological,11.1,30.58,8.08,NA,NA,NA,6.5,1000,0,51.65821943,-128.113325,mud,n,100,p,seagrass,zostera,seagrass_mud,zostera_mud,100,9.027749999999999e-159,310,Metazoa,Mollusca,Bivalvia,Adapedonta,Hiatellidae,Hiatella,0,0,TRUE,ASV699,4,NA
edna0052,ASV386,motu316,Hiatella,Clam species,genus,NA,NA,1,1,NA,NA,12,22,NA,NA,25,Hiatella,Clam species,2018_ppo_depth,ppo,beach_seine,2018-07-13,2018-07-11,2018,depth,2,edna_ppo_00,depth,biological,11.1,30.58,8.08,NA,NA,NA,6.5,1000,0,51.65821943,-128.113325,mud,n,100,p,seagrass,zostera,seagrass_mud,zostera_mud,100,9.027749999999999e-159,310,Metazoa,Mollusca,Bivalvia,Adapedonta,Hiatellidae,Hiatella,0,0,TRUE,ASV357,9,NA
edna0052,ASV1057,motu909,Orobdella,Freshwater leech,genus,NA,NA,1,NA,NA,NA,30,NA,NA,NA,NA,Orobdella,Freshwater leech,2018_ppo_depth,ppo,beach_seine,2018-07-13,2018-07-11,2018,depth,2,edna_ppo_00,depth,biological,11.1,30.58,8.08,NA,NA,NA,6.5,1000,0,51.65821943,-128.113325,mud,n,100,p,seagrass,zostera,seagrass_mud,zostera_mud,97.06,0.0011939,31,Metazoa,Annelida,Annelida,Erpobdelliformes,Orobdellidae,Orobdella,NA,NA,TRUE,ASV1057,1,NA
edna0052,ASV920,motu800,Polymorphidae,Thorny headed worm,family,NA,NA,1,NA,NA,NA,7,NA,NA,NA,NA,Polymorphidae,Thorny headed worm,2018_ppo_depth,ppo,beach_seine,2018-07-13,2018-07-11,2018,depth,2,edna_ppo_00,depth,biological,11.1,30.58,8.08,NA,NA,NA,6.5,1000,0,51.65821943,-128.113325,mud,n,100,p,seagrass,zostera,seagrass_mud,zostera_mud,94.87,8.37307e-5,33,Metazoa,Acanthocephala,Acanthocephala,Polymorphida,Polymorphidae,NA,0,0,TRUE,ASV920,3,NA
edna0052,ASV1716,motu1434,Armandia brevis,Opheliid polychaete,species,NA,NA,1,1,NA,NA,10,NA,NA,NA,9,Armandia brevis,Opheliid polychaete,2018_ppo_depth,ppo,beach_seine,2018-07-13,2018-07-11,2018,depth,2,edna_ppo_00,depth,biological,11.1,30.58,8.08,NA,NA,NA,6.5,1000,0,51.65821943,-128.113325,mud,n,100,p,seagrass,zostera,seagrass_mud,zostera_mud,100,2.1076299999999988e-175,340,Metazoa,Annelida,Polychaeta,NA,Opheliidae,Armandia,0,0,TRUE,ASV1716,1,Armandia brevis
edna0052,ASV4034,motu2360,Corynidae,Athecate hydroid,family,NA,NA,1,NA,NA,NA,20,NA,NA,NA,NA,Corynidae,Athecate hydroid,2018_ppo_depth,ppo,beach_seine,2018-07-13,2018-07-11,2018,depth,2,edna_ppo_00,depth,biological,11.1,30.58,8.08,NA,NA,NA,6.5,1000,0,51.65821943,-128.113325,mud,n,100,p,seagrass,zostera,seagrass_mud,zostera_mud,94.12,1.5934199999999998e-126,252,Metazoa,Cnidaria,Cnidaria,Anthoathecata,Corynidae,NA,0,0,TRUE,ASV2925,2,NA
edna0052,ASV4490,motu3493,Membraniporidae,Bryozoan,family,NA,NA,1,1,NA,NA,5,NA,5,NA,NA,Membraniporidae,Bryozoan,2018_ppo_depth,ppo,beach_seine,2018-07-13,2018-07-11,2018,depth,2,edna_ppo_00,depth,biological,11.1,30.58,8.08,NA,NA,NA,6.5,1000,0,51.65821943,-128.113325,mud,n,100,p,seagrass,zostera,seagrass_mud,zostera_mud,90.87,7.84204e-75,159,Metazoa,Bryozoa,Bryozoa,Cheilostomatida,Membraniporidae,NA,0,0,TRUE,ASV4490,1,NA
edna0053,ASV398,motu350,Synchaeta pectinata,Rotifer,species,NA,NA,1,NA,NA,NA,10,NA,NA,NA,NA,Synchaeta pectinata,Rotifer,2018_ppo_surface,ppo,beach_seine,2018-07-13,2018-07-11,2018,surface,3,edna_ppo_15,surface,biological,14.3,28.32,8.32,NA,NA,NA,4.5,1000,0,51.65810573,-128.1131937,mud,n,100,p,seagrass,zostera,seagrass_mud,zostera_mud,90.48,1.6452299999999999e-111,225,Metazoa,Rotifera,Eurotatoria,Ploima,Synchaetidae,Synchaeta,0,0,TRUE,ASV398,4,Synchaeta pectinata
edna0053,ASV750,motu654,Orobdella,Freshwater leech,genus,NA,NA,1,NA,NA,NA,7,NA,NA,NA,NA,Orobdella,Freshwater leech,2018_ppo_surface,ppo,beach_seine,2018-07-13,2018-07-11,2018,surface,3,edna_ppo_15,surface,biological,14.3,28.32,8.32,NA,NA,NA,4.5,1000,0,51.65810573,-128.1131937,mud,n,100,p,seagrass,zostera,seagrass_mud,zostera_mud,97.06,0.00121031,31,Metazoa,Annelida,Annelida,Erpobdelliformes,Orobdellidae,Orobdella,NA,NA,TRUE,ASV750,1,NA
edna0053,ASV3706,motu1310,Metridia pacifica,Calanoid copepod,species,NA,NA,1,NA,NA,NA,59,NA,NA,NA,NA,Metridia pacifica,Calanoid copepod,2018_ppo_surface,ppo,beach_seine,2018-07-13,2018-07-11,2018,surface,3,edna_ppo_15,surface,biological,14.3,28.32,8.32,NA,NA,NA,4.5,1000,0,51.65810573,-128.1131937,mud,n,100,p,seagrass,zostera,seagrass_mud,zostera_mud,100,2.51921e-159,311,Metazoa,Arthropoda,Copepoda,Calanoida,Metridinidae,Metridia,0,0,TRUE,ASV1555,6,Metridia pacifica
edna0053,ASV2138,motu470,Paracalanus,Calanoid copepod,genus,NA,NA,1,NA,NA,NA,14,NA,NA,NA,NA,Paracalanus parvus parvus,Calanoid copepod,2018_ppo_surface,ppo,beach_seine,2018-07-13,2018-07-11,2018,surface,3,edna_ppo_15,surface,biological,14.3,28.32,8.32,NA,NA,NA,4.5,1000,0,51.65810573,-128.1131937,mud,n,100,p,seagrass,zostera,seagrass_mud,zostera_mud,99.67,1.14177e-152,299,Metazoa,Arthropoda,Arthropoda,Calanoida,Paracalanidae,Paracalanus,0,0,TRUE,ASV536,6,NA
edna0053,ASV2773,motu2242,Diplostomida,Flatworm,order,NA,NA,1,NA,NA,NA,3,NA,NA,NA,NA,Diplostomida,Flatworm,2018_ppo_surface,ppo,beach_seine,2018-07-13,2018-07-11,2018,surface,3,edna_ppo_15,surface,biological,14.3,28.32,8.32,NA,NA,NA,4.5,1000,0,51.65810573,-128.1131937,mud,n,100,p,seagrass,zostera,seagrass_mud,zostera_mud,96.88,0.0144888,29,Metazoa,Platyhelminthes,Platyhelminthes,Diplostomida,NA,NA,0,0,TRUE,ASV2773,1,NA
edna0053,ASV5396,motu4142,Cistenides granulata,Trumpet worm,species,NA,NA,1,1,NA,NA,13,16,NA,NA,NA,Cistenides granulata,Trumpet worm,2018_ppo_surface,ppo,beach_seine,2018-07-13,2018-07-11,2018,surface,3,edna_ppo_15,surface,biological,14.3,28.32,8.32,NA,NA,NA,4.5,1000,0,51.65810573,-128.1131937,mud,n,100,p,seagrass,zostera,seagrass_mud,zostera_mud,99.35,3.22227e-153,300,Metazoa,Annelida,Polychaeta,Terebellida,Pectinariidae,Pectinaria,0,0,TRUE,ASV5396,1,Cistenides granulata
edna0053,ASV6801,motu199,Mytilus,Mussel species,genus,NA,NA,1,NA,NA,NA,12,NA,NA,NA,NA,Mytilus trossulus,Bay mussel,2018_ppo_surface,ppo,beach_seine,2018-07-13,2018-07-11,2018,surface,3,edna_ppo_15,surface,biological,14.3,28.32,8.32,NA,NA,NA,4.5,1000,0,51.65810573,-128.1131937,mud,n,100,p,seagrass,zostera,seagrass_mud,zostera_mud,99.68,1.53546e-156,306,Metazoa,Mollusca,Mollusca,Mytilida,Mytilidae,Mytilus,0,0,TRUE,ASV226,18,NA
edna0054,ASV357,motu316,Hiatella,Clam species,genus,NA,NA,1,NA,NA,NA,5,NA,NA,NA,NA,Hiatella,Clam species,2018_ppo_depth,ppo,beach_seine,2018-07-13,2018-07-11,2018,depth,3,edna_ppo_30,depth,biological,11.3,30.35,8.1,NA,NA,NA,4.5,1000,0,51.65799974,-128.113112,mud,n,100,p,seagrass,zostera,seagrass_mud,zostera_mud,100,9.027749999999999e-159,310,Metazoa,Mollusca,Bivalvia,Adapedonta,Hiatellidae,Hiatella,0,0,TRUE,ASV357,9,NA
edna0054,ASV1266,motu1074,Cistenides granulata,Trumpet worm,species,NA,NA,1,NA,NA,NA,30,NA,NA,NA,NA,Cistenides granulata,Trumpet worm,2018_ppo_depth,ppo,beach_seine,2018-07-13,2018-07-11,2018,depth,3,edna_ppo_30,depth,biological,11.3,30.35,8.1,NA,NA,NA,4.5,1000,0,51.65799974,-128.113112,mud,n,100,p,seagrass,zostera,seagrass_mud,zostera_mud,100,2.51921e-159,311,Metazoa,Annelida,Polychaeta,Terebellida,Pectinariidae,Pectinaria,0,0,TRUE,ASV1266,1,Cistenides granulata
edna0054,ASV1587,motu1337,Armandia brevis,Opheliid polychaete,species,NA,NA,1,NA,NA,NA,9,NA,NA,NA,NA,Armandia brevis,Opheliid polychaete,2018_ppo_depth,ppo,beach_seine,2018-07-13,2018-07-11,2018,depth,3,edna_ppo_30,depth,biological,11.3,30.35,8.1,NA,NA,NA,4.5,1000,0,51.65799974,-128.113112,mud,n,100,p,seagrass,zostera,seagrass_mud,zostera_mud,100,2.1076299999999988e-175,340,Metazoa,Annelida,Polychaeta,NA,Opheliidae,Armandia,0,0,TRUE,ASV1587,2,Armandia brevis
edna0054,ASV1451,motu796,Panopea generosa,Pacific geoduck,species,NA,NA,1,1,NA,NA,15,26,NA,NA,NA,Panopea generosa,Pacific geoduck,2018_ppo_depth,ppo,beach_seine,2018-07-13,2018-07-11,2018,depth,3,edna_ppo_30,depth,biological,11.3,30.35,8.1,NA,NA,NA,4.5,1000,0,51.65799974,-128.113112,mud,n,100,p,seagrass,zostera,seagrass_mud,zostera_mud,100,7.02982e-160,312,Metazoa,Mollusca,Bivalvia,Adapedonta,Hiatellidae,Panopea,0,0,TRUE,ASV916,4,Panopea generosa
edna0054,ASV1747,motu1458,Armandia brevis,Opheliid polychaete,species,NA,NA,1,NA,NA,NA,7,NA,NA,NA,NA,Armandia brevis,Opheliid polychaete,2018_ppo_depth,ppo,beach_seine,2018-07-13,2018-07-11,2018,depth,3,edna_ppo_30,depth,biological,11.3,30.35,8.1,NA,NA,NA,4.5,1000,0,51.65799974,-128.113112,mud,n,100,p,seagrass,zostera,seagrass_mud,zostera_mud,100,3.4804099999999994e-173,336,Metazoa,Annelida,Polychaeta,NA,Opheliidae,Armandia,0,0,TRUE,ASV1747,1,Armandia brevis
edna0054,ASV2736,motu281,Pseudocalanus newmani,Calanoid copepod,species,NA,NA,1,1,NA,NA,44,136,NA,NA,NA,Pseudocalanus newmani,Calanoid copepod,2018_ppo_depth,ppo,beach_seine,2018-07-13,2018-07-11,2018,depth,3,edna_ppo_30,depth,biological,11.3,30.35,8.1,NA,NA,NA,4.5,1000,0,51.65799974,-128.113112,mud,n,100,p,seagrass,zostera,seagrass_mud,zostera_mud,99.68,9.126599999999999e-159,310,Metazoa,Arthropoda,Copepoda,Calanoida,Clausocalanidae,Pseudocalanus,0,0,TRUE,ASV320,6,Pseudocalanus newmani
edna0054,ASV5626,motu4320,Cistenides granulata,Trumpet worm,species,NA,NA,1,NA,NA,NA,25,NA,NA,NA,NA,Cistenides granulata,Trumpet worm,2018_ppo_depth,ppo,beach_seine,2018-07-13,2018-07-11,2018,depth,3,edna_ppo_30,depth,biological,11.3,30.35,8.1,NA,NA,NA,4.5,1000,0,51.65799974,-128.113112,mud,n,100,p,seagrass,zostera,seagrass_mud,zostera_mud,99.35,3.22227e-153,300,Metazoa,Annelida,Polychaeta,Terebellida,Pectinariidae,Pectinaria,0,0,TRUE,ASV5626,1,Cistenides granulata
edna0054,ASV6458,motu609,Hiatella,Clam species,genus,NA,NA,1,NA,NA,NA,9,NA,NA,NA,NA,Hiatella,Clam species,2018_ppo_depth,ppo,beach_seine,2018-07-13,2018-07-11,2018,depth,3,edna_ppo_30,depth,biological,11.3,30.35,8.1,NA,NA,NA,4.5,1000,0,51.65799974,-128.113112,mud,n,100,p,seagrass,zostera,seagrass_mud,zostera_mud,99.68,4.284779999999998e-157,307,Metazoa,Mollusca,Bivalvia,Adapedonta,Hiatellidae,Hiatella,0,0,TRUE,ASV699,4,NA
edna0054,ASV7177,motu1322,Clinocardium nuttallii,Basket cockle,species,NA,NA,1,NA,NA,NA,7,NA,NA,NA,NA,Clinocardium nuttallii,Basket cockle,2018_ppo_depth,ppo,beach_seine,2018-07-13,2018-07-11,2018,depth,3,edna_ppo_30,depth,biological,11.3,30.35,8.1,NA,NA,NA,4.5,1000,0,51.65799974,-128.113112,mud,n,100,p,seagrass,zostera,seagrass_mud,zostera_mud,99.67,1.16476e-152,299,Metazoa,Mollusca,Bivalvia,Cardiida,Cardiidae,Clinocardium,0,0,TRUE,ASV1569,2,Clinocardium nuttallii
edna0055,ASV467,motu412,Saxidomus,Washington clam species,genus,NA,NA,1,NA,NA,NA,8,NA,NA,NA,NA,Saxidomus,Washington clam species,2018_hdo_surface,hdo,beach_seine,2018-07-13,2018-07-11,2018,surface,1,edna_hdo_00,surface,biological,15.1,27.77,8.23,NA,NA,NA,4.8,1000,0,51.65501227,-128.1295942,mud,n,320,p,seagrass,zostera,seagrass_mud,zostera_mud,100,1.96163e-160,313,Metazoa,Mollusca,Mollusca,Venerida,Veneridae,Saxidomus,0,0,TRUE,ASV467,12,NA
edna0055,ASV3063,motu190,Mytilus trossulus,Bay mussel,species,NA,NA,1,1,NA,NA,33,29,40,NA,36,Mytilus trossulus,Bay mussel,2018_hdo_surface,hdo,beach_seine,2018-07-13,2018-07-11,2018,surface,1,edna_hdo_00,surface,biological,15.1,27.77,8.23,NA,NA,NA,4.8,1000,0,51.65501227,-128.1295942,mud,n,320,p,seagrass,zostera,seagrass_mud,zostera_mud,100,3.2351099999999996e-158,309,Metazoa,Mollusca,Mollusca,Mytilida,Mytilidae,Mytilus,0,0,TRUE,ASV216,23,Mytilus trossulus
edna0055,ASV4245,motu3328,Armandia brevis,Opheliid polychaete,species,NA,NA,1,NA,NA,NA,5,NA,NA,NA,NA,Armandia brevis,Opheliid polychaete,2018_hdo_surface,hdo,beach_seine,2018-07-13,2018-07-11,2018,surface,1,edna_hdo_00,surface,biological,15.1,27.77,8.23,NA,NA,NA,4.8,1000,0,51.65501227,-128.1295942,mud,n,320,p,seagrass,zostera,seagrass_mud,zostera_mud,100,2.708459999999999e-174,338,Metazoa,Annelida,Polychaeta,NA,Opheliidae,Armandia,0,0,TRUE,ASV4245,1,Armandia brevis
edna0056,ASV770,motu609,Hiatella,Clam species,genus,NA,NA,1,1,NA,NA,52,74,NA,NA,NA,Hiatella,Clam species,2018_hdo_depth,hdo,beach_seine,2018-07-13,2018-07-11,2018,depth,1,edna_hdo_15,depth,biological,10.7,30.95,7.94,NA,NA,NA,4.8,1000,0,51.65508561,-128.1293971,mud,n,320,p,seagrass,zostera,seagrass_mud,zostera_mud,100,9.027749999999999e-159,310,Metazoa,Mollusca,Bivalvia,Adapedonta,Hiatellidae,Hiatella,0,0,TRUE,ASV699,4,NA
edna0056,ASV1057,motu909,Orobdella,Freshwater leech,genus,NA,NA,1,NA,NA,NA,5,NA,NA,NA,NA,Orobdella,Freshwater leech,2018_hdo_depth,hdo,beach_seine,2018-07-13,2018-07-11,2018,depth,1,edna_hdo_15,depth,biological,10.7,30.95,7.94,NA,NA,NA,4.8,1000,0,51.65508561,-128.1293971,mud,n,320,p,seagrass,zostera,seagrass_mud,zostera_mud,97.06,0.0011939,31,Metazoa,Annelida,Annelida,Erpobdelliformes,Orobdellidae,Orobdella,NA,NA,TRUE,ASV1057,1,NA
edna0056,ASV5849,motu4147,Thecostraca,Thecostracan crustacean species,class,NA,NA,1,NA,NA,NA,13,NA,NA,NA,NA,Thecostraca,Thecostracan crustacean species,2018_hdo_depth,hdo,beach_seine,2018-07-13,2018-07-11,2018,depth,1,edna_hdo_15,depth,biological,10.7,30.95,7.94,NA,NA,NA,4.8,1000,0,51.65508561,-128.1293971,mud,n,320,p,seagrass,zostera,seagrass_mud,zostera_mud,97.22,8.40478e-5,33,Metazoa,Arthropoda,Arthropoda,NA,NA,NA,0,0,TRUE,ASV5401,3,NA
edna0056,ASV2376,motu1949,Euphausia pacifica,North Pacific krill,species,NA,NA,1,NA,NA,NA,2,NA,NA,NA,NA,Euphausia pacifica,North Pacific krill,2018_hdo_depth,hdo,beach_seine,2018-07-13,2018-07-11,2018,depth,1,edna_hdo_15,depth,biological,10.7,30.95,7.94,NA,NA,NA,4.8,1000,0,51.65508561,-128.1293971,mud,n,320,p,seagrass,zostera,seagrass_mud,zostera_mud,100,3.2351099999999996e-158,309,Metazoa,Arthropoda,Malacostraca,Euphausiacea,Euphausiidae,Euphausia,0,0,TRUE,ASV2376,1,Euphausia pacifica
edna0056,ASV3687,motu2912,Lacuna vincta,Northern lacuna,species,NA,NA,1,1,NA,NA,18,19,30,NA,22,Lacuna vincta,Northern lacuna,2018_hdo_depth,hdo,beach_seine,2018-07-13,2018-07-11,2018,depth,1,edna_hdo_15,depth,biological,10.7,30.95,7.94,NA,NA,NA,4.8,1000,0,51.65508561,-128.1293971,mud,n,320,p,seagrass,zostera,seagrass_mud,zostera_mud,99.67,6.925819999999995e-155,303,Metazoa,Mollusca,Gastropoda,Littorinimorpha,Littorinidae,Lacuna,0,0,TRUE,ASV3687,1,Lacuna vincta
edna0059,ASV699,motu609,Hiatella,Clam species,genus,NA,NA,1,1,NA,NA,58,NA,70,NA,94,Hiatella,Clam species,2018_hdo_surface,hdo,beach_seine,2018-07-13,2018-07-11,2018,surface,3,edna_hdo_15,surface,biological,14.2,28.64,8.26,NA,NA,NA,5.9,1000,0,51.65508561,-128.1293971,mud,n,320,p,seagrass,zostera,seagrass_mud,zostera_mud,100,9.027749999999999e-159,310,Metazoa,Mollusca,Bivalvia,Adapedonta,Hiatellidae,Hiatella,0,0,TRUE,ASV699,4,NA
edna0059,ASV1266,motu1074,Cistenides granulata,Trumpet worm,species,NA,NA,1,1,NA,NA,23,47,NA,NA,67,Cistenides granulata,Trumpet worm,2018_hdo_surface,hdo,beach_seine,2018-07-13,2018-07-11,2018,surface,3,edna_hdo_15,surface,biological,14.2,28.64,8.26,NA,NA,NA,5.9,1000,0,51.65508561,-128.1293971,mud,n,320,p,seagrass,zostera,seagrass_mud,zostera_mud,100,2.51921e-159,311,Metazoa,Annelida,Polychaeta,Terebellida,Pectinariidae,Pectinaria,0,0,TRUE,ASV1266,1,Cistenides granulata
edna0059,ASV1587,motu1337,Armandia brevis,Opheliid polychaete,species,NA,NA,1,1,NA,NA,10,13,NA,NA,NA,Armandia brevis,Opheliid polychaete,2018_hdo_surface,hdo,beach_seine,2018-07-13,2018-07-11,2018,surface,3,edna_hdo_15,surface,biological,14.2,28.64,8.26,NA,NA,NA,5.9,1000,0,51.65508561,-128.1293971,mud,n,320,p,seagrass,zostera,seagrass_mud,zostera_mud,100,2.1076299999999988e-175,340,Metazoa,Annelida,Polychaeta,NA,Opheliidae,Armandia,0,0,TRUE,ASV1587,2,Armandia brevis
edna0059,ASV1070,motu922,Pleurobrachia bachei,Pacific sea gooseberry,species,NA,NA,1,1,NA,NA,5,7,NA,NA,4,Pleurobrachia bachei,Pacific sea gooseberry,2018_hdo_surface,hdo,beach_seine,2018-07-13,2018-07-11,2018,surface,3,edna_hdo_15,surface,biological,14.2,28.64,8.26,NA,NA,NA,5.9,1000,0,51.65508561,-128.1293971,mud,n,320,p,seagrass,zostera,seagrass_mud,zostera_mud,100,1.96163e-160,313,Metazoa,Ctenophora,Tentaculata,Cydippida,Cydippidae,Pleurobrachia,0,0,TRUE,ASV1070,7,Pleurobrachia bachei
edna0059,ASV1302,motu1103,Balanus glandula,Acorn barnacle,species,NA,NA,1,1,NA,NA,87,306,187,NA,263,Balanus glandula,Acorn barnacle,2018_hdo_surface,hdo,beach_seine,2018-07-13,2018-07-11,2018,surface,3,edna_hdo_15,surface,biological,14.2,28.64,8.26,NA,NA,NA,5.9,1000,0,51.65508561,-128.1293971,mud,n,320,p,seagrass,zostera,seagrass_mud,zostera_mud,99.68,1.5051499999999994e-156,306,Metazoa,Arthropoda,Thecostraca,Balanomorpha,Balanidae,Balanus,0,0,TRUE,ASV1302,1,Balanus glandula
edna0059,ASV1391,motu1175,Cistenides granulata,Trumpet worm,species,NA,NA,1,1,NA,NA,24,45,31,NA,46,Cistenides granulata,Trumpet worm,2018_hdo_surface,hdo,beach_seine,2018-07-13,2018-07-11,2018,surface,3,edna_hdo_15,surface,biological,14.2,28.64,8.26,NA,NA,NA,5.9,1000,0,51.65508561,-128.1293971,mud,n,320,p,seagrass,zostera,seagrass_mud,zostera_mud,100,2.51921e-159,311,Metazoa,Annelida,Polychaeta,Terebellida,Pectinariidae,Pectinaria,0,0,TRUE,ASV1391,1,Cistenides granulata
edna0059,ASV4245,motu3328,Armandia brevis,Opheliid polychaete,species,NA,NA,1,NA,NA,NA,6,NA,NA,NA,NA,Armandia brevis,Opheliid polychaete,2018_hdo_surface,hdo,beach_seine,2018-07-13,2018-07-11,2018,surface,3,edna_hdo_15,surface,biological,14.2,28.64,8.26,NA,NA,NA,5.9,1000,0,51.65508561,-128.1293971,mud,n,320,p,seagrass,zostera,seagrass_mud,zostera_mud,100,2.708459999999999e-174,338,Metazoa,Annelida,Polychaeta,NA,Opheliidae,Armandia,0,0,TRUE,ASV4245,1,Armandia brevis
edna0059,ASV6363,motu4921,Mytilus trossulus,Bay mussel,species,NA,NA,1,NA,NA,NA,16,NA,NA,NA,NA,Mytilus trossulus,Bay mussel,2018_hdo_surface,hdo,beach_seine,2018-07-13,2018-07-11,2018,surface,3,edna_hdo_15,surface,biological,14.2,28.64,8.26,NA,NA,NA,5.9,1000,0,51.65508561,-128.1293971,mud,n,320,p,seagrass,zostera,seagrass_mud,zostera_mud,99.68,1.53546e-156,306,Metazoa,Mollusca,Mollusca,Mytilida,Mytilidae,Mytilus,0,0,TRUE,ASV6363,1,Mytilus trossulus
edna0060,ASV2845,motu1310,Metridia pacifica,Calanoid copepod,species,NA,NA,1,1,NA,NA,32,NA,60,NA,NA,Metridia pacifica,Calanoid copepod,2018_hdo_depth,hdo,beach_seine,2018-07-13,2018-07-11,2018,depth,3,edna_hdo_30,depth,biological,10.6,31,7.95,NA,NA,NA,5.9,1000,0,51.6551346,-128.1292625,mud,n,320,p,seagrass,zostera,seagrass_mud,zostera_mud,100,7.02982e-160,312,Metazoa,Arthropoda,Copepoda,Calanoida,Metridinidae,Metridia,0,0,TRUE,ASV1555,6,Metridia pacifica
edna0060,ASV4694,motu976,Metridia pacifica,Calanoid copepod,species,NA,NA,1,NA,NA,NA,37,NA,NA,NA,NA,Metridia pacifica,Calanoid copepod,2018_hdo_depth,hdo,beach_seine,2018-07-13,2018-07-11,2018,depth,3,edna_hdo_30,depth,biological,10.6,31,7.95,NA,NA,NA,5.9,1000,0,51.6551346,-128.1292625,mud,n,320,p,seagrass,zostera,seagrass_mud,zostera_mud,100,7.02982e-160,312,Metazoa,Arthropoda,Copepoda,Calanoida,Metridinidae,Metridia,0,0,TRUE,ASV1137,4,Metridia pacifica
edna0061,ASV2629,motu2134,Ergasilida,Cyclopoid copepod,order,NA,NA,1,1,NA,NA,7,NA,NA,NA,17,Ergasilida,Cyclopoid copepod,2018_gog1_surface,gog1,beach_seine,2018-07-15,2018-07-14,2018,surface,1,edna_gog1_00,surface,biological,13.4,31.43,8.07,13.4,31.2,8.09,2,1000,0,51.92391076,-128.4691706,mud,n,200,se,seagrass,zostera,seagrass_mud,zostera_mud,100,3.2351099999999996e-158,309,Metazoa,Arthropoda,Copepoda,Cyclopoida,NA,NA,0,0,FALSE,ASV2629,1,NA
edna0061,ASV1907,motu1586,Platynereis,Ragworm,genus,NA,NA,1,1,NA,NA,9,15,35,NA,42,Platynereis,Ragworm,2018_gog1_surface,gog1,beach_seine,2018-07-15,2018-07-14,2018,surface,1,edna_gog1_00,surface,biological,13.4,31.43,8.07,13.4,31.2,8.09,2,1000,0,51.92391076,-128.4691706,mud,n,200,se,seagrass,zostera,seagrass_mud,zostera_mud,100,3.2351099999999996e-158,309,Metazoa,Annelida,Polychaeta,Phyllodocida,Nereididae,Platynereis,0,0,TRUE,ASV1907,1,NA
edna0061,ASV2335,motu1921,Ferkeria,Other arachnid,genus,NA,NA,1,NA,NA,NA,3,NA,NA,NA,NA,Ferkeria,Other arachnid,2018_gog1_surface,gog1,beach_seine,2018-07-15,2018-07-14,2018,surface,1,edna_gog1_00,surface,biological,13.4,31.43,8.07,13.4,31.2,8.09,2,1000,0,51.92391076,-128.4691706,mud,n,200,se,seagrass,zostera,seagrass_mud,zostera_mud,97.06,0.00112005,31,Metazoa,Arthropoda,Arthropoda,Grassatores,NA,Ferkeria,NA,NA,TRUE,ASV2335,1,NA
edna0061,ASV5117,motu31,Centropages abdominalis,Calanoid copepod,species,NA,NA,1,1,NA,NA,6,18,10,NA,NA,Centropages abdominalis,Calanoid copepod,2018_gog1_surface,gog1,beach_seine,2018-07-15,2018-07-14,2018,surface,1,edna_gog1_00,surface,biological,13.4,31.43,8.07,13.4,31.2,8.09,2,1000,0,51.92391076,-128.4691706,mud,n,200,se,seagrass,zostera,seagrass_mud,zostera_mud,99.68,9.126599999999999e-159,310,Metazoa,Arthropoda,Copepoda,Calanoida,Centropagidae,Centropages,0,0,TRUE,ASV34,19,Centropages abdominalis
edna0061,ASV7861,motu5396,Thatcheria,Wonder snail species,genus,NA,NA,1,NA,NA,NA,4,NA,NA,NA,NA,Thatcheria,Wonder snail species,2018_gog1_surface,gog1,beach_seine,2018-07-15,2018-07-14,2018,surface,1,edna_gog1_00,surface,biological,13.4,31.43,8.07,13.4,31.2,8.09,2,1000,0,51.92391076,-128.4691706,mud,n,200,se,seagrass,zostera,seagrass_mud,zostera_mud,100,1.91274e-11,45,Metazoa,Mollusca,Mollusca,Neogastropoda,Raphitomidae,Thatcheria,0,0,TRUE,ASV6931,2,NA
edna0062,ASV6929,motu5394,Bomolochus cuneatus,Cyclopoid copepod,species,NA,NA,1,NA,NA,NA,11,NA,NA,NA,NA,Bomolochus cuneatus,Cyclopoid copepod,2018_gog1_surface,gog1,beach_seine,2018-07-15,2018-07-14,2018,surface,2,edna_gog1_15,surface,biological,13.5,31.49,8.06,13.4,31.39,8.08,2,1000,0,51.92402533,-128.4691053,mud,n,200,se,seagrass,zostera,seagrass_mud,zostera_mud,99.68,9.310369999999999e-159,310,Metazoa,Arthropoda,Copepoda,Cyclopoida,Bomolochidae,Bomolochus,0,0,TRUE,ASV6929,1,Bomolochus cuneatus
edna0062,ASV3230,motu1563,Pseudopolydora bassarginensis,Spionid polychaete,species,NA,NA,1,1,NA,NA,9,55,NA,NA,59,Pseudopolydora bassarginensis,Spionid polychaete,2018_gog1_surface,gog1,beach_seine,2018-07-15,2018-07-14,2018,surface,2,edna_gog1_15,surface,biological,13.5,31.49,8.06,13.4,31.39,8.08,2,1000,0,51.92402533,-128.4691053,mud,n,200,se,seagrass,zostera,seagrass_mud,zostera_mud,99.35,3.22227e-153,300,Metazoa,Annelida,Polychaeta,Spionida,Spionidae,Pseudopolydora,0,0,TRUE,ASV1880,3,Pseudopolydora bassarginensis
edna0063,ASV4925,motu3810,Thatcheria,Wonder snail species,genus,NA,NA,1,1,NA,NA,21,NA,9,NA,8,Thatcheria,Wonder snail species,2018_gog1_surface,gog1,beach_seine,2018-07-15,2018-07-14,2018,surface,3,edna_gog1_30,surface,biological,13.4,31.41,8.06,13.3,31.39,8.07,2,1000,0,51.92409382,-128.4690359,mud,n,200,se,seagrass,zostera,seagrass_mud,zostera_mud,100,1.87498e-11,45,Metazoa,Mollusca,Mollusca,Neogastropoda,Raphitomidae,Thatcheria,0,0,TRUE,ASV4925,1,NA
edna0063,ASV6930,motu5395,Pleurobrachia bachei,Pacific sea gooseberry,species,NA,NA,1,NA,NA,NA,11,NA,NA,NA,NA,Pleurobrachia bachei,Pacific sea gooseberry,2018_gog1_surface,gog1,beach_seine,2018-07-15,2018-07-14,2018,surface,3,edna_gog1_30,surface,biological,13.4,31.41,8.06,13.3,31.39,8.07,2,1000,0,51.92409382,-128.4690359,mud,n,200,se,seagrass,zostera,seagrass_mud,zostera_mud,97.44,4.39342e-147,289,Metazoa,Ctenophora,Tentaculata,Cydippida,Cydippidae,Pleurobrachia,0,0,TRUE,ASV6930,1,Pleurobrachia bachei
edna0063,ASV6931,motu5396,Thatcheria,Wonder snail species,genus,NA,NA,1,NA,NA,NA,11,NA,NA,NA,NA,Thatcheria,Wonder snail species,2018_gog1_surface,gog1,beach_seine,2018-07-15,2018-07-14,2018,surface,3,edna_gog1_30,surface,biological,13.4,31.41,8.06,13.3,31.39,8.07,2,1000,0,51.92409382,-128.4690359,mud,n,200,se,seagrass,zostera,seagrass_mud,zostera_mud,100,1.91274e-11,45,Metazoa,Mollusca,Mollusca,Neogastropoda,Raphitomidae,Thatcheria,0,0,TRUE,ASV6931,2,NA
edna0065,ASV1145,motu557,Macoma nasuta,Bent-nosed clam,species,NA,NA,1,NA,NA,NA,6,NA,NA,NA,NA,Macoma nasuta,Bent-nosed clam,2018_gog4_surface,gog4,beach_seine,2018-07-15,2018-07-14,2018,surface,2,edna_gog4_15,surface,biological,13.6,31.39,8.17,12.3,31.39,8.05,3.5,1000,0,51.90318965,-128.4388692,mud,n,150,se,seagrass,zostera,seagrass_mud,zostera_mud,99.36,4.246189999999999e-157,307,Metazoa,Mollusca,Bivalvia,Cardiida,Tellinidae,Macoma,0,0,TRUE,ASV643,4,Macoma nasuta
edna0065,ASV5849,motu4147,Thecostraca,Thecostracan crustacean species,class,NA,NA,1,NA,NA,NA,2,NA,NA,NA,NA,Thecostraca,Thecostracan crustacean species,2018_gog4_surface,gog4,beach_seine,2018-07-15,2018-07-14,2018,surface,2,edna_gog4_15,surface,biological,13.6,31.39,8.17,12.3,31.39,8.05,3.5,1000,0,51.90318965,-128.4388692,mud,n,150,se,seagrass,zostera,seagrass_mud,zostera_mud,97.22,8.40478e-5,33,Metazoa,Arthropoda,Arthropoda,NA,NA,NA,0,0,TRUE,ASV5401,3,NA
edna0066,ASV3123,motu2510,Nassarius mendicus,Lean Western nassa,species,NA,NA,1,1,NA,NA,23,48,29,NA,33,Nassarius mendicus,Lean Western nassa,2018_gog4_surface,gog4,beach_seine,2018-07-15,2018-07-14,2018,surface,3,edna_gog4_30,surface,biological,13.7,31.43,8.17,12.3,31.42,8.04,3.5,1000,0,51.90312079,-128.4386561,mud,n,150,se,seagrass,zostera,seagrass_mud,zostera_mud,99.35,7.002779999999996e-155,303,Metazoa,Mollusca,Gastropoda,Neogastropoda,Nassariidae,Nassarius,0,0,TRUE,ASV3123,1,Nassarius mendicus
edna0067,ASV171,motu150,Pseudocalanus mimus,Calanoid copepod,species,NA,NA,1,NA,NA,NA,31,NA,NA,NA,NA,Pseudocalanus mimus,Calanoid copepod,2018_kis2_surface,kis2,beach_seine,2018-07-15,2018-07-13,2018,surface,1,edna_kis2_00,surface,biological,14,31.12,8.11,13.7,31.11,8.12,4,1000,0,51.83671973,-128.239737,cobble,n,50,sp,macroalgae,algae,macroalgae_cobble,algae_cobble,99.67,9.19139e-154,301,Metazoa,Arthropoda,Copepoda,Calanoida,Clausocalanidae,Pseudocalanus,0,0,TRUE,ASV171,10,Pseudocalanus mimus
edna0067,ASV354,motu313,Mitrocoma cellularia,Cross jelly,species,NA,NA,1,NA,NA,NA,5,NA,NA,NA,NA,Mitrocoma cellularia,Cross jelly,2018_kis2_surface,kis2,beach_seine,2018-07-15,2018-07-13,2018,surface,1,edna_kis2_00,surface,biological,14,31.12,8.11,13.7,31.11,8.12,4,1000,0,51.83671973,-128.239737,cobble,n,50,sp,macroalgae,algae,macroalgae_cobble,algae_cobble,100,1.4886099999999998e-156,306,Metazoa,Cnidaria,Hydrozoa,Leptothecata,Mitrocomidae,Mitrocoma,0,0,TRUE,ASV354,2,Mitrocoma cellularia
edna0067,ASV770,motu609,Hiatella,Clam species,genus,NA,NA,1,NA,NA,NA,15,NA,NA,NA,NA,Hiatella,Clam species,2018_kis2_surface,kis2,beach_seine,2018-07-15,2018-07-13,2018,surface,1,edna_kis2_00,surface,biological,14,31.12,8.11,13.7,31.11,8.12,4,1000,0,51.83671973,-128.239737,cobble,n,50,sp,macroalgae,algae,macroalgae_cobble,algae_cobble,100,9.027749999999999e-159,310,Metazoa,Mollusca,Bivalvia,Adapedonta,Hiatellidae,Hiatella,0,0,TRUE,ASV699,4,NA
edna0067,ASV7733,motu316,Hiatella,Clam species,genus,NA,NA,1,NA,NA,NA,5,NA,NA,NA,NA,Hiatella,Clam species,2018_kis2_surface,kis2,beach_seine,2018-07-15,2018-07-13,2018,surface,1,edna_kis2_00,surface,biological,14,31.12,8.11,13.7,31.11,8.12,4,1000,0,51.83671973,-128.239737,cobble,n,50,sp,macroalgae,algae,macroalgae_cobble,algae_cobble,99.68,4.284779999999998e-157,307,Metazoa,Mollusca,Bivalvia,Adapedonta,Hiatellidae,Hiatella,0,0,TRUE,ASV357,9,NA
edna0068,ASV232,motu204,Cecidomyiidae,Hexapod,genus,NA,NA,1,1,NA,NA,4,NA,7,NA,NA,Cecidomyiidae,Hexapod,2018_kis2_surface,kis2,beach_seine,2018-07-15,2018-07-13,2018,surface,2,edna_kis2_15,surface,biological,13.9,31.13,8.12,13.7,31.09,8.14,4,1000,0,51.83670582,-128.2395558,cobble,n,50,sp,macroalgae,algae,macroalgae_cobble,algae_cobble,100,0.00408744,30,Metazoa,Arthropoda,Arthropoda,Diptera,Cecidomyiidae,Cecidomyiidae,NA,NA,TRUE,ASV232,1,NA
edna0068,ASV357,motu316,Hiatella,Clam species,genus,NA,NA,1,1,NA,NA,4,NA,NA,NA,6,Hiatella,Clam species,2018_kis2_surface,kis2,beach_seine,2018-07-15,2018-07-13,2018,surface,2,edna_kis2_15,surface,biological,13.9,31.13,8.12,13.7,31.09,8.14,4,1000,0,51.83670582,-128.2395558,cobble,n,50,sp,macroalgae,algae,macroalgae_cobble,algae_cobble,100,9.027749999999999e-159,310,Metazoa,Mollusca,Bivalvia,Adapedonta,Hiatellidae,Hiatella,0,0,TRUE,ASV357,9,NA
edna0068,ASV354,motu313,Mitrocoma cellularia,Cross jelly,species,NA,NA,1,1,NA,NA,10,NA,11,NA,7,Mitrocoma cellularia,Cross jelly,2018_kis2_surface,kis2,beach_seine,2018-07-15,2018-07-13,2018,surface,2,edna_kis2_15,surface,biological,13.9,31.13,8.12,13.7,31.09,8.14,4,1000,0,51.83670582,-128.2395558,cobble,n,50,sp,macroalgae,algae,macroalgae_cobble,algae_cobble,100,1.4886099999999998e-156,306,Metazoa,Cnidaria,Hydrozoa,Leptothecata,Mitrocomidae,Mitrocoma,0,0,TRUE,ASV354,2,Mitrocoma cellularia
edna0068,ASV780,motu679,Aequorea,Crystal jelly species,genus,NA,NA,1,NA,NA,NA,4,NA,NA,NA,NA,Aequorea,Crystal jelly species,2018_kis2_surface,kis2,beach_seine,2018-07-15,2018-07-13,2018,surface,2,edna_kis2_15,surface,biological,13.9,31.13,8.12,13.7,31.09,8.14,4,1000,0,51.83670582,-128.2395558,cobble,n,50,sp,macroalgae,algae,macroalgae_cobble,algae_cobble,100,1.4886099999999998e-156,306,Metazoa,Cnidaria,Hydrozoa,Leptothecata,Aequoreidae,Aequorea,0,0,TRUE,ASV780,4,NA
edna0068,ASV1068,motu920,Arthropoda,Unknown arthropod,phylum,NA,NA,1,1,NA,NA,3,NA,8,NA,NA,Arthropoda,Unknown arthropod,2018_kis2_surface,kis2,beach_seine,2018-07-15,2018-07-13,2018,surface,2,edna_kis2_15,surface,biological,13.9,31.13,8.12,13.7,31.09,8.14,4,1000,0,51.83670582,-128.2395558,cobble,n,50,sp,macroalgae,algae,macroalgae_cobble,algae_cobble,94.87,8.78538e-5,33,Metazoa,Arthropoda,NA,NA,NA,NA,NA,NA,TRUE,ASV1068,4,NA
edna0068,ASV1451,motu796,Panopea generosa,Pacific geoduck,species,NA,NA,1,1,NA,NA,41,NA,NA,NA,80,Panopea generosa,Pacific geoduck,2018_kis2_surface,kis2,beach_seine,2018-07-15,2018-07-13,2018,surface,2,edna_kis2_15,surface,biological,13.9,31.13,8.12,13.7,31.09,8.14,4,1000,0,51.83670582,-128.2395558,cobble,n,50,sp,macroalgae,algae,macroalgae_cobble,algae_cobble,100,7.02982e-160,312,Metazoa,Mollusca,Bivalvia,Adapedonta,Hiatellidae,Panopea,0,0,TRUE,ASV916,4,Panopea generosa
edna0069,ASV357,motu316,Hiatella,Clam species,genus,NA,NA,1,1,NA,NA,10,23,10,NA,39,Hiatella,Clam species,2018_kis2_surface,kis2,beach_seine,2018-07-15,2018-07-13,2018,surface,3,edna_kis2_30,surface,biological,14.3,31.16,8.12,13.7,31.1,8.12,3.5,1000,0,51.83669165,-128.239389,cobble,n,50,sp,macroalgae,algae,macroalgae_cobble,algae_cobble,100,9.027749999999999e-159,310,Metazoa,Mollusca,Bivalvia,Adapedonta,Hiatellidae,Hiatella,0,0,TRUE,ASV357,9,NA
edna0069,ASV699,motu609,Hiatella,Clam species,genus,NA,NA,1,1,NA,NA,16,25,NA,NA,35,Hiatella,Clam species,2018_kis2_surface,kis2,beach_seine,2018-07-15,2018-07-13,2018,surface,3,edna_kis2_30,surface,biological,14.3,31.16,8.12,13.7,31.1,8.12,3.5,1000,0,51.83669165,-128.239389,cobble,n,50,sp,macroalgae,algae,macroalgae_cobble,algae_cobble,100,9.027749999999999e-159,310,Metazoa,Mollusca,Bivalvia,Adapedonta,Hiatellidae,Hiatella,0,0,TRUE,ASV699,4,NA
edna0069,ASV750,motu654,Orobdella,Freshwater leech,genus,NA,NA,1,1,NA,NA,3,6,NA,NA,NA,Orobdella,Freshwater leech,2018_kis2_surface,kis2,beach_seine,2018-07-15,2018-07-13,2018,surface,3,edna_kis2_30,surface,biological,14.3,31.16,8.12,13.7,31.1,8.12,3.5,1000,0,51.83669165,-128.239389,cobble,n,50,sp,macroalgae,algae,macroalgae_cobble,algae_cobble,97.06,0.00121031,31,Metazoa,Annelida,Annelida,Erpobdelliformes,Orobdellidae,Orobdella,NA,NA,TRUE,ASV750,1,NA
edna0069,ASV2932,motu2363,Halosydna brevisetosa,Shortscaled worm,species,NA,NA,1,1,NA,NA,21,65,NA,NA,69,Halosydna brevisetosa,Shortscaled worm,2018_kis2_surface,kis2,beach_seine,2018-07-15,2018-07-13,2018,surface,3,edna_kis2_30,surface,biological,14.3,31.16,8.12,13.7,31.1,8.12,3.5,1000,0,51.83669165,-128.239389,cobble,n,50,sp,macroalgae,algae,macroalgae_cobble,algae_cobble,99.36,4.246189999999999e-157,307,Metazoa,Annelida,Polychaeta,Phyllodocida,Polynoidae,Halosydna,0,0,TRUE,ASV2932,1,Halosydna brevisetosa
edna0069,ASV4226,motu3313,Arthropoda,Unknown arthropod,phylum,NA,NA,1,1,NA,NA,18,26,17,NA,NA,Arthropoda,Unknown arthropod,2018_kis2_surface,kis2,beach_seine,2018-07-15,2018-07-13,2018,surface,3,edna_kis2_30,surface,biological,14.3,31.16,8.12,13.7,31.1,8.12,3.5,1000,0,51.83669165,-128.239389,cobble,n,50,sp,macroalgae,algae,macroalgae_cobble,algae_cobble,91.23,8.53449e-10,42,Metazoa,Arthropoda,NA,NA,NA,NA,NA,NA,TRUE,ASV4226,1,NA
edna0069,ASV6257,motu4829,Arthropoda,Unknown arthropod,phylum,NA,NA,1,NA,NA,NA,17,NA,NA,NA,NA,Arthropoda,Unknown arthropod,2018_kis2_surface,kis2,beach_seine,2018-07-15,2018-07-13,2018,surface,3,edna_kis2_30,surface,biological,14.3,31.16,8.12,13.7,31.1,8.12,3.5,1000,0,51.83669165,-128.239389,cobble,n,50,sp,macroalgae,algae,macroalgae_cobble,algae_cobble,91.23,8.70634e-10,42,Metazoa,Arthropoda,NA,NA,NA,NA,NA,NA,TRUE,ASV6257,1,NA
edna0069,ASV5010,motu3870,Clytia gregaria,Gregarious jellyfish,species,NA,NA,1,1,NA,NA,12,NA,11,NA,13,Clytia gregaria,Gregarious jellyfish,2018_kis2_surface,kis2,beach_seine,2018-07-15,2018-07-13,2018,surface,3,edna_kis2_30,surface,biological,14.3,31.16,8.12,13.7,31.1,8.12,3.5,1000,0,51.83669165,-128.239389,cobble,n,50,sp,macroalgae,algae,macroalgae_cobble,algae_cobble,98.39,5.49185e-151,296,Metazoa,Cnidaria,Cnidaria,Leptothecata,Campanulariidae,Clytia,0,0,TRUE,ASV5010,1,Clytia gregaria
edna0069,ASV3823,motu311,Synchaeta vorax,Rotifer,species,NA,NA,1,1,NA,NA,11,30,12,NA,28,Synchaeta vorax,Rotifer,2018_kis2_surface,kis2,beach_seine,2018-07-15,2018-07-13,2018,surface,3,edna_kis2_30,surface,biological,14.3,31.16,8.12,13.7,31.1,8.12,3.5,1000,0,51.83669165,-128.239389,cobble,n,50,sp,macroalgae,algae,macroalgae_cobble,algae_cobble,97.76,3.317259999999998e-148,291,Metazoa,Rotifera,Eurotatoria,Ploima,Synchaetidae,Synchaeta,0,0,TRUE,ASV352,4,Synchaeta vorax
edna0069,ASV3983,motu306,Synchaeta vorax,Rotifer,species,NA,NA,1,1,NA,NA,7,37,14,NA,15,Synchaeta vorax,Rotifer,2018_kis2_surface,kis2,beach_seine,2018-07-15,2018-07-13,2018,surface,3,edna_kis2_30,surface,biological,14.3,31.16,8.12,13.7,31.1,8.12,3.5,1000,0,51.83669165,-128.239389,cobble,n,50,sp,macroalgae,algae,macroalgae_cobble,algae_cobble,97.76,3.317259999999998e-148,291,Metazoa,Rotifera,Eurotatoria,Ploima,Synchaetidae,Synchaeta,0,0,TRUE,ASV346,5,Synchaeta vorax
edna0070,ASV357,motu316,Hiatella,Clam species,genus,NA,NA,1,1,NA,NA,5,48,24,NA,30,Hiatella,Clam species,2018_kis1_surface,kis1,beach_seine,2018-07-15,2018-07-13,2018,surface,1,edna_kis1_00,surface,biological,13.8,30.95,8.14,13.4,31.07,8.11,4.5,1000,0,51.81104261,-128.2291784,sand,n,25,sp,seagrass,zostera,seagrass_sand,zostera_sand,100,9.027749999999999e-159,310,Metazoa,Mollusca,Bivalvia,Adapedonta,Hiatellidae,Hiatella,0,0,TRUE,ASV357,9,NA
edna0070,ASV699,motu609,Hiatella,Clam species,genus,NA,NA,1,1,NA,NA,7,NA,NA,NA,35,Hiatella,Clam species,2018_kis1_surface,kis1,beach_seine,2018-07-15,2018-07-13,2018,surface,1,edna_kis1_00,surface,biological,13.8,30.95,8.14,13.4,31.07,8.11,4.5,1000,0,51.81104261,-128.2291784,sand,n,25,sp,seagrass,zostera,seagrass_sand,zostera_sand,100,9.027749999999999e-159,310,Metazoa,Mollusca,Bivalvia,Adapedonta,Hiatellidae,Hiatella,0,0,TRUE,ASV699,4,NA
edna0070,ASV498,motu441,Clytia gregaria,Gregarious jellyfish,species,NA,NA,1,NA,NA,NA,7,NA,NA,NA,NA,Clytia gregaria,Gregarious jellyfish,2018_kis1_surface,kis1,beach_seine,2018-07-15,2018-07-13,2018,surface,1,edna_kis1_00,surface,biological,13.8,30.95,8.14,13.4,31.07,8.11,4.5,1000,0,51.81104261,-128.2291784,sand,n,25,sp,seagrass,zostera,seagrass_sand,zostera_sand,99.68,9.126599999999999e-159,310,Metazoa,Cnidaria,Hydrozoa,Leptothecata,Campanulariidae,Clytia,0,0,TRUE,ASV498,2,Clytia gregaria
edna0070,ASV2953,motu2381,Ergasilida,Cyclopoid copepod,order,NA,NA,1,NA,NA,NA,13,NA,NA,NA,NA,Ergasilida,Cyclopoid copepod,2018_kis1_surface,kis1,beach_seine,2018-07-15,2018-07-13,2018,surface,1,edna_kis1_00,surface,biological,13.8,30.95,8.14,13.4,31.07,8.11,4.5,1000,0,51.81104261,-128.2291784,sand,n,25,sp,seagrass,zostera,seagrass_sand,zostera_sand,100,3.2351099999999996e-158,309,Metazoa,Arthropoda,Copepoda,Cyclopoida,NA,NA,0,0,FALSE,ASV2953,1,NA
edna0070,ASV7177,motu1322,Clinocardium nuttallii,Basket cockle,species,NA,NA,1,NA,NA,NA,2,NA,NA,NA,NA,Clinocardium nuttallii,Basket cockle,2018_kis1_surface,kis1,beach_seine,2018-07-15,2018-07-13,2018,surface,1,edna_kis1_00,surface,biological,13.8,30.95,8.14,13.4,31.07,8.11,4.5,1000,0,51.81104261,-128.2291784,sand,n,25,sp,seagrass,zostera,seagrass_sand,zostera_sand,99.67,1.16476e-152,299,Metazoa,Mollusca,Bivalvia,Cardiida,Cardiidae,Clinocardium,0,0,TRUE,ASV1569,2,Clinocardium nuttallii
edna0070,ASV4966,motu583,Synchaeta triophthalma,Rotifer,species,NA,NA,1,1,NA,NA,9,18,NA,NA,10,Synchaeta triophthalma,Rotifer,2018_kis1_surface,kis1,beach_seine,2018-07-15,2018-07-13,2018,surface,1,edna_kis1_00,surface,biological,13.8,30.95,8.14,13.4,31.07,8.11,4.5,1000,0,51.81104261,-128.2291784,sand,n,25,sp,seagrass,zostera,seagrass_sand,zostera_sand,92.31,7.54697e-120,240,Metazoa,Rotifera,Eurotatoria,Ploima,Synchaetidae,Synchaeta,0,0,TRUE,ASV670,4,Synchaeta triophthalma
edna0070,ASV2490,motu2027,Phacellophora camtschatica,Fried egg jellyfish,species,NA,NA,1,NA,NA,NA,3,NA,NA,NA,NA,Phacellophora camtschatica,Fried egg jellyfish,2018_kis1_surface,kis1,beach_seine,2018-07-15,2018-07-13,2018,surface,1,edna_kis1_00,surface,biological,13.8,30.95,8.14,13.4,31.07,8.11,4.5,1000,0,51.81104261,-128.2291784,sand,n,25,sp,seagrass,zostera,seagrass_sand,zostera_sand,100,1.96163e-160,313,Metazoa,Cnidaria,Scyphozoa,Semaeostomeae,Phacellophoridae,Phacellophora,0,0,TRUE,ASV2490,1,Phacellophora camtschatica
edna0071,ASV699,motu609,Hiatella,Clam species,genus,NA,NA,1,NA,NA,NA,23,NA,NA,NA,NA,Hiatella,Clam species,2018_kis1_surface,kis1,beach_seine,2018-07-15,2018-07-13,2018,surface,2,edna_kis1_15,surface,biological,13.8,30.95,8.15,13.5,30.97,8.13,4.5,1000,0,51.8111452,-128.2293129,sand,n,25,sp,seagrass,zostera,seagrass_sand,zostera_sand,100,9.027749999999999e-159,310,Metazoa,Mollusca,Bivalvia,Adapedonta,Hiatellidae,Hiatella,0,0,TRUE,ASV699,4,NA
edna0072,ASV386,motu316,Hiatella,Clam species,genus,NA,NA,1,1,NA,NA,14,46,NA,NA,NA,Hiatella,Clam species,2018_kis1_surface,kis1,beach_seine,2018-07-15,2018-07-13,2018,surface,3,edna_kis1_30,surface,biological,13.6,30.95,8.13,13.3,31.03,8.11,4.5,1000,0,51.81116654,-128.2295305,sand,n,25,sp,seagrass,zostera,seagrass_sand,zostera_sand,100,9.027749999999999e-159,310,Metazoa,Mollusca,Bivalvia,Adapedonta,Hiatellidae,Hiatella,0,0,TRUE,ASV357,9,NA
edna0072,ASV2422,motu796,Panopea generosa,Pacific geoduck,species,NA,NA,1,NA,NA,NA,121,NA,NA,NA,NA,Panopea generosa,Pacific geoduck,2018_kis1_surface,kis1,beach_seine,2018-07-15,2018-07-13,2018,surface,3,edna_kis1_30,surface,biological,13.6,30.95,8.13,13.3,31.03,8.11,4.5,1000,0,51.81116654,-128.2295305,sand,n,25,sp,seagrass,zostera,seagrass_sand,zostera_sand,100,2.51921e-159,311,Metazoa,Mollusca,Bivalvia,Adapedonta,Hiatellidae,Panopea,0,0,TRUE,ASV916,4,Panopea generosa
edna0072,ASV1443,motu1220,Orobdella,Freshwater leech,genus,NA,NA,1,NA,NA,NA,7,NA,NA,NA,NA,Orobdella,Freshwater leech,2018_kis1_surface,kis1,beach_seine,2018-07-15,2018-07-13,2018,surface,3,edna_kis1_30,surface,biological,13.6,30.95,8.13,13.3,31.03,8.11,4.5,1000,0,51.81116654,-128.2295305,sand,n,25,sp,seagrass,zostera,seagrass_sand,zostera_sand,97.06,0.0011939,31,Metazoa,Annelida,Annelida,Erpobdelliformes,Orobdellidae,Orobdella,NA,NA,TRUE,ASV1443,1,NA
edna0072,ASV1950,motu1620,Haliotis kamtschatkana,Northern abalone,species,NA,NA,1,NA,NA,NA,40,NA,NA,NA,NA,Haliotis kamtschatkana,Northern abalone,2018_kis1_surface,kis1,beach_seine,2018-07-15,2018-07-13,2018,surface,3,edna_kis1_30,surface,biological,13.6,30.95,8.13,13.3,31.03,8.11,4.5,1000,0,51.81116654,-128.2295305,sand,n,25,sp,seagrass,zostera,seagrass_sand,zostera_sand,100,7.02982e-160,312,Metazoa,Mollusca,Mollusca,Lepetellida,Haliotidae,Haliotis,0,0,TRUE,ASV1950,2,Haliotis kamtschatkana
edna0072,ASV4207,motu930,Scolelepis (Scolelepis) squamata,Spionid polychaete,species,NA,NA,1,NA,NA,NA,62,NA,NA,NA,NA,Scolelepis (Scolelepis) squamata,Spionid polychaete,2018_kis1_surface,kis1,beach_seine,2018-07-15,2018-07-13,2018,surface,3,edna_kis1_30,surface,biological,13.6,30.95,8.13,13.3,31.03,8.11,4.5,1000,0,51.81116654,-128.2295305,sand,n,25,sp,seagrass,zostera,seagrass_sand,zostera_sand,99.68,3.2706599999999985e-158,309,Metazoa,Annelida,Polychaeta,Spionida,Spionidae,Scolelepis,0,0,TRUE,ASV1079,2,Scolelepis (Scolelepis) squamata
edna0072,ASV6013,motu458,Sabellariidae,Feather duster worm,family,NA,NA,1,NA,NA,NA,20,NA,NA,NA,NA,Sabellariidae,Feather duster worm,2018_kis1_surface,kis1,beach_seine,2018-07-15,2018-07-13,2018,surface,3,edna_kis1_30,surface,biological,13.6,30.95,8.13,13.3,31.03,8.11,4.5,1000,0,51.81116654,-128.2295305,sand,n,25,sp,seagrass,zostera,seagrass_sand,zostera_sand,99.35,7.002779999999996e-155,303,Metazoa,Annelida,Polychaeta,NA,Sabellariidae,NA,0,0,TRUE,ASV521,12,NA
edna0072,ASV4616,motu3582,Cerebratulus,Ribbon worm,genus,NA,NA,1,NA,NA,NA,13,NA,NA,NA,NA,Cerebratulus,Ribbon worm,2018_kis1_surface,kis1,beach_seine,2018-07-15,2018-07-13,2018,surface,3,edna_kis1_30,surface,biological,13.6,30.95,8.13,13.3,31.03,8.11,4.5,1000,0,51.81116654,-128.2295305,sand,n,25,sp,seagrass,zostera,seagrass_sand,zostera_sand,100,1.96163e-160,313,Metazoa,Nemertea,Pilidiophora,Heteronemertea,Lineidae,Cerebratulus,0,0,TRUE,ASV4616,1,NA
edna0072,ASV3592,motu2846,Synchaeta triophthalma,Rotifer,species,NA,NA,1,1,NA,NA,15,24,NA,NA,21,Synchaeta triophthalma,Rotifer,2018_kis1_surface,kis1,beach_seine,2018-07-15,2018-07-13,2018,surface,3,edna_kis1_30,surface,biological,13.6,30.95,8.13,13.3,31.03,8.11,4.5,1000,0,51.81116654,-128.2295305,sand,n,25,sp,seagrass,zostera,seagrass_sand,zostera_sand,91.64,5.875589999999998e-116,233,Metazoa,Rotifera,Eurotatoria,Ploima,Synchaetidae,Synchaeta,0,0,TRUE,ASV3592,1,Synchaeta triophthalma
edna0073,ASV1057,motu909,Orobdella,Freshwater leech,genus,NA,NA,1,NA,NA,NA,13,NA,NA,NA,NA,Orobdella,Freshwater leech,2018_hab2_surface,hab2,beach_seine,2018-07-15,2018-07-12,2018,surface,1,edna_hab2_00,surface,biological,12.8,31.38,8.02,11.1,31.68,7.99,4.5,1000,0,51.66375908,-128.1431094,sand,n,1000,se,none,none,none_sand,none_sand,97.06,0.0011939,31,Metazoa,Annelida,Annelida,Erpobdelliformes,Orobdellidae,Orobdella,NA,NA,TRUE,ASV1057,1,NA
edna0073,ASV795,motu692,Phascolosoma (Phascolosoma) agassizii,Agassiz peanut worm,species,NA,NA,1,1,NA,NA,16,37,NA,NA,29,Phascolosoma (Phascolosoma) agassizii,Agassiz peanut worm,2018_hab2_surface,hab2,beach_seine,2018-07-15,2018-07-12,2018,surface,1,edna_hab2_00,surface,biological,12.8,31.38,8.02,11.1,31.68,7.99,4.5,1000,0,51.66375908,-128.1431094,sand,n,1000,se,none,none,none_sand,none_sand,100,1.96163e-160,313,Metazoa,Annelida,NA,Sipuncula,Phascolosomatidae,Phascolosoma,0,0,TRUE,ASV795,3,Phascolosoma (Phascolosoma) agassizii
edna0073,ASV2422,motu796,Panopea generosa,Pacific geoduck,species,NA,NA,1,NA,NA,NA,9,NA,NA,NA,NA,Panopea generosa,Pacific geoduck,2018_hab2_surface,hab2,beach_seine,2018-07-15,2018-07-12,2018,surface,1,edna_hab2_00,surface,biological,12.8,31.38,8.02,11.1,31.68,7.99,4.5,1000,0,51.66375908,-128.1431094,sand,n,1000,se,none,none,none_sand,none_sand,100,2.51921e-159,311,Metazoa,Mollusca,Bivalvia,Adapedonta,Hiatellidae,Panopea,0,0,TRUE,ASV916,4,Panopea generosa
edna0073,ASV4695,motu458,Sabellariidae,Feather duster worm,family,NA,NA,1,1,NA,NA,12,7,15,NA,10,Sabellariidae,Feather duster worm,2018_hab2_surface,hab2,beach_seine,2018-07-15,2018-07-12,2018,surface,1,edna_hab2_00,surface,biological,12.8,31.38,8.02,11.1,31.68,7.99,4.5,1000,0,51.66375908,-128.1431094,sand,n,1000,se,none,none,none_sand,none_sand,99.35,7.002779999999996e-155,303,Metazoa,Annelida,Polychaeta,NA,Sabellariidae,NA,0,0,TRUE,ASV521,12,NA
edna0074,ASV1266,motu1074,Cistenides granulata,Trumpet worm,species,NA,NA,1,1,NA,NA,10,NA,20,NA,NA,Cistenides granulata,Trumpet worm,2018_hab2_surface,hab2,beach_seine,2018-07-15,2018-07-12,2018,surface,2,edna_hab2_15,surface,biological,12.3,31.38,8.02,11.2,31.69,7.98,5,1000,0,51.66377693,-128.1433209,sand,n,1000,se,none,none,none_sand,none_sand,100,2.51921e-159,311,Metazoa,Annelida,Polychaeta,Terebellida,Pectinariidae,Pectinaria,0,0,TRUE,ASV1266,1,Cistenides granulata
edna0075,ASV1057,motu909,Orobdella,Freshwater leech,genus,NA,NA,1,NA,NA,NA,4,NA,NA,NA,NA,Orobdella,Freshwater leech,2018_hab2_surface,hab2,beach_seine,2018-07-15,2018-07-12,2018,surface,3,edna_hab2_30,surface,biological,12.4,31.4,8.03,11.2,31.69,7.99,5,1000,0,51.66379541,-128.143518,sand,n,1000,se,none,none,none_sand,none_sand,97.06,0.0011939,31,Metazoa,Annelida,Annelida,Erpobdelliformes,Orobdellidae,Orobdella,NA,NA,TRUE,ASV1057,1,NA
edna0075,ASV2881,motu2328,Coleoptera,Hexapod,order,NA,NA,1,NA,NA,NA,3,NA,NA,NA,NA,Coleoptera,Hexapod,2018_hab2_surface,hab2,beach_seine,2018-07-15,2018-07-12,2018,surface,3,edna_hab2_30,surface,biological,12.4,31.4,8.03,11.2,31.69,7.99,5,1000,0,51.66379541,-128.143518,sand,n,1000,se,none,none,none_sand,none_sand,100,0.00110774,31,Metazoa,Arthropoda,Arthropoda,Coleoptera,NA,NA,NA,NA,TRUE,ASV2881,1,NA
edna0077,ASV1057,motu909,Orobdella,Freshwater leech,genus,NA,NA,1,NA,NA,NA,6,NA,NA,NA,NA,Orobdella,Freshwater leech,2018_triquet_depth,triquet,kelp,2018-07-16,NA,2018,depth,1,edna_triquet_15,depth,biological,13.3,31.1,8.15,NA,NA,NA,5.7,1000,0,51.80352819,-128.2545227,rock,NA,NA,NA,macroalgae,macrocystis,macroalgae_rock,macrocystis_rock,97.06,0.0011939,31,Metazoa,Annelida,Annelida,Erpobdelliformes,Orobdellidae,Orobdella,NA,NA,TRUE,ASV1057,1,NA
edna0077,ASV2908,motu316,Hiatella,Clam species,genus,NA,NA,1,1,NA,NA,22,40,NA,NA,NA,Hiatella,Clam species,2018_triquet_depth,triquet,kelp,2018-07-16,NA,2018,depth,1,edna_triquet_15,depth,biological,13.3,31.1,8.15,NA,NA,NA,5.7,1000,0,51.80352819,-128.2545227,rock,NA,NA,NA,macroalgae,macrocystis,macroalgae_rock,macrocystis_rock,99.68,4.200199999999998e-157,307,Metazoa,Mollusca,Bivalvia,Adapedonta,Hiatellidae,Hiatella,0,0,TRUE,ASV357,9,NA
edna0077,ASV6365,motu4922,Halosydna brevisetosa,Shortscaled worm,species,NA,NA,1,NA,NA,NA,16,NA,NA,NA,NA,Halosydna brevisetosa,Shortscaled worm,2018_triquet_depth,triquet,kelp,2018-07-16,NA,2018,depth,1,edna_triquet_15,depth,biological,13.3,31.1,8.15,NA,NA,NA,5.7,1000,0,51.80352819,-128.2545227,rock,NA,NA,NA,macroalgae,macrocystis,macroalgae_rock,macrocystis_rock,99.36,4.3316899999999973e-157,307,Metazoa,Annelida,Polychaeta,Phyllodocida,Polynoidae,Halosydna,0,0,TRUE,ASV6365,1,Halosydna brevisetosa
edna0077,ASV6690,motu5192,Halosydna brevisetosa,Shortscaled worm,species,NA,NA,1,NA,NA,NA,13,NA,NA,NA,NA,Halosydna brevisetosa,Shortscaled worm,2018_triquet_depth,triquet,kelp,2018-07-16,NA,2018,depth,1,edna_triquet_15,depth,biological,13.3,31.1,8.15,NA,NA,NA,5.7,1000,0,51.80352819,-128.2545227,rock,NA,NA,NA,macroalgae,macrocystis,macroalgae_rock,macrocystis_rock,99.36,5.562939999999996e-156,305,Metazoa,Annelida,Polychaeta,Phyllodocida,Polynoidae,Halosydna,0,0,TRUE,ASV6690,1,Halosydna brevisetosa
edna0077,ASV3168,motu1125,Pollicipes polymerus,Gooseneck barnacle,species,NA,NA,1,1,NA,NA,9,49,26,NA,44,Pollicipes polymerus,Gooseneck barnacle,2018_triquet_depth,triquet,kelp,2018-07-16,NA,2018,depth,1,edna_triquet_15,depth,biological,13.3,31.1,8.15,NA,NA,NA,5.7,1000,0,51.80352819,-128.2545227,rock,NA,NA,NA,macroalgae,macrocystis,macroalgae_rock,macrocystis_rock,99.68,1.5051499999999994e-156,306,Metazoa,Arthropoda,Thecostraca,Pollicipedomorpha,Pollicipedidae,Pollicipes,0,0,TRUE,ASV1332,2,Pollicipes polymerus
edna0078,ASV699,motu609,Hiatella,Clam species,genus,NA,NA,1,NA,NA,NA,15,NA,NA,NA,NA,Hiatella,Clam species,2018_triquet_surface,triquet,kelp,2018-07-16,NA,2018,surface,2,edna_triquet_30,surface,biological,14.6,30.7,8.15,NA,NA,NA,5,1000,0,51.80345632,-128.2547138,rock,NA,NA,NA,macroalgae,macrocystis,macroalgae_rock,macrocystis_rock,100,9.027749999999999e-159,310,Metazoa,Mollusca,Bivalvia,Adapedonta,Hiatellidae,Hiatella,0,0,TRUE,ASV699,4,NA
edna0078,ASV679,motu591,Phyllodocida,Polychaete,order,NA,NA,1,1,NA,NA,5,NA,NA,NA,8,Phyllodocida,Polychaete,2018_triquet_surface,triquet,kelp,2018-07-16,NA,2018,surface,2,edna_triquet_30,surface,biological,14.6,30.7,8.15,NA,NA,NA,5,1000,0,51.80345632,-128.2547138,rock,NA,NA,NA,macroalgae,macrocystis,macroalgae_rock,macrocystis_rock,100,0.0603188,28,Metazoa,Annelida,Annelida,Phyllodocida,NA,NA,0,0,TRUE,ASV679,1,NA
edna0078,ASV1057,motu909,Orobdella,Freshwater leech,genus,NA,NA,1,NA,NA,NA,12,NA,NA,NA,NA,Orobdella,Freshwater leech,2018_triquet_surface,triquet,kelp,2018-07-16,NA,2018,surface,2,edna_triquet_30,surface,biological,14.6,30.7,8.15,NA,NA,NA,5,1000,0,51.80345632,-128.2547138,rock,NA,NA,NA,macroalgae,macrocystis,macroalgae_rock,macrocystis_rock,97.06,0.0011939,31,Metazoa,Annelida,Annelida,Erpobdelliformes,Orobdellidae,Orobdella,NA,NA,TRUE,ASV1057,1,NA
edna0078,ASV2019,motu1116,Clytia gregaria,Gregarious jellyfish,species,NA,NA,1,1,NA,NA,112,NA,129,NA,NA,Clytia gregaria,Gregarious jellyfish,2018_triquet_surface,triquet,kelp,2018-07-16,NA,2018,surface,2,edna_triquet_30,surface,biological,14.6,30.7,8.15,NA,NA,NA,5,1000,0,51.80345632,-128.2547138,rock,NA,NA,NA,macroalgae,macrocystis,macroalgae_rock,macrocystis_rock,99.35,3.22227e-153,300,Metazoa,Cnidaria,Cnidaria,Leptothecata,Campanulariidae,Clytia,0,0,TRUE,ASV1319,3,Clytia gregaria
edna0078,ASV2347,motu1233,Clytia gregaria,Gregarious jellyfish,species,NA,NA,1,1,NA,NA,83,78,45,NA,52,Clytia gregaria,Gregarious jellyfish,2018_triquet_surface,triquet,kelp,2018-07-16,NA,2018,surface,2,edna_triquet_30,surface,biological,14.6,30.7,8.15,NA,NA,NA,5,1000,0,51.80345632,-128.2547138,rock,NA,NA,NA,macroalgae,macrocystis,macroalgae_rock,macrocystis_rock,99.35,3.22227e-153,300,Metazoa,Cnidaria,Cnidaria,Leptothecata,Campanulariidae,Clytia,0,0,TRUE,ASV1462,2,Clytia gregaria
edna0078,ASV4548,motu3536,Hiatella,Clam species,genus,NA,NA,1,1,NA,NA,19,29,NA,NA,NA,Hiatella,Clam species,2018_triquet_surface,triquet,kelp,2018-07-16,NA,2018,surface,2,edna_triquet_30,surface,biological,14.6,30.7,8.15,NA,NA,NA,5,1000,0,51.80345632,-128.2547138,rock,NA,NA,NA,macroalgae,macrocystis,macroalgae_rock,macrocystis_rock,99.03,9.091849999999995e-154,301,Metazoa,Mollusca,Bivalvia,Adapedonta,Hiatellidae,Hiatella,0,0,TRUE,ASV4548,1,NA
edna0080,ASV270,motu199,Mytilus,Mussel species,genus,NA,NA,1,1,NA,NA,12,21,19,NA,NA,Mytilus trossulus,Bay mussel,2018_triquet_surface,triquet,kelp,2018-07-16,NA,2018,surface,3,edna_triquet_15,surface,biological,14.9,30.94,8.15,NA,NA,NA,5.6,1000,0,51.80352819,-128.2545227,rock,NA,NA,NA,macroalgae,macrocystis,macroalgae_rock,macrocystis_rock,100,3.2351099999999996e-158,309,Metazoa,Mollusca,Mollusca,Mytilida,Mytilidae,Mytilus,0,0,TRUE,ASV226,18,NA
edna0080,ASV357,motu316,Hiatella,Clam species,genus,NA,NA,1,1,NA,NA,13,13,NA,NA,25,Hiatella,Clam species,2018_triquet_surface,triquet,kelp,2018-07-16,NA,2018,surface,3,edna_triquet_15,surface,biological,14.9,30.94,8.15,NA,NA,NA,5.6,1000,0,51.80352819,-128.2545227,rock,NA,NA,NA,macroalgae,macrocystis,macroalgae_rock,macrocystis_rock,100,9.027749999999999e-159,310,Metazoa,Mollusca,Bivalvia,Adapedonta,Hiatellidae,Hiatella,0,0,TRUE,ASV357,9,NA
edna0080,ASV699,motu609,Hiatella,Clam species,genus,NA,NA,1,NA,NA,NA,9,NA,NA,NA,NA,Hiatella,Clam species,2018_triquet_surface,triquet,kelp,2018-07-16,NA,2018,surface,3,edna_triquet_15,surface,biological,14.9,30.94,8.15,NA,NA,NA,5.6,1000,0,51.80352819,-128.2545227,rock,NA,NA,NA,macroalgae,macrocystis,macroalgae_rock,macrocystis_rock,100,9.027749999999999e-159,310,Metazoa,Mollusca,Bivalvia,Adapedonta,Hiatellidae,Hiatella,0,0,TRUE,ASV699,4,NA
edna0080,ASV1057,motu909,Orobdella,Freshwater leech,genus,NA,NA,1,1,NA,NA,27,NA,7,NA,7,Orobdella,Freshwater leech,2018_triquet_surface,triquet,kelp,2018-07-16,NA,2018,surface,3,edna_triquet_15,surface,biological,14.9,30.94,8.15,NA,NA,NA,5.6,1000,0,51.80352819,-128.2545227,rock,NA,NA,NA,macroalgae,macrocystis,macroalgae_rock,macrocystis_rock,97.06,0.0011939,31,Metazoa,Annelida,Annelida,Erpobdelliformes,Orobdellidae,Orobdella,NA,NA,TRUE,ASV1057,1,NA
edna0080,ASV1068,motu920,Arthropoda,Unknown arthropod,phylum,NA,NA,1,1,NA,NA,15,NA,9,NA,NA,Arthropoda,Unknown arthropod,2018_triquet_surface,triquet,kelp,2018-07-16,NA,2018,surface,3,edna_triquet_15,surface,biological,14.9,30.94,8.15,NA,NA,NA,5.6,1000,0,51.80352819,-128.2545227,rock,NA,NA,NA,macroalgae,macrocystis,macroalgae_rock,macrocystis_rock,94.87,8.78538e-5,33,Metazoa,Arthropoda,NA,NA,NA,NA,NA,NA,TRUE,ASV1068,4,NA
edna0081,ASV357,motu316,Hiatella,Clam species,genus,NA,NA,1,NA,NA,NA,6,NA,NA,NA,NA,Hiatella,Clam species,2018_triquet_depth,triquet,kelp,2018-07-16,NA,2018,depth,3,edna_triquet_30,depth,biological,13.3,31.07,8.14,NA,NA,NA,5.6,1000,0,51.80345632,-128.2547138,rock,NA,NA,NA,macroalgae,macrocystis,macroalgae_rock,macrocystis_rock,100,9.027749999999999e-159,310,Metazoa,Mollusca,Bivalvia,Adapedonta,Hiatellidae,Hiatella,0,0,TRUE,ASV357,9,NA
edna0081,ASV1319,motu1116,Clytia gregaria,Gregarious jellyfish,species,NA,NA,1,NA,NA,NA,6,NA,NA,NA,NA,Clytia gregaria,Gregarious jellyfish,2018_triquet_depth,triquet,kelp,2018-07-16,NA,2018,depth,3,edna_triquet_30,depth,biological,13.3,31.07,8.14,NA,NA,NA,5.6,1000,0,51.80345632,-128.2547138,rock,NA,NA,NA,macroalgae,macrocystis,macroalgae_rock,macrocystis_rock,99.67,6.925819999999995e-155,303,Metazoa,Cnidaria,Hydrozoa,Leptothecata,Campanulariidae,Clytia,0,0,TRUE,ASV1319,3,Clytia gregaria
edna0081,ASV1293,motu1094,Asteriidae,Sea star,family,NA,NA,1,NA,NA,NA,3,NA,NA,NA,NA,Asteriidae,Sea star,2018_triquet_depth,triquet,kelp,2018-07-16,NA,2018,depth,3,edna_triquet_30,depth,biological,13.3,31.07,8.14,NA,NA,NA,5.6,1000,0,51.80345632,-128.2547138,rock,NA,NA,NA,macroalgae,macrocystis,macroalgae_rock,macrocystis_rock,100,1.96163e-160,313,Metazoa,Echinodermata,Echinodermata,Forcipulatida,Asteriidae,NA,0,0,TRUE,ASV1293,1,NA
edna0081,ASV5849,motu4147,Thecostraca,Thecostracan crustacean species,class,NA,NA,1,NA,NA,NA,7,NA,NA,NA,NA,Thecostraca,Thecostracan crustacean species,2018_triquet_depth,triquet,kelp,2018-07-16,NA,2018,depth,3,edna_triquet_30,depth,biological,13.3,31.07,8.14,NA,NA,NA,5.6,1000,0,51.80345632,-128.2547138,rock,NA,NA,NA,macroalgae,macrocystis,macroalgae_rock,macrocystis_rock,97.22,8.40478e-5,33,Metazoa,Arthropoda,Arthropoda,NA,NA,NA,0,0,TRUE,ASV5401,3,NA
edna0082,ASV232,motu204,Cecidomyiidae,Hexapod,genus,NA,NA,1,1,NA,NA,6,6,NA,NA,10,Cecidomyiidae,Hexapod,2018_manley_surface,manley,kelp,2018-07-16,NA,2018,surface,1,edna_manley_00,surface,biological,13.8,30.69,8.22,11.6,31.19,8.07,7.5,1000,0,51.80108298,-128.1997573,rock,NA,NA,NA,macroalgae,macrocystis,macroalgae_rock,macrocystis_rock,100,0.00408744,30,Metazoa,Arthropoda,Arthropoda,Diptera,Cecidomyiidae,Cecidomyiidae,NA,NA,TRUE,ASV232,1,NA
edna0082,ASV357,motu316,Hiatella,Clam species,genus,NA,NA,1,1,NA,NA,45,82,NA,NA,65,Hiatella,Clam species,2018_manley_surface,manley,kelp,2018-07-16,NA,2018,surface,1,edna_manley_00,surface,biological,13.8,30.69,8.22,11.6,31.19,8.07,7.5,1000,0,51.80108298,-128.1997573,rock,NA,NA,NA,macroalgae,macrocystis,macroalgae_rock,macrocystis_rock,100,9.027749999999999e-159,310,Metazoa,Mollusca,Bivalvia,Adapedonta,Hiatellidae,Hiatella,0,0,TRUE,ASV357,9,NA
edna0082,ASV322,motu283,Dodecaceria,Cirratulid polychaete,genus,NA,NA,1,1,NA,NA,51,NA,71,NA,138,Dodecaceria,Cirratulid polychaete,2018_manley_surface,manley,kelp,2018-07-16,NA,2018,surface,1,edna_manley_00,surface,biological,13.8,30.69,8.22,11.6,31.19,8.07,7.5,1000,0,51.80108298,-128.1997573,rock,NA,NA,NA,macroalgae,macrocystis,macroalgae_rock,macrocystis_rock,100,1.96163e-160,313,Metazoa,Annelida,Polychaeta,Terebellida,Cirratulidae,Dodecaceria,0,0,TRUE,ASV322,5,NA
edna0082,ASV770,motu609,Hiatella,Clam species,genus,NA,NA,1,NA,NA,NA,53,NA,NA,NA,NA,Hiatella,Clam species,2018_manley_surface,manley,kelp,2018-07-16,NA,2018,surface,1,edna_manley_00,surface,biological,13.8,30.69,8.22,11.6,31.19,8.07,7.5,1000,0,51.80108298,-128.1997573,rock,NA,NA,NA,macroalgae,macrocystis,macroalgae_rock,macrocystis_rock,100,9.027749999999999e-159,310,Metazoa,Mollusca,Bivalvia,Adapedonta,Hiatellidae,Hiatella,0,0,TRUE,ASV699,4,NA
edna0082,ASV1443,motu1220,Orobdella,Freshwater leech,genus,NA,NA,1,NA,NA,NA,16,NA,NA,NA,NA,Orobdella,Freshwater leech,2018_manley_surface,manley,kelp,2018-07-16,NA,2018,surface,1,edna_manley_00,surface,biological,13.8,30.69,8.22,11.6,31.19,8.07,7.5,1000,0,51.80108298,-128.1997573,rock,NA,NA,NA,macroalgae,macrocystis,macroalgae_rock,macrocystis_rock,97.06,0.0011939,31,Metazoa,Annelida,Annelida,Erpobdelliformes,Orobdellidae,Orobdella,NA,NA,TRUE,ASV1443,1,NA
edna0082,ASV1408,motu343,Dodecaceria,Cirratulid polychaete,genus,NA,NA,1,NA,NA,NA,39,NA,NA,NA,NA,Dodecaceria,Cirratulid polychaete,2018_manley_surface,manley,kelp,2018-07-16,NA,2018,surface,1,edna_manley_00,surface,biological,13.8,30.69,8.22,11.6,31.19,8.07,7.5,1000,0,51.80108298,-128.1997573,rock,NA,NA,NA,macroalgae,macrocystis,macroalgae_rock,macrocystis_rock,100,7.02982e-160,312,Metazoa,Annelida,Polychaeta,Terebellida,Cirratulidae,Dodecaceria,0,0,TRUE,ASV390,6,NA
edna0082,ASV4406,motu458,Sabellariidae,Feather duster worm,family,NA,NA,1,1,NA,NA,16,24,NA,NA,13,Sabellariidae,Feather duster worm,2018_manley_surface,manley,kelp,2018-07-16,NA,2018,surface,1,edna_manley_00,surface,biological,13.8,30.69,8.22,11.6,31.19,8.07,7.5,1000,0,51.80108298,-128.1997573,rock,NA,NA,NA,macroalgae,macrocystis,macroalgae_rock,macrocystis_rock,99.03,3.258079999999998e-153,300,Metazoa,Annelida,Polychaeta,NA,Sabellariidae,NA,0,0,TRUE,ASV521,12,NA
edna0082,ASV4269,motu729,Strongylocentrotus purpuratus,Purple sea urchin,species,NA,NA,1,1,NA,NA,15,15,NA,NA,29,Strongylocentrotus purpuratus,Purple sea urchin,2018_manley_surface,manley,kelp,2018-07-16,NA,2018,surface,1,edna_manley_00,surface,biological,13.8,30.69,8.22,11.6,31.19,8.07,7.5,1000,0,51.80108298,-128.1997573,rock,NA,NA,NA,macroalgae,macrocystis,macroalgae_rock,macrocystis_rock,99.68,9.126599999999999e-159,310,Metazoa,Echinodermata,Echinoidea,Camarodonta,Strongylocentrotidae,Strongylocentrotus,0,0,TRUE,ASV838,2,Strongylocentrotus purpuratus
edna0084,ASV357,motu316,Hiatella,Clam species,genus,NA,NA,1,1,NA,NA,48,89,106,NA,137,Hiatella,Clam species,2018_manley_surface,manley,kelp,2018-07-16,NA,2018,surface,3,edna_manley_30,surface,biological,14.2,30.63,8.22,12.7,30.95,8.16,5.7,1000,0,51.80136642,-128.199517,rock,NA,NA,NA,macroalgae,macrocystis,macroalgae_rock,macrocystis_rock,100,9.027749999999999e-159,310,Metazoa,Mollusca,Bivalvia,Adapedonta,Hiatellidae,Hiatella,0,0,TRUE,ASV357,9,NA
edna0084,ASV699,motu609,Hiatella,Clam species,genus,NA,NA,1,1,NA,NA,40,56,NA,NA,NA,Hiatella,Clam species,2018_manley_surface,manley,kelp,2018-07-16,NA,2018,surface,3,edna_manley_30,surface,biological,14.2,30.63,8.22,12.7,30.95,8.16,5.7,1000,0,51.80136642,-128.199517,rock,NA,NA,NA,macroalgae,macrocystis,macroalgae_rock,macrocystis_rock,100,9.027749999999999e-159,310,Metazoa,Mollusca,Bivalvia,Adapedonta,Hiatellidae,Hiatella,0,0,TRUE,ASV699,4,NA
edna0084,ASV285,motu244,Ophiopholis,Brittle star species,genus,NA,NA,1,1,NA,NA,18,25,NA,NA,39,Ophiopholis kennerlyi,Daisy brittle star,2018_manley_surface,manley,kelp,2018-07-16,NA,2018,surface,3,edna_manley_30,surface,biological,14.2,30.63,8.22,12.7,30.95,8.16,5.7,1000,0,51.80136642,-128.199517,rock,NA,NA,NA,macroalgae,macrocystis,macroalgae_rock,macrocystis_rock,100,1.96163e-160,313,Metazoa,Echinodermata,Echinodermata,Amphilepidida,Ophiopholidae,Ophiopholis,0,0,TRUE,ASV275,7,NA
edna0084,ASV770,motu609,Hiatella,Clam species,genus,NA,NA,1,1,NA,NA,57,NA,117,NA,NA,Hiatella,Clam species,2018_manley_surface,manley,kelp,2018-07-16,NA,2018,surface,3,edna_manley_30,surface,biological,14.2,30.63,8.22,12.7,30.95,8.16,5.7,1000,0,51.80136642,-128.199517,rock,NA,NA,NA,macroalgae,macrocystis,macroalgae_rock,macrocystis_rock,100,9.027749999999999e-159,310,Metazoa,Mollusca,Bivalvia,Adapedonta,Hiatellidae,Hiatella,0,0,TRUE,ASV699,4,NA
edna0084,ASV365,motu31,Centropages abdominalis,Calanoid copepod,species,NA,NA,1,NA,NA,NA,21,NA,NA,NA,NA,Centropages abdominalis,Calanoid copepod,2018_manley_surface,manley,kelp,2018-07-16,NA,2018,surface,3,edna_manley_30,surface,biological,14.2,30.63,8.22,12.7,30.95,8.16,5.7,1000,0,51.80136642,-128.199517,rock,NA,NA,NA,macroalgae,macrocystis,macroalgae_rock,macrocystis_rock,99.68,9.126599999999999e-159,310,Metazoa,Arthropoda,Copepoda,Calanoida,Centropagidae,Centropages,0,0,TRUE,ASV34,19,Centropages abdominalis
edna0084,ASV765,motu666,Myxicola aesthetica,Feather duster worm,species,NA,NA,1,1,NA,NA,32,90,NA,NA,128,Myxicola aesthetica,Feather duster worm,2018_manley_surface,manley,kelp,2018-07-16,NA,2018,surface,3,edna_manley_30,surface,biological,14.2,30.63,8.22,12.7,30.95,8.16,5.7,1000,0,51.80136642,-128.199517,rock,NA,NA,NA,macroalgae,macrocystis,macroalgae_rock,macrocystis_rock,100,1.96163e-160,313,Metazoa,Annelida,Polychaeta,Sabellida,Sabellidae,Myxicola,0,0,TRUE,ASV765,3,Myxicola aesthetica
edna0084,ASV1443,motu1220,Orobdella,Freshwater leech,genus,NA,NA,1,NA,NA,NA,15,NA,NA,NA,NA,Orobdella,Freshwater leech,2018_manley_surface,manley,kelp,2018-07-16,NA,2018,surface,3,edna_manley_30,surface,biological,14.2,30.63,8.22,12.7,30.95,8.16,5.7,1000,0,51.80136642,-128.199517,rock,NA,NA,NA,macroalgae,macrocystis,macroalgae_rock,macrocystis_rock,97.06,0.0011939,31,Metazoa,Annelida,Annelida,Erpobdelliformes,Orobdellidae,Orobdella,NA,NA,TRUE,ASV1443,1,NA
edna0084,ASV1236,motu1048,Chthamalus dalli,Little brown barnacle,species,NA,NA,1,1,NA,NA,6,NA,36,NA,NA,Chthamalus dalli,Little brown barnacle,2018_manley_surface,manley,kelp,2018-07-16,NA,2018,surface,3,edna_manley_30,surface,biological,14.2,30.63,8.22,12.7,30.95,8.16,5.7,1000,0,51.80136642,-128.199517,rock,NA,NA,NA,macroalgae,macrocystis,macroalgae_rock,macrocystis_rock,99.67,1.14177e-152,299,Metazoa,Arthropoda,Thecostraca,Balanomorpha,Chthamalidae,Chthamalus,0,0,TRUE,ASV1236,2,Chthamalus dalli
edna0084,ASV2629,motu2134,Ergasilida,Cyclopoid copepod,order,NA,NA,1,1,NA,NA,23,NA,48,NA,NA,Ergasilida,Cyclopoid copepod,2018_manley_surface,manley,kelp,2018-07-16,NA,2018,surface,3,edna_manley_30,surface,biological,14.2,30.63,8.22,12.7,30.95,8.16,5.7,1000,0,51.80136642,-128.199517,rock,NA,NA,NA,macroalgae,macrocystis,macroalgae_rock,macrocystis_rock,100,3.2351099999999996e-158,309,Metazoa,Arthropoda,Copepoda,Cyclopoida,NA,NA,0,0,FALSE,ASV2629,1,NA
edna0084,ASV6259,motu1546,Tegula pulligo,Dusky tegula,species,NA,NA,1,NA,NA,NA,17,NA,NA,NA,NA,Tegula pulligo,Dusky tegula,2018_manley_surface,manley,kelp,2018-07-16,NA,2018,surface,3,edna_manley_30,surface,biological,14.2,30.63,8.22,12.7,30.95,8.16,5.7,1000,0,51.80136642,-128.199517,rock,NA,NA,NA,macroalgae,macrocystis,macroalgae_rock,macrocystis_rock,99.68,1.53546e-156,306,Metazoa,Mollusca,Gastropoda,Trochida,Tegulidae,Tegula,0,0,TRUE,ASV1855,2,Tegula pulligo
edna0085,ASV233,motu74,Euchlanidae,Rotifer,family,NA,NA,1,NA,NA,NA,7,NA,NA,NA,NA,No Results,No Results,2018_womanley_surface,womanley,kelp,2018-07-16,NA,2018,surface,1,edna_womanley_00,surface,biological,14.3,29.8,8.23,12.7,30.84,8.17,7.5,1000,0,51.80250464,-128.2000768,rock,NA,NA,NA,macroalgae,macrocystis,macroalgae_rock,macrocystis_rock,91.35,3.005919999999998e-29,77,Metazoa,Rotifera,Rotifera,Ploima,Euchlanidae,NA,1,NA,TRUE,ASV84,2,NA
edna0085,ASV357,motu316,Hiatella,Clam species,genus,NA,NA,1,1,NA,NA,33,151,135,NA,177,Hiatella,Clam species,2018_womanley_surface,womanley,kelp,2018-07-16,NA,2018,surface,1,edna_womanley_00,surface,biological,14.3,29.8,8.23,12.7,30.84,8.17,7.5,1000,0,51.80250464,-128.2000768,rock,NA,NA,NA,macroalgae,macrocystis,macroalgae_rock,macrocystis_rock,100,9.027749999999999e-159,310,Metazoa,Mollusca,Bivalvia,Adapedonta,Hiatellidae,Hiatella,0,0,TRUE,ASV357,9,NA
edna0085,ASV770,motu609,Hiatella,Clam species,genus,NA,NA,1,1,NA,NA,36,NA,NA,NA,92,Hiatella,Clam species,2018_womanley_surface,womanley,kelp,2018-07-16,NA,2018,surface,1,edna_womanley_00,surface,biological,14.3,29.8,8.23,12.7,30.84,8.17,7.5,1000,0,51.80250464,-128.2000768,rock,NA,NA,NA,macroalgae,macrocystis,macroalgae_rock,macrocystis_rock,100,9.027749999999999e-159,310,Metazoa,Mollusca,Bivalvia,Adapedonta,Hiatellidae,Hiatella,0,0,TRUE,ASV699,4,NA
edna0085,ASV386,motu316,Hiatella,Clam species,genus,NA,NA,1,1,NA,NA,23,85,123,NA,149,Hiatella,Clam species,2018_womanley_surface,womanley,kelp,2018-07-16,NA,2018,surface,1,edna_womanley_00,surface,biological,14.3,29.8,8.23,12.7,30.84,8.17,7.5,1000,0,51.80250464,-128.2000768,rock,NA,NA,NA,macroalgae,macrocystis,macroalgae_rock,macrocystis_rock,100,9.027749999999999e-159,310,Metazoa,Mollusca,Bivalvia,Adapedonta,Hiatellidae,Hiatella,0,0,TRUE,ASV357,9,NA
edna0085,ASV1337,motu1130,Dodecaceria,Cirratulid polychaete,genus,NA,NA,1,NA,NA,NA,13,NA,NA,NA,NA,Dodecaceria,Cirratulid polychaete,2018_womanley_surface,womanley,kelp,2018-07-16,NA,2018,surface,1,edna_womanley_00,surface,biological,14.3,29.8,8.23,12.7,30.84,8.17,7.5,1000,0,51.80250464,-128.2000768,rock,NA,NA,NA,macroalgae,macrocystis,macroalgae_rock,macrocystis_rock,100,2.51921e-159,311,Metazoa,Annelida,Polychaeta,Terebellida,Cirratulidae,Dodecaceria,0,0,TRUE,ASV1337,1,NA
edna0085,ASV4403,motu1104,Haliotis kamtschatkana,Northern abalone,species,NA,NA,1,NA,NA,NA,18,NA,NA,NA,NA,Haliotis kamtschatkana,Northern abalone,2018_womanley_surface,womanley,kelp,2018-07-16,NA,2018,surface,1,edna_womanley_00,surface,biological,14.3,29.8,8.23,12.7,30.84,8.17,7.5,1000,0,51.80250464,-128.2000768,rock,NA,NA,NA,macroalgae,macrocystis,macroalgae_rock,macrocystis_rock,100,2.51921e-159,311,Metazoa,Mollusca,Mollusca,Lepetellida,Haliotidae,Haliotis,0,0,TRUE,ASV1304,9,Haliotis kamtschatkana
edna0085,ASV3607,motu2857,Ophiopholis kennerlyi,Daisy brittle star,species,NA,NA,1,1,NA,NA,10,28,23,NA,28,Ophiopholis kennerlyi,Daisy brittle star,2018_womanley_surface,womanley,kelp,2018-07-16,NA,2018,surface,1,edna_womanley_00,surface,biological,14.3,29.8,8.23,12.7,30.84,8.17,7.5,1000,0,51.80250464,-128.2000768,rock,NA,NA,NA,macroalgae,macrocystis,macroalgae_rock,macrocystis_rock,98.72,9.19139e-154,301,Metazoa,Echinodermata,Echinodermata,Amphilepidida,Ophiopholidae,Ophiopholis,0,0,TRUE,ASV3607,1,Ophiopholis kennerlyi
edna0085,ASV7611,motu5972,Cerebratulus marginatus,Milky ribbon worm,species,NA,NA,1,NA,NA,NA,6,NA,NA,NA,NA,Cerebratulus marginatus,Milky ribbon worm,2018_womanley_surface,womanley,kelp,2018-07-16,NA,2018,surface,1,edna_womanley_00,surface,biological,14.3,29.8,8.23,12.7,30.84,8.17,7.5,1000,0,51.80250464,-128.2000768,rock,NA,NA,NA,macroalgae,macrocystis,macroalgae_rock,macrocystis_rock,99.68,9.310369999999999e-159,310,Metazoa,Nemertea,Pilidiophora,Heteronemertea,Lineidae,Cerebratulus,0,0,TRUE,ASV7611,1,Cerebratulus marginatus
edna0085,ASV7726,motu6079,Orthasterias koehleri,Rainbow star,species,NA,NA,1,NA,NA,NA,2,NA,NA,NA,NA,Orthasterias koehleri,Rainbow star,2018_womanley_surface,womanley,kelp,2018-07-16,NA,2018,surface,1,edna_womanley_00,surface,biological,14.3,29.8,8.23,12.7,30.84,8.17,7.5,1000,0,51.80250464,-128.2000768,rock,NA,NA,NA,macroalgae,macrocystis,macroalgae_rock,macrocystis_rock,100,1.5185799999999992e-156,306,Metazoa,Echinodermata,Asteroidea,Forcipulatida,Asteriidae,Orthasterias,0,0,TRUE,ASV7726,1,Orthasterias koehleri
edna0085,ASV7883,motu3314,Synchaeta triophthalma,Rotifer,species,NA,NA,1,NA,NA,NA,3,NA,NA,NA,NA,Synchaeta triophthalma,Rotifer,2018_womanley_surface,womanley,kelp,2018-07-16,NA,2018,surface,1,edna_womanley_00,surface,biological,14.3,29.8,8.23,12.7,30.84,8.17,7.5,1000,0,51.80250464,-128.2000768,rock,NA,NA,NA,macroalgae,macrocystis,macroalgae_rock,macrocystis_rock,91.32,2.7886900000000003e-114,230,Metazoa,Rotifera,Eurotatoria,Ploima,Synchaetidae,Synchaeta,0,0,TRUE,ASV4228,2,Synchaeta triophthalma
edna0087,ASV699,motu609,Hiatella,Clam species,genus,NA,NA,1,1,NA,NA,215,187,143,NA,213,Hiatella,Clam species,2018_womanley_surface,womanley,kelp,2018-07-16,NA,2018,surface,3,edna_womanley_30,surface,biological,14.4,30.55,8.24,12.1,31.7,8.1,6.5,1000,0,51.80230682,-128.2002313,rock,NA,NA,NA,macroalgae,macrocystis,macroalgae_rock,macrocystis_rock,100,9.027749999999999e-159,310,Metazoa,Mollusca,Bivalvia,Adapedonta,Hiatellidae,Hiatella,0,0,TRUE,ASV699,4,NA
edna0087,ASV770,motu609,Hiatella,Clam species,genus,NA,NA,1,1,NA,NA,154,169,135,NA,176,Hiatella,Clam species,2018_womanley_surface,womanley,kelp,2018-07-16,NA,2018,surface,3,edna_womanley_30,surface,biological,14.4,30.55,8.24,12.1,31.7,8.1,6.5,1000,0,51.80230682,-128.2002313,rock,NA,NA,NA,macroalgae,macrocystis,macroalgae_rock,macrocystis_rock,100,9.027749999999999e-159,310,Metazoa,Mollusca,Bivalvia,Adapedonta,Hiatellidae,Hiatella,0,0,TRUE,ASV699,4,NA
edna0087,ASV386,motu316,Hiatella,Clam species,genus,NA,NA,1,1,NA,NA,184,433,334,NA,516,Hiatella,Clam species,2018_womanley_surface,womanley,kelp,2018-07-16,NA,2018,surface,3,edna_womanley_30,surface,biological,14.4,30.55,8.24,12.1,31.7,8.1,6.5,1000,0,51.80230682,-128.2002313,rock,NA,NA,NA,macroalgae,macrocystis,macroalgae_rock,macrocystis_rock,100,9.027749999999999e-159,310,Metazoa,Mollusca,Bivalvia,Adapedonta,Hiatellidae,Hiatella,0,0,TRUE,ASV357,9,NA
edna0087,ASV1097,motu944,Dodecaceria,Cirratulid polychaete,genus,NA,NA,1,NA,NA,NA,14,NA,NA,NA,NA,Dodecaceria,Cirratulid polychaete,2018_womanley_surface,womanley,kelp,2018-07-16,NA,2018,surface,3,edna_womanley_30,surface,biological,14.4,30.55,8.24,12.1,31.7,8.1,6.5,1000,0,51.80230682,-128.2002313,rock,NA,NA,NA,macroalgae,macrocystis,macroalgae_rock,macrocystis_rock,100,1.96163e-160,313,Metazoa,Annelida,Polychaeta,Terebellida,Cirratulidae,Dodecaceria,0,0,TRUE,ASV1097,6,NA
edna0087,ASV2192,motu1809,Myxicola aesthetica,Feather duster worm,species,NA,NA,1,1,NA,NA,45,NA,100,NA,NA,Myxicola aesthetica,Feather duster worm,2018_womanley_surface,womanley,kelp,2018-07-16,NA,2018,surface,3,edna_womanley_30,surface,biological,14.4,30.55,8.24,12.1,31.7,8.1,6.5,1000,0,51.80230682,-128.2002313,rock,NA,NA,NA,macroalgae,macrocystis,macroalgae_rock,macrocystis_rock,99.67,2.4817399999999988e-154,302,Metazoa,Annelida,Polychaeta,Sabellida,Sabellidae,Myxicola,0,0,TRUE,ASV2192,2,Myxicola aesthetica
edna0087,ASV5058,motu2546,Myxicola aesthetica,Feather duster worm,species,NA,NA,1,NA,NA,NA,35,NA,NA,NA,NA,Myxicola aesthetica,Feather duster worm,2018_womanley_surface,womanley,kelp,2018-07-16,NA,2018,surface,3,edna_womanley_30,surface,biological,14.4,30.55,8.24,12.1,31.7,8.1,6.5,1000,0,51.80230682,-128.2002313,rock,NA,NA,NA,macroalgae,macrocystis,macroalgae_rock,macrocystis_rock,99.67,2.4817399999999988e-154,302,Metazoa,Annelida,Polychaeta,Sabellida,Sabellidae,Myxicola,0,0,TRUE,ASV3180,2,Myxicola aesthetica
edna0087,ASV3331,motu2656,Euryte,Cyclopoid copepod,genus,NA,NA,1,1,NA,NA,14,28,27,NA,45,Euryte,Cyclopoid copepod,2018_womanley_surface,womanley,kelp,2018-07-16,NA,2018,surface,3,edna_womanley_30,surface,biological,14.4,30.55,8.24,12.1,31.7,8.1,6.5,1000,0,51.80230682,-128.2002313,rock,NA,NA,NA,macroalgae,macrocystis,macroalgae_rock,macrocystis_rock,99.35,7.002779999999996e-155,303,Metazoa,Arthropoda,Copepoda,Cyclopoida,Euryteidae,Euryte,0,0,TRUE,ASV3331,2,NA
edna0087,ASV4407,motu560,Synchaeta triophthalma,Rotifer,species,NA,NA,1,1,NA,NA,11,29,13,NA,NA,Synchaeta triophthalma,Rotifer,2018_womanley_surface,womanley,kelp,2018-07-16,NA,2018,surface,3,edna_womanley_30,surface,biological,14.4,30.55,8.24,12.1,31.7,8.1,6.5,1000,0,51.80230682,-128.2002313,rock,NA,NA,NA,macroalgae,macrocystis,macroalgae_rock,macrocystis_rock,91.67,1.6336299999999989e-116,234,Metazoa,Rotifera,Eurotatoria,Ploima,Synchaetidae,Synchaeta,0,0,TRUE,ASV647,4,Synchaeta triophthalma
edna0088,ASV324,motu285,Paracalanus parvus parvus,Calanoid copepod,species,NA,NA,1,NA,NA,NA,2,NA,NA,NA,NA,Paracalanus parvus parvus,Calanoid copepod,2018_west_surface,west,kelp,2018-07-17,NA,2018,surface,1,edna_west_00,surface,biological,12.5,31.77,8.07,NA,NA,NA,4.8,1000,0,NA,NA,NA,NA,NA,NA,NA,NA,NA_NA,NA_NA,100,1.17454e-132,263,Metazoa,Arthropoda,Copepoda,Calanoida,Paracalanidae,Paracalanus,0,0,TRUE,ASV324,6,Paracalanus parvus parvus
edna0088,ASV583,motu283,Dodecaceria,Cirratulid polychaete,genus,NA,NA,1,NA,NA,NA,6,NA,NA,NA,NA,Dodecaceria,Cirratulid polychaete,2018_west_surface,west,kelp,2018-07-17,NA,2018,surface,1,edna_west_00,surface,biological,12.5,31.77,8.07,NA,NA,NA,4.8,1000,0,NA,NA,NA,NA,NA,NA,NA,NA,NA_NA,NA_NA,100,1.96163e-160,313,Metazoa,Annelida,Polychaeta,Terebellida,Cirratulidae,Dodecaceria,0,0,TRUE,ASV322,5,NA
edna0089,ASV34,motu31,Centropages abdominalis,Calanoid copepod,species,NA,NA,1,1,NA,NA,2,NA,NA,NA,6,Centropages abdominalis,Calanoid copepod,2018_west_depth,west,kelp,2018-07-17,NA,2018,depth,1,edna_west_15,depth,biological,11.2,31.88,8.07,NA,NA,NA,4.8,1000,0,51.64898316,-128.1517294,NA,NA,NA,NA,macroalgae,macrocystis,macroalgae_NA,macrocystis_NA,100,1.96163e-160,313,Metazoa,Arthropoda,Copepoda,Calanoida,Centropagidae,Centropages,0,0,TRUE,ASV34,19,Centropages abdominalis
edna0089,ASV7862,motu3165,Membranipora membranacea,Coffin box bryozoan,species,NA,NA,1,NA,NA,NA,4,NA,NA,NA,NA,Membranipora membranacea,Coffin box bryozoan,2018_west_depth,west,kelp,2018-07-17,NA,2018,depth,1,edna_west_15,depth,biological,11.2,31.88,8.07,NA,NA,NA,4.8,1000,0,51.64898316,-128.1517294,NA,NA,NA,NA,macroalgae,macrocystis,macroalgae_NA,macrocystis_NA,99.64,9.54302e-139,274,Metazoa,Bryozoa,Gymnolaemata,Cheilostomatida,Membraniporidae,Membranipora,0,0,TRUE,ASV4038,4,Membranipora membranacea
edna0090,ASV498,motu441,Clytia gregaria,Gregarious jellyfish,species,NA,NA,1,1,NA,NA,5,NA,11,NA,17,Clytia gregaria,Gregarious jellyfish,2018_west_surface,west,kelp,2018-07-17,NA,2018,surface,2,edna_west_30,surface,biological,13,31.75,8.06,NA,NA,NA,5.4,1000,0,51.64898937,-128.1515178,NA,NA,NA,NA,macroalgae,macrocystis,macroalgae_NA,macrocystis_NA,99.68,9.126599999999999e-159,310,Metazoa,Cnidaria,Hydrozoa,Leptothecata,Campanulariidae,Clytia,0,0,TRUE,ASV498,2,Clytia gregaria
edna0090,ASV1057,motu909,Orobdella,Freshwater leech,genus,NA,NA,1,1,NA,NA,3,9,NA,NA,5,Orobdella,Freshwater leech,2018_west_surface,west,kelp,2018-07-17,NA,2018,surface,2,edna_west_30,surface,biological,13,31.75,8.06,NA,NA,NA,5.4,1000,0,51.64898937,-128.1515178,NA,NA,NA,NA,macroalgae,macrocystis,macroalgae_NA,macrocystis_NA,97.06,0.0011939,31,Metazoa,Annelida,Annelida,Erpobdelliformes,Orobdellidae,Orobdella,NA,NA,TRUE,ASV1057,1,NA
edna0090,ASV7612,motu609,Hiatella,Clam species,genus,NA,NA,1,NA,NA,NA,6,NA,NA,NA,NA,Hiatella,Clam species,2018_west_surface,west,kelp,2018-07-17,NA,2018,surface,2,edna_west_30,surface,biological,13,31.75,8.06,NA,NA,NA,5.4,1000,0,51.64898937,-128.1515178,NA,NA,NA,NA,macroalgae,macrocystis,macroalgae_NA,macrocystis_NA,99.68,4.284779999999998e-157,307,Metazoa,Mollusca,Bivalvia,Adapedonta,Hiatellidae,Hiatella,0,0,TRUE,ASV699,4,NA
edna0092,ASV1057,motu909,Orobdella,Freshwater leech,genus,NA,NA,1,NA,NA,NA,6,NA,NA,NA,NA,Orobdella,Freshwater leech,2018_west_surface,west,kelp,2018-07-17,NA,2018,surface,3,edna_west_15,surface,biological,12.5,31.58,8.07,NA,NA,NA,5.8,1000,0,51.64898316,-128.1517294,NA,NA,NA,NA,macroalgae,macrocystis,macroalgae_NA,macrocystis_NA,97.06,0.0011939,31,Metazoa,Annelida,Annelida,Erpobdelliformes,Orobdellidae,Orobdella,NA,NA,TRUE,ASV1057,1,NA
edna0092,ASV1319,motu1116,Clytia gregaria,Gregarious jellyfish,species,NA,NA,1,NA,NA,NA,23,NA,NA,NA,NA,Clytia gregaria,Gregarious jellyfish,2018_west_surface,west,kelp,2018-07-17,NA,2018,surface,3,edna_west_15,surface,biological,12.5,31.58,8.07,NA,NA,NA,5.8,1000,0,51.64898316,-128.1517294,NA,NA,NA,NA,macroalgae,macrocystis,macroalgae_NA,macrocystis_NA,99.67,6.925819999999995e-155,303,Metazoa,Cnidaria,Hydrozoa,Leptothecata,Campanulariidae,Clytia,0,0,TRUE,ASV1319,3,Clytia gregaria
edna0093,ASV1462,motu1233,Clytia gregaria,Gregarious jellyfish,species,NA,NA,1,1,NA,NA,41,NA,134,NA,137,Clytia gregaria,Gregarious jellyfish,2018_west_depth,west,kelp,2018-07-17,NA,2018,depth,3,edna_west_30,depth,biological,10.8,31.92,8.01,NA,NA,NA,5.8,1000,0,51.64898937,-128.1515178,NA,NA,NA,NA,macroalgae,macrocystis,macroalgae_NA,macrocystis_NA,99.67,6.925819999999995e-155,303,Metazoa,Cnidaria,Hydrozoa,Leptothecata,Campanulariidae,Clytia,0,0,TRUE,ASV1462,2,Clytia gregaria
edna0093,ASV2153,motu105,Mesocentrotus franciscanus,Red sea urchin,species,NA,NA,1,NA,NA,NA,2,NA,NA,NA,NA,Mesocentrotus franciscanus,Red sea urchin,2018_west_depth,west,kelp,2018-07-17,NA,2018,depth,3,edna_west_30,depth,biological,10.8,31.92,8.01,NA,NA,NA,5.8,1000,0,51.64898937,-128.1515178,NA,NA,NA,NA,macroalgae,macrocystis,macroalgae_NA,macrocystis_NA,100,7.02982e-160,312,Metazoa,Echinodermata,Echinoidea,Camarodonta,Strongylocentrotidae,Mesocentrotus,0,0,TRUE,ASV118,8,Mesocentrotus franciscanus
edna0094,ASV226,motu199,Mytilus trossulus,Bay mussel,species,NA,NA,1,NA,NA,NA,11,NA,NA,NA,NA,Mytilus trossulus,Bay mussel,2018_second_surface,second,kelp,2018-07-17,NA,2018,surface,1,edna_second_00,surface,biological,12.5,31.8,8.1,10.7,31.96,8,6.8,1000,0,51.64920671,-128.155498,rock,NA,NA,NA,macroalgae,nereocystis,macroalgae_rock,nereocystis_rock,100,3.2351099999999996e-158,309,Metazoa,Mollusca,Mollusca,Mytilida,Mytilidae,Mytilus,0,0,TRUE,ASV226,18,Mytilus trossulus
edna0094,ASV118,motu105,Mesocentrotus franciscanus,Red sea urchin,species,NA,NA,1,NA,NA,NA,3,NA,NA,NA,NA,Mesocentrotus franciscanus,Red sea urchin,2018_second_surface,second,kelp,2018-07-17,NA,2018,surface,1,edna_second_00,surface,biological,12.5,31.8,8.1,10.7,31.96,8,6.8,1000,0,51.64920671,-128.155498,rock,NA,NA,NA,macroalgae,nereocystis,macroalgae_rock,nereocystis_rock,100,2.51921e-159,311,Metazoa,Echinodermata,Echinoidea,Camarodonta,Strongylocentrotidae,Mesocentrotus,0,0,TRUE,ASV118,8,Mesocentrotus franciscanus
edna0094,ASV880,motu441,Clytia gregaria,Gregarious jellyfish,species,NA,NA,1,NA,NA,NA,7,NA,NA,NA,NA,Clytia gregaria,Gregarious jellyfish,2018_second_surface,second,kelp,2018-07-17,NA,2018,surface,1,edna_second_00,surface,biological,12.5,31.8,8.1,10.7,31.96,8,6.8,1000,0,51.64920671,-128.155498,rock,NA,NA,NA,macroalgae,nereocystis,macroalgae_rock,nereocystis_rock,99.36,4.246189999999999e-157,307,Metazoa,Cnidaria,Cnidaria,Leptothecata,Campanulariidae,Clytia,0,0,TRUE,ASV498,2,Clytia gregaria
edna0094,ASV1917,motu1595,Arthropoda,Unknown arthropod,phylum,NA,NA,1,NA,NA,NA,4,NA,NA,NA,NA,Arthropoda,Unknown arthropod,2018_second_surface,second,kelp,2018-07-17,NA,2018,surface,1,edna_second_00,surface,biological,12.5,31.8,8.1,10.7,31.96,8,6.8,1000,0,51.64920671,-128.155498,rock,NA,NA,NA,macroalgae,nereocystis,macroalgae_rock,nereocystis_rock,95,2.34566e-5,34,Metazoa,Arthropoda,NA,NA,NA,NA,NA,NA,TRUE,ASV1917,1,NA
edna0094,ASV4405,motu190,Mytilus trossulus,Bay mussel,species,NA,NA,1,1,NA,NA,17,NA,36,NA,NA,Mytilus trossulus,Bay mussel,2018_second_surface,second,kelp,2018-07-17,NA,2018,surface,1,edna_second_00,surface,biological,12.5,31.8,8.1,10.7,31.96,8,6.8,1000,0,51.64920671,-128.155498,rock,NA,NA,NA,macroalgae,nereocystis,macroalgae_rock,nereocystis_rock,99.68,1.5051499999999994e-156,306,Metazoa,Mollusca,Mollusca,Mytilida,Mytilidae,Mytilus,0,0,TRUE,ASV216,23,Mytilus trossulus
edna0094,ASV5060,motu3897,Chaetognatha,Arrow worm,phylum,NA,NA,1,NA,NA,NA,6,NA,NA,NA,NA,Chaetognatha,Arrow worm,2018_second_surface,second,kelp,2018-07-17,NA,2018,surface,1,edna_second_00,surface,biological,12.5,31.8,8.1,10.7,31.96,8,6.8,1000,0,51.64920671,-128.155498,rock,NA,NA,NA,macroalgae,nereocystis,macroalgae_rock,nereocystis_rock,95.02,1.67366e-81,171,Metazoa,Chaetognatha,NA,NA,NA,NA,0,0,TRUE,ASV5060,1,NA
edna0094,ASV3630,motu2877,Pseudocnus lubricus,Fishers sea cucumber,species,NA,NA,1,1,NA,NA,12,NA,NA,NA,28,Pseudocnus lubricus,Fishers sea cucumber,2018_second_surface,second,kelp,2018-07-17,NA,2018,surface,1,edna_second_00,surface,biological,12.5,31.8,8.1,10.7,31.96,8,6.8,1000,0,51.64920671,-128.155498,rock,NA,NA,NA,macroalgae,nereocystis,macroalgae_rock,nereocystis_rock,100,1.4886099999999998e-156,306,Metazoa,Echinodermata,Holothuroidea,Dendrochirotida,Cucumariidae,Cucumaria,0,0,TRUE,ASV3630,1,Pseudocnus lubricus
edna0095,ASV2467,motu944,Dodecaceria,Cirratulid polychaete,genus,NA,NA,1,NA,NA,NA,14,NA,NA,NA,NA,Dodecaceria,Cirratulid polychaete,2018_second_surface,second,kelp,2018-07-17,NA,2018,surface,2,edna_second_15,surface,biological,13,30.8,8.1,10.6,32,8.97,7.1,1000,0,51.64922548,-128.1552836,rock,NA,NA,NA,macroalgae,nereocystis,macroalgae_rock,nereocystis_rock,100,1.96163e-160,313,Metazoa,Annelida,Polychaeta,Terebellida,Cirratulidae,Dodecaceria,0,0,TRUE,ASV1097,6,NA
edna0095,ASV2908,motu316,Hiatella,Clam species,genus,NA,NA,1,1,NA,NA,7,10,8,NA,NA,Hiatella,Clam species,2018_second_surface,second,kelp,2018-07-17,NA,2018,surface,2,edna_second_15,surface,biological,13,30.8,8.1,10.6,32,8.97,7.1,1000,0,51.64922548,-128.1552836,rock,NA,NA,NA,macroalgae,nereocystis,macroalgae_rock,nereocystis_rock,99.68,4.200199999999998e-157,307,Metazoa,Mollusca,Bivalvia,Adapedonta,Hiatellidae,Hiatella,0,0,TRUE,ASV357,9,NA
edna0095,ASV3134,motu2516,Syllidae,Necklace worm species,family,NA,NA,1,1,NA,NA,18,47,24,NA,43,Syllidae,Necklace worm species,2018_second_surface,second,kelp,2018-07-17,NA,2018,surface,2,edna_second_15,surface,biological,13,30.8,8.1,10.6,32,8.97,7.1,1000,0,51.64922548,-128.1552836,rock,NA,NA,NA,macroalgae,nereocystis,macroalgae_rock,nereocystis_rock,99.04,1.97556e-155,304,Metazoa,Annelida,Polychaeta,Phyllodocida,Syllidae,NA,0,0,TRUE,ASV3134,1,NA
edna0095,ASV3228,motu2585,Syllidae,Necklace worm species,family,NA,NA,1,1,NA,NA,17,42,35,NA,29,Syllidae,Necklace worm species,2018_second_surface,second,kelp,2018-07-17,NA,2018,surface,2,edna_second_15,surface,biological,13,30.8,8.1,10.6,32,8.97,7.1,1000,0,51.64922548,-128.1552836,rock,NA,NA,NA,macroalgae,nereocystis,macroalgae_rock,nereocystis_rock,99.04,1.97556e-155,304,Metazoa,Annelida,Polychaeta,Phyllodocida,Syllidae,NA,0,0,TRUE,ASV3228,1,NA
edna0096,ASV357,motu316,Hiatella,Clam species,genus,NA,NA,1,1,NA,NA,16,14,NA,NA,NA,Hiatella,Clam species,2018_second_surface,second,kelp,2018-07-17,NA,2018,surface,3,edna_second_30,surface,biological,12.9,31.73,8.08,11.4,31.86,8.07,5.2,1000,0,51.64923127,-128.1550769,rock,NA,NA,NA,macroalgae,nereocystis,macroalgae_rock,nereocystis_rock,100,9.027749999999999e-159,310,Metazoa,Mollusca,Bivalvia,Adapedonta,Hiatellidae,Hiatella,0,0,TRUE,ASV357,9,NA
edna0096,ASV699,motu609,Hiatella,Clam species,genus,NA,NA,1,1,NA,NA,12,18,NA,NA,NA,Hiatella,Clam species,2018_second_surface,second,kelp,2018-07-17,NA,2018,surface,3,edna_second_30,surface,biological,12.9,31.73,8.08,11.4,31.86,8.07,5.2,1000,0,51.64923127,-128.1550769,rock,NA,NA,NA,macroalgae,nereocystis,macroalgae_rock,nereocystis_rock,100,9.027749999999999e-159,310,Metazoa,Mollusca,Bivalvia,Adapedonta,Hiatellidae,Hiatella,0,0,TRUE,ASV699,4,NA
edna0096,ASV716,motu622,Chone magna,Feather duster worm,species,NA,NA,1,NA,NA,NA,3,NA,NA,NA,NA,Chone magna,Feather duster worm,2018_second_surface,second,kelp,2018-07-17,NA,2018,surface,3,edna_second_30,surface,biological,12.9,31.73,8.08,11.4,31.86,8.07,5.2,1000,0,51.64923127,-128.1550769,rock,NA,NA,NA,macroalgae,nereocystis,macroalgae_rock,nereocystis_rock,100,1.96163e-160,313,Metazoa,Annelida,Polychaeta,Sabellida,Sabellidae,Chone,0,0,TRUE,ASV716,2,Chone magna
edna0096,ASV670,motu583,Synchaeta triophthalma,Rotifer,species,NA,NA,1,NA,NA,NA,2,NA,NA,NA,NA,Synchaeta triophthalma,Rotifer,2018_second_surface,second,kelp,2018-07-17,NA,2018,surface,3,edna_second_30,surface,biological,12.9,31.73,8.08,11.4,31.86,8.07,5.2,1000,0,51.64923127,-128.1550769,rock,NA,NA,NA,macroalgae,nereocystis,macroalgae_rock,nereocystis_rock,91.99,3.511259999999999e-118,237,Metazoa,Rotifera,Eurotatoria,Ploima,Synchaetidae,Synchaeta,0,0,TRUE,ASV670,4,Synchaeta triophthalma
edna0096,ASV780,motu679,Aequorea,Crystal jelly species,genus,NA,NA,1,1,NA,NA,4,NA,7,NA,NA,Aequorea,Crystal jelly species,2018_second_surface,second,kelp,2018-07-17,NA,2018,surface,3,edna_second_30,surface,biological,12.9,31.73,8.08,11.4,31.86,8.07,5.2,1000,0,51.64923127,-128.1550769,rock,NA,NA,NA,macroalgae,nereocystis,macroalgae_rock,nereocystis_rock,100,1.4886099999999998e-156,306,Metazoa,Cnidaria,Hydrozoa,Leptothecata,Aequoreidae,Aequorea,0,0,TRUE,ASV780,4,NA
edna0096,ASV1477,motu1247,Pollicipes polymerus,Gooseneck barnacle,species,NA,NA,1,1,NA,NA,4,NA,NA,NA,4,Pollicipes polymerus,Gooseneck barnacle,2018_second_surface,second,kelp,2018-07-17,NA,2018,surface,3,edna_second_30,surface,biological,12.9,31.73,8.08,11.4,31.86,8.07,5.2,1000,0,51.64923127,-128.1550769,rock,NA,NA,NA,macroalgae,nereocystis,macroalgae_rock,nereocystis_rock,100,3.2351099999999996e-158,309,Metazoa,Arthropoda,Thecostraca,Pollicipedomorpha,Pollicipedidae,Pollicipes,0,0,TRUE,ASV1477,2,Pollicipes polymerus
edna0096,ASV2645,motu2147,Pseudocalanus mimus,Calanoid copepod,species,NA,NA,1,1,NA,NA,27,19,101,NA,48,Pseudocalanus mimus,Calanoid copepod,2018_second_surface,second,kelp,2018-07-17,NA,2018,surface,3,edna_second_30,surface,biological,12.9,31.73,8.08,11.4,31.86,8.07,5.2,1000,0,51.64923127,-128.1550769,rock,NA,NA,NA,macroalgae,nereocystis,macroalgae_rock,nereocystis_rock,99.67,5.531789999999998e-151,296,Metazoa,Arthropoda,Copepoda,Calanoida,Clausocalanidae,Pseudocalanus,0,0,TRUE,ASV2645,1,Pseudocalanus mimus
edna0096,ASV1680,motu1405,Aurelia,Moon jelly species,genus,NA,NA,1,NA,NA,NA,2,NA,NA,NA,NA,Aurelia,Moon jelly species,2018_second_surface,second,kelp,2018-07-17,NA,2018,surface,3,edna_second_30,surface,biological,12.9,31.73,8.08,11.4,31.86,8.07,5.2,1000,0,51.64923127,-128.1550769,rock,NA,NA,NA,macroalgae,nereocystis,macroalgae_rock,nereocystis_rock,100,1.96163e-160,313,Metazoa,Cnidaria,Cnidaria,Semaeostomeae,Ulmaridae,Aurelia,0,0,TRUE,ASV1680,1,NA
edna0096,ASV2847,motu181,Pseudocalanus mimus,Calanoid copepod,species,NA,NA,1,1,NA,NA,18,32,89,NA,26,Pseudocalanus mimus,Calanoid copepod,2018_second_surface,second,kelp,2018-07-17,NA,2018,surface,3,edna_second_30,surface,biological,12.9,31.73,8.08,11.4,31.86,8.07,5.2,1000,0,51.64923127,-128.1550769,rock,NA,NA,NA,macroalgae,nereocystis,macroalgae_rock,nereocystis_rock,99.67,5.531789999999998e-151,296,Metazoa,Arthropoda,Copepoda,Calanoida,Clausocalanidae,Pseudocalanus,0,0,TRUE,ASV205,8,Pseudocalanus mimus
edna0096,ASV2886,motu2333,Hemipodia simplex,Bloodworm,species,NA,NA,1,1,NA,NA,17,33,90,NA,20,Hemipodia simplex,Bloodworm,2018_second_surface,second,kelp,2018-07-17,NA,2018,surface,3,edna_second_30,surface,biological,12.9,31.73,8.08,11.4,31.86,8.07,5.2,1000,0,51.64923127,-128.1550769,rock,NA,NA,NA,macroalgae,nereocystis,macroalgae_rock,nereocystis_rock,100,7.055289999999999e-160,312,Metazoa,Annelida,Polychaeta,Phyllodocida,Glyceridae,Hemipodia,0,0,TRUE,ASV2886,1,Hemipodia simplex
edna0096,ASV5934,motu4562,Xingyurella,Thecate Hydroid,genus,NA,NA,1,NA,NA,NA,4,NA,NA,NA,NA,Xingyurella,Thecate Hydroid,2018_second_surface,second,kelp,2018-07-17,NA,2018,surface,3,edna_second_30,surface,biological,12.9,31.73,8.08,11.4,31.86,8.07,5.2,1000,0,51.64923127,-128.1550769,rock,NA,NA,NA,macroalgae,nereocystis,macroalgae_rock,nereocystis_rock,95.13,1.20545e-132,263,Metazoa,Cnidaria,Cnidaria,Leptothecata,Sertularellidae,Xingyurella,0,0,TRUE,ASV5934,1,NA
edna0097,ASV386,motu316,Hiatella,Clam species,genus,NA,NA,1,1,NA,NA,21,37,57,NA,NA,Hiatella,Clam species,2018_north_surface,north,kelp,2018-07-17,NA,2018,surface,1,edna_north_00,surface,biological,11.1,31.73,7.99,10.5,31.93,7.96,7.5,1000,0,51.66710631,-128.1402668,rock,NA,NA,NA,macroalgae,nereocystis,macroalgae_rock,nereocystis_rock,100,9.027749999999999e-159,310,Metazoa,Mollusca,Bivalvia,Adapedonta,Hiatellidae,Hiatella,0,0,TRUE,ASV357,9,NA
edna0097,ASV1057,motu909,Orobdella,Freshwater leech,genus,NA,NA,1,NA,NA,NA,4,NA,NA,NA,NA,Orobdella,Freshwater leech,2018_north_surface,north,kelp,2018-07-17,NA,2018,surface,1,edna_north_00,surface,biological,11.1,31.73,7.99,10.5,31.93,7.96,7.5,1000,0,51.66710631,-128.1402668,rock,NA,NA,NA,macroalgae,nereocystis,macroalgae_rock,nereocystis_rock,97.06,0.0011939,31,Metazoa,Annelida,Annelida,Erpobdelliformes,Orobdellidae,Orobdella,NA,NA,TRUE,ASV1057,1,NA
edna0097,ASV1443,motu1220,Orobdella,Freshwater leech,genus,NA,NA,1,1,NA,NA,3,NA,NA,NA,9,Orobdella,Freshwater leech,2018_north_surface,north,kelp,2018-07-17,NA,2018,surface,1,edna_north_00,surface,biological,11.1,31.73,7.99,10.5,31.93,7.96,7.5,1000,0,51.66710631,-128.1402668,rock,NA,NA,NA,macroalgae,nereocystis,macroalgae_rock,nereocystis_rock,97.06,0.0011939,31,Metazoa,Annelida,Annelida,Erpobdelliformes,Orobdellidae,Orobdella,NA,NA,TRUE,ASV1443,1,NA
edna0097,ASV2852,motu2305,Coleoptera,Hexapod,order,NA,NA,1,1,NA,NA,4,15,NA,NA,NA,Coleoptera,Hexapod,2018_north_surface,north,kelp,2018-07-17,NA,2018,surface,1,edna_north_00,surface,biological,11.1,31.73,7.99,10.5,31.93,7.96,7.5,1000,0,51.66710631,-128.1402668,rock,NA,NA,NA,macroalgae,nereocystis,macroalgae_rock,nereocystis_rock,100,0.00110774,31,Metazoa,Arthropoda,Arthropoda,Coleoptera,NA,NA,NA,NA,TRUE,ASV2852,1,NA
edna0097,ASV4379,motu3416,Syllis pigmentata,Necklace worm species,species,NA,NA,1,1,NA,NA,9,NA,27,NA,18,Syllis pigmentata,Necklace worm species,2018_north_surface,north,kelp,2018-07-17,NA,2018,surface,1,edna_north_00,surface,biological,11.1,31.73,7.99,10.5,31.93,7.96,7.5,1000,0,51.66710631,-128.1402668,rock,NA,NA,NA,macroalgae,nereocystis,macroalgae_rock,nereocystis_rock,100,1.4886099999999998e-156,306,Metazoa,Annelida,Polychaeta,Phyllodocida,Syllidae,Syllis,0,0,TRUE,ASV4379,1,Syllis pigmentata
edna0098,ASV770,motu609,Hiatella,Clam species,genus,NA,NA,1,1,NA,NA,8,NA,NA,NA,10,Hiatella,Clam species,2018_north_surface,north,kelp,2018-07-17,NA,2018,surface,2,edna_north_15,surface,biological,11.5,31.8,7.98,10.5,31.93,7.97,5.2,1000,0,51.66722985,-128.1401768,rock,NA,NA,NA,macroalgae,nereocystis,macroalgae_rock,nereocystis_rock,100,9.027749999999999e-159,310,Metazoa,Mollusca,Bivalvia,Adapedonta,Hiatellidae,Hiatella,0,0,TRUE,ASV699,4,NA
edna0098,ASV386,motu316,Hiatella,Clam species,genus,NA,NA,1,1,NA,NA,6,7,7,NA,12,Hiatella,Clam species,2018_north_surface,north,kelp,2018-07-17,NA,2018,surface,2,edna_north_15,surface,biological,11.5,31.8,7.98,10.5,31.93,7.97,5.2,1000,0,51.66722985,-128.1401768,rock,NA,NA,NA,macroalgae,nereocystis,macroalgae_rock,nereocystis_rock,100,9.027749999999999e-159,310,Metazoa,Mollusca,Bivalvia,Adapedonta,Hiatellidae,Hiatella,0,0,TRUE,ASV357,9,NA
edna0098,ASV679,motu591,Phyllodocida,Polychaete,order,NA,NA,1,NA,NA,NA,4,NA,NA,NA,NA,Phyllodocida,Polychaete,2018_north_surface,north,kelp,2018-07-17,NA,2018,surface,2,edna_north_15,surface,biological,11.5,31.8,7.98,10.5,31.93,7.97,5.2,1000,0,51.66722985,-128.1401768,rock,NA,NA,NA,macroalgae,nereocystis,macroalgae_rock,nereocystis_rock,100,0.0603188,28,Metazoa,Annelida,Annelida,Phyllodocida,NA,NA,0,0,TRUE,ASV679,1,NA
edna0098,ASV1462,motu1233,Clytia gregaria,Gregarious jellyfish,species,NA,NA,1,NA,NA,NA,4,NA,NA,NA,NA,Clytia gregaria,Gregarious jellyfish,2018_north_surface,north,kelp,2018-07-17,NA,2018,surface,2,edna_north_15,surface,biological,11.5,31.8,7.98,10.5,31.93,7.97,5.2,1000,0,51.66722985,-128.1401768,rock,NA,NA,NA,macroalgae,nereocystis,macroalgae_rock,nereocystis_rock,99.67,6.925819999999995e-155,303,Metazoa,Cnidaria,Hydrozoa,Leptothecata,Campanulariidae,Clytia,0,0,TRUE,ASV1462,2,Clytia gregaria
edna0099,ASV357,motu316,Hiatella,Clam species,genus,NA,NA,1,1,NA,NA,8,15,NA,NA,NA,Hiatella,Clam species,2018_north_surface,north,kelp,2018-07-17,NA,2018,surface,3,edna_north_30,surface,biological,11,31.8,7.98,10.5,31.89,7.97,4.8,1000,0,51.66736753,-128.1400531,rock,NA,NA,NA,macroalgae,nereocystis,macroalgae_rock,nereocystis_rock,100,9.027749999999999e-159,310,Metazoa,Mollusca,Bivalvia,Adapedonta,Hiatellidae,Hiatella,0,0,TRUE,ASV357,9,NA
edna0099,ASV770,motu609,Hiatella,Clam species,genus,NA,NA,1,1,NA,NA,9,16,NA,NA,NA,Hiatella,Clam species,2018_north_surface,north,kelp,2018-07-17,NA,2018,surface,3,edna_north_30,surface,biological,11,31.8,7.98,10.5,31.89,7.97,4.8,1000,0,51.66736753,-128.1400531,rock,NA,NA,NA,macroalgae,nereocystis,macroalgae_rock,nereocystis_rock,100,9.027749999999999e-159,310,Metazoa,Mollusca,Bivalvia,Adapedonta,Hiatellidae,Hiatella,0,0,TRUE,ASV699,4,NA
edna0099,ASV1451,motu796,Panopea generosa,Pacific geoduck,species,NA,NA,1,NA,NA,NA,5,NA,NA,NA,NA,Panopea generosa,Pacific geoduck,2018_north_surface,north,kelp,2018-07-17,NA,2018,surface,3,edna_north_30,surface,biological,11,31.8,7.98,10.5,31.89,7.97,4.8,1000,0,51.66736753,-128.1400531,rock,NA,NA,NA,macroalgae,nereocystis,macroalgae_rock,nereocystis_rock,100,7.02982e-160,312,Metazoa,Mollusca,Bivalvia,Adapedonta,Hiatellidae,Panopea,0,0,TRUE,ASV916,4,Panopea generosa
edna0102,ASV733,motu637,Phyllodocida,Polychaete,order,NA,NA,1,NA,NA,NA,4,NA,NA,NA,NA,Phyllodocida,Polychaete,2018_koe3_surface,koe3,beach_seine,2018-07-20,2018-07-18,2018,surface,3,edna_koe3_30,surface,biological,14.3,34.4,8.08,12.9,28.38,8.15,2,1000,0,51.77580035,-127.8788341,sand,n,90,p,macroalgae,nereocystis,macroalgae_sand,nereocystis_sand,100,0.0603188,28,Metazoa,Annelida,Annelida,Phyllodocida,NA,NA,0,0,TRUE,ASV733,1,NA
edna0102,ASV536,motu470,Paracalanus parvus parvus,Calanoid copepod,species,NA,NA,1,NA,NA,NA,8,NA,NA,NA,NA,Paracalanus parvus parvus,Calanoid copepod,2018_koe3_surface,koe3,beach_seine,2018-07-20,2018-07-18,2018,surface,3,edna_koe3_30,surface,biological,14.3,34.4,8.08,12.9,28.38,8.15,2,1000,0,51.77580035,-127.8788341,sand,n,90,p,macroalgae,nereocystis,macroalgae_sand,nereocystis_sand,100,1.17454e-132,263,Metazoa,Arthropoda,Copepoda,Calanoida,Paracalanidae,Paracalanus,0,0,TRUE,ASV536,6,Paracalanus parvus parvus
edna0102,ASV1722,motu1438,Aurelia labiata,Moon jelly species,species,NA,NA,1,NA,NA,NA,14,NA,NA,NA,NA,Aurelia labiata,Moon jelly species,2018_koe3_surface,koe3,beach_seine,2018-07-20,2018-07-18,2018,surface,3,edna_koe3_30,surface,biological,14.3,34.4,8.08,12.9,28.38,8.15,2,1000,0,51.77580035,-127.8788341,sand,n,90,p,macroalgae,nereocystis,macroalgae_sand,nereocystis_sand,99.36,4.246189999999999e-157,307,Metazoa,Cnidaria,Scyphozoa,Semaeostomeae,Ulmaridae,Aurelia,0,0,TRUE,ASV1722,4,Aurelia labiata
edna0102,ASV7060,motu5498,Balanus,Barnacle species,genus,NA,NA,1,NA,NA,NA,10,NA,NA,NA,NA,Balanus,Barnacle species,2018_koe3_surface,koe3,beach_seine,2018-07-20,2018-07-18,2018,surface,3,edna_koe3_30,surface,biological,14.3,34.4,8.08,12.9,28.38,8.15,2,1000,0,51.77580035,-127.8788341,sand,n,90,p,macroalgae,nereocystis,macroalgae_sand,nereocystis_sand,99.02,1.52936e-151,297,Metazoa,Arthropoda,Arthropoda,Balanomorpha,Balanidae,Balanus,0,0,TRUE,ASV7060,1,NA
edna0102,ASV4227,motu2222,Corophiidae,Amphipod,family,NA,NA,1,NA,NA,NA,7,NA,NA,NA,NA,Corophiidae,Amphipod,2018_koe3_surface,koe3,beach_seine,2018-07-20,2018-07-18,2018,surface,3,edna_koe3_30,surface,biological,14.3,34.4,8.08,12.9,28.38,8.15,2,1000,0,51.77580035,-127.8788341,sand,n,90,p,macroalgae,nereocystis,macroalgae_sand,nereocystis_sand,99.36,5.453139999999996e-156,305,Metazoa,Arthropoda,Malacostraca,Amphipoda,Corophiidae,NA,0,0,TRUE,ASV2743,3,NA
edna0103,ASV467,motu412,Saxidomus,Washington clam species,genus,NA,NA,1,NA,NA,NA,2,NA,NA,NA,NA,Saxidomus,Washington clam species,2018_koe1_surface,koe1,beach_seine,2018-07-20,2018-07-18,2018,surface,1,edna_koe1_00,surface,biological,14.6,22.86,8.4,11.1,30.49,8.07,2.9,1000,0,51.77287511,-127.8757811,sand,y,500,p,none,none,none_sand,none_sand,100,1.96163e-160,313,Metazoa,Mollusca,Mollusca,Venerida,Veneridae,Saxidomus,0,0,TRUE,ASV467,12,NA
edna0103,ASV978,motu848,Halosydna brevisetosa,Shortscaled worm,species,NA,NA,1,NA,NA,NA,3,NA,NA,NA,NA,Halosydna brevisetosa,Shortscaled worm,2018_koe1_surface,koe1,beach_seine,2018-07-20,2018-07-18,2018,surface,1,edna_koe1_00,surface,biological,14.6,22.86,8.4,11.1,30.49,8.07,2.9,1000,0,51.77287511,-127.8757811,sand,y,500,p,none,none,none_sand,none_sand,100,1.96163e-160,313,Metazoa,Annelida,Polychaeta,Phyllodocida,Polynoidae,Halosydna,0,0,TRUE,ASV978,4,Halosydna brevisetosa
edna0103,ASV6092,motu1438,Aurelia labiata,Moon jelly species,species,NA,NA,1,NA,NA,NA,19,NA,NA,NA,NA,Aurelia labiata,Moon jelly species,2018_koe1_surface,koe1,beach_seine,2018-07-20,2018-07-18,2018,surface,1,edna_koe1_00,surface,biological,14.6,22.86,8.4,11.1,30.49,8.07,2.9,1000,0,51.77287511,-127.8757811,sand,y,500,p,none,none,none_sand,none_sand,99.36,4.246189999999999e-157,307,Metazoa,Cnidaria,Scyphozoa,Semaeostomeae,Ulmaridae,Aurelia,0,0,TRUE,ASV1722,4,Aurelia labiata
edna0103,ASV1698,motu1419,Aurelia labiata,Moon jelly species,species,NA,NA,1,1,NA,NA,15,NA,NA,NA,38,Aurelia labiata,Moon jelly species,2018_koe1_surface,koe1,beach_seine,2018-07-20,2018-07-18,2018,surface,1,edna_koe1_00,surface,biological,14.6,22.86,8.4,11.1,30.49,8.07,2.9,1000,0,51.77287511,-127.8757811,sand,y,500,p,none,none,none_sand,none_sand,99.36,4.246189999999999e-157,307,Metazoa,Cnidaria,Scyphozoa,Semaeostomeae,Ulmaridae,Aurelia,0,0,TRUE,ASV1698,4,Aurelia labiata
edna0103,ASV2640,motu1014,Corophiidae,Amphipod,family,NA,NA,1,NA,NA,NA,11,NA,NA,NA,NA,Corophiidae,Amphipod,2018_koe1_surface,koe1,beach_seine,2018-07-20,2018-07-18,2018,surface,1,edna_koe1_00,surface,biological,14.6,22.86,8.4,11.1,30.49,8.07,2.9,1000,0,51.77287511,-127.8757811,sand,y,500,p,none,none,none_sand,none_sand,98.72,3.29388e-153,300,Metazoa,Arthropoda,Malacostraca,Amphipoda,Corophiidae,NA,0,0,TRUE,ASV1186,2,NA
edna0104,ASV1070,motu922,Pleurobrachia bachei,Pacific sea gooseberry,species,NA,NA,1,1,NA,NA,3,23,24,NA,15,Pleurobrachia bachei,Pacific sea gooseberry,2018_koe1_surface,koe1,beach_seine,2018-07-20,2018-07-18,2018,surface,2,edna_koe1_15,surface,biological,14.6,22.81,8.03,11.3,30.52,8.08,2.3,1000,0,51.77258216,-127.8758992,sand,y,500,p,none,none,none_sand,none_sand,100,1.96163e-160,313,Metazoa,Ctenophora,Tentaculata,Cydippida,Cydippidae,Pleurobrachia,0,0,TRUE,ASV1070,7,Pleurobrachia bachei
edna0104,ASV7473,motu285,Paracalanus parvus parvus,Calanoid copepod,species,NA,NA,1,NA,NA,NA,7,NA,NA,NA,NA,Paracalanus parvus parvus,Calanoid copepod,2018_koe1_surface,koe1,beach_seine,2018-07-20,2018-07-18,2018,surface,2,edna_koe1_15,surface,biological,14.6,22.81,8.03,11.3,30.52,8.08,2.3,1000,0,51.77258216,-127.8758992,sand,y,500,p,none,none,none_sand,none_sand,99.62,5.574619999999996e-131,260,Metazoa,Arthropoda,Arthropoda,Calanoida,Paracalanidae,Paracalanus,0,0,TRUE,ASV324,6,Paracalanus parvus parvus
edna0105,ASV324,motu285,Paracalanus parvus parvus,Calanoid copepod,species,NA,NA,1,1,NA,NA,7,NA,NA,NA,2,Paracalanus parvus parvus,Calanoid copepod,2018_koe1_surface,koe1,beach_seine,2018-07-20,2018-07-18,2018,surface,3,edna_koe1_30,surface,biological,14.6,22.64,8.02,12.2,29.48,8.02,2.5,1000,0,51.77230921,-127.87611,sand,y,500,p,none,none,none_sand,none_sand,100,1.17454e-132,263,Metazoa,Arthropoda,Copepoda,Calanoida,Paracalanidae,Paracalanus,0,0,TRUE,ASV324,6,Paracalanus parvus parvus
edna0105,ASV1186,motu1014,Corophiidae,Amphipod,family,NA,NA,1,NA,NA,NA,9,NA,NA,NA,NA,Corophiidae,Amphipod,2018_koe1_surface,koe1,beach_seine,2018-07-20,2018-07-18,2018,surface,3,edna_koe1_30,surface,biological,14.6,22.64,8.02,12.2,29.48,8.02,2.5,1000,0,51.77230921,-127.87611,sand,y,500,p,none,none,none_sand,none_sand,98.72,9.19139e-154,301,Metazoa,Arthropoda,Malacostraca,Amphipoda,Corophiidae,NA,0,0,TRUE,ASV1186,2,NA
edna0105,ASV3591,motu2845,Syllidae,Necklace worm species,family,NA,NA,1,1,NA,NA,19,NA,40,NA,NA,Syllidae,Necklace worm species,2018_koe1_surface,koe1,beach_seine,2018-07-20,2018-07-18,2018,surface,3,edna_koe1_30,surface,biological,14.6,22.64,8.02,12.2,29.48,8.02,2.5,1000,0,51.77230921,-127.87611,sand,y,500,p,none,none,none_sand,none_sand,99.68,1.5051499999999994e-156,306,Metazoa,Annelida,Polychaeta,Phyllodocida,Syllidae,NA,0,0,TRUE,ASV3591,1,NA
edna0023,ASV132,motu118,Mesocentrotus franciscanus,Red sea urchin,species,NA,NA,1,1,NA,NA,49,NA,139,NA,124,Mesocentrotus franciscanus,Red sea urchin,2018_chp_depth,chp,beach_seine,2018-07-12,2018-07-10,2018,depth,1,edna_chp_15,depth,biological,NA,NA,NA,NA,NA,NA,3.5,1000,0,51.67628487,-128.1233672,sand,n,35,e,seagrass,zostera,seagrass_sand,zostera_sand,100,2.51921e-159,311,Metazoa,Echinodermata,Echinoidea,Camarodonta,Strongylocentrotidae,Mesocentrotus,0,0,TRUE,ASV132,8,Mesocentrotus franciscanus
edna0023,ASV770,motu609,Hiatella,Clam species,genus,NA,NA,1,1,NA,NA,7,NA,NA,NA,24,Hiatella,Clam species,2018_chp_depth,chp,beach_seine,2018-07-12,2018-07-10,2018,depth,1,edna_chp_15,depth,biological,NA,NA,NA,NA,NA,NA,3.5,1000,0,51.67628487,-128.1233672,sand,n,35,e,seagrass,zostera,seagrass_sand,zostera_sand,100,9.027749999999999e-159,310,Metazoa,Mollusca,Bivalvia,Adapedonta,Hiatellidae,Hiatella,0,0,TRUE,ASV699,4,NA
edna0023,ASV386,motu316,Hiatella,Clam species,genus,NA,NA,1,1,NA,NA,8,19,NA,NA,32,Hiatella,Clam species,2018_chp_depth,chp,beach_seine,2018-07-12,2018-07-10,2018,depth,1,edna_chp_15,depth,biological,NA,NA,NA,NA,NA,NA,3.5,1000,0,51.67628487,-128.1233672,sand,n,35,e,seagrass,zostera,seagrass_sand,zostera_sand,100,9.027749999999999e-159,310,Metazoa,Mollusca,Bivalvia,Adapedonta,Hiatellidae,Hiatella,0,0,TRUE,ASV357,9,NA
edna0023,ASV1152,motu987,Halosydna brevisetosa,Shortscaled worm,species,NA,NA,1,NA,NA,NA,65,NA,NA,NA,NA,Halosydna brevisetosa,Shortscaled worm,2018_chp_depth,chp,beach_seine,2018-07-12,2018-07-10,2018,depth,1,edna_chp_15,depth,biological,NA,NA,NA,NA,NA,NA,3.5,1000,0,51.67628487,-128.1233672,sand,n,35,e,seagrass,zostera,seagrass_sand,zostera_sand,100,3.2351099999999996e-158,309,Metazoa,Annelida,Polychaeta,Phyllodocida,Polynoidae,Halosydna,0,0,TRUE,ASV1152,1,Halosydna brevisetosa
edna0023,ASV4735,motu1556,Dodecaceria,Cirratulid polychaete,genus,NA,NA,1,NA,NA,NA,9,NA,NA,NA,NA,Dodecaceria,Cirratulid polychaete,2018_chp_depth,chp,beach_seine,2018-07-12,2018-07-10,2018,depth,1,edna_chp_15,depth,biological,NA,NA,NA,NA,NA,NA,3.5,1000,0,51.67628487,-128.1233672,sand,n,35,e,seagrass,zostera,seagrass_sand,zostera_sand,100,7.02982e-160,312,Metazoa,Annelida,Polychaeta,Terebellida,Cirratulidae,Dodecaceria,0,0,TRUE,ASV1870,5,NA
edna0023,ASV3945,motu3098,Diosaccus spinatus,Harpacticoid copepod,species,NA,NA,1,1,NA,NA,18,17,22,NA,18,Diosaccus spinatus,Harpacticoid copepod,2018_chp_depth,chp,beach_seine,2018-07-12,2018-07-10,2018,depth,1,edna_chp_15,depth,biological,NA,NA,NA,NA,NA,NA,3.5,1000,0,51.67628487,-128.1233672,sand,n,35,e,seagrass,zostera,seagrass_sand,zostera_sand,99.68,9.126599999999999e-159,310,Metazoa,Arthropoda,Copepoda,Harpacticoida,Miraciidae,Diosaccus,0,0,TRUE,ASV3945,1,Diosaccus spinatus
edna0106,ASV377,motu334,Synchaeta pectinata,Rotifer,species,NA,NA,1,NA,NA,NA,3,NA,NA,NA,NA,Synchaeta pectinata,Rotifer,2018_sni1_surface,sni1,beach_seine,2018-07-18,2018-07-16,2018,surface,1,edna_sni1_00,surface,biological,10.7,30.65,8.08,9,31.4,7.76,6.8,1000,0,51.83867929,-128.0592127,mud,n,80,p,seagrass,zostera,seagrass_mud,zostera_mud,90.48,1.6452299999999999e-111,225,Metazoa,Rotifera,Eurotatoria,Ploima,Synchaetidae,Synchaeta,0,0,TRUE,ASV377,5,Synchaeta pectinata
edna0106,ASV1057,motu909,Orobdella,Freshwater leech,genus,NA,NA,1,NA,NA,NA,4,NA,NA,NA,NA,Orobdella,Freshwater leech,2018_sni1_surface,sni1,beach_seine,2018-07-18,2018-07-16,2018,surface,1,edna_sni1_00,surface,biological,10.7,30.65,8.08,9,31.4,7.76,6.8,1000,0,51.83867929,-128.0592127,mud,n,80,p,seagrass,zostera,seagrass_mud,zostera_mud,97.06,0.0011939,31,Metazoa,Annelida,Annelida,Erpobdelliformes,Orobdellidae,Orobdella,NA,NA,TRUE,ASV1057,1,NA
edna0106,ASV5928,motu199,Mytilus,Mussel species,genus,NA,NA,1,NA,NA,NA,21,NA,NA,NA,NA,Mytilus trossulus,Bay mussel,2018_sni1_surface,sni1,beach_seine,2018-07-18,2018-07-16,2018,surface,1,edna_sni1_00,surface,biological,10.7,30.65,8.08,9,31.4,7.76,6.8,1000,0,51.83867929,-128.0592127,mud,n,80,p,seagrass,zostera,seagrass_mud,zostera_mud,99.68,1.5051499999999994e-156,306,Metazoa,Mollusca,Mollusca,Mytilida,Mytilidae,Mytilus,0,0,TRUE,ASV226,18,NA
edna0107,ASV398,motu350,Synchaeta pectinata,Rotifer,species,NA,NA,1,NA,NA,NA,3,NA,NA,NA,NA,Synchaeta pectinata,Rotifer,2018_sni1_surface,sni1,beach_seine,2018-07-18,2018-07-16,2018,surface,2,edna_sni1_15,surface,biological,10.9,29.67,8.06,9.1,31.26,7.77,4.8,1000,0,51.83866886,-128.0594418,mud,n,80,p,seagrass,zostera,seagrass_mud,zostera_mud,90.48,1.6452299999999999e-111,225,Metazoa,Rotifera,Eurotatoria,Ploima,Synchaetidae,Synchaeta,0,0,TRUE,ASV398,4,Synchaeta pectinata
edna0107,ASV467,motu412,Saxidomus,Washington clam species,genus,NA,NA,1,NA,NA,NA,7,NA,NA,NA,NA,Saxidomus,Washington clam species,2018_sni1_surface,sni1,beach_seine,2018-07-18,2018-07-16,2018,surface,2,edna_sni1_15,surface,biological,10.9,29.67,8.06,9.1,31.26,7.77,4.8,1000,0,51.83866886,-128.0594418,mud,n,80,p,seagrass,zostera,seagrass_mud,zostera_mud,100,1.96163e-160,313,Metazoa,Mollusca,Mollusca,Venerida,Veneridae,Saxidomus,0,0,TRUE,ASV467,12,NA
edna0107,ASV1266,motu1074,Cistenides granulata,Trumpet worm,species,NA,NA,1,NA,NA,NA,14,NA,NA,NA,NA,Cistenides granulata,Trumpet worm,2018_sni1_surface,sni1,beach_seine,2018-07-18,2018-07-16,2018,surface,2,edna_sni1_15,surface,biological,10.9,29.67,8.06,9.1,31.26,7.77,4.8,1000,0,51.83866886,-128.0594418,mud,n,80,p,seagrass,zostera,seagrass_mud,zostera_mud,100,2.51921e-159,311,Metazoa,Annelida,Polychaeta,Terebellida,Pectinariidae,Pectinaria,0,0,TRUE,ASV1266,1,Cistenides granulata
edna0107,ASV4078,motu3198,Amphipholis squamata,Dwarf brittle star,species,NA,NA,1,1,NA,NA,14,NA,24,NA,30,Amphipholis squamata,Dwarf brittle star,2018_sni1_surface,sni1,beach_seine,2018-07-18,2018-07-16,2018,surface,2,edna_sni1_15,surface,biological,10.9,29.67,8.06,9.1,31.26,7.77,4.8,1000,0,51.83866886,-128.0594418,mud,n,80,p,seagrass,zostera,seagrass_mud,zostera_mud,99.35,7.002779999999996e-155,303,Metazoa,Echinodermata,Ophiuroidea,Amphilepidida,Amphiuridae,Amphipholis,0,0,TRUE,ASV4078,1,Amphipholis squamata
edna0111,ASV132,motu118,Mesocentrotus franciscanus,Red sea urchin,species,NA,NA,1,1,NA,NA,87,441,113,NA,140,Mesocentrotus franciscanus,Red sea urchin,2018_sni2_surface,sni2,beach_seine,2018-07-18,2018-07-16,2018,surface,3,edna_sni2_30,surface,biological,15.1,26.67,8.38,10.5,30.29,8.19,6.5,1000,0,51.81732535,-128.0297301,cobble,n,70,p,macroalgae,algae,macroalgae_cobble,algae_cobble,100,2.51921e-159,311,Metazoa,Echinodermata,Echinoidea,Camarodonta,Strongylocentrotidae,Mesocentrotus,0,0,TRUE,ASV132,8,Mesocentrotus franciscanus
edna0111,ASV679,motu591,Phyllodocida,Polychaete,order,NA,NA,1,1,NA,NA,2,6,NA,NA,NA,Phyllodocida,Polychaete,2018_sni2_surface,sni2,beach_seine,2018-07-18,2018-07-16,2018,surface,3,edna_sni2_30,surface,biological,15.1,26.67,8.38,10.5,30.29,8.19,6.5,1000,0,51.81732535,-128.0297301,cobble,n,70,p,macroalgae,algae,macroalgae_cobble,algae_cobble,100,0.0603188,28,Metazoa,Annelida,Annelida,Phyllodocida,NA,NA,0,0,TRUE,ASV679,1,NA
edna0111,ASV3674,motu412,Saxidomus,Washington clam species,genus,NA,NA,1,1,NA,NA,17,41,13,NA,19,Saxidomus,Washington clam species,2018_sni2_surface,sni2,beach_seine,2018-07-18,2018-07-16,2018,surface,3,edna_sni2_30,surface,biological,15.1,26.67,8.38,10.5,30.29,8.19,6.5,1000,0,51.81732535,-128.0297301,cobble,n,70,p,macroalgae,algae,macroalgae_cobble,algae_cobble,99.68,9.126599999999999e-159,310,Metazoa,Mollusca,Mollusca,Venerida,Veneridae,Saxidomus,0,0,TRUE,ASV467,12,NA
edna0112,ASV733,motu637,Phyllodocida,Polychaete,order,NA,NA,1,NA,NA,NA,2,NA,NA,NA,NA,Phyllodocida,Polychaete,2018_koeye-estuary_surface,koeye estuary,seagrass,2018-08-14,NA,2018,surface,1,edna_ko_e3_00,repeat-surface,biological,NA,NA,NA,NA,NA,NA,3.5,1000,0,51.77950168,-127.8716413,sand,NA,NA,NA,seagrass,zostera,seagrass_sand,zostera_sand,100,0.0603188,28,Metazoa,Annelida,Annelida,Phyllodocida,NA,NA,0,0,TRUE,ASV733,1,NA
edna0112,ASV1048,motu285,Paracalanus,Calanoid copepod,genus,NA,NA,1,NA,NA,NA,4,NA,NA,NA,NA,Paracalanus parvus parvus,Calanoid copepod,2018_koeye-estuary_surface,koeye estuary,seagrass,2018-08-14,NA,2018,surface,1,edna_ko_e3_00,repeat-surface,biological,NA,NA,NA,NA,NA,NA,3.5,1000,0,51.77950168,-127.8716413,sand,NA,NA,NA,seagrass,zostera,seagrass_sand,zostera_sand,99.67,1.14177e-152,299,Metazoa,Arthropoda,Arthropoda,Calanoida,Paracalanidae,Paracalanus,0,0,TRUE,ASV324,6,NA
edna0112,ASV2394,motu296,Pseudocalanus newmani,Calanoid copepod,species,NA,NA,1,1,NA,NA,88,157,NA,NA,NA,Pseudocalanus newmani,Calanoid copepod,2018_koeye-estuary_surface,koeye estuary,seagrass,2018-08-14,NA,2018,surface,1,edna_ko_e3_00,repeat-surface,biological,NA,NA,NA,NA,NA,NA,3.5,1000,0,51.77950168,-127.8716413,sand,NA,NA,NA,seagrass,zostera,seagrass_sand,zostera_sand,99.68,9.126599999999999e-159,310,Metazoa,Arthropoda,Copepoda,Calanoida,Clausocalanidae,Pseudocalanus,0,0,TRUE,ASV336,4,Pseudocalanus newmani
edna0112,ASV6079,motu4683,Enoploteuthidae,Squid species,family,NA,NA,1,NA,NA,NA,2,NA,NA,NA,NA,Enoploteuthidae,Squid species,2018_koeye-estuary_surface,koeye estuary,seagrass,2018-08-14,NA,2018,surface,1,edna_ko_e3_00,repeat-surface,biological,NA,NA,NA,NA,NA,NA,3.5,1000,0,51.77950168,-127.8716413,sand,NA,NA,NA,seagrass,zostera,seagrass_sand,zostera_sand,92.75,1.86176e-16,54,Metazoa,Mollusca,Mollusca,Oegopsida,Enoploteuthidae,NA,0,0,TRUE,ASV6079,1,NA
edna0115,ASV2490,motu2027,Phacellophora camtschatica,Fried egg jellyfish,species,NA,NA,1,1,NA,NA,3,NA,NA,NA,3,Phacellophora camtschatica,Fried egg jellyfish,2018_choked-pass_surface,choked pass,seagrass,2018-08-16,NA,2018,surface,1,edna_ch_i3_00,repeat-surface,biological,NA,NA,NA,NA,NA,NA,7.3,1000,0,51.67529798,-128.1193259,sand,NA,NA,NA,seagrass,zostera,seagrass_sand,zostera_sand,100,1.96163e-160,313,Metazoa,Cnidaria,Scyphozoa,Semaeostomeae,Phacellophoridae,Phacellophora,0,0,TRUE,ASV2490,1,Phacellophora camtschatica
edna0108,ASV520,motu457,Evasterias troschelii,False ochre star,species,NA,NA,1,NA,NA,NA,6,NA,NA,NA,NA,Evasterias troschelii,False ochre star,2018_sni1_surface,sni1,beach_seine,2018-07-18,2018-07-16,2018,surface,3,edna_sni1_30,surface,biological,11.2,29.61,8.1,9.1,3126,7.79,3.6,1000,0,51.83867217,-128.0597179,mud,n,80,p,seagrass,zostera,seagrass_mud,zostera_mud,100,1.96163e-160,313,Metazoa,Echinodermata,Asteroidea,Forcipulatida,Asteriidae,Evasterias,0,0,TRUE,ASV520,1,Evasterias troschelii
edna0113,ASV733,motu637,Phyllodocida,Polychaete,order,NA,NA,1,NA,NA,NA,2,NA,NA,NA,NA,Phyllodocida,Polychaete,2018_koeye-estuary_surface,koeye estuary,seagrass,2018-08-14,NA,2018,surface,2,edna_ko_e3_15,repeat-surface,biological,14.6,29.62,8.15,14,29.83,8.15,3.6,1000,0,51.77943387,-127.8717879,sand,NA,NA,NA,seagrass,zostera,seagrass_sand,zostera_sand,100,0.0603188,28,Metazoa,Annelida,Annelida,Phyllodocida,NA,NA,0,0,TRUE,ASV733,1,NA
edna0116,ASV2042,motu1692,Synchaeta grimpei,Rotifer,species,NA,NA,1,1,NA,NA,5,6,NA,NA,8,Synchaeta grimpei,Rotifer,2018_choked-pass_surface,choked pass,seagrass,2018-08-16,NA,2018,surface,2,edna_ch_i3_15,repeat-surface,biological,11.1,31.85,7.9,10.4,31.98,7.9,7.3,1000,0,51.67531843,-128.1195572,sand,NA,NA,NA,seagrass,zostera,seagrass_sand,zostera_sand,91.45,4.459999999999999e-112,226,Metazoa,Rotifera,Eurotatoria,Ploima,Synchaetidae,Synchaeta,0,0,TRUE,ASV2042,2,Synchaeta grimpei
edna0117,ASV2836,motu2295,Halosydna brevisetosa,Shortscaled worm,species,NA,NA,1,1,NA,NA,43,123,NA,NA,NA,Halosydna brevisetosa,Shortscaled worm,2018_choked-pass_surface,choked pass,seagrass,2018-08-16,NA,2018,surface,3,edna_ch_i3_30,repeat-surface,biological,NA,NA,NA,NA,NA,NA,7.3,1000,0,51.67533222,-128.1197834,sand,NA,NA,NA,seagrass,zostera,seagrass_sand,zostera_sand,99.36,5.453139999999996e-156,305,Metazoa,Annelida,Polychaeta,Phyllodocida,Polynoidae,Halosydna,0,0,TRUE,ASV2836,1,Halosydna brevisetosa
edna0117,ASV4964,motu3843,Halosydna brevisetosa,Shortscaled worm,species,NA,NA,1,NA,NA,NA,37,NA,NA,NA,NA,Halosydna brevisetosa,Shortscaled worm,2018_choked-pass_surface,choked pass,seagrass,2018-08-16,NA,2018,surface,3,edna_ch_i3_30,repeat-surface,biological,NA,NA,NA,NA,NA,NA,7.3,1000,0,51.67533222,-128.1197834,sand,NA,NA,NA,seagrass,zostera,seagrass_sand,zostera_sand,99.36,5.453139999999996e-156,305,Metazoa,Annelida,Polychaeta,Phyllodocida,Polynoidae,Halosydna,0,0,TRUE,ASV4964,1,Halosydna brevisetosa
edna0119,ASV3943,motu1443,Paracalanus,Calanoid copepod,genus,NA,NA,1,1,NA,NA,23,NA,20,NA,32,Paracalanus,Calanoid copepod,2018_pruth-bay_surface,pruth bay,seagrass,2018-08-16,NA,2018,surface,2,edna_pr_i3_15,repeat-surface,biological,15,30.05,8.19,14.3,30.45,8.24,3,1000,0,51.64592951,-128.1198341,sand,NA,NA,NA,seagrass,zostera,seagrass_sand,zostera_sand,98.68,1.14987e-147,290,Metazoa,Arthropoda,Arthropoda,Calanoida,Paracalanidae,Paracalanus,0,0,TRUE,ASV1729,2,NA
edna0121,ASV346,motu306,Synchaeta vorax,Rotifer,species,NA,NA,1,NA,NA,NA,4,NA,NA,NA,NA,Synchaeta vorax,Rotifer,2018_hdo_surface,hdo,beach_seine,2018-08-23,2018-08-23,2018,surface,1,edna_hdo_00,repeat-surface,biological,NA,NA,NA,NA,NA,NA,4.2,950,0,51.65501227,-128.1295942,mud,n,320,p,seagrass,zostera,seagrass_mud,zostera_mud,98.08,7.129989999999999e-150,294,Metazoa,Rotifera,Eurotatoria,Ploima,Synchaetidae,Synchaeta,0,0,TRUE,ASV346,5,Synchaeta vorax
edna0121,ASV1070,motu922,Pleurobrachia bachei,Pacific sea gooseberry,species,NA,NA,1,1,NA,NA,4,NA,NA,NA,18,Pleurobrachia bachei,Pacific sea gooseberry,2018_hdo_surface,hdo,beach_seine,2018-08-23,2018-08-23,2018,surface,1,edna_hdo_00,repeat-surface,biological,NA,NA,NA,NA,NA,NA,4.2,950,0,51.65501227,-128.1295942,mud,n,320,p,seagrass,zostera,seagrass_mud,zostera_mud,100,1.96163e-160,313,Metazoa,Ctenophora,Tentaculata,Cydippida,Cydippidae,Pleurobrachia,0,0,TRUE,ASV1070,7,Pleurobrachia bachei
edna0121,ASV2389,motu1957,Paracalanus,Calanoid copepod,genus,NA,NA,1,1,NA,NA,36,76,41,NA,68,Paracalanus,Calanoid copepod,2018_hdo_surface,hdo,beach_seine,2018-08-23,2018-08-23,2018,surface,1,edna_hdo_00,repeat-surface,biological,NA,NA,NA,NA,NA,NA,4.2,950,0,51.65501227,-128.1295942,mud,n,320,p,seagrass,zostera,seagrass_mud,zostera_mud,99.01,2.4714899999999987e-149,293,Metazoa,Arthropoda,Arthropoda,Calanoida,Paracalanidae,Paracalanus,0,0,TRUE,ASV2389,1,NA
edna0121,ASV2290,motu1148,Balanus glandula,Acorn barnacle,species,NA,NA,1,1,NA,NA,28,80,63,NA,99,Balanus glandula,Acorn barnacle,2018_hdo_surface,hdo,beach_seine,2018-08-23,2018-08-23,2018,surface,1,edna_hdo_00,repeat-surface,biological,NA,NA,NA,NA,NA,NA,4.2,950,0,51.65501227,-128.1295942,mud,n,320,p,seagrass,zostera,seagrass_mud,zostera_mud,100,3.2351099999999996e-158,309,Metazoa,Arthropoda,Thecostraca,Balanomorpha,Balanidae,Balanus,0,0,TRUE,ASV1362,2,Balanus glandula
edna0120,ASV216,motu190,Mytilus trossulus,Bay mussel,species,NA,NA,1,NA,NA,NA,13,NA,NA,NA,NA,Mytilus trossulus,Bay mussel,2018_pruth-bay_surface,pruth bay,seagrass,2018-08-16,NA,2018,surface,3,edna_pr_i3_30,repeat-surface,biological,NA,NA,NA,NA,NA,NA,3,1000,0,51.64596882,-128.1200866,sand,NA,NA,NA,seagrass,zostera,seagrass_sand,zostera_sand,100,3.2351099999999996e-158,309,Metazoa,Mollusca,Mollusca,Mytilida,Mytilidae,Mytilus,0,0,TRUE,ASV216,23,Mytilus trossulus
edna0120,ASV226,motu199,Mytilus trossulus,Bay mussel,species,NA,NA,1,1,NA,NA,18,NA,23,NA,NA,Mytilus trossulus,Bay mussel,2018_pruth-bay_surface,pruth bay,seagrass,2018-08-16,NA,2018,surface,3,edna_pr_i3_30,repeat-surface,biological,NA,NA,NA,NA,NA,NA,3,1000,0,51.64596882,-128.1200866,sand,NA,NA,NA,seagrass,zostera,seagrass_sand,zostera_sand,100,3.2351099999999996e-158,309,Metazoa,Mollusca,Mollusca,Mytilida,Mytilidae,Mytilus,0,0,TRUE,ASV226,18,Mytilus trossulus
edna0122,ASV377,motu334,Synchaeta pectinata,Rotifer,species,NA,NA,1,1,NA,NA,5,6,12,NA,10,Synchaeta pectinata,Rotifer,2018_hdo_surface,hdo,beach_seine,2018-08-23,2018-08-23,2018,surface,2,edna_hdo_15,repeat-surface,biological,15.3,27.04,8.32,12.9,31.68,8.05,4.4,775,0,51.65508561,-128.1293971,mud,n,320,p,seagrass,zostera,seagrass_mud,zostera_mud,90.48,1.6452299999999999e-111,225,Metazoa,Rotifera,Eurotatoria,Ploima,Synchaetidae,Synchaeta,0,0,TRUE,ASV377,5,Synchaeta pectinata
edna0122,ASV3721,motu2933,Polydora,Spionid polychaete,genus,NA,NA,1,1,NA,NA,12,30,27,NA,18,Polydora,Spionid polychaete,2018_hdo_surface,hdo,beach_seine,2018-08-23,2018-08-23,2018,surface,2,edna_hdo_15,repeat-surface,biological,15.3,27.04,8.32,12.9,31.68,8.05,4.4,775,0,51.65508561,-128.1293971,mud,n,320,p,seagrass,zostera,seagrass_mud,zostera_mud,98.4,4.27634e-152,298,Metazoa,Annelida,Annelida,Spionida,Spionidae,Polydora,0,0,TRUE,ASV3721,1,NA
edna0123,ASV814,motu709,Chthamalus dalli,Little brown barnacle,species,NA,NA,1,NA,NA,NA,13,NA,NA,NA,NA,Chthamalus dalli,Little brown barnacle,2018_hdo_surface,hdo,beach_seine,2018-08-23,2018-08-23,2018,surface,3,edna_hdo_30,repeat-surface,biological,NA,NA,NA,NA,NA,NA,4.8,875,0,51.6551346,-128.1292625,mud,n,320,p,seagrass,zostera,seagrass_mud,zostera_mud,99.34,5.31212e-151,296,Metazoa,Arthropoda,Thecostraca,Balanomorpha,Chthamalidae,Chthamalus,0,0,TRUE,ASV814,5,Chthamalus dalli
edna0123,ASV1362,motu1148,Balanus glandula,Acorn barnacle,species,NA,NA,1,1,NA,NA,13,42,43,NA,17,Balanus glandula,Acorn barnacle,2018_hdo_surface,hdo,beach_seine,2018-08-23,2018-08-23,2018,surface,3,edna_hdo_30,repeat-surface,biological,NA,NA,NA,NA,NA,NA,4.8,875,0,51.6551346,-128.1292625,mud,n,320,p,seagrass,zostera,seagrass_mud,zostera_mud,99.68,1.5051499999999994e-156,306,Metazoa,Arthropoda,Thecostraca,Balanomorpha,Balanidae,Balanus,0,0,TRUE,ASV1362,2,Balanus glandula
edna0123,ASV2773,motu2242,Diplostomida,Flatworm,order,NA,NA,1,NA,NA,NA,3,NA,NA,NA,NA,Diplostomida,Flatworm,2018_hdo_surface,hdo,beach_seine,2018-08-23,2018-08-23,2018,surface,3,edna_hdo_30,repeat-surface,biological,NA,NA,NA,NA,NA,NA,4.8,875,0,51.6551346,-128.1292625,mud,n,320,p,seagrass,zostera,seagrass_mud,zostera_mud,96.88,0.0144888,29,Metazoa,Platyhelminthes,Platyhelminthes,Diplostomida,NA,NA,0,0,TRUE,ASV2773,1,NA
edna0125,ASV1587,motu1337,Armandia brevis,Opheliid polychaete,species,NA,NA,1,1,NA,NA,3,NA,NA,NA,4,Armandia brevis,Opheliid polychaete,2018_ppo_surface,ppo,beach_seine,2018-08-23,2018-08-23,2018,surface,2,edna_ppo_15,repeat-surface,biological,15.5,26.35,8.4,12.2,31.92,8,6.1,900,0,51.65810573,-128.1131937,mud,n,100,p,seagrass,zostera,seagrass_mud,zostera_mud,100,2.1076299999999988e-175,340,Metazoa,Annelida,Polychaeta,NA,Opheliidae,Armandia,0,0,TRUE,ASV1587,2,Armandia brevis
edna0125,ASV2229,motu1837,Balanus glandula,Acorn barnacle,species,NA,NA,1,1,NA,NA,62,NA,226,NA,NA,Balanus glandula,Acorn barnacle,2018_ppo_surface,ppo,beach_seine,2018-08-23,2018-08-23,2018,surface,2,edna_ppo_15,repeat-surface,biological,15.5,26.35,8.4,12.2,31.92,8,6.1,900,0,51.65810573,-128.1131937,mud,n,100,p,seagrass,zostera,seagrass_mud,zostera_mud,100,3.2351099999999996e-158,309,Metazoa,Arthropoda,Thecostraca,Balanomorpha,Balanidae,Balanus,0,0,TRUE,ASV2229,2,Balanus glandula
edna0126,ASV2655,motu213,Balanus glandula,Acorn barnacle,species,NA,NA,1,1,NA,NA,44,NA,90,NA,60,Balanus glandula,Acorn barnacle,2018_ppo_surface,ppo,beach_seine,2018-08-23,2018-08-23,2018,surface,3,edna_ppo_30,repeat-surface,biological,NA,NA,NA,NA,NA,NA,5.8,1000,0,51.65799974,-128.113112,mud,n,100,p,seagrass,zostera,seagrass_mud,zostera_mud,99.68,1.5051499999999994e-156,306,Metazoa,Arthropoda,Thecostraca,Balanomorpha,Balanidae,Balanus,0,0,TRUE,ASV242,15,Balanus glandula
edna0126,ASV1714,motu1432,Pleurobrachia bachei,Pacific sea gooseberry,species,NA,NA,1,NA,NA,NA,5,NA,NA,NA,NA,Pleurobrachia bachei,Pacific sea gooseberry,2018_ppo_surface,ppo,beach_seine,2018-08-23,2018-08-23,2018,surface,3,edna_ppo_30,repeat-surface,biological,NA,NA,NA,NA,NA,NA,5.8,1000,0,51.65799974,-128.113112,mud,n,100,p,seagrass,zostera,seagrass_mud,zostera_mud,99.68,9.126599999999999e-159,310,Metazoa,Ctenophora,Tentaculata,Cydippida,Cydippidae,Pleurobrachia,0,0,TRUE,ASV1714,1,Pleurobrachia bachei
edna0126,ASV3024,motu213,Balanus glandula,Acorn barnacle,species,NA,NA,1,1,NA,NA,33,NA,105,NA,NA,Balanus glandula,Acorn barnacle,2018_ppo_surface,ppo,beach_seine,2018-08-23,2018-08-23,2018,surface,3,edna_ppo_30,repeat-surface,biological,NA,NA,NA,NA,NA,NA,5.8,1000,0,51.65799974,-128.113112,mud,n,100,p,seagrass,zostera,seagrass_mud,zostera_mud,99.35,7.002779999999996e-155,303,Metazoa,Arthropoda,Thecostraca,Balanomorpha,Balanidae,Balanus,0,0,TRUE,ASV242,15,Balanus glandula
edna0128,ASV937,motu814,Synchaeta baltica,Rotifer,species,NA,NA,1,1,NA,NA,10,NA,10,NA,NA,Synchaeta baltica,Rotifer,2018_pba_surface,pba,beach_seine,2018-08-23,2018-08-25,2018,surface,2,edna_pba_15,repeat-surface,biological,15.4,26.05,8.4,12.4,32.08,7.99,4.5,900,0,51.64655803,-128.1188964,mud,y,180,p,seagrass,zostera,seagrass_mud,zostera_mud,90.76,1.27184e-112,227,Metazoa,Rotifera,Eurotatoria,Ploima,Synchaetidae,Synchaeta,0,0,TRUE,ASV937,1,Synchaeta baltica
edna0128,ASV5209,motu199,Mytilus trossulus,Bay mussel,species,NA,NA,1,NA,NA,NA,32,NA,NA,NA,NA,Mytilus trossulus,Bay mussel,2018_pba_surface,pba,beach_seine,2018-08-23,2018-08-25,2018,surface,2,edna_pba_15,repeat-surface,biological,15.4,26.05,8.4,12.4,32.08,7.99,4.5,900,0,51.64655803,-128.1188964,mud,y,180,p,seagrass,zostera,seagrass_mud,zostera_mud,99.68,1.5051499999999994e-156,306,Metazoa,Mollusca,Mollusca,Mytilida,Mytilidae,Mytilus,0,0,TRUE,ASV226,18,Mytilus trossulus
edna0086,ASV699,motu609,Hiatella,Clam species,genus,NA,NA,1,1,NA,NA,157,186,147,NA,186,Hiatella,Clam species,2018_womanley_surface,womanley,kelp,2018-07-16,NA,2018,surface,2,edna_womanley_15,surface,biological,14.4,30.54,8.23,12.5,31.11,8.1,7.5,1000,0,51.80239228,-128.2001006,rock,NA,NA,NA,macroalgae,macrocystis,macroalgae_rock,macrocystis_rock,100,9.027749999999999e-159,310,Metazoa,Mollusca,Bivalvia,Adapedonta,Hiatellidae,Hiatella,0,0,TRUE,ASV699,4,NA
edna0086,ASV770,motu609,Hiatella,Clam species,genus,NA,NA,1,1,NA,NA,123,145,NA,NA,144,Hiatella,Clam species,2018_womanley_surface,womanley,kelp,2018-07-16,NA,2018,surface,2,edna_womanley_15,surface,biological,14.4,30.54,8.23,12.5,31.11,8.1,7.5,1000,0,51.80239228,-128.2001006,rock,NA,NA,NA,macroalgae,macrocystis,macroalgae_rock,macrocystis_rock,100,9.027749999999999e-159,310,Metazoa,Mollusca,Bivalvia,Adapedonta,Hiatellidae,Hiatella,0,0,TRUE,ASV699,4,NA
edna0086,ASV386,motu316,Hiatella,Clam species,genus,NA,NA,1,1,NA,NA,97,392,337,NA,401,Hiatella,Clam species,2018_womanley_surface,womanley,kelp,2018-07-16,NA,2018,surface,2,edna_womanley_15,surface,biological,14.4,30.54,8.23,12.5,31.11,8.1,7.5,1000,0,51.80239228,-128.2001006,rock,NA,NA,NA,macroalgae,macrocystis,macroalgae_rock,macrocystis_rock,100,9.027749999999999e-159,310,Metazoa,Mollusca,Bivalvia,Adapedonta,Hiatellidae,Hiatella,0,0,TRUE,ASV357,9,NA
edna0086,ASV2192,motu1809,Myxicola aesthetica,Feather duster worm,species,NA,NA,1,1,NA,NA,33,NA,119,NA,NA,Myxicola aesthetica,Feather duster worm,2018_womanley_surface,womanley,kelp,2018-07-16,NA,2018,surface,2,edna_womanley_15,surface,biological,14.4,30.54,8.23,12.5,31.11,8.1,7.5,1000,0,51.80239228,-128.2001006,rock,NA,NA,NA,macroalgae,macrocystis,macroalgae_rock,macrocystis_rock,99.67,2.4817399999999988e-154,302,Metazoa,Annelida,Polychaeta,Sabellida,Sabellidae,Myxicola,0,0,TRUE,ASV2192,2,Myxicola aesthetica
edna0086,ASV3179,motu2545,Ophiotrichidae,Brittle star species,family,NA,NA,1,1,NA,NA,16,32,33,NA,46,Ophiotrichidae,Brittle star species,2018_womanley_surface,womanley,kelp,2018-07-16,NA,2018,surface,2,edna_womanley_15,surface,biological,14.4,30.54,8.23,12.5,31.11,8.1,7.5,1000,0,51.80239228,-128.2001006,rock,NA,NA,NA,macroalgae,macrocystis,macroalgae_rock,macrocystis_rock,94.34,6.74363e-11,44,Metazoa,Echinodermata,Echinodermata,Amphilepidida,Ophiotrichidae,NA,0,0,TRUE,ASV3179,1,NA
edna0086,ASV7322,motu5719,Strongylocentrotus purpuratus,Purple sea urchin,species,NA,NA,1,NA,NA,NA,8,NA,NA,NA,NA,Strongylocentrotus purpuratus,Purple sea urchin,2018_womanley_surface,womanley,kelp,2018-07-16,NA,2018,surface,2,edna_womanley_15,surface,biological,14.4,30.54,8.23,12.5,31.11,8.1,7.5,1000,0,51.80239228,-128.2001006,rock,NA,NA,NA,macroalgae,macrocystis,macroalgae_rock,macrocystis_rock,99.36,4.3316899999999973e-157,307,Metazoa,Echinodermata,Echinoidea,Camarodonta,Strongylocentrotidae,Strongylocentrotus,0,0,TRUE,ASV7322,1,Strongylocentrotus purpuratus
edna0127,ASV242,motu213,Balanus glandula,Acorn barnacle,species,NA,NA,1,1,NA,NA,6,NA,17,NA,12,Balanus glandula,Acorn barnacle,2018_pba_surface,pba,beach_seine,2018-08-23,2018-08-25,2018,surface,1,edna_pba_00,repeat-surface,biological,NA,NA,NA,NA,NA,NA,4.3,675,0,51.64670412,-128.1188409,mud,y,180,p,seagrass,zostera,seagrass_mud,zostera_mud,100,3.2351099999999996e-158,309,Metazoa,Arthropoda,Thecostraca,Balanomorpha,Balanidae,Balanus,0,0,TRUE,ASV242,15,Balanus glandula
edna0127,ASV1431,motu1208,Paracalanus,Calanoid copepod,genus,NA,NA,1,NA,NA,NA,5,NA,NA,NA,NA,Paracalanus,Calanoid copepod,2018_pba_surface,pba,beach_seine,2018-08-23,2018-08-25,2018,surface,1,edna_pba_00,repeat-surface,biological,NA,NA,NA,NA,NA,NA,4.3,675,0,51.64670412,-128.1188409,mud,y,180,p,seagrass,zostera,seagrass_mud,zostera_mud,99.01,2.4714899999999987e-149,293,Metazoa,Arthropoda,Arthropoda,Calanoida,Paracalanidae,Paracalanus,0,0,TRUE,ASV1431,2,NA
edna0129,ASV3148,motu2526,Cardiida,Mussel species,order,NA,NA,1,1,NA,NA,2,NA,NA,NA,7,Cardiida,Mussel species,2018_pba_surface,pba,beach_seine,2018-08-23,2018-08-25,2018,surface,3,edna_pba_30,repeat-surface,biological,NA,NA,NA,NA,NA,NA,4.6,820,0,51.64642312,-128.1189452,mud,y,180,p,seagrass,zostera,seagrass_mud,zostera_mud,100,0.0374129,28,Metazoa,Mollusca,Mollusca,Cardiida,NA,NA,0,0,TRUE,ASV3148,1,NA
edna0129,ASV4967,motu3844,Mya arenaria,Softshell clam,species,NA,NA,1,1,NA,NA,7,NA,5,NA,18,Mya arenaria,Softshell clam,2018_pba_surface,pba,beach_seine,2018-08-23,2018-08-25,2018,surface,3,edna_pba_30,repeat-surface,biological,NA,NA,NA,NA,NA,NA,4.6,820,0,51.64642312,-128.1189452,mud,y,180,p,seagrass,zostera,seagrass_mud,zostera_mud,100,4.2619199999999965e-162,316,Metazoa,Mollusca,Bivalvia,Myida,Myidae,Mya,0,0,TRUE,ASV4967,1,Mya arenaria
edna0130,ASV737,motu641,Synchaeta baltica,Rotifer,species,NA,NA,1,1,NA,NA,11,26,NA,NA,NA,Synchaeta baltica,Rotifer,2018_pruth-grid_surface,pruth grid,seagrass_grid,2018-08-23,NA,2018,surface,1,pruth_grid_a1,grid,biological,NA,NA,NA,NA,NA,NA,4.6,675,0,51.64686071,-128.120174,sand,NA,NA,NA,seagrass,zostera,seagrass_sand,zostera_sand,90.76,1.27184e-112,227,Metazoa,Rotifera,Eurotatoria,Ploima,Synchaetidae,Synchaeta,0,0,TRUE,ASV737,1,Synchaeta baltica
edna0130,ASV2292,motu1887,Synchaeta vorax,Rotifer,species,NA,NA,1,1,NA,NA,4,29,NA,NA,28,Synchaeta vorax,Rotifer,2018_pruth-grid_surface,pruth grid,seagrass_grid,2018-08-23,NA,2018,surface,1,pruth_grid_a1,grid,biological,NA,NA,NA,NA,NA,NA,4.6,675,0,51.64686071,-128.120174,sand,NA,NA,NA,seagrass,zostera,seagrass_sand,zostera_sand,94.81,5.60839e-131,260,Metazoa,Rotifera,Eurotatoria,Ploima,Synchaetidae,Synchaeta,0,0,TRUE,ASV2292,5,Synchaeta vorax
edna0132,ASV733,motu637,Phyllodocida,Polychaete,order,NA,NA,1,1,NA,NA,4,8,NA,NA,NA,Phyllodocida,Polychaete,2018_pruth-grid_surface,pruth grid,seagrass_grid,2018-08-23,NA,2018,surface,3,pruth_grid_a3,grid,biological,NA,NA,NA,NA,NA,NA,5.5,840,0,51.64672589,-128.1193345,sand,NA,NA,NA,seagrass,zostera,seagrass_sand,zostera_sand,100,0.0603188,28,Metazoa,Annelida,Annelida,Phyllodocida,NA,NA,0,0,TRUE,ASV733,1,NA
edna0132,ASV2968,motu2396,Mytilus,Mussel species,genus,NA,NA,1,NA,NA,NA,14,NA,NA,NA,NA,Mytilus,Mussel species,2018_pruth-grid_surface,pruth grid,seagrass_grid,2018-08-23,NA,2018,surface,3,pruth_grid_a3,grid,biological,NA,NA,NA,NA,NA,NA,5.5,840,0,51.64672589,-128.1193345,sand,NA,NA,NA,seagrass,zostera,seagrass_sand,zostera_sand,100,3.2351099999999996e-158,309,Metazoa,Mollusca,Mollusca,Mytilida,Mytilidae,Mytilus,0,0,TRUE,ASV2968,3,NA
edna0133,ASV356,motu315,Synchaeta baltica,Rotifer,species,NA,NA,1,1,NA,NA,26,25,38,NA,67,Synchaeta baltica,Rotifer,2018_pruth-grid_surface,pruth grid,seagrass_grid,2018-08-23,NA,2018,surface,4,pruth_grid_b1,grid,biological,NA,NA,NA,NA,NA,NA,3.2,1000,0,51.64660606,-128.120276,sand,NA,NA,NA,seagrass,zostera,seagrass_sand,zostera_sand,90.45,5.9173e-111,224,Metazoa,Rotifera,Eurotatoria,Ploima,Synchaetidae,Synchaeta,0,0,TRUE,ASV356,1,Synchaeta baltica
edna0133,ASV1059,motu911,Pleurobrachia bachei,Pacific sea gooseberry,species,NA,NA,1,NA,NA,NA,3,NA,NA,NA,NA,Pleurobrachia bachei,Pacific sea gooseberry,2018_pruth-grid_surface,pruth grid,seagrass_grid,2018-08-23,NA,2018,surface,4,pruth_grid_b1,grid,biological,NA,NA,NA,NA,NA,NA,3.2,1000,0,51.64660606,-128.120276,sand,NA,NA,NA,seagrass,zostera,seagrass_sand,zostera_sand,100,1.96163e-160,313,Metazoa,Ctenophora,Tentaculata,Cydippida,Cydippidae,Pleurobrachia,0,0,TRUE,ASV1059,3,Pleurobrachia bachei
edna0133,ASV3876,motu285,Paracalanus,Calanoid copepod,genus,NA,NA,1,NA,NA,NA,19,NA,NA,NA,NA,Paracalanus parvus parvus,Calanoid copepod,2018_pruth-grid_surface,pruth grid,seagrass_grid,2018-08-23,NA,2018,surface,4,pruth_grid_b1,grid,biological,NA,NA,NA,NA,NA,NA,3.2,1000,0,51.64660606,-128.120276,sand,NA,NA,NA,seagrass,zostera,seagrass_sand,zostera_sand,99.34,5.31212e-151,296,Metazoa,Arthropoda,Arthropoda,Calanoida,Paracalanidae,Paracalanus,0,0,TRUE,ASV324,6,NA
edna0133,ASV3148,motu2526,Cardiida,Mussel species,order,NA,NA,1,NA,NA,NA,6,NA,NA,NA,NA,Cardiida,Mussel species,2018_pruth-grid_surface,pruth grid,seagrass_grid,2018-08-23,NA,2018,surface,4,pruth_grid_b1,grid,biological,NA,NA,NA,NA,NA,NA,3.2,1000,0,51.64660606,-128.120276,sand,NA,NA,NA,seagrass,zostera,seagrass_sand,zostera_sand,100,0.0374129,28,Metazoa,Mollusca,Mollusca,Cardiida,NA,NA,0,0,TRUE,ASV3148,1,NA
edna0136,ASV34,motu31,Centropages abdominalis,Calanoid copepod,species,NA,NA,1,1,NA,NA,4,NA,8,NA,11,Centropages abdominalis,Calanoid copepod,2018_pruth-grid_surface,pruth grid,seagrass_grid,2018-08-23,NA,2018,surface,7,pruth_grid_c1,grid,biological,NA,NA,NA,NA,NA,NA,2.6,600,0,51.64634177,-128.1203837,sand,NA,NA,NA,seagrass,zostera,seagrass_sand,zostera_sand,100,1.96163e-160,313,Metazoa,Arthropoda,Copepoda,Calanoida,Centropagidae,Centropages,0,0,TRUE,ASV34,19,Centropages abdominalis
edna0136,ASV352,motu311,Synchaeta vorax,Rotifer,species,NA,NA,1,1,NA,NA,5,NA,NA,NA,15,Synchaeta vorax,Rotifer,2018_pruth-grid_surface,pruth grid,seagrass_grid,2018-08-23,NA,2018,surface,7,pruth_grid_c1,grid,biological,NA,NA,NA,NA,NA,NA,2.6,600,0,51.64634177,-128.1203837,sand,NA,NA,NA,seagrass,zostera,seagrass_sand,zostera_sand,98.08,7.129989999999999e-150,294,Metazoa,Rotifera,Eurotatoria,Ploima,Synchaetidae,Synchaeta,0,0,TRUE,ASV352,4,Synchaeta vorax
edna0136,ASV679,motu591,Phyllodocida,Polychaete,order,NA,NA,1,1,NA,NA,7,NA,12,NA,11,Phyllodocida,Polychaete,2018_pruth-grid_surface,pruth grid,seagrass_grid,2018-08-23,NA,2018,surface,7,pruth_grid_c1,grid,biological,NA,NA,NA,NA,NA,NA,2.6,600,0,51.64634177,-128.1203837,sand,NA,NA,NA,seagrass,zostera,seagrass_sand,zostera_sand,100,0.0603188,28,Metazoa,Annelida,Annelida,Phyllodocida,NA,NA,0,0,TRUE,ASV679,1,NA
edna0137,ASV377,motu334,Synchaeta pectinata,Rotifer,species,NA,NA,1,1,NA,NA,2,NA,2,NA,NA,Synchaeta pectinata,Rotifer,2018_pruth-grid_surface,pruth grid,seagrass_grid,2018-08-23,NA,2018,surface,8,pruth_grid_c2,grid,biological,15.5,25.99,8.42,14.7,30.24,8.13,2.6,855,0,51.64626687,-128.1199599,sand,NA,NA,NA,seagrass,zostera,seagrass_sand,zostera_sand,90.48,1.6452299999999999e-111,225,Metazoa,Rotifera,Eurotatoria,Ploima,Synchaetidae,Synchaeta,0,0,TRUE,ASV377,5,Synchaeta pectinata
edna0137,ASV1266,motu1074,Cistenides granulata,Trumpet worm,species,NA,NA,1,NA,NA,NA,5,NA,NA,NA,NA,Cistenides granulata,Trumpet worm,2018_pruth-grid_surface,pruth grid,seagrass_grid,2018-08-23,NA,2018,surface,8,pruth_grid_c2,grid,biological,15.5,25.99,8.42,14.7,30.24,8.13,2.6,855,0,51.64626687,-128.1199599,sand,NA,NA,NA,seagrass,zostera,seagrass_sand,zostera_sand,100,2.51921e-159,311,Metazoa,Annelida,Polychaeta,Terebellida,Pectinariidae,Pectinaria,0,0,TRUE,ASV1266,1,Cistenides granulata
edna0137,ASV2701,motu1563,Pseudopolydora bassarginensis,Spionid polychaete,species,NA,NA,1,1,NA,NA,13,61,45,NA,67,Pseudopolydora bassarginensis,Spionid polychaete,2018_pruth-grid_surface,pruth grid,seagrass_grid,2018-08-23,NA,2018,surface,8,pruth_grid_c2,grid,biological,15.5,25.99,8.42,14.7,30.24,8.13,2.6,855,0,51.64626687,-128.1199599,sand,NA,NA,NA,seagrass,zostera,seagrass_sand,zostera_sand,99.67,6.925819999999995e-155,303,Metazoa,Annelida,Polychaeta,Spionida,Spionidae,Pseudopolydora,0,0,TRUE,ASV1880,3,Pseudopolydora bassarginensis
edna0137,ASV7182,motu412,Saxidomus,Washington clam species,genus,NA,NA,1,NA,NA,NA,9,NA,NA,NA,NA,Saxidomus,Washington clam species,2018_pruth-grid_surface,pruth grid,seagrass_grid,2018-08-23,NA,2018,surface,8,pruth_grid_c2,grid,biological,15.5,25.99,8.42,14.7,30.24,8.13,2.6,855,0,51.64626687,-128.1199599,sand,NA,NA,NA,seagrass,zostera,seagrass_sand,zostera_sand,99.68,9.310369999999999e-159,310,Metazoa,Mollusca,Mollusca,Venerida,Veneridae,Saxidomus,0,0,TRUE,ASV467,12,NA
edna0141,ASV3330,motu2655,Membraniporidae,Bryozoan,family,NA,NA,1,NA,NA,NA,7,NA,NA,NA,NA,Membraniporidae,Bryozoan,2018_wfb_surface,wfb,beach_seine,2018-08-24,2018-08-24,2018,surface,3,edna_wfb_30,repeat-surface,biological,NA,NA,NA,NA,NA,NA,4.9,1000,0,51.66843974,-128.1199132,sand,y,350,se,none,none,none_sand,none_sand,90.87,7.84204e-75,159,Metazoa,Bryozoa,Bryozoa,Cheilostomatida,Membraniporidae,NA,0,0,TRUE,ASV3330,1,NA
edna0142,ASV2731,motu2213,Pachylaelapidae,Mite,genus,NA,NA,1,NA,NA,NA,3,NA,NA,NA,NA,Pachylaelapidae,Mite,2018_chp_surface,chp,beach_seine,2018-08-24,2018-08-25,2018,surface,1,edna_chp_00,repeat-surface,biological,NA,NA,NA,NA,NA,NA,4.2,1000,0,51.67615482,-128.1232837,sand,n,35,e,seagrass,zostera,seagrass_sand,zostera_sand,100,0.00408744,30,Metazoa,Arthropoda,Arthropoda,Mesostigmata,NA,Pachylaelapidae,NA,NA,TRUE,ASV2731,2,NA
edna0143,ASV679,motu591,Phyllodocida,Polychaete,order,NA,NA,1,1,NA,NA,6,NA,12,NA,21,Phyllodocida,Polychaete,2018_chp_surface,chp,beach_seine,2018-08-24,2018-08-25,2018,surface,2,edna_chp_15,repeat-surface,biological,11.5,31.82,7.97,10.8,32.41,7.97,3.5,1000,0,51.67628487,-128.1233672,sand,n,35,e,seagrass,zostera,seagrass_sand,zostera_sand,100,0.0603188,28,Metazoa,Annelida,Annelida,Phyllodocida,NA,NA,0,0,TRUE,ASV679,1,NA
edna0143,ASV7475,motu316,Hiatella,Clam species,genus,NA,NA,1,NA,NA,NA,7,NA,NA,NA,NA,Hiatella,Clam species,2018_chp_surface,chp,beach_seine,2018-08-24,2018-08-25,2018,surface,2,edna_chp_15,repeat-surface,biological,11.5,31.82,7.97,10.8,32.41,7.97,3.5,1000,0,51.67628487,-128.1233672,sand,n,35,e,seagrass,zostera,seagrass_sand,zostera_sand,99.68,4.284779999999998e-157,307,Metazoa,Mollusca,Bivalvia,Adapedonta,Hiatellidae,Hiatella,0,0,TRUE,ASV357,9,NA
edna0144,ASV679,motu591,Phyllodocida,Polychaete,order,NA,NA,1,NA,NA,NA,3,NA,NA,NA,NA,Phyllodocida,Polychaete,2018_chp_surface,chp,beach_seine,2018-08-24,2018-08-25,2018,surface,3,edna_chp_30,repeat-surface,biological,NA,NA,NA,NA,NA,NA,3.5,1000,0,51.6763963,-128.123414,sand,n,35,e,seagrass,zostera,seagrass_sand,zostera_sand,100,0.0603188,28,Metazoa,Annelida,Annelida,Phyllodocida,NA,NA,0,0,TRUE,ASV679,1,NA
edna0146,ASV750,motu654,Orobdella,Freshwater leech,genus,NA,NA,1,NA,NA,NA,2,NA,NA,NA,NA,Orobdella,Freshwater leech,2018_ssp_surface,ssp,beach_seine,2018-08-24,2018-08-24,2018,surface,2,edna_ssp_15,repeat-surface,biological,10.9,32.09,7.93,10.5,32.7,7.92,3.8,1000,0,51.67894579,-128.115172,sand,y,455,se,seagrass,zostera,seagrass_sand,zostera_sand,97.06,0.00121031,31,Metazoa,Annelida,Annelida,Erpobdelliformes,Orobdellidae,Orobdella,NA,NA,TRUE,ASV750,1,NA
edna0146,ASV1587,motu1337,Armandia brevis,Opheliid polychaete,species,NA,NA,1,1,NA,NA,12,NA,13,NA,13,Armandia brevis,Opheliid polychaete,2018_ssp_surface,ssp,beach_seine,2018-08-24,2018-08-24,2018,surface,2,edna_ssp_15,repeat-surface,biological,10.9,32.09,7.93,10.5,32.7,7.92,3.8,1000,0,51.67894579,-128.115172,sand,y,455,se,seagrass,zostera,seagrass_sand,zostera_sand,100,2.1076299999999988e-175,340,Metazoa,Annelida,Polychaeta,NA,Opheliidae,Armandia,0,0,TRUE,ASV1587,2,Armandia brevis
edna0146,ASV2908,motu316,Hiatella,Clam species,genus,NA,NA,1,1,NA,NA,3,NA,5,NA,NA,Hiatella,Clam species,2018_ssp_surface,ssp,beach_seine,2018-08-24,2018-08-24,2018,surface,2,edna_ssp_15,repeat-surface,biological,10.9,32.09,7.93,10.5,32.7,7.92,3.8,1000,0,51.67894579,-128.115172,sand,y,455,se,seagrass,zostera,seagrass_sand,zostera_sand,99.68,4.200199999999998e-157,307,Metazoa,Mollusca,Bivalvia,Adapedonta,Hiatellidae,Hiatella,0,0,TRUE,ASV357,9,NA
edna0147,ASV1040,motu897,Oithona similis,Cyclopoid copepod,species,NA,NA,1,NA,NA,NA,2,NA,NA,NA,NA,Oithona similis,Cyclopoid copepod,2018_ssp_surface,ssp,beach_seine,2018-08-24,2018-08-24,2018,surface,3,edna_ssp_30,repeat-surface,biological,NA,NA,NA,NA,NA,NA,3.9,1000,0,51.67882714,-128.114958,sand,y,455,se,seagrass,zostera,seagrass_sand,zostera_sand,96.17,2.0179399999999996e-140,277,Metazoa,Arthropoda,Copepoda,Cyclopoida,Oithonidae,Oithona,0,0,TRUE,ASV1040,1,Oithona similis
edna0147,ASV2731,motu2213,Pachylaelapidae,Mite,genus,NA,NA,1,1,NA,NA,2,NA,NA,NA,6,Pachylaelapidae,Mite,2018_ssp_surface,ssp,beach_seine,2018-08-24,2018-08-24,2018,surface,3,edna_ssp_30,repeat-surface,biological,NA,NA,NA,NA,NA,NA,3.9,1000,0,51.67882714,-128.114958,sand,y,455,se,seagrass,zostera,seagrass_sand,zostera_sand,100,0.00408744,30,Metazoa,Arthropoda,Arthropoda,Mesostigmata,NA,Pachylaelapidae,NA,NA,TRUE,ASV2731,2,NA
edna0100,ASV320,motu281,Pseudocalanus newmani,Calanoid copepod,species,NA,NA,1,1,NA,NA,19,34,51,NA,48,Pseudocalanus newmani,Calanoid copepod,2018_koe3_surface,koe3,beach_seine,2018-07-20,2018-07-18,2018,surface,1,edna_koe3_00,surface,biological,13.6,25.71,7.96,11.2,30.41,7.98,2.2,1000,0,51.77589222,-127.8794255,sand,n,90,p,macroalgae,nereocystis,macroalgae_sand,nereocystis_sand,100,1.96163e-160,313,Metazoa,Arthropoda,Copepoda,Calanoida,Clausocalanidae,Pseudocalanus,0,0,TRUE,ASV320,6,Pseudocalanus newmani
edna0100,ASV1048,motu285,Paracalanus,Calanoid copepod,genus,NA,NA,1,NA,NA,NA,15,NA,NA,NA,NA,Paracalanus parvus parvus,Calanoid copepod,2018_koe3_surface,koe3,beach_seine,2018-07-20,2018-07-18,2018,surface,1,edna_koe3_00,surface,biological,13.6,25.71,7.96,11.2,30.41,7.98,2.2,1000,0,51.77589222,-127.8794255,sand,n,90,p,macroalgae,nereocystis,macroalgae_sand,nereocystis_sand,99.67,1.14177e-152,299,Metazoa,Arthropoda,Arthropoda,Calanoida,Paracalanidae,Paracalanus,0,0,TRUE,ASV324,6,NA
edna0100,ASV1716,motu1434,Armandia brevis,Opheliid polychaete,species,NA,NA,1,NA,NA,NA,3,NA,NA,NA,NA,Armandia brevis,Opheliid polychaete,2018_koe3_surface,koe3,beach_seine,2018-07-20,2018-07-18,2018,surface,1,edna_koe3_00,surface,biological,13.6,25.71,7.96,11.2,30.41,7.98,2.2,1000,0,51.77589222,-127.8794255,sand,n,90,p,macroalgae,nereocystis,macroalgae_sand,nereocystis_sand,100,2.1076299999999988e-175,340,Metazoa,Annelida,Polychaeta,NA,Opheliidae,Armandia,0,0,TRUE,ASV1716,1,Armandia brevis
edna0100,ASV6172,motu2595,Corophiidae,Amphipod,family,NA,NA,1,NA,NA,NA,18,NA,NA,NA,NA,Corophiidae,Amphipod,2018_koe3_surface,koe3,beach_seine,2018-07-20,2018-07-18,2018,surface,1,edna_koe3_00,surface,biological,13.6,25.71,7.96,11.2,30.41,7.98,2.2,1000,0,51.77589222,-127.8794255,sand,n,90,p,macroalgae,nereocystis,macroalgae_sand,nereocystis_sand,99.36,1.5216899999999998e-156,306,Metazoa,Arthropoda,Malacostraca,Amphipoda,Corophiidae,NA,0,0,TRUE,ASV3245,2,NA
edna0100,ASV3774,motu2971,Paranais,Freshwater oligochaete,genus,NA,NA,1,1,NA,NA,4,NA,NA,NA,7,Paranais,Freshwater oligochaete,2018_koe3_surface,koe3,beach_seine,2018-07-20,2018-07-18,2018,surface,1,edna_koe3_00,surface,biological,13.6,25.71,7.96,11.2,30.41,7.98,2.2,1000,0,51.77589222,-127.8794255,sand,n,90,p,macroalgae,nereocystis,macroalgae_sand,nereocystis_sand,90.85,2.6449e-109,221,Metazoa,Annelida,Annelida,Tubificida,Naididae,Paranais,0,0,TRUE,ASV3774,2,NA
edna0148,ASV5210,motu3165,Membranipora membranacea,Coffin box bryozoan,species,NA,NA,1,1,NA,NA,7,NA,8,NA,NA,Membranipora membranacea,Coffin box bryozoan,2018_choked-grid_surface,choked grid,seagrass_grid,2018-08-24,NA,2018,surface,1,choked_grid_a1,grid,biological,NA,NA,NA,NA,NA,NA,7,1000,0,51.6749926,-128.1202263,sand,NA,NA,NA,seagrass,zostera,seagrass_sand,zostera_sand,100,2.0106499999999996e-140,277,Metazoa,Bryozoa,Gymnolaemata,Cheilostomatida,Membraniporidae,Membranipora,0,0,TRUE,ASV4038,4,Membranipora membranacea
edna0148,ASV4121,motu3233,Membranipora membranacea,Coffin box bryozoan,species,NA,NA,1,NA,NA,NA,9,NA,NA,NA,NA,Membranipora membranacea,Coffin box bryozoan,2018_choked-grid_surface,choked grid,seagrass_grid,2018-08-24,NA,2018,surface,1,choked_grid_a1,grid,biological,NA,NA,NA,NA,NA,NA,7,1000,0,51.6749926,-128.1202263,sand,NA,NA,NA,seagrass,zostera,seagrass_sand,zostera_sand,100,2.0106499999999996e-140,277,Metazoa,Bryozoa,Gymnolaemata,Cheilostomatida,Membraniporidae,Membranipora,0,0,TRUE,ASV4121,4,Membranipora membranacea
edna0150,ASV947,motu824,Synchaeta baltica,Rotifer,species,NA,NA,1,1,NA,NA,4,NA,30,NA,40,Synchaeta baltica,Rotifer,2018_choked-grid_surface,choked grid,seagrass_grid,2018-08-24,NA,2018,surface,3,choked_grid_a3,grid,biological,NA,NA,NA,NA,NA,NA,6.8,1000,0,51.67499094,-128.1193519,sand,NA,NA,NA,seagrass,zostera,seagrass_sand,zostera_sand,91.08,2.73364e-114,230,Metazoa,Rotifera,Eurotatoria,Ploima,Synchaetidae,Synchaeta,0,0,TRUE,ASV947,1,Synchaeta baltica
edna0150,ASV1570,motu1323,Pleurobrachia bachei,Pacific sea gooseberry,species,NA,NA,1,1,NA,NA,2,NA,NA,NA,5,Pleurobrachia bachei,Pacific sea gooseberry,2018_choked-grid_surface,choked grid,seagrass_grid,2018-08-24,NA,2018,surface,3,choked_grid_a3,grid,biological,NA,NA,NA,NA,NA,NA,6.8,1000,0,51.67499094,-128.1193519,sand,NA,NA,NA,seagrass,zostera,seagrass_sand,zostera_sand,99.68,9.126599999999999e-159,310,Metazoa,Ctenophora,Tentaculata,Cydippida,Cydippidae,Pleurobrachia,0,0,TRUE,ASV1570,1,Pleurobrachia bachei
edna0151,ASV4020,motu3153,Synchaeta grimpei,Rotifer,species,NA,NA,1,1,NA,NA,2,NA,18,NA,11,Synchaeta grimpei,Rotifer,2018_choked-grid_surface,choked grid,seagrass_grid,2018-08-24,NA,2018,surface,4,choked_grid_b1,grid,biological,NA,NA,NA,NA,NA,NA,6.9,1000,0,51.67473646,-128.1202236,sand,NA,NA,NA,seagrass,zostera,seagrass_sand,zostera_sand,90.46,4.491659999999999e-107,217,Metazoa,Rotifera,Eurotatoria,Ploima,Synchaetidae,Synchaeta,0,0,TRUE,ASV4020,1,Synchaeta grimpei
edna0001,ASV251,motu105,Mesocentrotus franciscanus,Red sea urchin,species,NA,NA,1,1,NA,NA,12,NA,82,NA,NA,Mesocentrotus franciscanus,Red sea urchin,2018_koeye-estuary_surface,koeye estuary,seagrass,2018-06-19,NA,2018,surface,1,edna_ko_e3_00,surface,biological,15.9,15.84,7.95,NA,NA,NA,2.2,980,0,51.77950168,-127.8716413,sand,NA,NA,NA,seagrass,zostera,seagrass_sand,zostera_sand,100,7.02982e-160,312,Metazoa,Echinodermata,Echinoidea,Camarodonta,Strongylocentrotidae,Mesocentrotus,0,0,TRUE,ASV118,8,Mesocentrotus franciscanus
edna0001,ASV1243,motu1054,Mya arenaria,Softshell clam,species,NA,NA,1,1,NA,NA,33,154,116,NA,84,Mya arenaria,Softshell clam,2018_koeye-estuary_surface,koeye estuary,seagrass,2018-06-19,NA,2018,surface,1,edna_ko_e3_00,surface,biological,15.9,15.84,7.95,NA,NA,NA,2.2,980,0,51.77950168,-127.8716413,sand,NA,NA,NA,seagrass,zostera,seagrass_sand,zostera_sand,100,4.2619199999999965e-162,316,Metazoa,Mollusca,Bivalvia,Myida,Myidae,Mya,0,0,TRUE,ASV1243,1,Mya arenaria
edna0001,ASV1254,motu1064,Mya arenaria,Softshell clam,species,NA,NA,1,1,NA,NA,29,170,105,NA,85,Mya arenaria,Softshell clam,2018_koeye-estuary_surface,koeye estuary,seagrass,2018-06-19,NA,2018,surface,1,edna_ko_e3_00,surface,biological,15.9,15.84,7.95,NA,NA,NA,2.2,980,0,51.77950168,-127.8716413,sand,NA,NA,NA,seagrass,zostera,seagrass_sand,zostera_sand,100,4.2619199999999965e-162,316,Metazoa,Mollusca,Bivalvia,Myida,Myidae,Mya,0,0,TRUE,ASV1254,1,Mya arenaria
edna0001,ASV2056,motu1702,Corophiidae,Amphipod,family,NA,NA,1,NA,NA,NA,10,NA,NA,NA,NA,Corophiidae,Amphipod,2018_koeye-estuary_surface,koeye estuary,seagrass,2018-06-19,NA,2018,surface,1,edna_ko_e3_00,surface,biological,15.9,15.84,7.95,NA,NA,NA,2.2,980,0,51.77950168,-127.8716413,sand,NA,NA,NA,seagrass,zostera,seagrass_sand,zostera_sand,98.71,1.1804e-152,299,Metazoa,Arthropoda,Malacostraca,Amphipoda,Corophiidae,NA,0,0,TRUE,ASV2056,1,NA
edna0001,ASV1319,motu1116,Clytia gregaria,Gregarious jellyfish,species,NA,NA,1,NA,NA,NA,5,NA,NA,NA,NA,Clytia gregaria,Gregarious jellyfish,2018_koeye-estuary_surface,koeye estuary,seagrass,2018-06-19,NA,2018,surface,1,edna_ko_e3_00,surface,biological,15.9,15.84,7.95,NA,NA,NA,2.2,980,0,51.77950168,-127.8716413,sand,NA,NA,NA,seagrass,zostera,seagrass_sand,zostera_sand,99.67,6.925819999999995e-155,303,Metazoa,Cnidaria,Hydrozoa,Leptothecata,Campanulariidae,Clytia,0,0,TRUE,ASV1319,3,Clytia gregaria
edna0001,ASV1327,motu1122,Balanus glandula,Acorn barnacle,species,NA,NA,1,1,NA,NA,58,349,253,NA,161,Balanus glandula,Acorn barnacle,2018_koeye-estuary_surface,koeye estuary,seagrass,2018-06-19,NA,2018,surface,1,edna_ko_e3_00,surface,biological,15.9,15.84,7.95,NA,NA,NA,2.2,980,0,51.77950168,-127.8716413,sand,NA,NA,NA,seagrass,zostera,seagrass_sand,zostera_sand,99.03,1.17181e-152,299,Metazoa,Arthropoda,Thecostraca,Balanomorpha,Balanidae,Balanus,0,0,TRUE,ASV1327,1,Balanus glandula
edna0001,ASV6577,motu5098,Littorina sitkana,Sitka periwinkle,species,NA,NA,1,NA,NA,NA,6,NA,NA,NA,NA,Littorina sitkana,Sitka periwinkle,2018_koeye-estuary_surface,koeye estuary,seagrass,2018-06-19,NA,2018,surface,1,edna_ko_e3_00,surface,biological,15.9,15.84,7.95,NA,NA,NA,2.2,980,0,51.77950168,-127.8716413,sand,NA,NA,NA,seagrass,zostera,seagrass_sand,zostera_sand,100,1.47839e-151,297,Metazoa,Mollusca,Gastropoda,Littorinimorpha,Littorinidae,Littorina,0,0,TRUE,ASV6577,1,Littorina sitkana
edna0155,ASV770,motu609,Hiatella,Clam species,genus,NA,NA,1,NA,NA,NA,4,NA,NA,NA,NA,Hiatella,Clam species,2018_choked-grid_surface,choked grid,seagrass_grid,2018-08-24,NA,2018,surface,8,choked_grid_c2,grid,biological,11.9,31.57,7.97,10.1,32.97,7.87,7.2,1000,0,51.67445536,-128.1197971,sand,NA,NA,NA,seagrass,zostera,seagrass_sand,zostera_sand,100,9.027749999999999e-159,310,Metazoa,Mollusca,Bivalvia,Adapedonta,Hiatellidae,Hiatella,0,0,TRUE,ASV699,4,NA
edna0155,ASV386,motu316,Hiatella,Clam species,genus,NA,NA,1,1,NA,NA,2,12,8,NA,NA,Hiatella,Clam species,2018_choked-grid_surface,choked grid,seagrass_grid,2018-08-24,NA,2018,surface,8,choked_grid_c2,grid,biological,11.9,31.57,7.97,10.1,32.97,7.87,7.2,1000,0,51.67445536,-128.1197971,sand,NA,NA,NA,seagrass,zostera,seagrass_sand,zostera_sand,100,9.027749999999999e-159,310,Metazoa,Mollusca,Bivalvia,Adapedonta,Hiatellidae,Hiatella,0,0,TRUE,ASV357,9,NA
edna0155,ASV1293,motu1094,Asteriidae,Sea star,family,NA,NA,1,NA,NA,NA,3,NA,NA,NA,NA,Asteriidae,Sea star,2018_choked-grid_surface,choked grid,seagrass_grid,2018-08-24,NA,2018,surface,8,choked_grid_c2,grid,biological,11.9,31.57,7.97,10.1,32.97,7.87,7.2,1000,0,51.67445536,-128.1197971,sand,NA,NA,NA,seagrass,zostera,seagrass_sand,zostera_sand,100,1.96163e-160,313,Metazoa,Echinodermata,Echinodermata,Forcipulatida,Asteriidae,NA,0,0,TRUE,ASV1293,1,NA
edna0156,ASV733,motu637,Phyllodocida,Polychaete,order,NA,NA,1,1,NA,NA,2,18,40,NA,18,Phyllodocida,Polychaete,2018_choked-grid_surface,choked grid,seagrass_grid,2018-08-24,NA,2018,surface,9,choked_grid_c3,grid,biological,NA,NA,NA,NA,NA,NA,7.4,1000,0,51.67445536,-128.1193599,sand,NA,NA,NA,seagrass,zostera,seagrass_sand,zostera_sand,100,0.0603188,28,Metazoa,Annelida,Annelida,Phyllodocida,NA,NA,0,0,TRUE,ASV733,1,NA
edna0156,ASV2042,motu1692,Synchaeta grimpei,Rotifer,species,NA,NA,1,NA,NA,NA,3,NA,NA,NA,NA,Synchaeta grimpei,Rotifer,2018_choked-grid_surface,choked grid,seagrass_grid,2018-08-24,NA,2018,surface,9,choked_grid_c3,grid,biological,NA,NA,NA,NA,NA,NA,7.4,1000,0,51.67445536,-128.1193599,sand,NA,NA,NA,seagrass,zostera,seagrass_sand,zostera_sand,91.45,4.459999999999999e-112,226,Metazoa,Rotifera,Eurotatoria,Ploima,Synchaetidae,Synchaeta,0,0,TRUE,ASV2042,2,Synchaeta grimpei
edna0156,ASV4490,motu3493,Membraniporidae,Bryozoan,family,NA,NA,1,1,NA,NA,8,NA,NA,NA,19,Membraniporidae,Bryozoan,2018_choked-grid_surface,choked grid,seagrass_grid,2018-08-24,NA,2018,surface,9,choked_grid_c3,grid,biological,NA,NA,NA,NA,NA,NA,7.4,1000,0,51.67445536,-128.1193599,sand,NA,NA,NA,seagrass,zostera,seagrass_sand,zostera_sand,90.87,7.84204e-75,159,Metazoa,Bryozoa,Bryozoa,Cheilostomatida,Membraniporidae,NA,0,0,TRUE,ASV4490,1,NA
edna0157,ASV3330,motu2655,Membraniporidae,Bryozoan,family,NA,NA,1,1,NA,NA,3,NA,NA,NA,28,Membraniporidae,Bryozoan,2018_choked-grid_surface,choked grid,seagrass_grid,2018-08-24,NA,2018,surface,10,choked_grid_d1,grid,biological,NA,NA,NA,NA,NA,NA,7.8,1000,0,51.67418423,-128.1202236,sand,NA,NA,NA,seagrass,zostera,seagrass_sand,zostera_sand,90.87,7.84204e-75,159,Metazoa,Bryozoa,Bryozoa,Cheilostomatida,Membraniporidae,NA,0,0,TRUE,ASV3330,1,NA
edna0158,ASV770,motu609,Hiatella,Clam species,genus,NA,NA,1,NA,NA,NA,5,NA,NA,NA,NA,Hiatella,Clam species,2018_choked-grid_surface,choked grid,seagrass_grid,2018-08-24,NA,2018,surface,11,choked_grid_d2,grid,biological,11.2,32.02,7.93,10.1,32.95,7.87,7.7,1000,0,51.67418091,-128.1197998,sand,NA,NA,NA,seagrass,zostera,seagrass_sand,zostera_sand,100,9.027749999999999e-159,310,Metazoa,Mollusca,Bivalvia,Adapedonta,Hiatellidae,Hiatella,0,0,TRUE,ASV699,4,NA
edna0109,ASV132,motu118,Mesocentrotus franciscanus,Red sea urchin,species,NA,NA,1,1,NA,NA,99,353,208,NA,149,Mesocentrotus franciscanus,Red sea urchin,2018_sni2_surface,sni2,beach_seine,2018-07-18,2018-07-16,2018,surface,1,edna_sni2_00,surface,biological,15.1,26.73,8.39,10.6,30.27,8.23,5.8,1000,0,51.817402800000004,-128.0302233,cobble,n,70,p,macroalgae,algae,macroalgae_cobble,algae_cobble,100,2.51921e-159,311,Metazoa,Echinodermata,Echinoidea,Camarodonta,Strongylocentrotidae,Mesocentrotus,0,0,TRUE,ASV132,8,Mesocentrotus franciscanus
edna0109,ASV467,motu412,Saxidomus,Washington clam species,genus,NA,NA,1,NA,NA,NA,2,NA,NA,NA,NA,Saxidomus,Washington clam species,2018_sni2_surface,sni2,beach_seine,2018-07-18,2018-07-16,2018,surface,1,edna_sni2_00,surface,biological,15.1,26.73,8.39,10.6,30.27,8.23,5.8,1000,0,51.817402800000004,-128.0302233,cobble,n,70,p,macroalgae,algae,macroalgae_cobble,algae_cobble,100,1.96163e-160,313,Metazoa,Mollusca,Mollusca,Venerida,Veneridae,Saxidomus,0,0,TRUE,ASV467,12,NA
edna0109,ASV1057,motu909,Orobdella,Freshwater leech,genus,NA,NA,1,NA,NA,NA,4,NA,NA,NA,NA,Orobdella,Freshwater leech,2018_sni2_surface,sni2,beach_seine,2018-07-18,2018-07-16,2018,surface,1,edna_sni2_00,surface,biological,15.1,26.73,8.39,10.6,30.27,8.23,5.8,1000,0,51.817402800000004,-128.0302233,cobble,n,70,p,macroalgae,algae,macroalgae_cobble,algae_cobble,97.06,0.0011939,31,Metazoa,Annelida,Annelida,Erpobdelliformes,Orobdellidae,Orobdella,NA,NA,TRUE,ASV1057,1,NA
edna0109,ASV1068,motu920,Arthropoda,Unknown arthropod,phylum,NA,NA,1,NA,NA,NA,4,NA,NA,NA,NA,Arthropoda,Unknown arthropod,2018_sni2_surface,sni2,beach_seine,2018-07-18,2018-07-16,2018,surface,1,edna_sni2_00,surface,biological,15.1,26.73,8.39,10.6,30.27,8.23,5.8,1000,0,51.817402800000004,-128.0302233,cobble,n,70,p,macroalgae,algae,macroalgae_cobble,algae_cobble,94.87,8.78538e-5,33,Metazoa,Arthropoda,NA,NA,NA,NA,NA,NA,TRUE,ASV1068,4,NA
edna0109,ASV6261,motu4831,Saccocirrus,Polychaete,genus,NA,NA,1,NA,NA,NA,17,NA,NA,NA,NA,Saccocirrus,Polychaete,2018_sni2_surface,sni2,beach_seine,2018-07-18,2018-07-16,2018,surface,1,edna_sni2_00,surface,biological,15.1,26.73,8.39,10.6,30.27,8.23,5.8,1000,0,51.817402800000004,-128.0302233,cobble,n,70,p,macroalgae,algae,macroalgae_cobble,algae_cobble,100,2.5034799999999984e-154,302,Metazoa,Annelida,Polychaeta,NA,Saccocirridae,Saccocirrus,0,0,TRUE,ASV6261,1,NA
edna0114,ASV1057,motu909,Orobdella,Freshwater leech,genus,NA,NA,1,NA,NA,NA,3,NA,NA,NA,NA,Orobdella,Freshwater leech,2018_koeye-estuary_surface,koeye estuary,seagrass,2018-08-14,NA,2018,surface,3,edna_ko_e3_30,repeat-surface,biological,NA,NA,NA,NA,NA,NA,3.5,1000,0,51.77929649,-127.871914,sand,NA,NA,NA,seagrass,zostera,seagrass_sand,zostera_sand,97.06,0.0011939,31,Metazoa,Annelida,Annelida,Erpobdelliformes,Orobdellidae,Orobdella,NA,NA,TRUE,ASV1057,1,NA
edna0114,ASV2490,motu2027,Phacellophora camtschatica,Fried egg jellyfish,species,NA,NA,1,NA,NA,NA,3,NA,NA,NA,NA,Phacellophora camtschatica,Fried egg jellyfish,2018_koeye-estuary_surface,koeye estuary,seagrass,2018-08-14,NA,2018,surface,3,edna_ko_e3_30,repeat-surface,biological,NA,NA,NA,NA,NA,NA,3.5,1000,0,51.77929649,-127.871914,sand,NA,NA,NA,seagrass,zostera,seagrass_sand,zostera_sand,100,1.96163e-160,313,Metazoa,Cnidaria,Scyphozoa,Semaeostomeae,Phacellophoridae,Phacellophora,0,0,TRUE,ASV2490,1,Phacellophora camtschatica
edna0131,ASV737,motu641,Synchaeta baltica,Rotifer,species,NA,NA,1,NA,NA,NA,19,NA,NA,NA,NA,Synchaeta baltica,Rotifer,2018_pruth-grid_surface,pruth grid,seagrass_grid,2018-08-23,NA,2018,surface,2,pruth_grid_a2,grid,biological,15.4,26.16,8.42,11.9,32.15,7.96,6.1,955,0,51.64679413,-128.1197583,sand,NA,NA,NA,seagrass,zostera,seagrass_sand,zostera_sand,90.76,1.27184e-112,227,Metazoa,Rotifera,Eurotatoria,Ploima,Synchaetidae,Synchaeta,0,0,TRUE,ASV737,1,Synchaeta baltica
edna0131,ASV3876,motu285,Paracalanus,Calanoid copepod,genus,NA,NA,1,NA,NA,NA,9,NA,NA,NA,NA,Paracalanus parvus parvus,Calanoid copepod,2018_pruth-grid_surface,pruth grid,seagrass_grid,2018-08-23,NA,2018,surface,2,pruth_grid_a2,grid,biological,15.4,26.16,8.42,11.9,32.15,7.96,6.1,955,0,51.64679413,-128.1197583,sand,NA,NA,NA,seagrass,zostera,seagrass_sand,zostera_sand,99.34,5.31212e-151,296,Metazoa,Arthropoda,Arthropoda,Calanoida,Paracalanidae,Paracalanus,0,0,TRUE,ASV324,6,NA
edna0134,ASV377,motu334,Synchaeta pectinata,Rotifer,species,NA,NA,1,NA,NA,NA,6,NA,NA,NA,NA,Synchaeta pectinata,Rotifer,2018_pruth-grid_surface,pruth grid,seagrass_grid,2018-08-23,NA,2018,surface,5,pruth_grid_b2,grid,biological,15.4,25.96,8.44,13.5,31.65,8.06,3.2,775,0,51.64653616,-128.1198602,sand,NA,NA,NA,seagrass,zostera,seagrass_sand,zostera_sand,90.48,1.6452299999999999e-111,225,Metazoa,Rotifera,Eurotatoria,Ploima,Synchaetidae,Synchaeta,0,0,TRUE,ASV377,5,Synchaeta pectinata
edna0134,ASV356,motu315,Synchaeta baltica,Rotifer,species,NA,NA,1,1,NA,NA,10,NA,16,NA,NA,Synchaeta baltica,Rotifer,2018_pruth-grid_surface,pruth grid,seagrass_grid,2018-08-23,NA,2018,surface,5,pruth_grid_b2,grid,biological,15.4,25.96,8.44,13.5,31.65,8.06,3.2,775,0,51.64653616,-128.1198602,sand,NA,NA,NA,seagrass,zostera,seagrass_sand,zostera_sand,90.45,5.9173e-111,224,Metazoa,Rotifera,Eurotatoria,Ploima,Synchaetidae,Synchaeta,0,0,TRUE,ASV356,1,Synchaeta baltica
edna0134,ASV679,motu591,Phyllodocida,Polychaete,order,NA,NA,1,NA,NA,NA,8,NA,NA,NA,NA,Phyllodocida,Polychaete,2018_pruth-grid_surface,pruth grid,seagrass_grid,2018-08-23,NA,2018,surface,5,pruth_grid_b2,grid,biological,15.4,25.96,8.44,13.5,31.65,8.06,3.2,775,0,51.64653616,-128.1198602,sand,NA,NA,NA,seagrass,zostera,seagrass_sand,zostera_sand,100,0.0603188,28,Metazoa,Annelida,Annelida,Phyllodocida,NA,NA,0,0,TRUE,ASV679,1,NA
edna0134,ASV4735,motu1556,Dodecaceria,Cirratulid polychaete,genus,NA,NA,1,NA,NA,NA,34,NA,NA,NA,NA,Dodecaceria,Cirratulid polychaete,2018_pruth-grid_surface,pruth grid,seagrass_grid,2018-08-23,NA,2018,surface,5,pruth_grid_b2,grid,biological,15.4,25.96,8.44,13.5,31.65,8.06,3.2,775,0,51.64653616,-128.1198602,sand,NA,NA,NA,seagrass,zostera,seagrass_sand,zostera_sand,100,7.02982e-160,312,Metazoa,Annelida,Polychaeta,Terebellida,Cirratulidae,Dodecaceria,0,0,TRUE,ASV1870,5,NA
edna0134,ASV2172,motu1790,Paracalanus,Calanoid copepod,genus,NA,NA,1,1,NA,NA,3,NA,6,NA,NA,Paracalanus,Calanoid copepod,2018_pruth-grid_surface,pruth grid,seagrass_grid,2018-08-23,NA,2018,surface,5,pruth_grid_b2,grid,biological,15.4,25.96,8.44,13.5,31.65,8.06,3.2,775,0,51.64653616,-128.1198602,sand,NA,NA,NA,seagrass,zostera,seagrass_sand,zostera_sand,99.34,1.9105799999999988e-150,295,Metazoa,Arthropoda,Copepoda,Calanoida,Paracalanidae,Paracalanus,0,0,TRUE,ASV2172,1,NA
edna0134,ASV4378,motu31,Centropages abdominalis,Calanoid copepod,species,NA,NA,1,1,NA,NA,30,NA,24,NA,NA,Centropages abdominalis,Calanoid copepod,2018_pruth-grid_surface,pruth grid,seagrass_grid,2018-08-23,NA,2018,surface,5,pruth_grid_b2,grid,biological,15.4,25.96,8.44,13.5,31.65,8.06,3.2,775,0,51.64653616,-128.1198602,sand,NA,NA,NA,seagrass,zostera,seagrass_sand,zostera_sand,99.68,9.126599999999999e-159,310,Metazoa,Arthropoda,Copepoda,Calanoida,Centropagidae,Centropages,0,0,TRUE,ASV34,19,Centropages abdominalis
edna0134,ASV4245,motu3328,Armandia brevis,Opheliid polychaete,species,NA,NA,1,NA,NA,NA,3,NA,NA,NA,NA,Armandia brevis,Opheliid polychaete,2018_pruth-grid_surface,pruth grid,seagrass_grid,2018-08-23,NA,2018,surface,5,pruth_grid_b2,grid,biological,15.4,25.96,8.44,13.5,31.65,8.06,3.2,775,0,51.64653616,-128.1198602,sand,NA,NA,NA,seagrass,zostera,seagrass_sand,zostera_sand,100,2.708459999999999e-174,338,Metazoa,Annelida,Polychaeta,NA,Opheliidae,Armandia,0,0,TRUE,ASV4245,1,Armandia brevis
edna0134,ASV2292,motu1887,Synchaeta vorax,Rotifer,species,NA,NA,1,1,NA,NA,3,NA,2,NA,NA,Synchaeta vorax,Rotifer,2018_pruth-grid_surface,pruth grid,seagrass_grid,2018-08-23,NA,2018,surface,5,pruth_grid_b2,grid,biological,15.4,25.96,8.44,13.5,31.65,8.06,3.2,775,0,51.64653616,-128.1198602,sand,NA,NA,NA,seagrass,zostera,seagrass_sand,zostera_sand,94.81,5.60839e-131,260,Metazoa,Rotifera,Eurotatoria,Ploima,Synchaetidae,Synchaeta,0,0,TRUE,ASV2292,5,Synchaeta vorax
edna0134,ASV7463,motu922,Pleurobrachia bachei,Pacific sea gooseberry,species,NA,NA,1,NA,NA,NA,3,NA,NA,NA,NA,Pleurobrachia bachei,Pacific sea gooseberry,2018_pruth-grid_surface,pruth grid,seagrass_grid,2018-08-23,NA,2018,surface,5,pruth_grid_b2,grid,biological,15.4,25.96,8.44,13.5,31.65,8.06,3.2,775,0,51.64653616,-128.1198602,sand,NA,NA,NA,seagrass,zostera,seagrass_sand,zostera_sand,99.68,9.310369999999999e-159,310,Metazoa,Ctenophora,Tentaculata,Cydippida,Cydippidae,Pleurobrachia,0,0,TRUE,ASV1070,7,Pleurobrachia bachei
edna0057,ASV1266,motu1074,Cistenides granulata,Trumpet worm,species,NA,NA,1,1,NA,NA,36,33,NA,NA,17,Cistenides granulata,Trumpet worm,2018_hdo_surface,hdo,beach_seine,2018-07-13,2018-07-11,2018,surface,2,edna_hdo_30,surface,biological,13.3,29.97,8.25,NA,NA,NA,6.8,1000,0,51.6551346,-128.1292625,mud,n,320,p,seagrass,zostera,seagrass_mud,zostera_mud,100,2.51921e-159,311,Metazoa,Annelida,Polychaeta,Terebellida,Pectinariidae,Pectinaria,0,0,TRUE,ASV1266,1,Cistenides granulata
edna0057,ASV2845,motu1310,Metridia pacifica,Calanoid copepod,species,NA,NA,1,NA,NA,NA,61,NA,NA,NA,NA,Metridia pacifica,Calanoid copepod,2018_hdo_surface,hdo,beach_seine,2018-07-13,2018-07-11,2018,surface,2,edna_hdo_30,surface,biological,13.3,29.97,8.25,NA,NA,NA,6.8,1000,0,51.6551346,-128.1292625,mud,n,320,p,seagrass,zostera,seagrass_mud,zostera_mud,100,7.02982e-160,312,Metazoa,Arthropoda,Copepoda,Calanoida,Metridinidae,Metridia,0,0,TRUE,ASV1555,6,Metridia pacifica
edna0057,ASV2507,motu2042,Halitholus,Athecate hydroid,genus,NA,NA,1,1,NA,NA,44,96,45,NA,34,Halitholus,Athecate hydroid,2018_hdo_surface,hdo,beach_seine,2018-07-13,2018-07-11,2018,surface,2,edna_hdo_30,surface,biological,13.3,29.97,8.25,NA,NA,NA,6.8,1000,0,51.6551346,-128.1292625,mud,n,320,p,seagrass,zostera,seagrass_mud,zostera_mud,98.4,4.27634e-152,298,Metazoa,Cnidaria,Cnidaria,Anthoathecata,Pandeidae,Halitholus,0,0,TRUE,ASV2507,1,NA
edna0057,ASV4034,motu2360,Corynidae,Athecate hydroid,family,NA,NA,1,1,NA,NA,19,18,13,NA,NA,Corynidae,Athecate hydroid,2018_hdo_surface,hdo,beach_seine,2018-07-13,2018-07-11,2018,surface,2,edna_hdo_30,surface,biological,13.3,29.97,8.25,NA,NA,NA,6.8,1000,0,51.6551346,-128.1292625,mud,n,320,p,seagrass,zostera,seagrass_mud,zostera_mud,94.12,1.5934199999999998e-126,252,Metazoa,Cnidaria,Cnidaria,Anthoathecata,Corynidae,NA,0,0,TRUE,ASV2925,2,NA
edna0101,ASV1057,motu909,Orobdella,Freshwater leech,genus,NA,NA,1,NA,NA,NA,4,NA,NA,NA,NA,Orobdella,Freshwater leech,2018_koe3_surface,koe3,beach_seine,2018-07-20,2018-07-18,2018,surface,2,edna_koe3_15,surface,biological,14,34.3,8.06,10.8,30.84,7.99,1.8,1000,0,51.77588187,-127.8790909,sand,n,90,p,macroalgae,nereocystis,macroalgae_sand,nereocystis_sand,97.06,0.0011939,31,Metazoa,Annelida,Annelida,Erpobdelliformes,Orobdellidae,Orobdella,NA,NA,TRUE,ASV1057,1,NA
edna0101,ASV3036,motu2447,Saccocirrus,Polychaete,genus,NA,NA,1,NA,NA,NA,54,NA,NA,NA,NA,Saccocirrus,Polychaete,2018_koe3_surface,koe3,beach_seine,2018-07-20,2018-07-18,2018,surface,2,edna_koe3_15,surface,biological,14,34.3,8.06,10.8,30.84,7.99,1.8,1000,0,51.77588187,-127.8790909,sand,n,90,p,macroalgae,nereocystis,macroalgae_sand,nereocystis_sand,100,2.4540699999999983e-154,302,Metazoa,Annelida,Polychaeta,NA,Saccocirridae,Saccocirrus,0,0,TRUE,ASV3036,1,NA
edna0083,ASV357,motu316,Hiatella,Clam species,genus,NA,NA,1,1,NA,NA,94,174,172,NA,171,Hiatella,Clam species,2018_manley_surface,manley,kelp,2018-07-16,NA,2018,surface,2,edna_manley_15,surface,biological,14.4,30.5,8.25,11.5,31.15,8.06,5.7,1000,0,51.80121719,-128.199621,rock,NA,NA,NA,macroalgae,macrocystis,macroalgae_rock,macrocystis_rock,100,9.027749999999999e-159,310,Metazoa,Mollusca,Bivalvia,Adapedonta,Hiatellidae,Hiatella,0,0,TRUE,ASV357,9,NA
edna0083,ASV699,motu609,Hiatella,Clam species,genus,NA,NA,1,NA,NA,NA,112,NA,NA,NA,NA,Hiatella,Clam species,2018_manley_surface,manley,kelp,2018-07-16,NA,2018,surface,2,edna_manley_15,surface,biological,14.4,30.5,8.25,11.5,31.15,8.06,5.7,1000,0,51.80121719,-128.199621,rock,NA,NA,NA,macroalgae,macrocystis,macroalgae_rock,macrocystis_rock,100,9.027749999999999e-159,310,Metazoa,Mollusca,Bivalvia,Adapedonta,Hiatellidae,Hiatella,0,0,TRUE,ASV699,4,NA
edna0083,ASV770,motu609,Hiatella,Clam species,genus,NA,NA,1,1,NA,NA,63,NA,81,NA,82,Hiatella,Clam species,2018_manley_surface,manley,kelp,2018-07-16,NA,2018,surface,2,edna_manley_15,surface,biological,14.4,30.5,8.25,11.5,31.15,8.06,5.7,1000,0,51.80121719,-128.199621,rock,NA,NA,NA,macroalgae,macrocystis,macroalgae_rock,macrocystis_rock,100,9.027749999999999e-159,310,Metazoa,Mollusca,Bivalvia,Adapedonta,Hiatellidae,Hiatella,0,0,TRUE,ASV699,4,NA
edna0083,ASV386,motu316,Hiatella,Clam species,genus,NA,NA,1,1,NA,NA,71,123,117,NA,116,Hiatella,Clam species,2018_manley_surface,manley,kelp,2018-07-16,NA,2018,surface,2,edna_manley_15,surface,biological,14.4,30.5,8.25,11.5,31.15,8.06,5.7,1000,0,51.80121719,-128.199621,rock,NA,NA,NA,macroalgae,macrocystis,macroalgae_rock,macrocystis_rock,100,9.027749999999999e-159,310,Metazoa,Mollusca,Bivalvia,Adapedonta,Hiatellidae,Hiatella,0,0,TRUE,ASV357,9,NA
edna0083,ASV765,motu666,Myxicola aesthetica,Feather duster worm,species,NA,NA,1,1,NA,NA,5,NA,10,NA,NA,Myxicola aesthetica,Feather duster worm,2018_manley_surface,manley,kelp,2018-07-16,NA,2018,surface,2,edna_manley_15,surface,biological,14.4,30.5,8.25,11.5,31.15,8.06,5.7,1000,0,51.80121719,-128.199621,rock,NA,NA,NA,macroalgae,macrocystis,macroalgae_rock,macrocystis_rock,100,1.96163e-160,313,Metazoa,Annelida,Polychaeta,Sabellida,Sabellidae,Myxicola,0,0,TRUE,ASV765,3,Myxicola aesthetica
edna0083,ASV1293,motu1094,Asteriidae,Sea star,family,NA,NA,1,1,NA,NA,7,NA,NA,NA,19,Asteriidae,Sea star,2018_manley_surface,manley,kelp,2018-07-16,NA,2018,surface,2,edna_manley_15,surface,biological,14.4,30.5,8.25,11.5,31.15,8.06,5.7,1000,0,51.80121719,-128.199621,rock,NA,NA,NA,macroalgae,macrocystis,macroalgae_rock,macrocystis_rock,100,1.96163e-160,313,Metazoa,Echinodermata,Echinodermata,Forcipulatida,Asteriidae,NA,0,0,TRUE,ASV1293,1,NA
edna0083,ASV2153,motu105,Mesocentrotus franciscanus,Red sea urchin,species,NA,NA,1,1,NA,NA,44,161,98,NA,NA,Mesocentrotus franciscanus,Red sea urchin,2018_manley_surface,manley,kelp,2018-07-16,NA,2018,surface,2,edna_manley_15,surface,biological,14.4,30.5,8.25,11.5,31.15,8.06,5.7,1000,0,51.80121719,-128.199621,rock,NA,NA,NA,macroalgae,macrocystis,macroalgae_rock,macrocystis_rock,100,7.02982e-160,312,Metazoa,Echinodermata,Echinoidea,Camarodonta,Strongylocentrotidae,Mesocentrotus,0,0,TRUE,ASV118,8,Mesocentrotus franciscanus
edna0083,ASV2823,motu2284,Pseudocalanus mimus,Calanoid copepod,species,NA,NA,1,1,NA,NA,17,37,49,NA,65,Pseudocalanus mimus,Calanoid copepod,2018_manley_surface,manley,kelp,2018-07-16,NA,2018,surface,2,edna_manley_15,surface,biological,14.4,30.5,8.25,11.5,31.15,8.06,5.7,1000,0,51.80121719,-128.199621,rock,NA,NA,NA,macroalgae,macrocystis,macroalgae_rock,macrocystis_rock,99.33,2.5736899999999995e-149,293,Metazoa,Arthropoda,Copepoda,Calanoida,Clausocalanidae,Pseudocalanus,0,0,TRUE,ASV2823,1,Pseudocalanus mimus
edna0083,ASV1921,motu1598,Humilaria kennerleyi,Kennerleys venus,species,NA,NA,1,1,NA,NA,5,19,14,NA,NA,Humilaria kennerleyi,Kennerleys venus,2018_manley_surface,manley,kelp,2018-07-16,NA,2018,surface,2,edna_manley_15,surface,biological,14.4,30.5,8.25,11.5,31.15,8.06,5.7,1000,0,51.80121719,-128.199621,rock,NA,NA,NA,macroalgae,macrocystis,macroalgae_rock,macrocystis_rock,100,1.96163e-160,313,Metazoa,Mollusca,Bivalvia,Venerida,Veneridae,Humilaria,0,0,TRUE,ASV1921,2,Humilaria kennerleyi
edna0076,ASV357,motu316,Hiatella,Clam species,genus,NA,NA,1,1,NA,NA,59,22,23,NA,24,Hiatella,Clam species,2018_triquet_surface,triquet,kelp,2018-07-16,NA,2018,surface,1,edna_triquet_00,surface,biological,15,31.08,8.15,NA,NA,NA,5.7,1000,0,51.80359931,-128.2543249,rock,NA,NA,NA,macroalgae,macrocystis,macroalgae_rock,macrocystis_rock,100,9.027749999999999e-159,310,Metazoa,Mollusca,Bivalvia,Adapedonta,Hiatellidae,Hiatella,0,0,TRUE,ASV357,9,NA
edna0076,ASV699,motu609,Hiatella,Clam species,genus,NA,NA,1,NA,NA,NA,51,NA,NA,NA,NA,Hiatella,Clam species,2018_triquet_surface,triquet,kelp,2018-07-16,NA,2018,surface,1,edna_triquet_00,surface,biological,15,31.08,8.15,NA,NA,NA,5.7,1000,0,51.80359931,-128.2543249,rock,NA,NA,NA,macroalgae,macrocystis,macroalgae_rock,macrocystis_rock,100,9.027749999999999e-159,310,Metazoa,Mollusca,Bivalvia,Adapedonta,Hiatellidae,Hiatella,0,0,TRUE,ASV699,4,NA
edna0076,ASV118,motu105,Mesocentrotus franciscanus,Red sea urchin,species,NA,NA,1,NA,NA,NA,5,NA,NA,NA,NA,Mesocentrotus franciscanus,Red sea urchin,2018_triquet_surface,triquet,kelp,2018-07-16,NA,2018,surface,1,edna_triquet_00,surface,biological,15,31.08,8.15,NA,NA,NA,5.7,1000,0,51.80359931,-128.2543249,rock,NA,NA,NA,macroalgae,macrocystis,macroalgae_rock,macrocystis_rock,100,2.51921e-159,311,Metazoa,Echinodermata,Echinoidea,Camarodonta,Strongylocentrotidae,Mesocentrotus,0,0,TRUE,ASV118,8,Mesocentrotus franciscanus
edna0076,ASV3812,motu2999,Mitrocoma cellularia,Cross jelly,species,NA,NA,1,1,NA,NA,51,NA,NA,NA,31,Mitrocoma cellularia,Cross jelly,2018_triquet_surface,triquet,kelp,2018-07-16,NA,2018,surface,1,edna_triquet_00,surface,biological,15,31.08,8.15,NA,NA,NA,5.7,1000,0,51.80359931,-128.2543249,rock,NA,NA,NA,macroalgae,macrocystis,macroalgae_rock,macrocystis_rock,99.35,3.22227e-153,300,Metazoa,Cnidaria,Hydrozoa,Leptothecata,Mitrocomidae,Mitrocoma,0,0,TRUE,ASV3812,1,Mitrocoma cellularia
edna0076,ASV3428,motu2721,Mitrocoma cellularia,Cross jelly,species,NA,NA,1,1,NA,NA,47,39,21,NA,NA,Mitrocoma cellularia,Cross jelly,2018_triquet_surface,triquet,kelp,2018-07-16,NA,2018,surface,1,edna_triquet_00,surface,biological,15,31.08,8.15,NA,NA,NA,5.7,1000,0,51.80359931,-128.2543249,rock,NA,NA,NA,macroalgae,macrocystis,macroalgae_rock,macrocystis_rock,99.02,1.49918e-151,297,Metazoa,Cnidaria,Hydrozoa,Leptothecata,Mitrocomidae,Mitrocoma,0,0,TRUE,ASV3428,1,Mitrocoma cellularia
edna0138,ASV5059,motu412,Saxidomus gigantea,Butter clam,species,NA,NA,1,NA,NA,NA,35,NA,NA,NA,NA,Saxidomus,Washington clam species,2018_pruth-grid_surface,pruth grid,seagrass_grid,2018-08-23,NA,2018,surface,9,pruth_grid_c3,grid,biological,NA,NA,NA,NA,NA,NA,2.7,955,0,51.64619864,-128.1195361,sand,NA,NA,NA,seagrass,zostera,seagrass_sand,zostera_sand,99.68,9.126599999999999e-159,310,Metazoa,Mollusca,Mollusca,Venerida,Veneridae,Saxidomus,0,0,TRUE,ASV467,12,Saxidomus gigantea
edna0135,ASV2757,motu2230,Diplostomida,Flatworm,order,NA,NA,1,NA,NA,NA,3,NA,NA,NA,NA,Diplostomida,Flatworm,2018_pruth-grid_surface,pruth grid,seagrass_grid,2018-08-23,NA,2018,surface,6,pruth_grid_b3,grid,biological,NA,NA,NA,NA,NA,NA,3.2,875,0,51.64647292,-128.1194311,sand,NA,NA,NA,seagrass,zostera,seagrass_sand,zostera_sand,96.88,0.0144888,29,Metazoa,Platyhelminthes,Platyhelminthes,Diplostomida,NA,NA,0,0,TRUE,ASV2757,1,NA
edna0135,ASV4290,motu1887,Synchaeta vorax,Rotifer,species,NA,NA,1,1,NA,NA,15,17,13,NA,13,Synchaeta vorax,Rotifer,2018_pruth-grid_surface,pruth grid,seagrass_grid,2018-08-23,NA,2018,surface,6,pruth_grid_b3,grid,biological,NA,NA,NA,NA,NA,NA,3.2,875,0,51.64647292,-128.1194311,sand,NA,NA,NA,seagrass,zostera,seagrass_sand,zostera_sand,94.81,5.60839e-131,260,Metazoa,Rotifera,Eurotatoria,Ploima,Synchaetidae,Synchaeta,0,0,TRUE,ASV2292,5,Synchaeta vorax
edna0139,ASV2908,motu316,Hiatella,Clam species,genus,NA,NA,1,1,NA,NA,10,4,5,NA,NA,Hiatella,Clam species,2018_wfb_surface,wfb,beach_seine,2018-08-24,2018-08-24,2018,surface,1,edna_wfb_00,repeat-surface,biological,NA,NA,NA,NA,NA,NA,5,1000,0,51.66858165,-128.1194495,sand,y,350,se,none,none,none_sand,none_sand,99.68,4.200199999999998e-157,307,Metazoa,Mollusca,Bivalvia,Adapedonta,Hiatellidae,Hiatella,0,0,TRUE,ASV357,9,NA
edna0139,ASV6458,motu609,Hiatella,Clam species,genus,NA,NA,1,NA,NA,NA,6,NA,NA,NA,NA,Hiatella,Clam species,2018_wfb_surface,wfb,beach_seine,2018-08-24,2018-08-24,2018,surface,1,edna_wfb_00,repeat-surface,biological,NA,NA,NA,NA,NA,NA,5,1000,0,51.66858165,-128.1194495,sand,y,350,se,none,none,none_sand,none_sand,99.68,4.284779999999998e-157,307,Metazoa,Mollusca,Bivalvia,Adapedonta,Hiatellidae,Hiatella,0,0,TRUE,ASV699,4,NA
edna0034,ASV3876,motu285,Paracalanus,Calanoid copepod,genus,NA,NA,1,NA,NA,NA,28,NA,NA,NA,NA,Paracalanus parvus parvus,Calanoid copepod,2018_pba_depth,pba,beach_seine,2018-07-12,2018-07-10,2018,depth,2,edna_pba_00,depth,biological,12.8,29.61,8.64,NA,NA,NA,4,1000,0,51.64670412,-128.1188409,mud,y,180,p,seagrass,zostera,seagrass_mud,zostera_mud,99.34,5.31212e-151,296,Metazoa,Arthropoda,Arthropoda,Calanoida,Paracalanidae,Paracalanus,0,0,TRUE,ASV324,6,NA
edna0034,ASV5254,motu31,Centropages abdominalis,Calanoid copepod,species,NA,NA,1,NA,NA,NA,31,NA,NA,NA,NA,Centropages abdominalis,Calanoid copepod,2018_pba_depth,pba,beach_seine,2018-07-12,2018-07-10,2018,depth,2,edna_pba_00,depth,biological,12.8,29.61,8.64,NA,NA,NA,4,1000,0,51.64670412,-128.1188409,mud,y,180,p,seagrass,zostera,seagrass_mud,zostera_mud,99.68,9.126599999999999e-159,310,Metazoa,Arthropoda,Copepoda,Calanoida,Centropagidae,Centropages,0,0,TRUE,ASV34,19,Centropages abdominalis
edna0034,ASV2757,motu2230,Diplostomida,Flatworm,order,NA,NA,1,NA,NA,NA,8,NA,NA,NA,NA,Diplostomida,Flatworm,2018_pba_depth,pba,beach_seine,2018-07-12,2018-07-10,2018,depth,2,edna_pba_00,depth,biological,12.8,29.61,8.64,NA,NA,NA,4,1000,0,51.64670412,-128.1188409,mud,y,180,p,seagrass,zostera,seagrass_mud,zostera_mud,96.88,0.0144888,29,Metazoa,Platyhelminthes,Platyhelminthes,Diplostomida,NA,NA,0,0,TRUE,ASV2757,1,NA
edna0010,ASV1184,motu1012,Balanus nubilus,Giant acorn barnacle,species,NA,NA,1,1,NA,NA,62,136,NA,NA,114,Balanus nubilus,Giant acorn barnacle,2018_choked-pass_depth,choked pass,seagrass,2018-06-19,NA,2018,depth,1,edna_ch_i3_00,depth,biological,12.1,30.74,8.08,NA,NA,NA,7,1000,0,51.67529798,-128.1193259,sand,NA,NA,NA,seagrass,zostera,seagrass_sand,zostera_sand,99.03,3.258079999999998e-153,300,Metazoa,Arthropoda,Thecostraca,Balanomorpha,Balanidae,Balanus,0,0,TRUE,ASV1184,2,Balanus nubilus
edna0010,ASV1907,motu1586,Platynereis,Ragworm,genus,NA,NA,1,1,NA,NA,29,NA,NA,NA,61,Platynereis,Ragworm,2018_choked-pass_depth,choked pass,seagrass,2018-06-19,NA,2018,depth,1,edna_ch_i3_00,depth,biological,12.1,30.74,8.08,NA,NA,NA,7,1000,0,51.67529798,-128.1193259,sand,NA,NA,NA,seagrass,zostera,seagrass_sand,zostera_sand,100,3.2351099999999996e-158,309,Metazoa,Annelida,Polychaeta,Phyllodocida,Nereididae,Platynereis,0,0,TRUE,ASV1907,1,NA
edna0001,ASV357,motu316,Hiatella,Clam species,genus,NA,NA,NA,1,NA,NA,NA,26,NA,NA,NA,Hiatella,Clam species,2018_koeye-estuary_surface,koeye estuary,seagrass,2018-06-19,NA,2018,surface,1,edna_ko_e3_00,surface,biological,15.9,15.84,7.95,NA,NA,NA,2.2,980,0,51.77950168,-127.8716413,sand,NA,NA,NA,seagrass,zostera,seagrass_sand,zostera_sand,100,9.027749999999999e-159,310,Metazoa,Mollusca,Bivalvia,Adapedonta,Hiatellidae,Hiatella,0,0,TRUE,ASV357,9,NA
edna0001,ASV280,motu190,Mytilus,Mussel species,genus,NA,NA,NA,1,NA,NA,NA,124,NA,NA,NA,Mytilus trossulus,Bay mussel,2018_koeye-estuary_surface,koeye estuary,seagrass,2018-06-19,NA,2018,surface,1,edna_ko_e3_00,surface,biological,15.9,15.84,7.95,NA,NA,NA,2.2,980,0,51.77950168,-127.8716413,sand,NA,NA,NA,seagrass,zostera,seagrass_sand,zostera_sand,100,3.2351099999999996e-158,309,Metazoa,Mollusca,Mollusca,Mytilida,Mytilidae,Mytilus,0,0,TRUE,ASV216,23,NA
edna0001,ASV1291,motu1092,Metridium senile,Plumose anemone,species,NA,NA,NA,1,NA,NA,NA,3,NA,NA,NA,Metridium senile,Plumose anemone,2018_koeye-estuary_surface,koeye estuary,seagrass,2018-06-19,NA,2018,surface,1,edna_ko_e3_00,surface,biological,15.9,15.84,7.95,NA,NA,NA,2.2,980,0,51.77950168,-127.8716413,sand,NA,NA,NA,seagrass,zostera,seagrass_sand,zostera_sand,100,1.4886099999999998e-156,306,Metazoa,Cnidaria,Anthozoa,Actiniaria,Metridiidae,Metridium,0,0,TRUE,ASV1291,2,Metridium senile
edna0001,ASV1168,motu1001,Anthopleura elegantissima,Aggregating anemone,species,NA,NA,NA,1,NA,NA,NA,6,NA,NA,NA,Anthopleura elegantissima,Aggregating anemone,2018_koeye-estuary_surface,koeye estuary,seagrass,2018-06-19,NA,2018,surface,1,edna_ko_e3_00,surface,biological,15.9,15.84,7.95,NA,NA,NA,2.2,980,0,51.77950168,-127.8716413,sand,NA,NA,NA,seagrass,zostera,seagrass_sand,zostera_sand,100,1.96163e-160,313,Metazoa,Cnidaria,Cnidaria,Actiniaria,Actiniidae,Anthopleura,0,0,TRUE,ASV1168,1,Anthopleura elegantissima
edna0001,ASV2790,motu2222,Corophiidae,Amphipod,family,NA,NA,NA,1,NA,NA,NA,70,32,NA,NA,Corophiidae,Amphipod,2018_koeye-estuary_surface,koeye estuary,seagrass,2018-06-19,NA,2018,surface,1,edna_ko_e3_00,surface,biological,15.9,15.84,7.95,NA,NA,NA,2.2,980,0,51.77950168,-127.8716413,sand,NA,NA,NA,seagrass,zostera,seagrass_sand,zostera_sand,99.36,1.5216899999999998e-156,306,Metazoa,Arthropoda,Malacostraca,Amphipoda,Corophiidae,NA,0,0,TRUE,ASV2743,3,NA
edna0001,ASV4291,motu190,Mytilus trossulus,Bay mussel,species,NA,NA,NA,1,NA,NA,NA,58,NA,NA,NA,Mytilus trossulus,Bay mussel,2018_koeye-estuary_surface,koeye estuary,seagrass,2018-06-19,NA,2018,surface,1,edna_ko_e3_00,surface,biological,15.9,15.84,7.95,NA,NA,NA,2.2,980,0,51.77950168,-127.8716413,sand,NA,NA,NA,seagrass,zostera,seagrass_sand,zostera_sand,100,3.2351099999999996e-158,309,Metazoa,Mollusca,Bivalvia,Mytilida,Mytilidae,Mytilus,0,0,TRUE,ASV216,23,Mytilus trossulus
edna0001,ASV4320,motu199,Mytilus trossulus,Bay mussel,species,NA,NA,NA,1,NA,NA,NA,57,NA,NA,NA,Mytilus trossulus,Bay mussel,2018_koeye-estuary_surface,koeye estuary,seagrass,2018-06-19,NA,2018,surface,1,edna_ko_e3_00,surface,biological,15.9,15.84,7.95,NA,NA,NA,2.2,980,0,51.77950168,-127.8716413,sand,NA,NA,NA,seagrass,zostera,seagrass_sand,zostera_sand,100,3.2351099999999996e-158,309,Metazoa,Mollusca,Bivalvia,Mytilida,Mytilidae,Mytilus,0,0,TRUE,ASV226,18,Mytilus trossulus
edna0001,ASV4336,motu3389,Mytilus trossulus,Bay mussel,species,NA,NA,NA,1,NA,NA,NA,32,24,NA,NA,Mytilus trossulus,Bay mussel,2018_koeye-estuary_surface,koeye estuary,seagrass,2018-06-19,NA,2018,surface,1,edna_ko_e3_00,surface,biological,15.9,15.84,7.95,NA,NA,NA,2.2,980,0,51.77950168,-127.8716413,sand,NA,NA,NA,seagrass,zostera,seagrass_sand,zostera_sand,99.68,1.5051499999999994e-156,306,Metazoa,Mollusca,Mollusca,Mytilida,Mytilidae,Mytilus,0,0,TRUE,ASV4336,1,Mytilus trossulus
edna0001,ASV4519,motu3517,Chaetognatha,Arrow worm,phylum,NA,NA,NA,1,NA,NA,NA,18,NA,NA,NA,Chaetognatha,Arrow worm,2018_koeye-estuary_surface,koeye estuary,seagrass,2018-06-19,NA,2018,surface,1,edna_ko_e3_00,surface,biological,15.9,15.84,7.95,NA,NA,NA,2.2,980,0,51.77950168,-127.8716413,sand,NA,NA,NA,seagrass,zostera,seagrass_sand,zostera_sand,96.52,1.66186e-86,180,Metazoa,Chaetognatha,NA,NA,NA,NA,0,0,TRUE,ASV4519,1,NA
edna0001,ASV4696,motu3643,Hermosita,Nudibranch species,genus,NA,NA,NA,1,NA,NA,NA,10,NA,NA,NA,Hermosita,Nudibranch species,2018_koeye-estuary_surface,koeye estuary,seagrass,2018-06-19,NA,2018,surface,1,edna_ko_e3_00,surface,biological,15.9,15.84,7.95,NA,NA,NA,2.2,980,0,51.77950168,-127.8716413,sand,NA,NA,NA,seagrass,zostera,seagrass_sand,zostera_sand,97.37,6.3747e-6,35,Metazoa,Mollusca,Mollusca,Nudibranchia,Facelinidae,Hermosita,0,0,TRUE,ASV4696,1,NA
edna0001,ASV5259,motu213,Balanus glandula,Acorn barnacle,species,NA,NA,NA,1,NA,NA,NA,31,NA,NA,NA,Balanus glandula,Acorn barnacle,2018_koeye-estuary_surface,koeye estuary,seagrass,2018-06-19,NA,2018,surface,1,edna_ko_e3_00,surface,biological,15.9,15.84,7.95,NA,NA,NA,2.2,980,0,51.77950168,-127.8716413,sand,NA,NA,NA,seagrass,zostera,seagrass_sand,zostera_sand,99.35,7.002779999999996e-155,303,Metazoa,Arthropoda,Thecostraca,Balanomorpha,Balanidae,Balanus,0,0,TRUE,ASV242,15,Balanus glandula
edna0001,ASV5398,motu4144,Hermosita,Nudibranch species,genus,NA,NA,NA,1,NA,NA,NA,9,NA,NA,NA,Hermosita,Nudibranch species,2018_koeye-estuary_surface,koeye estuary,seagrass,2018-06-19,NA,2018,surface,1,edna_ko_e3_00,surface,biological,15.9,15.84,7.95,NA,NA,NA,2.2,980,0,51.77950168,-127.8716413,sand,NA,NA,NA,seagrass,zostera,seagrass_sand,zostera_sand,97.37,6.6444e-6,35,Metazoa,Mollusca,Mollusca,Nudibranchia,Facelinidae,Hermosita,0,0,TRUE,ASV5398,1,NA
edna0002,ASV118,motu105,Mesocentrotus franciscanus,Red sea urchin,species,NA,NA,NA,1,NA,NA,NA,NA,39,NA,NA,Mesocentrotus franciscanus,Red sea urchin,2018_koeye-estuary_surface,koeye estuary,seagrass,2018-06-19,NA,2018,surface,2,edna_ko_e3_15,surface,biological,16,15.09,8.07,NA,NA,NA,2.2,1000,0,51.77943387,-127.8717879,sand,NA,NA,NA,seagrass,zostera,seagrass_sand,zostera_sand,100,2.51921e-159,311,Metazoa,Echinodermata,Echinoidea,Camarodonta,Strongylocentrotidae,Mesocentrotus,0,0,TRUE,ASV118,8,Mesocentrotus franciscanus
edna0002,ASV132,motu118,Mesocentrotus franciscanus,Red sea urchin,species,NA,NA,NA,1,NA,NA,NA,NA,29,NA,NA,Mesocentrotus franciscanus,Red sea urchin,2018_koeye-estuary_surface,koeye estuary,seagrass,2018-06-19,NA,2018,surface,2,edna_ko_e3_15,surface,biological,16,15.09,8.07,NA,NA,NA,2.2,1000,0,51.77943387,-127.8717879,sand,NA,NA,NA,seagrass,zostera,seagrass_sand,zostera_sand,100,2.51921e-159,311,Metazoa,Echinodermata,Echinoidea,Camarodonta,Strongylocentrotidae,Mesocentrotus,0,0,TRUE,ASV132,8,Mesocentrotus franciscanus
edna0002,ASV1570,motu1323,Pleurobrachia bachei,Pacific sea gooseberry,species,NA,NA,NA,1,NA,NA,NA,NA,9,NA,NA,Pleurobrachia bachei,Pacific sea gooseberry,2018_koeye-estuary_surface,koeye estuary,seagrass,2018-06-19,NA,2018,surface,2,edna_ko_e3_15,surface,biological,16,15.09,8.07,NA,NA,NA,2.2,1000,0,51.77943387,-127.8717879,sand,NA,NA,NA,seagrass,zostera,seagrass_sand,zostera_sand,99.68,9.126599999999999e-159,310,Metazoa,Ctenophora,Tentaculata,Cydippida,Cydippidae,Pleurobrachia,0,0,TRUE,ASV1570,1,Pleurobrachia bachei
edna0002,ASV1714,motu1432,Pleurobrachia bachei,Pacific sea gooseberry,species,NA,NA,NA,1,NA,NA,NA,NA,15,NA,NA,Pleurobrachia bachei,Pacific sea gooseberry,2018_koeye-estuary_surface,koeye estuary,seagrass,2018-06-19,NA,2018,surface,2,edna_ko_e3_15,surface,biological,16,15.09,8.07,NA,NA,NA,2.2,1000,0,51.77943387,-127.8717879,sand,NA,NA,NA,seagrass,zostera,seagrass_sand,zostera_sand,99.68,9.126599999999999e-159,310,Metazoa,Ctenophora,Tentaculata,Cydippida,Cydippidae,Pleurobrachia,0,0,TRUE,ASV1714,1,Pleurobrachia bachei
edna0002,ASV2019,motu1116,Clytia gregaria,Gregarious jellyfish,species,NA,NA,NA,1,NA,NA,NA,NA,12,NA,NA,Clytia gregaria,Gregarious jellyfish,2018_koeye-estuary_surface,koeye estuary,seagrass,2018-06-19,NA,2018,surface,2,edna_ko_e3_15,surface,biological,16,15.09,8.07,NA,NA,NA,2.2,1000,0,51.77943387,-127.8717879,sand,NA,NA,NA,seagrass,zostera,seagrass_sand,zostera_sand,99.35,3.22227e-153,300,Metazoa,Cnidaria,Cnidaria,Leptothecata,Campanulariidae,Clytia,0,0,TRUE,ASV1319,3,Clytia gregaria
edna0002,ASV3774,motu2971,Paranais,Freshwater oligochaete,genus,NA,NA,NA,1,NA,NA,NA,NA,7,NA,NA,Paranais,Freshwater oligochaete,2018_koeye-estuary_surface,koeye estuary,seagrass,2018-06-19,NA,2018,surface,2,edna_ko_e3_15,surface,biological,16,15.09,8.07,NA,NA,NA,2.2,1000,0,51.77943387,-127.8717879,sand,NA,NA,NA,seagrass,zostera,seagrass_sand,zostera_sand,90.85,2.6449e-109,221,Metazoa,Annelida,Annelida,Tubificida,Naididae,Paranais,0,0,TRUE,ASV3774,2,NA
edna0002,ASV4227,motu2222,Corophiidae,Amphipod,family,NA,NA,NA,1,NA,NA,NA,NA,30,NA,NA,Corophiidae,Amphipod,2018_koeye-estuary_surface,koeye estuary,seagrass,2018-06-19,NA,2018,surface,2,edna_ko_e3_15,surface,biological,16,15.09,8.07,NA,NA,NA,2.2,1000,0,51.77943387,-127.8717879,sand,NA,NA,NA,seagrass,zostera,seagrass_sand,zostera_sand,99.36,5.453139999999996e-156,305,Metazoa,Arthropoda,Malacostraca,Amphipoda,Corophiidae,NA,0,0,TRUE,ASV2743,3,NA
edna0002,ASV4696,motu3643,Hermosita,Nudibranch species,genus,NA,NA,NA,1,NA,NA,NA,NA,17,NA,NA,Hermosita,Nudibranch species,2018_koeye-estuary_surface,koeye estuary,seagrass,2018-06-19,NA,2018,surface,2,edna_ko_e3_15,surface,biological,16,15.09,8.07,NA,NA,NA,2.2,1000,0,51.77943387,-127.8717879,sand,NA,NA,NA,seagrass,zostera,seagrass_sand,zostera_sand,97.37,6.3747e-6,35,Metazoa,Mollusca,Mollusca,Nudibranchia,Facelinidae,Hermosita,0,0,TRUE,ASV4696,1,NA
edna0002,ASV5398,motu4144,Hermosita,Nudibranch species,genus,NA,NA,NA,1,NA,NA,NA,NA,13,NA,NA,Hermosita,Nudibranch species,2018_koeye-estuary_surface,koeye estuary,seagrass,2018-06-19,NA,2018,surface,2,edna_ko_e3_15,surface,biological,16,15.09,8.07,NA,NA,NA,2.2,1000,0,51.77943387,-127.8717879,sand,NA,NA,NA,seagrass,zostera,seagrass_sand,zostera_sand,97.37,6.6444e-6,35,Metazoa,Mollusca,Mollusca,Nudibranchia,Facelinidae,Hermosita,0,0,TRUE,ASV5398,1,NA
edna0002,ASV5936,motu4564,Thysanoessa spinifera,Krill,species,NA,NA,NA,1,NA,NA,NA,NA,19,NA,NA,Thysanoessa spinifera,Krill,2018_koeye-estuary_surface,koeye estuary,seagrass,2018-06-19,NA,2018,surface,2,edna_ko_e3_15,surface,biological,16,15.09,8.07,NA,NA,NA,2.2,1000,0,51.77943387,-127.8717879,sand,NA,NA,NA,seagrass,zostera,seagrass_sand,zostera_sand,100,2.4909699999999984e-154,302,Metazoa,Arthropoda,Malacostraca,Euphausiacea,Euphausiidae,Thysanoessa,0,0,TRUE,ASV5936,1,Thysanoessa spinifera
edna0002,ASV5937,motu4565,Baetis,Hexapod,genus,NA,NA,NA,1,NA,NA,NA,NA,8,NA,NA,Baetis,Hexapod,2018_koeye-estuary_surface,koeye estuary,seagrass,2018-06-19,NA,2018,surface,2,edna_ko_e3_15,surface,biological,16,15.09,8.07,NA,NA,NA,2.2,1000,0,51.77943387,-127.8717879,sand,NA,NA,NA,seagrass,zostera,seagrass_sand,zostera_sand,91.64,5.812629999999999e-116,233,Metazoa,Arthropoda,Arthropoda,Pisciforma,Pisciforma,Baetis,NA,NA,TRUE,ASV5937,1,NA
edna0002,ASV6021,motu4633,Bolinopsis microptera,Short-lobed comb jelly,species,NA,NA,NA,1,NA,NA,NA,NA,4,NA,NA,Bolinopsis microptera,Short-lobed comb jelly,2018_koeye-estuary_surface,koeye estuary,seagrass,2018-06-19,NA,2018,surface,2,edna_ko_e3_15,surface,biological,16,15.09,8.07,NA,NA,NA,2.2,1000,0,51.77943387,-127.8717879,sand,NA,NA,NA,seagrass,zostera,seagrass_sand,zostera_sand,100,1.96163e-160,313,Metazoa,Ctenophora,Tentaculata,Lobata,Bolinopsidae,Bolinopsis,0,0,TRUE,ASV6021,1,Bolinopsis microptera
edna0002,ASV5515,motu4231,Dermasterias imbricata,Leather star,species,NA,NA,NA,1,NA,NA,NA,NA,11,NA,NA,Dermasterias imbricata,Leather star,2018_koeye-estuary_surface,koeye estuary,seagrass,2018-06-19,NA,2018,surface,2,edna_ko_e3_15,surface,biological,16,15.09,8.07,NA,NA,NA,2.2,1000,0,51.77943387,-127.8717879,sand,NA,NA,NA,seagrass,zostera,seagrass_sand,zostera_sand,100,1.96163e-160,313,Metazoa,Echinodermata,Asteroidea,Valvatida,Asteropseidae,Dermasterias,0,0,TRUE,ASV5515,1,Dermasterias imbricata
edna0007,ASV634,motu517,Balanus,Barnacle species,genus,NA,NA,NA,1,NA,NA,NA,6,NA,NA,NA,Balanus,Barnacle species,2018_choked-pass_surface,choked pass,seagrass,2018-06-19,NA,2018,surface,1,edna_ch_i3_00,surface,biological,12.4,30.66,8.05,NA,NA,NA,7,1000,0,51.67529798,-128.1193259,sand,NA,NA,NA,seagrass,zostera,seagrass_sand,zostera_sand,100,1.4886099999999998e-156,306,Metazoa,Arthropoda,Arthropoda,Balanomorpha,Balanidae,Balanus,0,0,TRUE,ASV587,10,NA
edna0007,ASV3984,motu303,Pseudocalanus mimus,Calanoid copepod,species,NA,NA,NA,1,NA,NA,NA,7,NA,NA,NA,Pseudocalanus mimus,Calanoid copepod,2018_choked-pass_surface,choked pass,seagrass,2018-06-19,NA,2018,surface,1,edna_ch_i3_00,surface,biological,12.4,30.66,8.05,NA,NA,NA,7,1000,0,51.67529798,-128.1193259,sand,NA,NA,NA,seagrass,zostera,seagrass_sand,zostera_sand,99.67,9.19139e-154,301,Metazoa,Arthropoda,Copepoda,Calanoida,Clausocalanidae,Pseudocalanus,0,0,TRUE,ASV343,11,Pseudocalanus mimus
edna0010,ASV398,motu350,Synchaeta pectinata,Rotifer,species,NA,NA,NA,1,NA,NA,NA,2,NA,NA,NA,Synchaeta pectinata,Rotifer,2018_choked-pass_depth,choked pass,seagrass,2018-06-19,NA,2018,depth,1,edna_ch_i3_00,depth,biological,12.1,30.74,8.08,NA,NA,NA,7,1000,0,51.67529798,-128.1193259,sand,NA,NA,NA,seagrass,zostera,seagrass_sand,zostera_sand,90.48,1.6452299999999999e-111,225,Metazoa,Rotifera,Eurotatoria,Ploima,Synchaetidae,Synchaeta,0,0,TRUE,ASV398,4,Synchaeta pectinata
edna0010,ASV498,motu441,Clytia gregaria,Gregarious jellyfish,species,NA,NA,NA,1,NA,NA,NA,7,NA,NA,NA,Clytia gregaria,Gregarious jellyfish,2018_choked-pass_depth,choked pass,seagrass,2018-06-19,NA,2018,depth,1,edna_ch_i3_00,depth,biological,12.1,30.74,8.08,NA,NA,NA,7,1000,0,51.67529798,-128.1193259,sand,NA,NA,NA,seagrass,zostera,seagrass_sand,zostera_sand,99.68,9.126599999999999e-159,310,Metazoa,Cnidaria,Hydrozoa,Leptothecata,Campanulariidae,Clytia,0,0,TRUE,ASV498,2,Clytia gregaria
edna0010,ASV1818,motu1514,Platynereis,Ragworm,genus,NA,NA,NA,1,NA,NA,NA,33,57,NA,NA,Platynereis,Ragworm,2018_choked-pass_depth,choked pass,seagrass,2018-06-19,NA,2018,depth,1,edna_ch_i3_00,depth,biological,12.1,30.74,8.08,NA,NA,NA,7,1000,0,51.67529798,-128.1193259,sand,NA,NA,NA,seagrass,zostera,seagrass_sand,zostera_sand,100,1.96163e-160,313,Metazoa,Annelida,Polychaeta,Phyllodocida,Nereididae,Platynereis,0,0,TRUE,ASV1818,1,NA
edna0072,ASV205,motu181,Pseudocalanus mimus,Calanoid copepod,species,NA,NA,NA,1,NA,NA,NA,50,34,NA,NA,Pseudocalanus mimus,Calanoid copepod,2018_kis1_surface,kis1,beach_seine,2018-07-15,2018-07-13,2018,surface,3,edna_kis1_30,surface,biological,13.6,30.95,8.13,13.3,31.03,8.11,4.5,1000,0,51.81116654,-128.2295305,sand,n,25,sp,seagrass,zostera,seagrass_sand,zostera_sand,100,1.18898e-152,299,Metazoa,Arthropoda,Copepoda,Calanoida,Clausocalanidae,Pseudocalanus,0,0,TRUE,ASV205,8,Pseudocalanus mimus
edna0072,ASV1057,motu909,Orobdella,Freshwater leech,genus,NA,NA,NA,1,NA,NA,NA,17,18,NA,NA,Orobdella,Freshwater leech,2018_kis1_surface,kis1,beach_seine,2018-07-15,2018-07-13,2018,surface,3,edna_kis1_30,surface,biological,13.6,30.95,8.13,13.3,31.03,8.11,4.5,1000,0,51.81116654,-128.2295305,sand,n,25,sp,seagrass,zostera,seagrass_sand,zostera_sand,97.06,0.0011939,31,Metazoa,Annelida,Annelida,Erpobdelliformes,Orobdellidae,Orobdella,NA,NA,TRUE,ASV1057,1,NA
edna0072,ASV1451,motu796,Panopea generosa,Pacific geoduck,species,NA,NA,NA,1,NA,NA,NA,274,NA,NA,NA,Panopea generosa,Pacific geoduck,2018_kis1_surface,kis1,beach_seine,2018-07-15,2018-07-13,2018,surface,3,edna_kis1_30,surface,biological,13.6,30.95,8.13,13.3,31.03,8.11,4.5,1000,0,51.81116654,-128.2295305,sand,n,25,sp,seagrass,zostera,seagrass_sand,zostera_sand,100,7.02982e-160,312,Metazoa,Mollusca,Bivalvia,Adapedonta,Hiatellidae,Panopea,0,0,TRUE,ASV916,4,Panopea generosa
edna0072,ASV1980,motu1620,Haliotis kamtschatkana,Northern abalone,species,NA,NA,NA,1,NA,NA,NA,57,147,NA,125,Haliotis kamtschatkana,Northern abalone,2018_kis1_surface,kis1,beach_seine,2018-07-15,2018-07-13,2018,surface,3,edna_kis1_30,surface,biological,13.6,30.95,8.13,13.3,31.03,8.11,4.5,1000,0,51.81116654,-128.2295305,sand,n,25,sp,seagrass,zostera,seagrass_sand,zostera_sand,100,2.51921e-159,311,Metazoa,Mollusca,Mollusca,Lepetellida,Haliotidae,Haliotis,0,0,TRUE,ASV1950,2,Haliotis kamtschatkana
edna0072,ASV1655,motu1104,Haliotis kamtschatkana,Northern abalone,species,NA,NA,NA,1,NA,NA,NA,176,NA,NA,108,Haliotis kamtschatkana,Northern abalone,2018_kis1_surface,kis1,beach_seine,2018-07-15,2018-07-13,2018,surface,3,edna_kis1_30,surface,biological,13.6,30.95,8.13,13.3,31.03,8.11,4.5,1000,0,51.81116654,-128.2295305,sand,n,25,sp,seagrass,zostera,seagrass_sand,zostera_sand,100,7.02982e-160,312,Metazoa,Mollusca,Mollusca,Lepetellida,Haliotidae,Haliotis,0,0,TRUE,ASV1304,9,Haliotis kamtschatkana
edna0072,ASV2951,motu2380,Ergasilida,Cyclopoid copepod,order,NA,NA,NA,1,NA,NA,NA,14,11,NA,NA,Ergasilida,Cyclopoid copepod,2018_kis1_surface,kis1,beach_seine,2018-07-15,2018-07-13,2018,surface,3,edna_kis1_30,surface,biological,13.6,30.95,8.13,13.3,31.03,8.11,4.5,1000,0,51.81116654,-128.2295305,sand,n,25,sp,seagrass,zostera,seagrass_sand,zostera_sand,100,2.51921e-159,311,Metazoa,Arthropoda,Copepoda,Cyclopoida,NA,NA,0,0,FALSE,ASV2951,1,NA
edna0072,ASV4228,motu3314,Synchaeta triophthalma,Rotifer,species,NA,NA,NA,1,NA,NA,NA,25,14,NA,NA,Synchaeta triophthalma,Rotifer,2018_kis1_surface,kis1,beach_seine,2018-07-15,2018-07-13,2018,surface,3,edna_kis1_30,surface,biological,13.6,30.95,8.13,13.3,31.03,8.11,4.5,1000,0,51.81116654,-128.2295305,sand,n,25,sp,seagrass,zostera,seagrass_sand,zostera_sand,91.64,5.875589999999998e-116,233,Metazoa,Rotifera,Eurotatoria,Ploima,Synchaetidae,Synchaeta,0,0,TRUE,ASV4228,2,Synchaeta triophthalma
edna0072,ASV4698,motu3644,Epilabidocera longipedata,Calanoid copepod,species,NA,NA,NA,1,NA,NA,NA,44,NA,NA,NA,Epilabidocera longipedata,Calanoid copepod,2018_kis1_surface,kis1,beach_seine,2018-07-15,2018-07-13,2018,surface,3,edna_kis1_30,surface,biological,13.6,30.95,8.13,13.3,31.03,8.11,4.5,1000,0,51.81116654,-128.2295305,sand,n,25,sp,seagrass,zostera,seagrass_sand,zostera_sand,98.04,2.78198e-94,194,Metazoa,Arthropoda,Copepoda,Calanoida,Pontellidae,Epilabidocera,0,0,TRUE,ASV4698,1,Epilabidocera longipedata
edna0072,ASV2807,motu1655,Notomastus,Capitellid polychaete,genus,NA,NA,NA,1,NA,NA,NA,11,NA,NA,11,Notomastus,Capitellid polychaete,2018_kis1_surface,kis1,beach_seine,2018-07-15,2018-07-13,2018,surface,3,edna_kis1_30,surface,biological,13.6,30.95,8.13,13.3,31.03,8.11,4.5,1000,0,51.81116654,-128.2295305,sand,n,25,sp,seagrass,zostera,seagrass_sand,zostera_sand,100,1.96163e-160,313,Metazoa,Annelida,Polychaeta,NA,Capitellidae,Notomastus,0,0,TRUE,ASV1997,2,NA
edna0072,ASV4897,motu412,Saxidomus gigantea,Butter clam,species,NA,NA,NA,1,NA,NA,NA,17,NA,NA,22,Saxidomus,Washington clam species,2018_kis1_surface,kis1,beach_seine,2018-07-15,2018-07-13,2018,surface,3,edna_kis1_30,surface,biological,13.6,30.95,8.13,13.3,31.03,8.11,4.5,1000,0,51.81116654,-128.2295305,sand,n,25,sp,seagrass,zostera,seagrass_sand,zostera_sand,99.68,9.126599999999999e-159,310,Metazoa,Mollusca,Mollusca,Venerida,Veneridae,Saxidomus,0,0,TRUE,ASV467,12,Saxidomus gigantea
edna0072,ASV5324,motu4092,Orthasterias koehleri,Rainbow star,species,NA,NA,NA,1,NA,NA,NA,12,NA,NA,6,Orthasterias koehleri,Rainbow star,2018_kis1_surface,kis1,beach_seine,2018-07-15,2018-07-13,2018,surface,3,edna_kis1_30,surface,biological,13.6,30.95,8.13,13.3,31.03,8.11,4.5,1000,0,51.81116654,-128.2295305,sand,n,25,sp,seagrass,zostera,seagrass_sand,zostera_sand,100,2.51921e-159,311,Metazoa,Echinodermata,Asteroidea,Forcipulatida,Asteriidae,Orthasterias,0,0,TRUE,ASV5324,1,Orthasterias koehleri
edna0072,ASV5523,motu4238,Synchaeta triophthalma,Rotifer,species,NA,NA,NA,1,NA,NA,NA,15,12,NA,NA,Synchaeta triophthalma,Rotifer,2018_kis1_surface,kis1,beach_seine,2018-07-15,2018-07-13,2018,surface,3,edna_kis1_30,surface,biological,13.6,30.95,8.13,13.3,31.03,8.11,4.5,1000,0,51.81116654,-128.2295305,sand,n,25,sp,seagrass,zostera,seagrass_sand,zostera_sand,91.99,3.511259999999999e-118,237,Metazoa,Rotifera,Eurotatoria,Ploima,Synchaetidae,Synchaeta,0,0,TRUE,ASV5523,1,Synchaeta triophthalma
edna0072,ASV5705,motu4378,Orthasterias koehleri,Rainbow star,species,NA,NA,NA,1,NA,NA,NA,12,NA,NA,NA,Orthasterias koehleri,Rainbow star,2018_kis1_surface,kis1,beach_seine,2018-07-15,2018-07-13,2018,surface,3,edna_kis1_30,surface,biological,13.6,30.95,8.13,13.3,31.03,8.11,4.5,1000,0,51.81116654,-128.2295305,sand,n,25,sp,seagrass,zostera,seagrass_sand,zostera_sand,100,2.51921e-159,311,Metazoa,Echinodermata,Asteroidea,Forcipulatida,Asteriidae,Orthasterias,0,0,TRUE,ASV5705,1,Orthasterias koehleri
edna0073,ASV307,motu118,Mesocentrotus franciscanus,Red sea urchin,species,NA,NA,NA,1,NA,NA,NA,335,NA,NA,NA,Mesocentrotus franciscanus,Red sea urchin,2018_hab2_surface,hab2,beach_seine,2018-07-15,2018-07-12,2018,surface,1,edna_hab2_00,surface,biological,12.8,31.38,8.02,11.1,31.68,7.99,4.5,1000,0,51.66375908,-128.1431094,sand,n,1000,se,none,none,none_sand,none_sand,100,7.02982e-160,312,Metazoa,Echinodermata,Echinoidea,Camarodonta,Strongylocentrotidae,Mesocentrotus,0,0,TRUE,ASV132,8,Mesocentrotus franciscanus
edna0073,ASV5938,motu4566,Haliclystus sanjuanensis,Oval-anchored stalked jelly,species,NA,NA,NA,1,NA,NA,NA,11,NA,NA,NA,Haliclystus sanjuanensis,Oval-anchored stalked jelly,2018_hab2_surface,hab2,beach_seine,2018-07-15,2018-07-12,2018,surface,1,edna_hab2_00,surface,biological,12.8,31.38,8.02,11.1,31.68,7.99,4.5,1000,0,51.66375908,-128.1431094,sand,n,1000,se,none,none,none_sand,none_sand,99.68,9.126599999999999e-159,310,Metazoa,Cnidaria,Staurozoa,Stauromedusae,Haliclystidae,Haliclystus,0,0,TRUE,ASV5938,1,Haliclystus sanjuanensis
edna0074,ASV699,motu609,Hiatella,Clam species,genus,NA,NA,NA,1,NA,NA,NA,15,NA,NA,7,Hiatella,Clam species,2018_hab2_surface,hab2,beach_seine,2018-07-15,2018-07-12,2018,surface,2,edna_hab2_15,surface,biological,12.3,31.38,8.02,11.2,31.69,7.98,5,1000,0,51.66377693,-128.1433209,sand,n,1000,se,none,none,none_sand,none_sand,100,9.027749999999999e-159,310,Metazoa,Mollusca,Bivalvia,Adapedonta,Hiatellidae,Hiatella,0,0,TRUE,ASV699,4,NA
edna0074,ASV640,motu105,Mesocentrotus franciscanus,Red sea urchin,species,NA,NA,NA,1,NA,NA,NA,8,NA,NA,NA,Mesocentrotus franciscanus,Red sea urchin,2018_hab2_surface,hab2,beach_seine,2018-07-15,2018-07-12,2018,surface,2,edna_hab2_15,surface,biological,12.3,31.38,8.02,11.2,31.69,7.98,5,1000,0,51.66377693,-128.1433209,sand,n,1000,se,none,none,none_sand,none_sand,100,1.96163e-160,313,Metazoa,Echinodermata,Echinoidea,Camarodonta,Strongylocentrotidae,Mesocentrotus,0,0,TRUE,ASV118,8,Mesocentrotus franciscanus
edna0074,ASV750,motu654,Orobdella,Freshwater leech,genus,NA,NA,NA,1,NA,NA,NA,8,NA,NA,14,Orobdella,Freshwater leech,2018_hab2_surface,hab2,beach_seine,2018-07-15,2018-07-12,2018,surface,2,edna_hab2_15,surface,biological,12.3,31.38,8.02,11.2,31.69,7.98,5,1000,0,51.66377693,-128.1433209,sand,n,1000,se,none,none,none_sand,none_sand,97.06,0.00121031,31,Metazoa,Annelida,Annelida,Erpobdelliformes,Orobdellidae,Orobdella,NA,NA,TRUE,ASV750,1,NA
edna0074,ASV1068,motu920,Arthropoda,Unknown arthropod,phylum,NA,NA,NA,1,NA,NA,NA,3,NA,NA,NA,Arthropoda,Unknown arthropod,2018_hab2_surface,hab2,beach_seine,2018-07-15,2018-07-12,2018,surface,2,edna_hab2_15,surface,biological,12.3,31.38,8.02,11.2,31.69,7.98,5,1000,0,51.66377693,-128.1433209,sand,n,1000,se,none,none,none_sand,none_sand,94.87,8.78538e-5,33,Metazoa,Arthropoda,NA,NA,NA,NA,NA,NA,TRUE,ASV1068,4,NA
edna0074,ASV1445,motu1221,Cistenides granulata,Trumpet worm,species,NA,NA,NA,1,NA,NA,NA,13,NA,NA,NA,Cistenides granulata,Trumpet worm,2018_hab2_surface,hab2,beach_seine,2018-07-15,2018-07-12,2018,surface,2,edna_hab2_15,surface,biological,12.3,31.38,8.02,11.2,31.69,7.98,5,1000,0,51.66377693,-128.1433209,sand,n,1000,se,none,none,none_sand,none_sand,100,1.4886099999999998e-156,306,Metazoa,Annelida,Polychaeta,Terebellida,Pectinariidae,Pectinaria,0,0,TRUE,ASV1445,1,Cistenides granulata
edna0074,ASV2852,motu2305,Coleoptera,Hexapod,order,NA,NA,NA,1,NA,NA,NA,2,NA,NA,NA,Coleoptera,Hexapod,2018_hab2_surface,hab2,beach_seine,2018-07-15,2018-07-12,2018,surface,2,edna_hab2_15,surface,biological,12.3,31.38,8.02,11.2,31.69,7.98,5,1000,0,51.66377693,-128.1433209,sand,n,1000,se,none,none,none_sand,none_sand,100,0.00110774,31,Metazoa,Arthropoda,Arthropoda,Coleoptera,NA,NA,NA,NA,TRUE,ASV2852,1,NA
edna0074,ASV5472,motu4202,Sarsamphiascus undosus,Harpacticoid copepod,species,NA,NA,NA,1,NA,NA,NA,17,11,NA,NA,Sarsamphiascus undosus,Harpacticoid copepod,2018_hab2_surface,hab2,beach_seine,2018-07-15,2018-07-12,2018,surface,2,edna_hab2_15,surface,biological,12.3,31.38,8.02,11.2,31.69,7.98,5,1000,0,51.66377693,-128.1433209,sand,n,1000,se,none,none,none_sand,none_sand,98.4,4.27634e-152,298,Metazoa,Arthropoda,Copepoda,Harpacticoida,Miraciidae,Sarsamphiascus,0,0,TRUE,ASV5472,1,Sarsamphiascus undosus
edna0074,ASV3175,motu2541,Arthropoda,Unknown arthropod,phylum,NA,NA,NA,1,NA,NA,NA,6,NA,NA,NA,Arthropoda,Unknown arthropod,2018_hab2_surface,hab2,beach_seine,2018-07-15,2018-07-12,2018,surface,2,edna_hab2_15,surface,biological,12.3,31.38,8.02,11.2,31.69,7.98,5,1000,0,51.66377693,-128.1433209,sand,n,1000,se,none,none,none_sand,none_sand,100,0.014701,29,Metazoa,Arthropoda,NA,NA,NA,NA,NA,NA,TRUE,ASV3175,1,NA
edna0075,ASV3842,motu3021,Humilaria kennerleyi,Kennerleys venus,species,NA,NA,NA,1,NA,NA,NA,10,NA,NA,NA,Humilaria kennerleyi,Kennerleys venus,2018_hab2_surface,hab2,beach_seine,2018-07-15,2018-07-12,2018,surface,3,edna_hab2_30,surface,biological,12.4,31.4,8.03,11.2,31.69,7.99,5,1000,0,51.66379541,-128.143518,sand,n,1000,se,none,none,none_sand,none_sand,100,2.51921e-159,311,Metazoa,Mollusca,Bivalvia,Venerida,Veneridae,Humilaria,0,0,TRUE,ASV3842,2,Humilaria kennerleyi
edna0075,ASV2807,motu1655,Notomastus,Capitellid polychaete,genus,NA,NA,NA,1,NA,NA,NA,14,NA,NA,NA,Notomastus,Capitellid polychaete,2018_hab2_surface,hab2,beach_seine,2018-07-15,2018-07-12,2018,surface,3,edna_hab2_30,surface,biological,12.4,31.4,8.03,11.2,31.69,7.99,5,1000,0,51.66379541,-128.143518,sand,n,1000,se,none,none,none_sand,none_sand,100,1.96163e-160,313,Metazoa,Annelida,Polychaeta,NA,Capitellidae,Notomastus,0,0,TRUE,ASV1997,2,NA
edna0075,ASV5789,motu4447,Platygastridae,Hexapod,genus,NA,NA,NA,1,NA,NA,NA,10,13,NA,NA,Platygastridae,Hexapod,2018_hab2_surface,hab2,beach_seine,2018-07-15,2018-07-12,2018,surface,3,edna_hab2_30,surface,biological,12.4,31.4,8.03,11.2,31.69,7.99,5,1000,0,51.66379541,-128.143518,sand,n,1000,se,none,none,none_sand,none_sand,100,0.00408744,30,Metazoa,Arthropoda,Arthropoda,Hymenoptera,Platygastroidea,Platygastridae,NA,NA,TRUE,ASV5789,1,NA
edna0076,ASV232,motu204,Cecidomyiidae,Hexapod,genus,NA,NA,NA,1,NA,NA,NA,2,NA,NA,NA,Cecidomyiidae,Hexapod,2018_triquet_surface,triquet,kelp,2018-07-16,NA,2018,surface,1,edna_triquet_00,surface,biological,15,31.08,8.15,NA,NA,NA,5.7,1000,0,51.80359931,-128.2543249,rock,NA,NA,NA,macroalgae,macrocystis,macroalgae_rock,macrocystis_rock,100,0.00408744,30,Metazoa,Arthropoda,Arthropoda,Diptera,Cecidomyiidae,Cecidomyiidae,NA,NA,TRUE,ASV232,1,NA
edna0076,ASV6586,motu5107,Membranipora membranacea,Coffin box bryozoan,species,NA,NA,NA,1,NA,NA,NA,5,NA,NA,9,Membranipora membranacea,Coffin box bryozoan,2018_triquet_surface,triquet,kelp,2018-07-16,NA,2018,surface,1,edna_triquet_00,surface,biological,15,31.08,8.15,NA,NA,NA,5.7,1000,0,51.80359931,-128.2543249,rock,NA,NA,NA,macroalgae,macrocystis,macroalgae_rock,macrocystis_rock,99.27,5.68099e-136,269,Metazoa,Bryozoa,Gymnolaemata,Cheilostomatida,Membraniporidae,Membranipora,0,0,TRUE,ASV6586,1,Membranipora membranacea
edna0077,ASV498,motu441,Clytia gregaria,Gregarious jellyfish,species,NA,NA,NA,1,NA,NA,NA,11,NA,NA,2,Clytia gregaria,Gregarious jellyfish,2018_triquet_depth,triquet,kelp,2018-07-16,NA,2018,depth,1,edna_triquet_15,depth,biological,13.3,31.1,8.15,NA,NA,NA,5.7,1000,0,51.80352819,-128.2545227,rock,NA,NA,NA,macroalgae,macrocystis,macroalgae_rock,macrocystis_rock,99.68,9.126599999999999e-159,310,Metazoa,Cnidaria,Hydrozoa,Leptothecata,Campanulariidae,Clytia,0,0,TRUE,ASV498,2,Clytia gregaria
edna0077,ASV3401,motu2703,Arctonoe pulchra,Red commensal scale worm,species,NA,NA,NA,1,NA,NA,NA,8,NA,NA,NA,Arctonoe pulchra,Red commensal scale worm,2018_triquet_depth,triquet,kelp,2018-07-16,NA,2018,depth,1,edna_triquet_15,depth,biological,13.3,31.1,8.15,NA,NA,NA,5.7,1000,0,51.80352819,-128.2545227,rock,NA,NA,NA,macroalgae,macrocystis,macroalgae_rock,macrocystis_rock,100,2.4540699999999983e-154,302,Metazoa,Annelida,Polychaeta,Phyllodocida,Polynoidae,Arctonoe,0,0,TRUE,ASV3401,1,Arctonoe pulchra
edna0077,ASV4588,motu1247,Pollicipes polymerus,Gooseneck barnacle,species,NA,NA,NA,1,NA,NA,NA,23,24,NA,NA,Pollicipes polymerus,Gooseneck barnacle,2018_triquet_depth,triquet,kelp,2018-07-16,NA,2018,depth,1,edna_triquet_15,depth,biological,13.3,31.1,8.15,NA,NA,NA,5.7,1000,0,51.80352819,-128.2545227,rock,NA,NA,NA,macroalgae,macrocystis,macroalgae_rock,macrocystis_rock,99.68,1.5051499999999994e-156,306,Metazoa,Arthropoda,Thecostraca,Pollicipedomorpha,Pollicipedidae,Pollicipes,0,0,TRUE,ASV1477,2,Pollicipes polymerus
edna0077,ASV5121,motu3941,Halosydna brevisetosa,Shortscaled worm,species,NA,NA,NA,1,NA,NA,NA,22,NA,NA,12,Halosydna brevisetosa,Shortscaled worm,2018_triquet_depth,triquet,kelp,2018-07-16,NA,2018,depth,1,edna_triquet_15,depth,biological,13.3,31.1,8.15,NA,NA,NA,5.7,1000,0,51.80352819,-128.2545227,rock,NA,NA,NA,macroalgae,macrocystis,macroalgae_rock,macrocystis_rock,99.36,5.453139999999996e-156,305,Metazoa,Annelida,Polychaeta,Phyllodocida,Polynoidae,Halosydna,0,0,TRUE,ASV5121,1,Halosydna brevisetosa
edna0077,ASV3534,motu2809,Polypogon,Hexapod,genus,NA,NA,NA,1,NA,NA,NA,2,NA,NA,NA,Polypogon,Hexapod,2018_triquet_depth,triquet,kelp,2018-07-16,NA,2018,depth,1,edna_triquet_15,depth,biological,13.3,31.1,8.15,NA,NA,NA,5.7,1000,0,51.80352819,-128.2545227,rock,NA,NA,NA,macroalgae,macrocystis,macroalgae_rock,macrocystis_rock,95.12,6.79151e-6,35,Metazoa,Arthropoda,Arthropoda,Lepidoptera,Noctuoidea,Polypogon,NA,NA,TRUE,ASV3534,1,NA
edna0077,ASV5060,motu3897,Chaetognatha,Arrow worm,phylum,NA,NA,NA,1,NA,NA,NA,7,NA,NA,NA,Chaetognatha,Arrow worm,2018_triquet_depth,triquet,kelp,2018-07-16,NA,2018,depth,1,edna_triquet_15,depth,biological,13.3,31.1,8.15,NA,NA,NA,5.7,1000,0,51.80352819,-128.2545227,rock,NA,NA,NA,macroalgae,macrocystis,macroalgae_rock,macrocystis_rock,95.02,1.67366e-81,171,Metazoa,Chaetognatha,NA,NA,NA,NA,0,0,TRUE,ASV5060,1,NA
edna0078,ASV216,motu190,Mytilus trossulus,Bay mussel,species,NA,NA,NA,1,NA,NA,NA,5,NA,NA,NA,Mytilus trossulus,Bay mussel,2018_triquet_surface,triquet,kelp,2018-07-16,NA,2018,surface,2,edna_triquet_30,surface,biological,14.6,30.7,8.15,NA,NA,NA,5,1000,0,51.80345632,-128.2547138,rock,NA,NA,NA,macroalgae,macrocystis,macroalgae_rock,macrocystis_rock,100,3.2351099999999996e-158,309,Metazoa,Mollusca,Mollusca,Mytilida,Mytilidae,Mytilus,0,0,TRUE,ASV216,23,Mytilus trossulus
edna0078,ASV3842,motu3021,Humilaria kennerleyi,Kennerleys venus,species,NA,NA,NA,1,NA,NA,NA,8,NA,NA,NA,Humilaria kennerleyi,Kennerleys venus,2018_triquet_surface,triquet,kelp,2018-07-16,NA,2018,surface,2,edna_triquet_30,surface,biological,14.6,30.7,8.15,NA,NA,NA,5,1000,0,51.80345632,-128.2547138,rock,NA,NA,NA,macroalgae,macrocystis,macroalgae_rock,macrocystis_rock,100,2.51921e-159,311,Metazoa,Mollusca,Bivalvia,Venerida,Veneridae,Humilaria,0,0,TRUE,ASV3842,2,Humilaria kennerleyi
edna0079,ASV354,motu313,Mitrocoma cellularia,Cross jelly,species,NA,NA,NA,1,NA,NA,NA,6,NA,NA,NA,Mitrocoma cellularia,Cross jelly,2018_triquet_depth,triquet,kelp,2018-07-16,NA,2018,depth,2,edna_triquet_00,depth,biological,13.4,31.1,8.14,NA,NA,NA,5,1000,0,51.80359931,-128.2543249,rock,NA,NA,NA,macroalgae,macrocystis,macroalgae_rock,macrocystis_rock,100,1.4886099999999998e-156,306,Metazoa,Cnidaria,Hydrozoa,Leptothecata,Mitrocomidae,Mitrocoma,0,0,TRUE,ASV354,2,Mitrocoma cellularia
edna0079,ASV1462,motu1233,Clytia gregaria,Gregarious jellyfish,species,NA,NA,NA,1,NA,NA,NA,6,NA,NA,NA,Clytia gregaria,Gregarious jellyfish,2018_triquet_depth,triquet,kelp,2018-07-16,NA,2018,depth,2,edna_triquet_00,depth,biological,13.4,31.1,8.14,NA,NA,NA,5,1000,0,51.80359931,-128.2543249,rock,NA,NA,NA,macroalgae,macrocystis,macroalgae_rock,macrocystis_rock,99.67,6.925819999999995e-155,303,Metazoa,Cnidaria,Hydrozoa,Leptothecata,Campanulariidae,Clytia,0,0,TRUE,ASV1462,2,Clytia gregaria
edna0079,ASV1293,motu1094,Asteriidae,Sea star,family,NA,NA,NA,1,NA,NA,NA,8,NA,NA,NA,Asteriidae,Sea star,2018_triquet_depth,triquet,kelp,2018-07-16,NA,2018,depth,2,edna_triquet_00,depth,biological,13.4,31.1,8.14,NA,NA,NA,5,1000,0,51.80359931,-128.2543249,rock,NA,NA,NA,macroalgae,macrocystis,macroalgae_rock,macrocystis_rock,100,1.96163e-160,313,Metazoa,Echinodermata,Echinodermata,Forcipulatida,Asteriidae,NA,0,0,TRUE,ASV1293,1,NA
edna0079,ASV3064,motu2467,Balanus,Barnacle species,genus,NA,NA,NA,1,NA,NA,NA,45,NA,NA,93,Balanus,Barnacle species,2018_triquet_depth,triquet,kelp,2018-07-16,NA,2018,depth,2,edna_triquet_00,depth,biological,13.4,31.1,8.14,NA,NA,NA,5,1000,0,51.80359931,-128.2543249,rock,NA,NA,NA,macroalgae,macrocystis,macroalgae_rock,macrocystis_rock,99.02,1.49918e-151,297,Metazoa,Arthropoda,Arthropoda,Balanomorpha,Balanidae,Balanus,0,0,TRUE,ASV3064,1,NA
edna0079,ASV6175,motu4759,Lepidoptera,Hexapod,order,NA,NA,NA,1,NA,NA,NA,13,NA,NA,NA,Lepidoptera,Hexapod,2018_triquet_depth,triquet,kelp,2018-07-16,NA,2018,depth,2,edna_triquet_00,depth,biological,13.4,31.1,8.14,NA,NA,NA,5,1000,0,51.80359931,-128.2543249,rock,NA,NA,NA,macroalgae,macrocystis,macroalgae_rock,macrocystis_rock,96.88,0.0603188,28,Metazoa,Arthropoda,Arthropoda,Lepidoptera,NA,NA,NA,NA,TRUE,ASV6175,1,NA
edna0080,ASV2865,motu2317,Chaetognatha,Arrow worm,phylum,NA,NA,NA,1,NA,NA,NA,11,NA,NA,NA,Chaetognatha,Arrow worm,2018_triquet_surface,triquet,kelp,2018-07-16,NA,2018,surface,3,edna_triquet_15,surface,biological,14.9,30.94,8.15,NA,NA,NA,5.6,1000,0,51.80352819,-128.2545227,rock,NA,NA,NA,macroalgae,macrocystis,macroalgae_rock,macrocystis_rock,98.01,1.6501399999999998e-91,189,Metazoa,Chaetognatha,NA,NA,NA,NA,0,0,TRUE,ASV2865,1,NA
edna0080,ASV3480,motu2765,Synchaeta triophthalma,Rotifer,species,NA,NA,NA,1,NA,NA,NA,8,NA,NA,NA,Synchaeta triophthalma,Rotifer,2018_triquet_surface,triquet,kelp,2018-07-16,NA,2018,surface,3,edna_triquet_15,surface,biological,14.9,30.94,8.15,NA,NA,NA,5.6,1000,0,51.80352819,-128.2545227,rock,NA,NA,NA,macroalgae,macrocystis,macroalgae_rock,macrocystis_rock,91.99,3.511259999999999e-118,237,Metazoa,Rotifera,Eurotatoria,Ploima,Synchaetidae,Synchaeta,0,0,TRUE,ASV3480,1,Synchaeta triophthalma
edna0081,ASV640,motu105,Mesocentrotus franciscanus,Red sea urchin,species,NA,NA,NA,1,NA,NA,NA,8,NA,NA,NA,Mesocentrotus franciscanus,Red sea urchin,2018_triquet_depth,triquet,kelp,2018-07-16,NA,2018,depth,3,edna_triquet_30,depth,biological,13.3,31.07,8.14,NA,NA,NA,5.6,1000,0,51.80345632,-128.2547138,rock,NA,NA,NA,macroalgae,macrocystis,macroalgae_rock,macrocystis_rock,100,1.96163e-160,313,Metazoa,Echinodermata,Echinoidea,Camarodonta,Strongylocentrotidae,Mesocentrotus,0,0,TRUE,ASV118,8,Mesocentrotus franciscanus
edna0081,ASV750,motu654,Orobdella,Freshwater leech,genus,NA,NA,NA,1,NA,NA,NA,7,10,NA,14,Orobdella,Freshwater leech,2018_triquet_depth,triquet,kelp,2018-07-16,NA,2018,depth,3,edna_triquet_30,depth,biological,13.3,31.07,8.14,NA,NA,NA,5.6,1000,0,51.80345632,-128.2547138,rock,NA,NA,NA,macroalgae,macrocystis,macroalgae_rock,macrocystis_rock,97.06,0.00121031,31,Metazoa,Annelida,Annelida,Erpobdelliformes,Orobdellidae,Orobdella,NA,NA,TRUE,ASV750,1,NA
edna0081,ASV1013,motu876,Orobdella,Freshwater leech,genus,NA,NA,NA,1,NA,NA,NA,10,NA,NA,NA,Orobdella,Freshwater leech,2018_triquet_depth,triquet,kelp,2018-07-16,NA,2018,depth,3,edna_triquet_30,depth,biological,13.3,31.07,8.14,NA,NA,NA,5.6,1000,0,51.80345632,-128.2547138,rock,NA,NA,NA,macroalgae,macrocystis,macroalgae_rock,macrocystis_rock,97.06,0.00121031,31,Metazoa,Annelida,Annelida,Erpobdelliformes,Orobdellidae,Orobdella,NA,NA,TRUE,ASV1013,1,NA
edna0081,ASV4052,motu3175,Spionidae,Spionid polychaete,family,NA,NA,NA,1,NA,NA,NA,9,NA,NA,NA,Spionidae,Spionid polychaete,2018_triquet_depth,triquet,kelp,2018-07-16,NA,2018,depth,3,edna_triquet_30,depth,biological,13.3,31.07,8.14,NA,NA,NA,5.6,1000,0,51.80345632,-128.2547138,rock,NA,NA,NA,macroalgae,macrocystis,macroalgae_rock,macrocystis_rock,100,1.96163e-160,313,Metazoa,Annelida,Annelida,Spionida,Spionidae,NA,0,0,TRUE,ASV4052,1,NA
edna0082,ASV118,motu105,Mesocentrotus franciscanus,Red sea urchin,species,NA,NA,NA,1,NA,NA,NA,393,160,NA,NA,Mesocentrotus franciscanus,Red sea urchin,2018_manley_surface,manley,kelp,2018-07-16,NA,2018,surface,1,edna_manley_00,surface,biological,13.8,30.69,8.22,11.6,31.19,8.07,7.5,1000,0,51.80108298,-128.1997573,rock,NA,NA,NA,macroalgae,macrocystis,macroalgae_rock,macrocystis_rock,100,2.51921e-159,311,Metazoa,Echinodermata,Echinoidea,Camarodonta,Strongylocentrotidae,Mesocentrotus,0,0,TRUE,ASV118,8,Mesocentrotus franciscanus
edna0082,ASV354,motu313,Mitrocoma cellularia,Cross jelly,species,NA,NA,NA,1,NA,NA,NA,15,NA,NA,NA,Mitrocoma cellularia,Cross jelly,2018_manley_surface,manley,kelp,2018-07-16,NA,2018,surface,1,edna_manley_00,surface,biological,13.8,30.69,8.22,11.6,31.19,8.07,7.5,1000,0,51.80108298,-128.1997573,rock,NA,NA,NA,macroalgae,macrocystis,macroalgae_rock,macrocystis_rock,100,1.4886099999999998e-156,306,Metazoa,Cnidaria,Hydrozoa,Leptothecata,Mitrocomidae,Mitrocoma,0,0,TRUE,ASV354,2,Mitrocoma cellularia
edna0082,ASV1097,motu944,Dodecaceria,Cirratulid polychaete,genus,NA,NA,NA,1,NA,NA,NA,27,NA,NA,NA,Dodecaceria,Cirratulid polychaete,2018_manley_surface,manley,kelp,2018-07-16,NA,2018,surface,1,edna_manley_00,surface,biological,13.8,30.69,8.22,11.6,31.19,8.07,7.5,1000,0,51.80108298,-128.1997573,rock,NA,NA,NA,macroalgae,macrocystis,macroalgae_rock,macrocystis_rock,100,1.96163e-160,313,Metazoa,Annelida,Polychaeta,Terebellida,Cirratulidae,Dodecaceria,0,0,TRUE,ASV1097,6,NA
edna0082,ASV1921,motu1598,Humilaria kennerleyi,Kennerleys venus,species,NA,NA,NA,1,NA,NA,NA,8,NA,NA,NA,Humilaria kennerleyi,Kennerleys venus,2018_manley_surface,manley,kelp,2018-07-16,NA,2018,surface,1,edna_manley_00,surface,biological,13.8,30.69,8.22,11.6,31.19,8.07,7.5,1000,0,51.80108298,-128.1997573,rock,NA,NA,NA,macroalgae,macrocystis,macroalgae_rock,macrocystis_rock,100,1.96163e-160,313,Metazoa,Mollusca,Bivalvia,Venerida,Veneridae,Humilaria,0,0,TRUE,ASV1921,2,Humilaria kennerleyi
edna0082,ASV5173,motu3978,Sabellariidae,Feather duster worm,family,NA,NA,NA,1,NA,NA,NA,21,NA,NA,12,Sabellariidae,Feather duster worm,2018_manley_surface,manley,kelp,2018-07-16,NA,2018,surface,1,edna_manley_00,surface,biological,13.8,30.69,8.22,11.6,31.19,8.07,7.5,1000,0,51.80108298,-128.1997573,rock,NA,NA,NA,macroalgae,macrocystis,macroalgae_rock,macrocystis_rock,99.03,3.258079999999998e-153,300,Metazoa,Annelida,Polychaeta,NA,Sabellariidae,NA,0,0,TRUE,ASV5173,1,NA
edna0083,ASV216,motu190,Mytilus trossulus,Bay mussel,species,NA,NA,NA,1,NA,NA,NA,21,NA,NA,NA,Mytilus trossulus,Bay mussel,2018_manley_surface,manley,kelp,2018-07-16,NA,2018,surface,2,edna_manley_15,surface,biological,14.4,30.5,8.25,11.5,31.15,8.06,5.7,1000,0,51.80121719,-128.199621,rock,NA,NA,NA,macroalgae,macrocystis,macroalgae_rock,macrocystis_rock,100,3.2351099999999996e-158,309,Metazoa,Mollusca,Mollusca,Mytilida,Mytilidae,Mytilus,0,0,TRUE,ASV216,23,Mytilus trossulus
edna0083,ASV1107,motu343,Dodecaceria,Cirratulid polychaete,genus,NA,NA,NA,1,NA,NA,NA,221,NA,NA,172,Dodecaceria,Cirratulid polychaete,2018_manley_surface,manley,kelp,2018-07-16,NA,2018,surface,2,edna_manley_15,surface,biological,14.4,30.5,8.25,11.5,31.15,8.06,5.7,1000,0,51.80121719,-128.199621,rock,NA,NA,NA,macroalgae,macrocystis,macroalgae_rock,macrocystis_rock,99.68,3.2706599999999985e-158,309,Metazoa,Annelida,Polychaeta,Terebellida,Cirratulidae,Dodecaceria,0,0,TRUE,ASV390,6,NA
edna0083,ASV2108,motu199,Mytilus trossulus,Bay mussel,species,NA,NA,NA,1,NA,NA,NA,28,NA,NA,21,Mytilus trossulus,Bay mussel,2018_manley_surface,manley,kelp,2018-07-16,NA,2018,surface,2,edna_manley_15,surface,biological,14.4,30.5,8.25,11.5,31.15,8.06,5.7,1000,0,51.80121719,-128.199621,rock,NA,NA,NA,macroalgae,macrocystis,macroalgae_rock,macrocystis_rock,100,3.2351099999999996e-158,309,Metazoa,Mollusca,Mollusca,Mytilida,Mytilidae,Mytilus,0,0,TRUE,ASV226,18,Mytilus trossulus
edna0083,ASV2575,motu118,Mesocentrotus franciscanus,Red sea urchin,species,NA,NA,NA,1,NA,NA,NA,114,NA,NA,91,Mesocentrotus franciscanus,Red sea urchin,2018_manley_surface,manley,kelp,2018-07-16,NA,2018,surface,2,edna_manley_15,surface,biological,14.4,30.5,8.25,11.5,31.15,8.06,5.7,1000,0,51.80121719,-128.199621,rock,NA,NA,NA,macroalgae,macrocystis,macroalgae_rock,macrocystis_rock,100,2.51921e-159,311,Metazoa,Echinodermata,Echinoidea,Camarodonta,Strongylocentrotidae,Mesocentrotus,0,0,TRUE,ASV132,8,Mesocentrotus franciscanus
edna0083,ASV2745,motu1809,Myxicola aesthetica,Feather duster worm,species,NA,NA,NA,1,NA,NA,NA,11,NA,NA,NA,Myxicola aesthetica,Feather duster worm,2018_manley_surface,manley,kelp,2018-07-16,NA,2018,surface,2,edna_manley_15,surface,biological,14.4,30.5,8.25,11.5,31.15,8.06,5.7,1000,0,51.80121719,-128.199621,rock,NA,NA,NA,macroalgae,macrocystis,macroalgae_rock,macrocystis_rock,100,5.334159999999996e-156,305,Metazoa,Annelida,Polychaeta,Sabellida,Sabellidae,Myxicola,0,0,TRUE,ASV2192,2,Myxicola aesthetica
edna0083,ASV3889,motu3055,Pholoides asperus,Scale worm,species,NA,NA,NA,1,NA,NA,NA,26,25,NA,27,Pholoides asperus,Scale worm,2018_manley_surface,manley,kelp,2018-07-16,NA,2018,surface,2,edna_manley_15,surface,biological,14.4,30.5,8.25,11.5,31.15,8.06,5.7,1000,0,51.80121719,-128.199621,rock,NA,NA,NA,macroalgae,macrocystis,macroalgae_rock,macrocystis_rock,98.72,9.19139e-154,301,Metazoa,Annelida,Polychaeta,Phyllodocida,Sigalionidae,Pholoides,0,0,TRUE,ASV3889,1,Pholoides asperus
edna0083,ASV4817,motu3727,Lepidozona mertensii,Red chiton,species,NA,NA,NA,1,NA,NA,NA,13,14,NA,14,Lepidozona mertensii,Red chiton,2018_manley_surface,manley,kelp,2018-07-16,NA,2018,surface,2,edna_manley_15,surface,biological,14.4,30.5,8.25,11.5,31.15,8.06,5.7,1000,0,51.80121719,-128.199621,rock,NA,NA,NA,macroalgae,macrocystis,macroalgae_rock,macrocystis_rock,100,3.2351099999999996e-158,309,Metazoa,Mollusca,Polyplacophora,Chitonida,Ischnochitonidae,Lepidozona,0,0,TRUE,ASV4817,1,Lepidozona mertensii
edna0083,ASV4818,motu1388,Paleanotus bellis,Golden petal worm,species,NA,NA,NA,1,NA,NA,NA,12,12,NA,17,Paleanotus bellis,Golden petal worm,2018_manley_surface,manley,kelp,2018-07-16,NA,2018,surface,2,edna_manley_15,surface,biological,14.4,30.5,8.25,11.5,31.15,8.06,5.7,1000,0,51.80121719,-128.199621,rock,NA,NA,NA,macroalgae,macrocystis,macroalgae_rock,macrocystis_rock,99.03,3.258079999999998e-153,300,Metazoa,Annelida,Polychaeta,Phyllodocida,Chrysopetalidae,Paleanotus,0,0,TRUE,ASV1654,4,Paleanotus bellis
edna0083,ASV7068,motu2465,Synchaetidae,Rotifer,family,NA,NA,NA,1,NA,NA,NA,8,NA,NA,NA,Synchaeta cecilia,Rotifer,2018_manley_surface,manley,kelp,2018-07-16,NA,2018,surface,2,edna_manley_15,surface,biological,14.4,30.5,8.25,11.5,31.15,8.06,5.7,1000,0,51.80121719,-128.199621,rock,NA,NA,NA,macroalgae,macrocystis,macroalgae_rock,macrocystis_rock,91.06,2.7382799999999994e-109,221,Metazoa,Rotifera,Rotifera,Ploima,Synchaetidae,NA,0,0,TRUE,ASV3061,2,NA
edna0084,ASV640,motu105,Mesocentrotus franciscanus,Red sea urchin,species,NA,NA,NA,1,NA,NA,NA,383,NA,NA,493,Mesocentrotus franciscanus,Red sea urchin,2018_manley_surface,manley,kelp,2018-07-16,NA,2018,surface,3,edna_manley_30,surface,biological,14.2,30.63,8.22,12.7,30.95,8.16,5.7,1000,0,51.80136642,-128.199517,rock,NA,NA,NA,macroalgae,macrocystis,macroalgae_rock,macrocystis_rock,100,1.96163e-160,313,Metazoa,Echinodermata,Echinoidea,Camarodonta,Strongylocentrotidae,Mesocentrotus,0,0,TRUE,ASV118,8,Mesocentrotus franciscanus
edna0084,ASV2019,motu1116,Clytia gregaria,Gregarious jellyfish,species,NA,NA,NA,1,NA,NA,NA,66,NA,NA,NA,Clytia gregaria,Gregarious jellyfish,2018_manley_surface,manley,kelp,2018-07-16,NA,2018,surface,3,edna_manley_30,surface,biological,14.2,30.63,8.22,12.7,30.95,8.16,5.7,1000,0,51.80136642,-128.199517,rock,NA,NA,NA,macroalgae,macrocystis,macroalgae_rock,macrocystis_rock,99.35,3.22227e-153,300,Metazoa,Cnidaria,Cnidaria,Leptothecata,Campanulariidae,Clytia,0,0,TRUE,ASV1319,3,Clytia gregaria
edna0084,ASV1917,motu1595,Arthropoda,Unknown arthropod,phylum,NA,NA,NA,1,NA,NA,NA,7,NA,NA,9,Arthropoda,Unknown arthropod,2018_manley_surface,manley,kelp,2018-07-16,NA,2018,surface,3,edna_manley_30,surface,biological,14.2,30.63,8.22,12.7,30.95,8.16,5.7,1000,0,51.80136642,-128.199517,rock,NA,NA,NA,macroalgae,macrocystis,macroalgae_rock,macrocystis_rock,95,2.34566e-5,34,Metazoa,Arthropoda,NA,NA,NA,NA,NA,NA,TRUE,ASV1917,1,NA
edna0084,ASV3124,motu2511,Pollicipes polymerus,Gooseneck barnacle,species,NA,NA,NA,1,NA,NA,NA,18,18,NA,21,Pollicipes polymerus,Gooseneck barnacle,2018_manley_surface,manley,kelp,2018-07-16,NA,2018,surface,3,edna_manley_30,surface,biological,14.2,30.63,8.22,12.7,30.95,8.16,5.7,1000,0,51.80136642,-128.199517,rock,NA,NA,NA,macroalgae,macrocystis,macroalgae_rock,macrocystis_rock,100,3.2351099999999996e-158,309,Metazoa,Arthropoda,Thecostraca,Pollicipedomorpha,Pollicipedidae,Pollicipes,0,0,TRUE,ASV3124,1,Pollicipes polymerus
edna0084,ASV3997,motu1048,Chthamalus dalli,Little brown barnacle,species,NA,NA,NA,1,NA,NA,NA,32,NA,NA,40,Chthamalus dalli,Little brown barnacle,2018_manley_surface,manley,kelp,2018-07-16,NA,2018,surface,3,edna_manley_30,surface,biological,14.2,30.63,8.22,12.7,30.95,8.16,5.7,1000,0,51.80136642,-128.199517,rock,NA,NA,NA,macroalgae,macrocystis,macroalgae_rock,macrocystis_rock,99.34,5.31212e-151,296,Metazoa,Arthropoda,Thecostraca,Balanomorpha,Chthamalidae,Chthamalus,0,0,TRUE,ASV1236,2,Chthamalus dalli
edna0084,ASV4520,motu1337,Armandia brevis,Opheliid polychaete,species,NA,NA,NA,1,NA,NA,NA,14,14,NA,21,Armandia brevis,Opheliid polychaete,2018_manley_surface,manley,kelp,2018-07-16,NA,2018,surface,3,edna_manley_30,surface,biological,14.2,30.63,8.22,12.7,30.95,8.16,5.7,1000,0,51.80136642,-128.199517,rock,NA,NA,NA,macroalgae,macrocystis,macroalgae_rock,macrocystis_rock,99.71,9.805849999999999e-174,337,Metazoa,Annelida,Polychaeta,NA,Opheliidae,Armandia,0,0,TRUE,ASV1587,2,Armandia brevis
edna0084,ASV4739,motu458,Sabellariidae,Feather duster worm,family,NA,NA,NA,1,NA,NA,NA,16,8,NA,19,Sabellariidae,Feather duster worm,2018_manley_surface,manley,kelp,2018-07-16,NA,2018,surface,3,edna_manley_30,surface,biological,14.2,30.63,8.22,12.7,30.95,8.16,5.7,1000,0,51.80136642,-128.199517,rock,NA,NA,NA,macroalgae,macrocystis,macroalgae_rock,macrocystis_rock,99.35,7.002779999999996e-155,303,Metazoa,Annelida,Polychaeta,NA,Sabellariidae,NA,0,0,TRUE,ASV521,12,NA
edna0084,ASV3903,motu3067,Potential chimera,Potential chimera,species,NA,NA,NA,1,NA,NA,NA,4,4,NA,NA,Potential chimera,Potential chimera,2018_manley_surface,manley,kelp,2018-07-16,NA,2018,surface,3,edna_manley_30,surface,biological,14.2,30.63,8.22,12.7,30.95,8.16,5.7,1000,0,51.80136642,-128.199517,rock,NA,NA,NA,macroalgae,macrocystis,macroalgae_rock,macrocystis_rock,94.44,0.00380707,30,Metazoa,Arthropoda,Arthropoda,Decapoda,NA,NA,0,0,TRUE,ASV3903,1,Potential chimera
edna0084,ASV4490,motu3493,Membraniporidae,Bryozoan,family,NA,NA,NA,1,NA,NA,NA,6,NA,NA,7,Membraniporidae,Bryozoan,2018_manley_surface,manley,kelp,2018-07-16,NA,2018,surface,3,edna_manley_30,surface,biological,14.2,30.63,8.22,12.7,30.95,8.16,5.7,1000,0,51.80136642,-128.199517,rock,NA,NA,NA,macroalgae,macrocystis,macroalgae_rock,macrocystis_rock,90.87,7.84204e-75,159,Metazoa,Bryozoa,Bryozoa,Cheilostomatida,Membraniporidae,NA,0,0,TRUE,ASV4490,1,NA
edna0084,ASV5122,motu3942,Alcyonidium,Bryozoan,genus,NA,NA,NA,1,NA,NA,NA,6,NA,NA,NA,Alcyonidium,Bryozoan,2018_manley_surface,manley,kelp,2018-07-16,NA,2018,surface,3,edna_manley_30,surface,biological,14.2,30.63,8.22,12.7,30.95,8.16,5.7,1000,0,51.80136642,-128.199517,rock,NA,NA,NA,macroalgae,macrocystis,macroalgae_rock,macrocystis_rock,100,1.96163e-160,313,Metazoa,Bryozoa,Gymnolaemata,Ctenostomatida,Alcyonidiidae,Alcyonidium,0,0,TRUE,ASV5122,1,NA
edna0084,ASV5934,motu4562,Xingyurella,Thecate Hydroid,genus,NA,NA,NA,1,NA,NA,NA,5,NA,NA,NA,Xingyurella,Thecate Hydroid,2018_manley_surface,manley,kelp,2018-07-16,NA,2018,surface,3,edna_manley_30,surface,biological,14.2,30.63,8.22,12.7,30.95,8.16,5.7,1000,0,51.80136642,-128.199517,rock,NA,NA,NA,macroalgae,macrocystis,macroalgae_rock,macrocystis_rock,95.13,1.20545e-132,263,Metazoa,Cnidaria,Cnidaria,Leptothecata,Sertularellidae,Xingyurella,0,0,TRUE,ASV5934,1,NA
edna0085,ASV324,motu285,Paracalanus parvus parvus,Calanoid copepod,species,NA,NA,NA,1,NA,NA,NA,6,10,NA,NA,Paracalanus parvus parvus,Calanoid copepod,2018_womanley_surface,womanley,kelp,2018-07-16,NA,2018,surface,1,edna_womanley_00,surface,biological,14.3,29.8,8.23,12.7,30.84,8.17,7.5,1000,0,51.80250464,-128.2000768,rock,NA,NA,NA,macroalgae,macrocystis,macroalgae_rock,macrocystis_rock,100,1.17454e-132,263,Metazoa,Arthropoda,Copepoda,Calanoida,Paracalanidae,Paracalanus,0,0,TRUE,ASV324,6,Paracalanus parvus parvus
edna0085,ASV699,motu609,Hiatella,Clam species,genus,NA,NA,NA,1,NA,NA,NA,134,NA,NA,NA,Hiatella,Clam species,2018_womanley_surface,womanley,kelp,2018-07-16,NA,2018,surface,1,edna_womanley_00,surface,biological,14.3,29.8,8.23,12.7,30.84,8.17,7.5,1000,0,51.80250464,-128.2000768,rock,NA,NA,NA,macroalgae,macrocystis,macroalgae_rock,macrocystis_rock,100,9.027749999999999e-159,310,Metazoa,Mollusca,Bivalvia,Adapedonta,Hiatellidae,Hiatella,0,0,TRUE,ASV699,4,NA
edna0085,ASV765,motu666,Myxicola aesthetica,Feather duster worm,species,NA,NA,NA,1,NA,NA,NA,10,NA,NA,12,Myxicola aesthetica,Feather duster worm,2018_womanley_surface,womanley,kelp,2018-07-16,NA,2018,surface,1,edna_womanley_00,surface,biological,14.3,29.8,8.23,12.7,30.84,8.17,7.5,1000,0,51.80250464,-128.2000768,rock,NA,NA,NA,macroalgae,macrocystis,macroalgae_rock,macrocystis_rock,100,1.96163e-160,313,Metazoa,Annelida,Polychaeta,Sabellida,Sabellidae,Myxicola,0,0,TRUE,ASV765,3,Myxicola aesthetica
edna0085,ASV679,motu591,Phyllodocida,Polychaete,order,NA,NA,NA,1,NA,NA,NA,13,11,NA,16,Phyllodocida,Polychaete,2018_womanley_surface,womanley,kelp,2018-07-16,NA,2018,surface,1,edna_womanley_00,surface,biological,14.3,29.8,8.23,12.7,30.84,8.17,7.5,1000,0,51.80250464,-128.2000768,rock,NA,NA,NA,macroalgae,macrocystis,macroalgae_rock,macrocystis_rock,100,0.0603188,28,Metazoa,Annelida,Annelida,Phyllodocida,NA,NA,0,0,TRUE,ASV679,1,NA
edna0085,ASV733,motu637,Phyllodocida,Polychaete,order,NA,NA,NA,1,NA,NA,NA,13,17,NA,NA,Phyllodocida,Polychaete,2018_womanley_surface,womanley,kelp,2018-07-16,NA,2018,surface,1,edna_womanley_00,surface,biological,14.3,29.8,8.23,12.7,30.84,8.17,7.5,1000,0,51.80250464,-128.2000768,rock,NA,NA,NA,macroalgae,macrocystis,macroalgae_rock,macrocystis_rock,100,0.0603188,28,Metazoa,Annelida,Annelida,Phyllodocida,NA,NA,0,0,TRUE,ASV733,1,NA
edna0085,ASV716,motu622,Chone magna,Feather duster worm,species,NA,NA,NA,1,NA,NA,NA,3,NA,NA,NA,Chone magna,Feather duster worm,2018_womanley_surface,womanley,kelp,2018-07-16,NA,2018,surface,1,edna_womanley_00,surface,biological,14.3,29.8,8.23,12.7,30.84,8.17,7.5,1000,0,51.80250464,-128.2000768,rock,NA,NA,NA,macroalgae,macrocystis,macroalgae_rock,macrocystis_rock,100,1.96163e-160,313,Metazoa,Annelida,Polychaeta,Sabellida,Sabellidae,Chone,0,0,TRUE,ASV716,2,Chone magna
edna0085,ASV1501,motu1268,Dodecaceria,Cirratulid polychaete,genus,NA,NA,NA,1,NA,NA,NA,30,NA,NA,NA,Dodecaceria,Cirratulid polychaete,2018_womanley_surface,womanley,kelp,2018-07-16,NA,2018,surface,1,edna_womanley_00,surface,biological,14.3,29.8,8.23,12.7,30.84,8.17,7.5,1000,0,51.80250464,-128.2000768,rock,NA,NA,NA,macroalgae,macrocystis,macroalgae_rock,macrocystis_rock,100,2.51921e-159,311,Metazoa,Annelida,Polychaeta,Terebellida,Cirratulidae,Dodecaceria,0,0,TRUE,ASV1501,1,NA
edna0085,ASV3180,motu2546,Myxicola aesthetica,Feather duster worm,species,NA,NA,NA,1,NA,NA,NA,6,NA,NA,NA,Myxicola aesthetica,Feather duster worm,2018_womanley_surface,womanley,kelp,2018-07-16,NA,2018,surface,1,edna_womanley_00,surface,biological,14.3,29.8,8.23,12.7,30.84,8.17,7.5,1000,0,51.80250464,-128.2000768,rock,NA,NA,NA,macroalgae,macrocystis,macroalgae_rock,macrocystis_rock,100,5.334159999999996e-156,305,Metazoa,Annelida,Polychaeta,Sabellida,Sabellidae,Myxicola,0,0,TRUE,ASV3180,2,Myxicola aesthetica
edna0085,ASV5705,motu4378,Orthasterias koehleri,Rainbow star,species,NA,NA,NA,1,NA,NA,NA,5,NA,NA,NA,Orthasterias koehleri,Rainbow star,2018_womanley_surface,womanley,kelp,2018-07-16,NA,2018,surface,1,edna_womanley_00,surface,biological,14.3,29.8,8.23,12.7,30.84,8.17,7.5,1000,0,51.80250464,-128.2000768,rock,NA,NA,NA,macroalgae,macrocystis,macroalgae_rock,macrocystis_rock,100,2.51921e-159,311,Metazoa,Echinodermata,Asteroidea,Forcipulatida,Asteriidae,Orthasterias,0,0,TRUE,ASV5705,1,Orthasterias koehleri
edna0086,ASV670,motu583,Synchaeta triophthalma,Rotifer,species,NA,NA,NA,1,NA,NA,NA,15,27,NA,19,Synchaeta triophthalma,Rotifer,2018_womanley_surface,womanley,kelp,2018-07-16,NA,2018,surface,2,edna_womanley_15,surface,biological,14.4,30.54,8.23,12.5,31.11,8.1,7.5,1000,0,51.80239228,-128.2001006,rock,NA,NA,NA,macroalgae,macrocystis,macroalgae_rock,macrocystis_rock,91.99,3.511259999999999e-118,237,Metazoa,Rotifera,Eurotatoria,Ploima,Synchaetidae,Synchaeta,0,0,TRUE,ASV670,4,Synchaeta triophthalma
edna0086,ASV1057,motu909,Orobdella,Freshwater leech,genus,NA,NA,NA,1,NA,NA,NA,28,31,NA,26,Orobdella,Freshwater leech,2018_womanley_surface,womanley,kelp,2018-07-16,NA,2018,surface,2,edna_womanley_15,surface,biological,14.4,30.54,8.23,12.5,31.11,8.1,7.5,1000,0,51.80239228,-128.2001006,rock,NA,NA,NA,macroalgae,macrocystis,macroalgae_rock,macrocystis_rock,97.06,0.0011939,31,Metazoa,Annelida,Annelida,Erpobdelliformes,Orobdellidae,Orobdella,NA,NA,TRUE,ASV1057,1,NA
edna0086,ASV1068,motu920,Arthropoda,Unknown arthropod,phylum,NA,NA,NA,1,NA,NA,NA,27,NA,NA,26,Arthropoda,Unknown arthropod,2018_womanley_surface,womanley,kelp,2018-07-16,NA,2018,surface,2,edna_womanley_15,surface,biological,14.4,30.54,8.23,12.5,31.11,8.1,7.5,1000,0,51.80239228,-128.2001006,rock,NA,NA,NA,macroalgae,macrocystis,macroalgae_rock,macrocystis_rock,94.87,8.78538e-5,33,Metazoa,Arthropoda,NA,NA,NA,NA,NA,NA,TRUE,ASV1068,4,NA
edna0086,ASV1046,motu902,Arthropoda,Unknown arthropod,phylum,NA,NA,NA,1,NA,NA,NA,28,41,NA,43,Arthropoda,Unknown arthropod,2018_womanley_surface,womanley,kelp,2018-07-16,NA,2018,surface,2,edna_womanley_15,surface,biological,14.4,30.54,8.23,12.5,31.11,8.1,7.5,1000,0,51.80239228,-128.2001006,rock,NA,NA,NA,macroalgae,macrocystis,macroalgae_rock,macrocystis_rock,94.87,8.78538e-5,33,Metazoa,Arthropoda,NA,NA,NA,NA,NA,NA,TRUE,ASV1046,4,NA
edna0086,ASV1443,motu1220,Orobdella,Freshwater leech,genus,NA,NA,NA,1,NA,NA,NA,17,NA,NA,28,Orobdella,Freshwater leech,2018_womanley_surface,womanley,kelp,2018-07-16,NA,2018,surface,2,edna_womanley_15,surface,biological,14.4,30.54,8.23,12.5,31.11,8.1,7.5,1000,0,51.80239228,-128.2001006,rock,NA,NA,NA,macroalgae,macrocystis,macroalgae_rock,macrocystis_rock,97.06,0.0011939,31,Metazoa,Annelida,Annelida,Erpobdelliformes,Orobdellidae,Orobdella,NA,NA,TRUE,ASV1443,1,NA
edna0086,ASV2472,motu2014,Ergasilida,Cyclopoid copepod,order,NA,NA,NA,1,NA,NA,NA,17,NA,NA,NA,Ergasilida,Cyclopoid copepod,2018_womanley_surface,womanley,kelp,2018-07-16,NA,2018,surface,2,edna_womanley_15,surface,biological,14.4,30.54,8.23,12.5,31.11,8.1,7.5,1000,0,51.80239228,-128.2001006,rock,NA,NA,NA,macroalgae,macrocystis,macroalgae_rock,macrocystis_rock,100,2.51921e-159,311,Metazoa,Arthropoda,Copepoda,Cyclopoida,NA,NA,0,0,FALSE,ASV2472,1,NA
edna0086,ASV3053,motu2459,Glycymeris septentrionalis,Western bittersweet,species,NA,NA,NA,1,NA,NA,NA,24,38,NA,35,Glycymeris septentrionalis,Western bittersweet,2018_womanley_surface,womanley,kelp,2018-07-16,NA,2018,surface,2,edna_womanley_15,surface,biological,14.4,30.54,8.23,12.5,31.11,8.1,7.5,1000,0,51.80239228,-128.2001006,rock,NA,NA,NA,macroalgae,macrocystis,macroalgae_rock,macrocystis_rock,100,9.126599999999999e-159,310,Metazoa,Mollusca,Bivalvia,Arcida,Glycymerididae,Glycymeris,0,0,TRUE,ASV3053,1,Glycymeris septentrionalis
edna0086,ASV3623,motu2871,Ophiopholis kennerlyi,Daisy brittle star,species,NA,NA,NA,1,NA,NA,NA,52,NA,NA,41,Ophiopholis kennerlyi,Daisy brittle star,2018_womanley_surface,womanley,kelp,2018-07-16,NA,2018,surface,2,edna_womanley_15,surface,biological,14.4,30.54,8.23,12.5,31.11,8.1,7.5,1000,0,51.80239228,-128.2001006,rock,NA,NA,NA,macroalgae,macrocystis,macroalgae_rock,macrocystis_rock,100,1.96163e-160,313,Metazoa,Echinodermata,Ophiuroidea,Amphilepidida,Ophiopholidae,Ophiopholis,0,0,TRUE,ASV3623,1,Ophiopholis kennerlyi
edna0086,ASV4521,motu3518,Myxicola aesthetica,Feather duster worm,species,NA,NA,NA,1,NA,NA,NA,49,NA,NA,NA,Myxicola aesthetica,Feather duster worm,2018_womanley_surface,womanley,kelp,2018-07-16,NA,2018,surface,2,edna_womanley_15,surface,biological,14.4,30.54,8.23,12.5,31.11,8.1,7.5,1000,0,51.80239228,-128.2001006,rock,NA,NA,NA,macroalgae,macrocystis,macroalgae_rock,macrocystis_rock,99.68,1.172079999999999e-157,308,Metazoa,Annelida,Polychaeta,Sabellida,Sabellidae,Myxicola,0,0,TRUE,ASV4521,1,Myxicola aesthetica
edna0086,ASV4666,motu2173,Mactromeris polynyma,Stimpsons surfclam,species,NA,NA,NA,1,NA,NA,NA,20,14,NA,11,No Results,No Results,2018_womanley_surface,womanley,kelp,2018-07-16,NA,2018,surface,2,edna_womanley_15,surface,biological,14.4,30.54,8.23,12.5,31.11,8.1,7.5,1000,0,51.80239228,-128.2001006,rock,NA,NA,NA,macroalgae,macrocystis,macroalgae_rock,macrocystis_rock,90.24,3.54815e-103,210,Metazoa,Mollusca,Bivalvia,Venerida,Mactridae,Mactromeris,0,0,TRUE,ASV2677,2,Mactromeris polynyma
edna0086,ASV4819,motu3728,Saccocirrus,Polychaete,genus,NA,NA,NA,1,NA,NA,NA,14,NA,NA,NA,Saccocirrus,Polychaete,2018_womanley_surface,womanley,kelp,2018-07-16,NA,2018,surface,2,edna_womanley_15,surface,biological,14.4,30.54,8.23,12.5,31.11,8.1,7.5,1000,0,51.80239228,-128.2001006,rock,NA,NA,NA,macroalgae,macrocystis,macroalgae_rock,macrocystis_rock,100,2.4540699999999983e-154,302,Metazoa,Annelida,Polychaeta,NA,Saccocirridae,Saccocirrus,0,0,TRUE,ASV4819,1,NA
edna0086,ASV4094,motu3212,Humilaria kennerleyi,Kennerleys venus,species,NA,NA,NA,1,NA,NA,NA,19,NA,NA,NA,Humilaria kennerleyi,Kennerleys venus,2018_womanley_surface,womanley,kelp,2018-07-16,NA,2018,surface,2,edna_womanley_15,surface,biological,14.4,30.54,8.23,12.5,31.11,8.1,7.5,1000,0,51.80239228,-128.2001006,rock,NA,NA,NA,macroalgae,macrocystis,macroalgae_rock,macrocystis_rock,100,5.334159999999996e-156,305,Metazoa,Mollusca,Bivalvia,Venerida,Veneridae,Humilaria,0,0,TRUE,ASV4094,1,Humilaria kennerleyi
edna0086,ASV6098,motu4698,Hiatellidae,Saltwater clam species,family,NA,NA,NA,1,NA,NA,NA,9,10,NA,NA,Hiatellidae,Saltwater clam species,2018_womanley_surface,womanley,kelp,2018-07-16,NA,2018,surface,2,edna_womanley_15,surface,biological,14.4,30.54,8.23,12.5,31.11,8.1,7.5,1000,0,51.80239228,-128.2001006,rock,NA,NA,NA,macroalgae,macrocystis,macroalgae_rock,macrocystis_rock,94.52,2.0245299999999998e-130,259,Metazoa,Mollusca,Mollusca,Adapedonta,Hiatellidae,NA,0,0,TRUE,ASV6098,1,NA
edna0087,ASV132,motu118,Mesocentrotus franciscanus,Red sea urchin,species,NA,NA,NA,1,NA,NA,NA,1376,1417,NA,2035,Mesocentrotus franciscanus,Red sea urchin,2018_womanley_surface,womanley,kelp,2018-07-16,NA,2018,surface,3,edna_womanley_30,surface,biological,14.4,30.55,8.24,12.1,31.7,8.1,6.5,1000,0,51.80230682,-128.2002313,rock,NA,NA,NA,macroalgae,macrocystis,macroalgae_rock,macrocystis_rock,100,2.51921e-159,311,Metazoa,Echinodermata,Echinoidea,Camarodonta,Strongylocentrotidae,Mesocentrotus,0,0,TRUE,ASV132,8,Mesocentrotus franciscanus
edna0087,ASV559,motu492,Eupolymnia heterobranchia,Brown intertidal spaghetti worm,species,NA,NA,NA,1,NA,NA,NA,5,NA,NA,NA,Eupolymnia heterobranchia,Brown intertidal spaghetti worm,2018_womanley_surface,womanley,kelp,2018-07-16,NA,2018,surface,3,edna_womanley_30,surface,biological,14.4,30.55,8.24,12.1,31.7,8.1,6.5,1000,0,51.80230682,-128.2002313,rock,NA,NA,NA,macroalgae,macrocystis,macroalgae_rock,macrocystis_rock,100,1.4886099999999998e-156,306,Metazoa,Annelida,Polychaeta,Terebellida,Terebellidae,Eupolymnia,0,0,TRUE,ASV559,3,Eupolymnia heterobranchia
edna0087,ASV1337,motu1130,Dodecaceria,Cirratulid polychaete,genus,NA,NA,NA,1,NA,NA,NA,11,NA,NA,NA,Dodecaceria,Cirratulid polychaete,2018_womanley_surface,womanley,kelp,2018-07-16,NA,2018,surface,3,edna_womanley_30,surface,biological,14.4,30.55,8.24,12.1,31.7,8.1,6.5,1000,0,51.80230682,-128.2002313,rock,NA,NA,NA,macroalgae,macrocystis,macroalgae_rock,macrocystis_rock,100,2.51921e-159,311,Metazoa,Annelida,Polychaeta,Terebellida,Cirratulidae,Dodecaceria,0,0,TRUE,ASV1337,1,NA
edna0087,ASV3480,motu2765,Synchaeta triophthalma,Rotifer,species,NA,NA,NA,1,NA,NA,NA,28,31,NA,35,Synchaeta triophthalma,Rotifer,2018_womanley_surface,womanley,kelp,2018-07-16,NA,2018,surface,3,edna_womanley_30,surface,biological,14.4,30.55,8.24,12.1,31.7,8.1,6.5,1000,0,51.80230682,-128.2002313,rock,NA,NA,NA,macroalgae,macrocystis,macroalgae_rock,macrocystis_rock,91.99,3.511259999999999e-118,237,Metazoa,Rotifera,Eurotatoria,Ploima,Synchaetidae,Synchaeta,0,0,TRUE,ASV3480,1,Synchaeta triophthalma
edna0087,ASV3842,motu3021,Humilaria kennerleyi,Kennerleys venus,species,NA,NA,NA,1,NA,NA,NA,9,NA,NA,NA,Humilaria kennerleyi,Kennerleys venus,2018_womanley_surface,womanley,kelp,2018-07-16,NA,2018,surface,3,edna_womanley_30,surface,biological,14.4,30.55,8.24,12.1,31.7,8.1,6.5,1000,0,51.80230682,-128.2002313,rock,NA,NA,NA,macroalgae,macrocystis,macroalgae_rock,macrocystis_rock,100,2.51921e-159,311,Metazoa,Mollusca,Bivalvia,Venerida,Veneridae,Humilaria,0,0,TRUE,ASV3842,2,Humilaria kennerleyi
edna0087,ASV3861,motu517,Balanus,Barnacle species,genus,NA,NA,NA,1,NA,NA,NA,21,23,NA,35,Balanus,Barnacle species,2018_womanley_surface,womanley,kelp,2018-07-16,NA,2018,surface,3,edna_womanley_30,surface,biological,14.4,30.55,8.24,12.1,31.7,8.1,6.5,1000,0,51.80230682,-128.2002313,rock,NA,NA,NA,macroalgae,macrocystis,macroalgae_rock,macrocystis_rock,99.35,3.22227e-153,300,Metazoa,Arthropoda,Arthropoda,Balanomorpha,Balanidae,Balanus,0,0,TRUE,ASV587,10,NA
edna0087,ASV4053,motu3176,Synchaeta vorax,Rotifer,species,NA,NA,NA,1,NA,NA,NA,29,NA,NA,40,Synchaeta vorax,Rotifer,2018_womanley_surface,womanley,kelp,2018-07-16,NA,2018,surface,3,edna_womanley_30,surface,biological,14.4,30.55,8.24,12.1,31.7,8.1,6.5,1000,0,51.80230682,-128.2002313,rock,NA,NA,NA,macroalgae,macrocystis,macroalgae_rock,macrocystis_rock,97.44,1.54337e-146,288,Metazoa,Rotifera,Eurotatoria,Ploima,Synchaetidae,Synchaeta,0,0,TRUE,ASV4053,1,Synchaeta vorax
edna0087,ASV5708,motu190,Mytilus trossulus,Bay mussel,species,NA,NA,NA,1,NA,NA,NA,10,NA,NA,14,Mytilus trossulus,Bay mussel,2018_womanley_surface,womanley,kelp,2018-07-16,NA,2018,surface,3,edna_womanley_30,surface,biological,14.4,30.55,8.24,12.1,31.7,8.1,6.5,1000,0,51.80230682,-128.2002313,rock,NA,NA,NA,macroalgae,macrocystis,macroalgae_rock,macrocystis_rock,99.68,1.5051499999999994e-156,306,Metazoa,Mollusca,Mollusca,Mytilida,Mytilidae,Mytilus,0,0,TRUE,ASV216,23,Mytilus trossulus
edna0088,ASV131,motu117,Lensia,Siphonophore,genus,NA,NA,NA,1,NA,NA,NA,8,NA,NA,4,Lensia,Siphonophore,2018_west_surface,west,kelp,2018-07-17,NA,2018,surface,1,edna_west_00,surface,biological,12.5,31.77,8.07,NA,NA,NA,4.8,1000,0,NA,NA,NA,NA,NA,NA,NA,NA,NA_NA,NA_NA,100,0.00408744,30,Metazoa,Cnidaria,Cnidaria,Siphonophorae,Diphyidae,Lensia,0,0,TRUE,ASV131,2,NA
edna0088,ASV354,motu313,Mitrocoma cellularia,Cross jelly,species,NA,NA,NA,1,NA,NA,NA,5,NA,NA,9,Mitrocoma cellularia,Cross jelly,2018_west_surface,west,kelp,2018-07-17,NA,2018,surface,1,edna_west_00,surface,biological,12.5,31.77,8.07,NA,NA,NA,4.8,1000,0,NA,NA,NA,NA,NA,NA,NA,NA,NA_NA,NA_NA,100,1.4886099999999998e-156,306,Metazoa,Cnidaria,Hydrozoa,Leptothecata,Mitrocomidae,Mitrocoma,0,0,TRUE,ASV354,2,Mitrocoma cellularia
edna0088,ASV801,motu697,Micropodarke dubia,Hesionid polychaete,species,NA,NA,NA,1,NA,NA,NA,3,NA,NA,NA,Micropodarke dubia,Hesionid polychaete,2018_west_surface,west,kelp,2018-07-17,NA,2018,surface,1,edna_west_00,surface,biological,12.5,31.77,8.07,NA,NA,NA,4.8,1000,0,NA,NA,NA,NA,NA,NA,NA,NA,NA_NA,NA_NA,100,1.96163e-160,313,Metazoa,Annelida,Polychaeta,Phyllodocida,Hesionidae,Micropodarke,0,0,TRUE,ASV801,2,Micropodarke dubia
edna0089,ASV118,motu105,Mesocentrotus franciscanus,Red sea urchin,species,NA,NA,NA,1,NA,NA,NA,9,NA,NA,NA,Mesocentrotus franciscanus,Red sea urchin,2018_west_depth,west,kelp,2018-07-17,NA,2018,depth,1,edna_west_15,depth,biological,11.2,31.88,8.07,NA,NA,NA,4.8,1000,0,51.64898316,-128.1517294,NA,NA,NA,NA,macroalgae,macrocystis,macroalgae_NA,macrocystis_NA,100,2.51921e-159,311,Metazoa,Echinodermata,Echinoidea,Camarodonta,Strongylocentrotidae,Mesocentrotus,0,0,TRUE,ASV118,8,Mesocentrotus franciscanus
edna0089,ASV2837,motu458,Sabellariidae,Feather duster worm,family,NA,NA,NA,1,NA,NA,NA,21,19,NA,NA,Sabellariidae,Feather duster worm,2018_west_depth,west,kelp,2018-07-17,NA,2018,depth,1,edna_west_15,depth,biological,11.2,31.88,8.07,NA,NA,NA,4.8,1000,0,51.64898316,-128.1517294,NA,NA,NA,NA,macroalgae,macrocystis,macroalgae_NA,macrocystis_NA,99.35,7.002779999999996e-155,303,Metazoa,Annelida,Polychaeta,NA,Sabellariidae,NA,0,0,TRUE,ASV521,12,NA
edna0090,ASV118,motu105,Mesocentrotus franciscanus,Red sea urchin,species,NA,NA,NA,1,NA,NA,NA,6,NA,NA,NA,Mesocentrotus franciscanus,Red sea urchin,2018_west_surface,west,kelp,2018-07-17,NA,2018,surface,2,edna_west_30,surface,biological,13,31.75,8.06,NA,NA,NA,5.4,1000,0,51.64898937,-128.1515178,NA,NA,NA,NA,macroalgae,macrocystis,macroalgae_NA,macrocystis_NA,100,2.51921e-159,311,Metazoa,Echinodermata,Echinoidea,Camarodonta,Strongylocentrotidae,Mesocentrotus,0,0,TRUE,ASV118,8,Mesocentrotus franciscanus
edna0090,ASV285,motu244,Ophiopholis,Brittle star species,genus,NA,NA,NA,1,NA,NA,NA,7,5,NA,7,Ophiopholis kennerlyi,Daisy brittle star,2018_west_surface,west,kelp,2018-07-17,NA,2018,surface,2,edna_west_30,surface,biological,13,31.75,8.06,NA,NA,NA,5.4,1000,0,51.64898937,-128.1515178,NA,NA,NA,NA,macroalgae,macrocystis,macroalgae_NA,macrocystis_NA,100,1.96163e-160,313,Metazoa,Echinodermata,Echinodermata,Amphilepidida,Ophiopholidae,Ophiopholis,0,0,TRUE,ASV275,7,NA
edna0090,ASV775,motu675,Aequorea,Crystal jelly species,genus,NA,NA,NA,1,NA,NA,NA,5,6,NA,10,Aequorea,Crystal jelly species,2018_west_surface,west,kelp,2018-07-17,NA,2018,surface,2,edna_west_30,surface,biological,13,31.75,8.06,NA,NA,NA,5.4,1000,0,51.64898937,-128.1515178,NA,NA,NA,NA,macroalgae,macrocystis,macroalgae_NA,macrocystis_NA,100,1.4886099999999998e-156,306,Metazoa,Cnidaria,Hydrozoa,Leptothecata,Aequoreidae,Aequorea,0,0,TRUE,ASV775,3,NA
edna0090,ASV716,motu622,Chone magna,Feather duster worm,species,NA,NA,NA,1,NA,NA,NA,3,NA,NA,NA,Chone magna,Feather duster worm,2018_west_surface,west,kelp,2018-07-17,NA,2018,surface,2,edna_west_30,surface,biological,13,31.75,8.06,NA,NA,NA,5.4,1000,0,51.64898937,-128.1515178,NA,NA,NA,NA,macroalgae,macrocystis,macroalgae_NA,macrocystis_NA,100,1.96163e-160,313,Metazoa,Annelida,Polychaeta,Sabellida,Sabellidae,Chone,0,0,TRUE,ASV716,2,Chone magna
edna0090,ASV4209,motu3301,Neosabellaria cementarium,Cemented sandmason tubeworm,species,NA,NA,NA,1,NA,NA,NA,7,9,NA,11,Neosabellaria cementarium,Cemented sandmason tubeworm,2018_west_surface,west,kelp,2018-07-17,NA,2018,surface,2,edna_west_30,surface,biological,13,31.75,8.06,NA,NA,NA,5.4,1000,0,51.64898937,-128.1515178,NA,NA,NA,NA,macroalgae,macrocystis,macroalgae_NA,macrocystis_NA,98.4,4.27634e-152,298,Metazoa,Annelida,Polychaeta,NA,Sabellariidae,Neosabellaria,0,0,TRUE,ASV4209,1,Neosabellaria cementarium
edna0090,ASV5325,motu316,Hiatella,Clam species,genus,NA,NA,NA,1,NA,NA,NA,8,13,NA,9,Hiatella,Clam species,2018_west_surface,west,kelp,2018-07-17,NA,2018,surface,2,edna_west_30,surface,biological,13,31.75,8.06,NA,NA,NA,5.4,1000,0,51.64898937,-128.1515178,NA,NA,NA,NA,macroalgae,macrocystis,macroalgae_NA,macrocystis_NA,99.68,4.200199999999998e-157,307,Metazoa,Mollusca,Bivalvia,Adapedonta,Hiatellidae,Hiatella,0,0,TRUE,ASV357,9,NA
edna0091,ASV5709,motu4381,Malmgreniella nigralba,Scale worm,species,NA,NA,NA,1,NA,NA,NA,14,NA,NA,10,Malmgreniella nigralba,Scale worm,2018_west_depth,west,kelp,2018-07-17,NA,2018,depth,2,edna_west_00,depth,biological,11,31.87,8.02,NA,NA,NA,5.4,1000,0,NA,NA,NA,NA,NA,NA,NA,NA,NA_NA,NA_NA,98.68,1.1974199999999999e-147,290,Metazoa,Annelida,Polychaeta,Phyllodocida,Polynoidae,Malmgreniella,0,0,TRUE,ASV5709,1,Malmgreniella nigralba
edna0094,ASV270,motu199,Mytilus,Mussel species,genus,NA,NA,NA,1,NA,NA,NA,24,NA,NA,NA,Mytilus trossulus,Bay mussel,2018_second_surface,second,kelp,2018-07-17,NA,2018,surface,1,edna_second_00,surface,biological,12.5,31.8,8.1,10.7,31.96,8,6.8,1000,0,51.64920671,-128.155498,rock,NA,NA,NA,macroalgae,nereocystis,macroalgae_rock,nereocystis_rock,100,3.2351099999999996e-158,309,Metazoa,Mollusca,Mollusca,Mytilida,Mytilidae,Mytilus,0,0,TRUE,ASV226,18,NA
edna0094,ASV5635,motu4328,Mytilus trossulus,Bay mussel,species,NA,NA,NA,1,NA,NA,NA,25,NA,NA,NA,Mytilus trossulus,Bay mussel,2018_second_surface,second,kelp,2018-07-17,NA,2018,surface,1,edna_second_00,surface,biological,12.5,31.8,8.1,10.7,31.96,8,6.8,1000,0,51.64920671,-128.155498,rock,NA,NA,NA,macroalgae,nereocystis,macroalgae_rock,nereocystis_rock,99.68,1.5051499999999994e-156,306,Metazoa,Mollusca,Mollusca,Mytilida,Mytilidae,Mytilus,0,0,TRUE,ASV5635,1,Mytilus trossulus
edna0095,ASV132,motu118,Mesocentrotus franciscanus,Red sea urchin,species,NA,NA,NA,1,NA,NA,NA,12,NA,NA,NA,Mesocentrotus franciscanus,Red sea urchin,2018_second_surface,second,kelp,2018-07-17,NA,2018,surface,2,edna_second_15,surface,biological,13,30.8,8.1,10.6,32,8.97,7.1,1000,0,51.64922548,-128.1552836,rock,NA,NA,NA,macroalgae,nereocystis,macroalgae_rock,nereocystis_rock,100,2.51921e-159,311,Metazoa,Echinodermata,Echinoidea,Camarodonta,Strongylocentrotidae,Mesocentrotus,0,0,TRUE,ASV132,8,Mesocentrotus franciscanus
edna0095,ASV1057,motu909,Orobdella,Freshwater leech,genus,NA,NA,NA,1,NA,NA,NA,14,NA,NA,NA,Orobdella,Freshwater leech,2018_second_surface,second,kelp,2018-07-17,NA,2018,surface,2,edna_second_15,surface,biological,13,30.8,8.1,10.6,32,8.97,7.1,1000,0,51.64922548,-128.1552836,rock,NA,NA,NA,macroalgae,nereocystis,macroalgae_rock,nereocystis_rock,97.06,0.0011939,31,Metazoa,Annelida,Annelida,Erpobdelliformes,Orobdellidae,Orobdella,NA,NA,TRUE,ASV1057,1,NA
edna0095,ASV1462,motu1233,Clytia gregaria,Gregarious jellyfish,species,NA,NA,NA,1,NA,NA,NA,12,23,NA,NA,Clytia gregaria,Gregarious jellyfish,2018_second_surface,second,kelp,2018-07-17,NA,2018,surface,2,edna_second_15,surface,biological,13,30.8,8.1,10.6,32,8.97,7.1,1000,0,51.64922548,-128.1552836,rock,NA,NA,NA,macroalgae,nereocystis,macroalgae_rock,nereocystis_rock,99.67,6.925819999999995e-155,303,Metazoa,Cnidaria,Hydrozoa,Leptothecata,Campanulariidae,Clytia,0,0,TRUE,ASV1462,2,Clytia gregaria
edna0095,ASV2006,motu1662,Haliclona,Sponge,genus,NA,NA,NA,1,NA,NA,NA,2,NA,NA,NA,Haliclona,Sponge,2018_second_surface,second,kelp,2018-07-17,NA,2018,surface,2,edna_second_15,surface,biological,13,30.8,8.1,10.6,32,8.97,7.1,1000,0,51.64922548,-128.1552836,rock,NA,NA,NA,macroalgae,nereocystis,macroalgae_rock,nereocystis_rock,97.02,2.5067099999999998e-139,275,Metazoa,Porifera,Demospongiae,Haplosclerida,Chalinidae,Haliclona,0,0,TRUE,ASV2006,1,NA
edna0095,ASV1013,motu876,Orobdella,Freshwater leech,genus,NA,NA,NA,1,NA,NA,NA,11,NA,NA,NA,Orobdella,Freshwater leech,2018_second_surface,second,kelp,2018-07-17,NA,2018,surface,2,edna_second_15,surface,biological,13,30.8,8.1,10.6,32,8.97,7.1,1000,0,51.64922548,-128.1552836,rock,NA,NA,NA,macroalgae,nereocystis,macroalgae_rock,nereocystis_rock,97.06,0.00121031,31,Metazoa,Annelida,Annelida,Erpobdelliformes,Orobdellidae,Orobdella,NA,NA,TRUE,ASV1013,1,NA
edna0095,ASV3689,motu190,Mytilus trossulus,Bay mussel,species,NA,NA,NA,1,NA,NA,NA,56,NA,NA,NA,Mytilus trossulus,Bay mussel,2018_second_surface,second,kelp,2018-07-17,NA,2018,surface,2,edna_second_15,surface,biological,13,30.8,8.1,10.6,32,8.97,7.1,1000,0,51.64922548,-128.1552836,rock,NA,NA,NA,macroalgae,nereocystis,macroalgae_rock,nereocystis_rock,100,3.2351099999999996e-158,309,Metazoa,Mollusca,Bivalvia,Mytilida,Mytilidae,Mytilus,0,0,TRUE,ASV216,23,Mytilus trossulus
edna0095,ASV4700,motu458,Sabellariidae,Feather duster worm,family,NA,NA,NA,1,NA,NA,NA,15,13,NA,16,Sabellariidae,Feather duster worm,2018_second_surface,second,kelp,2018-07-17,NA,2018,surface,2,edna_second_15,surface,biological,13,30.8,8.1,10.6,32,8.97,7.1,1000,0,51.64922548,-128.1552836,rock,NA,NA,NA,macroalgae,nereocystis,macroalgae_rock,nereocystis_rock,99.35,7.002779999999996e-155,303,Metazoa,Annelida,Polychaeta,NA,Sabellariidae,NA,0,0,TRUE,ASV521,12,NA
edna0095,ASV5326,motu4093,Cucumaria pseudocurata,Tar spot sea cucumber,species,NA,NA,NA,1,NA,NA,NA,9,NA,NA,4,Cucumaria pseudocurata,Tar spot sea cucumber,2018_second_surface,second,kelp,2018-07-17,NA,2018,surface,2,edna_second_15,surface,biological,13,30.8,8.1,10.6,32,8.97,7.1,1000,0,51.64922548,-128.1552836,rock,NA,NA,NA,macroalgae,nereocystis,macroalgae_rock,nereocystis_rock,97.71,7.024509999999995e-145,285,Metazoa,Echinodermata,Holothuroidea,Dendrochirotida,Cucumariidae,Cucumaria,0,0,TRUE,ASV5326,1,Cucumaria pseudocurata
edna0095,ASV5577,motu536,Sabellariidae,Feather duster worm,family,NA,NA,NA,1,NA,NA,NA,13,NA,NA,NA,Sabellariidae,Feather duster worm,2018_second_surface,second,kelp,2018-07-17,NA,2018,surface,2,edna_second_15,surface,biological,13,30.8,8.1,10.6,32,8.97,7.1,1000,0,51.64922548,-128.1552836,rock,NA,NA,NA,macroalgae,nereocystis,macroalgae_rock,nereocystis_rock,99.35,7.002779999999996e-155,303,Metazoa,Annelida,Polychaeta,NA,Sabellariidae,NA,0,0,TRUE,ASV613,7,NA
edna0095,ASV6810,motu5293,Potential chimera,Potential chimera,species,NA,NA,NA,1,NA,NA,NA,8,NA,NA,4,Potential chimera,Potential chimera,2018_second_surface,second,kelp,2018-07-17,NA,2018,surface,2,edna_second_15,surface,biological,13,30.8,8.1,10.6,32,8.97,7.1,1000,0,51.64922548,-128.1552836,rock,NA,NA,NA,macroalgae,nereocystis,macroalgae_rock,nereocystis_rock,100,8.41224e-5,33,Metazoa,Arthropoda,Arthropoda,NA,NA,NA,0,0,TRUE,ASV6810,1,Potential chimera
edna0096,ASV285,motu244,Ophiopholis,Brittle star species,genus,NA,NA,NA,1,NA,NA,NA,8,NA,NA,NA,Ophiopholis kennerlyi,Daisy brittle star,2018_second_surface,second,kelp,2018-07-17,NA,2018,surface,3,edna_second_30,surface,biological,12.9,31.73,8.08,11.4,31.86,8.07,5.2,1000,0,51.64923127,-128.1550769,rock,NA,NA,NA,macroalgae,nereocystis,macroalgae_rock,nereocystis_rock,100,1.96163e-160,313,Metazoa,Echinodermata,Echinodermata,Amphilepidida,Ophiopholidae,Ophiopholis,0,0,TRUE,ASV275,7,NA
edna0096,ASV1270,motu622,Chone magna,Feather duster worm,species,NA,NA,NA,1,NA,NA,NA,3,NA,NA,NA,Chone magna,Feather duster worm,2018_second_surface,second,kelp,2018-07-17,NA,2018,surface,3,edna_second_30,surface,biological,12.9,31.73,8.08,11.4,31.86,8.07,5.2,1000,0,51.64923127,-128.1550769,rock,NA,NA,NA,macroalgae,nereocystis,macroalgae_rock,nereocystis_rock,100,1.96163e-160,313,Metazoa,Annelida,Polychaeta,Sabellida,Sabellidae,Chone,0,0,TRUE,ASV716,2,Chone magna
edna0096,ASV5326,motu4093,Cucumaria pseudocurata,Tar spot sea cucumber,species,NA,NA,NA,1,NA,NA,NA,5,NA,NA,NA,Cucumaria pseudocurata,Tar spot sea cucumber,2018_second_surface,second,kelp,2018-07-17,NA,2018,surface,3,edna_second_30,surface,biological,12.9,31.73,8.08,11.4,31.86,8.07,5.2,1000,0,51.64923127,-128.1550769,rock,NA,NA,NA,macroalgae,nereocystis,macroalgae_rock,nereocystis_rock,97.71,7.024509999999995e-145,285,Metazoa,Echinodermata,Holothuroidea,Dendrochirotida,Cucumariidae,Cucumaria,0,0,TRUE,ASV5326,1,Cucumaria pseudocurata
edna0097,ASV377,motu334,Synchaeta pectinata,Rotifer,species,NA,NA,NA,1,NA,NA,NA,4,NA,NA,NA,Synchaeta pectinata,Rotifer,2018_north_surface,north,kelp,2018-07-17,NA,2018,surface,1,edna_north_00,surface,biological,11.1,31.73,7.99,10.5,31.93,7.96,7.5,1000,0,51.66710631,-128.1402668,rock,NA,NA,NA,macroalgae,nereocystis,macroalgae_rock,nereocystis_rock,90.48,1.6452299999999999e-111,225,Metazoa,Rotifera,Eurotatoria,Ploima,Synchaetidae,Synchaeta,0,0,TRUE,ASV377,5,Synchaeta pectinata
edna0097,ASV625,motu545,Phascolosoma (Phascolosoma) agassizii,Agassiz peanut worm,species,NA,NA,NA,1,NA,NA,NA,34,NA,NA,NA,Phascolosoma (Phascolosoma) agassizii,Agassiz peanut worm,2018_north_surface,north,kelp,2018-07-17,NA,2018,surface,1,edna_north_00,surface,biological,11.1,31.73,7.99,10.5,31.93,7.96,7.5,1000,0,51.66710631,-128.1402668,rock,NA,NA,NA,macroalgae,nereocystis,macroalgae_rock,nereocystis_rock,100,1.96163e-160,313,Metazoa,Annelida,NA,Sipuncula,Phascolosomatidae,Phascolosoma,0,0,TRUE,ASV625,3,Phascolosoma (Phascolosoma) agassizii
edna0097,ASV795,motu692,Phascolosoma (Phascolosoma) agassizii,Agassiz peanut worm,species,NA,NA,NA,1,NA,NA,NA,30,NA,NA,NA,Phascolosoma (Phascolosoma) agassizii,Agassiz peanut worm,2018_north_surface,north,kelp,2018-07-17,NA,2018,surface,1,edna_north_00,surface,biological,11.1,31.73,7.99,10.5,31.93,7.96,7.5,1000,0,51.66710631,-128.1402668,rock,NA,NA,NA,macroalgae,nereocystis,macroalgae_rock,nereocystis_rock,100,1.96163e-160,313,Metazoa,Annelida,NA,Sipuncula,Phascolosomatidae,Phascolosoma,0,0,TRUE,ASV795,3,Phascolosoma (Phascolosoma) agassizii
edna0097,ASV2941,motu2370,Axiothella rubrocincta,Bamboo worm,species,NA,NA,NA,1,NA,NA,NA,2,NA,NA,NA,Axiothella rubrocincta,Bamboo worm,2018_north_surface,north,kelp,2018-07-17,NA,2018,surface,1,edna_north_00,surface,biological,11.1,31.73,7.99,10.5,31.93,7.96,7.5,1000,0,51.66710631,-128.1402668,rock,NA,NA,NA,macroalgae,nereocystis,macroalgae_rock,nereocystis_rock,100,1.4886099999999998e-156,306,Metazoa,Annelida,Polychaeta,NA,Maldanidae,Axiothella,0,0,TRUE,ASV2941,1,Axiothella rubrocincta
edna0097,ASV4381,motu458,Sabellariidae,Feather duster worm,family,NA,NA,NA,1,NA,NA,NA,13,25,NA,16,Sabellariidae,Feather duster worm,2018_north_surface,north,kelp,2018-07-17,NA,2018,surface,1,edna_north_00,surface,biological,11.1,31.73,7.99,10.5,31.93,7.96,7.5,1000,0,51.66710631,-128.1402668,rock,NA,NA,NA,macroalgae,nereocystis,macroalgae_rock,nereocystis_rock,99.35,7.002779999999996e-155,303,Metazoa,Annelida,Polychaeta,NA,Sabellariidae,NA,0,0,TRUE,ASV521,12,NA
edna0097,ASV4970,motu3846,Syllis pigmentata,Necklace worm species,species,NA,NA,NA,1,NA,NA,NA,4,10,NA,23,Syllis pigmentata,Necklace worm species,2018_north_surface,north,kelp,2018-07-17,NA,2018,surface,1,edna_north_00,surface,biological,11.1,31.73,7.99,10.5,31.93,7.96,7.5,1000,0,51.66710631,-128.1402668,rock,NA,NA,NA,macroalgae,nereocystis,macroalgae_rock,nereocystis_rock,100,1.4886099999999998e-156,306,Metazoa,Annelida,Polychaeta,Phyllodocida,Syllidae,Syllis,0,0,TRUE,ASV4970,1,Syllis pigmentata
edna0097,ASV5264,motu3013,Thecostraca,Thecostracan crustacean species,class,NA,NA,NA,1,NA,NA,NA,13,7,NA,5,Thecostraca,Thecostracan crustacean species,2018_north_surface,north,kelp,2018-07-17,NA,2018,surface,1,edna_north_00,surface,biological,11.1,31.73,7.99,10.5,31.93,7.96,7.5,1000,0,51.66710631,-128.1402668,rock,NA,NA,NA,macroalgae,nereocystis,macroalgae_rock,nereocystis_rock,97.22,8.40478e-5,33,Metazoa,Arthropoda,Arthropoda,NA,NA,NA,0,0,TRUE,ASV3834,3,NA
edna0097,ASV5401,motu4147,Thecostraca,Thecostracan crustacean species,class,NA,NA,NA,1,NA,NA,NA,11,8,NA,6,Thecostraca,Thecostracan crustacean species,2018_north_surface,north,kelp,2018-07-17,NA,2018,surface,1,edna_north_00,surface,biological,11.1,31.73,7.99,10.5,31.93,7.96,7.5,1000,0,51.66710631,-128.1402668,rock,NA,NA,NA,macroalgae,nereocystis,macroalgae_rock,nereocystis_rock,97.22,8.40478e-5,33,Metazoa,Arthropoda,Arthropoda,NA,NA,NA,0,0,TRUE,ASV5401,3,NA
edna0097,ASV6269,motu4839,Humilaria kennerleyi,Kennerleys venus,species,NA,NA,NA,1,NA,NA,NA,5,NA,NA,NA,Humilaria kennerleyi,Kennerleys venus,2018_north_surface,north,kelp,2018-07-17,NA,2018,surface,1,edna_north_00,surface,biological,11.1,31.73,7.99,10.5,31.93,7.96,7.5,1000,0,51.66710631,-128.1402668,rock,NA,NA,NA,macroalgae,nereocystis,macroalgae_rock,nereocystis_rock,100,2.569939999999999e-159,311,Metazoa,Mollusca,Bivalvia,Venerida,Veneridae,Humilaria,0,0,TRUE,ASV6269,2,Humilaria kennerleyi
edna0099,ASV750,motu654,Orobdella,Freshwater leech,genus,NA,NA,NA,1,NA,NA,NA,5,NA,NA,NA,Orobdella,Freshwater leech,2018_north_surface,north,kelp,2018-07-17,NA,2018,surface,3,edna_north_30,surface,biological,11,31.8,7.98,10.5,31.89,7.97,4.8,1000,0,51.66736753,-128.1400531,rock,NA,NA,NA,macroalgae,nereocystis,macroalgae_rock,nereocystis_rock,97.06,0.00121031,31,Metazoa,Annelida,Annelida,Erpobdelliformes,Orobdellidae,Orobdella,NA,NA,TRUE,ASV750,1,NA
edna0099,ASV916,motu796,Panopea generosa,Pacific geoduck,species,NA,NA,NA,1,NA,NA,NA,9,NA,NA,NA,Panopea generosa,Pacific geoduck,2018_north_surface,north,kelp,2018-07-17,NA,2018,surface,3,edna_north_30,surface,biological,11,31.8,7.98,10.5,31.89,7.97,4.8,1000,0,51.66736753,-128.1400531,rock,NA,NA,NA,macroalgae,nereocystis,macroalgae_rock,nereocystis_rock,100,1.96163e-160,313,Metazoa,Mollusca,Bivalvia,Adapedonta,Hiatellidae,Panopea,0,0,TRUE,ASV916,4,Panopea generosa
edna0099,ASV3541,motu1814,Sabellariidae,Feather duster worm,family,NA,NA,NA,1,NA,NA,NA,43,NA,NA,55,Sabellariidae,Feather duster worm,2018_north_surface,north,kelp,2018-07-17,NA,2018,surface,3,edna_north_30,surface,biological,11,31.8,7.98,10.5,31.89,7.97,4.8,1000,0,51.66736753,-128.1400531,rock,NA,NA,NA,macroalgae,nereocystis,macroalgae_rock,nereocystis_rock,99.67,8.959119999999997e-154,301,Metazoa,Annelida,Polychaeta,NA,Sabellariidae,NA,0,0,TRUE,ASV2197,2,NA
edna0099,ASV2881,motu2328,Coleoptera,Hexapod,order,NA,NA,NA,1,NA,NA,NA,2,NA,NA,NA,Coleoptera,Hexapod,2018_north_surface,north,kelp,2018-07-17,NA,2018,surface,3,edna_north_30,surface,biological,11,31.8,7.98,10.5,31.89,7.97,4.8,1000,0,51.66736753,-128.1400531,rock,NA,NA,NA,macroalgae,nereocystis,macroalgae_rock,nereocystis_rock,100,0.00110774,31,Metazoa,Arthropoda,Arthropoda,Coleoptera,NA,NA,NA,NA,TRUE,ASV2881,1,NA
edna0099,ASV3630,motu2877,Pseudocnus lubricus,Fishers sea cucumber,species,NA,NA,NA,1,NA,NA,NA,5,NA,NA,NA,Pseudocnus lubricus,Fishers sea cucumber,2018_north_surface,north,kelp,2018-07-17,NA,2018,surface,3,edna_north_30,surface,biological,11,31.8,7.98,10.5,31.89,7.97,4.8,1000,0,51.66736753,-128.1400531,rock,NA,NA,NA,macroalgae,nereocystis,macroalgae_rock,nereocystis_rock,100,1.4886099999999998e-156,306,Metazoa,Echinodermata,Holothuroidea,Dendrochirotida,Cucumariidae,Cucumaria,0,0,TRUE,ASV3630,1,Pseudocnus lubricus
edna0099,ASV6700,motu560,Synchaeta triophthalma,Rotifer,species,NA,NA,NA,1,NA,NA,NA,2,7,NA,NA,Synchaeta triophthalma,Rotifer,2018_north_surface,north,kelp,2018-07-17,NA,2018,surface,3,edna_north_30,surface,biological,11,31.8,7.98,10.5,31.89,7.97,4.8,1000,0,51.66736753,-128.1400531,rock,NA,NA,NA,macroalgae,nereocystis,macroalgae_rock,nereocystis_rock,91.67,1.6665299999999995e-116,234,Metazoa,Rotifera,Eurotatoria,Ploima,Synchaetidae,Synchaeta,0,0,TRUE,ASV647,4,Synchaeta triophthalma
edna0098,ASV542,motu476,Phascolosoma (Phascolosoma) agassizii,Agassiz peanut worm,species,NA,NA,NA,1,NA,NA,NA,11,NA,NA,NA,Phascolosoma (Phascolosoma) agassizii,Agassiz peanut worm,2018_north_surface,north,kelp,2018-07-17,NA,2018,surface,2,edna_north_15,surface,biological,11.5,31.8,7.98,10.5,31.93,7.97,5.2,1000,0,51.66722985,-128.1401768,rock,NA,NA,NA,macroalgae,nereocystis,macroalgae_rock,nereocystis_rock,100,1.96163e-160,313,Metazoa,Annelida,NA,Sipuncula,Phascolosomatidae,Phascolosoma,0,0,TRUE,ASV542,4,Phascolosoma (Phascolosoma) agassizii
edna0098,ASV498,motu441,Clytia gregaria,Gregarious jellyfish,species,NA,NA,NA,1,NA,NA,NA,12,NA,NA,15,Clytia gregaria,Gregarious jellyfish,2018_north_surface,north,kelp,2018-07-17,NA,2018,surface,2,edna_north_15,surface,biological,11.5,31.8,7.98,10.5,31.93,7.97,5.2,1000,0,51.66722985,-128.1401768,rock,NA,NA,NA,macroalgae,nereocystis,macroalgae_rock,nereocystis_rock,99.68,9.126599999999999e-159,310,Metazoa,Cnidaria,Hydrozoa,Leptothecata,Campanulariidae,Clytia,0,0,TRUE,ASV498,2,Clytia gregaria
edna0098,ASV640,motu105,Mesocentrotus franciscanus,Red sea urchin,species,NA,NA,NA,1,NA,NA,NA,204,NA,NA,NA,Mesocentrotus franciscanus,Red sea urchin,2018_north_surface,north,kelp,2018-07-17,NA,2018,surface,2,edna_north_15,surface,biological,11.5,31.8,7.98,10.5,31.93,7.97,5.2,1000,0,51.66722985,-128.1401768,rock,NA,NA,NA,macroalgae,nereocystis,macroalgae_rock,nereocystis_rock,100,1.96163e-160,313,Metazoa,Echinodermata,Echinoidea,Camarodonta,Strongylocentrotidae,Mesocentrotus,0,0,TRUE,ASV118,8,Mesocentrotus franciscanus
edna0098,ASV2865,motu2317,Chaetognatha,Arrow worm,phylum,NA,NA,NA,1,NA,NA,NA,7,NA,NA,NA,Chaetognatha,Arrow worm,2018_north_surface,north,kelp,2018-07-17,NA,2018,surface,2,edna_north_15,surface,biological,11.5,31.8,7.98,10.5,31.93,7.97,5.2,1000,0,51.66722985,-128.1401768,rock,NA,NA,NA,macroalgae,nereocystis,macroalgae_rock,nereocystis_rock,98.01,1.6501399999999998e-91,189,Metazoa,Chaetognatha,NA,NA,NA,NA,0,0,TRUE,ASV2865,1,NA
edna0100,ASV417,motu213,Balanus glandula,Acorn barnacle,species,NA,NA,NA,1,NA,NA,NA,95,NA,NA,NA,Balanus glandula,Acorn barnacle,2018_koe3_surface,koe3,beach_seine,2018-07-20,2018-07-18,2018,surface,1,edna_koe3_00,surface,biological,13.6,25.71,7.96,11.2,30.41,7.98,2.2,1000,0,51.77589222,-127.8794255,sand,n,90,p,macroalgae,nereocystis,macroalgae_sand,nereocystis_sand,99.68,1.5051499999999994e-156,306,Metazoa,Arthropoda,Thecostraca,Balanomorpha,Balanidae,Balanus,0,0,TRUE,ASV242,15,Balanus glandula
edna0100,ASV670,motu583,Synchaeta triophthalma,Rotifer,species,NA,NA,NA,1,NA,NA,NA,8,NA,NA,13,Synchaeta triophthalma,Rotifer,2018_koe3_surface,koe3,beach_seine,2018-07-20,2018-07-18,2018,surface,1,edna_koe3_00,surface,biological,13.6,25.71,7.96,11.2,30.41,7.98,2.2,1000,0,51.77589222,-127.8794255,sand,n,90,p,macroalgae,nereocystis,macroalgae_sand,nereocystis_sand,91.99,3.511259999999999e-118,237,Metazoa,Rotifera,Eurotatoria,Ploima,Synchaetidae,Synchaeta,0,0,TRUE,ASV670,4,Synchaeta triophthalma
edna0100,ASV1057,motu909,Orobdella,Freshwater leech,genus,NA,NA,NA,1,NA,NA,NA,22,NA,NA,NA,Orobdella,Freshwater leech,2018_koe3_surface,koe3,beach_seine,2018-07-20,2018-07-18,2018,surface,1,edna_koe3_00,surface,biological,13.6,25.71,7.96,11.2,30.41,7.98,2.2,1000,0,51.77589222,-127.8794255,sand,n,90,p,macroalgae,nereocystis,macroalgae_sand,nereocystis_sand,97.06,0.0011939,31,Metazoa,Annelida,Annelida,Erpobdelliformes,Orobdellidae,Orobdella,NA,NA,TRUE,ASV1057,1,NA
edna0100,ASV772,motu672,Parastenocarididae,Harpacticoid copepod,family,NA,NA,NA,1,NA,NA,NA,51,NA,NA,NA,Parastenocarididae,Harpacticoid copepod,2018_koe3_surface,koe3,beach_seine,2018-07-20,2018-07-18,2018,surface,1,edna_koe3_00,surface,biological,13.6,25.71,7.96,11.2,30.41,7.98,2.2,1000,0,51.77589222,-127.8794255,sand,n,90,p,macroalgae,nereocystis,macroalgae_sand,nereocystis_sand,94.59,0.00408744,30,Metazoa,Arthropoda,Arthropoda,Harpacticoida,Parastenocarididae,NA,1,0,TRUE,ASV772,1,NA
edna0100,ASV1293,motu1094,Asteriidae,Sea star,family,NA,NA,NA,1,NA,NA,NA,13,NA,NA,5,Asteriidae,Sea star,2018_koe3_surface,koe3,beach_seine,2018-07-20,2018-07-18,2018,surface,1,edna_koe3_00,surface,biological,13.6,25.71,7.96,11.2,30.41,7.98,2.2,1000,0,51.77589222,-127.8794255,sand,n,90,p,macroalgae,nereocystis,macroalgae_sand,nereocystis_sand,100,1.96163e-160,313,Metazoa,Echinodermata,Echinodermata,Forcipulatida,Asteriidae,NA,0,0,TRUE,ASV1293,1,NA
edna0100,ASV1722,motu1438,Aurelia labiata,Moon jelly species,species,NA,NA,NA,1,NA,NA,NA,70,NA,NA,54,Aurelia labiata,Moon jelly species,2018_koe3_surface,koe3,beach_seine,2018-07-20,2018-07-18,2018,surface,1,edna_koe3_00,surface,biological,13.6,25.71,7.96,11.2,30.41,7.98,2.2,1000,0,51.77589222,-127.8794255,sand,n,90,p,macroalgae,nereocystis,macroalgae_sand,nereocystis_sand,99.36,4.246189999999999e-157,307,Metazoa,Cnidaria,Scyphozoa,Semaeostomeae,Ulmaridae,Aurelia,0,0,TRUE,ASV1722,4,Aurelia labiata
edna0100,ASV1859,motu1549,Aurelia,Moon jelly species,genus,NA,NA,NA,1,NA,NA,NA,83,75,NA,NA,Aurelia,Moon jelly species,2018_koe3_surface,koe3,beach_seine,2018-07-20,2018-07-18,2018,surface,1,edna_koe3_00,surface,biological,13.6,25.71,7.96,11.2,30.41,7.98,2.2,1000,0,51.77589222,-127.8794255,sand,n,90,p,macroalgae,nereocystis,macroalgae_sand,nereocystis_sand,100,1.96163e-160,313,Metazoa,Cnidaria,Cnidaria,Semaeostomeae,Ulmaridae,Aurelia,0,0,TRUE,ASV1859,2,NA
edna0100,ASV2200,motu412,Saxidomus gigantea,Butter clam,species,NA,NA,NA,1,NA,NA,NA,91,58,NA,59,Saxidomus,Washington clam species,2018_koe3_surface,koe3,beach_seine,2018-07-20,2018-07-18,2018,surface,1,edna_koe3_00,surface,biological,13.6,25.71,7.96,11.2,30.41,7.98,2.2,1000,0,51.77589222,-127.8794255,sand,n,90,p,macroalgae,nereocystis,macroalgae_sand,nereocystis_sand,100,1.96163e-160,313,Metazoa,Mollusca,Mollusca,Venerida,Veneridae,Saxidomus,0,0,TRUE,ASV467,12,Saxidomus gigantea
edna0100,ASV4382,motu3418,Thysanoessa spinifera,Krill,species,NA,NA,NA,1,NA,NA,NA,17,5,NA,NA,Thysanoessa spinifera,Krill,2018_koe3_surface,koe3,beach_seine,2018-07-20,2018-07-18,2018,surface,1,edna_koe3_00,surface,biological,13.6,25.71,7.96,11.2,30.41,7.98,2.2,1000,0,51.77589222,-127.8794255,sand,n,90,p,macroalgae,nereocystis,macroalgae_sand,nereocystis_sand,100,2.4909699999999984e-154,302,Metazoa,Arthropoda,Malacostraca,Euphausiacea,Euphausiidae,Thysanoessa,0,0,TRUE,ASV4382,1,Thysanoessa spinifera
edna0100,ASV4778,motu3698,Saccocirrus,Polychaete,genus,NA,NA,NA,1,NA,NA,NA,34,NA,NA,NA,Saccocirrus,Polychaete,2018_koe3_surface,koe3,beach_seine,2018-07-20,2018-07-18,2018,surface,1,edna_koe3_00,surface,biological,13.6,25.71,7.96,11.2,30.41,7.98,2.2,1000,0,51.77589222,-127.8794255,sand,n,90,p,macroalgae,nereocystis,macroalgae_sand,nereocystis_sand,100,2.4540699999999983e-154,302,Metazoa,Annelida,Polychaeta,NA,Saccocirridae,Saccocirrus,0,0,TRUE,ASV4778,1,NA
edna0100,ASV6946,motu1288,Protodorvillea gracilis,Dorvilleid polychaete,species,NA,NA,NA,1,NA,NA,NA,7,NA,NA,NA,Protodorvillea gracilis,Dorvilleid polychaete,2018_koe3_surface,koe3,beach_seine,2018-07-20,2018-07-18,2018,surface,1,edna_koe3_00,surface,biological,13.6,25.71,7.96,11.2,30.41,7.98,2.2,1000,0,51.77589222,-127.8794255,sand,n,90,p,macroalgae,nereocystis,macroalgae_sand,nereocystis_sand,100,5.603399999999998e-156,305,Metazoa,Annelida,Polychaeta,Eunicida,Dorvilleidae,Protodorvillea,0,0,TRUE,ASV1527,2,Protodorvillea gracilis
edna0102,ASV320,motu281,Pseudocalanus newmani,Calanoid copepod,species,NA,NA,NA,1,NA,NA,NA,47,117,NA,83,Pseudocalanus newmani,Calanoid copepod,2018_koe3_surface,koe3,beach_seine,2018-07-20,2018-07-18,2018,surface,3,edna_koe3_30,surface,biological,14.3,34.4,8.08,12.9,28.38,8.15,2,1000,0,51.77580035,-127.8788341,sand,n,90,p,macroalgae,nereocystis,macroalgae_sand,nereocystis_sand,100,1.96163e-160,313,Metazoa,Arthropoda,Copepoda,Calanoida,Clausocalanidae,Pseudocalanus,0,0,TRUE,ASV320,6,Pseudocalanus newmani
edna0102,ASV365,motu31,Centropages abdominalis,Calanoid copepod,species,NA,NA,NA,1,NA,NA,NA,99,102,NA,121,Centropages abdominalis,Calanoid copepod,2018_koe3_surface,koe3,beach_seine,2018-07-20,2018-07-18,2018,surface,3,edna_koe3_30,surface,biological,14.3,34.4,8.08,12.9,28.38,8.15,2,1000,0,51.77580035,-127.8788341,sand,n,90,p,macroalgae,nereocystis,macroalgae_sand,nereocystis_sand,99.68,9.126599999999999e-159,310,Metazoa,Arthropoda,Copepoda,Calanoida,Centropagidae,Centropages,0,0,TRUE,ASV34,19,Centropages abdominalis
edna0102,ASV520,motu457,Evasterias troschelii,False ochre star,species,NA,NA,NA,1,NA,NA,NA,9,NA,NA,11,Evasterias troschelii,False ochre star,2018_koe3_surface,koe3,beach_seine,2018-07-20,2018-07-18,2018,surface,3,edna_koe3_30,surface,biological,14.3,34.4,8.08,12.9,28.38,8.15,2,1000,0,51.77580035,-127.8788341,sand,n,90,p,macroalgae,nereocystis,macroalgae_sand,nereocystis_sand,100,1.96163e-160,313,Metazoa,Echinodermata,Asteroidea,Forcipulatida,Asteriidae,Evasterias,0,0,TRUE,ASV520,1,Evasterias troschelii
edna0102,ASV2118,motu1747,Paracalanus,Calanoid copepod,genus,NA,NA,NA,1,NA,NA,NA,117,NA,NA,NA,Paracalanus,Calanoid copepod,2018_koe3_surface,koe3,beach_seine,2018-07-20,2018-07-18,2018,surface,3,edna_koe3_30,surface,biological,14.3,34.4,8.08,12.9,28.38,8.15,2,1000,0,51.77580035,-127.8788341,sand,n,90,p,macroalgae,nereocystis,macroalgae_sand,nereocystis_sand,99.68,1.172079999999999e-157,308,Metazoa,Arthropoda,Arthropoda,Calanoida,Paracalanidae,Paracalanus,0,0,TRUE,ASV2118,2,NA
edna0102,ASV2790,motu2222,Corophiidae,Amphipod,family,NA,NA,NA,1,NA,NA,NA,29,NA,NA,NA,Corophiidae,Amphipod,2018_koe3_surface,koe3,beach_seine,2018-07-20,2018-07-18,2018,surface,3,edna_koe3_30,surface,biological,14.3,34.4,8.08,12.9,28.38,8.15,2,1000,0,51.77580035,-127.8788341,sand,n,90,p,macroalgae,nereocystis,macroalgae_sand,nereocystis_sand,99.36,1.5216899999999998e-156,306,Metazoa,Arthropoda,Malacostraca,Amphipoda,Corophiidae,NA,0,0,TRUE,ASV2743,3,NA
edna0102,ASV2992,motu2411,Amphipholis squamata,Dwarf brittle star,species,NA,NA,NA,1,NA,NA,NA,12,NA,NA,NA,Amphipholis squamata,Dwarf brittle star,2018_koe3_surface,koe3,beach_seine,2018-07-20,2018-07-18,2018,surface,3,edna_koe3_30,surface,biological,14.3,34.4,8.08,12.9,28.38,8.15,2,1000,0,51.77580035,-127.8788341,sand,n,90,p,macroalgae,nereocystis,macroalgae_sand,nereocystis_sand,100,3.2351099999999996e-158,309,Metazoa,Echinodermata,Ophiuroidea,Amphilepidida,Amphiuridae,Amphipholis,0,0,TRUE,ASV2992,2,Amphipholis squamata
edna0102,ASV1872,motu1557,Corophiidae,Amphipod,family,NA,NA,NA,1,NA,NA,NA,35,NA,NA,35,Corophiidae,Amphipod,2018_koe3_surface,koe3,beach_seine,2018-07-20,2018-07-18,2018,surface,3,edna_koe3_30,surface,biological,14.3,34.4,8.08,12.9,28.38,8.15,2,1000,0,51.77580035,-127.8788341,sand,n,90,p,macroalgae,nereocystis,macroalgae_sand,nereocystis_sand,98.71,1.1804e-152,299,Metazoa,Arthropoda,Malacostraca,Amphipoda,Corophiidae,NA,0,0,TRUE,ASV1872,1,NA
edna0102,ASV4054,motu3177,Hiatella,Clam species,genus,NA,NA,NA,1,NA,NA,NA,23,22,NA,24,Hiatella,Clam species,2018_koe3_surface,koe3,beach_seine,2018-07-20,2018-07-18,2018,surface,3,edna_koe3_30,surface,biological,14.3,34.4,8.08,12.9,28.38,8.15,2,1000,0,51.77580035,-127.8788341,sand,n,90,p,macroalgae,nereocystis,macroalgae_sand,nereocystis_sand,99.35,1.95417e-155,304,Metazoa,Mollusca,Bivalvia,Adapedonta,Hiatellidae,Hiatella,0,0,TRUE,ASV4054,1,NA
edna0102,ASV4104,motu3219,Hiatella,Clam species,genus,NA,NA,NA,1,NA,NA,NA,12,32,NA,23,Hiatella,Clam species,2018_koe3_surface,koe3,beach_seine,2018-07-20,2018-07-18,2018,surface,3,edna_koe3_30,surface,biological,14.3,34.4,8.08,12.9,28.38,8.15,2,1000,0,51.77580035,-127.8788341,sand,n,90,p,macroalgae,nereocystis,macroalgae_sand,nereocystis_sand,99.35,1.95417e-155,304,Metazoa,Mollusca,Bivalvia,Adapedonta,Hiatellidae,Hiatella,0,0,TRUE,ASV4104,1,NA
edna0102,ASV3774,motu2971,Paranais,Freshwater oligochaete,genus,NA,NA,NA,1,NA,NA,NA,17,11,NA,NA,Paranais,Freshwater oligochaete,2018_koe3_surface,koe3,beach_seine,2018-07-20,2018-07-18,2018,surface,3,edna_koe3_30,surface,biological,14.3,34.4,8.08,12.9,28.38,8.15,2,1000,0,51.77580035,-127.8788341,sand,n,90,p,macroalgae,nereocystis,macroalgae_sand,nereocystis_sand,90.85,2.6449e-109,221,Metazoa,Annelida,Annelida,Tubificida,Naididae,Paranais,0,0,TRUE,ASV3774,2,NA
edna0102,ASV4696,motu3643,Hermosita,Nudibranch species,genus,NA,NA,NA,1,NA,NA,NA,7,NA,NA,NA,Hermosita,Nudibranch species,2018_koe3_surface,koe3,beach_seine,2018-07-20,2018-07-18,2018,surface,3,edna_koe3_30,surface,biological,14.3,34.4,8.08,12.9,28.38,8.15,2,1000,0,51.77580035,-127.8788341,sand,n,90,p,macroalgae,nereocystis,macroalgae_sand,nereocystis_sand,97.37,6.3747e-6,35,Metazoa,Mollusca,Mollusca,Nudibranchia,Facelinidae,Hermosita,0,0,TRUE,ASV4696,1,NA
edna0102,ASV3070,motu2471,Paranais botniensis,Freshwater oligochaete,species,NA,NA,NA,1,NA,NA,NA,8,NA,NA,NA,Paranais botniensis,Freshwater oligochaete,2018_koe3_surface,koe3,beach_seine,2018-07-20,2018-07-18,2018,surface,3,edna_koe3_30,surface,biological,14.3,34.4,8.08,12.9,28.38,8.15,2,1000,0,51.77580035,-127.8788341,sand,n,90,p,macroalgae,nereocystis,macroalgae_sand,nereocystis_sand,97.12,2.0037099999999998e-145,286,Metazoa,Annelida,Clitellata,Tubificida,Naididae,Paranais,0,0,TRUE,ASV3070,1,Paranais botniensis
edna0102,ASV6592,motu5111,Ichneumonidae,Hexapod,family,NA,NA,NA,1,NA,NA,NA,5,9,NA,NA,Ichneumonidae,Hexapod,2018_koe3_surface,koe3,beach_seine,2018-07-20,2018-07-18,2018,surface,3,edna_koe3_30,surface,biological,14.3,34.4,8.08,12.9,28.38,8.15,2,1000,0,51.77580035,-127.8788341,sand,n,90,p,macroalgae,nereocystis,macroalgae_sand,nereocystis_sand,90.91,1.45688e-7,38,Metazoa,Arthropoda,Arthropoda,Hymenoptera,Ichneumonidae,NA,NA,NA,TRUE,ASV6592,1,NA
edna0102,ASV4851,motu3755,Noctuoidea,Hexapod,family,NA,NA,NA,1,NA,NA,NA,3,NA,NA,NA,Noctuoidea,Hexapod,2018_koe3_surface,koe3,beach_seine,2018-07-20,2018-07-18,2018,surface,3,edna_koe3_30,surface,biological,14.3,34.4,8.08,12.9,28.38,8.15,2,1000,0,51.77580035,-127.8788341,sand,n,90,p,macroalgae,nereocystis,macroalgae_sand,nereocystis_sand,92,1.45974e-7,38,Metazoa,Arthropoda,Arthropoda,Lepidoptera,Noctuoidea,NA,NA,NA,TRUE,ASV4851,1,NA
edna0103,ASV233,motu74,Euchlanidae,Rotifer,family,NA,NA,NA,1,NA,NA,NA,71,71,NA,60,No Results,No Results,2018_koe1_surface,koe1,beach_seine,2018-07-20,2018-07-18,2018,surface,1,edna_koe1_00,surface,biological,14.6,22.86,8.4,11.1,30.49,8.07,2.9,1000,0,51.77287511,-127.8757811,sand,y,500,p,none,none,none_sand,none_sand,91.35,3.005919999999998e-29,77,Metazoa,Rotifera,Rotifera,Ploima,Euchlanidae,NA,1,NA,TRUE,ASV84,2,NA
edna0103,ASV242,motu213,Balanus glandula,Acorn barnacle,species,NA,NA,NA,1,NA,NA,NA,17,NA,NA,16,Balanus glandula,Acorn barnacle,2018_koe1_surface,koe1,beach_seine,2018-07-20,2018-07-18,2018,surface,1,edna_koe1_00,surface,biological,14.6,22.86,8.4,11.1,30.49,8.07,2.9,1000,0,51.77287511,-127.8757811,sand,y,500,p,none,none,none_sand,none_sand,100,3.2351099999999996e-158,309,Metazoa,Arthropoda,Thecostraca,Balanomorpha,Balanidae,Balanus,0,0,TRUE,ASV242,15,Balanus glandula
edna0103,ASV750,motu654,Orobdella,Freshwater leech,genus,NA,NA,NA,1,NA,NA,NA,9,NA,NA,NA,Orobdella,Freshwater leech,2018_koe1_surface,koe1,beach_seine,2018-07-20,2018-07-18,2018,surface,1,edna_koe1_00,surface,biological,14.6,22.86,8.4,11.1,30.49,8.07,2.9,1000,0,51.77287511,-127.8757811,sand,y,500,p,none,none,none_sand,none_sand,97.06,0.00121031,31,Metazoa,Annelida,Annelida,Erpobdelliformes,Orobdellidae,Orobdella,NA,NA,TRUE,ASV750,1,NA
edna0103,ASV1859,motu1549,Aurelia,Moon jelly species,genus,NA,NA,NA,1,NA,NA,NA,29,NA,NA,NA,Aurelia,Moon jelly species,2018_koe1_surface,koe1,beach_seine,2018-07-20,2018-07-18,2018,surface,1,edna_koe1_00,surface,biological,14.6,22.86,8.4,11.1,30.49,8.07,2.9,1000,0,51.77287511,-127.8757811,sand,y,500,p,none,none,none_sand,none_sand,100,1.96163e-160,313,Metazoa,Cnidaria,Cnidaria,Semaeostomeae,Ulmaridae,Aurelia,0,0,TRUE,ASV1859,2,NA
edna0104,ASV216,motu190,Mytilus trossulus,Bay mussel,species,NA,NA,NA,1,NA,NA,NA,63,NA,NA,97,Mytilus trossulus,Bay mussel,2018_koe1_surface,koe1,beach_seine,2018-07-20,2018-07-18,2018,surface,2,edna_koe1_15,surface,biological,14.6,22.81,8.03,11.3,30.52,8.08,2.3,1000,0,51.77258216,-127.8758992,sand,y,500,p,none,none,none_sand,none_sand,100,3.2351099999999996e-158,309,Metazoa,Mollusca,Mollusca,Mytilida,Mytilidae,Mytilus,0,0,TRUE,ASV216,23,Mytilus trossulus
edna0104,ASV233,motu74,Euchlanidae,Rotifer,family,NA,NA,NA,1,NA,NA,NA,53,72,NA,NA,No Results,No Results,2018_koe1_surface,koe1,beach_seine,2018-07-20,2018-07-18,2018,surface,2,edna_koe1_15,surface,biological,14.6,22.81,8.03,11.3,30.52,8.08,2.3,1000,0,51.77258216,-127.8758992,sand,y,500,p,none,none,none_sand,none_sand,91.35,3.005919999999998e-29,77,Metazoa,Rotifera,Rotifera,Ploima,Euchlanidae,NA,1,NA,TRUE,ASV84,2,NA
edna0104,ASV1057,motu909,Orobdella,Freshwater leech,genus,NA,NA,NA,1,NA,NA,NA,15,NA,NA,NA,Orobdella,Freshwater leech,2018_koe1_surface,koe1,beach_seine,2018-07-20,2018-07-18,2018,surface,2,edna_koe1_15,surface,biological,14.6,22.81,8.03,11.3,30.52,8.08,2.3,1000,0,51.77258216,-127.8758992,sand,y,500,p,none,none,none_sand,none_sand,97.06,0.0011939,31,Metazoa,Annelida,Annelida,Erpobdelliformes,Orobdellidae,Orobdella,NA,NA,TRUE,ASV1057,1,NA
edna0104,ASV2270,motu181,Pseudocalanus mimus,Calanoid copepod,species,NA,NA,NA,1,NA,NA,NA,116,126,NA,35,Pseudocalanus mimus,Calanoid copepod,2018_koe1_surface,koe1,beach_seine,2018-07-20,2018-07-18,2018,surface,2,edna_koe1_15,surface,biological,14.6,22.81,8.03,11.3,30.52,8.08,2.3,1000,0,51.77258216,-127.8758992,sand,y,500,p,none,none,none_sand,none_sand,99.67,5.531789999999998e-151,296,Metazoa,Arthropoda,Copepoda,Calanoida,Clausocalanidae,Pseudocalanus,0,0,TRUE,ASV205,8,Pseudocalanus mimus
edna0104,ASV2459,motu2003,Aurelia labiata,Moon jelly species,species,NA,NA,NA,1,NA,NA,NA,60,NA,NA,31,Aurelia labiata,Moon jelly species,2018_koe1_surface,koe1,beach_seine,2018-07-20,2018-07-18,2018,surface,2,edna_koe1_15,surface,biological,14.6,22.81,8.03,11.3,30.52,8.08,2.3,1000,0,51.77258216,-127.8758992,sand,y,500,p,none,none,none_sand,none_sand,99.04,1.97556e-155,304,Metazoa,Cnidaria,Scyphozoa,Semaeostomeae,Ulmaridae,Aurelia,0,0,TRUE,ASV2459,1,Aurelia labiata
edna0104,ASV3141,motu31,Centropages abdominalis,Calanoid copepod,species,NA,NA,NA,1,NA,NA,NA,86,45,NA,NA,Centropages abdominalis,Calanoid copepod,2018_koe1_surface,koe1,beach_seine,2018-07-20,2018-07-18,2018,surface,2,edna_koe1_15,surface,biological,14.6,22.81,8.03,11.3,30.52,8.08,2.3,1000,0,51.77258216,-127.8758992,sand,y,500,p,none,none,none_sand,none_sand,99.68,9.126599999999999e-159,310,Metazoa,Arthropoda,Copepoda,Calanoida,Centropagidae,Centropages,0,0,TRUE,ASV34,19,Centropages abdominalis
edna0104,ASV3542,motu2814,Aurelia labiata,Moon jelly species,species,NA,NA,NA,1,NA,NA,NA,48,NA,NA,NA,Aurelia labiata,Moon jelly species,2018_koe1_surface,koe1,beach_seine,2018-07-20,2018-07-18,2018,surface,2,edna_koe1_15,surface,biological,14.6,22.81,8.03,11.3,30.52,8.08,2.3,1000,0,51.77258216,-127.8758992,sand,y,500,p,none,none,none_sand,none_sand,99.04,1.97556e-155,304,Metazoa,Cnidaria,Scyphozoa,Semaeostomeae,Ulmaridae,Aurelia,0,0,TRUE,ASV3542,1,Aurelia labiata
edna0104,ASV2056,motu1702,Corophiidae,Amphipod,family,NA,NA,NA,1,NA,NA,NA,30,NA,NA,NA,Corophiidae,Amphipod,2018_koe1_surface,koe1,beach_seine,2018-07-20,2018-07-18,2018,surface,2,edna_koe1_15,surface,biological,14.6,22.81,8.03,11.3,30.52,8.08,2.3,1000,0,51.77258216,-127.8758992,sand,y,500,p,none,none,none_sand,none_sand,98.71,1.1804e-152,299,Metazoa,Arthropoda,Malacostraca,Amphipoda,Corophiidae,NA,0,0,TRUE,ASV2056,1,NA
edna0104,ASV3017,motu2432,Euphausia pacifica,North Pacific krill,species,NA,NA,NA,1,NA,NA,NA,8,NA,NA,NA,Euphausia pacifica,North Pacific krill,2018_koe1_surface,koe1,beach_seine,2018-07-20,2018-07-18,2018,surface,2,edna_koe1_15,surface,biological,14.6,22.81,8.03,11.3,30.52,8.08,2.3,1000,0,51.77258216,-127.8758992,sand,y,500,p,none,none,none_sand,none_sand,100,3.2351099999999996e-158,309,Metazoa,Arthropoda,Malacostraca,Euphausiacea,Euphausiidae,Euphausia,0,0,TRUE,ASV3017,1,Euphausia pacifica
edna0104,ASV3982,motu3128,Proctotrupidae,Hexapod,genus,NA,NA,NA,1,NA,NA,NA,3,NA,NA,NA,Proctotrupidae,Hexapod,2018_koe1_surface,koe1,beach_seine,2018-07-20,2018-07-18,2018,surface,2,edna_koe1_15,surface,biological,14.6,22.81,8.03,11.3,30.52,8.08,2.3,1000,0,51.77258216,-127.8758992,sand,y,500,p,none,none,none_sand,none_sand,100,6.79151e-6,35,Metazoa,Arthropoda,Arthropoda,Hymenoptera,Proctotrupoidea,Proctotrupidae,NA,NA,TRUE,ASV3982,1,NA
edna0104,ASV6379,motu4934,Pontella,Calanoid copepod,genus,NA,NA,NA,1,NA,NA,NA,13,NA,NA,NA,Pontella,Calanoid copepod,2018_koe1_surface,koe1,beach_seine,2018-07-20,2018-07-18,2018,surface,2,edna_koe1_15,surface,biological,14.6,22.81,8.03,11.3,30.52,8.08,2.3,1000,0,51.77258216,-127.8758992,sand,y,500,p,none,none,none_sand,none_sand,95,8.96228e-5,33,Metazoa,Arthropoda,Arthropoda,Calanoida,Pontellidae,Pontella,0,0,TRUE,ASV6379,1,NA
edna0104,ASV6470,motu5010,Niphargidae,Amphipod,family,NA,NA,NA,1,NA,NA,NA,4,NA,NA,NA,Niphargidae,Amphipod,2018_koe1_surface,koe1,beach_seine,2018-07-20,2018-07-18,2018,surface,2,edna_koe1_15,surface,biological,14.6,22.81,8.03,11.3,30.52,8.08,2.3,1000,0,51.77258216,-127.8758992,sand,y,500,p,none,none,none_sand,none_sand,92.68,3.1885e-4,32,Metazoa,Arthropoda,Arthropoda,Amphipoda,Niphargidae,NA,1,0,TRUE,ASV6470,1,NA
edna0105,ASV216,motu190,Mytilus trossulus,Bay mussel,species,NA,NA,NA,1,NA,NA,NA,59,54,NA,113,Mytilus trossulus,Bay mussel,2018_koe1_surface,koe1,beach_seine,2018-07-20,2018-07-18,2018,surface,3,edna_koe1_30,surface,biological,14.6,22.64,8.02,12.2,29.48,8.02,2.5,1000,0,51.77230921,-127.87611,sand,y,500,p,none,none,none_sand,none_sand,100,3.2351099999999996e-158,309,Metazoa,Mollusca,Mollusca,Mytilida,Mytilidae,Mytilus,0,0,TRUE,ASV216,23,Mytilus trossulus
edna0105,ASV270,motu199,Mytilus,Mussel species,genus,NA,NA,NA,1,NA,NA,NA,66,NA,NA,77,Mytilus trossulus,Bay mussel,2018_koe1_surface,koe1,beach_seine,2018-07-20,2018-07-18,2018,surface,3,edna_koe1_30,surface,biological,14.6,22.64,8.02,12.2,29.48,8.02,2.5,1000,0,51.77230921,-127.87611,sand,y,500,p,none,none,none_sand,none_sand,100,3.2351099999999996e-158,309,Metazoa,Mollusca,Mollusca,Mytilida,Mytilidae,Mytilus,0,0,TRUE,ASV226,18,NA
edna0105,ASV1243,motu1054,Mya arenaria,Softshell clam,species,NA,NA,NA,1,NA,NA,NA,5,NA,NA,NA,Mya arenaria,Softshell clam,2018_koe1_surface,koe1,beach_seine,2018-07-20,2018-07-18,2018,surface,3,edna_koe1_30,surface,biological,14.6,22.64,8.02,12.2,29.48,8.02,2.5,1000,0,51.77230921,-127.87611,sand,y,500,p,none,none,none_sand,none_sand,100,4.2619199999999965e-162,316,Metazoa,Mollusca,Bivalvia,Myida,Myidae,Mya,0,0,TRUE,ASV1243,1,Mya arenaria
edna0105,ASV1698,motu1419,Aurelia labiata,Moon jelly species,species,NA,NA,NA,1,NA,NA,NA,65,NA,NA,NA,Aurelia labiata,Moon jelly species,2018_koe1_surface,koe1,beach_seine,2018-07-20,2018-07-18,2018,surface,3,edna_koe1_30,surface,biological,14.6,22.64,8.02,12.2,29.48,8.02,2.5,1000,0,51.77230921,-127.87611,sand,y,500,p,none,none,none_sand,none_sand,99.36,4.246189999999999e-157,307,Metazoa,Cnidaria,Scyphozoa,Semaeostomeae,Ulmaridae,Aurelia,0,0,TRUE,ASV1698,4,Aurelia labiata
edna0105,ASV1680,motu1405,Aurelia,Moon jelly species,genus,NA,NA,NA,1,NA,NA,NA,46,NA,NA,65,Aurelia,Moon jelly species,2018_koe1_surface,koe1,beach_seine,2018-07-20,2018-07-18,2018,surface,3,edna_koe1_30,surface,biological,14.6,22.64,8.02,12.2,29.48,8.02,2.5,1000,0,51.77230921,-127.87611,sand,y,500,p,none,none,none_sand,none_sand,100,1.96163e-160,313,Metazoa,Cnidaria,Cnidaria,Semaeostomeae,Ulmaridae,Aurelia,0,0,TRUE,ASV1680,1,NA
edna0105,ASV3928,motu1438,Aurelia labiata,Moon jelly species,species,NA,NA,NA,1,NA,NA,NA,22,NA,NA,NA,Aurelia labiata,Moon jelly species,2018_koe1_surface,koe1,beach_seine,2018-07-20,2018-07-18,2018,surface,3,edna_koe1_30,surface,biological,14.6,22.64,8.02,12.2,29.48,8.02,2.5,1000,0,51.77230921,-127.87611,sand,y,500,p,none,none,none_sand,none_sand,99.36,4.246189999999999e-157,307,Metazoa,Cnidaria,Scyphozoa,Semaeostomeae,Ulmaridae,Aurelia,0,0,TRUE,ASV1722,4,Aurelia labiata
edna0105,ASV2773,motu2242,Diplostomida,Flatworm,order,NA,NA,NA,1,NA,NA,NA,8,5,NA,NA,Diplostomida,Flatworm,2018_koe1_surface,koe1,beach_seine,2018-07-20,2018-07-18,2018,surface,3,edna_koe1_30,surface,biological,14.6,22.64,8.02,12.2,29.48,8.02,2.5,1000,0,51.77230921,-127.87611,sand,y,500,p,none,none,none_sand,none_sand,96.88,0.0144888,29,Metazoa,Platyhelminthes,Platyhelminthes,Diplostomida,NA,NA,0,0,TRUE,ASV2773,1,NA
edna0105,ASV3978,motu1890,Braconidae,Hexapod,family,NA,NA,NA,1,NA,NA,NA,4,NA,NA,NA,Insecta,Hexapod,2018_koe1_surface,koe1,beach_seine,2018-07-20,2018-07-18,2018,surface,3,edna_koe1_30,surface,biological,14.6,22.64,8.02,12.2,29.48,8.02,2.5,1000,0,51.77230921,-127.87611,sand,y,500,p,none,none,none_sand,none_sand,90.2,6.41781e-46,107,Metazoa,Arthropoda,Arthropoda,Hymenoptera,Braconidae,NA,NA,NA,TRUE,ASV2296,3,NA
edna0105,ASV5579,motu4284,Ophelia limacina,Opheliid polychaete,species,NA,NA,NA,1,NA,NA,NA,5,NA,NA,NA,Ophelia limacina,Opheliid polychaete,2018_koe1_surface,koe1,beach_seine,2018-07-20,2018-07-18,2018,surface,3,edna_koe1_30,surface,biological,14.6,22.64,8.02,12.2,29.48,8.02,2.5,1000,0,51.77230921,-127.87611,sand,y,500,p,none,none,none_sand,none_sand,90.06,3.52314e-108,219,Metazoa,Annelida,Polychaeta,NA,Opheliidae,Ophelia,0,0,TRUE,ASV5579,1,Ophelia limacina
edna0105,ASV6103,motu4701,Paranais litoralis,Freshwater oligochaete,species,NA,NA,NA,1,NA,NA,NA,3,NA,NA,NA,Paranais litoralis,Freshwater oligochaete,2018_koe1_surface,koe1,beach_seine,2018-07-20,2018-07-18,2018,surface,3,edna_koe1_30,surface,biological,14.6,22.64,8.02,12.2,29.48,8.02,2.5,1000,0,51.77230921,-127.87611,sand,y,500,p,none,none,none_sand,none_sand,99.68,1.5051499999999994e-156,306,Metazoa,Annelida,Clitellata,Tubificida,Naididae,Paranais,0,0,TRUE,ASV6103,1,Paranais litoralis
edna0105,ASV6814,motu5297,Pagaronia,Hexapod,genus,NA,NA,NA,1,NA,NA,NA,7,NA,NA,NA,Pagaronia,Hexapod,2018_koe1_surface,koe1,beach_seine,2018-07-20,2018-07-18,2018,surface,3,edna_koe1_30,surface,biological,14.6,22.64,8.02,12.2,29.48,8.02,2.5,1000,0,51.77230921,-127.87611,sand,y,500,p,none,none,none_sand,none_sand,97.3,2.49185e-5,34,Metazoa,Arthropoda,Arthropoda,Hemiptera,Cicadellidae,Pagaronia,NA,NA,TRUE,ASV6814,1,NA
edna0109,ASV674,motu334,Synchaeta pectinata,Rotifer,species,NA,NA,NA,1,NA,NA,NA,4,NA,NA,NA,Synchaeta pectinata,Rotifer,2018_sni2_surface,sni2,beach_seine,2018-07-18,2018-07-16,2018,surface,1,edna_sni2_00,surface,biological,15.1,26.73,8.39,10.6,30.27,8.23,5.8,1000,0,51.817402800000004,-128.0302233,cobble,n,70,p,macroalgae,algae,macroalgae_cobble,algae_cobble,90.79,3.5361899999999996e-113,228,Metazoa,Rotifera,Eurotatoria,Ploima,Synchaetidae,Synchaeta,0,0,TRUE,ASV377,5,Synchaeta pectinata
edna0109,ASV5938,motu4566,Haliclystus sanjuanensis,Oval-anchored stalked jelly,species,NA,NA,NA,1,NA,NA,NA,10,NA,NA,NA,Haliclystus sanjuanensis,Oval-anchored stalked jelly,2018_sni2_surface,sni2,beach_seine,2018-07-18,2018-07-16,2018,surface,1,edna_sni2_00,surface,biological,15.1,26.73,8.39,10.6,30.27,8.23,5.8,1000,0,51.817402800000004,-128.0302233,cobble,n,70,p,macroalgae,algae,macroalgae_cobble,algae_cobble,99.68,9.126599999999999e-159,310,Metazoa,Cnidaria,Staurozoa,Stauromedusae,Haliclystidae,Haliclystus,0,0,TRUE,ASV5938,1,Haliclystus sanjuanensis
edna0111,ASV118,motu105,Mesocentrotus franciscanus,Red sea urchin,species,NA,NA,NA,1,NA,NA,NA,493,100,NA,107,Mesocentrotus franciscanus,Red sea urchin,2018_sni2_surface,sni2,beach_seine,2018-07-18,2018-07-16,2018,surface,3,edna_sni2_30,surface,biological,15.1,26.67,8.38,10.5,30.29,8.19,6.5,1000,0,51.81732535,-128.0297301,cobble,n,70,p,macroalgae,algae,macroalgae_cobble,algae_cobble,100,2.51921e-159,311,Metazoa,Echinodermata,Echinoidea,Camarodonta,Strongylocentrotidae,Mesocentrotus,0,0,TRUE,ASV118,8,Mesocentrotus franciscanus
edna0111,ASV242,motu213,Balanus glandula,Acorn barnacle,species,NA,NA,NA,1,NA,NA,NA,12,NA,NA,NA,Balanus glandula,Acorn barnacle,2018_sni2_surface,sni2,beach_seine,2018-07-18,2018-07-16,2018,surface,3,edna_sni2_30,surface,biological,15.1,26.67,8.38,10.5,30.29,8.19,6.5,1000,0,51.81732535,-128.0297301,cobble,n,70,p,macroalgae,algae,macroalgae_cobble,algae_cobble,100,3.2351099999999996e-158,309,Metazoa,Arthropoda,Thecostraca,Balanomorpha,Balanidae,Balanus,0,0,TRUE,ASV242,15,Balanus glandula
edna0111,ASV1059,motu911,Pleurobrachia bachei,Pacific sea gooseberry,species,NA,NA,NA,1,NA,NA,NA,3,NA,NA,NA,Pleurobrachia bachei,Pacific sea gooseberry,2018_sni2_surface,sni2,beach_seine,2018-07-18,2018-07-16,2018,surface,3,edna_sni2_30,surface,biological,15.1,26.67,8.38,10.5,30.29,8.19,6.5,1000,0,51.81732535,-128.0297301,cobble,n,70,p,macroalgae,algae,macroalgae_cobble,algae_cobble,100,1.96163e-160,313,Metazoa,Ctenophora,Tentaculata,Cydippida,Cydippidae,Pleurobrachia,0,0,TRUE,ASV1059,3,Pleurobrachia bachei
edna0111,ASV1737,motu709,Chthamalus dalli,Little brown barnacle,species,NA,NA,NA,1,NA,NA,NA,53,14,NA,NA,Chthamalus dalli,Little brown barnacle,2018_sni2_surface,sni2,beach_seine,2018-07-18,2018-07-16,2018,surface,3,edna_sni2_30,surface,biological,15.1,26.67,8.38,10.5,30.29,8.19,6.5,1000,0,51.81732535,-128.0297301,cobble,n,70,p,macroalgae,algae,macroalgae_cobble,algae_cobble,99.01,2.4714899999999987e-149,293,Metazoa,Arthropoda,Thecostraca,Balanomorpha,Chthamalidae,Chthamalus,0,0,TRUE,ASV814,5,Chthamalus dalli
edna0112,ASV34,motu31,Centropages abdominalis,Calanoid copepod,species,NA,NA,NA,1,NA,NA,NA,8,6,NA,NA,Centropages abdominalis,Calanoid copepod,2018_koeye-estuary_surface,koeye estuary,seagrass,2018-08-14,NA,2018,surface,1,edna_ko_e3_00,repeat-surface,biological,NA,NA,NA,NA,NA,NA,3.5,1000,0,51.77950168,-127.8716413,sand,NA,NA,NA,seagrass,zostera,seagrass_sand,zostera_sand,100,1.96163e-160,313,Metazoa,Arthropoda,Copepoda,Calanoida,Centropagidae,Centropages,0,0,TRUE,ASV34,19,Centropages abdominalis
edna0112,ASV1722,motu1438,Aurelia labiata,Moon jelly species,species,NA,NA,NA,1,NA,NA,NA,13,NA,NA,NA,Aurelia labiata,Moon jelly species,2018_koeye-estuary_surface,koeye estuary,seagrass,2018-08-14,NA,2018,surface,1,edna_ko_e3_00,repeat-surface,biological,NA,NA,NA,NA,NA,NA,3.5,1000,0,51.77950168,-127.8716413,sand,NA,NA,NA,seagrass,zostera,seagrass_sand,zostera_sand,99.36,4.246189999999999e-157,307,Metazoa,Cnidaria,Scyphozoa,Semaeostomeae,Ulmaridae,Aurelia,0,0,TRUE,ASV1722,4,Aurelia labiata
edna0112,ASV2902,motu2343,Tubulanus,Ribbon worm,genus,NA,NA,NA,1,NA,NA,NA,5,7,NA,NA,Tubulanus,Ribbon worm,2018_koeye-estuary_surface,koeye estuary,seagrass,2018-08-14,NA,2018,surface,1,edna_ko_e3_00,repeat-surface,biological,NA,NA,NA,NA,NA,NA,3.5,1000,0,51.77950168,-127.8716413,sand,NA,NA,NA,seagrass,zostera,seagrass_sand,zostera_sand,100,7.1053799999999944e-155,303,Metazoa,Nemertea,Palaeonemertea,Tubulaniformes,Tubulanidae,Tubulanus,0,0,TRUE,ASV2902,2,NA
edna0114,ASV171,motu150,Pseudocalanus mimus,Calanoid copepod,species,NA,NA,NA,1,NA,NA,NA,114,NA,NA,NA,Pseudocalanus mimus,Calanoid copepod,2018_koeye-estuary_surface,koeye estuary,seagrass,2018-08-14,NA,2018,surface,3,edna_ko_e3_30,repeat-surface,biological,NA,NA,NA,NA,NA,NA,3.5,1000,0,51.77929649,-127.871914,sand,NA,NA,NA,seagrass,zostera,seagrass_sand,zostera_sand,99.67,9.19139e-154,301,Metazoa,Arthropoda,Copepoda,Calanoida,Clausocalanidae,Pseudocalanus,0,0,TRUE,ASV171,10,Pseudocalanus mimus
edna0114,ASV233,motu74,Euchlanidae,Rotifer,family,NA,NA,NA,1,NA,NA,NA,67,NA,NA,NA,No Results,No Results,2018_koeye-estuary_surface,koeye estuary,seagrass,2018-08-14,NA,2018,surface,3,edna_ko_e3_30,repeat-surface,biological,NA,NA,NA,NA,NA,NA,3.5,1000,0,51.77929649,-127.871914,sand,NA,NA,NA,seagrass,zostera,seagrass_sand,zostera_sand,91.35,3.005919999999998e-29,77,Metazoa,Rotifera,Rotifera,Ploima,Euchlanidae,NA,1,NA,TRUE,ASV84,2,NA
edna0114,ASV365,motu31,Centropages abdominalis,Calanoid copepod,species,NA,NA,NA,1,NA,NA,NA,7,NA,NA,NA,Centropages abdominalis,Calanoid copepod,2018_koeye-estuary_surface,koeye estuary,seagrass,2018-08-14,NA,2018,surface,3,edna_ko_e3_30,repeat-surface,biological,NA,NA,NA,NA,NA,NA,3.5,1000,0,51.77929649,-127.871914,sand,NA,NA,NA,seagrass,zostera,seagrass_sand,zostera_sand,99.68,9.126599999999999e-159,310,Metazoa,Arthropoda,Copepoda,Calanoida,Centropagidae,Centropages,0,0,TRUE,ASV34,19,Centropages abdominalis
edna0114,ASV674,motu334,Synchaeta pectinata,Rotifer,species,NA,NA,NA,1,NA,NA,NA,5,NA,NA,NA,Synchaeta pectinata,Rotifer,2018_koeye-estuary_surface,koeye estuary,seagrass,2018-08-14,NA,2018,surface,3,edna_ko_e3_30,repeat-surface,biological,NA,NA,NA,NA,NA,NA,3.5,1000,0,51.77929649,-127.871914,sand,NA,NA,NA,seagrass,zostera,seagrass_sand,zostera_sand,90.79,3.5361899999999996e-113,228,Metazoa,Rotifera,Eurotatoria,Ploima,Synchaetidae,Synchaeta,0,0,TRUE,ASV377,5,Synchaeta pectinata
edna0114,ASV733,motu637,Phyllodocida,Polychaete,order,NA,NA,NA,1,NA,NA,NA,10,NA,NA,NA,Phyllodocida,Polychaete,2018_koeye-estuary_surface,koeye estuary,seagrass,2018-08-14,NA,2018,surface,3,edna_ko_e3_30,repeat-surface,biological,NA,NA,NA,NA,NA,NA,3.5,1000,0,51.77929649,-127.871914,sand,NA,NA,NA,seagrass,zostera,seagrass_sand,zostera_sand,100,0.0603188,28,Metazoa,Annelida,Annelida,Phyllodocida,NA,NA,0,0,TRUE,ASV733,1,NA
edna0114,ASV2172,motu1790,Paracalanus,Calanoid copepod,genus,NA,NA,NA,1,NA,NA,NA,11,NA,NA,NA,Paracalanus,Calanoid copepod,2018_koeye-estuary_surface,koeye estuary,seagrass,2018-08-14,NA,2018,surface,3,edna_ko_e3_30,repeat-surface,biological,NA,NA,NA,NA,NA,NA,3.5,1000,0,51.77929649,-127.871914,sand,NA,NA,NA,seagrass,zostera,seagrass_sand,zostera_sand,99.34,1.9105799999999988e-150,295,Metazoa,Arthropoda,Copepoda,Calanoida,Paracalanidae,Paracalanus,0,0,TRUE,ASV2172,1,NA
edna0114,ASV3534,motu2809,Polypogon,Hexapod,genus,NA,NA,NA,1,NA,NA,NA,5,NA,NA,NA,Polypogon,Hexapod,2018_koeye-estuary_surface,koeye estuary,seagrass,2018-08-14,NA,2018,surface,3,edna_ko_e3_30,repeat-surface,biological,NA,NA,NA,NA,NA,NA,3.5,1000,0,51.77929649,-127.871914,sand,NA,NA,NA,seagrass,zostera,seagrass_sand,zostera_sand,95.12,6.79151e-6,35,Metazoa,Arthropoda,Arthropoda,Lepidoptera,Noctuoidea,Polypogon,NA,NA,TRUE,ASV3534,1,NA
edna0116,ASV536,motu470,Paracalanus parvus parvus,Calanoid copepod,species,NA,NA,NA,1,NA,NA,NA,8,NA,NA,NA,Paracalanus parvus parvus,Calanoid copepod,2018_choked-pass_surface,choked pass,seagrass,2018-08-16,NA,2018,surface,2,edna_ch_i3_15,repeat-surface,biological,11.1,31.85,7.9,10.4,31.98,7.9,7.3,1000,0,51.67531843,-128.1195572,sand,NA,NA,NA,seagrass,zostera,seagrass_sand,zostera_sand,100,1.17454e-132,263,Metazoa,Arthropoda,Copepoda,Calanoida,Paracalanidae,Paracalanus,0,0,TRUE,ASV536,6,Paracalanus parvus parvus
edna0116,ASV5056,motu3896,Diphyidae,Siphonophore,family,NA,NA,NA,1,NA,NA,NA,8,NA,NA,3,Diphyidae,Siphonophore,2018_choked-pass_surface,choked pass,seagrass,2018-08-16,NA,2018,surface,2,edna_ch_i3_15,repeat-surface,biological,11.1,31.85,7.9,10.4,31.98,7.9,7.3,1000,0,51.67531843,-128.1195572,sand,NA,NA,NA,seagrass,zostera,seagrass_sand,zostera_sand,92.17,5.874179999999994e-106,215,Metazoa,Cnidaria,Cnidaria,Siphonophorae,Diphyidae,NA,0,0,TRUE,ASV5056,1,NA
edna0116,ASV6272,motu4842,Diphyidae,Siphonophore,family,NA,NA,NA,1,NA,NA,NA,12,NA,NA,NA,Diphyidae,Siphonophore,2018_choked-pass_surface,choked pass,seagrass,2018-08-16,NA,2018,surface,2,edna_ch_i3_15,repeat-surface,biological,11.1,31.85,7.9,10.4,31.98,7.9,7.3,1000,0,51.67531843,-128.1195572,sand,NA,NA,NA,seagrass,zostera,seagrass_sand,zostera_sand,92.17,5.99246e-106,215,Metazoa,Cnidaria,Cnidaria,Siphonophorae,Diphyidae,NA,0,0,TRUE,ASV6272,1,NA
edna0116,ASV6597,motu4740,Pleurobrachia bachei,Pacific sea gooseberry,species,NA,NA,NA,1,NA,NA,NA,7,7,NA,NA,Pleurobrachia bachei,Pacific sea gooseberry,2018_choked-pass_surface,choked pass,seagrass,2018-08-16,NA,2018,surface,2,edna_ch_i3_15,repeat-surface,biological,11.1,31.85,7.9,10.4,31.98,7.9,7.3,1000,0,51.67531843,-128.1195572,sand,NA,NA,NA,seagrass,zostera,seagrass_sand,zostera_sand,99.36,4.3316899999999973e-157,307,Metazoa,Ctenophora,Tentaculata,Cydippida,Cydippidae,Pleurobrachia,0,0,TRUE,ASV6150,2,Pleurobrachia bachei
edna0117,ASV232,motu204,Cecidomyiidae,Hexapod,genus,NA,NA,NA,1,NA,NA,NA,4,NA,NA,NA,Cecidomyiidae,Hexapod,2018_choked-pass_surface,choked pass,seagrass,2018-08-16,NA,2018,surface,3,edna_ch_i3_30,repeat-surface,biological,NA,NA,NA,NA,NA,NA,7.3,1000,0,51.67533222,-128.1197834,sand,NA,NA,NA,seagrass,zostera,seagrass_sand,zostera_sand,100,0.00408744,30,Metazoa,Arthropoda,Arthropoda,Diptera,Cecidomyiidae,Cecidomyiidae,NA,NA,TRUE,ASV232,1,NA
edna0117,ASV679,motu591,Phyllodocida,Polychaete,order,NA,NA,NA,1,NA,NA,NA,5,12,NA,NA,Phyllodocida,Polychaete,2018_choked-pass_surface,choked pass,seagrass,2018-08-16,NA,2018,surface,3,edna_ch_i3_30,repeat-surface,biological,NA,NA,NA,NA,NA,NA,7.3,1000,0,51.67533222,-128.1197834,sand,NA,NA,NA,seagrass,zostera,seagrass_sand,zostera_sand,100,0.0603188,28,Metazoa,Annelida,Annelida,Phyllodocida,NA,NA,0,0,TRUE,ASV679,1,NA
edna0117,ASV2250,motu1855,Halosydna brevisetosa,Shortscaled worm,species,NA,NA,NA,1,NA,NA,NA,98,102,NA,84,Halosydna brevisetosa,Shortscaled worm,2018_choked-pass_surface,choked pass,seagrass,2018-08-16,NA,2018,surface,3,edna_ch_i3_30,repeat-surface,biological,NA,NA,NA,NA,NA,NA,7.3,1000,0,51.67533222,-128.1197834,sand,NA,NA,NA,seagrass,zostera,seagrass_sand,zostera_sand,99.35,7.002779999999996e-155,303,Metazoa,Annelida,Polychaeta,Phyllodocida,Polynoidae,Halosydna,0,0,TRUE,ASV2250,1,Halosydna brevisetosa
edna0117,ASV3125,motu2512,Chaetognatha,Arrow worm,phylum,NA,NA,NA,1,NA,NA,NA,17,16,NA,NA,Chaetognatha,Arrow worm,2018_choked-pass_surface,choked pass,seagrass,2018-08-16,NA,2018,surface,3,edna_ch_i3_30,repeat-surface,biological,NA,NA,NA,NA,NA,NA,7.3,1000,0,51.67533222,-128.1197834,sand,NA,NA,NA,seagrass,zostera,seagrass_sand,zostera_sand,95.02,1.67366e-81,171,Metazoa,Chaetognatha,NA,NA,NA,NA,0,0,TRUE,ASV3125,1,NA
edna0117,ASV5122,motu3942,Alcyonidium,Bryozoan,genus,NA,NA,NA,1,NA,NA,NA,4,3,NA,NA,Alcyonidium,Bryozoan,2018_choked-pass_surface,choked pass,seagrass,2018-08-16,NA,2018,surface,3,edna_ch_i3_30,repeat-surface,biological,NA,NA,NA,NA,NA,NA,7.3,1000,0,51.67533222,-128.1197834,sand,NA,NA,NA,seagrass,zostera,seagrass_sand,zostera_sand,100,1.96163e-160,313,Metazoa,Bryozoa,Gymnolaemata,Ctenostomatida,Alcyonidiidae,Alcyonidium,0,0,TRUE,ASV5122,1,NA
edna0120,ASV5454,motu4188,Solenopsis,Hexapod,genus,NA,NA,NA,1,NA,NA,NA,8,NA,NA,NA,Solenopsis,Hexapod,2018_pruth-bay_surface,pruth bay,seagrass,2018-08-16,NA,2018,surface,3,edna_pr_i3_30,repeat-surface,biological,NA,NA,NA,NA,NA,NA,3,1000,0,51.64596882,-128.1200866,sand,NA,NA,NA,seagrass,zostera,seagrass_sand,zostera_sand,100,0.00113646,31,Metazoa,Arthropoda,Arthropoda,Hymenoptera,Formicoidea,Solenopsis,NA,NA,TRUE,ASV5454,1,NA
edna0121,ASV679,motu591,Phyllodocida,Polychaete,order,NA,NA,NA,1,NA,NA,NA,34,31,NA,27,Phyllodocida,Polychaete,2018_hdo_surface,hdo,beach_seine,2018-08-23,2018-08-23,2018,surface,1,edna_hdo_00,repeat-surface,biological,NA,NA,NA,NA,NA,NA,4.2,950,0,51.65501227,-128.1295942,mud,n,320,p,seagrass,zostera,seagrass_mud,zostera_mud,100,0.0603188,28,Metazoa,Annelida,Annelida,Phyllodocida,NA,NA,0,0,TRUE,ASV679,1,NA
edna0121,ASV733,motu637,Phyllodocida,Polychaete,order,NA,NA,NA,1,NA,NA,NA,38,23,NA,41,Phyllodocida,Polychaete,2018_hdo_surface,hdo,beach_seine,2018-08-23,2018-08-23,2018,surface,1,edna_hdo_00,repeat-surface,biological,NA,NA,NA,NA,NA,NA,4.2,950,0,51.65501227,-128.1295942,mud,n,320,p,seagrass,zostera,seagrass_mud,zostera_mud,100,0.0603188,28,Metazoa,Annelida,Annelida,Phyllodocida,NA,NA,0,0,TRUE,ASV733,1,NA
edna0121,ASV932,motu810,Synchaeta baltica,Rotifer,species,NA,NA,NA,1,NA,NA,NA,21,15,NA,NA,Synchaeta baltica,Rotifer,2018_hdo_surface,hdo,beach_seine,2018-08-23,2018-08-23,2018,surface,1,edna_hdo_00,repeat-surface,biological,NA,NA,NA,NA,NA,NA,4.2,950,0,51.65501227,-128.1295942,mud,n,320,p,seagrass,zostera,seagrass_mud,zostera_mud,91.08,2.73364e-114,230,Metazoa,Rotifera,Eurotatoria,Ploima,Synchaetidae,Synchaeta,0,0,TRUE,ASV932,1,Synchaeta baltica
edna0121,ASV1737,motu709,Chthamalus dalli,Little brown barnacle,species,NA,NA,NA,1,NA,NA,NA,74,49,NA,63,Chthamalus dalli,Little brown barnacle,2018_hdo_surface,hdo,beach_seine,2018-08-23,2018-08-23,2018,surface,1,edna_hdo_00,repeat-surface,biological,NA,NA,NA,NA,NA,NA,4.2,950,0,51.65501227,-128.1295942,mud,n,320,p,seagrass,zostera,seagrass_mud,zostera_mud,99.01,2.4714899999999987e-149,293,Metazoa,Arthropoda,Thecostraca,Balanomorpha,Chthamalidae,Chthamalus,0,0,TRUE,ASV814,5,Chthamalus dalli
edna0121,ASV3202,motu2563,Ruditapes philippinarum,Manila clam,species,NA,NA,NA,1,NA,NA,NA,48,25,NA,41,Ruditapes philippinarum,Manila clam,2018_hdo_surface,hdo,beach_seine,2018-08-23,2018-08-23,2018,surface,1,edna_hdo_00,repeat-surface,biological,NA,NA,NA,NA,NA,NA,4.2,950,0,51.65501227,-128.1295942,mud,n,320,p,seagrass,zostera,seagrass_mud,zostera_mud,100,1.96163e-160,313,Metazoa,Mollusca,Bivalvia,Venerida,Veneridae,Ruditapes,0,0,TRUE,ASV3202,1,Ruditapes philippinarum
edna0121,ASV3404,motu911,Pleurobrachia bachei,Pacific sea gooseberry,species,NA,NA,NA,1,NA,NA,NA,54,29,NA,26,Pleurobrachia bachei,Pacific sea gooseberry,2018_hdo_surface,hdo,beach_seine,2018-08-23,2018-08-23,2018,surface,1,edna_hdo_00,repeat-surface,biological,NA,NA,NA,NA,NA,NA,4.2,950,0,51.65501227,-128.1295942,mud,n,320,p,seagrass,zostera,seagrass_mud,zostera_mud,99.68,9.126599999999999e-159,310,Metazoa,Ctenophora,Tentaculata,Cydippida,Cydippidae,Pleurobrachia,0,0,TRUE,ASV1059,3,Pleurobrachia bachei
edna0121,ASV2731,motu2213,Pachylaelapidae,Mite,genus,NA,NA,NA,1,NA,NA,NA,8,NA,NA,NA,Pachylaelapidae,Mite,2018_hdo_surface,hdo,beach_seine,2018-08-23,2018-08-23,2018,surface,1,edna_hdo_00,repeat-surface,biological,NA,NA,NA,NA,NA,NA,4.2,950,0,51.65501227,-128.1295942,mud,n,320,p,seagrass,zostera,seagrass_mud,zostera_mud,100,0.00408744,30,Metazoa,Arthropoda,Arthropoda,Mesostigmata,NA,Pachylaelapidae,NA,NA,TRUE,ASV2731,2,NA
edna0121,ASV4123,motu922,Pleurobrachia bachei,Pacific sea gooseberry,species,NA,NA,NA,1,NA,NA,NA,37,29,NA,NA,Pleurobrachia bachei,Pacific sea gooseberry,2018_hdo_surface,hdo,beach_seine,2018-08-23,2018-08-23,2018,surface,1,edna_hdo_00,repeat-surface,biological,NA,NA,NA,NA,NA,NA,4.2,950,0,51.65501227,-128.1295942,mud,n,320,p,seagrass,zostera,seagrass_mud,zostera_mud,99.68,9.126599999999999e-159,310,Metazoa,Ctenophora,Tentaculata,Cydippida,Cydippidae,Pleurobrachia,0,0,TRUE,ASV1070,7,Pleurobrachia bachei
edna0121,ASV6274,motu1887,Synchaeta vorax,Rotifer,species,NA,NA,NA,1,NA,NA,NA,6,4,NA,7,Synchaeta vorax,Rotifer,2018_hdo_surface,hdo,beach_seine,2018-08-23,2018-08-23,2018,surface,1,edna_hdo_00,repeat-surface,biological,NA,NA,NA,NA,NA,NA,4.2,950,0,51.65501227,-128.1295942,mud,n,320,p,seagrass,zostera,seagrass_mud,zostera_mud,94.48,2.661869999999999e-129,257,Metazoa,Rotifera,Eurotatoria,Ploima,Synchaetidae,Synchaeta,0,0,TRUE,ASV2292,5,Synchaeta vorax
edna0122,ASV320,motu281,Pseudocalanus newmani,Calanoid copepod,species,NA,NA,NA,1,NA,NA,NA,27,NA,NA,23,Pseudocalanus newmani,Calanoid copepod,2018_hdo_surface,hdo,beach_seine,2018-08-23,2018-08-23,2018,surface,2,edna_hdo_15,repeat-surface,biological,15.3,27.04,8.32,12.9,31.68,8.05,4.4,775,0,51.65508561,-128.1293971,mud,n,320,p,seagrass,zostera,seagrass_mud,zostera_mud,100,1.96163e-160,313,Metazoa,Arthropoda,Copepoda,Calanoida,Clausocalanidae,Pseudocalanus,0,0,TRUE,ASV320,6,Pseudocalanus newmani
edna0122,ASV2237,motu270,Synchaeta baltica,Rotifer,species,NA,NA,NA,1,NA,NA,NA,103,99,NA,60,Synchaeta baltica,Rotifer,2018_hdo_surface,hdo,beach_seine,2018-08-23,2018-08-23,2018,surface,2,edna_hdo_15,repeat-surface,biological,15.3,27.04,8.32,12.9,31.68,8.05,4.4,775,0,51.65508561,-128.1293971,mud,n,320,p,seagrass,zostera,seagrass_mud,zostera_mud,91.11,7.600549999999996e-115,231,Metazoa,Rotifera,Eurotatoria,Ploima,Synchaetidae,Synchaeta,0,0,TRUE,ASV308,3,Synchaeta baltica
edna0122,ASV2703,motu288,Synchaeta baltica,Rotifer,species,NA,NA,NA,1,NA,NA,NA,87,98,NA,NA,Synchaeta baltica,Rotifer,2018_hdo_surface,hdo,beach_seine,2018-08-23,2018-08-23,2018,surface,2,edna_hdo_15,repeat-surface,biological,15.3,27.04,8.32,12.9,31.68,8.05,4.4,775,0,51.65508561,-128.1293971,mud,n,320,p,seagrass,zostera,seagrass_mud,zostera_mud,91.11,7.600549999999996e-115,231,Metazoa,Rotifera,Eurotatoria,Ploima,Synchaetidae,Synchaeta,0,0,TRUE,ASV328,3,Synchaeta baltica
edna0123,ASV679,motu591,Phyllodocida,Polychaete,order,NA,NA,NA,1,NA,NA,NA,3,NA,NA,NA,Phyllodocida,Polychaete,2018_hdo_surface,hdo,beach_seine,2018-08-23,2018-08-23,2018,surface,3,edna_hdo_30,repeat-surface,biological,NA,NA,NA,NA,NA,NA,4.8,875,0,51.6551346,-128.1292625,mud,n,320,p,seagrass,zostera,seagrass_mud,zostera_mud,100,0.0603188,28,Metazoa,Annelida,Annelida,Phyllodocida,NA,NA,0,0,TRUE,ASV679,1,NA
edna0123,ASV947,motu824,Synchaeta baltica,Rotifer,species,NA,NA,NA,1,NA,NA,NA,43,40,NA,NA,Synchaeta baltica,Rotifer,2018_hdo_surface,hdo,beach_seine,2018-08-23,2018-08-23,2018,surface,3,edna_hdo_30,repeat-surface,biological,NA,NA,NA,NA,NA,NA,4.8,875,0,51.6551346,-128.1292625,mud,n,320,p,seagrass,zostera,seagrass_mud,zostera_mud,91.08,2.73364e-114,230,Metazoa,Rotifera,Eurotatoria,Ploima,Synchaetidae,Synchaeta,0,0,TRUE,ASV947,1,Synchaeta baltica
edna0123,ASV1603,motu1347,Armandia brevis,Opheliid polychaete,species,NA,NA,NA,1,NA,NA,NA,9,NA,NA,NA,Armandia brevis,Opheliid polychaete,2018_hdo_surface,hdo,beach_seine,2018-08-23,2018-08-23,2018,surface,3,edna_hdo_30,repeat-surface,biological,NA,NA,NA,NA,NA,NA,4.8,875,0,51.6551346,-128.1292625,mud,n,320,p,seagrass,zostera,seagrass_mud,zostera_mud,100,3.4804099999999994e-173,336,Metazoa,Annelida,Polychaeta,NA,Opheliidae,Armandia,0,0,TRUE,ASV1603,1,Armandia brevis
edna0123,ASV2042,motu1692,Synchaeta grimpei,Rotifer,species,NA,NA,NA,1,NA,NA,NA,12,NA,NA,NA,Synchaeta grimpei,Rotifer,2018_hdo_surface,hdo,beach_seine,2018-08-23,2018-08-23,2018,surface,3,edna_hdo_30,repeat-surface,biological,NA,NA,NA,NA,NA,NA,4.8,875,0,51.6551346,-128.1292625,mud,n,320,p,seagrass,zostera,seagrass_mud,zostera_mud,91.45,4.459999999999999e-112,226,Metazoa,Rotifera,Eurotatoria,Ploima,Synchaetidae,Synchaeta,0,0,TRUE,ASV2042,2,Synchaeta grimpei
edna0123,ASV2637,motu2142,Chthamalus dalli,Little brown barnacle,species,NA,NA,NA,1,NA,NA,NA,32,NA,NA,NA,Chthamalus dalli,Little brown barnacle,2018_hdo_surface,hdo,beach_seine,2018-08-23,2018-08-23,2018,surface,3,edna_hdo_30,repeat-surface,biological,NA,NA,NA,NA,NA,NA,4.8,875,0,51.6551346,-128.1292625,mud,n,320,p,seagrass,zostera,seagrass_mud,zostera_mud,98.4,1.53804e-151,297,Metazoa,Arthropoda,Thecostraca,Balanomorpha,Chthamalidae,Chthamalus,0,0,TRUE,ASV2637,1,Chthamalus dalli
edna0123,ASV3202,motu2563,Ruditapes philippinarum,Manila clam,species,NA,NA,NA,1,NA,NA,NA,11,NA,NA,NA,Ruditapes philippinarum,Manila clam,2018_hdo_surface,hdo,beach_seine,2018-08-23,2018-08-23,2018,surface,3,edna_hdo_30,repeat-surface,biological,NA,NA,NA,NA,NA,NA,4.8,875,0,51.6551346,-128.1292625,mud,n,320,p,seagrass,zostera,seagrass_mud,zostera_mud,100,1.96163e-160,313,Metazoa,Mollusca,Bivalvia,Venerida,Veneridae,Ruditapes,0,0,TRUE,ASV3202,1,Ruditapes philippinarum
edna0123,ASV1791,motu1494,Saxidomus nuttalli,California butterclam,species,NA,NA,NA,1,NA,NA,NA,4,NA,NA,NA,Saxidomus nuttalli,California butterclam,2018_hdo_surface,hdo,beach_seine,2018-08-23,2018-08-23,2018,surface,3,edna_hdo_30,repeat-surface,biological,NA,NA,NA,NA,NA,NA,4.8,875,0,51.6551346,-128.1292625,mud,n,320,p,seagrass,zostera,seagrass_mud,zostera_mud,99.68,4.246189999999999e-157,307,Metazoa,Mollusca,Bivalvia,Venerida,Veneridae,Saxidomus,0,0,TRUE,ASV1791,2,Saxidomus nuttalli
edna0123,ASV4972,motu1332,Mytilus californianus,California mussel,species,NA,NA,NA,1,NA,NA,NA,13,3,NA,NA,Mytilus californianus,California mussel,2018_hdo_surface,hdo,beach_seine,2018-08-23,2018-08-23,2018,surface,3,edna_hdo_30,repeat-surface,biological,NA,NA,NA,NA,NA,NA,4.8,875,0,51.6551346,-128.1292625,mud,n,320,p,seagrass,zostera,seagrass_mud,zostera_mud,99.68,1.5051499999999994e-156,306,Metazoa,Mollusca,Bivalvia,Mytilida,Mytilidae,Mytilus,0,0,TRUE,ASV1582,5,Mytilus californianus
edna0125,ASV312,motu274,Synchaeta baltica,Rotifer,species,NA,NA,NA,1,NA,NA,NA,16,15,NA,NA,Synchaeta baltica,Rotifer,2018_ppo_surface,ppo,beach_seine,2018-08-23,2018-08-23,2018,surface,2,edna_ppo_15,repeat-surface,biological,15.5,26.35,8.4,12.2,31.92,8,6.1,900,0,51.65810573,-128.1131937,mud,n,100,p,seagrass,zostera,seagrass_mud,zostera_mud,90.45,5.9173e-111,224,Metazoa,Rotifera,Eurotatoria,Ploima,Synchaetidae,Synchaeta,0,0,TRUE,ASV312,1,Synchaeta baltica
edna0125,ASV4020,motu3153,Synchaeta grimpei,Rotifer,species,NA,NA,NA,1,NA,NA,NA,10,16,NA,NA,Synchaeta grimpei,Rotifer,2018_ppo_surface,ppo,beach_seine,2018-08-23,2018-08-23,2018,surface,2,edna_ppo_15,repeat-surface,biological,15.5,26.35,8.4,12.2,31.92,8,6.1,900,0,51.65810573,-128.1131937,mud,n,100,p,seagrass,zostera,seagrass_mud,zostera_mud,90.46,4.491659999999999e-107,217,Metazoa,Rotifera,Eurotatoria,Ploima,Synchaetidae,Synchaeta,0,0,TRUE,ASV4020,1,Synchaeta grimpei
edna0126,ASV3148,motu2526,Cardiida,Mussel species,order,NA,NA,NA,1,NA,NA,NA,3,NA,NA,NA,Cardiida,Mussel species,2018_ppo_surface,ppo,beach_seine,2018-08-23,2018-08-23,2018,surface,3,edna_ppo_30,repeat-surface,biological,NA,NA,NA,NA,NA,NA,5.8,1000,0,51.65799974,-128.113112,mud,n,100,p,seagrass,zostera,seagrass_mud,zostera_mud,100,0.0374129,28,Metazoa,Mollusca,Mollusca,Cardiida,NA,NA,0,0,TRUE,ASV3148,1,NA
edna0126,ASV3048,motu2456,Semibalanus balanoides,Common rock barnacle,species,NA,NA,NA,1,NA,NA,NA,8,NA,NA,NA,Semibalanus balanoides,Common rock barnacle,2018_ppo_surface,ppo,beach_seine,2018-08-23,2018-08-23,2018,surface,3,edna_ppo_30,repeat-surface,biological,NA,NA,NA,NA,NA,NA,5.8,1000,0,51.65799974,-128.113112,mud,n,100,p,seagrass,zostera,seagrass_mud,zostera_mud,100,1.96163e-160,313,Metazoa,Arthropoda,Thecostraca,Balanomorpha,Balanidae,Semibalanus,0,0,TRUE,ASV3048,1,Semibalanus balanoides
edna0128,ASV733,motu637,Phyllodocida,Polychaete,order,NA,NA,NA,1,NA,NA,NA,27,40,NA,41,Phyllodocida,Polychaete,2018_pba_surface,pba,beach_seine,2018-08-23,2018-08-25,2018,surface,2,edna_pba_15,repeat-surface,biological,15.4,26.05,8.4,12.4,32.08,7.99,4.5,900,0,51.64655803,-128.1188964,mud,y,180,p,seagrass,zostera,seagrass_mud,zostera_mud,100,0.0603188,28,Metazoa,Annelida,Annelida,Phyllodocida,NA,NA,0,0,TRUE,ASV733,1,NA
edna0128,ASV2200,motu412,Saxidomus gigantea,Butter clam,species,NA,NA,NA,1,NA,NA,NA,25,NA,NA,18,Saxidomus,Washington clam species,2018_pba_surface,pba,beach_seine,2018-08-23,2018-08-25,2018,surface,2,edna_pba_15,repeat-surface,biological,15.4,26.05,8.4,12.4,32.08,7.99,4.5,900,0,51.64655803,-128.1188964,mud,y,180,p,seagrass,zostera,seagrass_mud,zostera_mud,100,1.96163e-160,313,Metazoa,Mollusca,Mollusca,Venerida,Veneridae,Saxidomus,0,0,TRUE,ASV467,12,Saxidomus gigantea
edna0129,ASV1587,motu1337,Armandia brevis,Opheliid polychaete,species,NA,NA,NA,1,NA,NA,NA,9,14,NA,NA,Armandia brevis,Opheliid polychaete,2018_pba_surface,pba,beach_seine,2018-08-23,2018-08-25,2018,surface,3,edna_pba_30,repeat-surface,biological,NA,NA,NA,NA,NA,NA,4.6,820,0,51.64642312,-128.1189452,mud,y,180,p,seagrass,zostera,seagrass_mud,zostera_mud,100,2.1076299999999988e-175,340,Metazoa,Annelida,Polychaeta,NA,Opheliidae,Armandia,0,0,TRUE,ASV1587,2,Armandia brevis
edna0130,ASV356,motu315,Synchaeta baltica,Rotifer,species,NA,NA,NA,1,NA,NA,NA,13,NA,NA,NA,Synchaeta baltica,Rotifer,2018_pruth-grid_surface,pruth grid,seagrass_grid,2018-08-23,NA,2018,surface,1,pruth_grid_a1,grid,biological,NA,NA,NA,NA,NA,NA,4.6,675,0,51.64686071,-128.120174,sand,NA,NA,NA,seagrass,zostera,seagrass_sand,zostera_sand,90.45,5.9173e-111,224,Metazoa,Rotifera,Eurotatoria,Ploima,Synchaetidae,Synchaeta,0,0,TRUE,ASV356,1,Synchaeta baltica
edna0130,ASV324,motu285,Paracalanus parvus parvus,Calanoid copepod,species,NA,NA,NA,1,NA,NA,NA,13,NA,NA,17,Paracalanus parvus parvus,Calanoid copepod,2018_pruth-grid_surface,pruth grid,seagrass_grid,2018-08-23,NA,2018,surface,1,pruth_grid_a1,grid,biological,NA,NA,NA,NA,NA,NA,4.6,675,0,51.64686071,-128.120174,sand,NA,NA,NA,seagrass,zostera,seagrass_sand,zostera_sand,100,1.17454e-132,263,Metazoa,Arthropoda,Copepoda,Calanoida,Paracalanidae,Paracalanus,0,0,TRUE,ASV324,6,Paracalanus parvus parvus
edna0130,ASV679,motu591,Phyllodocida,Polychaete,order,NA,NA,NA,1,NA,NA,NA,3,NA,NA,5,Phyllodocida,Polychaete,2018_pruth-grid_surface,pruth grid,seagrass_grid,2018-08-23,NA,2018,surface,1,pruth_grid_a1,grid,biological,NA,NA,NA,NA,NA,NA,4.6,675,0,51.64686071,-128.120174,sand,NA,NA,NA,seagrass,zostera,seagrass_sand,zostera_sand,100,0.0603188,28,Metazoa,Annelida,Annelida,Phyllodocida,NA,NA,0,0,TRUE,ASV679,1,NA
edna0130,ASV1603,motu1347,Armandia brevis,Opheliid polychaete,species,NA,NA,NA,1,NA,NA,NA,7,NA,NA,NA,Armandia brevis,Opheliid polychaete,2018_pruth-grid_surface,pruth grid,seagrass_grid,2018-08-23,NA,2018,surface,1,pruth_grid_a1,grid,biological,NA,NA,NA,NA,NA,NA,4.6,675,0,51.64686071,-128.120174,sand,NA,NA,NA,seagrass,zostera,seagrass_sand,zostera_sand,100,3.4804099999999994e-173,336,Metazoa,Annelida,Polychaeta,NA,Opheliidae,Armandia,0,0,TRUE,ASV1603,1,Armandia brevis
edna0130,ASV2042,motu1692,Synchaeta grimpei,Rotifer,species,NA,NA,NA,1,NA,NA,NA,2,NA,NA,NA,Synchaeta grimpei,Rotifer,2018_pruth-grid_surface,pruth grid,seagrass_grid,2018-08-23,NA,2018,surface,1,pruth_grid_a1,grid,biological,NA,NA,NA,NA,NA,NA,4.6,675,0,51.64686071,-128.120174,sand,NA,NA,NA,seagrass,zostera,seagrass_sand,zostera_sand,91.45,4.459999999999999e-112,226,Metazoa,Rotifera,Eurotatoria,Ploima,Synchaetidae,Synchaeta,0,0,TRUE,ASV2042,2,Synchaeta grimpei
edna0130,ASV4242,motu3326,Mya arenaria,Softshell clam,species,NA,NA,NA,1,NA,NA,NA,4,NA,NA,NA,Mya arenaria,Softshell clam,2018_pruth-grid_surface,pruth grid,seagrass_grid,2018-08-23,NA,2018,surface,1,pruth_grid_a1,grid,biological,NA,NA,NA,NA,NA,NA,4.6,675,0,51.64686071,-128.120174,sand,NA,NA,NA,seagrass,zostera,seagrass_sand,zostera_sand,100,4.2619199999999965e-162,316,Metazoa,Mollusca,Bivalvia,Myida,Myidae,Mya,0,0,TRUE,ASV4242,1,Mya arenaria
edna0131,ASV679,motu591,Phyllodocida,Polychaete,order,NA,NA,NA,1,NA,NA,NA,6,8,NA,NA,Phyllodocida,Polychaete,2018_pruth-grid_surface,pruth grid,seagrass_grid,2018-08-23,NA,2018,surface,2,pruth_grid_a2,grid,biological,15.4,26.16,8.42,11.9,32.15,7.96,6.1,955,0,51.64679413,-128.1197583,sand,NA,NA,NA,seagrass,zostera,seagrass_sand,zostera_sand,100,0.0603188,28,Metazoa,Annelida,Annelida,Phyllodocida,NA,NA,0,0,TRUE,ASV679,1,NA
edna0132,ASV398,motu350,Synchaeta pectinata,Rotifer,species,NA,NA,NA,1,NA,NA,NA,3,NA,NA,NA,Synchaeta pectinata,Rotifer,2018_pruth-grid_surface,pruth grid,seagrass_grid,2018-08-23,NA,2018,surface,3,pruth_grid_a3,grid,biological,NA,NA,NA,NA,NA,NA,5.5,840,0,51.64672589,-128.1193345,sand,NA,NA,NA,seagrass,zostera,seagrass_sand,zostera_sand,90.48,1.6452299999999999e-111,225,Metazoa,Rotifera,Eurotatoria,Ploima,Synchaetidae,Synchaeta,0,0,TRUE,ASV398,4,Synchaeta pectinata
edna0132,ASV679,motu591,Phyllodocida,Polychaete,order,NA,NA,NA,1,NA,NA,NA,6,NA,NA,10,Phyllodocida,Polychaete,2018_pruth-grid_surface,pruth grid,seagrass_grid,2018-08-23,NA,2018,surface,3,pruth_grid_a3,grid,biological,NA,NA,NA,NA,NA,NA,5.5,840,0,51.64672589,-128.1193345,sand,NA,NA,NA,seagrass,zostera,seagrass_sand,zostera_sand,100,0.0603188,28,Metazoa,Annelida,Annelida,Phyllodocida,NA,NA,0,0,TRUE,ASV679,1,NA
edna0132,ASV1070,motu922,Pleurobrachia bachei,Pacific sea gooseberry,species,NA,NA,NA,1,NA,NA,NA,4,12,NA,11,Pleurobrachia bachei,Pacific sea gooseberry,2018_pruth-grid_surface,pruth grid,seagrass_grid,2018-08-23,NA,2018,surface,3,pruth_grid_a3,grid,biological,NA,NA,NA,NA,NA,NA,5.5,840,0,51.64672589,-128.1193345,sand,NA,NA,NA,seagrass,zostera,seagrass_sand,zostera_sand,100,1.96163e-160,313,Metazoa,Ctenophora,Tentaculata,Cydippida,Cydippidae,Pleurobrachia,0,0,TRUE,ASV1070,7,Pleurobrachia bachei
edna0132,ASV3126,motu270,Synchaeta baltica,Rotifer,species,NA,NA,NA,1,NA,NA,NA,41,36,NA,56,Synchaeta baltica,Rotifer,2018_pruth-grid_surface,pruth grid,seagrass_grid,2018-08-23,NA,2018,surface,3,pruth_grid_a3,grid,biological,NA,NA,NA,NA,NA,NA,5.5,840,0,51.64672589,-128.1193345,sand,NA,NA,NA,seagrass,zostera,seagrass_sand,zostera_sand,91.11,7.600549999999996e-115,231,Metazoa,Rotifera,Eurotatoria,Ploima,Synchaetidae,Synchaeta,0,0,TRUE,ASV308,3,Synchaeta baltica
edna0132,ASV2491,motu2028,Mytilus,Mussel species,genus,NA,NA,NA,1,NA,NA,NA,22,NA,NA,NA,Mytilus,Mussel species,2018_pruth-grid_surface,pruth grid,seagrass_grid,2018-08-23,NA,2018,surface,3,pruth_grid_a3,grid,biological,NA,NA,NA,NA,NA,NA,5.5,840,0,51.64672589,-128.1193345,sand,NA,NA,NA,seagrass,zostera,seagrass_sand,zostera_sand,100,3.2351099999999996e-158,309,Metazoa,Mollusca,Mollusca,Mytilida,Mytilidae,Mytilus,0,0,TRUE,ASV2491,3,NA
edna0132,ASV4821,motu288,Synchaeta baltica,Rotifer,species,NA,NA,NA,1,NA,NA,NA,41,NA,NA,NA,Synchaeta baltica,Rotifer,2018_pruth-grid_surface,pruth grid,seagrass_grid,2018-08-23,NA,2018,surface,3,pruth_grid_a3,grid,biological,NA,NA,NA,NA,NA,NA,5.5,840,0,51.64672589,-128.1193345,sand,NA,NA,NA,seagrass,zostera,seagrass_sand,zostera_sand,91.11,7.600549999999996e-115,231,Metazoa,Rotifera,Eurotatoria,Ploima,Synchaetidae,Synchaeta,0,0,TRUE,ASV328,3,Synchaeta baltica
edna0133,ASV226,motu199,Mytilus trossulus,Bay mussel,species,NA,NA,NA,1,NA,NA,NA,39,36,NA,44,Mytilus trossulus,Bay mussel,2018_pruth-grid_surface,pruth grid,seagrass_grid,2018-08-23,NA,2018,surface,4,pruth_grid_b1,grid,biological,NA,NA,NA,NA,NA,NA,3.2,1000,0,51.64660606,-128.120276,sand,NA,NA,NA,seagrass,zostera,seagrass_sand,zostera_sand,100,3.2351099999999996e-158,309,Metazoa,Mollusca,Mollusca,Mytilida,Mytilidae,Mytilus,0,0,TRUE,ASV226,18,Mytilus trossulus
edna0135,ASV679,motu591,Phyllodocida,Polychaete,order,NA,NA,NA,1,NA,NA,NA,13,NA,NA,19,Phyllodocida,Polychaete,2018_pruth-grid_surface,pruth grid,seagrass_grid,2018-08-23,NA,2018,surface,6,pruth_grid_b3,grid,biological,NA,NA,NA,NA,NA,NA,3.2,875,0,51.64647292,-128.1194311,sand,NA,NA,NA,seagrass,zostera,seagrass_sand,zostera_sand,100,0.0603188,28,Metazoa,Annelida,Annelida,Phyllodocida,NA,NA,0,0,TRUE,ASV679,1,NA
edna0135,ASV733,motu637,Phyllodocida,Polychaete,order,NA,NA,NA,1,NA,NA,NA,15,23,NA,24,Phyllodocida,Polychaete,2018_pruth-grid_surface,pruth grid,seagrass_grid,2018-08-23,NA,2018,surface,6,pruth_grid_b3,grid,biological,NA,NA,NA,NA,NA,NA,3.2,875,0,51.64647292,-128.1194311,sand,NA,NA,NA,seagrass,zostera,seagrass_sand,zostera_sand,100,0.0603188,28,Metazoa,Annelida,Annelida,Phyllodocida,NA,NA,0,0,TRUE,ASV733,1,NA
edna0135,ASV4414,motu22,Acartia (Acartiura) longiremis,Calanoid copepod,species,NA,NA,NA,1,NA,NA,NA,30,NA,NA,23,Acartia (Acartiura) longiremis,Calanoid copepod,2018_pruth-grid_surface,pruth grid,seagrass_grid,2018-08-23,NA,2018,surface,6,pruth_grid_b3,grid,biological,NA,NA,NA,NA,NA,NA,3.2,875,0,51.64647292,-128.1194311,sand,NA,NA,NA,seagrass,zostera,seagrass_sand,zostera_sand,99.68,9.126599999999999e-159,310,Metazoa,Arthropoda,Copepoda,Calanoida,Acartiidae,Acartia,0,0,TRUE,ASV25,27,Acartia (Acartiura) longiremis
edna0135,ASV4865,motu1746,Synchaeta vorax,Rotifer,species,NA,NA,NA,1,NA,NA,NA,25,15,NA,NA,Synchaeta vorax,Rotifer,2018_pruth-grid_surface,pruth grid,seagrass_grid,2018-08-23,NA,2018,surface,6,pruth_grid_b3,grid,biological,NA,NA,NA,NA,NA,NA,3.2,875,0,51.64647292,-128.1194311,sand,NA,NA,NA,seagrass,zostera,seagrass_sand,zostera_sand,94.81,5.60839e-131,260,Metazoa,Rotifera,Eurotatoria,Ploima,Synchaetidae,Synchaeta,0,0,TRUE,ASV2117,4,Synchaeta vorax
edna0136,ASV270,motu199,Mytilus,Mussel species,genus,NA,NA,NA,1,NA,NA,NA,35,NA,NA,NA,Mytilus trossulus,Bay mussel,2018_pruth-grid_surface,pruth grid,seagrass_grid,2018-08-23,NA,2018,surface,7,pruth_grid_c1,grid,biological,NA,NA,NA,NA,NA,NA,2.6,600,0,51.64634177,-128.1203837,sand,NA,NA,NA,seagrass,zostera,seagrass_sand,zostera_sand,100,3.2351099999999996e-158,309,Metazoa,Mollusca,Mollusca,Mytilida,Mytilidae,Mytilus,0,0,TRUE,ASV226,18,NA
edna0136,ASV346,motu306,Synchaeta vorax,Rotifer,species,NA,NA,NA,1,NA,NA,NA,10,NA,NA,NA,Synchaeta vorax,Rotifer,2018_pruth-grid_surface,pruth grid,seagrass_grid,2018-08-23,NA,2018,surface,7,pruth_grid_c1,grid,biological,NA,NA,NA,NA,NA,NA,2.6,600,0,51.64634177,-128.1203837,sand,NA,NA,NA,seagrass,zostera,seagrass_sand,zostera_sand,98.08,7.129989999999999e-150,294,Metazoa,Rotifera,Eurotatoria,Ploima,Synchaetidae,Synchaeta,0,0,TRUE,ASV346,5,Synchaeta vorax
edna0136,ASV947,motu824,Synchaeta baltica,Rotifer,species,NA,NA,NA,1,NA,NA,NA,19,NA,NA,34,Synchaeta baltica,Rotifer,2018_pruth-grid_surface,pruth grid,seagrass_grid,2018-08-23,NA,2018,surface,7,pruth_grid_c1,grid,biological,NA,NA,NA,NA,NA,NA,2.6,600,0,51.64634177,-128.1203837,sand,NA,NA,NA,seagrass,zostera,seagrass_sand,zostera_sand,91.08,2.73364e-114,230,Metazoa,Rotifera,Eurotatoria,Ploima,Synchaetidae,Synchaeta,0,0,TRUE,ASV947,1,Synchaeta baltica
edna0136,ASV5125,motu3945,Harpacticoida,Harpacticoid copepod,order,NA,NA,NA,1,NA,NA,NA,5,11,NA,18,Harpacticoida,Harpacticoid copepod,2018_pruth-grid_surface,pruth grid,seagrass_grid,2018-08-23,NA,2018,surface,7,pruth_grid_c1,grid,biological,NA,NA,NA,NA,NA,NA,2.6,600,0,51.64634177,-128.1203837,sand,NA,NA,NA,seagrass,zostera,seagrass_sand,zostera_sand,97.44,4.3066999999999997e-147,289,Metazoa,Arthropoda,Copepoda,Harpacticoida,NA,NA,0,0,TRUE,ASV5125,1,NA
edna0137,ASV1107,motu343,Dodecaceria,Cirratulid polychaete,genus,NA,NA,NA,1,NA,NA,NA,23,NA,NA,NA,Dodecaceria,Cirratulid polychaete,2018_pruth-grid_surface,pruth grid,seagrass_grid,2018-08-23,NA,2018,surface,8,pruth_grid_c2,grid,biological,15.5,25.99,8.42,14.7,30.24,8.13,2.6,855,0,51.64626687,-128.1199599,sand,NA,NA,NA,seagrass,zostera,seagrass_sand,zostera_sand,99.68,3.2706599999999985e-158,309,Metazoa,Annelida,Polychaeta,Terebellida,Cirratulidae,Dodecaceria,0,0,TRUE,ASV390,6,NA
edna0137,ASV937,motu814,Synchaeta baltica,Rotifer,species,NA,NA,NA,1,NA,NA,NA,8,NA,NA,14,Synchaeta baltica,Rotifer,2018_pruth-grid_surface,pruth grid,seagrass_grid,2018-08-23,NA,2018,surface,8,pruth_grid_c2,grid,biological,15.5,25.99,8.42,14.7,30.24,8.13,2.6,855,0,51.64626687,-128.1199599,sand,NA,NA,NA,seagrass,zostera,seagrass_sand,zostera_sand,90.76,1.27184e-112,227,Metazoa,Rotifera,Eurotatoria,Ploima,Synchaetidae,Synchaeta,0,0,TRUE,ASV937,1,Synchaeta baltica
edna0139,ASV132,motu118,Mesocentrotus franciscanus,Red sea urchin,species,NA,NA,NA,1,NA,NA,NA,203,151,NA,NA,Mesocentrotus franciscanus,Red sea urchin,2018_wfb_surface,wfb,beach_seine,2018-08-24,2018-08-24,2018,surface,1,edna_wfb_00,repeat-surface,biological,NA,NA,NA,NA,NA,NA,5,1000,0,51.66858165,-128.1194495,sand,y,350,se,none,none,none_sand,none_sand,100,2.51921e-159,311,Metazoa,Echinodermata,Echinoidea,Camarodonta,Strongylocentrotidae,Mesocentrotus,0,0,TRUE,ASV132,8,Mesocentrotus franciscanus
edna0139,ASV251,motu105,Mesocentrotus franciscanus,Red sea urchin,species,NA,NA,NA,1,NA,NA,NA,206,NA,NA,NA,Mesocentrotus franciscanus,Red sea urchin,2018_wfb_surface,wfb,beach_seine,2018-08-24,2018-08-24,2018,surface,1,edna_wfb_00,repeat-surface,biological,NA,NA,NA,NA,NA,NA,5,1000,0,51.66858165,-128.1194495,sand,y,350,se,none,none,none_sand,none_sand,100,7.02982e-160,312,Metazoa,Echinodermata,Echinoidea,Camarodonta,Strongylocentrotidae,Mesocentrotus,0,0,TRUE,ASV118,8,Mesocentrotus franciscanus
edna0139,ASV3532,motu2807,Pachylaelapidae,Mite,genus,NA,NA,NA,1,NA,NA,NA,11,NA,NA,NA,Pachylaelapidae,Mite,2018_wfb_surface,wfb,beach_seine,2018-08-24,2018-08-24,2018,surface,1,edna_wfb_00,repeat-surface,biological,NA,NA,NA,NA,NA,NA,5,1000,0,51.66858165,-128.1194495,sand,y,350,se,none,none,none_sand,none_sand,100,0.00408744,30,Metazoa,Arthropoda,Arthropoda,Mesostigmata,NA,Pachylaelapidae,NA,NA,TRUE,ASV3532,1,NA
edna0142,ASV679,motu591,Phyllodocida,Polychaete,order,NA,NA,NA,1,NA,NA,NA,8,17,NA,40,Phyllodocida,Polychaete,2018_chp_surface,chp,beach_seine,2018-08-24,2018-08-25,2018,surface,1,edna_chp_00,repeat-surface,biological,NA,NA,NA,NA,NA,NA,4.2,1000,0,51.67615482,-128.1232837,sand,n,35,e,seagrass,zostera,seagrass_sand,zostera_sand,100,0.0603188,28,Metazoa,Annelida,Annelida,Phyllodocida,NA,NA,0,0,TRUE,ASV679,1,NA
edna0008,ASV171,motu150,Pseudocalanus mimus,Calanoid copepod,species,NA,NA,NA,1,NA,NA,NA,102,NA,NA,128,Pseudocalanus mimus,Calanoid copepod,2018_choked-pass_surface,choked pass,seagrass,2018-06-19,NA,2018,surface,2,edna_ch_i3_15,surface,biological,12.3,30.69,8.08,NA,NA,NA,7,1000,0,51.67531843,-128.1195572,sand,NA,NA,NA,seagrass,zostera,seagrass_sand,zostera_sand,99.67,9.19139e-154,301,Metazoa,Arthropoda,Copepoda,Calanoida,Clausocalanidae,Pseudocalanus,0,0,TRUE,ASV171,10,Pseudocalanus mimus
edna0008,ASV1228,motu71,Acartia (Acartiura) longiremis,Calanoid copepod,species,NA,NA,NA,1,NA,NA,NA,6,NA,NA,7,Acartia (Acartiura) longiremis,Calanoid copepod,2018_choked-pass_surface,choked pass,seagrass,2018-06-19,NA,2018,surface,2,edna_ch_i3_15,surface,biological,12.3,30.69,8.08,NA,NA,NA,7,1000,0,51.67531843,-128.1195572,sand,NA,NA,NA,seagrass,zostera,seagrass_sand,zostera_sand,99.68,9.126599999999999e-159,310,Metazoa,Arthropoda,Copepoda,Calanoida,Acartiidae,Acartia,0,0,TRUE,ASV81,23,Acartia (Acartiura) longiremis
edna0011,ASV354,motu313,Mitrocoma cellularia,Cross jelly,species,NA,NA,NA,1,NA,NA,NA,3,NA,NA,NA,Mitrocoma cellularia,Cross jelly,2018_choked-pass_depth,choked pass,seagrass,2018-06-19,NA,2018,depth,2,edna_ch_i3_15,depth,biological,12.1,30.77,8.08,NA,NA,NA,7,1000,0,51.67531843,-128.1195572,sand,NA,NA,NA,seagrass,zostera,seagrass_sand,zostera_sand,100,1.4886099999999998e-156,306,Metazoa,Cnidaria,Hydrozoa,Leptothecata,Mitrocomidae,Mitrocoma,0,0,TRUE,ASV354,2,Mitrocoma cellularia
edna0011,ASV634,motu517,Balanus,Barnacle species,genus,NA,NA,NA,1,NA,NA,NA,64,NA,NA,71,Balanus,Barnacle species,2018_choked-pass_depth,choked pass,seagrass,2018-06-19,NA,2018,depth,2,edna_ch_i3_15,depth,biological,12.1,30.77,8.08,NA,NA,NA,7,1000,0,51.67531843,-128.1195572,sand,NA,NA,NA,seagrass,zostera,seagrass_sand,zostera_sand,100,1.4886099999999998e-156,306,Metazoa,Arthropoda,Arthropoda,Balanomorpha,Balanidae,Balanus,0,0,TRUE,ASV587,10,NA
edna0011,ASV4268,motu3344,Nutricola tantilla,Purple dwarf-venus,species,NA,NA,NA,1,NA,NA,NA,8,NA,NA,NA,Nutricola tantilla,Purple dwarf-venus,2018_choked-pass_depth,choked pass,seagrass,2018-06-19,NA,2018,depth,2,edna_ch_i3_15,depth,biological,12.1,30.77,8.08,NA,NA,NA,7,1000,0,51.67531843,-128.1195572,sand,NA,NA,NA,seagrass,zostera,seagrass_sand,zostera_sand,93.59,1.5934199999999998e-126,252,Metazoa,Mollusca,Bivalvia,Venerida,Veneridae,Nutricola,0,0,TRUE,ASV4268,1,Nutricola tantilla
edna0012,ASV4268,motu3344,Nutricola tantilla,Purple dwarf-venus,species,NA,NA,NA,1,NA,NA,NA,15,NA,NA,22,Nutricola tantilla,Purple dwarf-venus,2018_choked-pass_depth,choked pass,seagrass,2018-06-19,NA,2018,depth,3,edna_ch_i3_30,depth,biological,12.1,30.76,8.08,NA,NA,NA,7.1,1000,0,51.67533222,-128.1197834,sand,NA,NA,NA,seagrass,zostera,seagrass_sand,zostera_sand,93.59,1.5934199999999998e-126,252,Metazoa,Mollusca,Bivalvia,Venerida,Veneridae,Nutricola,0,0,TRUE,ASV4268,1,Nutricola tantilla
edna0014,ASV320,motu281,Pseudocalanus newmani,Calanoid copepod,species,NA,NA,NA,1,NA,NA,NA,32,28,NA,37,Pseudocalanus newmani,Calanoid copepod,2018_pruth-bay_surface,pruth bay,seagrass,2018-06-19,NA,2018,surface,2,edna_pr_i3_15,surface,biological,14.7,27.76,8.23,NA,NA,NA,3,1000,0,51.64592951,-128.1198341,sand,NA,NA,NA,seagrass,zostera,seagrass_sand,zostera_sand,100,1.96163e-160,313,Metazoa,Arthropoda,Copepoda,Calanoida,Clausocalanidae,Pseudocalanus,0,0,TRUE,ASV320,6,Pseudocalanus newmani
edna0014,ASV336,motu296,Pseudocalanus newmani,Calanoid copepod,species,NA,NA,NA,1,NA,NA,NA,28,NA,NA,NA,Pseudocalanus newmani,Calanoid copepod,2018_pruth-bay_surface,pruth bay,seagrass,2018-06-19,NA,2018,surface,2,edna_pr_i3_15,surface,biological,14.7,27.76,8.23,NA,NA,NA,3,1000,0,51.64592951,-128.1198341,sand,NA,NA,NA,seagrass,zostera,seagrass_sand,zostera_sand,100,1.96163e-160,313,Metazoa,Arthropoda,Copepoda,Calanoida,Clausocalanidae,Pseudocalanus,0,0,TRUE,ASV336,4,Pseudocalanus newmani
edna0014,ASV1740,motu1396,Acartia (Acartiura) longiremis,Calanoid copepod,species,NA,NA,NA,1,NA,NA,NA,122,118,NA,175,Acartia (Acartiura) longiremis,Calanoid copepod,2018_pruth-bay_surface,pruth bay,seagrass,2018-06-19,NA,2018,surface,2,edna_pr_i3_15,surface,biological,14.7,27.76,8.23,NA,NA,NA,3,1000,0,51.64592951,-128.1198341,sand,NA,NA,NA,seagrass,zostera,seagrass_sand,zostera_sand,99.36,1.1805999999999995e-157,308,Metazoa,Arthropoda,Copepoda,Calanoida,Acartiidae,Acartia,0,0,TRUE,ASV1668,3,Acartia (Acartiura) longiremis
edna0014,ASV1907,motu1586,Platynereis,Ragworm,genus,NA,NA,NA,1,NA,NA,NA,71,52,NA,NA,Platynereis,Ragworm,2018_pruth-bay_surface,pruth bay,seagrass,2018-06-19,NA,2018,surface,2,edna_pr_i3_15,surface,biological,14.7,27.76,8.23,NA,NA,NA,3,1000,0,51.64592951,-128.1198341,sand,NA,NA,NA,seagrass,zostera,seagrass_sand,zostera_sand,100,3.2351099999999996e-158,309,Metazoa,Annelida,Polychaeta,Phyllodocida,Nereididae,Platynereis,0,0,TRUE,ASV1907,1,NA
edna0014,ASV1443,motu1220,Orobdella,Freshwater leech,genus,NA,NA,NA,1,NA,NA,NA,4,NA,NA,NA,Orobdella,Freshwater leech,2018_pruth-bay_surface,pruth bay,seagrass,2018-06-19,NA,2018,surface,2,edna_pr_i3_15,surface,biological,14.7,27.76,8.23,NA,NA,NA,3,1000,0,51.64592951,-128.1198341,sand,NA,NA,NA,seagrass,zostera,seagrass_sand,zostera_sand,97.06,0.0011939,31,Metazoa,Annelida,Annelida,Erpobdelliformes,Orobdellidae,Orobdella,NA,NA,TRUE,ASV1443,1,NA
edna0015,ASV709,motu492,Eupolymnia heterobranchia,Brown intertidal spaghetti worm,species,NA,NA,NA,1,NA,NA,NA,6,NA,NA,13,Eupolymnia heterobranchia,Brown intertidal spaghetti worm,2018_pruth-bay_surface,pruth bay,seagrass,2018-06-19,NA,2018,surface,3,edna_pr_i3_30,surface,biological,14.6,27.85,8.24,NA,NA,NA,3,1000,plus or minus 50mL,51.64596882,-128.1200866,sand,NA,NA,NA,seagrass,zostera,seagrass_sand,zostera_sand,99.67,6.925819999999995e-155,303,Metazoa,Annelida,Polychaeta,Terebellida,Terebellidae,Eupolymnia,0,0,TRUE,ASV559,3,Eupolymnia heterobranchia
edna0022,ASV324,motu285,Paracalanus parvus parvus,Calanoid copepod,species,NA,NA,NA,1,NA,NA,NA,13,NA,NA,NA,Paracalanus parvus parvus,Calanoid copepod,2018_chp_surface,chp,beach_seine,2018-07-12,2018-07-10,2018,surface,1,edna_chp_00,surface,biological,12,30.48,8.13,NA,NA,NA,3.5,1000,0,51.67615482,-128.1232837,sand,n,35,e,seagrass,zostera,seagrass_sand,zostera_sand,100,1.17454e-132,263,Metazoa,Arthropoda,Copepoda,Calanoida,Paracalanidae,Paracalanus,0,0,TRUE,ASV324,6,Paracalanus parvus parvus
edna0022,ASV398,motu350,Synchaeta pectinata,Rotifer,species,NA,NA,NA,1,NA,NA,NA,9,NA,NA,NA,Synchaeta pectinata,Rotifer,2018_chp_surface,chp,beach_seine,2018-07-12,2018-07-10,2018,surface,1,edna_chp_00,surface,biological,12,30.48,8.13,NA,NA,NA,3.5,1000,0,51.67615482,-128.1232837,sand,n,35,e,seagrass,zostera,seagrass_sand,zostera_sand,90.48,1.6452299999999999e-111,225,Metazoa,Rotifera,Eurotatoria,Ploima,Synchaetidae,Synchaeta,0,0,TRUE,ASV398,4,Synchaeta pectinata
edna0022,ASV542,motu476,Phascolosoma (Phascolosoma) agassizii,Agassiz peanut worm,species,NA,NA,NA,1,NA,NA,NA,3,NA,NA,NA,Phascolosoma (Phascolosoma) agassizii,Agassiz peanut worm,2018_chp_surface,chp,beach_seine,2018-07-12,2018-07-10,2018,surface,1,edna_chp_00,surface,biological,12,30.48,8.13,NA,NA,NA,3.5,1000,0,51.67615482,-128.1232837,sand,n,35,e,seagrass,zostera,seagrass_sand,zostera_sand,100,1.96163e-160,313,Metazoa,Annelida,NA,Sipuncula,Phascolosomatidae,Phascolosoma,0,0,TRUE,ASV542,4,Phascolosoma (Phascolosoma) agassizii
edna0022,ASV559,motu492,Eupolymnia heterobranchia,Brown intertidal spaghetti worm,species,NA,NA,NA,1,NA,NA,NA,5,NA,NA,NA,Eupolymnia heterobranchia,Brown intertidal spaghetti worm,2018_chp_surface,chp,beach_seine,2018-07-12,2018-07-10,2018,surface,1,edna_chp_00,surface,biological,12,30.48,8.13,NA,NA,NA,3.5,1000,0,51.67615482,-128.1232837,sand,n,35,e,seagrass,zostera,seagrass_sand,zostera_sand,100,1.4886099999999998e-156,306,Metazoa,Annelida,Polychaeta,Terebellida,Terebellidae,Eupolymnia,0,0,TRUE,ASV559,3,Eupolymnia heterobranchia
edna0022,ASV624,motu544,Halosydna brevisetosa,Shortscaled worm,species,NA,NA,NA,1,NA,NA,NA,19,NA,NA,NA,Halosydna brevisetosa,Shortscaled worm,2018_chp_surface,chp,beach_seine,2018-07-12,2018-07-10,2018,surface,1,edna_chp_00,surface,biological,12,30.48,8.13,NA,NA,NA,3.5,1000,0,51.67615482,-128.1232837,sand,n,35,e,seagrass,zostera,seagrass_sand,zostera_sand,100,1.96163e-160,313,Metazoa,Annelida,Polychaeta,Phyllodocida,Polynoidae,Halosydna,0,0,TRUE,ASV624,4,Halosydna brevisetosa
edna0022,ASV699,motu609,Hiatella,Clam species,genus,NA,NA,NA,1,NA,NA,NA,15,4,NA,NA,Hiatella,Clam species,2018_chp_surface,chp,beach_seine,2018-07-12,2018-07-10,2018,surface,1,edna_chp_00,surface,biological,12,30.48,8.13,NA,NA,NA,3.5,1000,0,51.67615482,-128.1232837,sand,n,35,e,seagrass,zostera,seagrass_sand,zostera_sand,100,9.027749999999999e-159,310,Metazoa,Mollusca,Bivalvia,Adapedonta,Hiatellidae,Hiatella,0,0,TRUE,ASV699,4,NA
edna0022,ASV679,motu591,Phyllodocida,Polychaete,order,NA,NA,NA,1,NA,NA,NA,10,NA,NA,14,Phyllodocida,Polychaete,2018_chp_surface,chp,beach_seine,2018-07-12,2018-07-10,2018,surface,1,edna_chp_00,surface,biological,12,30.48,8.13,NA,NA,NA,3.5,1000,0,51.67615482,-128.1232837,sand,n,35,e,seagrass,zostera,seagrass_sand,zostera_sand,100,0.0603188,28,Metazoa,Annelida,Annelida,Phyllodocida,NA,NA,0,0,TRUE,ASV679,1,NA
edna0022,ASV733,motu637,Phyllodocida,Polychaete,order,NA,NA,NA,1,NA,NA,NA,7,NA,NA,NA,Phyllodocida,Polychaete,2018_chp_surface,chp,beach_seine,2018-07-12,2018-07-10,2018,surface,1,edna_chp_00,surface,biological,12,30.48,8.13,NA,NA,NA,3.5,1000,0,51.67615482,-128.1232837,sand,n,35,e,seagrass,zostera,seagrass_sand,zostera_sand,100,0.0603188,28,Metazoa,Annelida,Annelida,Phyllodocida,NA,NA,0,0,TRUE,ASV733,1,NA
edna0022,ASV1391,motu1175,Cistenides granulata,Trumpet worm,species,NA,NA,NA,1,NA,NA,NA,24,NA,NA,NA,Cistenides granulata,Trumpet worm,2018_chp_surface,chp,beach_seine,2018-07-12,2018-07-10,2018,surface,1,edna_chp_00,surface,biological,12,30.48,8.13,NA,NA,NA,3.5,1000,0,51.67615482,-128.1232837,sand,n,35,e,seagrass,zostera,seagrass_sand,zostera_sand,100,2.51921e-159,311,Metazoa,Annelida,Polychaeta,Terebellida,Pectinariidae,Pectinaria,0,0,TRUE,ASV1391,1,Cistenides granulata
edna0022,ASV1441,motu1218,Halosydna brevisetosa,Shortscaled worm,species,NA,NA,NA,1,NA,NA,NA,20,NA,NA,NA,Halosydna brevisetosa,Shortscaled worm,2018_chp_surface,chp,beach_seine,2018-07-12,2018-07-10,2018,surface,1,edna_chp_00,surface,biological,12,30.48,8.13,NA,NA,NA,3.5,1000,0,51.67615482,-128.1232837,sand,n,35,e,seagrass,zostera,seagrass_sand,zostera_sand,100,2.51921e-159,311,Metazoa,Annelida,Polychaeta,Phyllodocida,Polynoidae,Halosydna,0,0,TRUE,ASV1441,3,Halosydna brevisetosa
edna0022,ASV1304,motu1104,Haliotis kamtschatkana,Northern abalone,species,NA,NA,NA,1,NA,NA,NA,110,NA,NA,NA,Haliotis kamtschatkana,Northern abalone,2018_chp_surface,chp,beach_seine,2018-07-12,2018-07-10,2018,surface,1,edna_chp_00,surface,biological,12,30.48,8.13,NA,NA,NA,3.5,1000,0,51.67615482,-128.1232837,sand,n,35,e,seagrass,zostera,seagrass_sand,zostera_sand,100,1.96163e-160,313,Metazoa,Mollusca,Mollusca,Lepetellida,Haliotidae,Haliotis,0,0,TRUE,ASV1304,9,Haliotis kamtschatkana
edna0022,ASV1462,motu1233,Clytia gregaria,Gregarious jellyfish,species,NA,NA,NA,1,NA,NA,NA,80,47,NA,45,Clytia gregaria,Gregarious jellyfish,2018_chp_surface,chp,beach_seine,2018-07-12,2018-07-10,2018,surface,1,edna_chp_00,surface,biological,12,30.48,8.13,NA,NA,NA,3.5,1000,0,51.67615482,-128.1232837,sand,n,35,e,seagrass,zostera,seagrass_sand,zostera_sand,99.67,6.925819999999995e-155,303,Metazoa,Cnidaria,Hydrozoa,Leptothecata,Campanulariidae,Clytia,0,0,TRUE,ASV1462,2,Clytia gregaria
edna0022,ASV920,motu800,Polymorphidae,Thorny headed worm,family,NA,NA,NA,1,NA,NA,NA,4,NA,NA,NA,Polymorphidae,Thorny headed worm,2018_chp_surface,chp,beach_seine,2018-07-12,2018-07-10,2018,surface,1,edna_chp_00,surface,biological,12,30.48,8.13,NA,NA,NA,3.5,1000,0,51.67615482,-128.1232837,sand,n,35,e,seagrass,zostera,seagrass_sand,zostera_sand,94.87,8.37307e-5,33,Metazoa,Acanthocephala,Acanthocephala,Polymorphida,Polymorphidae,NA,0,0,TRUE,ASV920,3,NA
edna0022,ASV2447,motu1270,Spionidae,Spionid polychaete,family,NA,NA,NA,1,NA,NA,NA,81,58,NA,94,Spionidae,Spionid polychaete,2018_chp_surface,chp,beach_seine,2018-07-12,2018-07-10,2018,surface,1,edna_chp_00,surface,biological,12,30.48,8.13,NA,NA,NA,3.5,1000,0,51.67615482,-128.1232837,sand,n,35,e,seagrass,zostera,seagrass_sand,zostera_sand,92.7,6.41781e-46,107,Metazoa,Annelida,Annelida,Spionida,Spionidae,NA,0,0,TRUE,ASV1503,2,NA
edna0022,ASV1921,motu1598,Humilaria kennerleyi,Kennerleys venus,species,NA,NA,NA,1,NA,NA,NA,7,NA,NA,NA,Humilaria kennerleyi,Kennerleys venus,2018_chp_surface,chp,beach_seine,2018-07-12,2018-07-10,2018,surface,1,edna_chp_00,surface,biological,12,30.48,8.13,NA,NA,NA,3.5,1000,0,51.67615482,-128.1232837,sand,n,35,e,seagrass,zostera,seagrass_sand,zostera_sand,100,1.96163e-160,313,Metazoa,Mollusca,Bivalvia,Venerida,Veneridae,Humilaria,0,0,TRUE,ASV1921,2,Humilaria kennerleyi
edna0022,ASV2837,motu458,Sabellariidae,Feather duster worm,family,NA,NA,NA,1,NA,NA,NA,19,NA,NA,NA,Sabellariidae,Feather duster worm,2018_chp_surface,chp,beach_seine,2018-07-12,2018-07-10,2018,surface,1,edna_chp_00,surface,biological,12,30.48,8.13,NA,NA,NA,3.5,1000,0,51.67615482,-128.1232837,sand,n,35,e,seagrass,zostera,seagrass_sand,zostera_sand,99.35,7.002779999999996e-155,303,Metazoa,Annelida,Polychaeta,NA,Sabellariidae,NA,0,0,TRUE,ASV521,12,NA
edna0022,ASV2865,motu2317,Chaetognatha,Arrow worm,phylum,NA,NA,NA,1,NA,NA,NA,7,NA,NA,NA,Chaetognatha,Arrow worm,2018_chp_surface,chp,beach_seine,2018-07-12,2018-07-10,2018,surface,1,edna_chp_00,surface,biological,12,30.48,8.13,NA,NA,NA,3.5,1000,0,51.67615482,-128.1232837,sand,n,35,e,seagrass,zostera,seagrass_sand,zostera_sand,98.01,1.6501399999999998e-91,189,Metazoa,Chaetognatha,NA,NA,NA,NA,0,0,TRUE,ASV2865,1,NA
edna0022,ASV2885,motu2332,Strongylocentrotus purpuratus,Purple sea urchin,species,NA,NA,NA,1,NA,NA,NA,48,NA,NA,35,Strongylocentrotus purpuratus,Purple sea urchin,2018_chp_surface,chp,beach_seine,2018-07-12,2018-07-10,2018,surface,1,edna_chp_00,surface,biological,12,30.48,8.13,NA,NA,NA,3.5,1000,0,51.67615482,-128.1232837,sand,n,35,e,seagrass,zostera,seagrass_sand,zostera_sand,99.04,1.97556e-155,304,Metazoa,Echinodermata,Echinoidea,Camarodonta,Strongylocentrotidae,Strongylocentrotus,0,0,TRUE,ASV2885,1,Strongylocentrotus purpuratus
edna0022,ASV3947,motu3100,Cistenides granulata,Trumpet worm,species,NA,NA,NA,1,NA,NA,NA,14,NA,NA,39,Cistenides granulata,Trumpet worm,2018_chp_surface,chp,beach_seine,2018-07-12,2018-07-10,2018,surface,1,edna_chp_00,surface,biological,12,30.48,8.13,NA,NA,NA,3.5,1000,0,51.67615482,-128.1232837,sand,n,35,e,seagrass,zostera,seagrass_sand,zostera_sand,99.36,5.453139999999996e-156,305,Metazoa,Annelida,Polychaeta,Terebellida,Pectinariidae,Pectinaria,0,0,TRUE,ASV3947,1,Cistenides granulata
edna0022,ASV4292,motu1332,Mytilus californianus,California mussel,species,NA,NA,NA,1,NA,NA,NA,32,NA,NA,NA,Mytilus californianus,California mussel,2018_chp_surface,chp,beach_seine,2018-07-12,2018-07-10,2018,surface,1,edna_chp_00,surface,biological,12,30.48,8.13,NA,NA,NA,3.5,1000,0,51.67615482,-128.1232837,sand,n,35,e,seagrass,zostera,seagrass_sand,zostera_sand,99.68,1.5051499999999994e-156,306,Metazoa,Mollusca,Bivalvia,Mytilida,Mytilidae,Mytilus,0,0,TRUE,ASV1582,5,Mytilus californianus
edna0022,ASV5264,motu3013,Thecostraca,Thecostracan crustacean species,class,NA,NA,NA,1,NA,NA,NA,6,NA,NA,NA,Thecostraca,Thecostracan crustacean species,2018_chp_surface,chp,beach_seine,2018-07-12,2018-07-10,2018,surface,1,edna_chp_00,surface,biological,12,30.48,8.13,NA,NA,NA,3.5,1000,0,51.67615482,-128.1232837,sand,n,35,e,seagrass,zostera,seagrass_sand,zostera_sand,97.22,8.40478e-5,33,Metazoa,Arthropoda,Arthropoda,NA,NA,NA,0,0,TRUE,ASV3834,3,NA
edna0022,ASV5518,motu4234,Pseudoscorpiones,Other arachnid,class,NA,NA,NA,1,NA,NA,NA,10,NA,NA,7,Pseudoscorpiones,Other arachnid,2018_chp_surface,chp,beach_seine,2018-07-12,2018-07-10,2018,surface,1,edna_chp_00,surface,biological,12,30.48,8.13,NA,NA,NA,3.5,1000,0,51.67615482,-128.1232837,sand,n,35,e,seagrass,zostera,seagrass_sand,zostera_sand,91.89,1.43404e-17,56,Metazoa,Arthropoda,Arthropoda,NA,NA,NA,NA,NA,TRUE,ASV5518,1,NA
edna0022,ASV7501,motu5872,Insecta,Hexapod,class,NA,NA,NA,1,NA,NA,NA,3,NA,NA,NA,Insecta,Hexapod,2018_chp_surface,chp,beach_seine,2018-07-12,2018-07-10,2018,surface,1,edna_chp_00,surface,biological,12,30.48,8.13,NA,NA,NA,3.5,1000,0,51.67615482,-128.1232837,sand,n,35,e,seagrass,zostera,seagrass_sand,zostera_sand,100,0.0171086,29,Metazoa,Arthropoda,Arthropoda,NA,NA,NA,NA,NA,TRUE,ASV7501,1,NA
edna0144,ASV226,motu199,Mytilus trossulus,Bay mussel,species,NA,NA,NA,1,NA,NA,NA,8,7,NA,NA,Mytilus trossulus,Bay mussel,2018_chp_surface,chp,beach_seine,2018-08-24,2018-08-25,2018,surface,3,edna_chp_30,repeat-surface,biological,NA,NA,NA,NA,NA,NA,3.5,1000,0,51.6763963,-128.123414,sand,n,35,e,seagrass,zostera,seagrass_sand,zostera_sand,100,3.2351099999999996e-158,309,Metazoa,Mollusca,Mollusca,Mytilida,Mytilidae,Mytilus,0,0,TRUE,ASV226,18,Mytilus trossulus
edna0144,ASV233,motu74,Euchlanidae,Rotifer,family,NA,NA,NA,1,NA,NA,NA,32,NA,NA,NA,No Results,No Results,2018_chp_surface,chp,beach_seine,2018-08-24,2018-08-25,2018,surface,3,edna_chp_30,repeat-surface,biological,NA,NA,NA,NA,NA,NA,3.5,1000,0,51.6763963,-128.123414,sand,n,35,e,seagrass,zostera,seagrass_sand,zostera_sand,91.35,3.005919999999998e-29,77,Metazoa,Rotifera,Rotifera,Ploima,Euchlanidae,NA,1,NA,TRUE,ASV84,2,NA
edna0144,ASV3456,motu2743,Cistenides granulata,Trumpet worm,species,NA,NA,NA,1,NA,NA,NA,34,NA,NA,4,Cistenides granulata,Trumpet worm,2018_chp_surface,chp,beach_seine,2018-08-24,2018-08-25,2018,surface,3,edna_chp_30,repeat-surface,biological,NA,NA,NA,NA,NA,NA,3.5,1000,0,51.6763963,-128.123414,sand,n,35,e,seagrass,zostera,seagrass_sand,zostera_sand,99.04,2.5370999999999983e-154,302,Metazoa,Annelida,Polychaeta,Terebellida,Pectinariidae,Pectinaria,0,0,TRUE,ASV3456,1,Cistenides granulata
edna0144,ASV6381,motu190,Mytilus,Mussel species,genus,NA,NA,NA,1,NA,NA,NA,16,NA,NA,NA,Mytilus trossulus,Bay mussel,2018_chp_surface,chp,beach_seine,2018-08-24,2018-08-25,2018,surface,3,edna_chp_30,repeat-surface,biological,NA,NA,NA,NA,NA,NA,3.5,1000,0,51.6763963,-128.123414,sand,n,35,e,seagrass,zostera,seagrass_sand,zostera_sand,99.68,1.53546e-156,306,Metazoa,Mollusca,Mollusca,Mytilida,Mytilidae,Mytilus,0,0,TRUE,ASV216,23,NA
edna0145,ASV622,motu22,Acartia (Acartiura) longiremis,Calanoid copepod,species,NA,NA,NA,1,NA,NA,NA,55,NA,NA,NA,Acartia (Acartiura) longiremis,Calanoid copepod,2018_ssp_surface,ssp,beach_seine,2018-08-24,2018-08-24,2018,surface,1,edna_ssp_00,repeat-surface,biological,NA,NA,NA,NA,NA,NA,3.9,1000,0,51.67909247,-128.1153275,sand,y,455,se,seagrass,zostera,seagrass_sand,zostera_sand,99.68,9.126599999999999e-159,310,Metazoa,Arthropoda,Copepoda,Calanoida,Acartiidae,Acartia,0,0,TRUE,ASV25,27,Acartia (Acartiura) longiremis
edna0145,ASV4038,motu3165,Membranipora membranacea,Coffin box bryozoan,species,NA,NA,NA,1,NA,NA,NA,19,NA,NA,NA,Membranipora membranacea,Coffin box bryozoan,2018_ssp_surface,ssp,beach_seine,2018-08-24,2018-08-24,2018,surface,1,edna_ssp_00,repeat-surface,biological,NA,NA,NA,NA,NA,NA,3.9,1000,0,51.67909247,-128.1153275,sand,y,455,se,seagrass,zostera,seagrass_sand,zostera_sand,100,7.205389999999996e-140,276,Metazoa,Bryozoa,Gymnolaemata,Cheilostomatida,Membraniporidae,Membranipora,0,0,TRUE,ASV4038,4,Membranipora membranacea
edna0145,ASV4121,motu3233,Membranipora membranacea,Coffin box bryozoan,species,NA,NA,NA,1,NA,NA,NA,23,NA,NA,NA,Membranipora membranacea,Coffin box bryozoan,2018_ssp_surface,ssp,beach_seine,2018-08-24,2018-08-24,2018,surface,1,edna_ssp_00,repeat-surface,biological,NA,NA,NA,NA,NA,NA,3.9,1000,0,51.67909247,-128.1153275,sand,y,455,se,seagrass,zostera,seagrass_sand,zostera_sand,100,2.0106499999999996e-140,277,Metazoa,Bryozoa,Gymnolaemata,Cheilostomatida,Membraniporidae,Membranipora,0,0,TRUE,ASV4121,4,Membranipora membranacea
edna0145,ASV6706,motu458,Sabellariidae,Feather duster worm,family,NA,NA,NA,1,NA,NA,NA,5,NA,NA,8,Sabellariidae,Feather duster worm,2018_ssp_surface,ssp,beach_seine,2018-08-24,2018-08-24,2018,surface,1,edna_ssp_00,repeat-surface,biological,NA,NA,NA,NA,NA,NA,3.9,1000,0,51.67909247,-128.1153275,sand,y,455,se,seagrass,zostera,seagrass_sand,zostera_sand,99.35,7.143779999999995e-155,303,Metazoa,Annelida,Polychaeta,NA,Sabellariidae,NA,0,0,TRUE,ASV521,12,NA
edna0145,ASV7341,motu2821,Cardiida,Mussel species,order,NA,NA,NA,1,NA,NA,NA,4,NA,NA,NA,Cardiida,Mussel species,2018_ssp_surface,ssp,beach_seine,2018-08-24,2018-08-24,2018,surface,1,edna_ssp_00,repeat-surface,biological,NA,NA,NA,NA,NA,NA,3.9,1000,0,51.67909247,-128.1153275,sand,y,455,se,seagrass,zostera,seagrass_sand,zostera_sand,100,0.0381662,28,Metazoa,Mollusca,Mollusca,Cardiida,NA,NA,0,0,TRUE,ASV3551,2,NA
edna0147,ASV2852,motu2305,Coleoptera,Hexapod,order,NA,NA,NA,1,NA,NA,NA,5,NA,NA,NA,Coleoptera,Hexapod,2018_ssp_surface,ssp,beach_seine,2018-08-24,2018-08-24,2018,surface,3,edna_ssp_30,repeat-surface,biological,NA,NA,NA,NA,NA,NA,3.9,1000,0,51.67882714,-128.114958,sand,y,455,se,seagrass,zostera,seagrass_sand,zostera_sand,100,0.00110774,31,Metazoa,Arthropoda,Arthropoda,Coleoptera,NA,NA,NA,NA,TRUE,ASV2852,1,NA
edna0147,ASV5477,motu458,Sabellariidae,Feather duster worm,family,NA,NA,NA,1,NA,NA,NA,8,NA,NA,20,Sabellariidae,Feather duster worm,2018_ssp_surface,ssp,beach_seine,2018-08-24,2018-08-24,2018,surface,3,edna_ssp_30,repeat-surface,biological,NA,NA,NA,NA,NA,NA,3.9,1000,0,51.67882714,-128.114958,sand,y,455,se,seagrass,zostera,seagrass_sand,zostera_sand,99.35,7.002779999999996e-155,303,Metazoa,Annelida,Polychaeta,NA,Sabellariidae,NA,0,0,TRUE,ASV521,12,NA
edna0147,ASV5641,motu4332,Syllis alternata,Necklace worm species,species,NA,NA,NA,1,NA,NA,NA,7,NA,NA,18,Syllis alternata,Necklace worm species,2018_ssp_surface,ssp,beach_seine,2018-08-24,2018-08-24,2018,surface,3,edna_ssp_30,repeat-surface,biological,NA,NA,NA,NA,NA,NA,3.9,1000,0,51.67882714,-128.114958,sand,y,455,se,seagrass,zostera,seagrass_sand,zostera_sand,99.36,4.246189999999999e-157,307,Metazoa,Annelida,Polychaeta,Phyllodocida,Syllidae,Syllis,0,0,TRUE,ASV5641,1,Syllis alternata
edna0147,ASV5942,motu536,Sabellariidae,Feather duster worm,family,NA,NA,NA,1,NA,NA,NA,14,7,NA,NA,Sabellariidae,Feather duster worm,2018_ssp_surface,ssp,beach_seine,2018-08-24,2018-08-24,2018,surface,3,edna_ssp_30,repeat-surface,biological,NA,NA,NA,NA,NA,NA,3.9,1000,0,51.67882714,-128.114958,sand,y,455,se,seagrass,zostera,seagrass_sand,zostera_sand,99.35,7.002779999999996e-155,303,Metazoa,Annelida,Polychaeta,NA,Sabellariidae,NA,0,0,TRUE,ASV613,7,NA
edna0148,ASV324,motu285,Paracalanus parvus parvus,Calanoid copepod,species,NA,NA,NA,1,NA,NA,NA,6,16,NA,16,Paracalanus parvus parvus,Calanoid copepod,2018_choked-grid_surface,choked grid,seagrass_grid,2018-08-24,NA,2018,surface,1,choked_grid_a1,grid,biological,NA,NA,NA,NA,NA,NA,7,1000,0,51.6749926,-128.1202263,sand,NA,NA,NA,seagrass,zostera,seagrass_sand,zostera_sand,100,1.17454e-132,263,Metazoa,Arthropoda,Copepoda,Calanoida,Paracalanidae,Paracalanus,0,0,TRUE,ASV324,6,Paracalanus parvus parvus
edna0149,ASV679,motu591,Phyllodocida,Polychaete,order,NA,NA,NA,1,NA,NA,NA,6,21,NA,20,Phyllodocida,Polychaete,2018_choked-grid_surface,choked grid,seagrass_grid,2018-08-24,NA,2018,surface,2,choked_grid_a2,grid,biological,11.5,31.84,7.96,10.1,32.49,7.87,7,1000,0,51.6749926,-128.1197971,sand,NA,NA,NA,seagrass,zostera,seagrass_sand,zostera_sand,100,0.0603188,28,Metazoa,Annelida,Annelida,Phyllodocida,NA,NA,0,0,TRUE,ASV679,1,NA
edna0149,ASV733,motu637,Phyllodocida,Polychaete,order,NA,NA,NA,1,NA,NA,NA,6,17,NA,15,Phyllodocida,Polychaete,2018_choked-grid_surface,choked grid,seagrass_grid,2018-08-24,NA,2018,surface,2,choked_grid_a2,grid,biological,11.5,31.84,7.96,10.1,32.49,7.87,7,1000,0,51.6749926,-128.1197971,sand,NA,NA,NA,seagrass,zostera,seagrass_sand,zostera_sand,100,0.0603188,28,Metazoa,Annelida,Annelida,Phyllodocida,NA,NA,0,0,TRUE,ASV733,1,NA
edna0150,ASV3148,motu2526,Cardiida,Mussel species,order,NA,NA,NA,1,NA,NA,NA,40,NA,NA,NA,Cardiida,Mussel species,2018_choked-grid_surface,choked grid,seagrass_grid,2018-08-24,NA,2018,surface,3,choked_grid_a3,grid,biological,NA,NA,NA,NA,NA,NA,6.8,1000,0,51.67499094,-128.1193519,sand,NA,NA,NA,seagrass,zostera,seagrass_sand,zostera_sand,100,0.0374129,28,Metazoa,Mollusca,Mollusca,Cardiida,NA,NA,0,0,TRUE,ASV3148,1,NA
edna0150,ASV3551,motu2821,Cardiida,Mussel species,order,NA,NA,NA,1,NA,NA,NA,35,NA,NA,NA,Cardiida,Mussel species,2018_choked-grid_surface,choked grid,seagrass_grid,2018-08-24,NA,2018,surface,3,choked_grid_a3,grid,biological,NA,NA,NA,NA,NA,NA,6.8,1000,0,51.67499094,-128.1193519,sand,NA,NA,NA,seagrass,zostera,seagrass_sand,zostera_sand,100,0.0374129,28,Metazoa,Mollusca,Mollusca,Cardiida,NA,NA,0,0,TRUE,ASV3551,2,NA
edna0151,ASV2814,motu2275,Synchaeta grimpei,Rotifer,species,NA,NA,NA,1,NA,NA,NA,5,15,NA,14,Synchaeta grimpei,Rotifer,2018_choked-grid_surface,choked grid,seagrass_grid,2018-08-24,NA,2018,surface,4,choked_grid_b1,grid,biological,NA,NA,NA,NA,NA,NA,6.9,1000,0,51.67473646,-128.1202236,sand,NA,NA,NA,seagrass,zostera,seagrass_sand,zostera_sand,90.46,4.491659999999999e-107,217,Metazoa,Rotifera,Eurotatoria,Ploima,Synchaetidae,Synchaeta,0,0,TRUE,ASV2814,1,Synchaeta grimpei
edna0152,ASV3036,motu2447,Saccocirrus,Polychaete,genus,NA,NA,NA,1,NA,NA,NA,6,NA,NA,NA,Saccocirrus,Polychaete,2018_choked-grid_surface,choked grid,seagrass_grid,2018-08-24,NA,2018,surface,5,choked_grid_b2,grid,biological,12.1,31.15,7.97,10.1,33,7.87,7.8,1000,0,51.67473313,-128.1197944,sand,NA,NA,NA,seagrass,zostera,seagrass_sand,zostera_sand,100,2.4540699999999983e-154,302,Metazoa,Annelida,Polychaeta,NA,Saccocirridae,Saccocirrus,0,0,TRUE,ASV3036,1,NA
edna0152,ASV4819,motu3728,Saccocirrus,Polychaete,genus,NA,NA,NA,1,NA,NA,NA,7,NA,NA,NA,Saccocirrus,Polychaete,2018_choked-grid_surface,choked grid,seagrass_grid,2018-08-24,NA,2018,surface,5,choked_grid_b2,grid,biological,12.1,31.15,7.97,10.1,33,7.87,7.8,1000,0,51.67473313,-128.1197944,sand,NA,NA,NA,seagrass,zostera,seagrass_sand,zostera_sand,100,2.4540699999999983e-154,302,Metazoa,Annelida,Polychaeta,NA,Saccocirridae,Saccocirrus,0,0,TRUE,ASV4819,1,NA
edna0153,ASV670,motu583,Synchaeta triophthalma,Rotifer,species,NA,NA,NA,1,NA,NA,NA,5,5,NA,11,Synchaeta triophthalma,Rotifer,2018_choked-grid_surface,choked grid,seagrass_grid,2018-08-24,NA,2018,surface,6,choked_grid_b3,grid,biological,NA,NA,NA,NA,NA,NA,7.6,1000,0,51.67473646,-128.1193545,sand,NA,NA,NA,seagrass,zostera,seagrass_sand,zostera_sand,91.99,3.511259999999999e-118,237,Metazoa,Rotifera,Eurotatoria,Ploima,Synchaetidae,Synchaeta,0,0,TRUE,ASV670,4,Synchaeta triophthalma
edna0153,ASV2200,motu412,Saxidomus gigantea,Butter clam,species,NA,NA,NA,1,NA,NA,NA,11,15,NA,17,Saxidomus,Washington clam species,2018_choked-grid_surface,choked grid,seagrass_grid,2018-08-24,NA,2018,surface,6,choked_grid_b3,grid,biological,NA,NA,NA,NA,NA,NA,7.6,1000,0,51.67473646,-128.1193545,sand,NA,NA,NA,seagrass,zostera,seagrass_sand,zostera_sand,100,1.96163e-160,313,Metazoa,Mollusca,Mollusca,Venerida,Veneridae,Saxidomus,0,0,TRUE,ASV467,12,Saxidomus gigantea
edna0153,ASV6278,motu2028,Mytilus,Mussel species,genus,NA,NA,NA,1,NA,NA,NA,17,NA,NA,NA,Mytilus,Mussel species,2018_choked-grid_surface,choked grid,seagrass_grid,2018-08-24,NA,2018,surface,6,choked_grid_b3,grid,biological,NA,NA,NA,NA,NA,NA,7.6,1000,0,51.67473646,-128.1193545,sand,NA,NA,NA,seagrass,zostera,seagrass_sand,zostera_sand,99.68,1.53546e-156,306,Metazoa,Mollusca,Mollusca,Mytilida,Mytilidae,Mytilus,0,0,TRUE,ASV2491,3,NA
edna0154,ASV280,motu190,Mytilus,Mussel species,genus,NA,NA,NA,1,NA,NA,NA,7,NA,NA,10,Mytilus trossulus,Bay mussel,2018_choked-grid_surface,choked grid,seagrass_grid,2018-08-24,NA,2018,surface,7,choked_grid_c1,grid,biological,NA,NA,NA,NA,NA,NA,7.3,1000,0,51.67445702,-128.1202209,sand,NA,NA,NA,seagrass,zostera,seagrass_sand,zostera_sand,100,3.2351099999999996e-158,309,Metazoa,Mollusca,Mollusca,Mytilida,Mytilidae,Mytilus,0,0,TRUE,ASV216,23,NA
edna0155,ASV352,motu311,Synchaeta vorax,Rotifer,species,NA,NA,NA,1,NA,NA,NA,4,NA,NA,2,Synchaeta vorax,Rotifer,2018_choked-grid_surface,choked grid,seagrass_grid,2018-08-24,NA,2018,surface,8,choked_grid_c2,grid,biological,11.9,31.57,7.97,10.1,32.97,7.87,7.2,1000,0,51.67445536,-128.1197971,sand,NA,NA,NA,seagrass,zostera,seagrass_sand,zostera_sand,98.08,7.129989999999999e-150,294,Metazoa,Rotifera,Eurotatoria,Ploima,Synchaetidae,Synchaeta,0,0,TRUE,ASV352,4,Synchaeta vorax
edna0155,ASV583,motu283,Dodecaceria,Cirratulid polychaete,genus,NA,NA,NA,1,NA,NA,NA,6,NA,NA,NA,Dodecaceria,Cirratulid polychaete,2018_choked-grid_surface,choked grid,seagrass_grid,2018-08-24,NA,2018,surface,8,choked_grid_c2,grid,biological,11.9,31.57,7.97,10.1,32.97,7.87,7.2,1000,0,51.67445536,-128.1197971,sand,NA,NA,NA,seagrass,zostera,seagrass_sand,zostera_sand,100,1.96163e-160,313,Metazoa,Annelida,Polychaeta,Terebellida,Cirratulidae,Dodecaceria,0,0,TRUE,ASV322,5,NA
edna0155,ASV307,motu118,Mesocentrotus franciscanus,Red sea urchin,species,NA,NA,NA,1,NA,NA,NA,48,NA,NA,NA,Mesocentrotus franciscanus,Red sea urchin,2018_choked-grid_surface,choked grid,seagrass_grid,2018-08-24,NA,2018,surface,8,choked_grid_c2,grid,biological,11.9,31.57,7.97,10.1,32.97,7.87,7.2,1000,0,51.67445536,-128.1197971,sand,NA,NA,NA,seagrass,zostera,seagrass_sand,zostera_sand,100,7.02982e-160,312,Metazoa,Echinodermata,Echinoidea,Camarodonta,Strongylocentrotidae,Mesocentrotus,0,0,TRUE,ASV132,8,Mesocentrotus franciscanus
edna0155,ASV3710,motu2928,Pleopis polyphemoides,Predatory water flea species,species,NA,NA,NA,1,NA,NA,NA,88,NA,NA,NA,Pleopis polyphemoides,Predatory water flea species,2018_choked-grid_surface,choked grid,seagrass_grid,2018-08-24,NA,2018,surface,8,choked_grid_c2,grid,biological,11.9,31.57,7.97,10.1,32.97,7.87,7.2,1000,0,51.67445536,-128.1197971,sand,NA,NA,NA,seagrass,zostera,seagrass_sand,zostera_sand,100,3.2351099999999996e-158,309,Metazoa,Arthropoda,Branchiopoda,Onychopoda,Podonidae,Pleopis,0,0,TRUE,ASV3710,1,Pleopis polyphemoides
edna0155,ASV3252,motu2600,Manania handi,Stalked jellyfish,species,NA,NA,NA,1,NA,NA,NA,4,NA,NA,NA,Manania handi,Stalked jellyfish,2018_choked-grid_surface,choked grid,seagrass_grid,2018-08-24,NA,2018,surface,8,choked_grid_c2,grid,biological,11.9,31.57,7.97,10.1,32.97,7.87,7.2,1000,0,51.67445536,-128.1197971,sand,NA,NA,NA,seagrass,zostera,seagrass_sand,zostera_sand,100,3.2351099999999996e-158,309,Metazoa,Cnidaria,Cnidaria,Stauromedusae,Haliclystidae,Manania,0,0,TRUE,ASV3252,2,Manania handi
edna0155,ASV4741,motu3674,Membranipora membranacea,Coffin box bryozoan,species,NA,NA,NA,1,NA,NA,NA,11,9,NA,NA,Membranipora membranacea,Coffin box bryozoan,2018_choked-grid_surface,choked grid,seagrass_grid,2018-08-24,NA,2018,surface,8,choked_grid_c2,grid,biological,11.9,31.57,7.97,10.1,32.97,7.87,7.2,1000,0,51.67445536,-128.1197971,sand,NA,NA,NA,seagrass,zostera,seagrass_sand,zostera_sand,98.92,1.5710399999999999e-136,270,Metazoa,Bryozoa,Gymnolaemata,Cheilostomatida,Membraniporidae,Membranipora,0,0,TRUE,ASV4741,1,Membranipora membranacea
edna0156,ASV679,motu591,Phyllodocida,Polychaete,order,NA,NA,NA,1,NA,NA,NA,21,41,NA,28,Phyllodocida,Polychaete,2018_choked-grid_surface,choked grid,seagrass_grid,2018-08-24,NA,2018,surface,9,choked_grid_c3,grid,biological,NA,NA,NA,NA,NA,NA,7.4,1000,0,51.67445536,-128.1193599,sand,NA,NA,NA,seagrass,zostera,seagrass_sand,zostera_sand,100,0.0603188,28,Metazoa,Annelida,Annelida,Phyllodocida,NA,NA,0,0,TRUE,ASV679,1,NA
edna0156,ASV3330,motu2655,Membraniporidae,Bryozoan,family,NA,NA,NA,1,NA,NA,NA,14,NA,NA,18,Membraniporidae,Bryozoan,2018_choked-grid_surface,choked grid,seagrass_grid,2018-08-24,NA,2018,surface,9,choked_grid_c3,grid,biological,NA,NA,NA,NA,NA,NA,7.4,1000,0,51.67445536,-128.1193599,sand,NA,NA,NA,seagrass,zostera,seagrass_sand,zostera_sand,90.87,7.84204e-75,159,Metazoa,Bryozoa,Bryozoa,Cheilostomatida,Membraniporidae,NA,0,0,TRUE,ASV3330,1,NA
edna0156,ASV6474,motu4438,Pseudoscorpiones,Other arachnid,class,NA,NA,NA,1,NA,NA,NA,5,NA,NA,NA,Pseudoscorpiones,Other arachnid,2018_choked-grid_surface,choked grid,seagrass_grid,2018-08-24,NA,2018,surface,9,choked_grid_c3,grid,biological,NA,NA,NA,NA,NA,NA,7.4,1000,0,51.67445536,-128.1193599,sand,NA,NA,NA,seagrass,zostera,seagrass_sand,zostera_sand,91.89,1.46291e-17,56,Metazoa,Arthropoda,Arthropoda,NA,NA,NA,NA,NA,TRUE,ASV5779,2,NA
edna0156,ASV5210,motu3165,Membranipora membranacea,Coffin box bryozoan,species,NA,NA,NA,1,NA,NA,NA,2,NA,NA,NA,Membranipora membranacea,Coffin box bryozoan,2018_choked-grid_surface,choked grid,seagrass_grid,2018-08-24,NA,2018,surface,9,choked_grid_c3,grid,biological,NA,NA,NA,NA,NA,NA,7.4,1000,0,51.67445536,-128.1193599,sand,NA,NA,NA,seagrass,zostera,seagrass_sand,zostera_sand,100,2.0106499999999996e-140,277,Metazoa,Bryozoa,Gymnolaemata,Cheilostomatida,Membraniporidae,Membranipora,0,0,TRUE,ASV4038,4,Membranipora membranacea
edna0001,ASV275,motu244,Ophiopholis kennerlyi,Daisy brittle star,species,NA,NA,NA,1,NA,NA,NA,NA,12,NA,NA,Ophiopholis kennerlyi,Daisy brittle star,2018_koeye-estuary_surface,koeye estuary,seagrass,2018-06-19,NA,2018,surface,1,edna_ko_e3_00,surface,biological,15.9,15.84,7.95,NA,NA,NA,2.2,980,0,51.77950168,-127.8716413,sand,NA,NA,NA,seagrass,zostera,seagrass_sand,zostera_sand,100,1.96163e-160,313,Metazoa,Echinodermata,Echinodermata,Amphilepidida,Ophiopholidae,Ophiopholis,0,0,TRUE,ASV275,7,Ophiopholis kennerlyi
edna0001,ASV307,motu118,Mesocentrotus franciscanus,Red sea urchin,species,NA,NA,NA,1,NA,NA,NA,NA,60,NA,NA,Mesocentrotus franciscanus,Red sea urchin,2018_koeye-estuary_surface,koeye estuary,seagrass,2018-06-19,NA,2018,surface,1,edna_ko_e3_00,surface,biological,15.9,15.84,7.95,NA,NA,NA,2.2,980,0,51.77950168,-127.8716413,sand,NA,NA,NA,seagrass,zostera,seagrass_sand,zostera_sand,100,7.02982e-160,312,Metazoa,Echinodermata,Echinoidea,Camarodonta,Strongylocentrotidae,Mesocentrotus,0,0,TRUE,ASV132,8,Mesocentrotus franciscanus
edna0001,ASV1057,motu909,Orobdella,Freshwater leech,genus,NA,NA,NA,1,NA,NA,NA,NA,5,NA,NA,Orobdella,Freshwater leech,2018_koeye-estuary_surface,koeye estuary,seagrass,2018-06-19,NA,2018,surface,1,edna_ko_e3_00,surface,biological,15.9,15.84,7.95,NA,NA,NA,2.2,980,0,51.77950168,-127.8716413,sand,NA,NA,NA,seagrass,zostera,seagrass_sand,zostera_sand,97.06,0.0011939,31,Metazoa,Annelida,Annelida,Erpobdelliformes,Orobdellidae,Orobdella,NA,NA,TRUE,ASV1057,1,NA
edna0001,ASV5794,motu4452,Venerida,Bivalve,order,NA,NA,NA,1,NA,NA,NA,NA,8,NA,12,Venerida,Bivalve,2018_koeye-estuary_surface,koeye estuary,seagrass,2018-06-19,NA,2018,surface,1,edna_ko_e3_00,surface,biological,15.9,15.84,7.95,NA,NA,NA,2.2,980,0,51.77950168,-127.8716413,sand,NA,NA,NA,seagrass,zostera,seagrass_sand,zostera_sand,100,0.0603188,28,Metazoa,Mollusca,Mollusca,Venerida,NA,NA,0,0,TRUE,ASV5794,1,NA
edna0001,ASV6021,motu4633,Bolinopsis microptera,Short-lobed comb jelly,species,NA,NA,NA,1,NA,NA,NA,NA,4,NA,NA,Bolinopsis microptera,Short-lobed comb jelly,2018_koeye-estuary_surface,koeye estuary,seagrass,2018-06-19,NA,2018,surface,1,edna_ko_e3_00,surface,biological,15.9,15.84,7.95,NA,NA,NA,2.2,980,0,51.77950168,-127.8716413,sand,NA,NA,NA,seagrass,zostera,seagrass_sand,zostera_sand,100,1.96163e-160,313,Metazoa,Ctenophora,Tentaculata,Lobata,Bolinopsidae,Bolinopsis,0,0,TRUE,ASV6021,1,Bolinopsis microptera
edna0001,ASV6952,motu5412,Hydra,Athecate hydroid,genus,NA,NA,NA,1,NA,NA,NA,NA,5,NA,NA,Hydra,Athecate hydroid,2018_koeye-estuary_surface,koeye estuary,seagrass,2018-06-19,NA,2018,surface,1,edna_ko_e3_00,surface,biological,15.9,15.84,7.95,NA,NA,NA,2.2,980,0,51.77950168,-127.8716413,sand,NA,NA,NA,seagrass,zostera,seagrass_sand,zostera_sand,97.73,1.55734e-146,288,Metazoa,Cnidaria,Cnidaria,Anthoathecata,Hydridae,Hydra,1,0,TRUE,ASV6952,1,NA
edna0001,ASV7501,motu5872,Insecta,Hexapod,class,NA,NA,NA,1,NA,NA,NA,NA,4,NA,NA,Insecta,Hexapod,2018_koeye-estuary_surface,koeye estuary,seagrass,2018-06-19,NA,2018,surface,1,edna_ko_e3_00,surface,biological,15.9,15.84,7.95,NA,NA,NA,2.2,980,0,51.77950168,-127.8716413,sand,NA,NA,NA,seagrass,zostera,seagrass_sand,zostera_sand,100,0.0171086,29,Metazoa,Arthropoda,Arthropoda,NA,NA,NA,NA,NA,TRUE,ASV7501,1,NA
edna0005,ASV233,motu74,Euchlanidae,Rotifer,family,NA,NA,NA,1,NA,NA,NA,NA,107,NA,78,No Results,No Results,2018_koeye-estuary_depth,koeye estuary,seagrass,2018-06-19,NA,2018,depth,2,edna_ko_e3_15,depth,biological,16,15.94,8.1,NA,NA,NA,2.2,975,0,51.77943387,-127.8717879,sand,NA,NA,NA,seagrass,zostera,seagrass_sand,zostera_sand,91.35,3.005919999999998e-29,77,Metazoa,Rotifera,Rotifera,Ploima,Euchlanidae,NA,1,NA,TRUE,ASV84,2,NA
edna0005,ASV775,motu675,Aequorea,Crystal jelly species,genus,NA,NA,NA,1,NA,NA,NA,NA,8,NA,5,Aequorea,Crystal jelly species,2018_koeye-estuary_depth,koeye estuary,seagrass,2018-06-19,NA,2018,depth,2,edna_ko_e3_15,depth,biological,16,15.94,8.1,NA,NA,NA,2.2,975,0,51.77943387,-127.8717879,sand,NA,NA,NA,seagrass,zostera,seagrass_sand,zostera_sand,100,1.4886099999999998e-156,306,Metazoa,Cnidaria,Hydrozoa,Leptothecata,Aequoreidae,Aequorea,0,0,TRUE,ASV775,3,NA
edna0005,ASV780,motu679,Aequorea,Crystal jelly species,genus,NA,NA,NA,1,NA,NA,NA,NA,8,NA,NA,Aequorea,Crystal jelly species,2018_koeye-estuary_depth,koeye estuary,seagrass,2018-06-19,NA,2018,depth,2,edna_ko_e3_15,depth,biological,16,15.94,8.1,NA,NA,NA,2.2,975,0,51.77943387,-127.8717879,sand,NA,NA,NA,seagrass,zostera,seagrass_sand,zostera_sand,100,1.4886099999999998e-156,306,Metazoa,Cnidaria,Hydrozoa,Leptothecata,Aequoreidae,Aequorea,0,0,TRUE,ASV780,4,NA
edna0005,ASV1091,motu939,Emplectonema viride,Green ribbon worm,species,NA,NA,NA,1,NA,NA,NA,NA,7,NA,NA,Emplectonema viride,Green ribbon worm,2018_koeye-estuary_depth,koeye estuary,seagrass,2018-06-19,NA,2018,depth,2,edna_ko_e3_15,depth,biological,16,15.94,8.1,NA,NA,NA,2.2,975,0,51.77943387,-127.8717879,sand,NA,NA,NA,seagrass,zostera,seagrass_sand,zostera_sand,100,1.96163e-160,313,Metazoa,Nemertea,Hoplonemertea,Monostilifera,Emplectonematidae,Emplectonema,0,0,TRUE,ASV1091,1,Emplectonema viride
edna0005,ASV1168,motu1001,Anthopleura elegantissima,Aggregating anemone,species,NA,NA,NA,1,NA,NA,NA,NA,9,NA,NA,Anthopleura elegantissima,Aggregating anemone,2018_koeye-estuary_depth,koeye estuary,seagrass,2018-06-19,NA,2018,depth,2,edna_ko_e3_15,depth,biological,16,15.94,8.1,NA,NA,NA,2.2,975,0,51.77943387,-127.8717879,sand,NA,NA,NA,seagrass,zostera,seagrass_sand,zostera_sand,100,1.96163e-160,313,Metazoa,Cnidaria,Cnidaria,Actiniaria,Actiniidae,Anthopleura,0,0,TRUE,ASV1168,1,Anthopleura elegantissima
edna0005,ASV2640,motu1014,Corophiidae,Amphipod,family,NA,NA,NA,1,NA,NA,NA,NA,37,NA,37,Corophiidae,Amphipod,2018_koeye-estuary_depth,koeye estuary,seagrass,2018-06-19,NA,2018,depth,2,edna_ko_e3_15,depth,biological,16,15.94,8.1,NA,NA,NA,2.2,975,0,51.77943387,-127.8717879,sand,NA,NA,NA,seagrass,zostera,seagrass_sand,zostera_sand,98.72,3.29388e-153,300,Metazoa,Arthropoda,Malacostraca,Amphipoda,Corophiidae,NA,0,0,TRUE,ASV1186,2,NA
edna0005,ASV3774,motu2971,Paranais,Freshwater oligochaete,genus,NA,NA,NA,1,NA,NA,NA,NA,5,NA,8,Paranais,Freshwater oligochaete,2018_koeye-estuary_depth,koeye estuary,seagrass,2018-06-19,NA,2018,depth,2,edna_ko_e3_15,depth,biological,16,15.94,8.1,NA,NA,NA,2.2,975,0,51.77943387,-127.8717879,sand,NA,NA,NA,seagrass,zostera,seagrass_sand,zostera_sand,90.85,2.6449e-109,221,Metazoa,Annelida,Annelida,Tubificida,Naididae,Paranais,0,0,TRUE,ASV3774,2,NA
edna0005,ASV4696,motu3643,Hermosita,Nudibranch species,genus,NA,NA,NA,1,NA,NA,NA,NA,10,NA,NA,Hermosita,Nudibranch species,2018_koeye-estuary_depth,koeye estuary,seagrass,2018-06-19,NA,2018,depth,2,edna_ko_e3_15,depth,biological,16,15.94,8.1,NA,NA,NA,2.2,975,0,51.77943387,-127.8717879,sand,NA,NA,NA,seagrass,zostera,seagrass_sand,zostera_sand,97.37,6.3747e-6,35,Metazoa,Mollusca,Mollusca,Nudibranchia,Facelinidae,Hermosita,0,0,TRUE,ASV4696,1,NA
edna0005,ASV5069,motu3903,Aparopionella,Hexapod,genus,NA,NA,NA,1,NA,NA,NA,NA,35,NA,NA,Aparopionella,Hexapod,2018_koeye-estuary_depth,koeye estuary,seagrass,2018-06-19,NA,2018,depth,2,edna_ko_e3_15,depth,biological,16,15.94,8.1,NA,NA,NA,2.2,975,0,51.77943387,-127.8717879,sand,NA,NA,NA,seagrass,zostera,seagrass_sand,zostera_sand,97.22,8.49993e-5,33,Metazoa,Arthropoda,Arthropoda,Coleoptera,Curculionidae,Aparopionella,NA,NA,TRUE,ASV5069,1,NA
edna0005,ASV4177,motu3275,Balclutha,Hexapod,genus,NA,NA,NA,1,NA,NA,NA,NA,14,NA,NA,Balclutha,Hexapod,2018_koeye-estuary_depth,koeye estuary,seagrass,2018-06-19,NA,2018,depth,2,edna_ko_e3_15,depth,biological,16,15.94,8.1,NA,NA,NA,2.2,975,0,51.77943387,-127.8717879,sand,NA,NA,NA,seagrass,zostera,seagrass_sand,zostera_sand,94.44,0.00408744,30,Metazoa,Arthropoda,Arthropoda,Hemiptera,Cicadellidae,Balclutha,NA,NA,TRUE,ASV4177,1,NA
edna0005,ASV5398,motu4144,Hermosita,Nudibranch species,genus,NA,NA,NA,1,NA,NA,NA,NA,7,NA,NA,Hermosita,Nudibranch species,2018_koeye-estuary_depth,koeye estuary,seagrass,2018-06-19,NA,2018,depth,2,edna_ko_e3_15,depth,biological,16,15.94,8.1,NA,NA,NA,2.2,975,0,51.77943387,-127.8717879,sand,NA,NA,NA,seagrass,zostera,seagrass_sand,zostera_sand,97.37,6.6444e-6,35,Metazoa,Mollusca,Mollusca,Nudibranchia,Facelinidae,Hermosita,0,0,TRUE,ASV5398,1,NA
edna0005,ASV6814,motu5297,Pagaronia,Hexapod,genus,NA,NA,NA,1,NA,NA,NA,NA,5,NA,NA,Pagaronia,Hexapod,2018_koeye-estuary_depth,koeye estuary,seagrass,2018-06-19,NA,2018,depth,2,edna_ko_e3_15,depth,biological,16,15.94,8.1,NA,NA,NA,2.2,975,0,51.77943387,-127.8717879,sand,NA,NA,NA,seagrass,zostera,seagrass_sand,zostera_sand,97.3,2.49185e-5,34,Metazoa,Arthropoda,Arthropoda,Hemiptera,Cicadellidae,Pagaronia,NA,NA,TRUE,ASV6814,1,NA
edna0005,ASV6953,motu5413,Calanidae,Calanoid copepod,family,NA,NA,NA,1,NA,NA,NA,NA,7,NA,NA,Calanidae,Calanoid copepod,2018_koeye-estuary_depth,koeye estuary,seagrass,2018-06-19,NA,2018,depth,2,edna_ko_e3_15,depth,biological,16,15.94,8.1,NA,NA,NA,2.2,975,0,51.77943387,-127.8717879,sand,NA,NA,NA,seagrass,zostera,seagrass_sand,zostera_sand,94.74,3.11868e-4,32,Metazoa,Arthropoda,Arthropoda,Calanoida,Calanidae,NA,0,0,TRUE,ASV6953,1,NA
edna0006,ASV132,motu118,Mesocentrotus franciscanus,Red sea urchin,species,NA,NA,NA,1,NA,NA,NA,NA,21,NA,NA,Mesocentrotus franciscanus,Red sea urchin,2018_koeye-estuary_depth,koeye estuary,seagrass,2018-06-19,NA,2018,depth,3,edna_ko_e3_30,depth,biological,16.1,14.74,8.12,NA,NA,NA,2.5,1000,0,51.77929649,-127.871914,sand,NA,NA,NA,seagrass,zostera,seagrass_sand,zostera_sand,100,2.51921e-159,311,Metazoa,Echinodermata,Echinoidea,Camarodonta,Strongylocentrotidae,Mesocentrotus,0,0,TRUE,ASV132,8,Mesocentrotus franciscanus
edna0006,ASV216,motu190,Mytilus trossulus,Bay mussel,species,NA,NA,NA,1,NA,NA,NA,NA,83,NA,NA,Mytilus trossulus,Bay mussel,2018_koeye-estuary_depth,koeye estuary,seagrass,2018-06-19,NA,2018,depth,3,edna_ko_e3_30,depth,biological,16.1,14.74,8.12,NA,NA,NA,2.5,1000,0,51.77929649,-127.871914,sand,NA,NA,NA,seagrass,zostera,seagrass_sand,zostera_sand,100,3.2351099999999996e-158,309,Metazoa,Mollusca,Mollusca,Mytilida,Mytilidae,Mytilus,0,0,TRUE,ASV216,23,Mytilus trossulus
edna0006,ASV270,motu199,Mytilus,Mussel species,genus,NA,NA,NA,1,NA,NA,NA,NA,71,NA,NA,Mytilus trossulus,Bay mussel,2018_koeye-estuary_depth,koeye estuary,seagrass,2018-06-19,NA,2018,depth,3,edna_ko_e3_30,depth,biological,16.1,14.74,8.12,NA,NA,NA,2.5,1000,0,51.77929649,-127.871914,sand,NA,NA,NA,seagrass,zostera,seagrass_sand,zostera_sand,100,3.2351099999999996e-158,309,Metazoa,Mollusca,Mollusca,Mytilida,Mytilidae,Mytilus,0,0,TRUE,ASV226,18,NA
edna0006,ASV354,motu313,Mitrocoma cellularia,Cross jelly,species,NA,NA,NA,1,NA,NA,NA,NA,28,NA,NA,Mitrocoma cellularia,Cross jelly,2018_koeye-estuary_depth,koeye estuary,seagrass,2018-06-19,NA,2018,depth,3,edna_ko_e3_30,depth,biological,16.1,14.74,8.12,NA,NA,NA,2.5,1000,0,51.77929649,-127.871914,sand,NA,NA,NA,seagrass,zostera,seagrass_sand,zostera_sand,100,1.4886099999999998e-156,306,Metazoa,Cnidaria,Hydrozoa,Leptothecata,Mitrocomidae,Mitrocoma,0,0,TRUE,ASV354,2,Mitrocoma cellularia
edna0006,ASV251,motu105,Mesocentrotus franciscanus,Red sea urchin,species,NA,NA,NA,1,NA,NA,NA,NA,23,NA,NA,Mesocentrotus franciscanus,Red sea urchin,2018_koeye-estuary_depth,koeye estuary,seagrass,2018-06-19,NA,2018,depth,3,edna_ko_e3_30,depth,biological,16.1,14.74,8.12,NA,NA,NA,2.5,1000,0,51.77929649,-127.871914,sand,NA,NA,NA,seagrass,zostera,seagrass_sand,zostera_sand,100,7.02982e-160,312,Metazoa,Echinodermata,Echinoidea,Camarodonta,Strongylocentrotidae,Mesocentrotus,0,0,TRUE,ASV118,8,Mesocentrotus franciscanus
edna0006,ASV598,motu524,Strongylocentrotus droebachiensis,Green sea urcin,species,NA,NA,NA,1,NA,NA,NA,NA,46,NA,NA,Strongylocentrotus droebachiensis,Green sea urcin,2018_koeye-estuary_depth,koeye estuary,seagrass,2018-06-19,NA,2018,depth,3,edna_ko_e3_30,depth,biological,16.1,14.74,8.12,NA,NA,NA,2.5,1000,0,51.77929649,-127.871914,sand,NA,NA,NA,seagrass,zostera,seagrass_sand,zostera_sand,100,1.96163e-160,313,Metazoa,Echinodermata,Echinoidea,Camarodonta,Strongylocentrotidae,Strongylocentrotus,0,0,TRUE,ASV598,2,Strongylocentrotus droebachiensis
edna0006,ASV682,motu593,Strongylocentrotus droebachiensis,Green sea urcin,species,NA,NA,NA,1,NA,NA,NA,NA,49,NA,NA,Strongylocentrotus droebachiensis,Green sea urcin,2018_koeye-estuary_depth,koeye estuary,seagrass,2018-06-19,NA,2018,depth,3,edna_ko_e3_30,depth,biological,16.1,14.74,8.12,NA,NA,NA,2.5,1000,0,51.77929649,-127.871914,sand,NA,NA,NA,seagrass,zostera,seagrass_sand,zostera_sand,100,1.96163e-160,313,Metazoa,Echinodermata,Echinoidea,Camarodonta,Strongylocentrotidae,Strongylocentrotus,0,0,TRUE,ASV682,2,Strongylocentrotus droebachiensis
edna0006,ASV679,motu591,Phyllodocida,Polychaete,order,NA,NA,NA,1,NA,NA,NA,NA,36,NA,NA,Phyllodocida,Polychaete,2018_koeye-estuary_depth,koeye estuary,seagrass,2018-06-19,NA,2018,depth,3,edna_ko_e3_30,depth,biological,16.1,14.74,8.12,NA,NA,NA,2.5,1000,0,51.77929649,-127.871914,sand,NA,NA,NA,seagrass,zostera,seagrass_sand,zostera_sand,100,0.0603188,28,Metazoa,Annelida,Annelida,Phyllodocida,NA,NA,0,0,TRUE,ASV679,1,NA
edna0006,ASV733,motu637,Phyllodocida,Polychaete,order,NA,NA,NA,1,NA,NA,NA,NA,19,NA,NA,Phyllodocida,Polychaete,2018_koeye-estuary_depth,koeye estuary,seagrass,2018-06-19,NA,2018,depth,3,edna_ko_e3_30,depth,biological,16.1,14.74,8.12,NA,NA,NA,2.5,1000,0,51.77929649,-127.871914,sand,NA,NA,NA,seagrass,zostera,seagrass_sand,zostera_sand,100,0.0603188,28,Metazoa,Annelida,Annelida,Phyllodocida,NA,NA,0,0,TRUE,ASV733,1,NA
edna0006,ASV1254,motu1064,Mya arenaria,Softshell clam,species,NA,NA,NA,1,NA,NA,NA,NA,55,NA,NA,Mya arenaria,Softshell clam,2018_koeye-estuary_depth,koeye estuary,seagrass,2018-06-19,NA,2018,depth,3,edna_ko_e3_30,depth,biological,16.1,14.74,8.12,NA,NA,NA,2.5,1000,0,51.77929649,-127.871914,sand,NA,NA,NA,seagrass,zostera,seagrass_sand,zostera_sand,100,4.2619199999999965e-162,316,Metazoa,Mollusca,Bivalvia,Myida,Myidae,Mya,0,0,TRUE,ASV1254,1,Mya arenaria
edna0006,ASV1243,motu1054,Mya arenaria,Softshell clam,species,NA,NA,NA,1,NA,NA,NA,NA,62,NA,NA,Mya arenaria,Softshell clam,2018_koeye-estuary_depth,koeye estuary,seagrass,2018-06-19,NA,2018,depth,3,edna_ko_e3_30,depth,biological,16.1,14.74,8.12,NA,NA,NA,2.5,1000,0,51.77929649,-127.871914,sand,NA,NA,NA,seagrass,zostera,seagrass_sand,zostera_sand,100,4.2619199999999965e-162,316,Metazoa,Mollusca,Bivalvia,Myida,Myidae,Mya,0,0,TRUE,ASV1243,1,Mya arenaria
edna0006,ASV1291,motu1092,Metridium senile,Plumose anemone,species,NA,NA,NA,1,NA,NA,NA,NA,3,NA,NA,Metridium senile,Plumose anemone,2018_koeye-estuary_depth,koeye estuary,seagrass,2018-06-19,NA,2018,depth,3,edna_ko_e3_30,depth,biological,16.1,14.74,8.12,NA,NA,NA,2.5,1000,0,51.77929649,-127.871914,sand,NA,NA,NA,seagrass,zostera,seagrass_sand,zostera_sand,100,1.4886099999999998e-156,306,Metazoa,Cnidaria,Anthozoa,Actiniaria,Metridiidae,Metridium,0,0,TRUE,ASV1291,2,Metridium senile
edna0006,ASV1293,motu1094,Asteriidae,Sea star,family,NA,NA,NA,1,NA,NA,NA,NA,35,NA,NA,Asteriidae,Sea star,2018_koeye-estuary_depth,koeye estuary,seagrass,2018-06-19,NA,2018,depth,3,edna_ko_e3_30,depth,biological,16.1,14.74,8.12,NA,NA,NA,2.5,1000,0,51.77929649,-127.871914,sand,NA,NA,NA,seagrass,zostera,seagrass_sand,zostera_sand,100,1.96163e-160,313,Metazoa,Echinodermata,Echinodermata,Forcipulatida,Asteriidae,NA,0,0,TRUE,ASV1293,1,NA
edna0006,ASV2439,motu1990,Epilabidocera longipedata,Calanoid copepod,species,NA,NA,NA,1,NA,NA,NA,NA,235,NA,NA,Epilabidocera longipedata,Calanoid copepod,2018_koeye-estuary_depth,koeye estuary,seagrass,2018-06-19,NA,2018,depth,3,edna_ko_e3_30,depth,biological,16.1,14.74,8.12,NA,NA,NA,2.5,1000,0,51.77929649,-127.871914,sand,NA,NA,NA,seagrass,zostera,seagrass_sand,zostera_sand,98.53,5.9794699999999966e-96,197,Metazoa,Arthropoda,Copepoda,Calanoida,Pontellidae,Epilabidocera,0,0,TRUE,ASV2439,1,Epilabidocera longipedata
edna0006,ASV2640,motu1014,Corophiidae,Amphipod,family,NA,NA,NA,1,NA,NA,NA,NA,28,NA,NA,Corophiidae,Amphipod,2018_koeye-estuary_depth,koeye estuary,seagrass,2018-06-19,NA,2018,depth,3,edna_ko_e3_30,depth,biological,16.1,14.74,8.12,NA,NA,NA,2.5,1000,0,51.77929649,-127.871914,sand,NA,NA,NA,seagrass,zostera,seagrass_sand,zostera_sand,98.72,3.29388e-153,300,Metazoa,Arthropoda,Malacostraca,Amphipoda,Corophiidae,NA,0,0,TRUE,ASV1186,2,NA
edna0006,ASV5530,motu4244,Chaetogaster,Freshwater oligochaete,genus,NA,NA,NA,1,NA,NA,NA,NA,27,NA,NA,Chaetogaster,Freshwater oligochaete,2018_koeye-estuary_depth,koeye estuary,seagrass,2018-06-19,NA,2018,depth,3,edna_ko_e3_30,depth,biological,16.1,14.74,8.12,NA,NA,NA,2.5,1000,0,51.77929649,-127.871914,sand,NA,NA,NA,seagrass,zostera,seagrass_sand,zostera_sand,98.39,5.531789999999998e-151,296,Metazoa,Annelida,Clitellata,Tubificida,Naididae,Chaetogaster,1,0,TRUE,ASV5530,1,NA
edna0006,ASV5794,motu4452,Venerida,Bivalve,order,NA,NA,NA,1,NA,NA,NA,NA,3,NA,NA,Venerida,Bivalve,2018_koeye-estuary_depth,koeye estuary,seagrass,2018-06-19,NA,2018,depth,3,edna_ko_e3_30,depth,biological,16.1,14.74,8.12,NA,NA,NA,2.5,1000,0,51.77929649,-127.871914,sand,NA,NA,NA,seagrass,zostera,seagrass_sand,zostera_sand,100,0.0603188,28,Metazoa,Mollusca,Mollusca,Venerida,NA,NA,0,0,TRUE,ASV5794,1,NA
edna0006,ASV5945,motu4571,Chaetogaster,Freshwater oligochaete,genus,NA,NA,NA,1,NA,NA,NA,NA,21,NA,NA,Chaetogaster,Freshwater oligochaete,2018_koeye-estuary_depth,koeye estuary,seagrass,2018-06-19,NA,2018,depth,3,edna_ko_e3_30,depth,biological,16.1,14.74,8.12,NA,NA,NA,2.5,1000,0,51.77929649,-127.871914,sand,NA,NA,NA,seagrass,zostera,seagrass_sand,zostera_sand,98.39,5.531789999999998e-151,296,Metazoa,Annelida,Clitellata,Tubificida,Naididae,Chaetogaster,1,0,TRUE,ASV5945,1,NA
edna0006,ASV6030,motu675,Aequorea,Crystal jelly species,genus,NA,NA,NA,1,NA,NA,NA,NA,20,NA,NA,Aequorea,Crystal jelly species,2018_koeye-estuary_depth,koeye estuary,seagrass,2018-06-19,NA,2018,depth,3,edna_ko_e3_30,depth,biological,16.1,14.74,8.12,NA,NA,NA,2.5,1000,0,51.77929649,-127.871914,sand,NA,NA,NA,seagrass,zostera,seagrass_sand,zostera_sand,99.67,6.925819999999995e-155,303,Metazoa,Cnidaria,Hydrozoa,Leptothecata,Aequoreidae,Aequorea,0,0,TRUE,ASV775,3,NA
edna0007,ASV1175,motu1006,Dodecaceria,Cirratulid polychaete,genus,NA,NA,NA,1,NA,NA,NA,NA,6,NA,NA,Dodecaceria,Cirratulid polychaete,2018_choked-pass_surface,choked pass,seagrass,2018-06-19,NA,2018,surface,1,edna_ch_i3_00,surface,biological,12.4,30.66,8.05,NA,NA,NA,7,1000,0,51.67529798,-128.1193259,sand,NA,NA,NA,seagrass,zostera,seagrass_sand,zostera_sand,100,2.51921e-159,311,Metazoa,Annelida,Polychaeta,Terebellida,Cirratulidae,Dodecaceria,0,0,TRUE,ASV1175,1,NA
edna0013,ASV1358,motu1145,Chthamalus dalli,Little brown barnacle,species,NA,NA,NA,1,NA,NA,NA,NA,789,NA,NA,Chthamalus dalli,Little brown barnacle,2018_pruth-bay_surface,pruth bay,seagrass,2018-06-19,NA,2018,surface,1,edna_pr_i3_00,surface,biological,14.7,27.8,8.23,NA,NA,NA,2.9,1000,0,51.64585977,-128.1195476,sand,NA,NA,NA,seagrass,zostera,seagrass_sand,zostera_sand,99.04,2.5370999999999983e-154,302,Metazoa,Arthropoda,Thecostraca,Balanomorpha,Chthamalidae,Chthamalus,0,0,TRUE,ASV1358,1,Chthamalus dalli
edna0013,ASV1057,motu909,Orobdella,Freshwater leech,genus,NA,NA,NA,1,NA,NA,NA,NA,5,NA,NA,Orobdella,Freshwater leech,2018_pruth-bay_surface,pruth bay,seagrass,2018-06-19,NA,2018,surface,1,edna_pr_i3_00,surface,biological,14.7,27.8,8.23,NA,NA,NA,2.9,1000,0,51.64585977,-128.1195476,sand,NA,NA,NA,seagrass,zostera,seagrass_sand,zostera_sand,97.06,0.0011939,31,Metazoa,Annelida,Annelida,Erpobdelliformes,Orobdellidae,Orobdella,NA,NA,TRUE,ASV1057,1,NA
edna0013,ASV4522,motu181,Pseudocalanus mimus,Calanoid copepod,species,NA,NA,NA,1,NA,NA,NA,NA,49,NA,NA,Pseudocalanus mimus,Calanoid copepod,2018_pruth-bay_surface,pruth bay,seagrass,2018-06-19,NA,2018,surface,1,edna_pr_i3_00,surface,biological,14.7,27.8,8.23,NA,NA,NA,2.9,1000,0,51.64585977,-128.1195476,sand,NA,NA,NA,seagrass,zostera,seagrass_sand,zostera_sand,99.67,5.531789999999998e-151,296,Metazoa,Arthropoda,Copepoda,Calanoida,Clausocalanidae,Pseudocalanus,0,0,TRUE,ASV205,8,Pseudocalanus mimus
edna0013,ASV5584,motu4288,Sarsia tubulosa,Clapper hydroid,species,NA,NA,NA,1,NA,NA,NA,NA,5,NA,NA,Sarsia tubulosa,Clapper hydroid,2018_pruth-bay_surface,pruth bay,seagrass,2018-06-19,NA,2018,surface,1,edna_pr_i3_00,surface,biological,14.7,27.8,8.23,NA,NA,NA,2.9,1000,0,51.64585977,-128.1195476,sand,NA,NA,NA,seagrass,zostera,seagrass_sand,zostera_sand,99.36,4.246189999999999e-157,307,Metazoa,Cnidaria,Cnidaria,Anthoathecata,Corynidae,Sarsia,0,0,TRUE,ASV5584,1,Sarsia tubulosa
edna0013,ASV6021,motu4633,Bolinopsis microptera,Short-lobed comb jelly,species,NA,NA,NA,1,NA,NA,NA,NA,3,NA,NA,Bolinopsis microptera,Short-lobed comb jelly,2018_pruth-bay_surface,pruth bay,seagrass,2018-06-19,NA,2018,surface,1,edna_pr_i3_00,surface,biological,14.7,27.8,8.23,NA,NA,NA,2.9,1000,0,51.64585977,-128.1195476,sand,NA,NA,NA,seagrass,zostera,seagrass_sand,zostera_sand,100,1.96163e-160,313,Metazoa,Ctenophora,Tentaculata,Lobata,Bolinopsidae,Bolinopsis,0,0,TRUE,ASV6021,1,Bolinopsis microptera
edna0008,ASV622,motu22,Acartia (Acartiura) longiremis,Calanoid copepod,species,NA,NA,NA,1,NA,NA,NA,NA,86,NA,NA,Acartia (Acartiura) longiremis,Calanoid copepod,2018_choked-pass_surface,choked pass,seagrass,2018-06-19,NA,2018,surface,2,edna_ch_i3_15,surface,biological,12.3,30.69,8.08,NA,NA,NA,7,1000,0,51.67531843,-128.1195572,sand,NA,NA,NA,seagrass,zostera,seagrass_sand,zostera_sand,99.68,9.126599999999999e-159,310,Metazoa,Arthropoda,Copepoda,Calanoida,Acartiidae,Acartia,0,0,TRUE,ASV25,27,Acartia (Acartiura) longiremis
edna0008,ASV775,motu675,Aequorea,Crystal jelly species,genus,NA,NA,NA,1,NA,NA,NA,NA,2,NA,NA,Aequorea,Crystal jelly species,2018_choked-pass_surface,choked pass,seagrass,2018-06-19,NA,2018,surface,2,edna_ch_i3_15,surface,biological,12.3,30.69,8.08,NA,NA,NA,7,1000,0,51.67531843,-128.1195572,sand,NA,NA,NA,seagrass,zostera,seagrass_sand,zostera_sand,100,1.4886099999999998e-156,306,Metazoa,Cnidaria,Hydrozoa,Leptothecata,Aequoreidae,Aequorea,0,0,TRUE,ASV775,3,NA
edna0008,ASV5050,motu3892,Bolinopsis microptera,Short-lobed comb jelly,species,NA,NA,NA,1,NA,NA,NA,NA,2,NA,NA,Bolinopsis microptera,Short-lobed comb jelly,2018_choked-pass_surface,choked pass,seagrass,2018-06-19,NA,2018,surface,2,edna_ch_i3_15,surface,biological,12.3,30.69,8.08,NA,NA,NA,7,1000,0,51.67531843,-128.1195572,sand,NA,NA,NA,seagrass,zostera,seagrass_sand,zostera_sand,100,1.96163e-160,313,Metazoa,Ctenophora,Tentaculata,Lobata,Bolinopsidae,Bolinopsis,0,0,TRUE,ASV5050,1,Bolinopsis microptera
edna0009,ASV386,motu316,Hiatella,Clam species,genus,NA,NA,NA,1,NA,NA,NA,NA,6,NA,4,Hiatella,Clam species,2018_choked-pass_surface,choked pass,seagrass,2018-06-19,NA,2018,surface,3,edna_ch_i3_30,surface,biological,12.3,30.72,8.07,NA,NA,NA,7.1,1000,0,51.67533222,-128.1197834,sand,NA,NA,NA,seagrass,zostera,seagrass_sand,zostera_sand,100,9.027749999999999e-159,310,Metazoa,Mollusca,Bivalvia,Adapedonta,Hiatellidae,Hiatella,0,0,TRUE,ASV357,9,NA
edna0012,ASV838,motu729,Strongylocentrotus purpuratus,Purple sea urchin,species,NA,NA,NA,1,NA,NA,NA,NA,9,NA,9,Strongylocentrotus purpuratus,Purple sea urchin,2018_choked-pass_depth,choked pass,seagrass,2018-06-19,NA,2018,depth,3,edna_ch_i3_30,depth,biological,12.1,30.76,8.08,NA,NA,NA,7.1,1000,0,51.67533222,-128.1197834,sand,NA,NA,NA,seagrass,zostera,seagrass_sand,zostera_sand,100,1.96163e-160,313,Metazoa,Echinodermata,Echinoidea,Camarodonta,Strongylocentrotidae,Strongylocentrotus,0,0,TRUE,ASV838,2,Strongylocentrotus purpuratus
edna0012,ASV2242,motu1847,Aglaja ocelligera,Spotted Aglaga,species,NA,NA,NA,1,NA,NA,NA,NA,9,NA,14,Aglaja ocelligera,Spotted Aglaga,2018_choked-pass_depth,choked pass,seagrass,2018-06-19,NA,2018,depth,3,edna_ch_i3_30,depth,biological,12.1,30.76,8.08,NA,NA,NA,7.1,1000,0,51.67533222,-128.1197834,sand,NA,NA,NA,seagrass,zostera,seagrass_sand,zostera_sand,98.72,9.19139e-154,301,Metazoa,Mollusca,Gastropoda,Cephalaspidea,Aglajidae,Aglaja,0,0,TRUE,ASV2242,1,Aglaja ocelligera
edna0012,ASV5406,motu1483,Orthopyxis,Thecate Hydroid,genus,NA,NA,NA,1,NA,NA,NA,NA,3,NA,NA,Orthopyxis,Thecate Hydroid,2018_choked-pass_depth,choked pass,seagrass,2018-06-19,NA,2018,depth,3,edna_ch_i3_30,depth,biological,12.1,30.76,8.08,NA,NA,NA,7.1,1000,0,51.67533222,-128.1197834,sand,NA,NA,NA,seagrass,zostera,seagrass_sand,zostera_sand,95.53,4.36807e-137,271,Metazoa,Cnidaria,Cnidaria,Leptothecata,Campanulariidae,Orthopyxis,0,0,TRUE,ASV1779,2,NA
edna0014,ASV2274,motu1873,Paracalanus,Calanoid copepod,genus,NA,NA,NA,1,NA,NA,NA,NA,3,NA,NA,Paracalanus,Calanoid copepod,2018_pruth-bay_surface,pruth bay,seagrass,2018-06-19,NA,2018,surface,2,edna_pr_i3_15,surface,biological,14.7,27.76,8.23,NA,NA,NA,3,1000,0,51.64592951,-128.1198341,sand,NA,NA,NA,seagrass,zostera,seagrass_sand,zostera_sand,99.68,9.126599999999999e-159,310,Metazoa,Arthropoda,Arthropoda,Calanoida,Paracalanidae,Paracalanus,0,0,TRUE,ASV2274,1,NA
edna0014,ASV5584,motu4288,Sarsia tubulosa,Clapper hydroid,species,NA,NA,NA,1,NA,NA,NA,NA,9,NA,12,Sarsia tubulosa,Clapper hydroid,2018_pruth-bay_surface,pruth bay,seagrass,2018-06-19,NA,2018,surface,2,edna_pr_i3_15,surface,biological,14.7,27.76,8.23,NA,NA,NA,3,1000,0,51.64592951,-128.1198341,sand,NA,NA,NA,seagrass,zostera,seagrass_sand,zostera_sand,99.36,4.246189999999999e-157,307,Metazoa,Cnidaria,Cnidaria,Anthoathecata,Corynidae,Sarsia,0,0,TRUE,ASV5584,1,Sarsia tubulosa
edna0014,ASV6832,motu5312,Architaenioglossa,Terrestrial snail,order,NA,NA,NA,1,NA,NA,NA,NA,8,NA,NA,Architaenioglossa,Terrestrial snail,2018_pruth-bay_surface,pruth bay,seagrass,2018-06-19,NA,2018,surface,2,edna_pr_i3_15,surface,biological,14.7,27.76,8.23,NA,NA,NA,3,1000,0,51.64592951,-128.1198341,sand,NA,NA,NA,seagrass,zostera,seagrass_sand,zostera_sand,100,0.0148346,29,Metazoa,Mollusca,Mollusca,Architaenioglossa,NA,NA,0,1,TRUE,ASV6832,1,NA
edna0015,ASV233,motu74,Euchlanidae,Rotifer,family,NA,NA,NA,1,NA,NA,NA,NA,35,NA,49,No Results,No Results,2018_pruth-bay_surface,pruth bay,seagrass,2018-06-19,NA,2018,surface,3,edna_pr_i3_30,surface,biological,14.6,27.85,8.24,NA,NA,NA,3,1000,plus or minus 50mL,51.64596882,-128.1200866,sand,NA,NA,NA,seagrass,zostera,seagrass_sand,zostera_sand,91.35,3.005919999999998e-29,77,Metazoa,Rotifera,Rotifera,Ploima,Euchlanidae,NA,1,NA,TRUE,ASV84,2,NA
edna0015,ASV3203,motu31,Centropages abdominalis,Calanoid copepod,species,NA,NA,NA,1,NA,NA,NA,NA,46,NA,79,Centropages abdominalis,Calanoid copepod,2018_pruth-bay_surface,pruth bay,seagrass,2018-06-19,NA,2018,surface,3,edna_pr_i3_30,surface,biological,14.6,27.85,8.24,NA,NA,NA,3,1000,plus or minus 50mL,51.64596882,-128.1200866,sand,NA,NA,NA,seagrass,zostera,seagrass_sand,zostera_sand,99.68,9.126599999999999e-159,310,Metazoa,Arthropoda,Copepoda,Calanoida,Centropagidae,Centropages,0,0,TRUE,ASV34,19,Centropages abdominalis
edna0022,ASV354,motu313,Mitrocoma cellularia,Cross jelly,species,NA,NA,NA,1,NA,NA,NA,NA,13,NA,11,Mitrocoma cellularia,Cross jelly,2018_chp_surface,chp,beach_seine,2018-07-12,2018-07-10,2018,surface,1,edna_chp_00,surface,biological,12,30.48,8.13,NA,NA,NA,3.5,1000,0,51.67615482,-128.1232837,sand,n,35,e,seagrass,zostera,seagrass_sand,zostera_sand,100,1.4886099999999998e-156,306,Metazoa,Cnidaria,Hydrozoa,Leptothecata,Mitrocomidae,Mitrocoma,0,0,TRUE,ASV354,2,Mitrocoma cellularia
edna0022,ASV521,motu458,Sabellariidae,Feather duster worm,family,NA,NA,NA,1,NA,NA,NA,NA,23,NA,NA,Sabellariidae,Feather duster worm,2018_chp_surface,chp,beach_seine,2018-07-12,2018-07-10,2018,surface,1,edna_chp_00,surface,biological,12,30.48,8.13,NA,NA,NA,3.5,1000,0,51.67615482,-128.1232837,sand,n,35,e,seagrass,zostera,seagrass_sand,zostera_sand,99.68,1.5051499999999994e-156,306,Metazoa,Annelida,Polychaeta,NA,Sabellariidae,NA,0,0,TRUE,ASV521,12,NA
edna0022,ASV2414,motu1743,Notomastus,Capitellid polychaete,genus,NA,NA,NA,1,NA,NA,NA,NA,3,NA,NA,Notomastus,Capitellid polychaete,2018_chp_surface,chp,beach_seine,2018-07-12,2018-07-10,2018,surface,1,edna_chp_00,surface,biological,12,30.48,8.13,NA,NA,NA,3.5,1000,0,51.67615482,-128.1232837,sand,n,35,e,seagrass,zostera,seagrass_sand,zostera_sand,100,1.96163e-160,313,Metazoa,Annelida,Polychaeta,NA,Capitellidae,Notomastus,0,0,TRUE,ASV2114,2,NA
edna0022,ASV3180,motu2546,Myxicola aesthetica,Feather duster worm,species,NA,NA,NA,1,NA,NA,NA,NA,6,NA,NA,Myxicola aesthetica,Feather duster worm,2018_chp_surface,chp,beach_seine,2018-07-12,2018-07-10,2018,surface,1,edna_chp_00,surface,biological,12,30.48,8.13,NA,NA,NA,3.5,1000,0,51.67615482,-128.1232837,sand,n,35,e,seagrass,zostera,seagrass_sand,zostera_sand,100,5.334159999999996e-156,305,Metazoa,Annelida,Polychaeta,Sabellida,Sabellidae,Myxicola,0,0,TRUE,ASV3180,2,Myxicola aesthetica
edna0022,ASV2908,motu316,Hiatella,Clam species,genus,NA,NA,NA,1,NA,NA,NA,NA,7,NA,9,Hiatella,Clam species,2018_chp_surface,chp,beach_seine,2018-07-12,2018-07-10,2018,surface,1,edna_chp_00,surface,biological,12,30.48,8.13,NA,NA,NA,3.5,1000,0,51.67615482,-128.1232837,sand,n,35,e,seagrass,zostera,seagrass_sand,zostera_sand,99.68,4.200199999999998e-157,307,Metazoa,Mollusca,Bivalvia,Adapedonta,Hiatellidae,Hiatella,0,0,TRUE,ASV357,9,NA
edna0022,ASV3929,motu3086,Spionidae,Spionid polychaete,family,NA,NA,NA,1,NA,NA,NA,NA,76,NA,NA,Spionidae,Spionid polychaete,2018_chp_surface,chp,beach_seine,2018-07-12,2018-07-10,2018,surface,1,edna_chp_00,surface,biological,12,30.48,8.13,NA,NA,NA,3.5,1000,0,51.67615482,-128.1232837,sand,n,35,e,seagrass,zostera,seagrass_sand,zostera_sand,92.7,6.39464e-46,107,Metazoa,Annelida,Annelida,Spionida,Spionidae,NA,0,0,TRUE,ASV3929,1,NA
edna0022,ASV4866,motu1328,Strongylocentrotus purpuratus,Purple sea urchin,species,NA,NA,NA,1,NA,NA,NA,NA,40,NA,NA,Strongylocentrotus purpuratus,Purple sea urchin,2018_chp_surface,chp,beach_seine,2018-07-12,2018-07-10,2018,surface,1,edna_chp_00,surface,biological,12,30.48,8.13,NA,NA,NA,3.5,1000,0,51.67615482,-128.1232837,sand,n,35,e,seagrass,zostera,seagrass_sand,zostera_sand,99.68,9.126599999999999e-159,310,Metazoa,Echinodermata,Echinoidea,Camarodonta,Strongylocentrotidae,Strongylocentrotus,0,0,TRUE,ASV1576,4,Strongylocentrotus purpuratus
edna0022,ASV6833,motu5313,Apoidea,Hexapod,family,NA,NA,NA,1,NA,NA,NA,NA,2,NA,NA,Apoidea,Hexapod,2018_chp_surface,chp,beach_seine,2018-07-12,2018-07-10,2018,surface,1,edna_chp_00,surface,biological,12,30.48,8.13,NA,NA,NA,3.5,1000,0,51.67615482,-128.1232837,sand,n,35,e,seagrass,zostera,seagrass_sand,zostera_sand,100,0.0142932,29,Metazoa,Arthropoda,Arthropoda,Hymenoptera,Apoidea,NA,NA,NA,TRUE,ASV6833,1,NA
edna0022,ASV7762,motu6108,Apoidea,Hexapod,family,NA,NA,NA,1,NA,NA,NA,NA,2,NA,NA,Apoidea,Hexapod,2018_chp_surface,chp,beach_seine,2018-07-12,2018-07-10,2018,surface,1,edna_chp_00,surface,biological,12,30.48,8.13,NA,NA,NA,3.5,1000,0,51.67615482,-128.1232837,sand,n,35,e,seagrass,zostera,seagrass_sand,zostera_sand,100,0.0142932,29,Metazoa,Arthropoda,Arthropoda,Hymenoptera,Apoidea,NA,NA,NA,TRUE,ASV7762,1,NA
edna0023,ASV357,motu316,Hiatella,Clam species,genus,NA,NA,NA,1,NA,NA,NA,NA,17,NA,NA,Hiatella,Clam species,2018_chp_depth,chp,beach_seine,2018-07-12,2018-07-10,2018,depth,1,edna_chp_15,depth,biological,NA,NA,NA,NA,NA,NA,3.5,1000,0,51.67628487,-128.1233672,sand,n,35,e,seagrass,zostera,seagrass_sand,zostera_sand,100,9.027749999999999e-159,310,Metazoa,Mollusca,Bivalvia,Adapedonta,Hiatellidae,Hiatella,0,0,TRUE,ASV357,9,NA
edna0023,ASV679,motu591,Phyllodocida,Polychaete,order,NA,NA,NA,1,NA,NA,NA,NA,5,NA,NA,Phyllodocida,Polychaete,2018_chp_depth,chp,beach_seine,2018-07-12,2018-07-10,2018,depth,1,edna_chp_15,depth,biological,NA,NA,NA,NA,NA,NA,3.5,1000,0,51.67628487,-128.1233672,sand,n,35,e,seagrass,zostera,seagrass_sand,zostera_sand,100,0.0603188,28,Metazoa,Annelida,Annelida,Phyllodocida,NA,NA,0,0,TRUE,ASV679,1,NA
edna0023,ASV1441,motu1218,Halosydna brevisetosa,Shortscaled worm,species,NA,NA,NA,1,NA,NA,NA,NA,223,NA,NA,Halosydna brevisetosa,Shortscaled worm,2018_chp_depth,chp,beach_seine,2018-07-12,2018-07-10,2018,depth,1,edna_chp_15,depth,biological,NA,NA,NA,NA,NA,NA,3.5,1000,0,51.67628487,-128.1233672,sand,n,35,e,seagrass,zostera,seagrass_sand,zostera_sand,100,2.51921e-159,311,Metazoa,Annelida,Polychaeta,Phyllodocida,Polynoidae,Halosydna,0,0,TRUE,ASV1441,3,Halosydna brevisetosa
edna0023,ASV1655,motu1104,Haliotis kamtschatkana,Northern abalone,species,NA,NA,NA,1,NA,NA,NA,NA,15,NA,NA,Haliotis kamtschatkana,Northern abalone,2018_chp_depth,chp,beach_seine,2018-07-12,2018-07-10,2018,depth,1,edna_chp_15,depth,biological,NA,NA,NA,NA,NA,NA,3.5,1000,0,51.67628487,-128.1233672,sand,n,35,e,seagrass,zostera,seagrass_sand,zostera_sand,100,7.02982e-160,312,Metazoa,Mollusca,Mollusca,Lepetellida,Haliotidae,Haliotis,0,0,TRUE,ASV1304,9,Haliotis kamtschatkana
edna0023,ASV3125,motu2512,Chaetognatha,Arrow worm,phylum,NA,NA,NA,1,NA,NA,NA,NA,28,NA,NA,Chaetognatha,Arrow worm,2018_chp_depth,chp,beach_seine,2018-07-12,2018-07-10,2018,depth,1,edna_chp_15,depth,biological,NA,NA,NA,NA,NA,NA,3.5,1000,0,51.67628487,-128.1233672,sand,n,35,e,seagrass,zostera,seagrass_sand,zostera_sand,95.02,1.67366e-81,171,Metazoa,Chaetognatha,NA,NA,NA,NA,0,0,TRUE,ASV3125,1,NA
edna0023,ASV3775,motu2972,Pseudocalanus mimus,Calanoid copepod,species,NA,NA,NA,1,NA,NA,NA,28,24,NA,32,Pseudocalanus mimus,Calanoid copepod,2018_chp_depth,chp,beach_seine,2018-07-12,2018-07-10,2018,depth,1,edna_chp_15,depth,biological,NA,NA,NA,NA,NA,NA,3.5,1000,0,51.67628487,-128.1233672,sand,n,35,e,seagrass,zostera,seagrass_sand,zostera_sand,99.67,5.531789999999998e-151,296,Metazoa,Arthropoda,Copepoda,Calanoida,Clausocalanidae,Pseudocalanus,0,0,TRUE,ASV3775,1,Pseudocalanus mimus
edna0023,ASV4162,motu2411,Amphipholis squamata,Dwarf brittle star,species,NA,NA,NA,1,NA,NA,NA,23,19,NA,22,Amphipholis squamata,Dwarf brittle star,2018_chp_depth,chp,beach_seine,2018-07-12,2018-07-10,2018,depth,1,edna_chp_15,depth,biological,NA,NA,NA,NA,NA,NA,3.5,1000,0,51.67628487,-128.1233672,sand,n,35,e,seagrass,zostera,seagrass_sand,zostera_sand,99.68,1.5051499999999994e-156,306,Metazoa,Echinodermata,Ophiuroidea,Amphilepidida,Amphiuridae,Amphipholis,0,0,TRUE,ASV2992,2,Amphipholis squamata
edna0023,ASV5645,motu4333,Pseudocalanus mimus,Calanoid copepod,species,NA,NA,NA,1,NA,NA,NA,NA,25,NA,NA,Pseudocalanus mimus,Calanoid copepod,2018_chp_depth,chp,beach_seine,2018-07-12,2018-07-10,2018,depth,1,edna_chp_15,depth,biological,NA,NA,NA,NA,NA,NA,3.5,1000,0,51.67628487,-128.1233672,sand,n,35,e,seagrass,zostera,seagrass_sand,zostera_sand,99.67,5.531789999999998e-151,296,Metazoa,Arthropoda,Copepoda,Calanoida,Clausocalanidae,Pseudocalanus,0,0,TRUE,ASV5645,1,Pseudocalanus mimus
edna0023,ASV3175,motu2541,Arthropoda,Unknown arthropod,phylum,NA,NA,NA,1,NA,NA,NA,NA,4,NA,NA,Arthropoda,Unknown arthropod,2018_chp_depth,chp,beach_seine,2018-07-12,2018-07-10,2018,depth,1,edna_chp_15,depth,biological,NA,NA,NA,NA,NA,NA,3.5,1000,0,51.67628487,-128.1233672,sand,n,35,e,seagrass,zostera,seagrass_sand,zostera_sand,100,0.014701,29,Metazoa,Arthropoda,NA,NA,NA,NA,NA,NA,TRUE,ASV3175,1,NA
edna0023,ASV6184,motu4768,Maculaura oregonensis,Ribbon worm,species,NA,NA,NA,1,NA,NA,NA,NA,13,NA,5,Maculaura oregonensis,Ribbon worm,2018_chp_depth,chp,beach_seine,2018-07-12,2018-07-10,2018,depth,1,edna_chp_15,depth,biological,NA,NA,NA,NA,NA,NA,3.5,1000,0,51.67628487,-128.1233672,sand,n,35,e,seagrass,zostera,seagrass_sand,zostera_sand,99.68,1.5051499999999994e-156,306,Metazoa,Nemertea,Pilidiophora,Heteronemertea,Lineidae,Maculaura,0,0,TRUE,ASV6184,1,Maculaura oregonensis
edna0024,ASV132,motu118,Mesocentrotus franciscanus,Red sea urchin,species,NA,NA,NA,1,NA,NA,NA,370,400,NA,714,Mesocentrotus franciscanus,Red sea urchin,2018_chp_surface,chp,beach_seine,2018-07-12,2018-07-10,2018,surface,2,edna_chp_30,surface,biological,12.1,30.4,8.12,NA,NA,NA,3.5,1000,0,51.6763963,-128.123414,sand,n,35,e,seagrass,zostera,seagrass_sand,zostera_sand,100,2.51921e-159,311,Metazoa,Echinodermata,Echinoidea,Camarodonta,Strongylocentrotidae,Mesocentrotus,0,0,TRUE,ASV132,8,Mesocentrotus franciscanus
edna0024,ASV920,motu800,Polymorphidae,Thorny headed worm,family,NA,NA,NA,1,NA,NA,NA,NA,8,NA,NA,Polymorphidae,Thorny headed worm,2018_chp_surface,chp,beach_seine,2018-07-12,2018-07-10,2018,surface,2,edna_chp_30,surface,biological,12.1,30.4,8.12,NA,NA,NA,3.5,1000,0,51.6763963,-128.123414,sand,n,35,e,seagrass,zostera,seagrass_sand,zostera_sand,94.87,8.37307e-5,33,Metazoa,Acanthocephala,Acanthocephala,Polymorphida,Polymorphidae,NA,0,0,TRUE,ASV920,3,NA
edna0024,ASV1582,motu1332,Mytilus californianus,California mussel,species,NA,NA,NA,1,NA,NA,NA,68,85,NA,81,Mytilus californianus,California mussel,2018_chp_surface,chp,beach_seine,2018-07-12,2018-07-10,2018,surface,2,edna_chp_30,surface,biological,12.1,30.4,8.12,NA,NA,NA,3.5,1000,0,51.6763963,-128.123414,sand,n,35,e,seagrass,zostera,seagrass_sand,zostera_sand,100,3.2351099999999996e-158,309,Metazoa,Mollusca,Bivalvia,Mytilida,Mytilidae,Mytilus,0,0,TRUE,ASV1582,5,Mytilus californianus
edna0024,ASV1950,motu1620,Haliotis kamtschatkana,Northern abalone,species,NA,NA,NA,1,NA,NA,NA,10,9,NA,NA,Haliotis kamtschatkana,Northern abalone,2018_chp_surface,chp,beach_seine,2018-07-12,2018-07-10,2018,surface,2,edna_chp_30,surface,biological,12.1,30.4,8.12,NA,NA,NA,3.5,1000,0,51.6763963,-128.123414,sand,n,35,e,seagrass,zostera,seagrass_sand,zostera_sand,100,7.02982e-160,312,Metazoa,Mollusca,Mollusca,Lepetellida,Haliotidae,Haliotis,0,0,TRUE,ASV1950,2,Haliotis kamtschatkana
edna0024,ASV4823,motu3731,Halosydna brevisetosa,Shortscaled worm,species,NA,NA,NA,1,NA,NA,NA,NA,41,NA,NA,Halosydna brevisetosa,Shortscaled worm,2018_chp_surface,chp,beach_seine,2018-07-12,2018-07-10,2018,surface,2,edna_chp_30,surface,biological,12.1,30.4,8.12,NA,NA,NA,3.5,1000,0,51.6763963,-128.123414,sand,n,35,e,seagrass,zostera,seagrass_sand,zostera_sand,99.04,1.97556e-155,304,Metazoa,Annelida,Polychaeta,Phyllodocida,Polynoidae,Halosydna,0,0,TRUE,ASV4823,1,Halosydna brevisetosa
edna0024,ASV5216,motu3042,Neosabellaria cementarium,Cemented sandmason tubeworm,species,NA,NA,NA,1,NA,NA,NA,14,18,NA,NA,Neosabellaria cementarium,Cemented sandmason tubeworm,2018_chp_surface,chp,beach_seine,2018-07-12,2018-07-10,2018,surface,2,edna_chp_30,surface,biological,12.1,30.4,8.12,NA,NA,NA,3.5,1000,0,51.6763963,-128.123414,sand,n,35,e,seagrass,zostera,seagrass_sand,zostera_sand,98.72,9.19139e-154,301,Metazoa,Annelida,Polychaeta,NA,Sabellariidae,Neosabellaria,0,0,TRUE,ASV3873,3,Neosabellaria cementarium
edna0024,ASV5480,motu583,Synchaeta triophthalma,Rotifer,species,NA,NA,NA,1,NA,NA,NA,14,14,NA,NA,Synchaeta triophthalma,Rotifer,2018_chp_surface,chp,beach_seine,2018-07-12,2018-07-10,2018,surface,2,edna_chp_30,surface,biological,12.1,30.4,8.12,NA,NA,NA,3.5,1000,0,51.6763963,-128.123414,sand,n,35,e,seagrass,zostera,seagrass_sand,zostera_sand,91.67,1.6336299999999989e-116,234,Metazoa,Rotifera,Eurotatoria,Ploima,Synchaetidae,Synchaeta,0,0,TRUE,ASV670,4,Synchaeta triophthalma
edna0025,ASV171,motu150,Pseudocalanus mimus,Calanoid copepod,species,NA,NA,NA,1,NA,NA,NA,NA,125,NA,NA,Pseudocalanus mimus,Calanoid copepod,2018_chp_depth,chp,beach_seine,2018-07-12,2018-07-10,2018,depth,2,edna_chp_00,depth,biological,11.6,30.85,8.12,NA,NA,NA,3.5,1000,0,51.67615482,-128.1232837,sand,n,35,e,seagrass,zostera,seagrass_sand,zostera_sand,99.67,9.19139e-154,301,Metazoa,Arthropoda,Copepoda,Calanoida,Clausocalanidae,Pseudocalanus,0,0,TRUE,ASV171,10,Pseudocalanus mimus
edna0025,ASV233,motu74,Euchlanidae,Rotifer,family,NA,NA,NA,1,NA,NA,NA,NA,62,NA,NA,No Results,No Results,2018_chp_depth,chp,beach_seine,2018-07-12,2018-07-10,2018,depth,2,edna_chp_00,depth,biological,11.6,30.85,8.12,NA,NA,NA,3.5,1000,0,51.67615482,-128.1232837,sand,n,35,e,seagrass,zostera,seagrass_sand,zostera_sand,91.35,3.005919999999998e-29,77,Metazoa,Rotifera,Rotifera,Ploima,Euchlanidae,NA,1,NA,TRUE,ASV84,2,NA
edna0025,ASV398,motu350,Synchaeta pectinata,Rotifer,species,NA,NA,NA,1,NA,NA,NA,NA,4,NA,NA,Synchaeta pectinata,Rotifer,2018_chp_depth,chp,beach_seine,2018-07-12,2018-07-10,2018,depth,2,edna_chp_00,depth,biological,11.6,30.85,8.12,NA,NA,NA,3.5,1000,0,51.67615482,-128.1232837,sand,n,35,e,seagrass,zostera,seagrass_sand,zostera_sand,90.48,1.6452299999999999e-111,225,Metazoa,Rotifera,Eurotatoria,Ploima,Synchaetidae,Synchaeta,0,0,TRUE,ASV398,4,Synchaeta pectinata
edna0025,ASV1391,motu1175,Cistenides granulata,Trumpet worm,species,NA,NA,NA,1,NA,NA,NA,NA,5,NA,NA,Cistenides granulata,Trumpet worm,2018_chp_depth,chp,beach_seine,2018-07-12,2018-07-10,2018,depth,2,edna_chp_00,depth,biological,11.6,30.85,8.12,NA,NA,NA,3.5,1000,0,51.67615482,-128.1232837,sand,n,35,e,seagrass,zostera,seagrass_sand,zostera_sand,100,2.51921e-159,311,Metazoa,Annelida,Polychaeta,Terebellida,Pectinariidae,Pectinaria,0,0,TRUE,ASV1391,1,Cistenides granulata
edna0025,ASV1441,motu1218,Halosydna brevisetosa,Shortscaled worm,species,NA,NA,NA,1,NA,NA,NA,NA,35,NA,NA,Halosydna brevisetosa,Shortscaled worm,2018_chp_depth,chp,beach_seine,2018-07-12,2018-07-10,2018,depth,2,edna_chp_00,depth,biological,11.6,30.85,8.12,NA,NA,NA,3.5,1000,0,51.67615482,-128.1232837,sand,n,35,e,seagrass,zostera,seagrass_sand,zostera_sand,100,2.51921e-159,311,Metazoa,Annelida,Polychaeta,Phyllodocida,Polynoidae,Halosydna,0,0,TRUE,ASV1441,3,Halosydna brevisetosa
edna0025,ASV880,motu441,Clytia gregaria,Gregarious jellyfish,species,NA,NA,NA,1,NA,NA,NA,NA,8,NA,NA,Clytia gregaria,Gregarious jellyfish,2018_chp_depth,chp,beach_seine,2018-07-12,2018-07-10,2018,depth,2,edna_chp_00,depth,biological,11.6,30.85,8.12,NA,NA,NA,3.5,1000,0,51.67615482,-128.1232837,sand,n,35,e,seagrass,zostera,seagrass_sand,zostera_sand,99.36,4.246189999999999e-157,307,Metazoa,Cnidaria,Cnidaria,Leptothecata,Campanulariidae,Clytia,0,0,TRUE,ASV498,2,Clytia gregaria
edna0025,ASV1431,motu1208,Paracalanus,Calanoid copepod,genus,NA,NA,NA,1,NA,NA,NA,NA,4,NA,NA,Paracalanus,Calanoid copepod,2018_chp_depth,chp,beach_seine,2018-07-12,2018-07-10,2018,depth,2,edna_chp_00,depth,biological,11.6,30.85,8.12,NA,NA,NA,3.5,1000,0,51.67615482,-128.1232837,sand,n,35,e,seagrass,zostera,seagrass_sand,zostera_sand,99.01,2.4714899999999987e-149,293,Metazoa,Arthropoda,Arthropoda,Calanoida,Paracalanidae,Paracalanus,0,0,TRUE,ASV1431,2,NA
edna0025,ASV3125,motu2512,Chaetognatha,Arrow worm,phylum,NA,NA,NA,1,NA,NA,NA,NA,25,NA,NA,Chaetognatha,Arrow worm,2018_chp_depth,chp,beach_seine,2018-07-12,2018-07-10,2018,depth,2,edna_chp_00,depth,biological,11.6,30.85,8.12,NA,NA,NA,3.5,1000,0,51.67615482,-128.1232837,sand,n,35,e,seagrass,zostera,seagrass_sand,zostera_sand,95.02,1.67366e-81,171,Metazoa,Chaetognatha,NA,NA,NA,NA,0,0,TRUE,ASV3125,1,NA
edna0025,ASV2881,motu2328,Coleoptera,Hexapod,order,NA,NA,NA,1,NA,NA,NA,4,6,NA,NA,Coleoptera,Hexapod,2018_chp_depth,chp,beach_seine,2018-07-12,2018-07-10,2018,depth,2,edna_chp_00,depth,biological,11.6,30.85,8.12,NA,NA,NA,3.5,1000,0,51.67615482,-128.1232837,sand,n,35,e,seagrass,zostera,seagrass_sand,zostera_sand,100,0.00110774,31,Metazoa,Arthropoda,Arthropoda,Coleoptera,NA,NA,NA,NA,TRUE,ASV2881,1,NA
edna0025,ASV4867,motu3765,Chaetognatha,Arrow worm,phylum,NA,NA,NA,1,NA,NA,NA,NA,14,NA,NA,Chaetognatha,Arrow worm,2018_chp_depth,chp,beach_seine,2018-07-12,2018-07-10,2018,depth,2,edna_chp_00,depth,biological,11.6,30.85,8.12,NA,NA,NA,3.5,1000,0,51.67615482,-128.1232837,sand,n,35,e,seagrass,zostera,seagrass_sand,zostera_sand,96.52,1.66186e-86,180,Metazoa,Chaetognatha,NA,NA,NA,NA,0,0,TRUE,ASV4867,1,NA
edna0025,ASV3808,motu2995,Lottia paradigitalis,Boreal limpet,species,NA,NA,NA,1,NA,NA,NA,NA,4,NA,NA,Lottia paradigitalis,Boreal limpet,2018_chp_depth,chp,beach_seine,2018-07-12,2018-07-10,2018,depth,2,edna_chp_00,depth,biological,11.6,30.85,8.12,NA,NA,NA,3.5,1000,0,51.67615482,-128.1232837,sand,n,35,e,seagrass,zostera,seagrass_sand,zostera_sand,100,1.96163e-160,313,Metazoa,Mollusca,Gastropoda,NA,Lottiidae,Lottia,0,0,TRUE,ASV3808,2,Lottia paradigitalis
edna0025,ASV5217,motu536,Sabellariidae,Feather duster worm,family,NA,NA,NA,1,NA,NA,NA,NA,32,NA,NA,Sabellariidae,Feather duster worm,2018_chp_depth,chp,beach_seine,2018-07-12,2018-07-10,2018,depth,2,edna_chp_00,depth,biological,11.6,30.85,8.12,NA,NA,NA,3.5,1000,0,51.67615482,-128.1232837,sand,n,35,e,seagrass,zostera,seagrass_sand,zostera_sand,99.35,7.002779999999996e-155,303,Metazoa,Annelida,Polychaeta,NA,Sabellariidae,NA,0,0,TRUE,ASV613,7,NA
edna0025,ASV5532,motu4246,Mytilus californianus,California mussel,species,NA,NA,NA,1,NA,NA,NA,NA,27,NA,NA,Mytilus californianus,California mussel,2018_chp_depth,chp,beach_seine,2018-07-12,2018-07-10,2018,depth,2,edna_chp_00,depth,biological,11.6,30.85,8.12,NA,NA,NA,3.5,1000,0,51.67615482,-128.1232837,sand,n,35,e,seagrass,zostera,seagrass_sand,zostera_sand,99.35,7.002779999999996e-155,303,Metazoa,Mollusca,Bivalvia,Mytilida,Mytilidae,Mytilus,0,0,TRUE,ASV5532,1,Mytilus californianus
edna0025,ASV6474,motu4438,Pseudoscorpiones,Other arachnid,class,NA,NA,NA,1,NA,NA,NA,NA,5,NA,NA,Pseudoscorpiones,Other arachnid,2018_chp_depth,chp,beach_seine,2018-07-12,2018-07-10,2018,depth,2,edna_chp_00,depth,biological,11.6,30.85,8.12,NA,NA,NA,3.5,1000,0,51.67615482,-128.1232837,sand,n,35,e,seagrass,zostera,seagrass_sand,zostera_sand,91.89,1.46291e-17,56,Metazoa,Arthropoda,Arthropoda,NA,NA,NA,NA,NA,TRUE,ASV5779,2,NA
edna0026,ASV386,motu316,Hiatella,Clam species,genus,NA,NA,NA,1,NA,NA,NA,NA,37,NA,31,Hiatella,Clam species,2018_chp_surface,chp,beach_seine,2018-07-12,2018-07-10,2018,surface,3,edna_chp_15,surface,biological,11.6,30.86,8.09,NA,NA,NA,3.5,1000,0,51.67628487,-128.1233672,sand,n,35,e,seagrass,zostera,seagrass_sand,zostera_sand,100,9.027749999999999e-159,310,Metazoa,Mollusca,Bivalvia,Adapedonta,Hiatellidae,Hiatella,0,0,TRUE,ASV357,9,NA
edna0026,ASV733,motu637,Phyllodocida,Polychaete,order,NA,NA,NA,1,NA,NA,NA,NA,3,NA,NA,Phyllodocida,Polychaete,2018_chp_surface,chp,beach_seine,2018-07-12,2018-07-10,2018,surface,3,edna_chp_15,surface,biological,11.6,30.86,8.09,NA,NA,NA,3.5,1000,0,51.67628487,-128.1233672,sand,n,35,e,seagrass,zostera,seagrass_sand,zostera_sand,100,0.0603188,28,Metazoa,Annelida,Annelida,Phyllodocida,NA,NA,0,0,TRUE,ASV733,1,NA
edna0026,ASV1097,motu944,Dodecaceria,Cirratulid polychaete,genus,NA,NA,NA,1,NA,NA,NA,NA,20,NA,NA,Dodecaceria,Cirratulid polychaete,2018_chp_surface,chp,beach_seine,2018-07-12,2018-07-10,2018,surface,3,edna_chp_15,surface,biological,11.6,30.86,8.09,NA,NA,NA,3.5,1000,0,51.67628487,-128.1233672,sand,n,35,e,seagrass,zostera,seagrass_sand,zostera_sand,100,1.96163e-160,313,Metazoa,Annelida,Polychaeta,Terebellida,Cirratulidae,Dodecaceria,0,0,TRUE,ASV1097,6,NA
edna0026,ASV1304,motu1104,Haliotis kamtschatkana,Northern abalone,species,NA,NA,NA,1,NA,NA,NA,NA,18,NA,13,Haliotis kamtschatkana,Northern abalone,2018_chp_surface,chp,beach_seine,2018-07-12,2018-07-10,2018,surface,3,edna_chp_15,surface,biological,11.6,30.86,8.09,NA,NA,NA,3.5,1000,0,51.67628487,-128.1233672,sand,n,35,e,seagrass,zostera,seagrass_sand,zostera_sand,100,1.96163e-160,313,Metazoa,Mollusca,Mollusca,Lepetellida,Haliotidae,Haliotis,0,0,TRUE,ASV1304,9,Haliotis kamtschatkana
edna0026,ASV3558,motu2826,Myxicola aesthetica,Feather duster worm,species,NA,NA,NA,1,NA,NA,NA,NA,11,NA,NA,Myxicola aesthetica,Feather duster worm,2018_chp_surface,chp,beach_seine,2018-07-12,2018-07-10,2018,surface,3,edna_chp_15,surface,biological,11.6,30.86,8.09,NA,NA,NA,3.5,1000,0,51.67628487,-128.1233672,sand,n,35,e,seagrass,zostera,seagrass_sand,zostera_sand,100,2.51921e-159,311,Metazoa,Annelida,Polychaeta,Sabellida,Sabellidae,Myxicola,0,0,TRUE,ASV3558,1,Myxicola aesthetica
edna0026,ASV5798,motu4456,Araneae,Spider,class,NA,NA,NA,1,NA,NA,NA,10,13,NA,NA,Araneae,Spider,2018_chp_surface,chp,beach_seine,2018-07-12,2018-07-10,2018,surface,3,edna_chp_15,surface,biological,11.6,30.86,8.09,NA,NA,NA,3.5,1000,0,51.67628487,-128.1233672,sand,n,35,e,seagrass,zostera,seagrass_sand,zostera_sand,91.11,8.78538e-5,33,Metazoa,Arthropoda,Arthropoda,NA,NA,NA,NA,NA,TRUE,ASV5798,1,NA
edna0026,ASV6032,motu4643,Neosabellaria cementarium,Cemented sandmason tubeworm,species,NA,NA,NA,1,NA,NA,NA,9,11,NA,NA,Neosabellaria cementarium,Cemented sandmason tubeworm,2018_chp_surface,chp,beach_seine,2018-07-12,2018-07-10,2018,surface,3,edna_chp_15,surface,biological,11.6,30.86,8.09,NA,NA,NA,3.5,1000,0,51.67628487,-128.1233672,sand,n,35,e,seagrass,zostera,seagrass_sand,zostera_sand,98.4,4.27634e-152,298,Metazoa,Annelida,Polychaeta,NA,Sabellariidae,Neosabellaria,0,0,TRUE,ASV6032,1,Neosabellaria cementarium
edna0027,ASV398,motu350,Synchaeta pectinata,Rotifer,species,NA,NA,NA,1,NA,NA,NA,7,11,NA,NA,Synchaeta pectinata,Rotifer,2018_chp_depth,chp,beach_seine,2018-07-12,2018-07-10,2018,depth,3,edna_chp_30,depth,biological,NA,NA,NA,NA,NA,NA,3.5,1000,0,51.6763963,-128.123414,sand,n,35,e,seagrass,zostera,seagrass_sand,zostera_sand,90.48,1.6452299999999999e-111,225,Metazoa,Rotifera,Eurotatoria,Ploima,Synchaetidae,Synchaeta,0,0,TRUE,ASV398,4,Synchaeta pectinata
edna0027,ASV498,motu441,Clytia gregaria,Gregarious jellyfish,species,NA,NA,NA,1,NA,NA,NA,NA,8,NA,NA,Clytia gregaria,Gregarious jellyfish,2018_chp_depth,chp,beach_seine,2018-07-12,2018-07-10,2018,depth,3,edna_chp_30,depth,biological,NA,NA,NA,NA,NA,NA,3.5,1000,0,51.6763963,-128.123414,sand,n,35,e,seagrass,zostera,seagrass_sand,zostera_sand,99.68,9.126599999999999e-159,310,Metazoa,Cnidaria,Hydrozoa,Leptothecata,Campanulariidae,Clytia,0,0,TRUE,ASV498,2,Clytia gregaria
edna0027,ASV1152,motu987,Halosydna brevisetosa,Shortscaled worm,species,NA,NA,NA,1,NA,NA,NA,NA,120,NA,169,Halosydna brevisetosa,Shortscaled worm,2018_chp_depth,chp,beach_seine,2018-07-12,2018-07-10,2018,depth,3,edna_chp_30,depth,biological,NA,NA,NA,NA,NA,NA,3.5,1000,0,51.6763963,-128.123414,sand,n,35,e,seagrass,zostera,seagrass_sand,zostera_sand,100,3.2351099999999996e-158,309,Metazoa,Annelida,Polychaeta,Phyllodocida,Polynoidae,Halosydna,0,0,TRUE,ASV1152,1,Halosydna brevisetosa
edna0027,ASV1097,motu944,Dodecaceria,Cirratulid polychaete,genus,NA,NA,NA,1,NA,NA,NA,NA,14,NA,16,Dodecaceria,Cirratulid polychaete,2018_chp_depth,chp,beach_seine,2018-07-12,2018-07-10,2018,depth,3,edna_chp_30,depth,biological,NA,NA,NA,NA,NA,NA,3.5,1000,0,51.6763963,-128.123414,sand,n,35,e,seagrass,zostera,seagrass_sand,zostera_sand,100,1.96163e-160,313,Metazoa,Annelida,Polychaeta,Terebellida,Cirratulidae,Dodecaceria,0,0,TRUE,ASV1097,6,NA
edna0027,ASV1057,motu909,Orobdella,Freshwater leech,genus,NA,NA,NA,1,NA,NA,NA,NA,4,NA,5,Orobdella,Freshwater leech,2018_chp_depth,chp,beach_seine,2018-07-12,2018-07-10,2018,depth,3,edna_chp_30,depth,biological,NA,NA,NA,NA,NA,NA,3.5,1000,0,51.6763963,-128.123414,sand,n,35,e,seagrass,zostera,seagrass_sand,zostera_sand,97.06,0.0011939,31,Metazoa,Annelida,Annelida,Erpobdelliformes,Orobdellidae,Orobdella,NA,NA,TRUE,ASV1057,1,NA
edna0027,ASV1915,motu107,Placida dendritica,Branched sapsucker,species,NA,NA,NA,1,NA,NA,NA,108,110,NA,173,Placida dendritica,Branched sapsucker,2018_chp_depth,chp,beach_seine,2018-07-12,2018-07-10,2018,depth,3,edna_chp_30,depth,biological,NA,NA,NA,NA,NA,NA,3.5,1000,0,51.6763963,-128.123414,sand,n,35,e,seagrass,zostera,seagrass_sand,zostera_sand,99.03,3.258079999999998e-153,300,Metazoa,Mollusca,Gastropoda,NA,Limapontiidae,Placida,0,0,TRUE,ASV121,2,Placida dendritica
edna0027,ASV1463,motu1234,Aequorea,Crystal jelly species,genus,NA,NA,NA,1,NA,NA,NA,NA,2,NA,NA,Aequorea,Crystal jelly species,2018_chp_depth,chp,beach_seine,2018-07-12,2018-07-10,2018,depth,3,edna_chp_30,depth,biological,NA,NA,NA,NA,NA,NA,3.5,1000,0,51.6763963,-128.123414,sand,n,35,e,seagrass,zostera,seagrass_sand,zostera_sand,100,1.4886099999999998e-156,306,Metazoa,Cnidaria,Hydrozoa,Leptothecata,Aequoreidae,Aequorea,0,0,TRUE,ASV1463,2,NA
edna0027,ASV3127,motu1104,Haliotis kamtschatkana,Northern abalone,species,NA,NA,NA,1,NA,NA,NA,NA,133,NA,NA,Haliotis kamtschatkana,Northern abalone,2018_chp_depth,chp,beach_seine,2018-07-12,2018-07-10,2018,depth,3,edna_chp_30,depth,biological,NA,NA,NA,NA,NA,NA,3.5,1000,0,51.6763963,-128.123414,sand,n,35,e,seagrass,zostera,seagrass_sand,zostera_sand,99.68,3.2706599999999985e-158,309,Metazoa,Mollusca,Mollusca,Lepetellida,Haliotidae,Haliotis,0,0,TRUE,ASV1304,9,Haliotis kamtschatkana
edna0027,ASV3255,motu1590,Haliotis kamtschatkana,Northern abalone,species,NA,NA,NA,1,NA,NA,NA,NA,121,NA,NA,Haliotis kamtschatkana,Northern abalone,2018_chp_depth,chp,beach_seine,2018-07-12,2018-07-10,2018,depth,3,edna_chp_30,depth,biological,NA,NA,NA,NA,NA,NA,3.5,1000,0,51.6763963,-128.123414,sand,n,35,e,seagrass,zostera,seagrass_sand,zostera_sand,99.68,3.2706599999999985e-158,309,Metazoa,Mollusca,Mollusca,Lepetellida,Haliotidae,Haliotis,0,0,TRUE,ASV1911,6,Haliotis kamtschatkana
edna0027,ASV2422,motu796,Panopea generosa,Pacific geoduck,species,NA,NA,NA,1,NA,NA,NA,NA,28,NA,NA,Panopea generosa,Pacific geoduck,2018_chp_depth,chp,beach_seine,2018-07-12,2018-07-10,2018,depth,3,edna_chp_30,depth,biological,NA,NA,NA,NA,NA,NA,3.5,1000,0,51.6763963,-128.123414,sand,n,35,e,seagrass,zostera,seagrass_sand,zostera_sand,100,2.51921e-159,311,Metazoa,Mollusca,Bivalvia,Adapedonta,Hiatellidae,Panopea,0,0,TRUE,ASV916,4,Panopea generosa
edna0027,ASV4163,motu3265,Sthenelais berkeleyi,Scale worm,species,NA,NA,NA,1,NA,NA,NA,NA,23,NA,41,Sthenelais berkeleyi,Scale worm,2018_chp_depth,chp,beach_seine,2018-07-12,2018-07-10,2018,depth,3,edna_chp_30,depth,biological,NA,NA,NA,NA,NA,NA,3.5,1000,0,51.6763963,-128.123414,sand,n,35,e,seagrass,zostera,seagrass_sand,zostera_sand,100,1.96163e-160,313,Metazoa,Annelida,Polychaeta,Phyllodocida,Sigalionidae,Sthenelais,0,0,TRUE,ASV4163,2,Sthenelais berkeleyi
edna0027,ASV4472,motu3481,Halosydna brevisetosa,Shortscaled worm,species,NA,NA,NA,1,NA,NA,NA,NA,51,NA,NA,Halosydna brevisetosa,Shortscaled worm,2018_chp_depth,chp,beach_seine,2018-07-12,2018-07-10,2018,depth,3,edna_chp_30,depth,biological,NA,NA,NA,NA,NA,NA,3.5,1000,0,51.6763963,-128.123414,sand,n,35,e,seagrass,zostera,seagrass_sand,zostera_sand,99.35,7.002779999999996e-155,303,Metazoa,Annelida,Polychaeta,Phyllodocida,Polynoidae,Halosydna,0,0,TRUE,ASV4472,1,Halosydna brevisetosa
edna0027,ASV4824,motu1388,Paleanotus bellis,Golden petal worm,species,NA,NA,NA,1,NA,NA,NA,5,14,NA,22,Paleanotus bellis,Golden petal worm,2018_chp_depth,chp,beach_seine,2018-07-12,2018-07-10,2018,depth,3,edna_chp_30,depth,biological,NA,NA,NA,NA,NA,NA,3.5,1000,0,51.6763963,-128.123414,sand,n,35,e,seagrass,zostera,seagrass_sand,zostera_sand,99.35,7.002779999999996e-155,303,Metazoa,Annelida,Polychaeta,Phyllodocida,Chrysopetalidae,Paleanotus,0,0,TRUE,ASV1654,4,Paleanotus bellis
edna0027,ASV7632,motu5990,Coryne eximia,Athecate hydroid,species,NA,NA,NA,1,NA,NA,NA,NA,4,NA,NA,Coryne eximia,Athecate hydroid,2018_chp_depth,chp,beach_seine,2018-07-12,2018-07-10,2018,depth,3,edna_chp_30,depth,biological,NA,NA,NA,NA,NA,NA,3.5,1000,0,51.6763963,-128.123414,sand,n,35,e,seagrass,zostera,seagrass_sand,zostera_sand,99.67,7.065279999999996e-155,303,Metazoa,Cnidaria,Hydrozoa,Anthoathecata,Corynidae,Coryne,0,0,TRUE,ASV7632,1,Coryne eximia
edna0028,ASV324,motu285,Paracalanus parvus parvus,Calanoid copepod,species,NA,NA,NA,1,NA,NA,NA,NA,19,NA,NA,Paracalanus parvus parvus,Calanoid copepod,2018_hab4_surface,hab4,beach_seine,2018-07-12,2018-07-11,2018,surface,1,edna_hab4_00,surface,biological,16.5,26.08,8.43,NA,NA,NA,6.4,1000,0,51.664962,-128.0798158,mud,y,200,sp,macroalgae,algae,macroalgae_mud,algae_mud,100,1.17454e-132,263,Metazoa,Arthropoda,Copepoda,Calanoida,Paracalanidae,Paracalanus,0,0,TRUE,ASV324,6,Paracalanus parvus parvus
edna0028,ASV3813,motu31,Centropages abdominalis,Calanoid copepod,species,NA,NA,NA,1,NA,NA,NA,NA,32,NA,50,Centropages abdominalis,Calanoid copepod,2018_hab4_surface,hab4,beach_seine,2018-07-12,2018-07-11,2018,surface,1,edna_hab4_00,surface,biological,16.5,26.08,8.43,NA,NA,NA,6.4,1000,0,51.664962,-128.0798158,mud,y,200,sp,macroalgae,algae,macroalgae_mud,algae_mud,99.68,9.126599999999999e-159,310,Metazoa,Arthropoda,Copepoda,Calanoida,Centropagidae,Centropages,0,0,TRUE,ASV34,19,Centropages abdominalis
edna0029,ASV5647,motu4335,Pleurobrachia bachei,Pacific sea gooseberry,species,NA,NA,NA,1,NA,NA,NA,6,6,NA,13,Pleurobrachia bachei,Pacific sea gooseberry,2018_hab4_surface,hab4,beach_seine,2018-07-12,2018-07-11,2018,surface,2,edna_hab4_15,surface,biological,16.9,26.02,8.43,11.4,30.12,8.23,6.2,1000,0,51.66480057,-128.0797635,mud,y,200,sp,macroalgae,algae,macroalgae_mud,algae_mud,99.36,4.246189999999999e-157,307,Metazoa,Ctenophora,Tentaculata,Cydippida,Cydippidae,Pleurobrachia,0,0,TRUE,ASV5647,1,Pleurobrachia bachei
edna0031,ASV386,motu316,Hiatella,Clam species,genus,NA,NA,NA,1,NA,NA,NA,NA,3,NA,NA,Hiatella,Clam species,2018_pba_surface,pba,beach_seine,2018-07-12,2018-07-10,2018,surface,1,edna_pba_00,surface,biological,16.5,26.11,8.44,NA,NA,NA,5.8,1000,0,51.64670412,-128.1188409,mud,y,180,p,seagrass,zostera,seagrass_mud,zostera_mud,100,9.027749999999999e-159,310,Metazoa,Mollusca,Bivalvia,Adapedonta,Hiatellidae,Hiatella,0,0,TRUE,ASV357,9,NA
edna0031,ASV1391,motu1175,Cistenides granulata,Trumpet worm,species,NA,NA,NA,1,NA,NA,NA,10,18,NA,NA,Cistenides granulata,Trumpet worm,2018_pba_surface,pba,beach_seine,2018-07-12,2018-07-10,2018,surface,1,edna_pba_00,surface,biological,16.5,26.11,8.44,NA,NA,NA,5.8,1000,0,51.64670412,-128.1188409,mud,y,180,p,seagrass,zostera,seagrass_mud,zostera_mud,100,2.51921e-159,311,Metazoa,Annelida,Polychaeta,Terebellida,Pectinariidae,Pectinaria,0,0,TRUE,ASV1391,1,Cistenides granulata
edna0031,ASV1266,motu1074,Cistenides granulata,Trumpet worm,species,NA,NA,NA,1,NA,NA,NA,NA,27,NA,34,Cistenides granulata,Trumpet worm,2018_pba_surface,pba,beach_seine,2018-07-12,2018-07-10,2018,surface,1,edna_pba_00,surface,biological,16.5,26.11,8.44,NA,NA,NA,5.8,1000,0,51.64670412,-128.1188409,mud,y,180,p,seagrass,zostera,seagrass_mud,zostera_mud,100,2.51921e-159,311,Metazoa,Annelida,Polychaeta,Terebellida,Pectinariidae,Pectinaria,0,0,TRUE,ASV1266,1,Cistenides granulata
edna0031,ASV1431,motu1208,Paracalanus,Calanoid copepod,genus,NA,NA,NA,1,NA,NA,NA,67,62,NA,74,Paracalanus,Calanoid copepod,2018_pba_surface,pba,beach_seine,2018-07-12,2018-07-10,2018,surface,1,edna_pba_00,surface,biological,16.5,26.11,8.44,NA,NA,NA,5.8,1000,0,51.64670412,-128.1188409,mud,y,180,p,seagrass,zostera,seagrass_mud,zostera_mud,99.01,2.4714899999999987e-149,293,Metazoa,Arthropoda,Arthropoda,Calanoida,Paracalanidae,Paracalanus,0,0,TRUE,ASV1431,2,NA
edna0031,ASV1356,motu1143,Pisaster brevispinus,Pink sea star,species,NA,NA,NA,1,NA,NA,NA,NA,2,NA,NA,Pisaster brevispinus,Pink sea star,2018_pba_surface,pba,beach_seine,2018-07-12,2018-07-10,2018,surface,1,edna_pba_00,surface,biological,16.5,26.11,8.44,NA,NA,NA,5.8,1000,0,51.64670412,-128.1188409,mud,y,180,p,seagrass,zostera,seagrass_mud,zostera_mud,100,1.96163e-160,313,Metazoa,Echinodermata,Asteroidea,Forcipulatida,Asteriidae,Pisaster,0,0,TRUE,ASV1356,1,Pisaster brevispinus
edna0031,ASV1917,motu1595,Arthropoda,Unknown arthropod,phylum,NA,NA,NA,1,NA,NA,NA,NA,3,NA,NA,Arthropoda,Unknown arthropod,2018_pba_surface,pba,beach_seine,2018-07-12,2018-07-10,2018,surface,1,edna_pba_00,surface,biological,16.5,26.11,8.44,NA,NA,NA,5.8,1000,0,51.64670412,-128.1188409,mud,y,180,p,seagrass,zostera,seagrass_mud,zostera_mud,95,2.34566e-5,34,Metazoa,Arthropoda,NA,NA,NA,NA,NA,NA,TRUE,ASV1917,1,NA
edna0032,ASV1057,motu909,Orobdella,Freshwater leech,genus,NA,NA,NA,1,NA,NA,NA,18,12,NA,22,Orobdella,Freshwater leech,2018_pba_depth,pba,beach_seine,2018-07-12,2018-07-10,2018,depth,1,edna_pba_15,depth,biological,12.9,26.46,8.3,NA,NA,NA,5.8,1000,0,51.64655803,-128.1188964,mud,y,180,p,seagrass,zostera,seagrass_mud,zostera_mud,97.06,0.0011939,31,Metazoa,Annelida,Annelida,Erpobdelliformes,Orobdellidae,Orobdella,NA,NA,TRUE,ASV1057,1,NA
edna0032,ASV1391,motu1175,Cistenides granulata,Trumpet worm,species,NA,NA,NA,1,NA,NA,NA,44,70,NA,83,Cistenides granulata,Trumpet worm,2018_pba_depth,pba,beach_seine,2018-07-12,2018-07-10,2018,depth,1,edna_pba_15,depth,biological,12.9,26.46,8.3,NA,NA,NA,5.8,1000,0,51.64655803,-128.1188964,mud,y,180,p,seagrass,zostera,seagrass_mud,zostera_mud,100,2.51921e-159,311,Metazoa,Annelida,Polychaeta,Terebellida,Pectinariidae,Pectinaria,0,0,TRUE,ASV1391,1,Cistenides granulata
edna0032,ASV2865,motu2317,Chaetognatha,Arrow worm,phylum,NA,NA,NA,1,NA,NA,NA,NA,27,NA,17,Chaetognatha,Arrow worm,2018_pba_depth,pba,beach_seine,2018-07-12,2018-07-10,2018,depth,1,edna_pba_15,depth,biological,12.9,26.46,8.3,NA,NA,NA,5.8,1000,0,51.64655803,-128.1188964,mud,y,180,p,seagrass,zostera,seagrass_mud,zostera_mud,98.01,1.6501399999999998e-91,189,Metazoa,Chaetognatha,NA,NA,NA,NA,0,0,TRUE,ASV2865,1,NA
edna0033,ASV324,motu285,Paracalanus parvus parvus,Calanoid copepod,species,NA,NA,NA,1,NA,NA,NA,14,39,NA,79,Paracalanus parvus parvus,Calanoid copepod,2018_pba_surface,pba,beach_seine,2018-07-12,2018-07-10,2018,surface,2,edna_pba_30,surface,biological,16.5,26.06,8.43,NA,NA,NA,4,1000,0,51.64642312,-128.1189452,mud,y,180,p,seagrass,zostera,seagrass_mud,zostera_mud,100,1.17454e-132,263,Metazoa,Arthropoda,Copepoda,Calanoida,Paracalanidae,Paracalanus,0,0,TRUE,ASV324,6,Paracalanus parvus parvus
edna0033,ASV377,motu334,Synchaeta pectinata,Rotifer,species,NA,NA,NA,1,NA,NA,NA,NA,20,NA,18,Synchaeta pectinata,Rotifer,2018_pba_surface,pba,beach_seine,2018-07-12,2018-07-10,2018,surface,2,edna_pba_30,surface,biological,16.5,26.06,8.43,NA,NA,NA,4,1000,0,51.64642312,-128.1189452,mud,y,180,p,seagrass,zostera,seagrass_mud,zostera_mud,90.48,1.6452299999999999e-111,225,Metazoa,Rotifera,Eurotatoria,Ploima,Synchaetidae,Synchaeta,0,0,TRUE,ASV377,5,Synchaeta pectinata
edna0033,ASV398,motu350,Synchaeta pectinata,Rotifer,species,NA,NA,NA,1,NA,NA,NA,7,16,NA,20,Synchaeta pectinata,Rotifer,2018_pba_surface,pba,beach_seine,2018-07-12,2018-07-10,2018,surface,2,edna_pba_30,surface,biological,16.5,26.06,8.43,NA,NA,NA,4,1000,0,51.64642312,-128.1189452,mud,y,180,p,seagrass,zostera,seagrass_mud,zostera_mud,90.48,1.6452299999999999e-111,225,Metazoa,Rotifera,Eurotatoria,Ploima,Synchaetidae,Synchaeta,0,0,TRUE,ASV398,4,Synchaeta pectinata
edna0033,ASV847,motu737,Haminoea vesicula,Blister glassy-bubble,species,NA,NA,NA,1,NA,NA,NA,34,136,NA,203,Haminoea vesicula,Blister glassy-bubble,2018_pba_surface,pba,beach_seine,2018-07-12,2018-07-10,2018,surface,2,edna_pba_30,surface,biological,16.5,26.06,8.43,NA,NA,NA,4,1000,0,51.64642312,-128.1189452,mud,y,180,p,seagrass,zostera,seagrass_mud,zostera_mud,100,1.96163e-160,313,Metazoa,Mollusca,Mollusca,Cephalaspidea,Haminoeidae,Haminoea,0,0,TRUE,ASV847,1,Haminoea vesicula
edna0033,ASV871,motu757,Haminoea vesicula,Blister glassy-bubble,species,NA,NA,NA,1,NA,NA,NA,48,126,NA,203,Haminoea vesicula,Blister glassy-bubble,2018_pba_surface,pba,beach_seine,2018-07-12,2018-07-10,2018,surface,2,edna_pba_30,surface,biological,16.5,26.06,8.43,NA,NA,NA,4,1000,0,51.64642312,-128.1189452,mud,y,180,p,seagrass,zostera,seagrass_mud,zostera_mud,100,1.96163e-160,313,Metazoa,Mollusca,Mollusca,Cephalaspidea,Haminoeidae,Haminoea,0,0,TRUE,ASV871,1,Haminoea vesicula
edna0033,ASV1821,motu1517,Aglaja ocelligera,Spotted Aglaga,species,NA,NA,NA,1,NA,NA,NA,88,142,NA,206,Aglaja ocelligera,Spotted Aglaga,2018_pba_surface,pba,beach_seine,2018-07-12,2018-07-10,2018,surface,2,edna_pba_30,surface,biological,16.5,26.06,8.43,NA,NA,NA,4,1000,0,51.64642312,-128.1189452,mud,y,180,p,seagrass,zostera,seagrass_mud,zostera_mud,99.04,1.97556e-155,304,Metazoa,Mollusca,Gastropoda,Cephalaspidea,Aglajidae,Aglaja,0,0,TRUE,ASV1821,1,Aglaja ocelligera
edna0033,ASV1898,motu1577,Aglaja ocelligera,Spotted Aglaga,species,NA,NA,NA,1,NA,NA,NA,82,142,NA,176,Aglaja ocelligera,Spotted Aglaga,2018_pba_surface,pba,beach_seine,2018-07-12,2018-07-10,2018,surface,2,edna_pba_30,surface,biological,16.5,26.06,8.43,NA,NA,NA,4,1000,0,51.64642312,-128.1189452,mud,y,180,p,seagrass,zostera,seagrass_mud,zostera_mud,99.04,1.97556e-155,304,Metazoa,Mollusca,Gastropoda,Cephalaspidea,Aglajidae,Aglaja,0,0,TRUE,ASV1898,1,Aglaja ocelligera
edna0033,ASV1587,motu1337,Armandia brevis,Opheliid polychaete,species,NA,NA,NA,1,NA,NA,NA,NA,16,NA,NA,Armandia brevis,Opheliid polychaete,2018_pba_surface,pba,beach_seine,2018-07-12,2018-07-10,2018,surface,2,edna_pba_30,surface,biological,16.5,26.06,8.43,NA,NA,NA,4,1000,0,51.64642312,-128.1189452,mud,y,180,p,seagrass,zostera,seagrass_mud,zostera_mud,100,2.1076299999999988e-175,340,Metazoa,Annelida,Polychaeta,NA,Opheliidae,Armandia,0,0,TRUE,ASV1587,2,Armandia brevis
edna0033,ASV2049,motu1695,Pseudopolydora paucibranchiata,Spionid polychaete,species,NA,NA,NA,1,NA,NA,NA,44,130,NA,163,Pseudopolydora paucibranchiata,Spionid polychaete,2018_pba_surface,pba,beach_seine,2018-07-12,2018-07-10,2018,surface,2,edna_pba_30,surface,biological,16.5,26.06,8.43,NA,NA,NA,4,1000,0,51.64642312,-128.1189452,mud,y,180,p,seagrass,zostera,seagrass_mud,zostera_mud,99.35,3.22227e-153,300,Metazoa,Annelida,Polychaeta,Spionida,Spionidae,Pseudopolydora,0,0,TRUE,ASV2049,1,Pseudopolydora paucibranchiata
edna0033,ASV2791,motu31,Centropages abdominalis,Calanoid copepod,species,NA,NA,NA,1,NA,NA,NA,NA,79,NA,94,Centropages abdominalis,Calanoid copepod,2018_pba_surface,pba,beach_seine,2018-07-12,2018-07-10,2018,surface,2,edna_pba_30,surface,biological,16.5,26.06,8.43,NA,NA,NA,4,1000,0,51.64642312,-128.1189452,mud,y,180,p,seagrass,zostera,seagrass_mud,zostera_mud,99.68,9.126599999999999e-159,310,Metazoa,Arthropoda,Copepoda,Calanoida,Centropagidae,Centropages,0,0,TRUE,ASV34,19,Centropages abdominalis
edna0033,ASV3594,motu128,Centropages abdominalis,Calanoid copepod,species,NA,NA,NA,1,NA,NA,NA,29,30,NA,36,Centropages abdominalis,Calanoid copepod,2018_pba_surface,pba,beach_seine,2018-07-12,2018-07-10,2018,surface,2,edna_pba_30,surface,biological,16.5,26.06,8.43,NA,NA,NA,4,1000,0,51.64642312,-128.1189452,mud,y,180,p,seagrass,zostera,seagrass_mud,zostera_mud,99.68,9.126599999999999e-159,310,Metazoa,Arthropoda,Copepoda,Calanoida,Centropagidae,Centropages,0,0,TRUE,ASV143,11,Centropages abdominalis
edna0033,ASV5800,motu4458,Pleurobrachia bachei,Pacific sea gooseberry,species,NA,NA,NA,1,NA,NA,NA,NA,10,NA,13,Pleurobrachia bachei,Pacific sea gooseberry,2018_pba_surface,pba,beach_seine,2018-07-12,2018-07-10,2018,surface,2,edna_pba_30,surface,biological,16.5,26.06,8.43,NA,NA,NA,4,1000,0,51.64642312,-128.1189452,mud,y,180,p,seagrass,zostera,seagrass_mud,zostera_mud,99.36,4.246189999999999e-157,307,Metazoa,Ctenophora,Tentaculata,Cydippida,Cydippidae,Pleurobrachia,0,0,TRUE,ASV5800,1,Pleurobrachia bachei
edna0033,ASV5868,motu4511,Pleurobrachia bachei,Pacific sea gooseberry,species,NA,NA,NA,1,NA,NA,NA,NA,11,NA,11,Pleurobrachia bachei,Pacific sea gooseberry,2018_pba_surface,pba,beach_seine,2018-07-12,2018-07-10,2018,surface,2,edna_pba_30,surface,biological,16.5,26.06,8.43,NA,NA,NA,4,1000,0,51.64642312,-128.1189452,mud,y,180,p,seagrass,zostera,seagrass_mud,zostera_mud,99.36,4.246189999999999e-157,307,Metazoa,Ctenophora,Tentaculata,Cydippida,Cydippidae,Pleurobrachia,0,0,TRUE,ASV5868,1,Pleurobrachia bachei
edna0034,ASV232,motu204,Cecidomyiidae,Hexapod,genus,NA,NA,NA,1,NA,NA,NA,9,22,NA,19,Cecidomyiidae,Hexapod,2018_pba_depth,pba,beach_seine,2018-07-12,2018-07-10,2018,depth,2,edna_pba_00,depth,biological,12.8,29.61,8.64,NA,NA,NA,4,1000,0,51.64670412,-128.1188409,mud,y,180,p,seagrass,zostera,seagrass_mud,zostera_mud,100,0.00408744,30,Metazoa,Arthropoda,Arthropoda,Diptera,Cecidomyiidae,Cecidomyiidae,NA,NA,TRUE,ASV232,1,NA
edna0034,ASV623,motu543,Balanus,Barnacle species,genus,NA,NA,NA,1,NA,NA,NA,NA,8,NA,NA,Balanus,Barnacle species,2018_pba_depth,pba,beach_seine,2018-07-12,2018-07-10,2018,depth,2,edna_pba_00,depth,biological,12.8,29.61,8.64,NA,NA,NA,4,1000,0,51.64670412,-128.1188409,mud,y,180,p,seagrass,zostera,seagrass_mud,zostera_mud,100,1.4886099999999998e-156,306,Metazoa,Arthropoda,Arthropoda,Balanomorpha,Balanidae,Balanus,0,0,TRUE,ASV623,7,NA
edna0034,ASV1266,motu1074,Cistenides granulata,Trumpet worm,species,NA,NA,NA,1,NA,NA,NA,42,34,NA,53,Cistenides granulata,Trumpet worm,2018_pba_depth,pba,beach_seine,2018-07-12,2018-07-10,2018,depth,2,edna_pba_00,depth,biological,12.8,29.61,8.64,NA,NA,NA,4,1000,0,51.64670412,-128.1188409,mud,y,180,p,seagrass,zostera,seagrass_mud,zostera_mud,100,2.51921e-159,311,Metazoa,Annelida,Polychaeta,Terebellida,Pectinariidae,Pectinaria,0,0,TRUE,ASV1266,1,Cistenides granulata
edna0034,ASV1356,motu1143,Pisaster brevispinus,Pink sea star,species,NA,NA,NA,1,NA,NA,NA,NA,7,NA,NA,Pisaster brevispinus,Pink sea star,2018_pba_depth,pba,beach_seine,2018-07-12,2018-07-10,2018,depth,2,edna_pba_00,depth,biological,12.8,29.61,8.64,NA,NA,NA,4,1000,0,51.64670412,-128.1188409,mud,y,180,p,seagrass,zostera,seagrass_mud,zostera_mud,100,1.96163e-160,313,Metazoa,Echinodermata,Asteroidea,Forcipulatida,Asteriidae,Pisaster,0,0,TRUE,ASV1356,1,Pisaster brevispinus
edna0034,ASV1293,motu1094,Asteriidae,Sea star,family,NA,NA,NA,1,NA,NA,NA,NA,11,NA,NA,Asteriidae,Sea star,2018_pba_depth,pba,beach_seine,2018-07-12,2018-07-10,2018,depth,2,edna_pba_00,depth,biological,12.8,29.61,8.64,NA,NA,NA,4,1000,0,51.64670412,-128.1188409,mud,y,180,p,seagrass,zostera,seagrass_mud,zostera_mud,100,1.96163e-160,313,Metazoa,Echinodermata,Echinodermata,Forcipulatida,Asteriidae,NA,0,0,TRUE,ASV1293,1,NA
edna0034,ASV1463,motu1234,Aequorea,Crystal jelly species,genus,NA,NA,NA,1,NA,NA,NA,NA,20,NA,NA,Aequorea,Crystal jelly species,2018_pba_depth,pba,beach_seine,2018-07-12,2018-07-10,2018,depth,2,edna_pba_00,depth,biological,12.8,29.61,8.64,NA,NA,NA,4,1000,0,51.64670412,-128.1188409,mud,y,180,p,seagrass,zostera,seagrass_mud,zostera_mud,100,1.4886099999999998e-156,306,Metazoa,Cnidaria,Hydrozoa,Leptothecata,Aequoreidae,Aequorea,0,0,TRUE,ASV1463,2,NA
edna0034,ASV1747,motu1458,Armandia brevis,Opheliid polychaete,species,NA,NA,NA,1,NA,NA,NA,NA,10,NA,NA,Armandia brevis,Opheliid polychaete,2018_pba_depth,pba,beach_seine,2018-07-12,2018-07-10,2018,depth,2,edna_pba_00,depth,biological,12.8,29.61,8.64,NA,NA,NA,4,1000,0,51.64670412,-128.1188409,mud,y,180,p,seagrass,zostera,seagrass_mud,zostera_mud,100,3.4804099999999994e-173,336,Metazoa,Annelida,Polychaeta,NA,Opheliidae,Armandia,0,0,TRUE,ASV1747,1,Armandia brevis
edna0034,ASV3456,motu2743,Cistenides granulata,Trumpet worm,species,NA,NA,NA,1,NA,NA,NA,NA,66,NA,NA,Cistenides granulata,Trumpet worm,2018_pba_depth,pba,beach_seine,2018-07-12,2018-07-10,2018,depth,2,edna_pba_00,depth,biological,12.8,29.61,8.64,NA,NA,NA,4,1000,0,51.64670412,-128.1188409,mud,y,180,p,seagrass,zostera,seagrass_mud,zostera_mud,99.04,2.5370999999999983e-154,302,Metazoa,Annelida,Polychaeta,Terebellida,Pectinariidae,Pectinaria,0,0,TRUE,ASV3456,1,Cistenides granulata
edna0034,ASV4744,motu219,Polydora,Spionid polychaete,genus,NA,NA,NA,1,NA,NA,NA,NA,20,NA,23,Polydora,Spionid polychaete,2018_pba_depth,pba,beach_seine,2018-07-12,2018-07-10,2018,depth,2,edna_pba_00,depth,biological,12.8,29.61,8.64,NA,NA,NA,4,1000,0,51.64670412,-128.1188409,mud,y,180,p,seagrass,zostera,seagrass_mud,zostera_mud,98.72,9.19139e-154,301,Metazoa,Annelida,Annelida,Spionida,Spionidae,Polydora,0,0,TRUE,ASV248,2,NA
edna0034,ASV4929,motu412,Saxidomus gigantea,Butter clam,species,NA,NA,NA,1,NA,NA,NA,NA,38,NA,NA,Saxidomus,Washington clam species,2018_pba_depth,pba,beach_seine,2018-07-12,2018-07-10,2018,depth,2,edna_pba_00,depth,biological,12.8,29.61,8.64,NA,NA,NA,4,1000,0,51.64670412,-128.1188409,mud,y,180,p,seagrass,zostera,seagrass_mud,zostera_mud,99.68,9.126599999999999e-159,310,Metazoa,Mollusca,Bivalvia,Venerida,Veneridae,Saxidomus,0,0,TRUE,ASV467,12,Saxidomus gigantea
edna0034,ASV5947,motu2123,Braconidae,Hexapod,family,NA,NA,NA,1,NA,NA,NA,NA,6,NA,NA,Insecta,Hexapod,2018_pba_depth,pba,beach_seine,2018-07-12,2018-07-10,2018,depth,2,edna_pba_00,depth,biological,12.8,29.61,8.64,NA,NA,NA,4,1000,0,51.64670412,-128.1188409,mud,y,180,p,seagrass,zostera,seagrass_mud,zostera_mud,90.2,6.41781e-46,107,Metazoa,Arthropoda,Arthropoda,Hymenoptera,Braconidae,NA,NA,NA,TRUE,ASV2618,2,NA
edna0035,ASV623,motu543,Balanus,Barnacle species,genus,NA,NA,NA,1,NA,NA,NA,NA,4,NA,NA,Balanus,Barnacle species,2018_pba_surface,pba,beach_seine,2018-07-12,2018-07-10,2018,surface,3,edna_pba_15,surface,biological,16.6,26.08,8.4,NA,NA,NA,3.7,1000,0,51.64655803,-128.1188964,mud,y,180,p,seagrass,zostera,seagrass_mud,zostera_mud,100,1.4886099999999998e-156,306,Metazoa,Arthropoda,Arthropoda,Balanomorpha,Balanidae,Balanus,0,0,TRUE,ASV623,7,NA
edna0035,ASV1716,motu1434,Armandia brevis,Opheliid polychaete,species,NA,NA,NA,1,NA,NA,NA,NA,6,NA,NA,Armandia brevis,Opheliid polychaete,2018_pba_surface,pba,beach_seine,2018-07-12,2018-07-10,2018,surface,3,edna_pba_15,surface,biological,16.6,26.08,8.4,NA,NA,NA,3.7,1000,0,51.64655803,-128.1188964,mud,y,180,p,seagrass,zostera,seagrass_mud,zostera_mud,100,2.1076299999999988e-175,340,Metazoa,Annelida,Polychaeta,NA,Opheliidae,Armandia,0,0,TRUE,ASV1716,1,Armandia brevis
edna0036,ASV679,motu591,Phyllodocida,Polychaete,order,NA,NA,NA,1,NA,NA,NA,25,29,NA,29,Phyllodocida,Polychaete,2018_pba_depth,pba,beach_seine,2018-07-12,2018-07-10,2018,depth,3,edna_pba_30,depth,biological,12.7,29.67,8.28,NA,NA,NA,3.7,1000,0,51.64642312,-128.1189452,mud,y,180,p,seagrass,zostera,seagrass_mud,zostera_mud,100,0.0603188,28,Metazoa,Annelida,Annelida,Phyllodocida,NA,NA,0,0,TRUE,ASV679,1,NA
edna0036,ASV733,motu637,Phyllodocida,Polychaete,order,NA,NA,NA,1,NA,NA,NA,23,23,NA,28,Phyllodocida,Polychaete,2018_pba_depth,pba,beach_seine,2018-07-12,2018-07-10,2018,depth,3,edna_pba_30,depth,biological,12.7,29.67,8.28,NA,NA,NA,3.7,1000,0,51.64642312,-128.1189452,mud,y,180,p,seagrass,zostera,seagrass_mud,zostera_mud,100,0.0603188,28,Metazoa,Annelida,Annelida,Phyllodocida,NA,NA,0,0,TRUE,ASV733,1,NA
edna0036,ASV780,motu679,Aequorea,Crystal jelly species,genus,NA,NA,NA,1,NA,NA,NA,NA,8,NA,NA,Aequorea,Crystal jelly species,2018_pba_depth,pba,beach_seine,2018-07-12,2018-07-10,2018,depth,3,edna_pba_30,depth,biological,12.7,29.67,8.28,NA,NA,NA,3.7,1000,0,51.64642312,-128.1189452,mud,y,180,p,seagrass,zostera,seagrass_mud,zostera_mud,100,1.4886099999999998e-156,306,Metazoa,Cnidaria,Hydrozoa,Leptothecata,Aequoreidae,Aequorea,0,0,TRUE,ASV780,4,NA
edna0036,ASV3181,motu2547,Cistenides granulata,Trumpet worm,species,NA,NA,NA,1,NA,NA,NA,NA,80,NA,47,Cistenides granulata,Trumpet worm,2018_pba_depth,pba,beach_seine,2018-07-12,2018-07-10,2018,depth,3,edna_pba_30,depth,biological,12.7,29.67,8.28,NA,NA,NA,3.7,1000,0,51.64642312,-128.1189452,mud,y,180,p,seagrass,zostera,seagrass_mud,zostera_mud,98.72,9.19139e-154,301,Metazoa,Annelida,Polychaeta,Terebellida,Pectinariidae,Pectinaria,0,0,TRUE,ASV3181,1,Cistenides granulata
edna0036,ASV3776,motu2973,Cistenides granulata,Trumpet worm,species,NA,NA,NA,1,NA,NA,NA,NA,84,NA,NA,Cistenides granulata,Trumpet worm,2018_pba_depth,pba,beach_seine,2018-07-12,2018-07-10,2018,depth,3,edna_pba_30,depth,biological,12.7,29.67,8.28,NA,NA,NA,3.7,1000,0,51.64642312,-128.1189452,mud,y,180,p,seagrass,zostera,seagrass_mud,zostera_mud,98.71,1.1804e-152,299,Metazoa,Annelida,Polychaeta,Terebellida,Pectinariidae,Pectinaria,0,0,TRUE,ASV3776,1,Cistenides granulata
edna0037,ASV521,motu458,Sabellariidae,Feather duster worm,family,NA,NA,NA,1,NA,NA,NA,NA,14,NA,NA,Sabellariidae,Feather duster worm,2018_wfb_surface,wfb,beach_seine,2018-07-13,2018-07-12,2018,surface,1,edna_wfb_00,surface,biological,12.5,30.95,7.97,NA,NA,NA,5.3,1000,0,51.66858165,-128.1194495,sand,y,350,se,none,none,none_sand,none_sand,99.68,1.5051499999999994e-156,306,Metazoa,Annelida,Polychaeta,NA,Sabellariidae,NA,0,0,TRUE,ASV521,12,NA
edna0037,ASV613,motu536,Sabellariidae,Feather duster worm,family,NA,NA,NA,1,NA,NA,NA,NA,24,NA,NA,Sabellariidae,Feather duster worm,2018_wfb_surface,wfb,beach_seine,2018-07-13,2018-07-12,2018,surface,1,edna_wfb_00,surface,biological,12.5,30.95,7.97,NA,NA,NA,5.3,1000,0,51.66858165,-128.1194495,sand,y,350,se,none,none,none_sand,none_sand,99.68,1.5051499999999994e-156,306,Metazoa,Annelida,Polychaeta,NA,Sabellariidae,NA,0,0,TRUE,ASV613,7,NA
edna0037,ASV1057,motu909,Orobdella,Freshwater leech,genus,NA,NA,NA,1,NA,NA,NA,18,17,NA,NA,Orobdella,Freshwater leech,2018_wfb_surface,wfb,beach_seine,2018-07-13,2018-07-12,2018,surface,1,edna_wfb_00,surface,biological,12.5,30.95,7.97,NA,NA,NA,5.3,1000,0,51.66858165,-128.1194495,sand,y,350,se,none,none,none_sand,none_sand,97.06,0.0011939,31,Metazoa,Annelida,Annelida,Erpobdelliformes,Orobdellidae,Orobdella,NA,NA,TRUE,ASV1057,1,NA
edna0037,ASV1319,motu1116,Clytia gregaria,Gregarious jellyfish,species,NA,NA,NA,1,NA,NA,NA,NA,23,NA,NA,Clytia gregaria,Gregarious jellyfish,2018_wfb_surface,wfb,beach_seine,2018-07-13,2018-07-12,2018,surface,1,edna_wfb_00,surface,biological,12.5,30.95,7.97,NA,NA,NA,5.3,1000,0,51.66858165,-128.1194495,sand,y,350,se,none,none,none_sand,none_sand,99.67,6.925819999999995e-155,303,Metazoa,Cnidaria,Hydrozoa,Leptothecata,Campanulariidae,Clytia,0,0,TRUE,ASV1319,3,Clytia gregaria
edna0037,ASV1046,motu902,Arthropoda,Unknown arthropod,phylum,NA,NA,NA,1,NA,NA,NA,25,42,NA,NA,Arthropoda,Unknown arthropod,2018_wfb_surface,wfb,beach_seine,2018-07-13,2018-07-12,2018,surface,1,edna_wfb_00,surface,biological,12.5,30.95,7.97,NA,NA,NA,5.3,1000,0,51.66858165,-128.1194495,sand,y,350,se,none,none,none_sand,none_sand,94.87,8.78538e-5,33,Metazoa,Arthropoda,NA,NA,NA,NA,NA,NA,TRUE,ASV1046,4,NA
edna0037,ASV1372,motu1158,Balanus glandula,Acorn barnacle,species,NA,NA,NA,1,NA,NA,NA,NA,6,NA,NA,Balanus glandula,Acorn barnacle,2018_wfb_surface,wfb,beach_seine,2018-07-13,2018-07-12,2018,surface,1,edna_wfb_00,surface,biological,12.5,30.95,7.97,NA,NA,NA,5.3,1000,0,51.66858165,-128.1194495,sand,y,350,se,none,none,none_sand,none_sand,99.36,4.246189999999999e-157,307,Metazoa,Arthropoda,Thecostraca,Balanomorpha,Balanidae,Balanus,0,0,TRUE,ASV1372,1,Balanus glandula
edna0037,ASV1698,motu1419,Aurelia labiata,Moon jelly species,species,NA,NA,NA,1,NA,NA,NA,NA,49,NA,NA,Aurelia labiata,Moon jelly species,2018_wfb_surface,wfb,beach_seine,2018-07-13,2018-07-12,2018,surface,1,edna_wfb_00,surface,biological,12.5,30.95,7.97,NA,NA,NA,5.3,1000,0,51.66858165,-128.1194495,sand,y,350,se,none,none,none_sand,none_sand,99.36,4.246189999999999e-157,307,Metazoa,Cnidaria,Scyphozoa,Semaeostomeae,Ulmaridae,Aurelia,0,0,TRUE,ASV1698,4,Aurelia labiata
edna0037,ASV2719,motu343,Dodecaceria,Cirratulid polychaete,genus,NA,NA,NA,1,NA,NA,NA,NA,17,NA,NA,Dodecaceria,Cirratulid polychaete,2018_wfb_surface,wfb,beach_seine,2018-07-13,2018-07-12,2018,surface,1,edna_wfb_00,surface,biological,12.5,30.95,7.97,NA,NA,NA,5.3,1000,0,51.66858165,-128.1194495,sand,y,350,se,none,none,none_sand,none_sand,100,7.02982e-160,312,Metazoa,Annelida,Polychaeta,Terebellida,Cirratulidae,Dodecaceria,0,0,TRUE,ASV390,6,NA
edna0037,ASV5324,motu4092,Orthasterias koehleri,Rainbow star,species,NA,NA,NA,1,NA,NA,NA,NA,12,NA,NA,Orthasterias koehleri,Rainbow star,2018_wfb_surface,wfb,beach_seine,2018-07-13,2018-07-12,2018,surface,1,edna_wfb_00,surface,biological,12.5,30.95,7.97,NA,NA,NA,5.3,1000,0,51.66858165,-128.1194495,sand,y,350,se,none,none,none_sand,none_sand,100,2.51921e-159,311,Metazoa,Echinodermata,Asteroidea,Forcipulatida,Asteriidae,Orthasterias,0,0,TRUE,ASV5324,1,Orthasterias koehleri
edna0037,ASV5514,motu4230,Apostichopus californicus,California sea cucumber,species,NA,NA,NA,1,NA,NA,NA,NA,5,NA,NA,Apostichopus californicus,California sea cucumber,2018_wfb_surface,wfb,beach_seine,2018-07-13,2018-07-12,2018,surface,1,edna_wfb_00,surface,biological,12.5,30.95,7.97,NA,NA,NA,5.3,1000,0,51.66858165,-128.1194495,sand,y,350,se,none,none,none_sand,none_sand,100,1.96163e-160,313,Metazoa,Echinodermata,Holothuroidea,Synallactida,Stichopodidae,Apostichopus,0,0,TRUE,ASV5514,1,Apostichopus californicus
edna0038,ASV2261,motu303,Pseudocalanus mimus,Calanoid copepod,species,NA,NA,NA,1,NA,NA,NA,NA,75,NA,34,Pseudocalanus mimus,Calanoid copepod,2018_wfb_depth,wfb,beach_seine,2018-07-13,2018-07-12,2018,depth,1,edna_wfb_15,depth,biological,10.6,31.55,7.94,NA,NA,NA,5.3,1000,0,51.66850793,-128.1196609,sand,y,350,se,none,none,none_sand,none_sand,99.67,9.19139e-154,301,Metazoa,Arthropoda,Copepoda,Calanoida,Clausocalanidae,Pseudocalanus,0,0,TRUE,ASV343,11,Pseudocalanus mimus
edna0038,ASV4519,motu3517,Chaetognatha,Arrow worm,phylum,NA,NA,NA,1,NA,NA,NA,NA,8,NA,NA,Chaetognatha,Arrow worm,2018_wfb_depth,wfb,beach_seine,2018-07-13,2018-07-12,2018,depth,1,edna_wfb_15,depth,biological,10.6,31.55,7.94,NA,NA,NA,5.3,1000,0,51.66850793,-128.1196609,sand,y,350,se,none,none,none_sand,none_sand,96.52,1.66186e-86,180,Metazoa,Chaetognatha,NA,NA,NA,NA,0,0,TRUE,ASV4519,1,NA
edna0038,ASV4869,motu3766,Halosydna brevisetosa,Shortscaled worm,species,NA,NA,NA,1,NA,NA,NA,NA,40,NA,NA,Halosydna brevisetosa,Shortscaled worm,2018_wfb_depth,wfb,beach_seine,2018-07-13,2018-07-12,2018,depth,1,edna_wfb_15,depth,biological,10.6,31.55,7.94,NA,NA,NA,5.3,1000,0,51.66850793,-128.1196609,sand,y,350,se,none,none,none_sand,none_sand,99.36,5.453139999999996e-156,305,Metazoa,Annelida,Polychaeta,Phyllodocida,Polynoidae,Halosydna,0,0,TRUE,ASV4869,1,Halosydna brevisetosa
edna0038,ASV5060,motu3897,Chaetognatha,Arrow worm,phylum,NA,NA,NA,1,NA,NA,NA,NA,4,NA,NA,Chaetognatha,Arrow worm,2018_wfb_depth,wfb,beach_seine,2018-07-13,2018-07-12,2018,depth,1,edna_wfb_15,depth,biological,10.6,31.55,7.94,NA,NA,NA,5.3,1000,0,51.66850793,-128.1196609,sand,y,350,se,none,none,none_sand,none_sand,95.02,1.67366e-81,171,Metazoa,Chaetognatha,NA,NA,NA,NA,0,0,TRUE,ASV5060,1,NA
edna0039,ASV377,motu334,Synchaeta pectinata,Rotifer,species,NA,NA,NA,1,NA,NA,NA,NA,4,NA,NA,Synchaeta pectinata,Rotifer,2018_wfb_surface,wfb,beach_seine,2018-07-13,2018-07-12,2018,surface,2,edna_wfb_30,surface,biological,12.4,31.02,7.95,NA,NA,NA,5.3,1000,0,51.66843974,-128.1199132,sand,y,350,se,none,none,none_sand,none_sand,90.48,1.6452299999999999e-111,225,Metazoa,Rotifera,Eurotatoria,Ploima,Synchaetidae,Synchaeta,0,0,TRUE,ASV377,5,Synchaeta pectinata
edna0039,ASV251,motu105,Mesocentrotus franciscanus,Red sea urchin,species,NA,NA,NA,1,NA,NA,NA,NA,12,NA,8,Mesocentrotus franciscanus,Red sea urchin,2018_wfb_surface,wfb,beach_seine,2018-07-13,2018-07-12,2018,surface,2,edna_wfb_30,surface,biological,12.4,31.02,7.95,NA,NA,NA,5.3,1000,0,51.66843974,-128.1199132,sand,y,350,se,none,none,none_sand,none_sand,100,7.02982e-160,312,Metazoa,Echinodermata,Echinoidea,Camarodonta,Strongylocentrotidae,Mesocentrotus,0,0,TRUE,ASV118,8,Mesocentrotus franciscanus
edna0039,ASV1698,motu1419,Aurelia labiata,Moon jelly species,species,NA,NA,NA,1,NA,NA,NA,30,35,NA,13,Aurelia labiata,Moon jelly species,2018_wfb_surface,wfb,beach_seine,2018-07-13,2018-07-12,2018,surface,2,edna_wfb_30,surface,biological,12.4,31.02,7.95,NA,NA,NA,5.3,1000,0,51.66843974,-128.1199132,sand,y,350,se,none,none,none_sand,none_sand,99.36,4.246189999999999e-157,307,Metazoa,Cnidaria,Scyphozoa,Semaeostomeae,Ulmaridae,Aurelia,0,0,TRUE,ASV1698,4,Aurelia labiata
edna0039,ASV1443,motu1220,Orobdella,Freshwater leech,genus,NA,NA,NA,1,NA,NA,NA,NA,6,NA,NA,Orobdella,Freshwater leech,2018_wfb_surface,wfb,beach_seine,2018-07-13,2018-07-12,2018,surface,2,edna_wfb_30,surface,biological,12.4,31.02,7.95,NA,NA,NA,5.3,1000,0,51.66843974,-128.1199132,sand,y,350,se,none,none,none_sand,none_sand,97.06,0.0011939,31,Metazoa,Annelida,Annelida,Erpobdelliformes,Orobdellidae,Orobdella,NA,NA,TRUE,ASV1443,1,NA
edna0039,ASV2696,motu283,Dodecaceria,Cirratulid polychaete,genus,NA,NA,NA,1,NA,NA,NA,NA,47,NA,39,Dodecaceria,Cirratulid polychaete,2018_wfb_surface,wfb,beach_seine,2018-07-13,2018-07-12,2018,surface,2,edna_wfb_30,surface,biological,12.4,31.02,7.95,NA,NA,NA,5.3,1000,0,51.66843974,-128.1199132,sand,y,350,se,none,none,none_sand,none_sand,100,7.02982e-160,312,Metazoa,Annelida,Polychaeta,Terebellida,Cirratulidae,Dodecaceria,0,0,TRUE,ASV322,5,NA
edna0039,ASV6605,motu5120,Mytilus californianus,California mussel,species,NA,NA,NA,1,NA,NA,NA,7,7,NA,NA,Mytilus californianus,California mussel,2018_wfb_surface,wfb,beach_seine,2018-07-13,2018-07-12,2018,surface,2,edna_wfb_30,surface,biological,12.4,31.02,7.95,NA,NA,NA,5.3,1000,0,51.66843974,-128.1199132,sand,y,350,se,none,none,none_sand,none_sand,99.35,7.143779999999995e-155,303,Metazoa,Mollusca,Bivalvia,Mytilida,Mytilidae,Mytilus,0,0,TRUE,ASV6605,1,Mytilus californianus
edna0040,ASV377,motu334,Synchaeta pectinata,Rotifer,species,NA,NA,NA,1,NA,NA,NA,NA,4,NA,5,Synchaeta pectinata,Rotifer,2018_wfb_depth,wfb,beach_seine,2018-07-13,2018-07-12,2018,depth,2,edna_wfb_00,depth,biological,10.6,31.55,7.96,NA,NA,NA,5.3,1000,0,51.66858165,-128.1194495,sand,y,350,se,none,none,none_sand,none_sand,90.48,1.6452299999999999e-111,225,Metazoa,Rotifera,Eurotatoria,Ploima,Synchaetidae,Synchaeta,0,0,TRUE,ASV377,5,Synchaeta pectinata
edna0040,ASV3842,motu3021,Humilaria kennerleyi,Kennerleys venus,species,NA,NA,NA,1,NA,NA,NA,NA,8,NA,9,Humilaria kennerleyi,Kennerleys venus,2018_wfb_depth,wfb,beach_seine,2018-07-13,2018-07-12,2018,depth,2,edna_wfb_00,depth,biological,10.6,31.55,7.96,NA,NA,NA,5.3,1000,0,51.66858165,-128.1194495,sand,y,350,se,none,none,none_sand,none_sand,100,2.51921e-159,311,Metazoa,Mollusca,Bivalvia,Venerida,Veneridae,Humilaria,0,0,TRUE,ASV3842,2,Humilaria kennerleyi
edna0040,ASV4209,motu3301,Neosabellaria cementarium,Cemented sandmason tubeworm,species,NA,NA,NA,1,NA,NA,NA,11,19,NA,NA,Neosabellaria cementarium,Cemented sandmason tubeworm,2018_wfb_depth,wfb,beach_seine,2018-07-13,2018-07-12,2018,depth,2,edna_wfb_00,depth,biological,10.6,31.55,7.96,NA,NA,NA,5.3,1000,0,51.66858165,-128.1194495,sand,y,350,se,none,none,none_sand,none_sand,98.4,4.27634e-152,298,Metazoa,Annelida,Polychaeta,NA,Sabellariidae,Neosabellaria,0,0,TRUE,ASV4209,1,Neosabellaria cementarium
edna0040,ASV5649,motu4336,Proboscidactyla flavicirrata,Athecate hydroid,species,NA,NA,NA,1,NA,NA,NA,NA,10,NA,15,Proboscidactyla flavicirrata,Athecate hydroid,2018_wfb_depth,wfb,beach_seine,2018-07-13,2018-07-12,2018,depth,2,edna_wfb_00,depth,biological,10.6,31.55,7.96,NA,NA,NA,5.3,1000,0,51.66858165,-128.1194495,sand,y,350,se,none,none,none_sand,none_sand,99.35,3.22227e-153,300,Metazoa,Cnidaria,Hydrozoa,Anthoathecata,Proboscidactylidae,Proboscidactyla,0,0,TRUE,ASV5649,1,Proboscidactyla flavicirrata
edna0040,ASV5948,motu4014,Syllis alternata,Necklace worm species,species,NA,NA,NA,1,NA,NA,NA,NA,21,NA,NA,Syllis alternata,Necklace worm species,2018_wfb_depth,wfb,beach_seine,2018-07-13,2018-07-12,2018,depth,2,edna_wfb_00,depth,biological,10.6,31.55,7.96,NA,NA,NA,5.3,1000,0,51.66858165,-128.1194495,sand,y,350,se,none,none,none_sand,none_sand,99.68,9.126599999999999e-159,310,Metazoa,Annelida,Polychaeta,Phyllodocida,Syllidae,Syllis,0,0,TRUE,ASV5222,2,Syllis alternata
edna0041,ASV270,motu199,Mytilus,Mussel species,genus,NA,NA,NA,1,NA,NA,NA,NA,24,NA,NA,Mytilus trossulus,Bay mussel,2018_wfb_surface,wfb,beach_seine,2018-07-13,2018-07-12,2018,surface,3,edna_wfb_15,surface,biological,12.1,30.5,7.99,NA,NA,NA,5.3,1000,0,51.66850793,-128.1196609,sand,y,350,se,none,none,none_sand,none_sand,100,3.2351099999999996e-158,309,Metazoa,Mollusca,Mollusca,Mytilida,Mytilidae,Mytilus,0,0,TRUE,ASV226,18,NA
edna0041,ASV1175,motu1006,Dodecaceria,Cirratulid polychaete,genus,NA,NA,NA,1,NA,NA,NA,NA,114,NA,NA,Dodecaceria,Cirratulid polychaete,2018_wfb_surface,wfb,beach_seine,2018-07-13,2018-07-12,2018,surface,3,edna_wfb_15,surface,biological,12.1,30.5,7.99,NA,NA,NA,5.3,1000,0,51.66850793,-128.1196609,sand,y,350,se,none,none,none_sand,none_sand,100,2.51921e-159,311,Metazoa,Annelida,Polychaeta,Terebellida,Cirratulidae,Dodecaceria,0,0,TRUE,ASV1175,1,NA
edna0042,ASV118,motu105,Mesocentrotus franciscanus,Red sea urchin,species,NA,NA,NA,1,NA,NA,NA,NA,7,NA,6,Mesocentrotus franciscanus,Red sea urchin,2018_wfb_depth,wfb,beach_seine,2018-07-13,2018-07-12,2018,depth,3,edna_wfb_30,depth,biological,10.6,31.64,7.97,NA,NA,NA,5.3,1000,0,51.66843974,-128.1199132,sand,y,350,se,none,none,none_sand,none_sand,100,2.51921e-159,311,Metazoa,Echinodermata,Echinoidea,Camarodonta,Strongylocentrotidae,Mesocentrotus,0,0,TRUE,ASV118,8,Mesocentrotus franciscanus
edna0042,ASV613,motu536,Sabellariidae,Feather duster worm,family,NA,NA,NA,1,NA,NA,NA,NA,34,NA,NA,Sabellariidae,Feather duster worm,2018_wfb_depth,wfb,beach_seine,2018-07-13,2018-07-12,2018,depth,3,edna_wfb_30,depth,biological,10.6,31.64,7.97,NA,NA,NA,5.3,1000,0,51.66843974,-128.1199132,sand,y,350,se,none,none,none_sand,none_sand,99.68,1.5051499999999994e-156,306,Metazoa,Annelida,Polychaeta,NA,Sabellariidae,NA,0,0,TRUE,ASV613,7,NA
edna0042,ASV1057,motu909,Orobdella,Freshwater leech,genus,NA,NA,NA,1,NA,NA,NA,NA,10,NA,NA,Orobdella,Freshwater leech,2018_wfb_depth,wfb,beach_seine,2018-07-13,2018-07-12,2018,depth,3,edna_wfb_30,depth,biological,10.6,31.64,7.97,NA,NA,NA,5.3,1000,0,51.66843974,-128.1199132,sand,y,350,se,none,none,none_sand,none_sand,97.06,0.0011939,31,Metazoa,Annelida,Annelida,Erpobdelliformes,Orobdellidae,Orobdella,NA,NA,TRUE,ASV1057,1,NA
edna0042,ASV1304,motu1104,Haliotis kamtschatkana,Northern abalone,species,NA,NA,NA,1,NA,NA,NA,5,3,NA,NA,Haliotis kamtschatkana,Northern abalone,2018_wfb_depth,wfb,beach_seine,2018-07-13,2018-07-12,2018,depth,3,edna_wfb_30,depth,biological,10.6,31.64,7.97,NA,NA,NA,5.3,1000,0,51.66843974,-128.1199132,sand,y,350,se,none,none,none_sand,none_sand,100,1.96163e-160,313,Metazoa,Mollusca,Mollusca,Lepetellida,Haliotidae,Haliotis,0,0,TRUE,ASV1304,9,Haliotis kamtschatkana
edna0042,ASV1462,motu1233,Clytia gregaria,Gregarious jellyfish,species,NA,NA,NA,1,NA,NA,NA,NA,5,NA,NA,Clytia gregaria,Gregarious jellyfish,2018_wfb_depth,wfb,beach_seine,2018-07-13,2018-07-12,2018,depth,3,edna_wfb_30,depth,biological,10.6,31.64,7.97,NA,NA,NA,5.3,1000,0,51.66843974,-128.1199132,sand,y,350,se,none,none,none_sand,none_sand,99.67,6.925819999999995e-155,303,Metazoa,Cnidaria,Hydrozoa,Leptothecata,Campanulariidae,Clytia,0,0,TRUE,ASV1462,2,Clytia gregaria
edna0042,ASV2837,motu458,Sabellariidae,Feather duster worm,family,NA,NA,NA,1,NA,NA,NA,28,25,NA,14,Sabellariidae,Feather duster worm,2018_wfb_depth,wfb,beach_seine,2018-07-13,2018-07-12,2018,depth,3,edna_wfb_30,depth,biological,10.6,31.64,7.97,NA,NA,NA,5.3,1000,0,51.66843974,-128.1199132,sand,y,350,se,none,none,none_sand,none_sand,99.35,7.002779999999996e-155,303,Metazoa,Annelida,Polychaeta,NA,Sabellariidae,NA,0,0,TRUE,ASV521,12,NA
edna0043,ASV679,motu591,Phyllodocida,Polychaete,order,NA,NA,NA,1,NA,NA,NA,NA,8,NA,6,Phyllodocida,Polychaete,2018_ssp_surface,ssp,beach_seine,2018-07-13,2018-07-12,2018,surface,1,edna_ssp_00,surface,biological,11.3,30.51,8.01,NA,NA,NA,4.7,1000,0,51.67909247,-128.1153275,sand,y,455,se,seagrass,zostera,seagrass_sand,zostera_sand,100,0.0603188,28,Metazoa,Annelida,Annelida,Phyllodocida,NA,NA,0,0,TRUE,ASV679,1,NA
edna0043,ASV3981,motu3127,Potential chimera,Potential chimera,species,NA,NA,NA,1,NA,NA,NA,NA,2,NA,NA,Potential chimera,Potential chimera,2018_ssp_surface,ssp,beach_seine,2018-07-13,2018-07-12,2018,surface,1,edna_ssp_00,surface,biological,11.3,30.51,8.01,NA,NA,NA,4.7,1000,0,51.67909247,-128.1153275,sand,y,455,se,seagrass,zostera,seagrass_sand,zostera_sand,97.3,2.33684e-5,34,Metazoa,Arthropoda,Arthropoda,Hymenoptera,Apoidea,Tachysphex,NA,NA,TRUE,ASV3981,1,Potential chimera
edna0043,ASV4552,motu3539,Pollicipes polymerus,Gooseneck barnacle,species,NA,NA,NA,1,NA,NA,NA,14,23,NA,11,Pollicipes polymerus,Gooseneck barnacle,2018_ssp_surface,ssp,beach_seine,2018-07-13,2018-07-12,2018,surface,1,edna_ssp_00,surface,biological,11.3,30.51,8.01,NA,NA,NA,4.7,1000,0,51.67909247,-128.1153275,sand,y,455,se,seagrass,zostera,seagrass_sand,zostera_sand,100,3.2351099999999996e-158,309,Metazoa,Arthropoda,Thecostraca,Pollicipedomorpha,Pollicipedidae,Pollicipes,0,0,TRUE,ASV4552,1,Pollicipes polymerus
edna0043,ASV6390,motu4944,Sarsamphiascus undosus,Harpacticoid copepod,species,NA,NA,NA,1,NA,NA,NA,6,10,NA,NA,Sarsamphiascus undosus,Harpacticoid copepod,2018_ssp_surface,ssp,beach_seine,2018-07-13,2018-07-12,2018,surface,1,edna_ssp_00,surface,biological,11.3,30.51,8.01,NA,NA,NA,4.7,1000,0,51.67909247,-128.1153275,sand,y,455,se,seagrass,zostera,seagrass_sand,zostera_sand,97.76,9.443039999999999e-149,292,Metazoa,Arthropoda,Copepoda,Harpacticoida,Miraciidae,Sarsamphiascus,0,0,TRUE,ASV6390,1,Sarsamphiascus undosus
edna0044,ASV3654,motu1218,Halosydna brevisetosa,Shortscaled worm,species,NA,NA,NA,1,NA,NA,NA,NA,91,NA,NA,Halosydna brevisetosa,Shortscaled worm,2018_ssp_depth,ssp,beach_seine,2018-07-13,2018-07-12,2018,depth,1,edna_ssp_15,depth,biological,10.8,31.46,8.02,NA,NA,NA,4.7,1000,0,51.67894579,-128.115172,sand,y,455,se,seagrass,zostera,seagrass_sand,zostera_sand,99.68,1.172079999999999e-157,308,Metazoa,Annelida,Polychaeta,Phyllodocida,Polynoidae,Halosydna,0,0,TRUE,ASV1441,3,Halosydna brevisetosa
edna0044,ASV5534,motu4248,Oithona similis,Cyclopoid copepod,species,NA,NA,NA,1,NA,NA,NA,16,11,NA,NA,Oithona similis,Cyclopoid copepod,2018_ssp_depth,ssp,beach_seine,2018-07-13,2018-07-12,2018,depth,1,edna_ssp_15,depth,biological,10.8,31.46,8.02,NA,NA,NA,4.7,1000,0,51.67894579,-128.115172,sand,y,455,se,seagrass,zostera,seagrass_sand,zostera_sand,98.02,3.598709999999997e-93,192,Metazoa,Arthropoda,Copepoda,Cyclopoida,Oithonidae,Oithona,0,0,TRUE,ASV5534,1,Oithona similis
edna0045,ASV398,motu350,Synchaeta pectinata,Rotifer,species,NA,NA,NA,1,NA,NA,NA,NA,4,NA,NA,Synchaeta pectinata,Rotifer,2018_ssp_surface,ssp,beach_seine,2018-07-13,2018-07-12,2018,surface,2,edna_ssp_30,surface,biological,11.5,30.62,8.03,NA,NA,NA,4.5,1000,0,51.67882714,-128.114958,sand,y,455,se,seagrass,zostera,seagrass_sand,zostera_sand,90.48,1.6452299999999999e-111,225,Metazoa,Rotifera,Eurotatoria,Ploima,Synchaetidae,Synchaeta,0,0,TRUE,ASV398,4,Synchaeta pectinata
edna0045,ASV1737,motu709,Chthamalus dalli,Little brown barnacle,species,NA,NA,NA,1,NA,NA,NA,NA,28,NA,32,Chthamalus dalli,Little brown barnacle,2018_ssp_surface,ssp,beach_seine,2018-07-13,2018-07-12,2018,surface,2,edna_ssp_30,surface,biological,11.5,30.62,8.03,NA,NA,NA,4.5,1000,0,51.67882714,-128.114958,sand,y,455,se,seagrass,zostera,seagrass_sand,zostera_sand,99.01,2.4714899999999987e-149,293,Metazoa,Arthropoda,Thecostraca,Balanomorpha,Chthamalidae,Chthamalus,0,0,TRUE,ASV814,5,Chthamalus dalli
edna0045,ASV978,motu848,Halosydna brevisetosa,Shortscaled worm,species,NA,NA,NA,1,NA,NA,NA,NA,54,NA,NA,Halosydna brevisetosa,Shortscaled worm,2018_ssp_surface,ssp,beach_seine,2018-07-13,2018-07-12,2018,surface,2,edna_ssp_30,surface,biological,11.5,30.62,8.03,NA,NA,NA,4.5,1000,0,51.67882714,-128.114958,sand,y,455,se,seagrass,zostera,seagrass_sand,zostera_sand,100,1.96163e-160,313,Metazoa,Annelida,Polychaeta,Phyllodocida,Polynoidae,Halosydna,0,0,TRUE,ASV978,4,Halosydna brevisetosa
edna0045,ASV1582,motu1332,Mytilus californianus,California mussel,species,NA,NA,NA,1,NA,NA,NA,NA,23,NA,NA,Mytilus californianus,California mussel,2018_ssp_surface,ssp,beach_seine,2018-07-13,2018-07-12,2018,surface,2,edna_ssp_30,surface,biological,11.5,30.62,8.03,NA,NA,NA,4.5,1000,0,51.67882714,-128.114958,sand,y,455,se,seagrass,zostera,seagrass_sand,zostera_sand,100,3.2351099999999996e-158,309,Metazoa,Mollusca,Bivalvia,Mytilida,Mytilidae,Mytilus,0,0,TRUE,ASV1582,5,Mytilus californianus
edna0045,ASV2459,motu2003,Aurelia labiata,Moon jelly species,species,NA,NA,NA,1,NA,NA,NA,NA,3,NA,NA,Aurelia labiata,Moon jelly species,2018_ssp_surface,ssp,beach_seine,2018-07-13,2018-07-12,2018,surface,2,edna_ssp_30,surface,biological,11.5,30.62,8.03,NA,NA,NA,4.5,1000,0,51.67882714,-128.114958,sand,y,455,se,seagrass,zostera,seagrass_sand,zostera_sand,99.04,1.97556e-155,304,Metazoa,Cnidaria,Scyphozoa,Semaeostomeae,Ulmaridae,Aurelia,0,0,TRUE,ASV2459,1,Aurelia labiata
edna0045,ASV2852,motu2305,Coleoptera,Hexapod,order,NA,NA,NA,1,NA,NA,NA,NA,5,NA,NA,Coleoptera,Hexapod,2018_ssp_surface,ssp,beach_seine,2018-07-13,2018-07-12,2018,surface,2,edna_ssp_30,surface,biological,11.5,30.62,8.03,NA,NA,NA,4.5,1000,0,51.67882714,-128.114958,sand,y,455,se,seagrass,zostera,seagrass_sand,zostera_sand,100,0.00110774,31,Metazoa,Arthropoda,Arthropoda,Coleoptera,NA,NA,NA,NA,TRUE,ASV2852,1,NA
edna0045,ASV4038,motu3165,Membranipora membranacea,Coffin box bryozoan,species,NA,NA,NA,1,NA,NA,NA,NA,10,NA,15,Membranipora membranacea,Coffin box bryozoan,2018_ssp_surface,ssp,beach_seine,2018-07-13,2018-07-12,2018,surface,2,edna_ssp_30,surface,biological,11.5,30.62,8.03,NA,NA,NA,4.5,1000,0,51.67882714,-128.114958,sand,y,455,se,seagrass,zostera,seagrass_sand,zostera_sand,100,7.205389999999996e-140,276,Metazoa,Bryozoa,Gymnolaemata,Cheilostomatida,Membraniporidae,Membranipora,0,0,TRUE,ASV4038,4,Membranipora membranacea
edna0045,ASV4250,motu3233,Membranipora membranacea,Coffin box bryozoan,species,NA,NA,NA,1,NA,NA,NA,NA,17,NA,17,Membranipora membranacea,Coffin box bryozoan,2018_ssp_surface,ssp,beach_seine,2018-07-13,2018-07-12,2018,surface,2,edna_ssp_30,surface,biological,11.5,30.62,8.03,NA,NA,NA,4.5,1000,0,51.67882714,-128.114958,sand,y,455,se,seagrass,zostera,seagrass_sand,zostera_sand,100,7.205389999999996e-140,276,Metazoa,Bryozoa,Gymnolaemata,Cheilostomatida,Membraniporidae,Membranipora,0,0,TRUE,ASV4121,4,Membranipora membranacea
edna0045,ASV4416,motu3441,Pterocirrus montereyensis,Paddle worm,species,NA,NA,NA,1,NA,NA,NA,NA,17,NA,36,Pterocirrus montereyensis,Paddle worm,2018_ssp_surface,ssp,beach_seine,2018-07-13,2018-07-12,2018,surface,2,edna_ssp_30,surface,biological,11.5,30.62,8.03,NA,NA,NA,4.5,1000,0,51.67882714,-128.114958,sand,y,455,se,seagrass,zostera,seagrass_sand,zostera_sand,99.68,9.126599999999999e-159,310,Metazoa,Annelida,Polychaeta,Phyllodocida,Phyllodocidae,Pterocirrus,0,0,TRUE,ASV4416,1,Pterocirrus montereyensis
edna0045,ASV3808,motu2995,Lottia paradigitalis,Boreal limpet,species,NA,NA,NA,1,NA,NA,NA,NA,5,NA,NA,Lottia paradigitalis,Boreal limpet,2018_ssp_surface,ssp,beach_seine,2018-07-13,2018-07-12,2018,surface,2,edna_ssp_30,surface,biological,11.5,30.62,8.03,NA,NA,NA,4.5,1000,0,51.67882714,-128.114958,sand,y,455,se,seagrass,zostera,seagrass_sand,zostera_sand,100,1.96163e-160,313,Metazoa,Mollusca,Gastropoda,NA,Lottiidae,Lottia,0,0,TRUE,ASV3808,2,Lottia paradigitalis
edna0046,ASV322,motu283,Dodecaceria,Cirratulid polychaete,genus,NA,NA,NA,1,NA,NA,NA,NA,148,NA,86,Dodecaceria,Cirratulid polychaete,2018_ssp_depth,ssp,beach_seine,2018-07-13,2018-07-12,2018,depth,2,edna_ssp_00,depth,biological,10.8,31.21,8.01,NA,NA,NA,4.3,1000,0,51.67909247,-128.1153275,sand,y,455,se,seagrass,zostera,seagrass_sand,zostera_sand,100,1.96163e-160,313,Metazoa,Annelida,Polychaeta,Terebellida,Cirratulidae,Dodecaceria,0,0,TRUE,ASV322,5,NA
edna0046,ASV2845,motu1310,Metridia pacifica,Calanoid copepod,species,NA,NA,NA,1,NA,NA,NA,NA,12,NA,NA,Metridia pacifica,Calanoid copepod,2018_ssp_depth,ssp,beach_seine,2018-07-13,2018-07-12,2018,depth,2,edna_ssp_00,depth,biological,10.8,31.21,8.01,NA,NA,NA,4.3,1000,0,51.67909247,-128.1153275,sand,y,455,se,seagrass,zostera,seagrass_sand,zostera_sand,100,7.02982e-160,312,Metazoa,Arthropoda,Copepoda,Calanoida,Metridinidae,Metridia,0,0,TRUE,ASV1555,6,Metridia pacifica
edna0046,ASV6290,motu4857,Photidae,Amphipod,family,NA,NA,NA,1,NA,NA,NA,NA,5,NA,NA,Photidae,Amphipod,2018_ssp_depth,ssp,beach_seine,2018-07-13,2018-07-12,2018,depth,2,edna_ssp_00,depth,biological,10.8,31.21,8.01,NA,NA,NA,4.3,1000,0,51.67909247,-128.1153275,sand,y,455,se,seagrass,zostera,seagrass_sand,zostera_sand,98.4,4.36245e-152,298,Metazoa,Arthropoda,Arthropoda,Amphipoda,Photidae,NA,0,0,TRUE,ASV6290,1,NA
edna0046,ASV5053,motu3894,Cicadellidae,Hexapod,family,NA,NA,NA,1,NA,NA,NA,NA,4,NA,NA,Cicadellidae,Hexapod,2018_ssp_depth,ssp,beach_seine,2018-07-13,2018-07-12,2018,depth,2,edna_ssp_00,depth,biological,10.8,31.21,8.01,NA,NA,NA,4.3,1000,0,51.67909247,-128.1153275,sand,y,455,se,seagrass,zostera,seagrass_sand,zostera_sand,91.67,1.83561e-26,72,Metazoa,Arthropoda,Arthropoda,Hemiptera,Cicadellidae,NA,NA,NA,TRUE,ASV5053,1,NA
edna0047,ASV132,motu118,Mesocentrotus franciscanus,Red sea urchin,species,NA,NA,NA,1,NA,NA,NA,12,8,NA,NA,Mesocentrotus franciscanus,Red sea urchin,2018_ssp_surface,ssp,beach_seine,2018-07-13,2018-07-12,2018,surface,3,edna_ssp_15,surface,biological,11,31,8.01,NA,NA,NA,4.3,1000,0,51.67894579,-128.115172,sand,y,455,se,seagrass,zostera,seagrass_sand,zostera_sand,100,2.51921e-159,311,Metazoa,Echinodermata,Echinoidea,Camarodonta,Strongylocentrotidae,Mesocentrotus,0,0,TRUE,ASV132,8,Mesocentrotus franciscanus
edna0047,ASV285,motu244,Ophiopholis,Brittle star species,genus,NA,NA,NA,1,NA,NA,NA,NA,21,NA,NA,Ophiopholis kennerlyi,Daisy brittle star,2018_ssp_surface,ssp,beach_seine,2018-07-13,2018-07-12,2018,surface,3,edna_ssp_15,surface,biological,11,31,8.01,NA,NA,NA,4.3,1000,0,51.67894579,-128.115172,sand,y,455,se,seagrass,zostera,seagrass_sand,zostera_sand,100,1.96163e-160,313,Metazoa,Echinodermata,Echinodermata,Amphilepidida,Ophiopholidae,Ophiopholis,0,0,TRUE,ASV275,7,NA
edna0047,ASV5128,motu350,Synchaeta pectinata,Rotifer,species,NA,NA,NA,1,NA,NA,NA,NA,18,NA,16,Synchaeta pectinata,Rotifer,2018_ssp_surface,ssp,beach_seine,2018-07-13,2018-07-12,2018,surface,3,edna_ssp_15,surface,biological,11,31,8.01,NA,NA,NA,4.3,1000,0,51.67894579,-128.115172,sand,y,455,se,seagrass,zostera,seagrass_sand,zostera_sand,90.48,1.6452299999999999e-111,225,Metazoa,Rotifera,Eurotatoria,Ploima,Synchaetidae,Synchaeta,0,0,TRUE,ASV398,4,Synchaeta pectinata
edna0047,ASV5406,motu1483,Orthopyxis,Thecate Hydroid,genus,NA,NA,NA,1,NA,NA,NA,NA,8,NA,NA,Orthopyxis,Thecate Hydroid,2018_ssp_surface,ssp,beach_seine,2018-07-13,2018-07-12,2018,surface,3,edna_ssp_15,surface,biological,11,31,8.01,NA,NA,NA,4.3,1000,0,51.67894579,-128.115172,sand,y,455,se,seagrass,zostera,seagrass_sand,zostera_sand,95.53,4.36807e-137,271,Metazoa,Cnidaria,Cnidaria,Leptothecata,Campanulariidae,Orthopyxis,0,0,TRUE,ASV1779,2,NA
edna0047,ASV6608,motu5123,Mytilus californianus,California mussel,species,NA,NA,NA,1,NA,NA,NA,4,10,NA,NA,Mytilus californianus,California mussel,2018_ssp_surface,ssp,beach_seine,2018-07-13,2018-07-12,2018,surface,3,edna_ssp_15,surface,biological,11,31,8.01,NA,NA,NA,4.3,1000,0,51.67894579,-128.115172,sand,y,455,se,seagrass,zostera,seagrass_sand,zostera_sand,99.35,7.143779999999995e-155,303,Metazoa,Mollusca,Bivalvia,Mytilida,Mytilidae,Mytilus,0,0,TRUE,ASV6608,1,Mytilus californianus
edna0048,ASV280,motu190,Mytilus,Mussel species,genus,NA,NA,NA,1,NA,NA,NA,NA,59,NA,84,Mytilus trossulus,Bay mussel,2018_ssp_depth,ssp,beach_seine,2018-07-13,2018-07-12,2018,depth,3,edna_ssp_30,depth,biological,10.8,31.42,8.01,NA,NA,NA,4.3,1000,0,51.67882714,-128.114958,sand,y,455,se,seagrass,zostera,seagrass_sand,zostera_sand,100,3.2351099999999996e-158,309,Metazoa,Mollusca,Mollusca,Mytilida,Mytilidae,Mytilus,0,0,TRUE,ASV216,23,NA
edna0048,ASV775,motu675,Aequorea,Crystal jelly species,genus,NA,NA,NA,1,NA,NA,NA,NA,7,NA,NA,Aequorea,Crystal jelly species,2018_ssp_depth,ssp,beach_seine,2018-07-13,2018-07-12,2018,depth,3,edna_ssp_30,depth,biological,10.8,31.42,8.01,NA,NA,NA,4.3,1000,0,51.67882714,-128.114958,sand,y,455,se,seagrass,zostera,seagrass_sand,zostera_sand,100,1.4886099999999998e-156,306,Metazoa,Cnidaria,Hydrozoa,Leptothecata,Aequoreidae,Aequorea,0,0,TRUE,ASV775,3,NA
edna0048,ASV1152,motu987,Halosydna brevisetosa,Shortscaled worm,species,NA,NA,NA,1,NA,NA,NA,196,221,NA,NA,Halosydna brevisetosa,Shortscaled worm,2018_ssp_depth,ssp,beach_seine,2018-07-13,2018-07-12,2018,depth,3,edna_ssp_30,depth,biological,10.8,31.42,8.01,NA,NA,NA,4.3,1000,0,51.67882714,-128.114958,sand,y,455,se,seagrass,zostera,seagrass_sand,zostera_sand,100,3.2351099999999996e-158,309,Metazoa,Annelida,Polychaeta,Phyllodocida,Polynoidae,Halosydna,0,0,TRUE,ASV1152,1,Halosydna brevisetosa
edna0048,ASV1175,motu1006,Dodecaceria,Cirratulid polychaete,genus,NA,NA,NA,1,NA,NA,NA,NA,51,NA,NA,Dodecaceria,Cirratulid polychaete,2018_ssp_depth,ssp,beach_seine,2018-07-13,2018-07-12,2018,depth,3,edna_ssp_30,depth,biological,10.8,31.42,8.01,NA,NA,NA,4.3,1000,0,51.67882714,-128.114958,sand,y,455,se,seagrass,zostera,seagrass_sand,zostera_sand,100,2.51921e-159,311,Metazoa,Annelida,Polychaeta,Terebellida,Cirratulidae,Dodecaceria,0,0,TRUE,ASV1175,1,NA
edna0048,ASV1494,motu1261,Balanus nubilus,Giant acorn barnacle,species,NA,NA,NA,1,NA,NA,NA,NA,280,NA,364,Balanus nubilus,Giant acorn barnacle,2018_ssp_depth,ssp,beach_seine,2018-07-13,2018-07-12,2018,depth,3,edna_ssp_30,depth,biological,10.8,31.42,8.01,NA,NA,NA,4.3,1000,0,51.67882714,-128.114958,sand,y,455,se,seagrass,zostera,seagrass_sand,zostera_sand,99.03,3.258079999999998e-153,300,Metazoa,Arthropoda,Thecostraca,Balanomorpha,Balanidae,Balanus,0,0,TRUE,ASV1494,1,Balanus nubilus
edna0048,ASV1672,motu150,Pseudocalanus mimus,Calanoid copepod,species,NA,NA,NA,1,NA,NA,NA,NA,42,NA,NA,Pseudocalanus mimus,Calanoid copepod,2018_ssp_depth,ssp,beach_seine,2018-07-13,2018-07-12,2018,depth,3,edna_ssp_30,depth,biological,10.8,31.42,8.01,NA,NA,NA,4.3,1000,0,51.67882714,-128.114958,sand,y,455,se,seagrass,zostera,seagrass_sand,zostera_sand,99.34,4.27634e-152,298,Metazoa,Arthropoda,Copepoda,Calanoida,Clausocalanidae,Pseudocalanus,0,0,TRUE,ASV171,10,Pseudocalanus mimus
edna0048,ASV3842,motu3021,Humilaria kennerleyi,Kennerleys venus,species,NA,NA,NA,1,NA,NA,NA,NA,13,NA,NA,Humilaria kennerleyi,Kennerleys venus,2018_ssp_depth,ssp,beach_seine,2018-07-13,2018-07-12,2018,depth,3,edna_ssp_30,depth,biological,10.8,31.42,8.01,NA,NA,NA,4.3,1000,0,51.67882714,-128.114958,sand,y,455,se,seagrass,zostera,seagrass_sand,zostera_sand,100,2.51921e-159,311,Metazoa,Mollusca,Bivalvia,Venerida,Veneridae,Humilaria,0,0,TRUE,ASV3842,2,Humilaria kennerleyi
edna0048,ASV5070,motu800,Polymorphidae,Thorny headed worm,family,NA,NA,NA,1,NA,NA,NA,NA,19,NA,16,Polymorphidae,Thorny headed worm,2018_ssp_depth,ssp,beach_seine,2018-07-13,2018-07-12,2018,depth,3,edna_ssp_30,depth,biological,10.8,31.42,8.01,NA,NA,NA,4.3,1000,0,51.67882714,-128.114958,sand,y,455,se,seagrass,zostera,seagrass_sand,zostera_sand,94.87,8.37307e-5,33,Metazoa,Acanthocephala,Acanthocephala,Polymorphida,Polymorphidae,NA,0,0,TRUE,ASV920,3,NA
edna0048,ASV5410,motu4153,Aglaophenia,Thecate Hydroid,genus,NA,NA,NA,1,NA,NA,NA,NA,8,NA,14,Aglaophenia,Thecate Hydroid,2018_ssp_depth,ssp,beach_seine,2018-07-13,2018-07-12,2018,depth,3,edna_ssp_30,depth,biological,10.8,31.42,8.01,NA,NA,NA,4.3,1000,0,51.67882714,-128.114958,sand,y,455,se,seagrass,zostera,seagrass_sand,zostera_sand,99.67,1.97556e-155,304,Metazoa,Cnidaria,Cnidaria,Leptothecata,Aglaopheniidae,Aglaophenia,0,0,TRUE,ASV5410,1,NA
edna0049,ASV674,motu334,Synchaeta pectinata,Rotifer,species,NA,NA,NA,1,NA,NA,NA,NA,8,NA,NA,Synchaeta pectinata,Rotifer,2018_ppo_surface,ppo,beach_seine,2018-07-13,2018-07-11,2018,surface,1,edna_ppo_00,surface,biological,14.4,28.28,8.31,NA,NA,NA,6.5,1000,0,51.65821943,-128.113325,mud,n,100,p,seagrass,zostera,seagrass_mud,zostera_mud,90.79,3.5361899999999996e-113,228,Metazoa,Rotifera,Eurotatoria,Ploima,Synchaetidae,Synchaeta,0,0,TRUE,ASV377,5,Synchaeta pectinata
edna0049,ASV966,motu213,Balanus glandula,Acorn barnacle,species,NA,NA,NA,1,NA,NA,NA,NA,10,NA,NA,Balanus glandula,Acorn barnacle,2018_ppo_surface,ppo,beach_seine,2018-07-13,2018-07-11,2018,surface,1,edna_ppo_00,surface,biological,14.4,28.28,8.31,NA,NA,NA,6.5,1000,0,51.65821943,-128.113325,mud,n,100,p,seagrass,zostera,seagrass_mud,zostera_mud,99.68,1.5051499999999994e-156,306,Metazoa,Arthropoda,Thecostraca,Balanomorpha,Balanidae,Balanus,0,0,TRUE,ASV242,15,Balanus glandula
edna0049,ASV1040,motu897,Oithona similis,Cyclopoid copepod,species,NA,NA,NA,1,NA,NA,NA,NA,3,NA,NA,Oithona similis,Cyclopoid copepod,2018_ppo_surface,ppo,beach_seine,2018-07-13,2018-07-11,2018,surface,1,edna_ppo_00,surface,biological,14.4,28.28,8.31,NA,NA,NA,6.5,1000,0,51.65821943,-128.113325,mud,n,100,p,seagrass,zostera,seagrass_mud,zostera_mud,96.17,2.0179399999999996e-140,277,Metazoa,Arthropoda,Copepoda,Cyclopoida,Oithonidae,Oithona,0,0,TRUE,ASV1040,1,Oithona similis
edna0049,ASV2865,motu2317,Chaetognatha,Arrow worm,phylum,NA,NA,NA,1,NA,NA,NA,NA,21,NA,NA,Chaetognatha,Arrow worm,2018_ppo_surface,ppo,beach_seine,2018-07-13,2018-07-11,2018,surface,1,edna_ppo_00,surface,biological,14.4,28.28,8.31,NA,NA,NA,6.5,1000,0,51.65821943,-128.113325,mud,n,100,p,seagrass,zostera,seagrass_mud,zostera_mud,98.01,1.6501399999999998e-91,189,Metazoa,Chaetognatha,NA,NA,NA,NA,0,0,TRUE,ASV2865,1,NA
edna0049,ASV3607,motu2857,Ophiopholis kennerlyi,Daisy brittle star,species,NA,NA,NA,1,NA,NA,NA,NA,5,NA,NA,Ophiopholis kennerlyi,Daisy brittle star,2018_ppo_surface,ppo,beach_seine,2018-07-13,2018-07-11,2018,surface,1,edna_ppo_00,surface,biological,14.4,28.28,8.31,NA,NA,NA,6.5,1000,0,51.65821943,-128.113325,mud,n,100,p,seagrass,zostera,seagrass_mud,zostera_mud,98.72,9.19139e-154,301,Metazoa,Echinodermata,Echinodermata,Amphilepidida,Ophiopholidae,Ophiopholis,0,0,TRUE,ASV3607,1,Ophiopholis kennerlyi
edna0049,ASV2757,motu2230,Diplostomida,Flatworm,order,NA,NA,NA,1,NA,NA,NA,NA,6,NA,NA,Diplostomida,Flatworm,2018_ppo_surface,ppo,beach_seine,2018-07-13,2018-07-11,2018,surface,1,edna_ppo_00,surface,biological,14.4,28.28,8.31,NA,NA,NA,6.5,1000,0,51.65821943,-128.113325,mud,n,100,p,seagrass,zostera,seagrass_mud,zostera_mud,96.88,0.0144888,29,Metazoa,Platyhelminthes,Platyhelminthes,Diplostomida,NA,NA,0,0,TRUE,ASV2757,1,NA
edna0049,ASV4382,motu3418,Thysanoessa spinifera,Krill,species,NA,NA,NA,1,NA,NA,NA,NA,3,NA,NA,Thysanoessa spinifera,Krill,2018_ppo_surface,ppo,beach_seine,2018-07-13,2018-07-11,2018,surface,1,edna_ppo_00,surface,biological,14.4,28.28,8.31,NA,NA,NA,6.5,1000,0,51.65821943,-128.113325,mud,n,100,p,seagrass,zostera,seagrass_mud,zostera_mud,100,2.4909699999999984e-154,302,Metazoa,Arthropoda,Malacostraca,Euphausiacea,Euphausiidae,Thysanoessa,0,0,TRUE,ASV4382,1,Thysanoessa spinifera
edna0049,ASV5020,motu3877,Membranipora membranacea,Coffin box bryozoan,species,NA,NA,NA,1,NA,NA,NA,NA,20,NA,16,Membranipora membranacea,Coffin box bryozoan,2018_ppo_surface,ppo,beach_seine,2018-07-13,2018-07-11,2018,surface,1,edna_ppo_00,surface,biological,14.4,28.28,8.31,NA,NA,NA,6.5,1000,0,51.65821943,-128.113325,mud,n,100,p,seagrass,zostera,seagrass_mud,zostera_mud,98.18,5.60839e-131,260,Metazoa,Bryozoa,Gymnolaemata,Cheilostomatida,Membraniporidae,Membranipora,0,0,TRUE,ASV5020,1,Membranipora membranacea
edna0049,ASV6838,motu5317,Olividae,Sea snail species,family,NA,NA,NA,1,NA,NA,NA,NA,5,NA,NA,Olividae,Sea snail species,2018_ppo_surface,ppo,beach_seine,2018-07-13,2018-07-11,2018,surface,1,edna_ppo_00,surface,biological,14.4,28.28,8.31,NA,NA,NA,6.5,1000,0,51.65821943,-128.113325,mud,n,100,p,seagrass,zostera,seagrass_mud,zostera_mud,90.16,8.8991e-10,42,Metazoa,Mollusca,Mollusca,Neogastropoda,Olividae,NA,0,0,TRUE,ASV6838,1,NA
edna0050,ASV417,motu213,Balanus glandula,Acorn barnacle,species,NA,NA,NA,1,NA,NA,NA,NA,6,NA,NA,Balanus glandula,Acorn barnacle,2018_ppo_depth,ppo,beach_seine,2018-07-13,2018-07-11,2018,depth,1,edna_ppo_15,depth,biological,10.8,30.81,8.03,NA,NA,NA,6.5,1000,0,51.65810573,-128.1131937,mud,n,100,p,seagrass,zostera,seagrass_mud,zostera_mud,99.68,1.5051499999999994e-156,306,Metazoa,Arthropoda,Thecostraca,Balanomorpha,Balanidae,Balanus,0,0,TRUE,ASV242,15,Balanus glandula
edna0050,ASV1391,motu1175,Cistenides granulata,Trumpet worm,species,NA,NA,NA,1,NA,NA,NA,NA,14,NA,NA,Cistenides granulata,Trumpet worm,2018_ppo_depth,ppo,beach_seine,2018-07-13,2018-07-11,2018,depth,1,edna_ppo_15,depth,biological,10.8,30.81,8.03,NA,NA,NA,6.5,1000,0,51.65810573,-128.1131937,mud,n,100,p,seagrass,zostera,seagrass_mud,zostera_mud,100,2.51921e-159,311,Metazoa,Annelida,Polychaeta,Terebellida,Pectinariidae,Pectinaria,0,0,TRUE,ASV1391,1,Cistenides granulata
edna0050,ASV1068,motu920,Arthropoda,Unknown arthropod,phylum,NA,NA,NA,1,NA,NA,NA,NA,14,NA,9,Arthropoda,Unknown arthropod,2018_ppo_depth,ppo,beach_seine,2018-07-13,2018-07-11,2018,depth,1,edna_ppo_15,depth,biological,10.8,30.81,8.03,NA,NA,NA,6.5,1000,0,51.65810573,-128.1131937,mud,n,100,p,seagrass,zostera,seagrass_mud,zostera_mud,94.87,8.78538e-5,33,Metazoa,Arthropoda,NA,NA,NA,NA,NA,NA,TRUE,ASV1068,4,NA
edna0050,ASV1570,motu1323,Pleurobrachia bachei,Pacific sea gooseberry,species,NA,NA,NA,1,NA,NA,NA,NA,11,NA,NA,Pleurobrachia bachei,Pacific sea gooseberry,2018_ppo_depth,ppo,beach_seine,2018-07-13,2018-07-11,2018,depth,1,edna_ppo_15,depth,biological,10.8,30.81,8.03,NA,NA,NA,6.5,1000,0,51.65810573,-128.1131937,mud,n,100,p,seagrass,zostera,seagrass_mud,zostera_mud,99.68,9.126599999999999e-159,310,Metazoa,Ctenophora,Tentaculata,Cydippida,Cydippidae,Pleurobrachia,0,0,TRUE,ASV1570,1,Pleurobrachia bachei
edna0050,ASV2195,motu1812,Corynidae,Athecate hydroid,family,NA,NA,NA,1,NA,NA,NA,NA,14,NA,NA,Corynidae,Athecate hydroid,2018_ppo_depth,ppo,beach_seine,2018-07-13,2018-07-11,2018,depth,1,edna_ppo_15,depth,biological,10.8,30.81,8.03,NA,NA,NA,6.5,1000,0,51.65810573,-128.1131937,mud,n,100,p,seagrass,zostera,seagrass_mud,zostera_mud,94.12,1.5934199999999998e-126,252,Metazoa,Cnidaria,Cnidaria,Anthoathecata,Corynidae,NA,0,0,TRUE,ASV2195,2,NA
edna0050,ASV3231,motu383,Pseudocalanus mimus,Calanoid copepod,species,NA,NA,NA,1,NA,NA,NA,NA,123,NA,NA,Pseudocalanus mimus,Calanoid copepod,2018_ppo_depth,ppo,beach_seine,2018-07-13,2018-07-11,2018,depth,1,edna_ppo_15,depth,biological,10.8,30.81,8.03,NA,NA,NA,6.5,1000,0,51.65810573,-128.1131937,mud,n,100,p,seagrass,zostera,seagrass_mud,zostera_mud,99.34,4.27634e-152,298,Metazoa,Arthropoda,Copepoda,Calanoida,Clausocalanidae,Pseudocalanus,0,0,TRUE,ASV435,4,Pseudocalanus mimus
edna0050,ASV5021,motu911,Pleurobrachia bachei,Pacific sea gooseberry,species,NA,NA,NA,1,NA,NA,NA,4,22,NA,10,Pleurobrachia bachei,Pacific sea gooseberry,2018_ppo_depth,ppo,beach_seine,2018-07-13,2018-07-11,2018,depth,1,edna_ppo_15,depth,biological,10.8,30.81,8.03,NA,NA,NA,6.5,1000,0,51.65810573,-128.1131937,mud,n,100,p,seagrass,zostera,seagrass_mud,zostera_mud,99.68,9.126599999999999e-159,310,Metazoa,Ctenophora,Tentaculata,Cydippida,Cydippidae,Pleurobrachia,0,0,TRUE,ASV1059,3,Pleurobrachia bachei
edna0051,ASV520,motu457,Evasterias troschelii,False ochre star,species,NA,NA,NA,1,NA,NA,NA,9,4,NA,NA,Evasterias troschelii,False ochre star,2018_ppo_surface,ppo,beach_seine,2018-07-13,2018-07-11,2018,surface,2,edna_ppo_30,surface,biological,14.4,28.26,8.23,NA,NA,NA,6.5,1000,0,51.65799974,-128.113112,mud,n,100,p,seagrass,zostera,seagrass_mud,zostera_mud,100,1.96163e-160,313,Metazoa,Echinodermata,Asteroidea,Forcipulatida,Asteriidae,Evasterias,0,0,TRUE,ASV520,1,Evasterias troschelii
edna0051,ASV1443,motu1220,Orobdella,Freshwater leech,genus,NA,NA,NA,1,NA,NA,NA,NA,35,NA,NA,Orobdella,Freshwater leech,2018_ppo_surface,ppo,beach_seine,2018-07-13,2018-07-11,2018,surface,2,edna_ppo_30,surface,biological,14.4,28.26,8.23,NA,NA,NA,6.5,1000,0,51.65799974,-128.113112,mud,n,100,p,seagrass,zostera,seagrass_mud,zostera_mud,97.06,0.0011939,31,Metazoa,Annelida,Annelida,Erpobdelliformes,Orobdellidae,Orobdella,NA,NA,TRUE,ASV1443,1,NA
edna0051,ASV4519,motu3517,Chaetognatha,Arrow worm,phylum,NA,NA,NA,1,NA,NA,NA,NA,6,NA,NA,Chaetognatha,Arrow worm,2018_ppo_surface,ppo,beach_seine,2018-07-13,2018-07-11,2018,surface,2,edna_ppo_30,surface,biological,14.4,28.26,8.23,NA,NA,NA,6.5,1000,0,51.65799974,-128.113112,mud,n,100,p,seagrass,zostera,seagrass_mud,zostera_mud,96.52,1.66186e-86,180,Metazoa,Chaetognatha,NA,NA,NA,NA,0,0,TRUE,ASV4519,1,NA
edna0052,ASV320,motu281,Pseudocalanus newmani,Calanoid copepod,species,NA,NA,NA,1,NA,NA,NA,121,118,NA,116,Pseudocalanus newmani,Calanoid copepod,2018_ppo_depth,ppo,beach_seine,2018-07-13,2018-07-11,2018,depth,2,edna_ppo_00,depth,biological,11.1,30.58,8.08,NA,NA,NA,6.5,1000,0,51.65821943,-128.113325,mud,n,100,p,seagrass,zostera,seagrass_mud,zostera_mud,100,1.96163e-160,313,Metazoa,Arthropoda,Copepoda,Calanoida,Clausocalanidae,Pseudocalanus,0,0,TRUE,ASV320,6,Pseudocalanus newmani
edna0052,ASV357,motu316,Hiatella,Clam species,genus,NA,NA,NA,1,NA,NA,NA,NA,9,NA,NA,Hiatella,Clam species,2018_ppo_depth,ppo,beach_seine,2018-07-13,2018-07-11,2018,depth,2,edna_ppo_00,depth,biological,11.1,30.58,8.08,NA,NA,NA,6.5,1000,0,51.65821943,-128.113325,mud,n,100,p,seagrass,zostera,seagrass_mud,zostera_mud,100,9.027749999999999e-159,310,Metazoa,Mollusca,Bivalvia,Adapedonta,Hiatellidae,Hiatella,0,0,TRUE,ASV357,9,NA
edna0052,ASV1603,motu1347,Armandia brevis,Opheliid polychaete,species,NA,NA,NA,1,NA,NA,NA,NA,12,NA,NA,Armandia brevis,Opheliid polychaete,2018_ppo_depth,ppo,beach_seine,2018-07-13,2018-07-11,2018,depth,2,edna_ppo_00,depth,biological,11.1,30.58,8.08,NA,NA,NA,6.5,1000,0,51.65821943,-128.113325,mud,n,100,p,seagrass,zostera,seagrass_mud,zostera_mud,100,3.4804099999999994e-173,336,Metazoa,Annelida,Polychaeta,NA,Opheliidae,Armandia,0,0,TRUE,ASV1603,1,Armandia brevis
edna0052,ASV5411,motu543,Balanus,Barnacle species,genus,NA,NA,NA,1,NA,NA,NA,14,15,NA,NA,Balanus,Barnacle species,2018_ppo_depth,ppo,beach_seine,2018-07-13,2018-07-11,2018,depth,2,edna_ppo_00,depth,biological,11.1,30.58,8.08,NA,NA,NA,6.5,1000,0,51.65821943,-128.113325,mud,n,100,p,seagrass,zostera,seagrass_mud,zostera_mud,99.67,6.925819999999995e-155,303,Metazoa,Arthropoda,Arthropoda,Balanomorpha,Balanidae,Balanus,0,0,TRUE,ASV623,7,NA
edna0052,ASV7639,motu5997,Geodromicus,Hexapod,genus,NA,NA,NA,1,NA,NA,NA,NA,4,NA,NA,Geodromicus,Hexapod,2018_ppo_depth,ppo,beach_seine,2018-07-13,2018-07-11,2018,depth,2,edna_ppo_00,depth,biological,11.1,30.58,8.08,NA,NA,NA,6.5,1000,0,51.65821943,-128.113325,mud,n,100,p,seagrass,zostera,seagrass_mud,zostera_mud,90.48,0.00402841,30,Metazoa,Arthropoda,Arthropoda,Coleoptera,Staphylinidae,Geodromicus,NA,NA,TRUE,ASV7639,1,NA
edna0053,ASV1068,motu920,Arthropoda,Unknown arthropod,phylum,NA,NA,NA,1,NA,NA,NA,NA,7,NA,NA,Arthropoda,Unknown arthropod,2018_ppo_surface,ppo,beach_seine,2018-07-13,2018-07-11,2018,surface,3,edna_ppo_15,surface,biological,14.3,28.32,8.32,NA,NA,NA,4.5,1000,0,51.65810573,-128.1131937,mud,n,100,p,seagrass,zostera,seagrass_mud,zostera_mud,94.87,8.78538e-5,33,Metazoa,Arthropoda,NA,NA,NA,NA,NA,NA,TRUE,ASV1068,4,NA
edna0053,ASV5114,motu3938,Cistenides granulata,Trumpet worm,species,NA,NA,NA,1,NA,NA,NA,NA,9,NA,13,Cistenides granulata,Trumpet worm,2018_ppo_surface,ppo,beach_seine,2018-07-13,2018-07-11,2018,surface,3,edna_ppo_15,surface,biological,14.3,28.32,8.32,NA,NA,NA,4.5,1000,0,51.65810573,-128.1131937,mud,n,100,p,seagrass,zostera,seagrass_mud,zostera_mud,99.36,4.246189999999999e-157,307,Metazoa,Annelida,Polychaeta,Terebellida,Pectinariidae,Pectinaria,0,0,TRUE,ASV5114,1,Cistenides granulata
edna0054,ASV324,motu285,Paracalanus parvus parvus,Calanoid copepod,species,NA,NA,NA,1,NA,NA,NA,NA,2,NA,NA,Paracalanus parvus parvus,Calanoid copepod,2018_ppo_depth,ppo,beach_seine,2018-07-13,2018-07-11,2018,depth,3,edna_ppo_30,depth,biological,11.3,30.35,8.1,NA,NA,NA,4.5,1000,0,51.65799974,-128.113112,mud,n,100,p,seagrass,zostera,seagrass_mud,zostera_mud,100,1.17454e-132,263,Metazoa,Arthropoda,Copepoda,Calanoida,Paracalanidae,Paracalanus,0,0,TRUE,ASV324,6,Paracalanus parvus parvus
edna0054,ASV1445,motu1221,Cistenides granulata,Trumpet worm,species,NA,NA,NA,1,NA,NA,NA,NA,54,NA,NA,Cistenides granulata,Trumpet worm,2018_ppo_depth,ppo,beach_seine,2018-07-13,2018-07-11,2018,depth,3,edna_ppo_30,depth,biological,11.3,30.35,8.1,NA,NA,NA,4.5,1000,0,51.65799974,-128.113112,mud,n,100,p,seagrass,zostera,seagrass_mud,zostera_mud,100,1.4886099999999998e-156,306,Metazoa,Annelida,Polychaeta,Terebellida,Pectinariidae,Pectinaria,0,0,TRUE,ASV1445,1,Cistenides granulata
edna0054,ASV3651,motu1310,Metridia pacifica,Calanoid copepod,species,NA,NA,NA,1,NA,NA,NA,NA,6,NA,NA,Metridia pacifica,Calanoid copepod,2018_ppo_depth,ppo,beach_seine,2018-07-13,2018-07-11,2018,depth,3,edna_ppo_30,depth,biological,11.3,30.35,8.1,NA,NA,NA,4.5,1000,0,51.65799974,-128.113112,mud,n,100,p,seagrass,zostera,seagrass_mud,zostera_mud,100,7.02982e-160,312,Metazoa,Arthropoda,Copepoda,Calanoida,Metridinidae,Metridia,0,0,TRUE,ASV1555,6,Metridia pacifica
edna0054,ASV6610,motu190,Mytilus,Mussel species,genus,NA,NA,NA,1,NA,NA,NA,7,7,NA,NA,Mytilus trossulus,Bay mussel,2018_ppo_depth,ppo,beach_seine,2018-07-13,2018-07-11,2018,depth,3,edna_ppo_30,depth,biological,11.3,30.35,8.1,NA,NA,NA,4.5,1000,0,51.65799974,-128.113112,mud,n,100,p,seagrass,zostera,seagrass_mud,zostera_mud,99.68,1.53546e-156,306,Metazoa,Mollusca,Mollusca,Mytilida,Mytilidae,Mytilus,0,0,TRUE,ASV216,23,NA
edna0055,ASV1059,motu911,Pleurobrachia bachei,Pacific sea gooseberry,species,NA,NA,NA,1,NA,NA,NA,NA,7,NA,NA,Pleurobrachia bachei,Pacific sea gooseberry,2018_hdo_surface,hdo,beach_seine,2018-07-13,2018-07-11,2018,surface,1,edna_hdo_00,surface,biological,15.1,27.77,8.23,NA,NA,NA,4.8,1000,0,51.65501227,-128.1295942,mud,n,320,p,seagrass,zostera,seagrass_mud,zostera_mud,100,1.96163e-160,313,Metazoa,Ctenophora,Tentaculata,Cydippida,Cydippidae,Pleurobrachia,0,0,TRUE,ASV1059,3,Pleurobrachia bachei
edna0055,ASV3372,motu199,Mytilus trossulus,Bay mussel,species,NA,NA,NA,1,NA,NA,NA,NA,43,NA,NA,Mytilus trossulus,Bay mussel,2018_hdo_surface,hdo,beach_seine,2018-07-13,2018-07-11,2018,surface,1,edna_hdo_00,surface,biological,15.1,27.77,8.23,NA,NA,NA,4.8,1000,0,51.65501227,-128.1295942,mud,n,320,p,seagrass,zostera,seagrass_mud,zostera_mud,100,3.2351099999999996e-158,309,Metazoa,Mollusca,Mollusca,Mytilida,Mytilidae,Mytilus,0,0,TRUE,ASV226,18,Mytilus trossulus
edna0056,ASV1587,motu1337,Armandia brevis,Opheliid polychaete,species,NA,NA,NA,1,NA,NA,NA,31,34,NA,30,Armandia brevis,Opheliid polychaete,2018_hdo_depth,hdo,beach_seine,2018-07-13,2018-07-11,2018,depth,1,edna_hdo_15,depth,biological,10.7,30.95,7.94,NA,NA,NA,4.8,1000,0,51.65508561,-128.1293971,mud,n,320,p,seagrass,zostera,seagrass_mud,zostera_mud,100,2.1076299999999988e-175,340,Metazoa,Annelida,Polychaeta,NA,Opheliidae,Armandia,0,0,TRUE,ASV1587,2,Armandia brevis
edna0056,ASV1716,motu1434,Armandia brevis,Opheliid polychaete,species,NA,NA,NA,1,NA,NA,NA,32,27,NA,NA,Armandia brevis,Opheliid polychaete,2018_hdo_depth,hdo,beach_seine,2018-07-13,2018-07-11,2018,depth,1,edna_hdo_15,depth,biological,10.7,30.95,7.94,NA,NA,NA,4.8,1000,0,51.65508561,-128.1293971,mud,n,320,p,seagrass,zostera,seagrass_mud,zostera_mud,100,2.1076299999999988e-175,340,Metazoa,Annelida,Polychaeta,NA,Opheliidae,Armandia,0,0,TRUE,ASV1716,1,Armandia brevis
edna0056,ASV6839,motu5318,Phyllodocidae,Paddle worm,family,NA,NA,NA,1,NA,NA,NA,NA,8,NA,NA,Phyllodocidae,Paddle worm,2018_hdo_depth,hdo,beach_seine,2018-07-13,2018-07-11,2018,depth,1,edna_hdo_15,depth,biological,10.7,30.95,7.94,NA,NA,NA,4.8,1000,0,51.65508561,-128.1293971,mud,n,320,p,seagrass,zostera,seagrass_mud,zostera_mud,100,2.0011299999999987e-160,313,Metazoa,Annelida,Annelida,Phyllodocida,Phyllodocidae,NA,0,0,TRUE,ASV6839,1,NA
edna0057,ASV2261,motu303,Pseudocalanus mimus,Calanoid copepod,species,NA,NA,NA,1,NA,NA,NA,18,10,NA,NA,Pseudocalanus mimus,Calanoid copepod,2018_hdo_surface,hdo,beach_seine,2018-07-13,2018-07-11,2018,surface,2,edna_hdo_30,surface,biological,13.3,29.97,8.25,NA,NA,NA,6.8,1000,0,51.6551346,-128.1292625,mud,n,320,p,seagrass,zostera,seagrass_mud,zostera_mud,99.67,9.19139e-154,301,Metazoa,Arthropoda,Copepoda,Calanoida,Clausocalanidae,Pseudocalanus,0,0,TRUE,ASV343,11,Pseudocalanus mimus
edna0057,ASV3344,motu675,Aequorea,Crystal jelly species,genus,NA,NA,NA,1,NA,NA,NA,45,25,NA,20,Aequorea,Crystal jelly species,2018_hdo_surface,hdo,beach_seine,2018-07-13,2018-07-11,2018,surface,2,edna_hdo_30,surface,biological,13.3,29.97,8.25,NA,NA,NA,6.8,1000,0,51.6551346,-128.1292625,mud,n,320,p,seagrass,zostera,seagrass_mud,zostera_mud,100,1.4886099999999998e-156,306,Metazoa,Cnidaria,Hydrozoa,Leptothecata,Aequoreidae,Aequorea,0,0,TRUE,ASV775,3,NA
edna0057,ASV3778,motu2974,Kellia suborbicularis,Suborbicular kellyclam,species,NA,NA,NA,1,NA,NA,NA,47,37,NA,NA,Kellia suborbicularis,Suborbicular kellyclam,2018_hdo_surface,hdo,beach_seine,2018-07-13,2018-07-11,2018,surface,2,edna_hdo_30,surface,biological,13.3,29.97,8.25,NA,NA,NA,6.8,1000,0,51.6551346,-128.1292625,mud,n,320,p,seagrass,zostera,seagrass_mud,zostera_mud,97.44,4.3066999999999997e-147,289,Metazoa,Mollusca,Bivalvia,Galeommatida,Lasaeidae,Kellia,0,0,TRUE,ASV3778,1,Kellia suborbicularis
edna0057,ASV3797,motu2987,Ctenocalanus vanus,Calanoid copepod,species,NA,NA,NA,1,NA,NA,NA,35,28,NA,20,Ctenocalanus vanus,Calanoid copepod,2018_hdo_surface,hdo,beach_seine,2018-07-13,2018-07-11,2018,surface,2,edna_hdo_30,surface,biological,13.3,29.97,8.25,NA,NA,NA,6.8,1000,0,51.6551346,-128.1292625,mud,n,320,p,seagrass,zostera,seagrass_mud,zostera_mud,100,3.2351099999999996e-158,309,Metazoa,Arthropoda,Copepoda,Calanoida,Clausocalanidae,Ctenocalanus,0,0,TRUE,ASV3797,1,Ctenocalanus vanus
edna0057,ASV3963,motu3114,Ctenocalanus vanus,Calanoid copepod,species,NA,NA,NA,1,NA,NA,NA,35,20,NA,19,Ctenocalanus vanus,Calanoid copepod,2018_hdo_surface,hdo,beach_seine,2018-07-13,2018-07-11,2018,surface,2,edna_hdo_30,surface,biological,13.3,29.97,8.25,NA,NA,NA,6.8,1000,0,51.6551346,-128.1292625,mud,n,320,p,seagrass,zostera,seagrass_mud,zostera_mud,100,3.2351099999999996e-158,309,Metazoa,Arthropoda,Copepoda,Calanoida,Clausocalanidae,Ctenocalanus,0,0,TRUE,ASV3963,1,Ctenocalanus vanus
edna0057,ASV4417,motu679,Aequorea,Crystal jelly species,genus,NA,NA,NA,1,NA,NA,NA,28,25,NA,NA,Aequorea,Crystal jelly species,2018_hdo_surface,hdo,beach_seine,2018-07-13,2018-07-11,2018,surface,2,edna_hdo_30,surface,biological,13.3,29.97,8.25,NA,NA,NA,6.8,1000,0,51.6551346,-128.1292625,mud,n,320,p,seagrass,zostera,seagrass_mud,zostera_mud,100,1.4886099999999998e-156,306,Metazoa,Cnidaria,Hydrozoa,Leptothecata,Aequoreidae,Aequorea,0,0,TRUE,ASV780,4,NA
edna0057,ASV4826,motu3733,Kellia suborbicularis,Suborbicular kellyclam,species,NA,NA,NA,1,NA,NA,NA,NA,41,NA,NA,Kellia suborbicularis,Suborbicular kellyclam,2018_hdo_surface,hdo,beach_seine,2018-07-13,2018-07-11,2018,surface,2,edna_hdo_30,surface,biological,13.3,29.97,8.25,NA,NA,NA,6.8,1000,0,51.6551346,-128.1292625,mud,n,320,p,seagrass,zostera,seagrass_mud,zostera_mud,97.76,9.256649999999999e-149,292,Metazoa,Mollusca,Bivalvia,Galeommatida,Lasaeidae,Kellia,0,0,TRUE,ASV4826,1,Kellia suborbicularis
edna0023,ASV280,motu190,Mytilus,Mussel species,genus,NA,NA,NA,1,NA,NA,NA,28,NA,NA,NA,Mytilus trossulus,Bay mussel,2018_chp_depth,chp,beach_seine,2018-07-12,2018-07-10,2018,depth,1,edna_chp_15,depth,biological,NA,NA,NA,NA,NA,NA,3.5,1000,0,51.67628487,-128.1233672,sand,n,35,e,seagrass,zostera,seagrass_sand,zostera_sand,100,3.2351099999999996e-158,309,Metazoa,Mollusca,Mollusca,Mytilida,Mytilidae,Mytilus,0,0,TRUE,ASV216,23,NA
edna0023,ASV1057,motu909,Orobdella,Freshwater leech,genus,NA,NA,NA,1,NA,NA,NA,16,NA,NA,NA,Orobdella,Freshwater leech,2018_chp_depth,chp,beach_seine,2018-07-12,2018-07-10,2018,depth,1,edna_chp_15,depth,biological,NA,NA,NA,NA,NA,NA,3.5,1000,0,51.67628487,-128.1233672,sand,n,35,e,seagrass,zostera,seagrass_sand,zostera_sand,97.06,0.0011939,31,Metazoa,Annelida,Annelida,Erpobdelliformes,Orobdellidae,Orobdella,NA,NA,TRUE,ASV1057,1,NA
edna0023,ASV4819,motu3728,Saccocirrus,Polychaete,genus,NA,NA,NA,1,NA,NA,NA,20,NA,NA,NA,Saccocirrus,Polychaete,2018_chp_depth,chp,beach_seine,2018-07-12,2018-07-10,2018,depth,1,edna_chp_15,depth,biological,NA,NA,NA,NA,NA,NA,3.5,1000,0,51.67628487,-128.1233672,sand,n,35,e,seagrass,zostera,seagrass_sand,zostera_sand,100,2.4540699999999983e-154,302,Metazoa,Annelida,Polychaeta,NA,Saccocirridae,Saccocirrus,0,0,TRUE,ASV4819,1,NA
edna0024,ASV598,motu524,Strongylocentrotus droebachiensis,Green sea urcin,species,NA,NA,NA,1,NA,NA,NA,9,NA,NA,NA,Strongylocentrotus droebachiensis,Green sea urcin,2018_chp_surface,chp,beach_seine,2018-07-12,2018-07-10,2018,surface,2,edna_chp_30,surface,biological,12.1,30.4,8.12,NA,NA,NA,3.5,1000,0,51.6763963,-128.123414,sand,n,35,e,seagrass,zostera,seagrass_sand,zostera_sand,100,1.96163e-160,313,Metazoa,Echinodermata,Echinoidea,Camarodonta,Strongylocentrotidae,Strongylocentrotus,0,0,TRUE,ASV598,2,Strongylocentrotus droebachiensis
edna0024,ASV1501,motu1268,Dodecaceria,Cirratulid polychaete,genus,NA,NA,NA,1,NA,NA,NA,15,NA,NA,NA,Dodecaceria,Cirratulid polychaete,2018_chp_surface,chp,beach_seine,2018-07-12,2018-07-10,2018,surface,2,edna_chp_30,surface,biological,12.1,30.4,8.12,NA,NA,NA,3.5,1000,0,51.6763963,-128.123414,sand,n,35,e,seagrass,zostera,seagrass_sand,zostera_sand,100,2.51921e-159,311,Metazoa,Annelida,Polychaeta,Terebellida,Cirratulidae,Dodecaceria,0,0,TRUE,ASV1501,1,NA
edna0024,ASV2766,motu2236,Halosydna brevisetosa,Shortscaled worm,species,NA,NA,NA,1,NA,NA,NA,77,NA,NA,NA,Halosydna brevisetosa,Shortscaled worm,2018_chp_surface,chp,beach_seine,2018-07-12,2018-07-10,2018,surface,2,edna_chp_30,surface,biological,12.1,30.4,8.12,NA,NA,NA,3.5,1000,0,51.6763963,-128.123414,sand,n,35,e,seagrass,zostera,seagrass_sand,zostera_sand,100,2.51921e-159,311,Metazoa,Annelida,Polychaeta,Phyllodocida,Polynoidae,Halosydna,0,0,TRUE,ASV2766,1,Halosydna brevisetosa
edna0024,ASV2414,motu1743,Notomastus,Capitellid polychaete,genus,NA,NA,NA,1,NA,NA,NA,5,NA,NA,NA,Notomastus,Capitellid polychaete,2018_chp_surface,chp,beach_seine,2018-07-12,2018-07-10,2018,surface,2,edna_chp_30,surface,biological,12.1,30.4,8.12,NA,NA,NA,3.5,1000,0,51.6763963,-128.123414,sand,n,35,e,seagrass,zostera,seagrass_sand,zostera_sand,100,1.96163e-160,313,Metazoa,Annelida,Polychaeta,NA,Capitellidae,Notomastus,0,0,TRUE,ASV2114,2,NA
edna0024,ASV6611,motu5125,Phacellophora camtschatica,Fried egg jellyfish,species,NA,NA,NA,1,NA,NA,NA,6,NA,NA,5,Phacellophora camtschatica,Fried egg jellyfish,2018_chp_surface,chp,beach_seine,2018-07-12,2018-07-10,2018,surface,2,edna_chp_30,surface,biological,12.1,30.4,8.12,NA,NA,NA,3.5,1000,0,51.6763963,-128.123414,sand,n,35,e,seagrass,zostera,seagrass_sand,zostera_sand,99.36,4.3316899999999973e-157,307,Metazoa,Cnidaria,Scyphozoa,Semaeostomeae,Phacellophoridae,Phacellophora,0,0,TRUE,ASV6611,1,Phacellophora camtschatica
edna0025,ASV324,motu285,Paracalanus parvus parvus,Calanoid copepod,species,NA,NA,NA,1,NA,NA,NA,3,NA,NA,NA,Paracalanus parvus parvus,Calanoid copepod,2018_chp_depth,chp,beach_seine,2018-07-12,2018-07-10,2018,depth,2,edna_chp_00,depth,biological,11.6,30.85,8.12,NA,NA,NA,3.5,1000,0,51.67615482,-128.1232837,sand,n,35,e,seagrass,zostera,seagrass_sand,zostera_sand,100,1.17454e-132,263,Metazoa,Arthropoda,Copepoda,Calanoida,Paracalanidae,Paracalanus,0,0,TRUE,ASV324,6,Paracalanus parvus parvus
edna0025,ASV613,motu536,Sabellariidae,Feather duster worm,family,NA,NA,NA,1,NA,NA,NA,11,NA,NA,NA,Sabellariidae,Feather duster worm,2018_chp_depth,chp,beach_seine,2018-07-12,2018-07-10,2018,depth,2,edna_chp_00,depth,biological,11.6,30.85,8.12,NA,NA,NA,3.5,1000,0,51.67615482,-128.1232837,sand,n,35,e,seagrass,zostera,seagrass_sand,zostera_sand,99.68,1.5051499999999994e-156,306,Metazoa,Annelida,Polychaeta,NA,Sabellariidae,NA,0,0,TRUE,ASV613,7,NA
edna0025,ASV1655,motu1104,Haliotis kamtschatkana,Northern abalone,species,NA,NA,NA,1,NA,NA,NA,8,NA,NA,NA,Haliotis kamtschatkana,Northern abalone,2018_chp_depth,chp,beach_seine,2018-07-12,2018-07-10,2018,depth,2,edna_chp_00,depth,biological,11.6,30.85,8.12,NA,NA,NA,3.5,1000,0,51.67615482,-128.1232837,sand,n,35,e,seagrass,zostera,seagrass_sand,zostera_sand,100,7.02982e-160,312,Metazoa,Mollusca,Mollusca,Lepetellida,Haliotidae,Haliotis,0,0,TRUE,ASV1304,9,Haliotis kamtschatkana
edna0025,ASV1950,motu1620,Haliotis kamtschatkana,Northern abalone,species,NA,NA,NA,1,NA,NA,NA,7,NA,NA,NA,Haliotis kamtschatkana,Northern abalone,2018_chp_depth,chp,beach_seine,2018-07-12,2018-07-10,2018,depth,2,edna_chp_00,depth,biological,11.6,30.85,8.12,NA,NA,NA,3.5,1000,0,51.67615482,-128.1232837,sand,n,35,e,seagrass,zostera,seagrass_sand,zostera_sand,100,7.02982e-160,312,Metazoa,Mollusca,Mollusca,Lepetellida,Haliotidae,Haliotis,0,0,TRUE,ASV1950,2,Haliotis kamtschatkana
edna0026,ASV2381,motu199,Mytilus trossulus,Bay mussel,species,NA,NA,NA,1,NA,NA,NA,27,NA,NA,NA,Mytilus trossulus,Bay mussel,2018_chp_surface,chp,beach_seine,2018-07-12,2018-07-10,2018,surface,3,edna_chp_15,surface,biological,11.6,30.86,8.09,NA,NA,NA,3.5,1000,0,51.67628487,-128.1233672,sand,n,35,e,seagrass,zostera,seagrass_sand,zostera_sand,100,3.2351099999999996e-158,309,Metazoa,Mollusca,Bivalvia,Mytilida,Mytilidae,Mytilus,0,0,TRUE,ASV226,18,Mytilus trossulus
edna0026,ASV3689,motu190,Mytilus trossulus,Bay mussel,species,NA,NA,NA,1,NA,NA,NA,33,NA,NA,NA,Mytilus trossulus,Bay mussel,2018_chp_surface,chp,beach_seine,2018-07-12,2018-07-10,2018,surface,3,edna_chp_15,surface,biological,11.6,30.86,8.09,NA,NA,NA,3.5,1000,0,51.67628487,-128.1233672,sand,n,35,e,seagrass,zostera,seagrass_sand,zostera_sand,100,3.2351099999999996e-158,309,Metazoa,Mollusca,Bivalvia,Mytilida,Mytilidae,Mytilus,0,0,TRUE,ASV216,23,Mytilus trossulus
edna0027,ASV3263,motu1104,Haliotis kamtschatkana,Northern abalone,species,NA,NA,NA,1,NA,NA,NA,120,NA,NA,NA,Haliotis kamtschatkana,Northern abalone,2018_chp_depth,chp,beach_seine,2018-07-12,2018-07-10,2018,depth,3,edna_chp_30,depth,biological,NA,NA,NA,NA,NA,NA,3.5,1000,0,51.6763963,-128.123414,sand,n,35,e,seagrass,zostera,seagrass_sand,zostera_sand,99.68,1.172079999999999e-157,308,Metazoa,Mollusca,Mollusca,Lepetellida,Haliotidae,Haliotis,0,0,TRUE,ASV1304,9,Haliotis kamtschatkana
edna0027,ASV3509,motu2789,Halosydna brevisetosa,Shortscaled worm,species,NA,NA,NA,1,NA,NA,NA,92,NA,NA,NA,Halosydna brevisetosa,Shortscaled worm,2018_chp_depth,chp,beach_seine,2018-07-12,2018-07-10,2018,depth,3,edna_chp_30,depth,biological,NA,NA,NA,NA,NA,NA,3.5,1000,0,51.6763963,-128.123414,sand,n,35,e,seagrass,zostera,seagrass_sand,zostera_sand,100,3.2351099999999996e-158,309,Metazoa,Annelida,Polychaeta,Phyllodocida,Polynoidae,Halosydna,0,0,TRUE,ASV3509,1,Halosydna brevisetosa
edna0027,ASV6021,motu4633,Bolinopsis microptera,Short-lobed comb jelly,species,NA,NA,NA,1,NA,NA,NA,2,NA,NA,7,Bolinopsis microptera,Short-lobed comb jelly,2018_chp_depth,chp,beach_seine,2018-07-12,2018-07-10,2018,depth,3,edna_chp_30,depth,biological,NA,NA,NA,NA,NA,NA,3.5,1000,0,51.6763963,-128.123414,sand,n,35,e,seagrass,zostera,seagrass_sand,zostera_sand,100,1.96163e-160,313,Metazoa,Ctenophora,Tentaculata,Lobata,Bolinopsidae,Bolinopsis,0,0,TRUE,ASV6021,1,Bolinopsis microptera
edna0028,ASV1470,motu1241,Cistenides granulata,Trumpet worm,species,NA,NA,NA,1,NA,NA,NA,3,NA,NA,NA,Cistenides granulata,Trumpet worm,2018_hab4_surface,hab4,beach_seine,2018-07-12,2018-07-11,2018,surface,1,edna_hab4_00,surface,biological,16.5,26.08,8.43,NA,NA,NA,6.4,1000,0,51.664962,-128.0798158,mud,y,200,sp,macroalgae,algae,macroalgae_mud,algae_mud,100,1.96163e-160,313,Metazoa,Annelida,Polychaeta,Terebellida,Pectinariidae,Pectinaria,0,0,TRUE,ASV1470,1,Cistenides granulata
edna0029,ASV4242,motu3326,Mya arenaria,Softshell clam,species,NA,NA,NA,1,NA,NA,NA,3,NA,NA,NA,Mya arenaria,Softshell clam,2018_hab4_surface,hab4,beach_seine,2018-07-12,2018-07-11,2018,surface,2,edna_hab4_15,surface,biological,16.9,26.02,8.43,11.4,30.12,8.23,6.2,1000,0,51.66480057,-128.0797635,mud,y,200,sp,macroalgae,algae,macroalgae_mud,algae_mud,100,4.2619199999999965e-162,316,Metazoa,Mollusca,Bivalvia,Myida,Myidae,Mya,0,0,TRUE,ASV4242,1,Mya arenaria
edna0058,ASV1057,motu909,Orobdella,Freshwater leech,genus,NA,NA,NA,1,NA,NA,NA,NA,34,NA,39,Orobdella,Freshwater leech,2018_hdo_depth,hdo,beach_seine,2018-07-13,2018-07-11,2018,depth,2,edna_hdo_00,depth,biological,10.3,31.22,7.88,NA,NA,NA,6.8,1000,0,51.65501227,-128.1295942,mud,n,320,p,seagrass,zostera,seagrass_mud,zostera_mud,97.06,0.0011939,31,Metazoa,Annelida,Annelida,Erpobdelliformes,Orobdellidae,Orobdella,NA,NA,TRUE,ASV1057,1,NA
edna0058,ASV1443,motu1220,Orobdella,Freshwater leech,genus,NA,NA,NA,1,NA,NA,NA,NA,24,NA,50,Orobdella,Freshwater leech,2018_hdo_depth,hdo,beach_seine,2018-07-13,2018-07-11,2018,depth,2,edna_hdo_00,depth,biological,10.3,31.22,7.88,NA,NA,NA,6.8,1000,0,51.65501227,-128.1295942,mud,n,320,p,seagrass,zostera,seagrass_mud,zostera_mud,97.06,0.0011939,31,Metazoa,Annelida,Annelida,Erpobdelliformes,Orobdellidae,Orobdella,NA,NA,TRUE,ASV1443,1,NA
edna0058,ASV3779,motu2975,Proboscidactyla flavicirrata,Athecate hydroid,species,NA,NA,NA,1,NA,NA,NA,37,26,NA,21,Proboscidactyla flavicirrata,Athecate hydroid,2018_hdo_depth,hdo,beach_seine,2018-07-13,2018-07-11,2018,depth,2,edna_hdo_00,depth,biological,10.3,31.22,7.88,NA,NA,NA,6.8,1000,0,51.65501227,-128.1295942,mud,n,320,p,seagrass,zostera,seagrass_mud,zostera_mud,98.69,6.974989999999997e-150,294,Metazoa,Cnidaria,Hydrozoa,Anthoathecata,Proboscidactylidae,Proboscidactyla,0,0,TRUE,ASV3779,1,Proboscidactyla flavicirrata
edna0059,ASV4628,motu3592,Kellia suborbicularis,Suborbicular kellyclam,species,NA,NA,NA,1,NA,NA,NA,19,10,NA,17,Kellia suborbicularis,Suborbicular kellyclam,2018_hdo_surface,hdo,beach_seine,2018-07-13,2018-07-11,2018,surface,3,edna_hdo_15,surface,biological,14.2,28.64,8.26,NA,NA,NA,5.9,1000,0,51.65508561,-128.1293971,mud,n,320,p,seagrass,zostera,seagrass_mud,zostera_mud,98.72,9.19139e-154,301,Metazoa,Mollusca,Bivalvia,Galeommatida,Lasaeidae,Kellia,0,0,TRUE,ASV4628,1,Kellia suborbicularis
edna0059,ASV5333,motu190,Mytilus trossulus,Bay mussel,species,NA,NA,NA,1,NA,NA,NA,NA,30,NA,NA,Mytilus trossulus,Bay mussel,2018_hdo_surface,hdo,beach_seine,2018-07-13,2018-07-11,2018,surface,3,edna_hdo_15,surface,biological,14.2,28.64,8.26,NA,NA,NA,5.9,1000,0,51.65508561,-128.1293971,mud,n,320,p,seagrass,zostera,seagrass_mud,zostera_mud,100,3.2351099999999996e-158,309,Metazoa,Mollusca,Mollusca,Mytilida,Mytilidae,Mytilus,0,0,TRUE,ASV216,23,Mytilus trossulus
edna0060,ASV1070,motu922,Pleurobrachia bachei,Pacific sea gooseberry,species,NA,NA,NA,1,NA,NA,NA,NA,10,NA,7,Pleurobrachia bachei,Pacific sea gooseberry,2018_hdo_depth,hdo,beach_seine,2018-07-13,2018-07-11,2018,depth,3,edna_hdo_30,depth,biological,10.6,31,7.95,NA,NA,NA,5.9,1000,0,51.6551346,-128.1292625,mud,n,320,p,seagrass,zostera,seagrass_mud,zostera_mud,100,1.96163e-160,313,Metazoa,Ctenophora,Tentaculata,Cydippida,Cydippidae,Pleurobrachia,0,0,TRUE,ASV1070,7,Pleurobrachia bachei
edna0060,ASV1587,motu1337,Armandia brevis,Opheliid polychaete,species,NA,NA,NA,1,NA,NA,NA,72,104,NA,NA,Armandia brevis,Opheliid polychaete,2018_hdo_depth,hdo,beach_seine,2018-07-13,2018-07-11,2018,depth,3,edna_hdo_30,depth,biological,10.6,31,7.95,NA,NA,NA,5.9,1000,0,51.6551346,-128.1292625,mud,n,320,p,seagrass,zostera,seagrass_mud,zostera_mud,100,2.1076299999999988e-175,340,Metazoa,Annelida,Polychaeta,NA,Opheliidae,Armandia,0,0,TRUE,ASV1587,2,Armandia brevis
edna0060,ASV3677,motu2905,Proboscidactyla flavicirrata,Athecate hydroid,species,NA,NA,NA,1,NA,NA,NA,26,28,NA,36,Proboscidactyla flavicirrata,Athecate hydroid,2018_hdo_depth,hdo,beach_seine,2018-07-13,2018-07-11,2018,depth,3,edna_hdo_30,depth,biological,10.6,31,7.95,NA,NA,NA,5.9,1000,0,51.6551346,-128.1292625,mud,n,320,p,seagrass,zostera,seagrass_mud,zostera_mud,99.35,3.22227e-153,300,Metazoa,Cnidaria,Hydrozoa,Anthoathecata,Proboscidactylidae,Proboscidactyla,0,0,TRUE,ASV3677,1,Proboscidactyla flavicirrata
edna0060,ASV2925,motu2360,Corynidae,Athecate hydroid,family,NA,NA,NA,1,NA,NA,NA,NA,15,NA,NA,Corynidae,Athecate hydroid,2018_hdo_depth,hdo,beach_seine,2018-07-13,2018-07-11,2018,depth,3,edna_hdo_30,depth,biological,10.6,31,7.95,NA,NA,NA,5.9,1000,0,51.6551346,-128.1292625,mud,n,320,p,seagrass,zostera,seagrass_mud,zostera_mud,93.79,7.41348e-125,249,Metazoa,Cnidaria,Cnidaria,Anthoathecata,Corynidae,NA,0,0,TRUE,ASV2925,2,NA
edna0060,ASV7639,motu5997,Geodromicus,Hexapod,genus,NA,NA,NA,1,NA,NA,NA,NA,2,NA,NA,Geodromicus,Hexapod,2018_hdo_depth,hdo,beach_seine,2018-07-13,2018-07-11,2018,depth,3,edna_hdo_30,depth,biological,10.6,31,7.95,NA,NA,NA,5.9,1000,0,51.6551346,-128.1292625,mud,n,320,p,seagrass,zostera,seagrass_mud,zostera_mud,90.48,0.00402841,30,Metazoa,Arthropoda,Arthropoda,Coleoptera,Staphylinidae,Geodromicus,NA,NA,TRUE,ASV7639,1,NA
edna0061,ASV205,motu181,Pseudocalanus mimus,Calanoid copepod,species,NA,NA,NA,1,NA,NA,NA,47,79,NA,94,Pseudocalanus mimus,Calanoid copepod,2018_gog1_surface,gog1,beach_seine,2018-07-15,2018-07-14,2018,surface,1,edna_gog1_00,surface,biological,13.4,31.43,8.07,13.4,31.2,8.09,2,1000,0,51.92391076,-128.4691706,mud,n,200,se,seagrass,zostera,seagrass_mud,zostera_mud,100,1.18898e-152,299,Metazoa,Arthropoda,Copepoda,Calanoida,Clausocalanidae,Pseudocalanus,0,0,TRUE,ASV205,8,Pseudocalanus mimus
edna0061,ASV1520,motu1282,Synchaetidae,Rotifer,family,NA,NA,NA,1,NA,NA,NA,NA,7,NA,10,Synchaetidae,Rotifer,2018_gog1_surface,gog1,beach_seine,2018-07-15,2018-07-14,2018,surface,1,edna_gog1_00,surface,biological,13.4,31.43,8.07,13.4,31.2,8.09,2,1000,0,51.92391076,-128.4691706,mud,n,200,se,seagrass,zostera,seagrass_mud,zostera_mud,97.26,2.00292e-135,268,Metazoa,Rotifera,Eurotatoria,Ploima,Synchaetidae,NA,0,0,TRUE,ASV1520,1,NA
edna0061,ASV2814,motu2275,Synchaeta grimpei,Rotifer,species,NA,NA,NA,1,NA,NA,NA,NA,7,NA,6,Synchaeta grimpei,Rotifer,2018_gog1_surface,gog1,beach_seine,2018-07-15,2018-07-14,2018,surface,1,edna_gog1_00,surface,biological,13.4,31.43,8.07,13.4,31.2,8.09,2,1000,0,51.92391076,-128.4691706,mud,n,200,se,seagrass,zostera,seagrass_mud,zostera_mud,90.46,4.491659999999999e-107,217,Metazoa,Rotifera,Eurotatoria,Ploima,Synchaetidae,Synchaeta,0,0,TRUE,ASV2814,1,Synchaeta grimpei
edna0061,ASV2953,motu2381,Ergasilida,Cyclopoid copepod,order,NA,NA,NA,1,NA,NA,NA,NA,9,NA,NA,Ergasilida,Cyclopoid copepod,2018_gog1_surface,gog1,beach_seine,2018-07-15,2018-07-14,2018,surface,1,edna_gog1_00,surface,biological,13.4,31.43,8.07,13.4,31.2,8.09,2,1000,0,51.92391076,-128.4691706,mud,n,200,se,seagrass,zostera,seagrass_mud,zostera_mud,100,3.2351099999999996e-158,309,Metazoa,Arthropoda,Copepoda,Cyclopoida,NA,NA,0,0,FALSE,ASV2953,1,NA
edna0061,ASV4020,motu3153,Synchaeta grimpei,Rotifer,species,NA,NA,NA,1,NA,NA,NA,NA,6,NA,NA,Synchaeta grimpei,Rotifer,2018_gog1_surface,gog1,beach_seine,2018-07-15,2018-07-14,2018,surface,1,edna_gog1_00,surface,biological,13.4,31.43,8.07,13.4,31.2,8.09,2,1000,0,51.92391076,-128.4691706,mud,n,200,se,seagrass,zostera,seagrass_mud,zostera_mud,90.46,4.491659999999999e-107,217,Metazoa,Rotifera,Eurotatoria,Ploima,Synchaetidae,Synchaeta,0,0,TRUE,ASV4020,1,Synchaeta grimpei
edna0061,ASV5589,motu4293,Pseudocalanus minutus,Calanoid copepod,species,NA,NA,NA,1,NA,NA,NA,15,11,NA,NA,Pseudocalanus minutus,Calanoid copepod,2018_gog1_surface,gog1,beach_seine,2018-07-15,2018-07-14,2018,surface,1,edna_gog1_00,surface,biological,13.4,31.43,8.07,13.4,31.2,8.09,2,1000,0,51.92391076,-128.4691706,mud,n,200,se,seagrass,zostera,seagrass_mud,zostera_mud,99.68,9.126599999999999e-159,310,Metazoa,Arthropoda,Copepoda,Calanoida,Clausocalanidae,Pseudocalanus,0,0,TRUE,ASV5589,1,Pseudocalanus minutus
edna0061,ASV6116,motu4714,Pseudocalanus minutus,Calanoid copepod,species,NA,NA,NA,1,NA,NA,NA,NA,10,NA,9,Pseudocalanus minutus,Calanoid copepod,2018_gog1_surface,gog1,beach_seine,2018-07-15,2018-07-14,2018,surface,1,edna_gog1_00,surface,biological,13.4,31.43,8.07,13.4,31.2,8.09,2,1000,0,51.92391076,-128.4691706,mud,n,200,se,seagrass,zostera,seagrass_mud,zostera_mud,99.68,9.126599999999999e-159,310,Metazoa,Arthropoda,Copepoda,Calanoida,Clausocalanidae,Pseudocalanus,0,0,TRUE,ASV6116,1,Pseudocalanus minutus
edna0062,ASV462,motu407,Kellia suborbicularis,Suborbicular kellyclam,species,NA,NA,NA,1,NA,NA,NA,NA,3,NA,NA,Kellia suborbicularis,Suborbicular kellyclam,2018_gog1_surface,gog1,beach_seine,2018-07-15,2018-07-14,2018,surface,2,edna_gog1_15,surface,biological,13.5,31.49,8.06,13.4,31.39,8.08,2,1000,0,51.92402533,-128.4691053,mud,n,200,se,seagrass,zostera,seagrass_mud,zostera_mud,98.4,4.27634e-152,298,Metazoa,Mollusca,Bivalvia,Galeommatida,Lasaeidae,Kellia,0,0,TRUE,ASV462,4,Kellia suborbicularis
edna0062,ASV2490,motu2027,Phacellophora camtschatica,Fried egg jellyfish,species,NA,NA,NA,1,NA,NA,NA,NA,5,NA,NA,Phacellophora camtschatica,Fried egg jellyfish,2018_gog1_surface,gog1,beach_seine,2018-07-15,2018-07-14,2018,surface,2,edna_gog1_15,surface,biological,13.5,31.49,8.06,13.4,31.39,8.08,2,1000,0,51.92402533,-128.4691053,mud,n,200,se,seagrass,zostera,seagrass_mud,zostera_mud,100,1.96163e-160,313,Metazoa,Cnidaria,Scyphozoa,Semaeostomeae,Phacellophoridae,Phacellophora,0,0,TRUE,ASV2490,1,Phacellophora camtschatica
edna0063,ASV2081,motu1721,Clytia,Thecate Hydroid,genus,NA,NA,NA,1,NA,NA,NA,NA,6,NA,NA,Clytia,Thecate Hydroid,2018_gog1_surface,gog1,beach_seine,2018-07-15,2018-07-14,2018,surface,3,edna_gog1_30,surface,biological,13.4,31.41,8.06,13.3,31.39,8.07,2,1000,0,51.92409382,-128.4690359,mud,n,200,se,seagrass,zostera,seagrass_mud,zostera_mud,100,1.4886099999999998e-156,306,Metazoa,Cnidaria,Cnidaria,Leptothecata,Campanulariidae,Clytia,0,0,TRUE,ASV2081,1,NA
edna0063,ASV5535,motu4249,Caligus clemensi,Sea lice,species,NA,NA,NA,1,NA,NA,NA,NA,9,NA,18,Caligus clemensi,Sea lice,2018_gog1_surface,gog1,beach_seine,2018-07-15,2018-07-14,2018,surface,3,edna_gog1_30,surface,biological,13.4,31.41,8.06,13.3,31.39,8.07,2,1000,0,51.92409382,-128.4690359,mud,n,200,se,seagrass,zostera,seagrass_mud,zostera_mud,100,1.96163e-160,313,Metazoa,Arthropoda,Copepoda,Siphonostomatoida,Caligidae,Caligus,0,0,TRUE,ASV5535,1,Caligus clemensi
edna0063,ASV6841,motu5320,Aplysiopsis enteromorphae,Sea snail species,species,NA,NA,NA,1,NA,NA,NA,NA,5,NA,7,Aplysiopsis enteromorphae,Sea snail species,2018_gog1_surface,gog1,beach_seine,2018-07-15,2018-07-14,2018,surface,3,edna_gog1_30,surface,biological,13.4,31.41,8.06,13.3,31.39,8.07,2,1000,0,51.92409382,-128.4690359,mud,n,200,se,seagrass,zostera,seagrass_mud,zostera_mud,99.31,2.605969999999998e-144,284,Metazoa,Mollusca,Gastropoda,NA,Hermaeidae,Aplysiopsis,0,0,TRUE,ASV6841,1,Aplysiopsis enteromorphae
edna0063,ASV7214,motu5627,Pomphorhynchus,Thorny headed worm,genus,NA,NA,NA,1,NA,NA,NA,NA,3,NA,6,Pomphorhynchus,Thorny headed worm,2018_gog1_surface,gog1,beach_seine,2018-07-15,2018-07-14,2018,surface,3,edna_gog1_30,surface,biological,13.4,31.41,8.06,13.3,31.39,8.07,2,1000,0,51.92409382,-128.4690359,mud,n,200,se,seagrass,zostera,seagrass_mud,zostera_mud,100,3.00231e-4,32,Metazoa,Acanthocephala,Acanthocephala,Echinorhynchida,Pomphorhynchidae,Pomphorhynchus,0,0,TRUE,ASV7214,1,NA
edna0064,ASV3467,motu2753,Lepidoptera,Hexapod,order,NA,NA,NA,1,NA,NA,NA,13,19,NA,9,Lepidoptera,Hexapod,2018_gog4_surface,gog4,beach_seine,2018-07-15,2018-07-14,2018,surface,1,edna_gog4_00,surface,biological,13.2,31.43,8.09,12.2,31.46,8.05,3.5,1000,0,51.90325188,-128.4390671,mud,n,150,se,seagrass,zostera,seagrass_mud,zostera_mud,96.97,0.00408744,30,Metazoa,Arthropoda,Arthropoda,Lepidoptera,NA,NA,NA,NA,TRUE,ASV3467,1,NA
edna0064,ASV6700,motu560,Synchaeta triophthalma,Rotifer,species,NA,NA,NA,1,NA,NA,NA,NA,4,NA,NA,Synchaeta triophthalma,Rotifer,2018_gog4_surface,gog4,beach_seine,2018-07-15,2018-07-14,2018,surface,1,edna_gog4_00,surface,biological,13.2,31.43,8.09,12.2,31.46,8.05,3.5,1000,0,51.90325188,-128.4390671,mud,n,150,se,seagrass,zostera,seagrass_mud,zostera_mud,91.67,1.6665299999999995e-116,234,Metazoa,Rotifera,Eurotatoria,Ploima,Synchaetidae,Synchaeta,0,0,TRUE,ASV647,4,Synchaeta triophthalma
edna0065,ASV2335,motu1921,Ferkeria,Other arachnid,genus,NA,NA,NA,1,NA,NA,NA,NA,3,NA,NA,Ferkeria,Other arachnid,2018_gog4_surface,gog4,beach_seine,2018-07-15,2018-07-14,2018,surface,2,edna_gog4_15,surface,biological,13.6,31.39,8.17,12.3,31.39,8.05,3.5,1000,0,51.90318965,-128.4388692,mud,n,150,se,seagrass,zostera,seagrass_mud,zostera_mud,97.06,0.00112005,31,Metazoa,Arthropoda,Arthropoda,Grassatores,NA,Ferkeria,NA,NA,TRUE,ASV2335,1,NA
edna0065,ASV6248,motu4821,Proctotrupidae,Hexapod,genus,NA,NA,NA,1,NA,NA,NA,NA,5,NA,NA,Proctotrupidae,Hexapod,2018_gog4_surface,gog4,beach_seine,2018-07-15,2018-07-14,2018,surface,2,edna_gog4_15,surface,biological,13.6,31.39,8.17,12.3,31.39,8.05,3.5,1000,0,51.90318965,-128.4388692,mud,n,150,se,seagrass,zostera,seagrass_mud,zostera_mud,100,6.92826e-6,35,Metazoa,Arthropoda,Arthropoda,Hymenoptera,Proctotrupoidea,Proctotrupidae,NA,NA,TRUE,ASV6248,1,NA
edna0066,ASV1714,motu1432,Pleurobrachia bachei,Pacific sea gooseberry,species,NA,NA,NA,1,NA,NA,NA,4,3,NA,NA,Pleurobrachia bachei,Pacific sea gooseberry,2018_gog4_surface,gog4,beach_seine,2018-07-15,2018-07-14,2018,surface,3,edna_gog4_30,surface,biological,13.7,31.43,8.17,12.3,31.42,8.04,3.5,1000,0,51.90312079,-128.4386561,mud,n,150,se,seagrass,zostera,seagrass_mud,zostera_mud,99.68,9.126599999999999e-159,310,Metazoa,Ctenophora,Tentaculata,Cydippida,Cydippidae,Pleurobrachia,0,0,TRUE,ASV1714,1,Pleurobrachia bachei
edna0066,ASV2042,motu1692,Synchaeta grimpei,Rotifer,species,NA,NA,NA,1,NA,NA,NA,9,6,NA,NA,Synchaeta grimpei,Rotifer,2018_gog4_surface,gog4,beach_seine,2018-07-15,2018-07-14,2018,surface,3,edna_gog4_30,surface,biological,13.7,31.43,8.17,12.3,31.42,8.04,3.5,1000,0,51.90312079,-128.4386561,mud,n,150,se,seagrass,zostera,seagrass_mud,zostera_mud,91.45,4.459999999999999e-112,226,Metazoa,Rotifera,Eurotatoria,Ploima,Synchaetidae,Synchaeta,0,0,TRUE,ASV2042,2,Synchaeta grimpei
edna0066,ASV3190,motu2554,Synchaetidae,Rotifer,family,NA,NA,NA,1,NA,NA,NA,50,33,NA,43,Synchaetidae,Rotifer,2018_gog4_surface,gog4,beach_seine,2018-07-15,2018-07-14,2018,surface,3,edna_gog4_30,surface,biological,13.7,31.43,8.17,12.3,31.42,8.04,3.5,1000,0,51.90312079,-128.4386561,mud,n,150,se,seagrass,zostera,seagrass_mud,zostera_mud,97.26,2.00292e-135,268,Metazoa,Rotifera,Eurotatoria,Ploima,Synchaetidae,NA,0,0,TRUE,ASV3190,1,NA
edna0066,ASV3218,motu2575,Synchaetidae,Rotifer,family,NA,NA,NA,1,NA,NA,NA,58,25,NA,41,Synchaetidae,Rotifer,2018_gog4_surface,gog4,beach_seine,2018-07-15,2018-07-14,2018,surface,3,edna_gog4_30,surface,biological,13.7,31.43,8.17,12.3,31.42,8.04,3.5,1000,0,51.90312079,-128.4386561,mud,n,150,se,seagrass,zostera,seagrass_mud,zostera_mud,97.26,2.00292e-135,268,Metazoa,Rotifera,Eurotatoria,Ploima,Synchaetidae,NA,0,0,TRUE,ASV3218,1,NA
edna0066,ASV6036,motu4645,Chthamalus dalli,Little brown barnacle,species,NA,NA,NA,1,NA,NA,NA,NA,20,NA,NA,Chthamalus dalli,Little brown barnacle,2018_gog4_surface,gog4,beach_seine,2018-07-15,2018-07-14,2018,surface,3,edna_gog4_30,surface,biological,13.7,31.43,8.17,12.3,31.42,8.04,3.5,1000,0,51.90312079,-128.4386561,mud,n,150,se,seagrass,zostera,seagrass_mud,zostera_mud,98.71,1.1804e-152,299,Metazoa,Arthropoda,Thecostraca,Balanomorpha,Chthamalidae,Chthamalus,0,0,TRUE,ASV6036,1,Chthamalus dalli
edna0067,ASV205,motu181,Pseudocalanus mimus,Calanoid copepod,species,NA,NA,NA,1,NA,NA,NA,NA,19,NA,NA,Pseudocalanus mimus,Calanoid copepod,2018_kis2_surface,kis2,beach_seine,2018-07-15,2018-07-13,2018,surface,1,edna_kis2_00,surface,biological,14,31.12,8.11,13.7,31.11,8.12,4,1000,0,51.83671973,-128.239737,cobble,n,50,sp,macroalgae,algae,macroalgae_cobble,algae_cobble,100,1.18898e-152,299,Metazoa,Arthropoda,Copepoda,Calanoida,Clausocalanidae,Pseudocalanus,0,0,TRUE,ASV205,8,Pseudocalanus mimus
edna0067,ASV386,motu316,Hiatella,Clam species,genus,NA,NA,NA,1,NA,NA,NA,23,19,NA,NA,Hiatella,Clam species,2018_kis2_surface,kis2,beach_seine,2018-07-15,2018-07-13,2018,surface,1,edna_kis2_00,surface,biological,14,31.12,8.11,13.7,31.11,8.12,4,1000,0,51.83671973,-128.239737,cobble,n,50,sp,macroalgae,algae,macroalgae_cobble,algae_cobble,100,9.027749999999999e-159,310,Metazoa,Mollusca,Bivalvia,Adapedonta,Hiatellidae,Hiatella,0,0,TRUE,ASV357,9,NA
edna0067,ASV647,motu560,Synchaeta triophthalma,Rotifer,species,NA,NA,NA,1,NA,NA,NA,NA,4,NA,NA,Synchaeta triophthalma,Rotifer,2018_kis2_surface,kis2,beach_seine,2018-07-15,2018-07-13,2018,surface,1,edna_kis2_00,surface,biological,14,31.12,8.11,13.7,31.11,8.12,4,1000,0,51.83671973,-128.239737,cobble,n,50,sp,macroalgae,algae,macroalgae_cobble,algae_cobble,91.99,3.511259999999999e-118,237,Metazoa,Rotifera,Eurotatoria,Ploima,Synchaetidae,Synchaeta,0,0,TRUE,ASV647,4,Synchaeta triophthalma
edna0067,ASV1068,motu920,Arthropoda,Unknown arthropod,phylum,NA,NA,NA,1,NA,NA,NA,NA,3,NA,NA,Arthropoda,Unknown arthropod,2018_kis2_surface,kis2,beach_seine,2018-07-15,2018-07-13,2018,surface,1,edna_kis2_00,surface,biological,14,31.12,8.11,13.7,31.11,8.12,4,1000,0,51.83671973,-128.239737,cobble,n,50,sp,macroalgae,algae,macroalgae_cobble,algae_cobble,94.87,8.78538e-5,33,Metazoa,Arthropoda,NA,NA,NA,NA,NA,NA,TRUE,ASV1068,4,NA
edna0068,ASV3592,motu2846,Synchaeta triophthalma,Rotifer,species,NA,NA,NA,1,NA,NA,NA,NA,7,NA,28,Synchaeta triophthalma,Rotifer,2018_kis2_surface,kis2,beach_seine,2018-07-15,2018-07-13,2018,surface,2,edna_kis2_15,surface,biological,13.9,31.13,8.12,13.7,31.09,8.14,4,1000,0,51.83670582,-128.2395558,cobble,n,50,sp,macroalgae,algae,macroalgae_cobble,algae_cobble,91.64,5.875589999999998e-116,233,Metazoa,Rotifera,Eurotatoria,Ploima,Synchaetidae,Synchaeta,0,0,TRUE,ASV3592,1,Synchaeta triophthalma
edna0069,ASV1451,motu796,Panopea generosa,Pacific geoduck,species,NA,NA,NA,1,NA,NA,NA,NA,28,NA,NA,Panopea generosa,Pacific geoduck,2018_kis2_surface,kis2,beach_seine,2018-07-15,2018-07-13,2018,surface,3,edna_kis2_30,surface,biological,14.3,31.16,8.12,13.7,31.1,8.12,3.5,1000,0,51.83669165,-128.239389,cobble,n,50,sp,macroalgae,algae,macroalgae_cobble,algae_cobble,100,7.02982e-160,312,Metazoa,Mollusca,Bivalvia,Adapedonta,Hiatellidae,Panopea,0,0,TRUE,ASV916,4,Panopea generosa
edna0069,ASV1291,motu1092,Metridium senile,Plumose anemone,species,NA,NA,NA,1,NA,NA,NA,30,22,NA,NA,Metridium senile,Plumose anemone,2018_kis2_surface,kis2,beach_seine,2018-07-15,2018-07-13,2018,surface,3,edna_kis2_30,surface,biological,14.3,31.16,8.12,13.7,31.1,8.12,3.5,1000,0,51.83669165,-128.239389,cobble,n,50,sp,macroalgae,algae,macroalgae_cobble,algae_cobble,100,1.4886099999999998e-156,306,Metazoa,Cnidaria,Anthozoa,Actiniaria,Metridiidae,Metridium,0,0,TRUE,ASV1291,2,Metridium senile
edna0069,ASV1737,motu709,Chthamalus dalli,Little brown barnacle,species,NA,NA,NA,1,NA,NA,NA,60,32,NA,53,Chthamalus dalli,Little brown barnacle,2018_kis2_surface,kis2,beach_seine,2018-07-15,2018-07-13,2018,surface,3,edna_kis2_30,surface,biological,14.3,31.16,8.12,13.7,31.1,8.12,3.5,1000,0,51.83669165,-128.239389,cobble,n,50,sp,macroalgae,algae,macroalgae_cobble,algae_cobble,99.01,2.4714899999999987e-149,293,Metazoa,Arthropoda,Thecostraca,Balanomorpha,Chthamalidae,Chthamalus,0,0,TRUE,ASV814,5,Chthamalus dalli
edna0069,ASV343,motu303,Pseudocalanus mimus,Calanoid copepod,species,NA,NA,NA,1,NA,NA,NA,NA,68,NA,NA,Pseudocalanus mimus,Calanoid copepod,2018_kis2_surface,kis2,beach_seine,2018-07-15,2018-07-13,2018,surface,3,edna_kis2_30,surface,biological,14.3,31.16,8.12,13.7,31.1,8.12,3.5,1000,0,51.83669165,-128.239389,cobble,n,50,sp,macroalgae,algae,macroalgae_cobble,algae_cobble,99.67,9.19139e-154,301,Metazoa,Arthropoda,Copepoda,Calanoida,Clausocalanidae,Pseudocalanus,0,0,TRUE,ASV343,11,Pseudocalanus mimus
edna0069,ASV5336,motu3013,Thecostraca,Thecostracan crustacean species,class,NA,NA,NA,1,NA,NA,NA,14,6,NA,10,Thecostraca,Thecostracan crustacean species,2018_kis2_surface,kis2,beach_seine,2018-07-15,2018-07-13,2018,surface,3,edna_kis2_30,surface,biological,14.3,31.16,8.12,13.7,31.1,8.12,3.5,1000,0,51.83669165,-128.239389,cobble,n,50,sp,macroalgae,algae,macroalgae_cobble,algae_cobble,97.22,8.40478e-5,33,Metazoa,Arthropoda,Arthropoda,NA,NA,NA,0,0,TRUE,ASV3834,3,NA
edna0069,ASV6612,motu4147,Thecostraca,Thecostracan crustacean species,class,NA,NA,NA,1,NA,NA,NA,NA,3,NA,11,Thecostraca,Thecostracan crustacean species,2018_kis2_surface,kis2,beach_seine,2018-07-15,2018-07-13,2018,surface,3,edna_kis2_30,surface,biological,14.3,31.16,8.12,13.7,31.1,8.12,3.5,1000,0,51.83669165,-128.239389,cobble,n,50,sp,macroalgae,algae,macroalgae_cobble,algae_cobble,97.22,8.57402e-5,33,Metazoa,Arthropoda,Arthropoda,NA,NA,NA,0,0,TRUE,ASV5401,3,NA
edna0070,ASV285,motu244,Ophiopholis,Brittle star species,genus,NA,NA,NA,1,NA,NA,NA,NA,3,NA,NA,Ophiopholis kennerlyi,Daisy brittle star,2018_kis1_surface,kis1,beach_seine,2018-07-15,2018-07-13,2018,surface,1,edna_kis1_00,surface,biological,13.8,30.95,8.14,13.4,31.07,8.11,4.5,1000,0,51.81104261,-128.2291784,sand,n,25,sp,seagrass,zostera,seagrass_sand,zostera_sand,100,1.96163e-160,313,Metazoa,Echinodermata,Echinodermata,Amphilepidida,Ophiopholidae,Ophiopholis,0,0,TRUE,ASV275,7,NA
edna0070,ASV2532,motu1388,Paleanotus bellis,Golden petal worm,species,NA,NA,NA,1,NA,NA,NA,NA,12,NA,11,Paleanotus bellis,Golden petal worm,2018_kis1_surface,kis1,beach_seine,2018-07-15,2018-07-13,2018,surface,1,edna_kis1_00,surface,biological,13.8,30.95,8.14,13.4,31.07,8.11,4.5,1000,0,51.81104261,-128.2291784,sand,n,25,sp,seagrass,zostera,seagrass_sand,zostera_sand,99.68,1.5051499999999994e-156,306,Metazoa,Annelida,Polychaeta,Phyllodocida,Chrysopetalidae,Paleanotus,0,0,TRUE,ASV1654,4,Paleanotus bellis
edna0070,ASV4827,motu3734,Pollicipes polymerus,Gooseneck barnacle,species,NA,NA,NA,1,NA,NA,NA,17,10,NA,14,Pollicipes polymerus,Gooseneck barnacle,2018_kis1_surface,kis1,beach_seine,2018-07-15,2018-07-13,2018,surface,1,edna_kis1_00,surface,biological,13.8,30.95,8.14,13.4,31.07,8.11,4.5,1000,0,51.81104261,-128.2291784,sand,n,25,sp,seagrass,zostera,seagrass_sand,zostera_sand,100,3.2351099999999996e-158,309,Metazoa,Arthropoda,Thecostraca,Pollicipedomorpha,Pollicipedidae,Pollicipes,0,0,TRUE,ASV4827,1,Pollicipes polymerus
edna0070,ASV5719,motu4389,Pollicipes polymerus,Gooseneck barnacle,species,NA,NA,NA,1,NA,NA,NA,NA,16,NA,8,Pollicipes polymerus,Gooseneck barnacle,2018_kis1_surface,kis1,beach_seine,2018-07-15,2018-07-13,2018,surface,1,edna_kis1_00,surface,biological,13.8,30.95,8.14,13.4,31.07,8.11,4.5,1000,0,51.81104261,-128.2291784,sand,n,25,sp,seagrass,zostera,seagrass_sand,zostera_sand,100,3.2351099999999996e-158,309,Metazoa,Arthropoda,Thecostraca,Pollicipedomorpha,Pollicipedidae,Pollicipes,0,0,TRUE,ASV5719,1,Pollicipes polymerus
edna0070,ASV5803,motu4461,Sabellariidae,Feather duster worm,family,NA,NA,NA,1,NA,NA,NA,8,9,NA,6,Sabellariidae,Feather duster worm,2018_kis1_surface,kis1,beach_seine,2018-07-15,2018-07-13,2018,surface,1,edna_kis1_00,surface,biological,13.8,30.95,8.14,13.4,31.07,8.11,4.5,1000,0,51.81104261,-128.2291784,sand,n,25,sp,seagrass,zostera,seagrass_sand,zostera_sand,99.03,3.258079999999998e-153,300,Metazoa,Annelida,Polychaeta,NA,Sabellariidae,NA,0,0,TRUE,ASV5803,1,NA
edna0070,ASV5952,motu560,Synchaeta triophthalma,Rotifer,species,NA,NA,NA,1,NA,NA,NA,NA,13,NA,8,Synchaeta triophthalma,Rotifer,2018_kis1_surface,kis1,beach_seine,2018-07-15,2018-07-13,2018,surface,1,edna_kis1_00,surface,biological,13.8,30.95,8.14,13.4,31.07,8.11,4.5,1000,0,51.81104261,-128.2291784,sand,n,25,sp,seagrass,zostera,seagrass_sand,zostera_sand,92.31,7.54697e-120,240,Metazoa,Rotifera,Eurotatoria,Ploima,Synchaetidae,Synchaeta,0,0,TRUE,ASV647,4,Synchaeta triophthalma
edna0072,ASV1319,motu1116,Clytia gregaria,Gregarious jellyfish,species,NA,NA,NA,1,NA,NA,NA,NA,5,NA,NA,Clytia gregaria,Gregarious jellyfish,2018_kis1_surface,kis1,beach_seine,2018-07-15,2018-07-13,2018,surface,3,edna_kis1_30,surface,biological,13.6,30.95,8.13,13.3,31.03,8.11,4.5,1000,0,51.81116654,-128.2295305,sand,n,25,sp,seagrass,zostera,seagrass_sand,zostera_sand,99.67,6.925819999999995e-155,303,Metazoa,Cnidaria,Hydrozoa,Leptothecata,Campanulariidae,Clytia,0,0,TRUE,ASV1319,3,Clytia gregaria
edna0072,ASV4785,motu536,Sabellariidae,Feather duster worm,family,NA,NA,NA,1,NA,NA,NA,NA,22,NA,20,Sabellariidae,Feather duster worm,2018_kis1_surface,kis1,beach_seine,2018-07-15,2018-07-13,2018,surface,3,edna_kis1_30,surface,biological,13.6,30.95,8.13,13.3,31.03,8.11,4.5,1000,0,51.81116654,-128.2295305,sand,n,25,sp,seagrass,zostera,seagrass_sand,zostera_sand,99.35,7.002779999999996e-155,303,Metazoa,Annelida,Polychaeta,NA,Sabellariidae,NA,0,0,TRUE,ASV613,7,NA
edna0073,ASV623,motu543,Balanus,Barnacle species,genus,NA,NA,NA,1,NA,NA,NA,NA,3,NA,NA,Balanus,Barnacle species,2018_hab2_surface,hab2,beach_seine,2018-07-15,2018-07-12,2018,surface,1,edna_hab2_00,surface,biological,12.8,31.38,8.02,11.1,31.68,7.99,4.5,1000,0,51.66375908,-128.1431094,sand,n,1000,se,none,none,none_sand,none_sand,100,1.4886099999999998e-156,306,Metazoa,Arthropoda,Arthropoda,Balanomorpha,Balanidae,Balanus,0,0,TRUE,ASV623,7,NA
edna0073,ASV2852,motu2305,Coleoptera,Hexapod,order,NA,NA,NA,1,NA,NA,NA,NA,3,NA,NA,Coleoptera,Hexapod,2018_hab2_surface,hab2,beach_seine,2018-07-15,2018-07-12,2018,surface,1,edna_hab2_00,surface,biological,12.8,31.38,8.02,11.1,31.68,7.99,4.5,1000,0,51.66375908,-128.1431094,sand,n,1000,se,none,none,none_sand,none_sand,100,0.00110774,31,Metazoa,Arthropoda,Arthropoda,Coleoptera,NA,NA,NA,NA,TRUE,ASV2852,1,NA
edna0073,ASV5278,motu679,Aequorea,Crystal jelly species,genus,NA,NA,NA,1,NA,NA,NA,NA,31,NA,NA,Aequorea,Crystal jelly species,2018_hab2_surface,hab2,beach_seine,2018-07-15,2018-07-12,2018,surface,1,edna_hab2_00,surface,biological,12.8,31.38,8.02,11.1,31.68,7.99,4.5,1000,0,51.66375908,-128.1431094,sand,n,1000,se,none,none,none_sand,none_sand,100,1.4886099999999998e-156,306,Metazoa,Cnidaria,Hydrozoa,Leptothecata,Aequoreidae,Aequorea,0,0,TRUE,ASV780,4,NA
edna0073,ASV4838,motu3744,Ameira,Harpacticoid copepod,genus,NA,NA,NA,1,NA,NA,NA,NA,3,NA,NA,Ameira,Harpacticoid copepod,2018_hab2_surface,hab2,beach_seine,2018-07-15,2018-07-12,2018,surface,1,edna_hab2_00,surface,biological,12.8,31.38,8.02,11.1,31.68,7.99,4.5,1000,0,51.66375908,-128.1431094,sand,n,1000,se,none,none,none_sand,none_sand,100,3.2351099999999996e-158,309,Metazoa,Arthropoda,Copepoda,Harpacticoida,Ameiridae,Ameira,0,0,TRUE,ASV4838,1,NA
edna0073,ASV6297,motu4864,Murphydoris,Nudibranch species,genus,NA,NA,NA,1,NA,NA,NA,NA,17,NA,NA,Murphydoris,Nudibranch species,2018_hab2_surface,hab2,beach_seine,2018-07-15,2018-07-12,2018,surface,1,edna_hab2_00,surface,biological,12.8,31.38,8.02,11.1,31.68,7.99,4.5,1000,0,51.66375908,-128.1431094,sand,n,1000,se,none,none,none_sand,none_sand,100,0.00115934,31,Metazoa,Mollusca,Mollusca,Nudibranchia,Goniodorididae,Murphydoris,0,0,TRUE,ASV6297,1,NA
edna0073,ASV4448,motu800,Polymorphidae,Thorny headed worm,family,NA,NA,NA,1,NA,NA,NA,NA,5,NA,10,Polymorphidae,Thorny headed worm,2018_hab2_surface,hab2,beach_seine,2018-07-15,2018-07-12,2018,surface,1,edna_hab2_00,surface,biological,12.8,31.38,8.02,11.1,31.68,7.99,4.5,1000,0,51.66375908,-128.1431094,sand,n,1000,se,none,none,none_sand,none_sand,94.87,8.37307e-5,33,Metazoa,Acanthocephala,Acanthocephala,Polymorphida,Polymorphidae,NA,0,0,TRUE,ASV920,3,NA
edna0074,ASV357,motu316,Hiatella,Clam species,genus,NA,NA,NA,1,NA,NA,NA,NA,17,NA,7,Hiatella,Clam species,2018_hab2_surface,hab2,beach_seine,2018-07-15,2018-07-12,2018,surface,2,edna_hab2_15,surface,biological,12.3,31.38,8.02,11.2,31.69,7.98,5,1000,0,51.66377693,-128.1433209,sand,n,1000,se,none,none,none_sand,none_sand,100,9.027749999999999e-159,310,Metazoa,Mollusca,Bivalvia,Adapedonta,Hiatellidae,Hiatella,0,0,TRUE,ASV357,9,NA
edna0074,ASV1057,motu909,Orobdella,Freshwater leech,genus,NA,NA,NA,1,NA,NA,NA,NA,7,NA,NA,Orobdella,Freshwater leech,2018_hab2_surface,hab2,beach_seine,2018-07-15,2018-07-12,2018,surface,2,edna_hab2_15,surface,biological,12.3,31.38,8.02,11.2,31.69,7.98,5,1000,0,51.66377693,-128.1433209,sand,n,1000,se,none,none,none_sand,none_sand,97.06,0.0011939,31,Metazoa,Annelida,Annelida,Erpobdelliformes,Orobdellidae,Orobdella,NA,NA,TRUE,ASV1057,1,NA
edna0074,ASV1391,motu1175,Cistenides granulata,Trumpet worm,species,NA,NA,NA,1,NA,NA,NA,NA,11,NA,NA,Cistenides granulata,Trumpet worm,2018_hab2_surface,hab2,beach_seine,2018-07-15,2018-07-12,2018,surface,2,edna_hab2_15,surface,biological,12.3,31.38,8.02,11.2,31.69,7.98,5,1000,0,51.66377693,-128.1433209,sand,n,1000,se,none,none,none_sand,none_sand,100,2.51921e-159,311,Metazoa,Annelida,Polychaeta,Terebellida,Pectinariidae,Pectinaria,0,0,TRUE,ASV1391,1,Cistenides granulata
edna0074,ASV6486,motu5024,Panopea generosa,Pacific geoduck,species,NA,NA,NA,1,NA,NA,NA,NA,15,NA,NA,Panopea generosa,Pacific geoduck,2018_hab2_surface,hab2,beach_seine,2018-07-15,2018-07-12,2018,surface,2,edna_hab2_15,surface,biological,12.3,31.38,8.02,11.2,31.69,7.98,5,1000,0,51.66377693,-128.1433209,sand,n,1000,se,none,none,none_sand,none_sand,99.36,1.5523299999999996e-156,306,Metazoa,Mollusca,Bivalvia,Adapedonta,Hiatellidae,Panopea,0,0,TRUE,ASV6486,1,Panopea generosa
edna0075,ASV1893,motu1556,Dodecaceria,Cirratulid polychaete,genus,NA,NA,NA,1,NA,NA,NA,NA,6,NA,NA,Dodecaceria,Cirratulid polychaete,2018_hab2_surface,hab2,beach_seine,2018-07-15,2018-07-12,2018,surface,3,edna_hab2_30,surface,biological,12.4,31.4,8.03,11.2,31.69,7.99,5,1000,0,51.66379541,-128.143518,sand,n,1000,se,none,none,none_sand,none_sand,100,7.02982e-160,312,Metazoa,Annelida,Polychaeta,Terebellida,Cirratulidae,Dodecaceria,0,0,TRUE,ASV1870,5,NA
edna0075,ASV1840,motu1162,Phascolosoma (Phascolosoma) agassizii,Agassiz peanut worm,species,NA,NA,NA,1,NA,NA,NA,NA,27,NA,NA,Phascolosoma (Phascolosoma) agassizii,Agassiz peanut worm,2018_hab2_surface,hab2,beach_seine,2018-07-15,2018-07-12,2018,surface,3,edna_hab2_30,surface,biological,12.4,31.4,8.03,11.2,31.69,7.99,5,1000,0,51.66379541,-128.143518,sand,n,1000,se,none,none,none_sand,none_sand,100,1.96163e-160,313,Metazoa,Annelida,NA,Sipuncula,Phascolosomatidae,Phascolosoma,0,0,TRUE,ASV1376,3,Phascolosoma (Phascolosoma) agassizii
edna0075,ASV916,motu796,Panopea generosa,Pacific geoduck,species,NA,NA,NA,1,NA,NA,NA,NA,23,NA,NA,Panopea generosa,Pacific geoduck,2018_hab2_surface,hab2,beach_seine,2018-07-15,2018-07-12,2018,surface,3,edna_hab2_30,surface,biological,12.4,31.4,8.03,11.2,31.69,7.99,5,1000,0,51.66379541,-128.143518,sand,n,1000,se,none,none,none_sand,none_sand,100,1.96163e-160,313,Metazoa,Mollusca,Bivalvia,Adapedonta,Hiatellidae,Panopea,0,0,TRUE,ASV916,4,Panopea generosa
edna0075,ASV2459,motu2003,Aurelia labiata,Moon jelly species,species,NA,NA,NA,1,NA,NA,NA,NA,2,NA,NA,Aurelia labiata,Moon jelly species,2018_hab2_surface,hab2,beach_seine,2018-07-15,2018-07-12,2018,surface,3,edna_hab2_30,surface,biological,12.4,31.4,8.03,11.2,31.69,7.99,5,1000,0,51.66379541,-128.143518,sand,n,1000,se,none,none,none_sand,none_sand,99.04,1.97556e-155,304,Metazoa,Cnidaria,Scyphozoa,Semaeostomeae,Ulmaridae,Aurelia,0,0,TRUE,ASV2459,1,Aurelia labiata
edna0076,ASV6474,motu4438,Pseudoscorpiones,Other arachnid,class,NA,NA,NA,1,NA,NA,NA,NA,2,NA,NA,Pseudoscorpiones,Other arachnid,2018_triquet_surface,triquet,kelp,2018-07-16,NA,2018,surface,1,edna_triquet_00,surface,biological,15,31.08,8.15,NA,NA,NA,5.7,1000,0,51.80359931,-128.2543249,rock,NA,NA,NA,macroalgae,macrocystis,macroalgae_rock,macrocystis_rock,91.89,1.46291e-17,56,Metazoa,Arthropoda,Arthropoda,NA,NA,NA,NA,NA,TRUE,ASV5779,2,NA
edna0077,ASV386,motu316,Hiatella,Clam species,genus,NA,NA,NA,1,NA,NA,NA,NA,13,NA,NA,Hiatella,Clam species,2018_triquet_depth,triquet,kelp,2018-07-16,NA,2018,depth,1,edna_triquet_15,depth,biological,13.3,31.1,8.15,NA,NA,NA,5.7,1000,0,51.80352819,-128.2545227,rock,NA,NA,NA,macroalgae,macrocystis,macroalgae_rock,macrocystis_rock,100,9.027749999999999e-159,310,Metazoa,Mollusca,Bivalvia,Adapedonta,Hiatellidae,Hiatella,0,0,TRUE,ASV357,9,NA
edna0078,ASV275,motu244,Ophiopholis kennerlyi,Daisy brittle star,species,NA,NA,NA,1,NA,NA,NA,NA,8,NA,NA,Ophiopholis kennerlyi,Daisy brittle star,2018_triquet_surface,triquet,kelp,2018-07-16,NA,2018,surface,2,edna_triquet_30,surface,biological,14.6,30.7,8.15,NA,NA,NA,5,1000,0,51.80345632,-128.2547138,rock,NA,NA,NA,macroalgae,macrocystis,macroalgae_rock,macrocystis_rock,100,1.96163e-160,313,Metazoa,Echinodermata,Echinodermata,Amphilepidida,Ophiopholidae,Ophiopholis,0,0,TRUE,ASV275,7,Ophiopholis kennerlyi
edna0078,ASV386,motu316,Hiatella,Clam species,genus,NA,NA,NA,1,NA,NA,NA,NA,17,NA,NA,Hiatella,Clam species,2018_triquet_surface,triquet,kelp,2018-07-16,NA,2018,surface,2,edna_triquet_30,surface,biological,14.6,30.7,8.15,NA,NA,NA,5,1000,0,51.80345632,-128.2547138,rock,NA,NA,NA,macroalgae,macrocystis,macroalgae_rock,macrocystis_rock,100,9.027749999999999e-159,310,Metazoa,Mollusca,Bivalvia,Adapedonta,Hiatellidae,Hiatella,0,0,TRUE,ASV357,9,NA
edna0078,ASV770,motu609,Hiatella,Clam species,genus,NA,NA,NA,1,NA,NA,NA,NA,14,NA,NA,Hiatella,Clam species,2018_triquet_surface,triquet,kelp,2018-07-16,NA,2018,surface,2,edna_triquet_30,surface,biological,14.6,30.7,8.15,NA,NA,NA,5,1000,0,51.80345632,-128.2547138,rock,NA,NA,NA,macroalgae,macrocystis,macroalgae_rock,macrocystis_rock,100,9.027749999999999e-159,310,Metazoa,Mollusca,Bivalvia,Adapedonta,Hiatellidae,Hiatella,0,0,TRUE,ASV699,4,NA
edna0078,ASV4786,motu3701,Potential chimera,Potential chimera,species,NA,NA,NA,1,NA,NA,NA,NA,4,NA,NA,Potential chimera,Potential chimera,2018_triquet_surface,triquet,kelp,2018-07-16,NA,2018,surface,2,edna_triquet_30,surface,biological,14.6,30.7,8.15,NA,NA,NA,5,1000,0,51.80345632,-128.2547138,rock,NA,NA,NA,macroalgae,macrocystis,macroalgae_rock,macrocystis_rock,94.44,0.00380707,30,Metazoa,Arthropoda,Arthropoda,Decapoda,NA,NA,0,0,TRUE,ASV4786,1,Potential chimera
edna0078,ASV5279,motu4055,Campanulariidae,Thecate Hydroid,family,NA,NA,NA,1,NA,NA,NA,NA,3,NA,NA,Campanulariidae,Thecate Hydroid,2018_triquet_surface,triquet,kelp,2018-07-16,NA,2018,surface,2,edna_triquet_30,surface,biological,14.6,30.7,8.15,NA,NA,NA,5,1000,0,51.80345632,-128.2547138,rock,NA,NA,NA,macroalgae,macrocystis,macroalgae_rock,macrocystis_rock,90.82,2.6547299999999994e-109,221,Metazoa,Cnidaria,Cnidaria,Leptothecata,Campanulariidae,NA,0,0,TRUE,ASV5279,1,NA
edna0079,ASV1057,motu909,Orobdella,Freshwater leech,genus,NA,NA,NA,1,NA,NA,NA,NA,13,NA,21,Orobdella,Freshwater leech,2018_triquet_depth,triquet,kelp,2018-07-16,NA,2018,depth,2,edna_triquet_00,depth,biological,13.4,31.1,8.14,NA,NA,NA,5,1000,0,51.80359931,-128.2543249,rock,NA,NA,NA,macroalgae,macrocystis,macroalgae_rock,macrocystis_rock,97.06,0.0011939,31,Metazoa,Annelida,Annelida,Erpobdelliformes,Orobdellidae,Orobdella,NA,NA,TRUE,ASV1057,1,NA
edna0079,ASV3124,motu2511,Pollicipes polymerus,Gooseneck barnacle,species,NA,NA,NA,1,NA,NA,NA,NA,32,NA,44,Pollicipes polymerus,Gooseneck barnacle,2018_triquet_depth,triquet,kelp,2018-07-16,NA,2018,depth,2,edna_triquet_00,depth,biological,13.4,31.1,8.14,NA,NA,NA,5,1000,0,51.80359931,-128.2543249,rock,NA,NA,NA,macroalgae,macrocystis,macroalgae_rock,macrocystis_rock,100,3.2351099999999996e-158,309,Metazoa,Arthropoda,Thecostraca,Pollicipedomorpha,Pollicipedidae,Pollicipes,0,0,TRUE,ASV3124,1,Pollicipes polymerus
edna0079,ASV4124,motu3235,Pollicipes polymerus,Gooseneck barnacle,species,NA,NA,NA,1,NA,NA,NA,NA,29,NA,24,Pollicipes polymerus,Gooseneck barnacle,2018_triquet_depth,triquet,kelp,2018-07-16,NA,2018,depth,2,edna_triquet_00,depth,biological,13.4,31.1,8.14,NA,NA,NA,5,1000,0,51.80359931,-128.2543249,rock,NA,NA,NA,macroalgae,macrocystis,macroalgae_rock,macrocystis_rock,100,3.2351099999999996e-158,309,Metazoa,Arthropoda,Thecostraca,Pollicipedomorpha,Pollicipedidae,Pollicipes,0,0,TRUE,ASV4124,1,Pollicipes polymerus
edna0079,ASV3534,motu2809,Polypogon,Hexapod,genus,NA,NA,NA,1,NA,NA,NA,NA,8,NA,NA,Polypogon,Hexapod,2018_triquet_depth,triquet,kelp,2018-07-16,NA,2018,depth,2,edna_triquet_00,depth,biological,13.4,31.1,8.14,NA,NA,NA,5,1000,0,51.80359931,-128.2543249,rock,NA,NA,NA,macroalgae,macrocystis,macroalgae_rock,macrocystis_rock,95.12,6.79151e-6,35,Metazoa,Arthropoda,Arthropoda,Lepidoptera,Noctuoidea,Polypogon,NA,NA,TRUE,ASV3534,1,NA
edna0079,ASV5143,motu3958,Chaetognatha,Arrow worm,phylum,NA,NA,NA,1,NA,NA,NA,NA,11,NA,NA,Chaetognatha,Arrow worm,2018_triquet_depth,triquet,kelp,2018-07-16,NA,2018,depth,2,edna_triquet_00,depth,biological,13.4,31.1,8.14,NA,NA,NA,5,1000,0,51.80359931,-128.2543249,rock,NA,NA,NA,macroalgae,macrocystis,macroalgae_rock,macrocystis_rock,96.02,7.533609999999999e-85,177,Metazoa,Chaetognatha,NA,NA,NA,NA,0,0,TRUE,ASV5143,1,NA
edna0081,ASV6833,motu5313,Apoidea,Hexapod,family,NA,NA,NA,1,NA,NA,NA,NA,3,NA,2,Apoidea,Hexapod,2018_triquet_depth,triquet,kelp,2018-07-16,NA,2018,depth,3,edna_triquet_30,depth,biological,13.3,31.07,8.14,NA,NA,NA,5.6,1000,0,51.80345632,-128.2547138,rock,NA,NA,NA,macroalgae,macrocystis,macroalgae_rock,macrocystis_rock,100,0.0142932,29,Metazoa,Arthropoda,Arthropoda,Hymenoptera,Apoidea,NA,NA,NA,TRUE,ASV6833,1,NA
edna0082,ASV1152,motu987,Halosydna brevisetosa,Shortscaled worm,species,NA,NA,NA,1,NA,NA,NA,NA,46,NA,NA,Halosydna brevisetosa,Shortscaled worm,2018_manley_surface,manley,kelp,2018-07-16,NA,2018,surface,1,edna_manley_00,surface,biological,13.8,30.69,8.22,11.6,31.19,8.07,7.5,1000,0,51.80108298,-128.1997573,rock,NA,NA,NA,macroalgae,macrocystis,macroalgae_rock,macrocystis_rock,100,3.2351099999999996e-158,309,Metazoa,Annelida,Polychaeta,Phyllodocida,Polynoidae,Halosydna,0,0,TRUE,ASV1152,1,Halosydna brevisetosa
edna0082,ASV1923,motu1600,Nudibranchia,Nudibranch species,order,NA,NA,NA,1,NA,NA,NA,NA,2,NA,NA,Nudibranchia,Nudibranch species,2018_manley_surface,manley,kelp,2018-07-16,NA,2018,surface,1,edna_manley_00,surface,biological,13.8,30.69,8.22,11.6,31.19,8.07,7.5,1000,0,51.80108298,-128.1997573,rock,NA,NA,NA,macroalgae,macrocystis,macroalgae_rock,macrocystis_rock,100,1.96163e-160,313,Metazoa,Mollusca,Mollusca,Nudibranchia,NA,NA,0,0,TRUE,ASV1923,1,NA
edna0083,ASV674,motu334,Synchaeta pectinata,Rotifer,species,NA,NA,NA,1,NA,NA,NA,NA,5,NA,NA,Synchaeta pectinata,Rotifer,2018_manley_surface,manley,kelp,2018-07-16,NA,2018,surface,2,edna_manley_15,surface,biological,14.4,30.5,8.25,11.5,31.15,8.06,5.7,1000,0,51.80121719,-128.199621,rock,NA,NA,NA,macroalgae,macrocystis,macroalgae_rock,macrocystis_rock,90.79,3.5361899999999996e-113,228,Metazoa,Rotifera,Eurotatoria,Ploima,Synchaetidae,Synchaeta,0,0,TRUE,ASV377,5,Synchaeta pectinata
edna0083,ASV1057,motu909,Orobdella,Freshwater leech,genus,NA,NA,NA,1,NA,NA,NA,NA,13,NA,NA,Orobdella,Freshwater leech,2018_manley_surface,manley,kelp,2018-07-16,NA,2018,surface,2,edna_manley_15,surface,biological,14.4,30.5,8.25,11.5,31.15,8.06,5.7,1000,0,51.80121719,-128.199621,rock,NA,NA,NA,macroalgae,macrocystis,macroalgae_rock,macrocystis_rock,97.06,0.0011939,31,Metazoa,Annelida,Annelida,Erpobdelliformes,Orobdellidae,Orobdella,NA,NA,TRUE,ASV1057,1,NA
edna0083,ASV1408,motu343,Dodecaceria,Cirratulid polychaete,genus,NA,NA,NA,1,NA,NA,NA,NA,172,NA,NA,Dodecaceria,Cirratulid polychaete,2018_manley_surface,manley,kelp,2018-07-16,NA,2018,surface,2,edna_manley_15,surface,biological,14.4,30.5,8.25,11.5,31.15,8.06,5.7,1000,0,51.80121719,-128.199621,rock,NA,NA,NA,macroalgae,macrocystis,macroalgae_rock,macrocystis_rock,100,7.02982e-160,312,Metazoa,Annelida,Polychaeta,Terebellida,Cirratulidae,Dodecaceria,0,0,TRUE,ASV390,6,NA
edna0083,ASV1893,motu1556,Dodecaceria,Cirratulid polychaete,genus,NA,NA,NA,1,NA,NA,NA,NA,86,NA,100,Dodecaceria,Cirratulid polychaete,2018_manley_surface,manley,kelp,2018-07-16,NA,2018,surface,2,edna_manley_15,surface,biological,14.4,30.5,8.25,11.5,31.15,8.06,5.7,1000,0,51.80121719,-128.199621,rock,NA,NA,NA,macroalgae,macrocystis,macroalgae_rock,macrocystis_rock,100,7.02982e-160,312,Metazoa,Annelida,Polychaeta,Terebellida,Cirratulidae,Dodecaceria,0,0,TRUE,ASV1870,5,NA
edna0083,ASV2222,motu1832,Phascolosoma (Phascolosoma) agassizii,Agassiz peanut worm,species,NA,NA,NA,1,NA,NA,NA,NA,58,NA,NA,Phascolosoma (Phascolosoma) agassizii,Agassiz peanut worm,2018_manley_surface,manley,kelp,2018-07-16,NA,2018,surface,2,edna_manley_15,surface,biological,14.4,30.5,8.25,11.5,31.15,8.06,5.7,1000,0,51.80121719,-128.199621,rock,NA,NA,NA,macroalgae,macrocystis,macroalgae_rock,macrocystis_rock,99.68,9.126599999999999e-159,310,Metazoa,Annelida,NA,Sipuncula,Phascolosomatidae,Phascolosoma,0,0,TRUE,ASV2222,2,Phascolosoma (Phascolosoma) agassizii
edna0083,ASV3903,motu3067,Potential chimera,Potential chimera,species,NA,NA,NA,1,NA,NA,NA,NA,8,NA,NA,Potential chimera,Potential chimera,2018_manley_surface,manley,kelp,2018-07-16,NA,2018,surface,2,edna_manley_15,surface,biological,14.4,30.5,8.25,11.5,31.15,8.06,5.7,1000,0,51.80121719,-128.199621,rock,NA,NA,NA,macroalgae,macrocystis,macroalgae_rock,macrocystis_rock,94.44,0.00380707,30,Metazoa,Arthropoda,Arthropoda,Decapoda,NA,NA,0,0,TRUE,ASV3903,1,Potential chimera
edna0083,ASV5279,motu4055,Campanulariidae,Thecate Hydroid,family,NA,NA,NA,1,NA,NA,NA,NA,4,NA,NA,Campanulariidae,Thecate Hydroid,2018_manley_surface,manley,kelp,2018-07-16,NA,2018,surface,2,edna_manley_15,surface,biological,14.4,30.5,8.25,11.5,31.15,8.06,5.7,1000,0,51.80121719,-128.199621,rock,NA,NA,NA,macroalgae,macrocystis,macroalgae_rock,macrocystis_rock,90.82,2.6547299999999994e-109,221,Metazoa,Cnidaria,Cnidaria,Leptothecata,Campanulariidae,NA,0,0,TRUE,ASV5279,1,NA
edna0083,ASV5401,motu4147,Thecostraca,Thecostracan crustacean species,class,NA,NA,NA,1,NA,NA,NA,NA,4,NA,NA,Thecostraca,Thecostracan crustacean species,2018_manley_surface,manley,kelp,2018-07-16,NA,2018,surface,2,edna_manley_15,surface,biological,14.4,30.5,8.25,11.5,31.15,8.06,5.7,1000,0,51.80121719,-128.199621,rock,NA,NA,NA,macroalgae,macrocystis,macroalgae_rock,macrocystis_rock,97.22,8.40478e-5,33,Metazoa,Arthropoda,Arthropoda,NA,NA,NA,0,0,TRUE,ASV5401,3,NA
edna0083,ASV7516,motu5886,Iberus,Sea snail species,genus,NA,NA,NA,1,NA,NA,NA,NA,4,NA,NA,Iberus,Sea snail species,2018_manley_surface,manley,kelp,2018-07-16,NA,2018,surface,2,edna_manley_15,surface,biological,14.4,30.5,8.25,11.5,31.15,8.06,5.7,1000,0,51.80121719,-128.199621,rock,NA,NA,NA,macroalgae,macrocystis,macroalgae_rock,macrocystis_rock,100,0.00115934,31,Metazoa,Mollusca,Mollusca,Stylommatophora,Helicidae,Iberus,0,1,TRUE,ASV7516,1,NA
edna0083,ASV6797,motu5282,Cecidomyiidae,Hexapod,genus,NA,NA,NA,1,NA,NA,NA,NA,3,NA,NA,Cecidomyiidae,Hexapod,2018_manley_surface,manley,kelp,2018-07-16,NA,2018,surface,2,edna_manley_15,surface,biological,14.4,30.5,8.25,11.5,31.15,8.06,5.7,1000,0,51.80121719,-128.199621,rock,NA,NA,NA,macroalgae,macrocystis,macroalgae_rock,macrocystis_rock,95,2.49185e-5,34,Metazoa,Arthropoda,Arthropoda,Diptera,Cecidomyiidae,Cecidomyiidae,NA,NA,TRUE,ASV6797,1,NA
edna0084,ASV1184,motu1012,Balanus nubilus,Giant acorn barnacle,species,NA,NA,NA,1,NA,NA,NA,NA,89,NA,NA,Balanus nubilus,Giant acorn barnacle,2018_manley_surface,manley,kelp,2018-07-16,NA,2018,surface,3,edna_manley_30,surface,biological,14.2,30.63,8.22,12.7,30.95,8.16,5.7,1000,0,51.80136642,-128.199517,rock,NA,NA,NA,macroalgae,macrocystis,macroalgae_rock,macrocystis_rock,99.03,3.258079999999998e-153,300,Metazoa,Arthropoda,Thecostraca,Balanomorpha,Balanidae,Balanus,0,0,TRUE,ASV1184,2,Balanus nubilus
edna0084,ASV1057,motu909,Orobdella,Freshwater leech,genus,NA,NA,NA,1,NA,NA,NA,NA,22,NA,NA,Orobdella,Freshwater leech,2018_manley_surface,manley,kelp,2018-07-16,NA,2018,surface,3,edna_manley_30,surface,biological,14.2,30.63,8.22,12.7,30.95,8.16,5.7,1000,0,51.80136642,-128.199517,rock,NA,NA,NA,macroalgae,macrocystis,macroalgae_rock,macrocystis_rock,97.06,0.0011939,31,Metazoa,Annelida,Annelida,Erpobdelliformes,Orobdellidae,Orobdella,NA,NA,TRUE,ASV1057,1,NA
edna0084,ASV1501,motu1268,Dodecaceria,Cirratulid polychaete,genus,NA,NA,NA,1,NA,NA,NA,NA,376,NA,NA,Dodecaceria,Cirratulid polychaete,2018_manley_surface,manley,kelp,2018-07-16,NA,2018,surface,3,edna_manley_30,surface,biological,14.2,30.63,8.22,12.7,30.95,8.16,5.7,1000,0,51.80136642,-128.199517,rock,NA,NA,NA,macroalgae,macrocystis,macroalgae_rock,macrocystis_rock,100,2.51921e-159,311,Metazoa,Annelida,Polychaeta,Terebellida,Cirratulidae,Dodecaceria,0,0,TRUE,ASV1501,1,NA
edna0084,ASV1893,motu1556,Dodecaceria,Cirratulid polychaete,genus,NA,NA,NA,1,NA,NA,NA,NA,53,NA,NA,Dodecaceria,Cirratulid polychaete,2018_manley_surface,manley,kelp,2018-07-16,NA,2018,surface,3,edna_manley_30,surface,biological,14.2,30.63,8.22,12.7,30.95,8.16,5.7,1000,0,51.80136642,-128.199517,rock,NA,NA,NA,macroalgae,macrocystis,macroalgae_rock,macrocystis_rock,100,7.02982e-160,312,Metazoa,Annelida,Polychaeta,Terebellida,Cirratulidae,Dodecaceria,0,0,TRUE,ASV1870,5,NA
edna0084,ASV1467,motu1238,Tubulanus sexlineatus,Six lined ribbon worm,species,NA,NA,NA,1,NA,NA,NA,NA,2,NA,NA,Tubulanus sexlineatus,Six lined ribbon worm,2018_manley_surface,manley,kelp,2018-07-16,NA,2018,surface,3,edna_manley_30,surface,biological,14.2,30.63,8.22,12.7,30.95,8.16,5.7,1000,0,51.80136642,-128.199517,rock,NA,NA,NA,macroalgae,macrocystis,macroalgae_rock,macrocystis_rock,100,1.96163e-160,313,Metazoa,Nemertea,Palaeonemertea,Tubulaniformes,Tubulanidae,Tubulanus,0,0,TRUE,ASV1467,1,Tubulanus sexlineatus
edna0084,ASV2169,motu1787,Halosydna brevisetosa,Shortscaled worm,species,NA,NA,NA,1,NA,NA,NA,NA,60,NA,102,Halosydna brevisetosa,Shortscaled worm,2018_manley_surface,manley,kelp,2018-07-16,NA,2018,surface,3,edna_manley_30,surface,biological,14.2,30.63,8.22,12.7,30.95,8.16,5.7,1000,0,51.80136642,-128.199517,rock,NA,NA,NA,macroalgae,macrocystis,macroalgae_rock,macrocystis_rock,100,2.51921e-159,311,Metazoa,Annelida,Polychaeta,Phyllodocida,Polynoidae,Halosydna,0,0,TRUE,ASV2169,1,Halosydna brevisetosa
edna0084,ASV2907,motu944,Dodecaceria,Cirratulid polychaete,genus,NA,NA,NA,1,NA,NA,NA,NA,53,NA,NA,Dodecaceria,Cirratulid polychaete,2018_manley_surface,manley,kelp,2018-07-16,NA,2018,surface,3,edna_manley_30,surface,biological,14.2,30.63,8.22,12.7,30.95,8.16,5.7,1000,0,51.80136642,-128.199517,rock,NA,NA,NA,macroalgae,macrocystis,macroalgae_rock,macrocystis_rock,100,7.02982e-160,312,Metazoa,Annelida,Polychaeta,Terebellida,Cirratulidae,Dodecaceria,0,0,TRUE,ASV1097,6,NA
edna0084,ASV3558,motu2826,Myxicola aesthetica,Feather duster worm,species,NA,NA,NA,1,NA,NA,NA,NA,80,NA,NA,Myxicola aesthetica,Feather duster worm,2018_manley_surface,manley,kelp,2018-07-16,NA,2018,surface,3,edna_manley_30,surface,biological,14.2,30.63,8.22,12.7,30.95,8.16,5.7,1000,0,51.80136642,-128.199517,rock,NA,NA,NA,macroalgae,macrocystis,macroalgae_rock,macrocystis_rock,100,2.51921e-159,311,Metazoa,Annelida,Polychaeta,Sabellida,Sabellidae,Myxicola,0,0,TRUE,ASV3558,1,Myxicola aesthetica
edna0084,ASV4124,motu3235,Pollicipes polymerus,Gooseneck barnacle,species,NA,NA,NA,1,NA,NA,NA,NA,13,NA,NA,Pollicipes polymerus,Gooseneck barnacle,2018_manley_surface,manley,kelp,2018-07-16,NA,2018,surface,3,edna_manley_30,surface,biological,14.2,30.63,8.22,12.7,30.95,8.16,5.7,1000,0,51.80136642,-128.199517,rock,NA,NA,NA,macroalgae,macrocystis,macroalgae_rock,macrocystis_rock,100,3.2351099999999996e-158,309,Metazoa,Arthropoda,Thecostraca,Pollicipedomorpha,Pollicipedidae,Pollicipes,0,0,TRUE,ASV4124,1,Pollicipes polymerus
edna0084,ASV4786,motu3701,Potential chimera,Potential chimera,species,NA,NA,NA,1,NA,NA,NA,NA,6,NA,NA,Potential chimera,Potential chimera,2018_manley_surface,manley,kelp,2018-07-16,NA,2018,surface,3,edna_manley_30,surface,biological,14.2,30.63,8.22,12.7,30.95,8.16,5.7,1000,0,51.80136642,-128.199517,rock,NA,NA,NA,macroalgae,macrocystis,macroalgae_rock,macrocystis_rock,94.44,0.00380707,30,Metazoa,Arthropoda,Arthropoda,Decapoda,NA,NA,0,0,TRUE,ASV4786,1,Potential chimera
edna0084,ASV5406,motu1483,Orthopyxis,Thecate Hydroid,genus,NA,NA,NA,1,NA,NA,NA,NA,3,NA,4,Orthopyxis,Thecate Hydroid,2018_manley_surface,manley,kelp,2018-07-16,NA,2018,surface,3,edna_manley_30,surface,biological,14.2,30.63,8.22,12.7,30.95,8.16,5.7,1000,0,51.80136642,-128.199517,rock,NA,NA,NA,macroalgae,macrocystis,macroalgae_rock,macrocystis_rock,95.53,4.36807e-137,271,Metazoa,Cnidaria,Cnidaria,Leptothecata,Campanulariidae,Orthopyxis,0,0,TRUE,ASV1779,2,NA
edna0084,ASV6393,motu2841,Membranipora membranacea,Coffin box bryozoan,species,NA,NA,NA,1,NA,NA,NA,NA,6,NA,10,Membranipora membranacea,Coffin box bryozoan,2018_manley_surface,manley,kelp,2018-07-16,NA,2018,surface,3,edna_manley_30,surface,biological,14.2,30.63,8.22,12.7,30.95,8.16,5.7,1000,0,51.80136642,-128.199517,rock,NA,NA,NA,macroalgae,macrocystis,macroalgae_rock,macrocystis_rock,99.28,3.44472e-138,273,Metazoa,Bryozoa,Gymnolaemata,Cheilostomatida,Membraniporidae,Membranipora,0,0,TRUE,ASV3586,2,Membranipora membranacea
edna0084,ASV6844,motu190,Mytilus trossulus,Bay mussel,species,NA,NA,NA,1,NA,NA,NA,NA,4,NA,8,Mytilus trossulus,Bay mussel,2018_manley_surface,manley,kelp,2018-07-16,NA,2018,surface,3,edna_manley_30,surface,biological,14.2,30.63,8.22,12.7,30.95,8.16,5.7,1000,0,51.80136642,-128.199517,rock,NA,NA,NA,macroalgae,macrocystis,macroalgae_rock,macrocystis_rock,100,3.30025e-158,309,Metazoa,Mollusca,Mollusca,Mytilida,Mytilidae,Mytilus,0,0,TRUE,ASV216,23,Mytilus trossulus
edna0084,ASV7771,motu6117,Timea,Sponge,genus,NA,NA,NA,1,NA,NA,NA,NA,3,NA,NA,Timea,Sponge,2018_manley_surface,manley,kelp,2018-07-16,NA,2018,surface,3,edna_manley_30,surface,biological,14.2,30.63,8.22,12.7,30.95,8.16,5.7,1000,0,51.80136642,-128.199517,rock,NA,NA,NA,macroalgae,macrocystis,macroalgae_rock,macrocystis_rock,99.68,9.310369999999999e-159,310,Metazoa,Porifera,Demospongiae,Tethyida,Timeidae,Timea,0,0,TRUE,ASV7771,1,NA
edna0085,ASV613,motu536,Sabellariidae,Feather duster worm,family,NA,NA,NA,1,NA,NA,NA,NA,39,NA,58,Sabellariidae,Feather duster worm,2018_womanley_surface,womanley,kelp,2018-07-16,NA,2018,surface,1,edna_womanley_00,surface,biological,14.3,29.8,8.23,12.7,30.84,8.17,7.5,1000,0,51.80250464,-128.2000768,rock,NA,NA,NA,macroalgae,macrocystis,macroalgae_rock,macrocystis_rock,99.68,1.5051499999999994e-156,306,Metazoa,Annelida,Polychaeta,NA,Sabellariidae,NA,0,0,TRUE,ASV613,7,NA
edna0085,ASV838,motu729,Strongylocentrotus purpuratus,Purple sea urchin,species,NA,NA,NA,1,NA,NA,NA,NA,12,NA,10,Strongylocentrotus purpuratus,Purple sea urchin,2018_womanley_surface,womanley,kelp,2018-07-16,NA,2018,surface,1,edna_womanley_00,surface,biological,14.3,29.8,8.23,12.7,30.84,8.17,7.5,1000,0,51.80250464,-128.2000768,rock,NA,NA,NA,macroalgae,macrocystis,macroalgae_rock,macrocystis_rock,100,1.96163e-160,313,Metazoa,Echinodermata,Echinoidea,Camarodonta,Strongylocentrotidae,Strongylocentrotus,0,0,TRUE,ASV838,2,Strongylocentrotus purpuratus
edna0085,ASV1082,motu932,Obelia dichotoma,Sea thread hydroid,species,NA,NA,NA,1,NA,NA,NA,NA,7,NA,NA,Obelia dichotoma,Sea thread hydroid,2018_womanley_surface,womanley,kelp,2018-07-16,NA,2018,surface,1,edna_womanley_00,surface,biological,14.3,29.8,8.23,12.7,30.84,8.17,7.5,1000,0,51.80250464,-128.2000768,rock,NA,NA,NA,macroalgae,macrocystis,macroalgae_rock,macrocystis_rock,100,5.353989999999996e-156,305,Metazoa,Cnidaria,Hydrozoa,Leptothecata,Campanulariidae,Obelia,0,0,TRUE,ASV1082,1,Obelia dichotoma
edna0085,ASV939,motu816,Ergasilida,Cyclopoid copepod,order,NA,NA,NA,1,NA,NA,NA,NA,17,NA,NA,Ergasilida,Cyclopoid copepod,2018_womanley_surface,womanley,kelp,2018-07-16,NA,2018,surface,1,edna_womanley_00,surface,biological,14.3,29.8,8.23,12.7,30.84,8.17,7.5,1000,0,51.80250464,-128.2000768,rock,NA,NA,NA,macroalgae,macrocystis,macroalgae_rock,macrocystis_rock,100,1.96163e-160,313,Metazoa,Arthropoda,Copepoda,Cyclopoida,NA,NA,0,0,FALSE,ASV939,1,NA
edna0085,ASV1740,motu1396,Acartia (Acartiura) longiremis,Calanoid copepod,species,NA,NA,NA,1,NA,NA,NA,NA,57,NA,NA,Acartia (Acartiura) longiremis,Calanoid copepod,2018_womanley_surface,womanley,kelp,2018-07-16,NA,2018,surface,1,edna_womanley_00,surface,biological,14.3,29.8,8.23,12.7,30.84,8.17,7.5,1000,0,51.80250464,-128.2000768,rock,NA,NA,NA,macroalgae,macrocystis,macroalgae_rock,macrocystis_rock,99.36,1.1805999999999995e-157,308,Metazoa,Arthropoda,Copepoda,Calanoida,Acartiidae,Acartia,0,0,TRUE,ASV1668,3,Acartia (Acartiura) longiremis
edna0085,ASV1950,motu1620,Haliotis kamtschatkana,Northern abalone,species,NA,NA,NA,1,NA,NA,NA,NA,72,NA,NA,Haliotis kamtschatkana,Northern abalone,2018_womanley_surface,womanley,kelp,2018-07-16,NA,2018,surface,1,edna_womanley_00,surface,biological,14.3,29.8,8.23,12.7,30.84,8.17,7.5,1000,0,51.80250464,-128.2000768,rock,NA,NA,NA,macroalgae,macrocystis,macroalgae_rock,macrocystis_rock,100,7.02982e-160,312,Metazoa,Mollusca,Mollusca,Lepetellida,Haliotidae,Haliotis,0,0,TRUE,ASV1950,2,Haliotis kamtschatkana
edna0085,ASV2719,motu343,Dodecaceria,Cirratulid polychaete,genus,NA,NA,NA,1,NA,NA,NA,NA,21,NA,NA,Dodecaceria,Cirratulid polychaete,2018_womanley_surface,womanley,kelp,2018-07-16,NA,2018,surface,1,edna_womanley_00,surface,biological,14.3,29.8,8.23,12.7,30.84,8.17,7.5,1000,0,51.80250464,-128.2000768,rock,NA,NA,NA,macroalgae,macrocystis,macroalgae_rock,macrocystis_rock,100,7.02982e-160,312,Metazoa,Annelida,Polychaeta,Terebellida,Cirratulidae,Dodecaceria,0,0,TRUE,ASV390,6,NA
edna0085,ASV2422,motu796,Panopea generosa,Pacific geoduck,species,NA,NA,NA,1,NA,NA,NA,NA,7,NA,7,Panopea generosa,Pacific geoduck,2018_womanley_surface,womanley,kelp,2018-07-16,NA,2018,surface,1,edna_womanley_00,surface,biological,14.3,29.8,8.23,12.7,30.84,8.17,7.5,1000,0,51.80250464,-128.2000768,rock,NA,NA,NA,macroalgae,macrocystis,macroalgae_rock,macrocystis_rock,100,2.51921e-159,311,Metazoa,Mollusca,Bivalvia,Adapedonta,Hiatellidae,Panopea,0,0,TRUE,ASV916,4,Panopea generosa
edna0085,ASV3558,motu2826,Myxicola aesthetica,Feather duster worm,species,NA,NA,NA,1,NA,NA,NA,NA,6,NA,NA,Myxicola aesthetica,Feather duster worm,2018_womanley_surface,womanley,kelp,2018-07-16,NA,2018,surface,1,edna_womanley_00,surface,biological,14.3,29.8,8.23,12.7,30.84,8.17,7.5,1000,0,51.80250464,-128.2000768,rock,NA,NA,NA,macroalgae,macrocystis,macroalgae_rock,macrocystis_rock,100,2.51921e-159,311,Metazoa,Annelida,Polychaeta,Sabellida,Sabellidae,Myxicola,0,0,TRUE,ASV3558,1,Myxicola aesthetica
edna0085,ASV4209,motu3301,Neosabellaria cementarium,Cemented sandmason tubeworm,species,NA,NA,NA,1,NA,NA,NA,NA,5,NA,NA,Neosabellaria cementarium,Cemented sandmason tubeworm,2018_womanley_surface,womanley,kelp,2018-07-16,NA,2018,surface,1,edna_womanley_00,surface,biological,14.3,29.8,8.23,12.7,30.84,8.17,7.5,1000,0,51.80250464,-128.2000768,rock,NA,NA,NA,macroalgae,macrocystis,macroalgae_rock,macrocystis_rock,98.4,4.27634e-152,298,Metazoa,Annelida,Polychaeta,NA,Sabellariidae,Neosabellaria,0,0,TRUE,ASV4209,1,Neosabellaria cementarium
edna0085,ASV5536,motu3498,Ophiopholis kennerlyi,Daisy brittle star,species,NA,NA,NA,1,NA,NA,NA,NA,27,NA,NA,Ophiopholis kennerlyi,Daisy brittle star,2018_womanley_surface,womanley,kelp,2018-07-16,NA,2018,surface,1,edna_womanley_00,surface,biological,14.3,29.8,8.23,12.7,30.84,8.17,7.5,1000,0,51.80250464,-128.2000768,rock,NA,NA,NA,macroalgae,macrocystis,macroalgae_rock,macrocystis_rock,99.36,4.246189999999999e-157,307,Metazoa,Echinodermata,Echinodermata,Amphilepidida,Ophiopholidae,Ophiopholis,0,0,TRUE,ASV4496,2,Ophiopholis kennerlyi
edna0086,ASV280,motu190,Mytilus,Mussel species,genus,NA,NA,NA,1,NA,NA,NA,NA,8,NA,10,Mytilus trossulus,Bay mussel,2018_womanley_surface,womanley,kelp,2018-07-16,NA,2018,surface,2,edna_womanley_15,surface,biological,14.4,30.54,8.23,12.5,31.11,8.1,7.5,1000,0,51.80239228,-128.2001006,rock,NA,NA,NA,macroalgae,macrocystis,macroalgae_rock,macrocystis_rock,100,3.2351099999999996e-158,309,Metazoa,Mollusca,Mollusca,Mytilida,Mytilidae,Mytilus,0,0,TRUE,ASV216,23,NA
edna0086,ASV716,motu622,Chone magna,Feather duster worm,species,NA,NA,NA,1,NA,NA,NA,NA,3,NA,NA,Chone magna,Feather duster worm,2018_womanley_surface,womanley,kelp,2018-07-16,NA,2018,surface,2,edna_womanley_15,surface,biological,14.4,30.54,8.23,12.5,31.11,8.1,7.5,1000,0,51.80239228,-128.2001006,rock,NA,NA,NA,macroalgae,macrocystis,macroalgae_rock,macrocystis_rock,100,1.96163e-160,313,Metazoa,Annelida,Polychaeta,Sabellida,Sabellidae,Chone,0,0,TRUE,ASV716,2,Chone magna
edna0086,ASV1737,motu709,Chthamalus dalli,Little brown barnacle,species,NA,NA,NA,1,NA,NA,NA,NA,13,NA,13,Chthamalus dalli,Little brown barnacle,2018_womanley_surface,womanley,kelp,2018-07-16,NA,2018,surface,2,edna_womanley_15,surface,biological,14.4,30.54,8.23,12.5,31.11,8.1,7.5,1000,0,51.80239228,-128.2001006,rock,NA,NA,NA,macroalgae,macrocystis,macroalgae_rock,macrocystis_rock,99.01,2.4714899999999987e-149,293,Metazoa,Arthropoda,Thecostraca,Balanomorpha,Chthamalidae,Chthamalus,0,0,TRUE,ASV814,5,Chthamalus dalli
edna0086,ASV2376,motu1949,Euphausia pacifica,North Pacific krill,species,NA,NA,NA,1,NA,NA,NA,NA,4,NA,4,Euphausia pacifica,North Pacific krill,2018_womanley_surface,womanley,kelp,2018-07-16,NA,2018,surface,2,edna_womanley_15,surface,biological,14.4,30.54,8.23,12.5,31.11,8.1,7.5,1000,0,51.80239228,-128.2001006,rock,NA,NA,NA,macroalgae,macrocystis,macroalgae_rock,macrocystis_rock,100,3.2351099999999996e-158,309,Metazoa,Arthropoda,Malacostraca,Euphausiacea,Euphausiidae,Euphausia,0,0,TRUE,ASV2376,1,Euphausia pacifica
edna0086,ASV3017,motu2432,Euphausia pacifica,North Pacific krill,species,NA,NA,NA,1,NA,NA,NA,NA,7,NA,4,Euphausia pacifica,North Pacific krill,2018_womanley_surface,womanley,kelp,2018-07-16,NA,2018,surface,2,edna_womanley_15,surface,biological,14.4,30.54,8.23,12.5,31.11,8.1,7.5,1000,0,51.80239228,-128.2001006,rock,NA,NA,NA,macroalgae,macrocystis,macroalgae_rock,macrocystis_rock,100,3.2351099999999996e-158,309,Metazoa,Arthropoda,Malacostraca,Euphausiacea,Euphausiidae,Euphausia,0,0,TRUE,ASV3017,1,Euphausia pacifica
edna0086,ASV3036,motu2447,Saccocirrus,Polychaete,genus,NA,NA,NA,1,NA,NA,NA,NA,10,NA,NA,Saccocirrus,Polychaete,2018_womanley_surface,womanley,kelp,2018-07-16,NA,2018,surface,2,edna_womanley_15,surface,biological,14.4,30.54,8.23,12.5,31.11,8.1,7.5,1000,0,51.80239228,-128.2001006,rock,NA,NA,NA,macroalgae,macrocystis,macroalgae_rock,macrocystis_rock,100,2.4540699999999983e-154,302,Metazoa,Annelida,Polychaeta,NA,Saccocirridae,Saccocirrus,0,0,TRUE,ASV3036,1,NA
edna0086,ASV4494,motu3496,Ophiotrichidae,Brittle star species,family,NA,NA,NA,1,NA,NA,NA,NA,50,NA,NA,Ophiotrichidae,Brittle star species,2018_womanley_surface,womanley,kelp,2018-07-16,NA,2018,surface,2,edna_womanley_15,surface,biological,14.4,30.54,8.23,12.5,31.11,8.1,7.5,1000,0,51.80239228,-128.2001006,rock,NA,NA,NA,macroalgae,macrocystis,macroalgae_rock,macrocystis_rock,94.34,6.71929e-11,44,Metazoa,Echinodermata,Echinodermata,Amphilepidida,Ophiotrichidae,NA,0,0,TRUE,ASV4494,2,NA
edna0086,ASV4669,motu3626,Cerebratulus marginatus,Milky ribbon worm,species,NA,NA,NA,1,NA,NA,NA,NA,24,NA,21,Cerebratulus marginatus,Milky ribbon worm,2018_womanley_surface,womanley,kelp,2018-07-16,NA,2018,surface,2,edna_womanley_15,surface,biological,14.4,30.54,8.23,12.5,31.11,8.1,7.5,1000,0,51.80239228,-128.2001006,rock,NA,NA,NA,macroalgae,macrocystis,macroalgae_rock,macrocystis_rock,100,1.96163e-160,313,Metazoa,Nemertea,Pilidiophora,Heteronemertea,Lineidae,Cerebratulus,0,0,TRUE,ASV4669,1,Cerebratulus marginatus
edna0086,ASV5651,motu4338,Margarites,Sea snail species,genus,NA,NA,NA,1,NA,NA,NA,NA,11,NA,14,Margarites,Sea snail species,2018_womanley_surface,womanley,kelp,2018-07-16,NA,2018,surface,2,edna_womanley_15,surface,biological,14.4,30.54,8.23,12.5,31.11,8.1,7.5,1000,0,51.80239228,-128.2001006,rock,NA,NA,NA,macroalgae,macrocystis,macroalgae_rock,macrocystis_rock,100,1.96163e-160,313,Metazoa,Mollusca,Mollusca,Trochida,Margaritidae,Margarites,0,0,TRUE,ASV5651,1,NA
edna0086,ASV7516,motu5886,Iberus,Sea snail species,genus,NA,NA,NA,1,NA,NA,NA,NA,3,NA,NA,Iberus,Sea snail species,2018_womanley_surface,womanley,kelp,2018-07-16,NA,2018,surface,2,edna_womanley_15,surface,biological,14.4,30.54,8.23,12.5,31.11,8.1,7.5,1000,0,51.80239228,-128.2001006,rock,NA,NA,NA,macroalgae,macrocystis,macroalgae_rock,macrocystis_rock,100,0.00115934,31,Metazoa,Mollusca,Mollusca,Stylommatophora,Helicidae,Iberus,0,1,TRUE,ASV7516,1,NA
edna0087,ASV1893,motu1556,Dodecaceria,Cirratulid polychaete,genus,NA,NA,NA,1,NA,NA,NA,NA,17,NA,NA,Dodecaceria,Cirratulid polychaete,2018_womanley_surface,womanley,kelp,2018-07-16,NA,2018,surface,3,edna_womanley_30,surface,biological,14.4,30.55,8.24,12.1,31.7,8.1,6.5,1000,0,51.80230682,-128.2002313,rock,NA,NA,NA,macroalgae,macrocystis,macroalgae_rock,macrocystis_rock,100,7.02982e-160,312,Metazoa,Annelida,Polychaeta,Terebellida,Cirratulidae,Dodecaceria,0,0,TRUE,ASV1870,5,NA
edna0087,ASV2745,motu1809,Myxicola aesthetica,Feather duster worm,species,NA,NA,NA,1,NA,NA,NA,NA,162,NA,NA,Myxicola aesthetica,Feather duster worm,2018_womanley_surface,womanley,kelp,2018-07-16,NA,2018,surface,3,edna_womanley_30,surface,biological,14.4,30.55,8.24,12.1,31.7,8.1,6.5,1000,0,51.80230682,-128.2002313,rock,NA,NA,NA,macroalgae,macrocystis,macroalgae_rock,macrocystis_rock,100,5.334159999999996e-156,305,Metazoa,Annelida,Polychaeta,Sabellida,Sabellidae,Myxicola,0,0,TRUE,ASV2192,2,Myxicola aesthetica
edna0087,ASV1917,motu1595,Arthropoda,Unknown arthropod,phylum,NA,NA,NA,1,NA,NA,NA,NA,5,NA,NA,Arthropoda,Unknown arthropod,2018_womanley_surface,womanley,kelp,2018-07-16,NA,2018,surface,3,edna_womanley_30,surface,biological,14.4,30.55,8.24,12.1,31.7,8.1,6.5,1000,0,51.80230682,-128.2002313,rock,NA,NA,NA,macroalgae,macrocystis,macroalgae_rock,macrocystis_rock,95,2.34566e-5,34,Metazoa,Arthropoda,NA,NA,NA,NA,NA,NA,TRUE,ASV1917,1,NA
edna0087,ASV2953,motu2381,Ergasilida,Cyclopoid copepod,order,NA,NA,NA,1,NA,NA,NA,NA,4,NA,NA,Ergasilida,Cyclopoid copepod,2018_womanley_surface,womanley,kelp,2018-07-16,NA,2018,surface,3,edna_womanley_30,surface,biological,14.4,30.55,8.24,12.1,31.7,8.1,6.5,1000,0,51.80230682,-128.2002313,rock,NA,NA,NA,macroalgae,macrocystis,macroalgae_rock,macrocystis_rock,100,3.2351099999999996e-158,309,Metazoa,Arthropoda,Copepoda,Cyclopoida,NA,NA,0,0,FALSE,ASV2953,1,NA
edna0087,ASV4630,motu3594,Synchaeta vorax,Rotifer,species,NA,NA,NA,1,NA,NA,NA,NA,20,NA,26,Synchaeta vorax,Rotifer,2018_womanley_surface,womanley,kelp,2018-07-16,NA,2018,surface,3,edna_womanley_30,surface,biological,14.4,30.55,8.24,12.1,31.7,8.1,6.5,1000,0,51.80230682,-128.2002313,rock,NA,NA,NA,macroalgae,macrocystis,macroalgae_rock,macrocystis_rock,97.44,1.54337e-146,288,Metazoa,Rotifera,Eurotatoria,Ploima,Synchaetidae,Synchaeta,0,0,TRUE,ASV4630,1,Synchaeta vorax
edna0087,ASV4094,motu3212,Humilaria kennerleyi,Kennerleys venus,species,NA,NA,NA,1,NA,NA,NA,NA,10,NA,NA,Humilaria kennerleyi,Kennerleys venus,2018_womanley_surface,womanley,kelp,2018-07-16,NA,2018,surface,3,edna_womanley_30,surface,biological,14.4,30.55,8.24,12.1,31.7,8.1,6.5,1000,0,51.80230682,-128.2002313,rock,NA,NA,NA,macroalgae,macrocystis,macroalgae_rock,macrocystis_rock,100,5.334159999999996e-156,305,Metazoa,Mollusca,Bivalvia,Venerida,Veneridae,Humilaria,0,0,TRUE,ASV4094,1,Humilaria kennerleyi
edna0087,ASV3175,motu2541,Arthropoda,Unknown arthropod,phylum,NA,NA,NA,1,NA,NA,NA,NA,2,NA,NA,Arthropoda,Unknown arthropod,2018_womanley_surface,womanley,kelp,2018-07-16,NA,2018,surface,3,edna_womanley_30,surface,biological,14.4,30.55,8.24,12.1,31.7,8.1,6.5,1000,0,51.80230682,-128.2002313,rock,NA,NA,NA,macroalgae,macrocystis,macroalgae_rock,macrocystis_rock,100,0.014701,29,Metazoa,Arthropoda,NA,NA,NA,NA,NA,NA,TRUE,ASV3175,1,NA
edna0087,ASV6615,motu5126,Eulalia aviculiseta,Paddle worm,species,NA,NA,NA,1,NA,NA,NA,NA,5,NA,9,Eulalia aviculiseta,Paddle worm,2018_womanley_surface,womanley,kelp,2018-07-16,NA,2018,surface,3,edna_womanley_30,surface,biological,14.4,30.55,8.24,12.1,31.7,8.1,6.5,1000,0,51.80230682,-128.2002313,rock,NA,NA,NA,macroalgae,macrocystis,macroalgae_rock,macrocystis_rock,97.39,3.3339999999999982e-143,282,Metazoa,Annelida,Polychaeta,Phyllodocida,Phyllodocidae,Eulalia,0,0,TRUE,ASV6615,1,Eulalia aviculiseta
edna0088,ASV780,motu679,Aequorea,Crystal jelly species,genus,NA,NA,NA,1,NA,NA,NA,NA,3,NA,12,Aequorea,Crystal jelly species,2018_west_surface,west,kelp,2018-07-17,NA,2018,surface,1,edna_west_00,surface,biological,12.5,31.77,8.07,NA,NA,NA,4.8,1000,0,NA,NA,NA,NA,NA,NA,NA,NA,NA_NA,NA_NA,100,1.4886099999999998e-156,306,Metazoa,Cnidaria,Hydrozoa,Leptothecata,Aequoreidae,Aequorea,0,0,TRUE,ASV780,4,NA
edna0088,ASV1057,motu909,Orobdella,Freshwater leech,genus,NA,NA,NA,1,NA,NA,NA,NA,10,NA,NA,Orobdella,Freshwater leech,2018_west_surface,west,kelp,2018-07-17,NA,2018,surface,1,edna_west_00,surface,biological,12.5,31.77,8.07,NA,NA,NA,4.8,1000,0,NA,NA,NA,NA,NA,NA,NA,NA,NA_NA,NA_NA,97.06,0.0011939,31,Metazoa,Annelida,Annelida,Erpobdelliformes,Orobdellidae,Orobdella,NA,NA,TRUE,ASV1057,1,NA
edna0088,ASV2019,motu1116,Clytia gregaria,Gregarious jellyfish,species,NA,NA,NA,1,NA,NA,NA,NA,10,NA,NA,Clytia gregaria,Gregarious jellyfish,2018_west_surface,west,kelp,2018-07-17,NA,2018,surface,1,edna_west_00,surface,biological,12.5,31.77,8.07,NA,NA,NA,4.8,1000,0,NA,NA,NA,NA,NA,NA,NA,NA,NA_NA,NA_NA,99.35,3.22227e-153,300,Metazoa,Cnidaria,Cnidaria,Leptothecata,Campanulariidae,Clytia,0,0,TRUE,ASV1319,3,Clytia gregaria
edna0088,ASV5934,motu4562,Xingyurella,Thecate Hydroid,genus,NA,NA,NA,1,NA,NA,NA,NA,5,NA,NA,Xingyurella,Thecate Hydroid,2018_west_surface,west,kelp,2018-07-17,NA,2018,surface,1,edna_west_00,surface,biological,12.5,31.77,8.07,NA,NA,NA,4.8,1000,0,NA,NA,NA,NA,NA,NA,NA,NA,NA_NA,NA_NA,95.13,1.20545e-132,263,Metazoa,Cnidaria,Cnidaria,Leptothecata,Sertularellidae,Xingyurella,0,0,TRUE,ASV5934,1,NA
edna0089,ASV640,motu105,Mesocentrotus franciscanus,Red sea urchin,species,NA,NA,NA,1,NA,NA,NA,NA,4,NA,NA,Mesocentrotus franciscanus,Red sea urchin,2018_west_depth,west,kelp,2018-07-17,NA,2018,depth,1,edna_west_15,depth,biological,11.2,31.88,8.07,NA,NA,NA,4.8,1000,0,51.64898316,-128.1517294,NA,NA,NA,NA,macroalgae,macrocystis,macroalgae_NA,macrocystis_NA,100,1.96163e-160,313,Metazoa,Echinodermata,Echinoidea,Camarodonta,Strongylocentrotidae,Mesocentrotus,0,0,TRUE,ASV118,8,Mesocentrotus franciscanus
edna0089,ASV2881,motu2328,Coleoptera,Hexapod,order,NA,NA,NA,1,NA,NA,NA,NA,2,NA,4,Coleoptera,Hexapod,2018_west_depth,west,kelp,2018-07-17,NA,2018,depth,1,edna_west_15,depth,biological,11.2,31.88,8.07,NA,NA,NA,4.8,1000,0,51.64898316,-128.1517294,NA,NA,NA,NA,macroalgae,macrocystis,macroalgae_NA,macrocystis_NA,100,0.00110774,31,Metazoa,Arthropoda,Arthropoda,Coleoptera,NA,NA,NA,NA,TRUE,ASV2881,1,NA
edna0089,ASV5804,motu1116,Clytia gregaria,Gregarious jellyfish,species,NA,NA,NA,1,NA,NA,NA,NA,12,NA,11,Clytia gregaria,Gregarious jellyfish,2018_west_depth,west,kelp,2018-07-17,NA,2018,depth,1,edna_west_15,depth,biological,11.2,31.88,8.07,NA,NA,NA,4.8,1000,0,51.64898316,-128.1517294,NA,NA,NA,NA,macroalgae,macrocystis,macroalgae_NA,macrocystis_NA,99.35,3.22227e-153,300,Metazoa,Cnidaria,Cnidaria,Leptothecata,Campanulariidae,Clytia,0,0,TRUE,ASV1319,3,Clytia gregaria
edna0089,ASV5805,motu3233,Membranipora membranacea,Coffin box bryozoan,species,NA,NA,NA,1,NA,NA,NA,NA,9,NA,14,Membranipora membranacea,Coffin box bryozoan,2018_west_depth,west,kelp,2018-07-17,NA,2018,depth,1,edna_west_15,depth,biological,11.2,31.88,8.07,NA,NA,NA,4.8,1000,0,51.64898316,-128.1517294,NA,NA,NA,NA,macroalgae,macrocystis,macroalgae_NA,macrocystis_NA,99.64,9.35466e-139,274,Metazoa,Bryozoa,Gymnolaemata,Cheilostomatida,Membraniporidae,Membranipora,0,0,TRUE,ASV4121,4,Membranipora membranacea
edna0090,ASV7519,motu5889,Obelia,Sea thread hydroid species,genus,NA,NA,NA,1,NA,NA,NA,NA,5,NA,NA,Obelia,Sea thread hydroid species,2018_west_surface,west,kelp,2018-07-17,NA,2018,surface,2,edna_west_30,surface,biological,13,31.75,8.06,NA,NA,NA,5.4,1000,0,51.64898937,-128.1515178,NA,NA,NA,NA,macroalgae,macrocystis,macroalgae_NA,macrocystis_NA,92,3.4785599999999997e-113,228,Metazoa,Cnidaria,Cnidaria,Leptothecata,Campanulariidae,Obelia,0,0,TRUE,ASV7519,1,NA
edna0091,ASV716,motu622,Chone magna,Feather duster worm,species,NA,NA,NA,1,NA,NA,NA,NA,4,NA,NA,Chone magna,Feather duster worm,2018_west_depth,west,kelp,2018-07-17,NA,2018,depth,2,edna_west_00,depth,biological,11,31.87,8.02,NA,NA,NA,5.4,1000,0,NA,NA,NA,NA,NA,NA,NA,NA,NA_NA,NA_NA,100,1.96163e-160,313,Metazoa,Annelida,Polychaeta,Sabellida,Sabellidae,Chone,0,0,TRUE,ASV716,2,Chone magna
edna0091,ASV2489,motu31,Centropages abdominalis,Calanoid copepod,species,NA,NA,NA,1,NA,NA,NA,NA,11,NA,NA,Centropages abdominalis,Calanoid copepod,2018_west_depth,west,kelp,2018-07-17,NA,2018,depth,2,edna_west_00,depth,biological,11,31.87,8.02,NA,NA,NA,5.4,1000,0,NA,NA,NA,NA,NA,NA,NA,NA,NA_NA,NA_NA,99.68,9.126599999999999e-159,310,Metazoa,Arthropoda,Copepoda,Calanoida,Centropagidae,Centropages,0,0,TRUE,ASV34,19,Centropages abdominalis
edna0092,ASV232,motu204,Cecidomyiidae,Hexapod,genus,NA,NA,NA,1,NA,NA,NA,NA,3,NA,NA,Cecidomyiidae,Hexapod,2018_west_surface,west,kelp,2018-07-17,NA,2018,surface,3,edna_west_15,surface,biological,12.5,31.58,8.07,NA,NA,NA,5.8,1000,0,51.64898316,-128.1517294,NA,NA,NA,NA,macroalgae,macrocystis,macroalgae_NA,macrocystis_NA,100,0.00408744,30,Metazoa,Arthropoda,Arthropoda,Diptera,Cecidomyiidae,Cecidomyiidae,NA,NA,TRUE,ASV232,1,NA
edna0092,ASV251,motu105,Mesocentrotus franciscanus,Red sea urchin,species,NA,NA,NA,1,NA,NA,NA,NA,6,NA,NA,Mesocentrotus franciscanus,Red sea urchin,2018_west_surface,west,kelp,2018-07-17,NA,2018,surface,3,edna_west_15,surface,biological,12.5,31.58,8.07,NA,NA,NA,5.8,1000,0,51.64898316,-128.1517294,NA,NA,NA,NA,macroalgae,macrocystis,macroalgae_NA,macrocystis_NA,100,7.02982e-160,312,Metazoa,Echinodermata,Echinoidea,Camarodonta,Strongylocentrotidae,Mesocentrotus,0,0,TRUE,ASV118,8,Mesocentrotus franciscanus
edna0092,ASV1921,motu1598,Humilaria kennerleyi,Kennerleys venus,species,NA,NA,NA,1,NA,NA,NA,NA,5,NA,NA,Humilaria kennerleyi,Kennerleys venus,2018_west_surface,west,kelp,2018-07-17,NA,2018,surface,3,edna_west_15,surface,biological,12.5,31.58,8.07,NA,NA,NA,5.8,1000,0,51.64898316,-128.1517294,NA,NA,NA,NA,macroalgae,macrocystis,macroalgae_NA,macrocystis_NA,100,1.96163e-160,313,Metazoa,Mollusca,Bivalvia,Venerida,Veneridae,Humilaria,0,0,TRUE,ASV1921,2,Humilaria kennerleyi
edna0094,ASV583,motu283,Dodecaceria,Cirratulid polychaete,genus,NA,NA,NA,1,NA,NA,NA,NA,13,NA,NA,Dodecaceria,Cirratulid polychaete,2018_second_surface,second,kelp,2018-07-17,NA,2018,surface,1,edna_second_00,surface,biological,12.5,31.8,8.1,10.7,31.96,8,6.8,1000,0,51.64920671,-128.155498,rock,NA,NA,NA,macroalgae,nereocystis,macroalgae_rock,nereocystis_rock,100,1.96163e-160,313,Metazoa,Annelida,Polychaeta,Terebellida,Cirratulidae,Dodecaceria,0,0,TRUE,ASV322,5,NA
edna0094,ASV634,motu517,Balanus,Barnacle species,genus,NA,NA,NA,1,NA,NA,NA,NA,3,NA,NA,Balanus,Barnacle species,2018_second_surface,second,kelp,2018-07-17,NA,2018,surface,1,edna_second_00,surface,biological,12.5,31.8,8.1,10.7,31.96,8,6.8,1000,0,51.64920671,-128.155498,rock,NA,NA,NA,macroalgae,nereocystis,macroalgae_rock,nereocystis_rock,100,1.4886099999999998e-156,306,Metazoa,Arthropoda,Arthropoda,Balanomorpha,Balanidae,Balanus,0,0,TRUE,ASV587,10,NA
edna0094,ASV1319,motu1116,Clytia gregaria,Gregarious jellyfish,species,NA,NA,NA,1,NA,NA,NA,NA,16,NA,NA,Clytia gregaria,Gregarious jellyfish,2018_second_surface,second,kelp,2018-07-17,NA,2018,surface,1,edna_second_00,surface,biological,12.5,31.8,8.1,10.7,31.96,8,6.8,1000,0,51.64920671,-128.155498,rock,NA,NA,NA,macroalgae,nereocystis,macroalgae_rock,nereocystis_rock,99.67,6.925819999999995e-155,303,Metazoa,Cnidaria,Hydrozoa,Leptothecata,Campanulariidae,Clytia,0,0,TRUE,ASV1319,3,Clytia gregaria
edna0094,ASV5722,motu4392,Paracalanus parvus parvus,Calanoid copepod,species,NA,NA,NA,1,NA,NA,NA,NA,11,NA,13,Paracalanus parvus parvus,Calanoid copepod,2018_second_surface,second,kelp,2018-07-17,NA,2018,surface,1,edna_second_00,surface,biological,12.5,31.8,8.1,10.7,31.96,8,6.8,1000,0,51.64920671,-128.155498,rock,NA,NA,NA,macroalgae,nereocystis,macroalgae_rock,nereocystis_rock,99.62,5.464589999999996e-131,260,Metazoa,Arthropoda,Arthropoda,Calanoida,Paracalanidae,Paracalanus,0,0,TRUE,ASV5722,1,Paracalanus parvus parvus
edna0095,ASV716,motu622,Chone magna,Feather duster worm,species,NA,NA,NA,1,NA,NA,NA,NA,7,NA,NA,Chone magna,Feather duster worm,2018_second_surface,second,kelp,2018-07-17,NA,2018,surface,2,edna_second_15,surface,biological,13,30.8,8.1,10.6,32,8.97,7.1,1000,0,51.64922548,-128.1552836,rock,NA,NA,NA,macroalgae,nereocystis,macroalgae_rock,nereocystis_rock,100,1.96163e-160,313,Metazoa,Annelida,Polychaeta,Sabellida,Sabellidae,Chone,0,0,TRUE,ASV716,2,Chone magna
edna0095,ASV1175,motu1006,Dodecaceria,Cirratulid polychaete,genus,NA,NA,NA,1,NA,NA,NA,NA,9,NA,NA,Dodecaceria,Cirratulid polychaete,2018_second_surface,second,kelp,2018-07-17,NA,2018,surface,2,edna_second_15,surface,biological,13,30.8,8.1,10.6,32,8.97,7.1,1000,0,51.64922548,-128.1552836,rock,NA,NA,NA,macroalgae,nereocystis,macroalgae_rock,nereocystis_rock,100,2.51921e-159,311,Metazoa,Annelida,Polychaeta,Terebellida,Cirratulidae,Dodecaceria,0,0,TRUE,ASV1175,1,NA
edna0095,ASV1046,motu902,Arthropoda,Unknown arthropod,phylum,NA,NA,NA,1,NA,NA,NA,NA,6,NA,NA,Arthropoda,Unknown arthropod,2018_second_surface,second,kelp,2018-07-17,NA,2018,surface,2,edna_second_15,surface,biological,13,30.8,8.1,10.6,32,8.97,7.1,1000,0,51.64922548,-128.1552836,rock,NA,NA,NA,macroalgae,nereocystis,macroalgae_rock,nereocystis_rock,94.87,8.78538e-5,33,Metazoa,Arthropoda,NA,NA,NA,NA,NA,NA,TRUE,ASV1046,4,NA
edna0095,ASV1441,motu1218,Halosydna brevisetosa,Shortscaled worm,species,NA,NA,NA,1,NA,NA,NA,NA,5,NA,NA,Halosydna brevisetosa,Shortscaled worm,2018_second_surface,second,kelp,2018-07-17,NA,2018,surface,2,edna_second_15,surface,biological,13,30.8,8.1,10.6,32,8.97,7.1,1000,0,51.64922548,-128.1552836,rock,NA,NA,NA,macroalgae,nereocystis,macroalgae_rock,nereocystis_rock,100,2.51921e-159,311,Metazoa,Annelida,Polychaeta,Phyllodocida,Polynoidae,Halosydna,0,0,TRUE,ASV1441,3,Halosydna brevisetosa
edna0096,ASV131,motu117,Lensia,Siphonophore,genus,NA,NA,NA,1,NA,NA,NA,NA,8,NA,NA,Lensia,Siphonophore,2018_second_surface,second,kelp,2018-07-17,NA,2018,surface,3,edna_second_30,surface,biological,12.9,31.73,8.08,11.4,31.86,8.07,5.2,1000,0,51.64923127,-128.1550769,rock,NA,NA,NA,macroalgae,nereocystis,macroalgae_rock,nereocystis_rock,100,0.00408744,30,Metazoa,Cnidaria,Cnidaria,Siphonophorae,Diphyidae,Lensia,0,0,TRUE,ASV131,2,NA
edna0096,ASV559,motu492,Eupolymnia heterobranchia,Brown intertidal spaghetti worm,species,NA,NA,NA,1,NA,NA,NA,NA,5,NA,NA,Eupolymnia heterobranchia,Brown intertidal spaghetti worm,2018_second_surface,second,kelp,2018-07-17,NA,2018,surface,3,edna_second_30,surface,biological,12.9,31.73,8.08,11.4,31.86,8.07,5.2,1000,0,51.64923127,-128.1550769,rock,NA,NA,NA,macroalgae,nereocystis,macroalgae_rock,nereocystis_rock,100,1.4886099999999998e-156,306,Metazoa,Annelida,Polychaeta,Terebellida,Terebellidae,Eupolymnia,0,0,TRUE,ASV559,3,Eupolymnia heterobranchia
edna0096,ASV1040,motu897,Oithona similis,Cyclopoid copepod,species,NA,NA,NA,1,NA,NA,NA,NA,21,NA,NA,Oithona similis,Cyclopoid copepod,2018_second_surface,second,kelp,2018-07-17,NA,2018,surface,3,edna_second_30,surface,biological,12.9,31.73,8.08,11.4,31.86,8.07,5.2,1000,0,51.64923127,-128.1550769,rock,NA,NA,NA,macroalgae,nereocystis,macroalgae_rock,nereocystis_rock,96.17,2.0179399999999996e-140,277,Metazoa,Arthropoda,Copepoda,Cyclopoida,Oithonidae,Oithona,0,0,TRUE,ASV1040,1,Oithona similis
edna0096,ASV2025,motu1675,Euryte,Cyclopoid copepod,genus,NA,NA,NA,1,NA,NA,NA,NA,7,NA,NA,Euryte,Cyclopoid copepod,2018_second_surface,second,kelp,2018-07-17,NA,2018,surface,3,edna_second_30,surface,biological,12.9,31.73,8.08,11.4,31.86,8.07,5.2,1000,0,51.64923127,-128.1550769,rock,NA,NA,NA,macroalgae,nereocystis,macroalgae_rock,nereocystis_rock,97.73,1.526599999999999e-146,288,Metazoa,Arthropoda,Copepoda,Cyclopoida,Euryteidae,Euryte,0,0,TRUE,ASV2025,2,NA
edna0096,ASV5279,motu4055,Campanulariidae,Thecate Hydroid,family,NA,NA,NA,1,NA,NA,NA,NA,9,NA,NA,Campanulariidae,Thecate Hydroid,2018_second_surface,second,kelp,2018-07-17,NA,2018,surface,3,edna_second_30,surface,biological,12.9,31.73,8.08,11.4,31.86,8.07,5.2,1000,0,51.64923127,-128.1550769,rock,NA,NA,NA,macroalgae,nereocystis,macroalgae_rock,nereocystis_rock,90.82,2.6547299999999994e-109,221,Metazoa,Cnidaria,Cnidaria,Leptothecata,Campanulariidae,NA,0,0,TRUE,ASV5279,1,NA
edna0096,ASV5870,motu4513,Pleurobrachia bachei,Pacific sea gooseberry,species,NA,NA,NA,1,NA,NA,NA,NA,15,NA,7,Pleurobrachia bachei,Pacific sea gooseberry,2018_second_surface,second,kelp,2018-07-17,NA,2018,surface,3,edna_second_30,surface,biological,12.9,31.73,8.08,11.4,31.86,8.07,5.2,1000,0,51.64923127,-128.1550769,rock,NA,NA,NA,macroalgae,nereocystis,macroalgae_rock,nereocystis_rock,99.04,1.97556e-155,304,Metazoa,Ctenophora,Tentaculata,Cydippida,Cydippidae,Pleurobrachia,0,0,TRUE,ASV5870,1,Pleurobrachia bachei
edna0096,ASV5388,motu4136,Cucumaria pseudocurata,Tar spot sea cucumber,species,NA,NA,NA,1,NA,NA,NA,NA,4,NA,NA,Cucumaria pseudocurata,Tar spot sea cucumber,2018_second_surface,second,kelp,2018-07-17,NA,2018,surface,3,edna_second_30,surface,biological,12.9,31.73,8.08,11.4,31.86,8.07,5.2,1000,0,51.64923127,-128.1550769,rock,NA,NA,NA,macroalgae,nereocystis,macroalgae_rock,nereocystis_rock,97.71,7.024509999999995e-145,285,Metazoa,Echinodermata,Holothuroidea,Dendrochirotida,Cucumariidae,Cucumaria,0,0,TRUE,ASV5388,1,Cucumaria pseudocurata
edna0097,ASV2643,motu2145,Manania handi,Stalked jellyfish,species,NA,NA,NA,1,NA,NA,NA,NA,6,NA,10,Manania handi,Stalked jellyfish,2018_north_surface,north,kelp,2018-07-17,NA,2018,surface,1,edna_north_00,surface,biological,11.1,31.73,7.99,10.5,31.93,7.96,7.5,1000,0,51.66710631,-128.1402668,rock,NA,NA,NA,macroalgae,nereocystis,macroalgae_rock,nereocystis_rock,100,3.2351099999999996e-158,309,Metazoa,Cnidaria,Cnidaria,Stauromedusae,Haliclystidae,Manania,0,0,TRUE,ASV2643,1,Manania handi
edna0097,ASV3842,motu3021,Humilaria kennerleyi,Kennerleys venus,species,NA,NA,NA,1,NA,NA,NA,NA,7,NA,NA,Humilaria kennerleyi,Kennerleys venus,2018_north_surface,north,kelp,2018-07-17,NA,2018,surface,1,edna_north_00,surface,biological,11.1,31.73,7.99,10.5,31.93,7.96,7.5,1000,0,51.66710631,-128.1402668,rock,NA,NA,NA,macroalgae,nereocystis,macroalgae_rock,nereocystis_rock,100,2.51921e-159,311,Metazoa,Mollusca,Bivalvia,Venerida,Veneridae,Humilaria,0,0,TRUE,ASV3842,2,Humilaria kennerleyi
edna0098,ASV118,motu105,Mesocentrotus franciscanus,Red sea urchin,species,NA,NA,NA,1,NA,NA,NA,NA,122,NA,NA,Mesocentrotus franciscanus,Red sea urchin,2018_north_surface,north,kelp,2018-07-17,NA,2018,surface,2,edna_north_15,surface,biological,11.5,31.8,7.98,10.5,31.93,7.97,5.2,1000,0,51.66722985,-128.1401768,rock,NA,NA,NA,macroalgae,nereocystis,macroalgae_rock,nereocystis_rock,100,2.51921e-159,311,Metazoa,Echinodermata,Echinoidea,Camarodonta,Strongylocentrotidae,Mesocentrotus,0,0,TRUE,ASV118,8,Mesocentrotus franciscanus
edna0098,ASV3053,motu2459,Glycymeris septentrionalis,Western bittersweet,species,NA,NA,NA,1,NA,NA,NA,NA,8,NA,12,Glycymeris septentrionalis,Western bittersweet,2018_north_surface,north,kelp,2018-07-17,NA,2018,surface,2,edna_north_15,surface,biological,11.5,31.8,7.98,10.5,31.93,7.97,5.2,1000,0,51.66722985,-128.1401768,rock,NA,NA,NA,macroalgae,nereocystis,macroalgae_rock,nereocystis_rock,100,9.126599999999999e-159,310,Metazoa,Mollusca,Bivalvia,Arcida,Glycymerididae,Glycymeris,0,0,TRUE,ASV3053,1,Glycymeris septentrionalis
edna0099,ASV386,motu316,Hiatella,Clam species,genus,NA,NA,NA,1,NA,NA,NA,NA,14,NA,NA,Hiatella,Clam species,2018_north_surface,north,kelp,2018-07-17,NA,2018,surface,3,edna_north_30,surface,biological,11,31.8,7.98,10.5,31.89,7.97,4.8,1000,0,51.66736753,-128.1400531,rock,NA,NA,NA,macroalgae,nereocystis,macroalgae_rock,nereocystis_rock,100,9.027749999999999e-159,310,Metazoa,Mollusca,Bivalvia,Adapedonta,Hiatellidae,Hiatella,0,0,TRUE,ASV357,9,NA
edna0099,ASV354,motu313,Mitrocoma cellularia,Cross jelly,species,NA,NA,NA,1,NA,NA,NA,NA,21,NA,NA,Mitrocoma cellularia,Cross jelly,2018_north_surface,north,kelp,2018-07-17,NA,2018,surface,3,edna_north_30,surface,biological,11,31.8,7.98,10.5,31.89,7.97,4.8,1000,0,51.66736753,-128.1400531,rock,NA,NA,NA,macroalgae,nereocystis,macroalgae_rock,nereocystis_rock,100,1.4886099999999998e-156,306,Metazoa,Cnidaria,Hydrozoa,Leptothecata,Mitrocomidae,Mitrocoma,0,0,TRUE,ASV354,2,Mitrocoma cellularia
edna0099,ASV733,motu637,Phyllodocida,Polychaete,order,NA,NA,NA,1,NA,NA,NA,NA,8,NA,7,Phyllodocida,Polychaete,2018_north_surface,north,kelp,2018-07-17,NA,2018,surface,3,edna_north_30,surface,biological,11,31.8,7.98,10.5,31.89,7.97,4.8,1000,0,51.66736753,-128.1400531,rock,NA,NA,NA,macroalgae,nereocystis,macroalgae_rock,nereocystis_rock,100,0.0603188,28,Metazoa,Annelida,Annelida,Phyllodocida,NA,NA,0,0,TRUE,ASV733,1,NA
edna0099,ASV1319,motu1116,Clytia gregaria,Gregarious jellyfish,species,NA,NA,NA,1,NA,NA,NA,NA,15,NA,NA,Clytia gregaria,Gregarious jellyfish,2018_north_surface,north,kelp,2018-07-17,NA,2018,surface,3,edna_north_30,surface,biological,11,31.8,7.98,10.5,31.89,7.97,4.8,1000,0,51.66736753,-128.1400531,rock,NA,NA,NA,macroalgae,nereocystis,macroalgae_rock,nereocystis_rock,99.67,6.925819999999995e-155,303,Metazoa,Cnidaria,Hydrozoa,Leptothecata,Campanulariidae,Clytia,0,0,TRUE,ASV1319,3,Clytia gregaria
edna0099,ASV1390,motu1174,Polycirrus,Sphagetti worm,genus,NA,NA,NA,1,NA,NA,NA,NA,3,NA,NA,Polycirrus,Sphagetti worm,2018_north_surface,north,kelp,2018-07-17,NA,2018,surface,3,edna_north_30,surface,biological,11,31.8,7.98,10.5,31.89,7.97,4.8,1000,0,51.66736753,-128.1400531,rock,NA,NA,NA,macroalgae,nereocystis,macroalgae_rock,nereocystis_rock,100,1.96163e-160,313,Metazoa,Annelida,Polychaeta,Terebellida,Terebellidae,Polycirrus,0,0,TRUE,ASV1390,2,NA
edna0099,ASV1921,motu1598,Humilaria kennerleyi,Kennerleys venus,species,NA,NA,NA,1,NA,NA,NA,NA,23,NA,21,Humilaria kennerleyi,Kennerleys venus,2018_north_surface,north,kelp,2018-07-17,NA,2018,surface,3,edna_north_30,surface,biological,11,31.8,7.98,10.5,31.89,7.97,4.8,1000,0,51.66736753,-128.1400531,rock,NA,NA,NA,macroalgae,nereocystis,macroalgae_rock,nereocystis_rock,100,1.96163e-160,313,Metazoa,Mollusca,Bivalvia,Venerida,Veneridae,Humilaria,0,0,TRUE,ASV1921,2,Humilaria kennerleyi
edna0099,ASV2422,motu796,Panopea generosa,Pacific geoduck,species,NA,NA,NA,1,NA,NA,NA,NA,18,NA,NA,Panopea generosa,Pacific geoduck,2018_north_surface,north,kelp,2018-07-17,NA,2018,surface,3,edna_north_30,surface,biological,11,31.8,7.98,10.5,31.89,7.97,4.8,1000,0,51.66736753,-128.1400531,rock,NA,NA,NA,macroalgae,nereocystis,macroalgae_rock,nereocystis_rock,100,2.51921e-159,311,Metazoa,Mollusca,Bivalvia,Adapedonta,Hiatellidae,Panopea,0,0,TRUE,ASV916,4,Panopea generosa
edna0100,ASV354,motu313,Mitrocoma cellularia,Cross jelly,species,NA,NA,NA,1,NA,NA,NA,NA,21,NA,23,Mitrocoma cellularia,Cross jelly,2018_koe3_surface,koe3,beach_seine,2018-07-20,2018-07-18,2018,surface,1,edna_koe3_00,surface,biological,13.6,25.71,7.96,11.2,30.41,7.98,2.2,1000,0,51.77589222,-127.8794255,sand,n,90,p,macroalgae,nereocystis,macroalgae_sand,nereocystis_sand,100,1.4886099999999998e-156,306,Metazoa,Cnidaria,Hydrozoa,Leptothecata,Mitrocomidae,Mitrocoma,0,0,TRUE,ASV354,2,Mitrocoma cellularia
edna0100,ASV679,motu591,Phyllodocida,Polychaete,order,NA,NA,NA,1,NA,NA,NA,NA,19,NA,12,Phyllodocida,Polychaete,2018_koe3_surface,koe3,beach_seine,2018-07-20,2018-07-18,2018,surface,1,edna_koe3_00,surface,biological,13.6,25.71,7.96,11.2,30.41,7.98,2.2,1000,0,51.77589222,-127.8794255,sand,n,90,p,macroalgae,nereocystis,macroalgae_sand,nereocystis_sand,100,0.0603188,28,Metazoa,Annelida,Annelida,Phyllodocida,NA,NA,0,0,TRUE,ASV679,1,NA
edna0100,ASV733,motu637,Phyllodocida,Polychaete,order,NA,NA,NA,1,NA,NA,NA,NA,17,NA,NA,Phyllodocida,Polychaete,2018_koe3_surface,koe3,beach_seine,2018-07-20,2018-07-18,2018,surface,1,edna_koe3_00,surface,biological,13.6,25.71,7.96,11.2,30.41,7.98,2.2,1000,0,51.77589222,-127.8794255,sand,n,90,p,macroalgae,nereocystis,macroalgae_sand,nereocystis_sand,100,0.0603188,28,Metazoa,Annelida,Annelida,Phyllodocida,NA,NA,0,0,TRUE,ASV733,1,NA
edna0100,ASV750,motu654,Orobdella,Freshwater leech,genus,NA,NA,NA,1,NA,NA,NA,NA,25,NA,NA,Orobdella,Freshwater leech,2018_koe3_surface,koe3,beach_seine,2018-07-20,2018-07-18,2018,surface,1,edna_koe3_00,surface,biological,13.6,25.71,7.96,11.2,30.41,7.98,2.2,1000,0,51.77589222,-127.8794255,sand,n,90,p,macroalgae,nereocystis,macroalgae_sand,nereocystis_sand,97.06,0.00121031,31,Metazoa,Annelida,Annelida,Erpobdelliformes,Orobdellidae,Orobdella,NA,NA,TRUE,ASV750,1,NA
edna0100,ASV1068,motu920,Arthropoda,Unknown arthropod,phylum,NA,NA,NA,1,NA,NA,NA,NA,17,NA,NA,Arthropoda,Unknown arthropod,2018_koe3_surface,koe3,beach_seine,2018-07-20,2018-07-18,2018,surface,1,edna_koe3_00,surface,biological,13.6,25.71,7.96,11.2,30.41,7.98,2.2,1000,0,51.77589222,-127.8794255,sand,n,90,p,macroalgae,nereocystis,macroalgae_sand,nereocystis_sand,94.87,8.78538e-5,33,Metazoa,Arthropoda,NA,NA,NA,NA,NA,NA,TRUE,ASV1068,4,NA
edna0100,ASV1046,motu902,Arthropoda,Unknown arthropod,phylum,NA,NA,NA,1,NA,NA,NA,NA,14,NA,NA,Arthropoda,Unknown arthropod,2018_koe3_surface,koe3,beach_seine,2018-07-20,2018-07-18,2018,surface,1,edna_koe3_00,surface,biological,13.6,25.71,7.96,11.2,30.41,7.98,2.2,1000,0,51.77589222,-127.8794255,sand,n,90,p,macroalgae,nereocystis,macroalgae_sand,nereocystis_sand,94.87,8.78538e-5,33,Metazoa,Arthropoda,NA,NA,NA,NA,NA,NA,TRUE,ASV1046,4,NA
edna0100,ASV2118,motu1747,Paracalanus,Calanoid copepod,genus,NA,NA,NA,1,NA,NA,NA,NA,10,NA,NA,Paracalanus,Calanoid copepod,2018_koe3_surface,koe3,beach_seine,2018-07-20,2018-07-18,2018,surface,1,edna_koe3_00,surface,biological,13.6,25.71,7.96,11.2,30.41,7.98,2.2,1000,0,51.77589222,-127.8794255,sand,n,90,p,macroalgae,nereocystis,macroalgae_sand,nereocystis_sand,99.68,1.172079999999999e-157,308,Metazoa,Arthropoda,Arthropoda,Calanoida,Paracalanidae,Paracalanus,0,0,TRUE,ASV2118,2,NA
edna0100,ASV2216,motu190,Mytilus trossulus,Bay mussel,species,NA,NA,NA,1,NA,NA,NA,NA,61,NA,NA,Mytilus trossulus,Bay mussel,2018_koe3_surface,koe3,beach_seine,2018-07-20,2018-07-18,2018,surface,1,edna_koe3_00,surface,biological,13.6,25.71,7.96,11.2,30.41,7.98,2.2,1000,0,51.77589222,-127.8794255,sand,n,90,p,macroalgae,nereocystis,macroalgae_sand,nereocystis_sand,100,3.2351099999999996e-158,309,Metazoa,Mollusca,Mollusca,Mytilida,Mytilidae,Mytilus,0,0,TRUE,ASV216,23,Mytilus trossulus
edna0100,ASV2490,motu2027,Phacellophora camtschatica,Fried egg jellyfish,species,NA,NA,NA,1,NA,NA,NA,NA,4,NA,NA,Phacellophora camtschatica,Fried egg jellyfish,2018_koe3_surface,koe3,beach_seine,2018-07-20,2018-07-18,2018,surface,1,edna_koe3_00,surface,biological,13.6,25.71,7.96,11.2,30.41,7.98,2.2,1000,0,51.77589222,-127.8794255,sand,n,90,p,macroalgae,nereocystis,macroalgae_sand,nereocystis_sand,100,1.96163e-160,313,Metazoa,Cnidaria,Scyphozoa,Semaeostomeae,Phacellophoridae,Phacellophora,0,0,TRUE,ASV2490,1,Phacellophora camtschatica
edna0100,ASV3542,motu2814,Aurelia labiata,Moon jelly species,species,NA,NA,NA,1,NA,NA,NA,NA,27,NA,NA,Aurelia labiata,Moon jelly species,2018_koe3_surface,koe3,beach_seine,2018-07-20,2018-07-18,2018,surface,1,edna_koe3_00,surface,biological,13.6,25.71,7.96,11.2,30.41,7.98,2.2,1000,0,51.77589222,-127.8794255,sand,n,90,p,macroalgae,nereocystis,macroalgae_sand,nereocystis_sand,99.04,1.97556e-155,304,Metazoa,Cnidaria,Scyphozoa,Semaeostomeae,Ulmaridae,Aurelia,0,0,TRUE,ASV3542,1,Aurelia labiata
edna0100,ASV4293,motu190,Mytilus,Mussel species,genus,NA,NA,NA,1,NA,NA,NA,NA,58,NA,NA,Mytilus trossulus,Bay mussel,2018_koe3_surface,koe3,beach_seine,2018-07-20,2018-07-18,2018,surface,1,edna_koe3_00,surface,biological,13.6,25.71,7.96,11.2,30.41,7.98,2.2,1000,0,51.77589222,-127.8794255,sand,n,90,p,macroalgae,nereocystis,macroalgae_sand,nereocystis_sand,99.68,1.5051499999999994e-156,306,Metazoa,Mollusca,Mollusca,Mytilida,Mytilidae,Mytilus,0,0,TRUE,ASV216,23,NA
edna0100,ASV4519,motu3517,Chaetognatha,Arrow worm,phylum,NA,NA,NA,1,NA,NA,NA,NA,17,NA,NA,Chaetognatha,Arrow worm,2018_koe3_surface,koe3,beach_seine,2018-07-20,2018-07-18,2018,surface,1,edna_koe3_00,surface,biological,13.6,25.71,7.96,11.2,30.41,7.98,2.2,1000,0,51.77589222,-127.8794255,sand,n,90,p,macroalgae,nereocystis,macroalgae_sand,nereocystis_sand,96.52,1.66186e-86,180,Metazoa,Chaetognatha,NA,NA,NA,NA,0,0,TRUE,ASV4519,1,NA
edna0100,ASV4631,motu3595,Aurelia labiata,Moon jelly species,species,NA,NA,NA,1,NA,NA,NA,NA,34,NA,NA,Aurelia labiata,Moon jelly species,2018_koe3_surface,koe3,beach_seine,2018-07-20,2018-07-18,2018,surface,1,edna_koe3_00,surface,biological,13.6,25.71,7.96,11.2,30.41,7.98,2.2,1000,0,51.77589222,-127.8794255,sand,n,90,p,macroalgae,nereocystis,macroalgae_sand,nereocystis_sand,99.04,1.97556e-155,304,Metazoa,Cnidaria,Scyphozoa,Semaeostomeae,Ulmaridae,Aurelia,0,0,TRUE,ASV4631,1,Aurelia labiata
edna0100,ASV4894,motu3787,Olividae,Sea snail species,family,NA,NA,NA,1,NA,NA,NA,NA,12,NA,NA,Olividae,Sea snail species,2018_koe3_surface,koe3,beach_seine,2018-07-20,2018-07-18,2018,surface,1,edna_koe3_00,surface,biological,13.6,25.71,7.96,11.2,30.41,7.98,2.2,1000,0,51.77589222,-127.8794255,sand,n,90,p,macroalgae,nereocystis,macroalgae_sand,nereocystis_sand,90.16,8.59747e-10,42,Metazoa,Mollusca,Mollusca,Neogastropoda,Olividae,NA,0,0,TRUE,ASV4894,1,NA
edna0100,ASV3473,motu2758,Staphylinidae,Hexapod,genus,NA,NA,NA,1,NA,NA,NA,NA,4,NA,NA,Staphylinidae,Hexapod,2018_koe3_surface,koe3,beach_seine,2018-07-20,2018-07-18,2018,surface,1,edna_koe3_00,surface,biological,13.6,25.71,7.96,11.2,30.41,7.98,2.2,1000,0,51.77589222,-127.8794255,sand,n,90,p,macroalgae,nereocystis,macroalgae_sand,nereocystis_sand,90.14,3.11539e-14,50,Metazoa,Arthropoda,Arthropoda,Coleoptera,Staphylinidae,Staphylinidae,NA,NA,TRUE,ASV3473,1,NA
edna0100,ASV4851,motu3755,Noctuoidea,Hexapod,family,NA,NA,NA,1,NA,NA,NA,NA,9,NA,NA,Noctuoidea,Hexapod,2018_koe3_surface,koe3,beach_seine,2018-07-20,2018-07-18,2018,surface,1,edna_koe3_00,surface,biological,13.6,25.71,7.96,11.2,30.41,7.98,2.2,1000,0,51.77589222,-127.8794255,sand,n,90,p,macroalgae,nereocystis,macroalgae_sand,nereocystis_sand,92,1.45974e-7,38,Metazoa,Arthropoda,Arthropoda,Lepidoptera,Noctuoidea,NA,NA,NA,TRUE,ASV4851,1,NA
edna0102,ASV679,motu591,Phyllodocida,Polychaete,order,NA,NA,NA,1,NA,NA,NA,NA,15,NA,NA,Phyllodocida,Polychaete,2018_koe3_surface,koe3,beach_seine,2018-07-20,2018-07-18,2018,surface,3,edna_koe3_30,surface,biological,14.3,34.4,8.08,12.9,28.38,8.15,2,1000,0,51.77580035,-127.8788341,sand,n,90,p,macroalgae,nereocystis,macroalgae_sand,nereocystis_sand,100,0.0603188,28,Metazoa,Annelida,Annelida,Phyllodocida,NA,NA,0,0,TRUE,ASV679,1,NA
edna0102,ASV1680,motu1405,Aurelia,Moon jelly species,genus,NA,NA,NA,1,NA,NA,NA,NA,54,NA,NA,Aurelia,Moon jelly species,2018_koe3_surface,koe3,beach_seine,2018-07-20,2018-07-18,2018,surface,3,edna_koe3_30,surface,biological,14.3,34.4,8.08,12.9,28.38,8.15,2,1000,0,51.77580035,-127.8788341,sand,n,90,p,macroalgae,nereocystis,macroalgae_sand,nereocystis_sand,100,1.96163e-160,313,Metazoa,Cnidaria,Cnidaria,Semaeostomeae,Ulmaridae,Aurelia,0,0,TRUE,ASV1680,1,NA
edna0102,ASV1587,motu1337,Armandia brevis,Opheliid polychaete,species,NA,NA,NA,1,NA,NA,NA,NA,6,NA,NA,Armandia brevis,Opheliid polychaete,2018_koe3_surface,koe3,beach_seine,2018-07-20,2018-07-18,2018,surface,3,edna_koe3_30,surface,biological,14.3,34.4,8.08,12.9,28.38,8.15,2,1000,0,51.77580035,-127.8788341,sand,n,90,p,macroalgae,nereocystis,macroalgae_sand,nereocystis_sand,100,2.1076299999999988e-175,340,Metazoa,Annelida,Polychaeta,NA,Opheliidae,Armandia,0,0,TRUE,ASV1587,2,Armandia brevis
edna0102,ASV1859,motu1549,Aurelia,Moon jelly species,genus,NA,NA,NA,1,NA,NA,NA,NA,23,NA,NA,Aurelia,Moon jelly species,2018_koe3_surface,koe3,beach_seine,2018-07-20,2018-07-18,2018,surface,3,edna_koe3_30,surface,biological,14.3,34.4,8.08,12.9,28.38,8.15,2,1000,0,51.77580035,-127.8788341,sand,n,90,p,macroalgae,nereocystis,macroalgae_sand,nereocystis_sand,100,1.96163e-160,313,Metazoa,Cnidaria,Cnidaria,Semaeostomeae,Ulmaridae,Aurelia,0,0,TRUE,ASV1859,2,NA
edna0102,ASV2640,motu1014,Corophiidae,Amphipod,family,NA,NA,NA,1,NA,NA,NA,NA,48,NA,NA,Corophiidae,Amphipod,2018_koe3_surface,koe3,beach_seine,2018-07-20,2018-07-18,2018,surface,3,edna_koe3_30,surface,biological,14.3,34.4,8.08,12.9,28.38,8.15,2,1000,0,51.77580035,-127.8788341,sand,n,90,p,macroalgae,nereocystis,macroalgae_sand,nereocystis_sand,98.72,3.29388e-153,300,Metazoa,Arthropoda,Malacostraca,Amphipoda,Corophiidae,NA,0,0,TRUE,ASV1186,2,NA
edna0102,ASV2981,motu31,Centropages abdominalis,Calanoid copepod,species,NA,NA,NA,1,NA,NA,NA,NA,78,NA,69,Centropages abdominalis,Calanoid copepod,2018_koe3_surface,koe3,beach_seine,2018-07-20,2018-07-18,2018,surface,3,edna_koe3_30,surface,biological,14.3,34.4,8.08,12.9,28.38,8.15,2,1000,0,51.77580035,-127.8788341,sand,n,90,p,macroalgae,nereocystis,macroalgae_sand,nereocystis_sand,99.68,9.126599999999999e-159,310,Metazoa,Arthropoda,Copepoda,Calanoida,Centropagidae,Centropages,0,0,TRUE,ASV34,19,Centropages abdominalis
edna0102,ASV3655,motu517,Balanus,Barnacle species,genus,NA,NA,NA,1,NA,NA,NA,NA,68,NA,23,Balanus,Barnacle species,2018_koe3_surface,koe3,beach_seine,2018-07-20,2018-07-18,2018,surface,3,edna_koe3_30,surface,biological,14.3,34.4,8.08,12.9,28.38,8.15,2,1000,0,51.77580035,-127.8788341,sand,n,90,p,macroalgae,nereocystis,macroalgae_sand,nereocystis_sand,99.67,6.925819999999995e-155,303,Metazoa,Arthropoda,Arthropoda,Balanomorpha,Balanidae,Balanus,0,0,TRUE,ASV587,10,NA
edna0102,ASV3984,motu303,Pseudocalanus mimus,Calanoid copepod,species,NA,NA,NA,1,NA,NA,NA,NA,66,NA,NA,Pseudocalanus mimus,Calanoid copepod,2018_koe3_surface,koe3,beach_seine,2018-07-20,2018-07-18,2018,surface,3,edna_koe3_30,surface,biological,14.3,34.4,8.08,12.9,28.38,8.15,2,1000,0,51.77580035,-127.8788341,sand,n,90,p,macroalgae,nereocystis,macroalgae_sand,nereocystis_sand,99.67,9.19139e-154,301,Metazoa,Arthropoda,Copepoda,Calanoida,Clausocalanidae,Pseudocalanus,0,0,TRUE,ASV343,11,Pseudocalanus mimus
edna0102,ASV3982,motu3128,Proctotrupidae,Hexapod,genus,NA,NA,NA,1,NA,NA,NA,NA,6,NA,5,Proctotrupidae,Hexapod,2018_koe3_surface,koe3,beach_seine,2018-07-20,2018-07-18,2018,surface,3,edna_koe3_30,surface,biological,14.3,34.4,8.08,12.9,28.38,8.15,2,1000,0,51.77580035,-127.8788341,sand,n,90,p,macroalgae,nereocystis,macroalgae_sand,nereocystis_sand,100,6.79151e-6,35,Metazoa,Arthropoda,Arthropoda,Hymenoptera,Proctotrupoidea,Proctotrupidae,NA,NA,TRUE,ASV3982,1,NA
edna0102,ASV4524,motu334,Synchaeta pectinata,Rotifer,species,NA,NA,NA,1,NA,NA,NA,NA,41,NA,NA,Synchaeta pectinata,Rotifer,2018_koe3_surface,koe3,beach_seine,2018-07-20,2018-07-18,2018,surface,3,edna_koe3_30,surface,biological,14.3,34.4,8.08,12.9,28.38,8.15,2,1000,0,51.77580035,-127.8788341,sand,n,90,p,macroalgae,nereocystis,macroalgae_sand,nereocystis_sand,90.16,7.65451e-110,222,Metazoa,Rotifera,Eurotatoria,Ploima,Synchaetidae,Synchaeta,0,0,TRUE,ASV377,5,Synchaeta pectinata
edna0102,ASV4169,motu1747,Paracalanus parvus parvus,Calanoid copepod,species,NA,NA,NA,1,NA,NA,NA,NA,44,NA,NA,Paracalanus,Calanoid copepod,2018_koe3_surface,koe3,beach_seine,2018-07-20,2018-07-18,2018,surface,3,edna_koe3_30,surface,biological,14.3,34.4,8.08,12.9,28.38,8.15,2,1000,0,51.77580035,-127.8788341,sand,n,90,p,macroalgae,nereocystis,macroalgae_sand,nereocystis_sand,100,1.20572e-137,272,Metazoa,Arthropoda,Copepoda,Calanoida,Paracalanidae,Paracalanus,0,0,TRUE,ASV2118,2,Paracalanus parvus parvus
edna0102,ASV6103,motu4701,Paranais litoralis,Freshwater oligochaete,species,NA,NA,NA,1,NA,NA,NA,NA,14,NA,NA,Paranais litoralis,Freshwater oligochaete,2018_koe3_surface,koe3,beach_seine,2018-07-20,2018-07-18,2018,surface,3,edna_koe3_30,surface,biological,14.3,34.4,8.08,12.9,28.38,8.15,2,1000,0,51.77580035,-127.8788341,sand,n,90,p,macroalgae,nereocystis,macroalgae_sand,nereocystis_sand,99.68,1.5051499999999994e-156,306,Metazoa,Annelida,Clitellata,Tubificida,Naididae,Paranais,0,0,TRUE,ASV6103,1,Paranais litoralis
edna0102,ASV6470,motu5010,Niphargidae,Amphipod,family,NA,NA,NA,1,NA,NA,NA,NA,9,NA,NA,Niphargidae,Amphipod,2018_koe3_surface,koe3,beach_seine,2018-07-20,2018-07-18,2018,surface,3,edna_koe3_30,surface,biological,14.3,34.4,8.08,12.9,28.38,8.15,2,1000,0,51.77580035,-127.8788341,sand,n,90,p,macroalgae,nereocystis,macroalgae_sand,nereocystis_sand,92.68,3.1885e-4,32,Metazoa,Arthropoda,Arthropoda,Amphipoda,Niphargidae,NA,1,0,TRUE,ASV6470,1,NA
edna0103,ASV386,motu316,Hiatella,Clam species,genus,NA,NA,NA,1,NA,NA,NA,NA,6,NA,NA,Hiatella,Clam species,2018_koe1_surface,koe1,beach_seine,2018-07-20,2018-07-18,2018,surface,1,edna_koe1_00,surface,biological,14.6,22.86,8.4,11.1,30.49,8.07,2.9,1000,0,51.77287511,-127.8757811,sand,y,500,p,none,none,none_sand,none_sand,100,9.027749999999999e-159,310,Metazoa,Mollusca,Bivalvia,Adapedonta,Hiatellidae,Hiatella,0,0,TRUE,ASV357,9,NA
edna0103,ASV365,motu31,Centropages abdominalis,Calanoid copepod,species,NA,NA,NA,1,NA,NA,NA,NA,68,NA,NA,Centropages abdominalis,Calanoid copepod,2018_koe1_surface,koe1,beach_seine,2018-07-20,2018-07-18,2018,surface,1,edna_koe1_00,surface,biological,14.6,22.86,8.4,11.1,30.49,8.07,2.9,1000,0,51.77287511,-127.8757811,sand,y,500,p,none,none,none_sand,none_sand,99.68,9.126599999999999e-159,310,Metazoa,Arthropoda,Copepoda,Calanoida,Centropagidae,Centropages,0,0,TRUE,ASV34,19,Centropages abdominalis
edna0103,ASV417,motu213,Balanus glandula,Acorn barnacle,species,NA,NA,NA,1,NA,NA,NA,NA,30,NA,NA,Balanus glandula,Acorn barnacle,2018_koe1_surface,koe1,beach_seine,2018-07-20,2018-07-18,2018,surface,1,edna_koe1_00,surface,biological,14.6,22.86,8.4,11.1,30.49,8.07,2.9,1000,0,51.77287511,-127.8757811,sand,y,500,p,none,none,none_sand,none_sand,99.68,1.5051499999999994e-156,306,Metazoa,Arthropoda,Thecostraca,Balanomorpha,Balanidae,Balanus,0,0,TRUE,ASV242,15,Balanus glandula
edna0103,ASV2459,motu2003,Aurelia labiata,Moon jelly species,species,NA,NA,NA,1,NA,NA,NA,NA,30,NA,NA,Aurelia labiata,Moon jelly species,2018_koe1_surface,koe1,beach_seine,2018-07-20,2018-07-18,2018,surface,1,edna_koe1_00,surface,biological,14.6,22.86,8.4,11.1,30.49,8.07,2.9,1000,0,51.77287511,-127.8757811,sand,y,500,p,none,none,none_sand,none_sand,99.04,1.97556e-155,304,Metazoa,Cnidaria,Scyphozoa,Semaeostomeae,Ulmaridae,Aurelia,0,0,TRUE,ASV2459,1,Aurelia labiata
edna0103,ASV1617,motu1359,Halosydna brevisetosa,Shortscaled worm,species,NA,NA,NA,1,NA,NA,NA,NA,5,NA,NA,Halosydna brevisetosa,Shortscaled worm,2018_koe1_surface,koe1,beach_seine,2018-07-20,2018-07-18,2018,surface,1,edna_koe1_00,surface,biological,14.6,22.86,8.4,11.1,30.49,8.07,2.9,1000,0,51.77287511,-127.8757811,sand,y,500,p,none,none,none_sand,none_sand,99.36,4.246189999999999e-157,307,Metazoa,Annelida,Polychaeta,Phyllodocida,Polynoidae,Halosydna,0,0,TRUE,ASV1617,1,Halosydna brevisetosa
edna0103,ASV4894,motu3787,Olividae,Sea snail species,family,NA,NA,NA,1,NA,NA,NA,NA,4,NA,NA,Olividae,Sea snail species,2018_koe1_surface,koe1,beach_seine,2018-07-20,2018-07-18,2018,surface,1,edna_koe1_00,surface,biological,14.6,22.86,8.4,11.1,30.49,8.07,2.9,1000,0,51.77287511,-127.8757811,sand,y,500,p,none,none,none_sand,none_sand,90.16,8.59747e-10,42,Metazoa,Mollusca,Mollusca,Neogastropoda,Olividae,NA,0,0,TRUE,ASV4894,1,NA
edna0103,ASV3070,motu2471,Paranais botniensis,Freshwater oligochaete,species,NA,NA,NA,1,NA,NA,NA,NA,7,NA,NA,Paranais botniensis,Freshwater oligochaete,2018_koe1_surface,koe1,beach_seine,2018-07-20,2018-07-18,2018,surface,1,edna_koe1_00,surface,biological,14.6,22.86,8.4,11.1,30.49,8.07,2.9,1000,0,51.77287511,-127.8757811,sand,y,500,p,none,none,none_sand,none_sand,97.12,2.0037099999999998e-145,286,Metazoa,Annelida,Clitellata,Tubificida,Naididae,Paranais,0,0,TRUE,ASV3070,1,Paranais botniensis
edna0104,ASV733,motu637,Phyllodocida,Polychaete,order,NA,NA,NA,1,NA,NA,NA,NA,18,NA,NA,Phyllodocida,Polychaete,2018_koe1_surface,koe1,beach_seine,2018-07-20,2018-07-18,2018,surface,2,edna_koe1_15,surface,biological,14.6,22.81,8.03,11.3,30.52,8.08,2.3,1000,0,51.77258216,-127.8758992,sand,y,500,p,none,none,none_sand,none_sand,100,0.0603188,28,Metazoa,Annelida,Annelida,Phyllodocida,NA,NA,0,0,TRUE,ASV733,1,NA
edna0104,ASV772,motu672,Parastenocarididae,Harpacticoid copepod,family,NA,NA,NA,1,NA,NA,NA,NA,48,NA,NA,Parastenocarididae,Harpacticoid copepod,2018_koe1_surface,koe1,beach_seine,2018-07-20,2018-07-18,2018,surface,2,edna_koe1_15,surface,biological,14.6,22.81,8.03,11.3,30.52,8.08,2.3,1000,0,51.77258216,-127.8758992,sand,y,500,p,none,none,none_sand,none_sand,94.59,0.00408744,30,Metazoa,Arthropoda,Arthropoda,Harpacticoida,Parastenocarididae,NA,1,0,TRUE,ASV772,1,NA
edna0104,ASV1293,motu1094,Asteriidae,Sea star,family,NA,NA,NA,1,NA,NA,NA,NA,16,NA,NA,Asteriidae,Sea star,2018_koe1_surface,koe1,beach_seine,2018-07-20,2018-07-18,2018,surface,2,edna_koe1_15,surface,biological,14.6,22.81,8.03,11.3,30.52,8.08,2.3,1000,0,51.77258216,-127.8758992,sand,y,500,p,none,none,none_sand,none_sand,100,1.96163e-160,313,Metazoa,Echinodermata,Echinodermata,Forcipulatida,Asteriidae,NA,0,0,TRUE,ASV1293,1,NA
edna0104,ASV2490,motu2027,Phacellophora camtschatica,Fried egg jellyfish,species,NA,NA,NA,1,NA,NA,NA,NA,8,NA,6,Phacellophora camtschatica,Fried egg jellyfish,2018_koe1_surface,koe1,beach_seine,2018-07-20,2018-07-18,2018,surface,2,edna_koe1_15,surface,biological,14.6,22.81,8.03,11.3,30.52,8.08,2.3,1000,0,51.77258216,-127.8758992,sand,y,500,p,none,none,none_sand,none_sand,100,1.96163e-160,313,Metazoa,Cnidaria,Scyphozoa,Semaeostomeae,Phacellophoridae,Phacellophora,0,0,TRUE,ASV2490,1,Phacellophora camtschatica
edna0104,ASV3928,motu1438,Aurelia labiata,Moon jelly species,species,NA,NA,NA,1,NA,NA,NA,NA,54,NA,NA,Aurelia labiata,Moon jelly species,2018_koe1_surface,koe1,beach_seine,2018-07-20,2018-07-18,2018,surface,2,edna_koe1_15,surface,biological,14.6,22.81,8.03,11.3,30.52,8.08,2.3,1000,0,51.77258216,-127.8758992,sand,y,500,p,none,none,none_sand,none_sand,99.36,4.246189999999999e-157,307,Metazoa,Cnidaria,Scyphozoa,Semaeostomeae,Ulmaridae,Aurelia,0,0,TRUE,ASV1722,4,Aurelia labiata
edna0104,ASV4354,motu150,Pseudocalanus mimus,Calanoid copepod,species,NA,NA,NA,1,NA,NA,NA,NA,55,NA,NA,Pseudocalanus mimus,Calanoid copepod,2018_koe1_surface,koe1,beach_seine,2018-07-20,2018-07-18,2018,surface,2,edna_koe1_15,surface,biological,14.6,22.81,8.03,11.3,30.52,8.08,2.3,1000,0,51.77258216,-127.8758992,sand,y,500,p,none,none,none_sand,none_sand,100,1.18898e-152,299,Metazoa,Arthropoda,Copepoda,Calanoida,Clausocalanidae,Pseudocalanus,0,0,TRUE,ASV171,10,Pseudocalanus mimus
edna0104,ASV4382,motu3418,Thysanoessa spinifera,Krill,species,NA,NA,NA,1,NA,NA,NA,NA,6,NA,NA,Thysanoessa spinifera,Krill,2018_koe1_surface,koe1,beach_seine,2018-07-20,2018-07-18,2018,surface,2,edna_koe1_15,surface,biological,14.6,22.81,8.03,11.3,30.52,8.08,2.3,1000,0,51.77258216,-127.8758992,sand,y,500,p,none,none,none_sand,none_sand,100,2.4909699999999984e-154,302,Metazoa,Arthropoda,Malacostraca,Euphausiacea,Euphausiidae,Thysanoessa,0,0,TRUE,ASV4382,1,Thysanoessa spinifera
edna0104,ASV5484,motu1419,Aurelia labiata,Moon jelly species,species,NA,NA,NA,1,NA,NA,NA,NA,28,NA,NA,Aurelia labiata,Moon jelly species,2018_koe1_surface,koe1,beach_seine,2018-07-20,2018-07-18,2018,surface,2,edna_koe1_15,surface,biological,14.6,22.81,8.03,11.3,30.52,8.08,2.3,1000,0,51.77258216,-127.8758992,sand,y,500,p,none,none,none_sand,none_sand,99.36,4.246189999999999e-157,307,Metazoa,Cnidaria,Scyphozoa,Semaeostomeae,Ulmaridae,Aurelia,0,0,TRUE,ASV1698,4,Aurelia labiata
edna0104,ASV1502,motu1269,Oithona similis,Cyclopoid copepod,species,NA,NA,NA,1,NA,NA,NA,NA,6,NA,NA,Oithona similis,Cyclopoid copepod,2018_koe1_surface,koe1,beach_seine,2018-07-20,2018-07-18,2018,surface,2,edna_koe1_15,surface,biological,14.6,22.81,8.03,11.3,30.52,8.08,2.3,1000,0,51.77258216,-127.8758992,sand,y,500,p,none,none,none_sand,none_sand,96.17,2.0179399999999996e-140,277,Metazoa,Arthropoda,Copepoda,Cyclopoida,Oithonidae,Oithona,0,0,TRUE,ASV1502,1,Oithona similis
edna0105,ASV634,motu517,Balanus,Barnacle species,genus,NA,NA,NA,1,NA,NA,NA,NA,3,NA,NA,Balanus,Barnacle species,2018_koe1_surface,koe1,beach_seine,2018-07-20,2018-07-18,2018,surface,3,edna_koe1_30,surface,biological,14.6,22.64,8.02,12.2,29.48,8.02,2.5,1000,0,51.77230921,-127.87611,sand,y,500,p,none,none,none_sand,none_sand,100,1.4886099999999998e-156,306,Metazoa,Arthropoda,Arthropoda,Balanomorpha,Balanidae,Balanus,0,0,TRUE,ASV587,10,NA
edna0105,ASV1081,motu213,Balanus glandula,Acorn barnacle,species,NA,NA,NA,1,NA,NA,NA,NA,19,NA,NA,Balanus glandula,Acorn barnacle,2018_koe1_surface,koe1,beach_seine,2018-07-20,2018-07-18,2018,surface,3,edna_koe1_30,surface,biological,14.6,22.64,8.02,12.2,29.48,8.02,2.5,1000,0,51.77230921,-127.87611,sand,y,500,p,none,none,none_sand,none_sand,99.68,1.5051499999999994e-156,306,Metazoa,Arthropoda,Thecostraca,Balanomorpha,Balanidae,Balanus,0,0,TRUE,ASV242,15,Balanus glandula
edna0105,ASV1859,motu1549,Aurelia,Moon jelly species,genus,NA,NA,NA,1,NA,NA,NA,NA,22,NA,37,Aurelia,Moon jelly species,2018_koe1_surface,koe1,beach_seine,2018-07-20,2018-07-18,2018,surface,3,edna_koe1_30,surface,biological,14.6,22.64,8.02,12.2,29.48,8.02,2.5,1000,0,51.77230921,-127.87611,sand,y,500,p,none,none,none_sand,none_sand,100,1.96163e-160,313,Metazoa,Cnidaria,Cnidaria,Semaeostomeae,Ulmaridae,Aurelia,0,0,TRUE,ASV1859,2,NA
edna0105,ASV3774,motu2971,Paranais,Freshwater oligochaete,genus,NA,NA,NA,1,NA,NA,NA,NA,2,NA,NA,Paranais,Freshwater oligochaete,2018_koe1_surface,koe1,beach_seine,2018-07-20,2018-07-18,2018,surface,3,edna_koe1_30,surface,biological,14.6,22.64,8.02,12.2,29.48,8.02,2.5,1000,0,51.77230921,-127.87611,sand,y,500,p,none,none,none_sand,none_sand,90.85,2.6449e-109,221,Metazoa,Annelida,Annelida,Tubificida,Naididae,Paranais,0,0,TRUE,ASV3774,2,NA
edna0105,ASV4524,motu334,Synchaeta pectinata,Rotifer,species,NA,NA,NA,1,NA,NA,NA,NA,8,NA,NA,Synchaeta pectinata,Rotifer,2018_koe1_surface,koe1,beach_seine,2018-07-20,2018-07-18,2018,surface,3,edna_koe1_30,surface,biological,14.6,22.64,8.02,12.2,29.48,8.02,2.5,1000,0,51.77230921,-127.87611,sand,y,500,p,none,none,none_sand,none_sand,90.16,7.65451e-110,222,Metazoa,Rotifera,Eurotatoria,Ploima,Synchaetidae,Synchaeta,0,0,TRUE,ASV377,5,Synchaeta pectinata
edna0105,ASV6491,motu5028,Hiatella,Clam species,genus,NA,NA,NA,1,NA,NA,NA,NA,10,NA,5,Hiatella,Clam species,2018_koe1_surface,koe1,beach_seine,2018-07-20,2018-07-18,2018,surface,3,edna_koe1_30,surface,biological,14.6,22.64,8.02,12.2,29.48,8.02,2.5,1000,0,51.77230921,-127.87611,sand,y,500,p,none,none,none_sand,none_sand,100,8.377409999999999e-45,105,Metazoa,Mollusca,Mollusca,Adapedonta,Hiatellidae,Hiatella,0,0,TRUE,ASV6491,1,NA
edna0105,ASV6953,motu5413,Calanidae,Calanoid copepod,family,NA,NA,NA,1,NA,NA,NA,NA,4,NA,NA,Calanidae,Calanoid copepod,2018_koe1_surface,koe1,beach_seine,2018-07-20,2018-07-18,2018,surface,3,edna_koe1_30,surface,biological,14.6,22.64,8.02,12.2,29.48,8.02,2.5,1000,0,51.77230921,-127.87611,sand,y,500,p,none,none,none_sand,none_sand,94.74,3.11868e-4,32,Metazoa,Arthropoda,Arthropoda,Calanoida,Calanidae,NA,0,0,TRUE,ASV6953,1,NA
edna0105,ASV6962,motu5417,Leucocephalonemertes,Ribbon worm,genus,NA,NA,NA,1,NA,NA,NA,NA,3,NA,8,Leucocephalonemertes,Ribbon worm,2018_koe1_surface,koe1,beach_seine,2018-07-20,2018-07-18,2018,surface,3,edna_koe1_30,surface,biological,14.6,22.64,8.02,12.2,29.48,8.02,2.5,1000,0,51.77230921,-127.87611,sand,y,500,p,none,none,none_sand,none_sand,97.22,8.41224e-5,33,Metazoa,Nemertea,Nemertea,Heteronemertea,Lineidae,Leucocephalonemertes,0,0,TRUE,ASV6962,1,NA
edna0105,ASV7098,motu5530,Ophiotrichidae,Brittle star species,family,NA,NA,NA,1,NA,NA,NA,NA,4,NA,NA,Ophiotrichidae,Brittle star species,2018_koe1_surface,koe1,beach_seine,2018-07-20,2018-07-18,2018,surface,3,edna_koe1_30,surface,biological,14.6,22.64,8.02,12.2,29.48,8.02,2.5,1000,0,51.77230921,-127.87611,sand,y,500,p,none,none,none_sand,none_sand,91.11,8.67108e-5,33,Metazoa,Echinodermata,Echinodermata,Amphilepidida,Ophiotrichidae,NA,0,0,TRUE,ASV7098,1,NA
edna0107,ASV233,motu74,Euchlanidae,Rotifer,family,NA,NA,NA,1,NA,NA,NA,NA,84,NA,NA,No Results,No Results,2018_sni1_surface,sni1,beach_seine,2018-07-18,2018-07-16,2018,surface,2,edna_sni1_15,surface,biological,10.9,29.67,8.06,9.1,31.26,7.77,4.8,1000,0,51.83866886,-128.0594418,mud,n,80,p,seagrass,zostera,seagrass_mud,zostera_mud,91.35,3.005919999999998e-29,77,Metazoa,Rotifera,Rotifera,Ploima,Euchlanidae,NA,1,NA,TRUE,ASV84,2,NA
edna0107,ASV682,motu593,Strongylocentrotus droebachiensis,Green sea urcin,species,NA,NA,NA,1,NA,NA,NA,NA,2,NA,NA,Strongylocentrotus droebachiensis,Green sea urcin,2018_sni1_surface,sni1,beach_seine,2018-07-18,2018-07-16,2018,surface,2,edna_sni1_15,surface,biological,10.9,29.67,8.06,9.1,31.26,7.77,4.8,1000,0,51.83866886,-128.0594418,mud,n,80,p,seagrass,zostera,seagrass_mud,zostera_mud,100,1.96163e-160,313,Metazoa,Echinodermata,Echinoidea,Camarodonta,Strongylocentrotidae,Strongylocentrotus,0,0,TRUE,ASV682,2,Strongylocentrotus droebachiensis
edna0107,ASV3096,motu2491,Saxidomus gigantea,Butter clam,species,NA,NA,NA,1,NA,NA,NA,NA,89,NA,47,Saxidomus gigantea,Butter clam,2018_sni1_surface,sni1,beach_seine,2018-07-18,2018-07-16,2018,surface,2,edna_sni1_15,surface,biological,10.9,29.67,8.06,9.1,31.26,7.77,4.8,1000,0,51.83866886,-128.0594418,mud,n,80,p,seagrass,zostera,seagrass_mud,zostera_mud,99.68,9.126599999999999e-159,310,Metazoa,Mollusca,Bivalvia,Venerida,Veneridae,Saxidomus,0,0,TRUE,ASV3096,1,Saxidomus gigantea
edna0107,ASV3148,motu2526,Cardiida,Mussel species,order,NA,NA,NA,1,NA,NA,NA,NA,4,NA,NA,Cardiida,Mussel species,2018_sni1_surface,sni1,beach_seine,2018-07-18,2018-07-16,2018,surface,2,edna_sni1_15,surface,biological,10.9,29.67,8.06,9.1,31.26,7.77,4.8,1000,0,51.83866886,-128.0594418,mud,n,80,p,seagrass,zostera,seagrass_mud,zostera_mud,100,0.0374129,28,Metazoa,Mollusca,Mollusca,Cardiida,NA,NA,0,0,TRUE,ASV3148,1,NA
edna0107,ASV4052,motu3175,Spionidae,Spionid polychaete,family,NA,NA,NA,1,NA,NA,NA,NA,21,NA,35,Spionidae,Spionid polychaete,2018_sni1_surface,sni1,beach_seine,2018-07-18,2018-07-16,2018,surface,2,edna_sni1_15,surface,biological,10.9,29.67,8.06,9.1,31.26,7.77,4.8,1000,0,51.83866886,-128.0594418,mud,n,80,p,seagrass,zostera,seagrass_mud,zostera_mud,100,1.96163e-160,313,Metazoa,Annelida,Annelida,Spionida,Spionidae,NA,0,0,TRUE,ASV4052,1,NA
edna0107,ASV3161,motu2534,Membranipora membranacea,Coffin box bryozoan,species,NA,NA,NA,1,NA,NA,NA,NA,10,NA,NA,Membranipora membranacea,Coffin box bryozoan,2018_sni1_surface,sni1,beach_seine,2018-07-18,2018-07-16,2018,surface,2,edna_sni1_15,surface,biological,10.9,29.67,8.06,9.1,31.26,7.77,4.8,1000,0,51.83866886,-128.0594418,mud,n,80,p,seagrass,zostera,seagrass_mud,zostera_mud,100,9.252979999999995e-139,274,Metazoa,Bryozoa,Gymnolaemata,Cheilostomatida,Membraniporidae,Membranipora,0,0,TRUE,ASV3161,1,Membranipora membranacea
edna0108,ASV4194,motu3289,Synchaeta triophthalma,Rotifer,species,NA,NA,NA,1,NA,NA,NA,NA,15,NA,10,Synchaeta triophthalma,Rotifer,2018_sni1_surface,sni1,beach_seine,2018-07-18,2018-07-16,2018,surface,3,edna_sni1_30,surface,biological,11.2,29.61,8.1,9.1,3126,7.79,3.6,1000,0,51.83867217,-128.0597179,mud,n,80,p,seagrass,zostera,seagrass_mud,zostera_mud,91.83,7.600549999999996e-115,231,Metazoa,Rotifera,Eurotatoria,Ploima,Synchaetidae,Synchaeta,0,0,TRUE,ASV4194,1,Synchaeta triophthalma
edna0108,ASV6838,motu5317,Olividae,Sea snail species,family,NA,NA,NA,1,NA,NA,NA,NA,7,NA,NA,Olividae,Sea snail species,2018_sni1_surface,sni1,beach_seine,2018-07-18,2018-07-16,2018,surface,3,edna_sni1_30,surface,biological,11.2,29.61,8.1,9.1,3126,7.79,3.6,1000,0,51.83867217,-128.0597179,mud,n,80,p,seagrass,zostera,seagrass_mud,zostera_mud,90.16,8.8991e-10,42,Metazoa,Mollusca,Mollusca,Neogastropoda,Olividae,NA,0,0,TRUE,ASV6838,1,NA
edna0109,ASV377,motu334,Synchaeta pectinata,Rotifer,species,NA,NA,NA,1,NA,NA,NA,NA,2,NA,NA,Synchaeta pectinata,Rotifer,2018_sni2_surface,sni2,beach_seine,2018-07-18,2018-07-16,2018,surface,1,edna_sni2_00,surface,biological,15.1,26.73,8.39,10.6,30.27,8.23,5.8,1000,0,51.817402800000004,-128.0302233,cobble,n,70,p,macroalgae,algae,macroalgae_cobble,algae_cobble,90.48,1.6452299999999999e-111,225,Metazoa,Rotifera,Eurotatoria,Ploima,Synchaetidae,Synchaeta,0,0,TRUE,ASV377,5,Synchaeta pectinata
edna0109,ASV4778,motu3698,Saccocirrus,Polychaete,genus,NA,NA,NA,1,NA,NA,NA,NA,8,NA,NA,Saccocirrus,Polychaete,2018_sni2_surface,sni2,beach_seine,2018-07-18,2018-07-16,2018,surface,1,edna_sni2_00,surface,biological,15.1,26.73,8.39,10.6,30.27,8.23,5.8,1000,0,51.817402800000004,-128.0302233,cobble,n,70,p,macroalgae,algae,macroalgae_cobble,algae_cobble,100,2.4540699999999983e-154,302,Metazoa,Annelida,Polychaeta,NA,Saccocirridae,Saccocirrus,0,0,TRUE,ASV4778,1,NA
edna0109,ASV6946,motu1288,Protodorvillea gracilis,Dorvilleid polychaete,species,NA,NA,NA,1,NA,NA,NA,NA,4,NA,NA,Protodorvillea gracilis,Dorvilleid polychaete,2018_sni2_surface,sni2,beach_seine,2018-07-18,2018-07-16,2018,surface,1,edna_sni2_00,surface,biological,15.1,26.73,8.39,10.6,30.27,8.23,5.8,1000,0,51.817402800000004,-128.0302233,cobble,n,70,p,macroalgae,algae,macroalgae_cobble,algae_cobble,100,5.603399999999998e-156,305,Metazoa,Annelida,Polychaeta,Eunicida,Dorvilleidae,Protodorvillea,0,0,TRUE,ASV1527,2,Protodorvillea gracilis
edna0110,ASV679,motu591,Phyllodocida,Polychaete,order,NA,NA,NA,1,NA,NA,NA,NA,31,NA,19,Phyllodocida,Polychaete,2018_sni2_surface,sni2,beach_seine,2018-07-18,2018-07-16,2018,surface,2,edna_sni2_15,surface,biological,15.3,26.75,8.39,10.5,30.33,8.21,6,1000,0,51.81736319,-128.0299728,cobble,n,70,p,macroalgae,algae,macroalgae_cobble,algae_cobble,100,0.0603188,28,Metazoa,Annelida,Annelida,Phyllodocida,NA,NA,0,0,TRUE,ASV679,1,NA
edna0110,ASV733,motu637,Phyllodocida,Polychaete,order,NA,NA,NA,1,NA,NA,NA,NA,23,NA,NA,Phyllodocida,Polychaete,2018_sni2_surface,sni2,beach_seine,2018-07-18,2018-07-16,2018,surface,2,edna_sni2_15,surface,biological,15.3,26.75,8.39,10.5,30.33,8.21,6,1000,0,51.81736319,-128.0299728,cobble,n,70,p,macroalgae,algae,macroalgae_cobble,algae_cobble,100,0.0603188,28,Metazoa,Annelida,Annelida,Phyllodocida,NA,NA,0,0,TRUE,ASV733,1,NA
edna0110,ASV750,motu654,Orobdella,Freshwater leech,genus,NA,NA,NA,1,NA,NA,NA,NA,4,NA,NA,Orobdella,Freshwater leech,2018_sni2_surface,sni2,beach_seine,2018-07-18,2018-07-16,2018,surface,2,edna_sni2_15,surface,biological,15.3,26.75,8.39,10.5,30.33,8.21,6,1000,0,51.81736319,-128.0299728,cobble,n,70,p,macroalgae,algae,macroalgae_cobble,algae_cobble,97.06,0.00121031,31,Metazoa,Annelida,Annelida,Erpobdelliformes,Orobdellidae,Orobdella,NA,NA,TRUE,ASV750,1,NA
edna0110,ASV3591,motu2845,Syllidae,Necklace worm species,family,NA,NA,NA,1,NA,NA,NA,NA,36,NA,NA,Syllidae,Necklace worm species,2018_sni2_surface,sni2,beach_seine,2018-07-18,2018-07-16,2018,surface,2,edna_sni2_15,surface,biological,15.3,26.75,8.39,10.5,30.33,8.21,6,1000,0,51.81736319,-128.0299728,cobble,n,70,p,macroalgae,algae,macroalgae_cobble,algae_cobble,99.68,1.5051499999999994e-156,306,Metazoa,Annelida,Polychaeta,Phyllodocida,Syllidae,NA,0,0,TRUE,ASV3591,1,NA
edna0110,ASV4747,motu2396,Mytilus,Mussel species,genus,NA,NA,NA,1,NA,NA,NA,NA,18,NA,25,Mytilus,Mussel species,2018_sni2_surface,sni2,beach_seine,2018-07-18,2018-07-16,2018,surface,2,edna_sni2_15,surface,biological,15.3,26.75,8.39,10.5,30.33,8.21,6,1000,0,51.81736319,-128.0299728,cobble,n,70,p,macroalgae,algae,macroalgae_cobble,algae_cobble,99.68,1.5051499999999994e-156,306,Metazoa,Mollusca,Mollusca,Mytilida,Mytilidae,Mytilus,0,0,TRUE,ASV2968,3,NA
edna0110,ASV5060,motu3897,Chaetognatha,Arrow worm,phylum,NA,NA,NA,1,NA,NA,NA,NA,11,NA,NA,Chaetognatha,Arrow worm,2018_sni2_surface,sni2,beach_seine,2018-07-18,2018-07-16,2018,surface,2,edna_sni2_15,surface,biological,15.3,26.75,8.39,10.5,30.33,8.21,6,1000,0,51.81736319,-128.0299728,cobble,n,70,p,macroalgae,algae,macroalgae_cobble,algae_cobble,95.02,1.67366e-81,171,Metazoa,Chaetognatha,NA,NA,NA,NA,0,0,TRUE,ASV5060,1,NA
edna0112,ASV679,motu591,Phyllodocida,Polychaete,order,NA,NA,NA,1,NA,NA,NA,NA,2,NA,NA,Phyllodocida,Polychaete,2018_koeye-estuary_surface,koeye estuary,seagrass,2018-08-14,NA,2018,surface,1,edna_ko_e3_00,repeat-surface,biological,NA,NA,NA,NA,NA,NA,3.5,1000,0,51.77950168,-127.8716413,sand,NA,NA,NA,seagrass,zostera,seagrass_sand,zostera_sand,100,0.0603188,28,Metazoa,Annelida,Annelida,Phyllodocida,NA,NA,0,0,TRUE,ASV679,1,NA
edna0112,ASV6196,motu4777,Armandia brevis,Opheliid polychaete,species,NA,NA,NA,1,NA,NA,NA,NA,9,NA,NA,Armandia brevis,Opheliid polychaete,2018_koeye-estuary_surface,koeye estuary,seagrass,2018-08-14,NA,2018,surface,1,edna_ko_e3_00,repeat-surface,biological,NA,NA,NA,NA,NA,NA,3.5,1000,0,51.77950168,-127.8716413,sand,NA,NA,NA,seagrass,zostera,seagrass_sand,zostera_sand,99.71,1.0003299999999998e-173,337,Metazoa,Annelida,Polychaeta,NA,Opheliidae,Armandia,0,0,TRUE,ASV6196,1,Armandia brevis
edna0113,ASV2731,motu2213,Pachylaelapidae,Mite,genus,NA,NA,NA,1,NA,NA,NA,NA,2,NA,NA,Pachylaelapidae,Mite,2018_koeye-estuary_surface,koeye estuary,seagrass,2018-08-14,NA,2018,surface,2,edna_ko_e3_15,repeat-surface,biological,14.6,29.62,8.15,14,29.83,8.15,3.6,1000,0,51.77943387,-127.8717879,sand,NA,NA,NA,seagrass,zostera,seagrass_sand,zostera_sand,100,0.00408744,30,Metazoa,Arthropoda,Arthropoda,Mesostigmata,NA,Pachylaelapidae,NA,NA,TRUE,ASV2731,2,NA
edna0113,ASV5022,motu3878,Pseudocalanus newmani,Calanoid copepod,species,NA,NA,NA,1,NA,NA,NA,NA,36,NA,NA,Pseudocalanus newmani,Calanoid copepod,2018_koeye-estuary_surface,koeye estuary,seagrass,2018-08-14,NA,2018,surface,2,edna_ko_e3_15,repeat-surface,biological,14.6,29.62,8.15,14,29.83,8.15,3.6,1000,0,51.77943387,-127.8717879,sand,NA,NA,NA,seagrass,zostera,seagrass_sand,zostera_sand,99.36,4.246189999999999e-157,307,Metazoa,Arthropoda,Copepoda,Calanoida,Clausocalanidae,Pseudocalanus,0,0,TRUE,ASV5022,1,Pseudocalanus newmani
edna0114,ASV679,motu591,Phyllodocida,Polychaete,order,NA,NA,NA,1,NA,NA,NA,NA,3,NA,NA,Phyllodocida,Polychaete,2018_koeye-estuary_surface,koeye estuary,seagrass,2018-08-14,NA,2018,surface,3,edna_ko_e3_30,repeat-surface,biological,NA,NA,NA,NA,NA,NA,3.5,1000,0,51.77929649,-127.871914,sand,NA,NA,NA,seagrass,zostera,seagrass_sand,zostera_sand,100,0.0603188,28,Metazoa,Annelida,Annelida,Phyllodocida,NA,NA,0,0,TRUE,ASV679,1,NA
edna0115,ASV6272,motu4842,Diphyidae,Siphonophore,family,NA,NA,NA,1,NA,NA,NA,NA,5,NA,NA,Diphyidae,Siphonophore,2018_choked-pass_surface,choked pass,seagrass,2018-08-16,NA,2018,surface,1,edna_ch_i3_00,repeat-surface,biological,NA,NA,NA,NA,NA,NA,7.3,1000,0,51.67529798,-128.1193259,sand,NA,NA,NA,seagrass,zostera,seagrass_sand,zostera_sand,92.17,5.99246e-106,215,Metazoa,Cnidaria,Cnidaria,Siphonophorae,Diphyidae,NA,0,0,TRUE,ASV6272,1,NA
edna0116,ASV5406,motu1483,Orthopyxis,Thecate Hydroid,genus,NA,NA,NA,1,NA,NA,NA,NA,5,NA,NA,Orthopyxis,Thecate Hydroid,2018_choked-pass_surface,choked pass,seagrass,2018-08-16,NA,2018,surface,2,edna_ch_i3_15,repeat-surface,biological,11.1,31.85,7.9,10.4,31.98,7.9,7.3,1000,0,51.67531843,-128.1195572,sand,NA,NA,NA,seagrass,zostera,seagrass_sand,zostera_sand,95.53,4.36807e-137,271,Metazoa,Cnidaria,Cnidaria,Leptothecata,Campanulariidae,Orthopyxis,0,0,TRUE,ASV1779,2,NA
edna0117,ASV682,motu593,Strongylocentrotus droebachiensis,Green sea urcin,species,NA,NA,NA,1,NA,NA,NA,NA,4,NA,NA,Strongylocentrotus droebachiensis,Green sea urcin,2018_choked-pass_surface,choked pass,seagrass,2018-08-16,NA,2018,surface,3,edna_ch_i3_30,repeat-surface,biological,NA,NA,NA,NA,NA,NA,7.3,1000,0,51.67533222,-128.1197834,sand,NA,NA,NA,seagrass,zostera,seagrass_sand,zostera_sand,100,1.96163e-160,313,Metazoa,Echinodermata,Echinoidea,Camarodonta,Strongylocentrotidae,Strongylocentrotus,0,0,TRUE,ASV682,2,Strongylocentrotus droebachiensis
edna0117,ASV1293,motu1094,Asteriidae,Sea star,family,NA,NA,NA,1,NA,NA,NA,NA,4,NA,NA,Asteriidae,Sea star,2018_choked-pass_surface,choked pass,seagrass,2018-08-16,NA,2018,surface,3,edna_ch_i3_30,repeat-surface,biological,NA,NA,NA,NA,NA,NA,7.3,1000,0,51.67533222,-128.1197834,sand,NA,NA,NA,seagrass,zostera,seagrass_sand,zostera_sand,100,1.96163e-160,313,Metazoa,Echinodermata,Echinodermata,Forcipulatida,Asteriidae,NA,0,0,TRUE,ASV1293,1,NA
edna0117,ASV1382,motu1166,Balanus nubilus,Giant acorn barnacle,species,NA,NA,NA,1,NA,NA,NA,NA,2,NA,NA,Balanus nubilus,Giant acorn barnacle,2018_choked-pass_surface,choked pass,seagrass,2018-08-16,NA,2018,surface,3,edna_ch_i3_30,repeat-surface,biological,NA,NA,NA,NA,NA,NA,7.3,1000,0,51.67533222,-128.1197834,sand,NA,NA,NA,seagrass,zostera,seagrass_sand,zostera_sand,99.68,9.126599999999999e-159,310,Metazoa,Arthropoda,Thecostraca,Balanomorpha,Balanidae,Balanus,0,0,TRUE,ASV1382,4,Balanus nubilus
edna0117,ASV2757,motu2230,Diplostomida,Flatworm,order,NA,NA,NA,1,NA,NA,NA,NA,3,NA,NA,Diplostomida,Flatworm,2018_choked-pass_surface,choked pass,seagrass,2018-08-16,NA,2018,surface,3,edna_ch_i3_30,repeat-surface,biological,NA,NA,NA,NA,NA,NA,7.3,1000,0,51.67533222,-128.1197834,sand,NA,NA,NA,seagrass,zostera,seagrass_sand,zostera_sand,96.88,0.0144888,29,Metazoa,Platyhelminthes,Platyhelminthes,Diplostomida,NA,NA,0,0,TRUE,ASV2757,1,NA
edna0117,ASV5406,motu1483,Orthopyxis,Thecate Hydroid,genus,NA,NA,NA,1,NA,NA,NA,NA,6,NA,NA,Orthopyxis,Thecate Hydroid,2018_choked-pass_surface,choked pass,seagrass,2018-08-16,NA,2018,surface,3,edna_ch_i3_30,repeat-surface,biological,NA,NA,NA,NA,NA,NA,7.3,1000,0,51.67533222,-128.1197834,sand,NA,NA,NA,seagrass,zostera,seagrass_sand,zostera_sand,95.53,4.36807e-137,271,Metazoa,Cnidaria,Cnidaria,Leptothecata,Campanulariidae,Orthopyxis,0,0,TRUE,ASV1779,2,NA
edna0117,ASV5056,motu3896,Diphyidae,Siphonophore,family,NA,NA,NA,1,NA,NA,NA,NA,8,NA,NA,Diphyidae,Siphonophore,2018_choked-pass_surface,choked pass,seagrass,2018-08-16,NA,2018,surface,3,edna_ch_i3_30,repeat-surface,biological,NA,NA,NA,NA,NA,NA,7.3,1000,0,51.67533222,-128.1197834,sand,NA,NA,NA,seagrass,zostera,seagrass_sand,zostera_sand,92.17,5.874179999999994e-106,215,Metazoa,Cnidaria,Cnidaria,Siphonophorae,Diphyidae,NA,0,0,TRUE,ASV5056,1,NA
edna0118,ASV1431,motu1208,Paracalanus,Calanoid copepod,genus,NA,NA,NA,1,NA,NA,NA,NA,5,NA,NA,Paracalanus,Calanoid copepod,2018_pruth-bay_surface,pruth bay,seagrass,2018-08-16,NA,2018,surface,1,edna_pr_i3_00,repeat-surface,biological,NA,NA,NA,NA,NA,NA,3,1000,0,51.64585977,-128.1195476,sand,NA,NA,NA,seagrass,zostera,seagrass_sand,zostera_sand,99.01,2.4714899999999987e-149,293,Metazoa,Arthropoda,Arthropoda,Calanoida,Paracalanidae,Paracalanus,0,0,TRUE,ASV1431,2,NA
edna0119,ASV4967,motu3844,Mya arenaria,Softshell clam,species,NA,NA,NA,1,NA,NA,NA,NA,2,NA,NA,Mya arenaria,Softshell clam,2018_pruth-bay_surface,pruth bay,seagrass,2018-08-16,NA,2018,surface,2,edna_pr_i3_15,repeat-surface,biological,15,30.05,8.19,14.3,30.45,8.24,3,1000,0,51.64592951,-128.1198341,sand,NA,NA,NA,seagrass,zostera,seagrass_sand,zostera_sand,100,4.2619199999999965e-162,316,Metazoa,Mollusca,Bivalvia,Myida,Myidae,Mya,0,0,TRUE,ASV4967,1,Mya arenaria
edna0122,ASV5653,motu4340,Lepidoptera,Hexapod,order,NA,NA,NA,1,NA,NA,NA,NA,3,NA,NA,Lepidoptera,Hexapod,2018_hdo_surface,hdo,beach_seine,2018-08-23,2018-08-23,2018,surface,2,edna_hdo_15,repeat-surface,biological,15.3,27.04,8.32,12.9,31.68,8.05,4.4,775,0,51.65508561,-128.1293971,mud,n,320,p,seagrass,zostera,seagrass_mud,zostera_mud,94.29,0.0603188,28,Metazoa,Arthropoda,Arthropoda,Lepidoptera,NA,NA,NA,NA,TRUE,ASV5653,1,NA
edna0122,ASV7100,motu5532,Paracalanus,Calanoid copepod,genus,NA,NA,NA,1,NA,NA,NA,NA,5,NA,NA,Paracalanus,Calanoid copepod,2018_hdo_surface,hdo,beach_seine,2018-08-23,2018-08-23,2018,surface,2,edna_hdo_15,repeat-surface,biological,15.3,27.04,8.32,12.9,31.68,8.05,4.4,775,0,51.65508561,-128.1293971,mud,n,320,p,seagrass,zostera,seagrass_mud,zostera_mud,100,9.00412e-154,301,Metazoa,Arthropoda,Copepoda,Calanoida,Paracalanidae,Paracalanus,0,0,TRUE,ASV7100,1,NA
edna0123,ASV377,motu334,Synchaeta pectinata,Rotifer,species,NA,NA,NA,1,NA,NA,NA,NA,6,NA,NA,Synchaeta pectinata,Rotifer,2018_hdo_surface,hdo,beach_seine,2018-08-23,2018-08-23,2018,surface,3,edna_hdo_30,repeat-surface,biological,NA,NA,NA,NA,NA,NA,4.8,875,0,51.6551346,-128.1292625,mud,n,320,p,seagrass,zostera,seagrass_mud,zostera_mud,90.48,1.6452299999999999e-111,225,Metazoa,Rotifera,Eurotatoria,Ploima,Synchaetidae,Synchaeta,0,0,TRUE,ASV377,5,Synchaeta pectinata
edna0123,ASV713,motu350,Synchaeta pectinata,Rotifer,species,NA,NA,NA,1,NA,NA,NA,NA,3,NA,NA,Synchaeta pectinata,Rotifer,2018_hdo_surface,hdo,beach_seine,2018-08-23,2018-08-23,2018,surface,3,edna_hdo_30,repeat-surface,biological,NA,NA,NA,NA,NA,NA,4.8,875,0,51.6551346,-128.1292625,mud,n,320,p,seagrass,zostera,seagrass_mud,zostera_mud,90.79,3.5361899999999996e-113,228,Metazoa,Rotifera,Eurotatoria,Ploima,Synchaetidae,Synchaeta,0,0,TRUE,ASV398,4,Synchaeta pectinata
edna0123,ASV1747,motu1458,Armandia brevis,Opheliid polychaete,species,NA,NA,NA,1,NA,NA,NA,NA,9,NA,NA,Armandia brevis,Opheliid polychaete,2018_hdo_surface,hdo,beach_seine,2018-08-23,2018-08-23,2018,surface,3,edna_hdo_30,repeat-surface,biological,NA,NA,NA,NA,NA,NA,4.8,875,0,51.6551346,-128.1292625,mud,n,320,p,seagrass,zostera,seagrass_mud,zostera_mud,100,3.4804099999999994e-173,336,Metazoa,Annelida,Polychaeta,NA,Opheliidae,Armandia,0,0,TRUE,ASV1747,1,Armandia brevis
edna0123,ASV5654,motu4341,Chthamalus dalli,Little brown barnacle,species,NA,NA,NA,1,NA,NA,NA,NA,25,NA,NA,Chthamalus dalli,Little brown barnacle,2018_hdo_surface,hdo,beach_seine,2018-08-23,2018-08-23,2018,surface,3,edna_hdo_30,repeat-surface,biological,NA,NA,NA,NA,NA,NA,4.8,875,0,51.6551346,-128.1292625,mud,n,320,p,seagrass,zostera,seagrass_mud,zostera_mud,98.34,5.34983e-146,287,Metazoa,Arthropoda,Thecostraca,Balanomorpha,Chthamalidae,Chthamalus,0,0,TRUE,ASV5654,1,Chthamalus dalli
edna0124,ASV270,motu199,Mytilus,Mussel species,genus,NA,NA,NA,1,NA,NA,NA,NA,47,NA,NA,Mytilus trossulus,Bay mussel,2018_ppo_surface,ppo,beach_seine,2018-08-23,2018-08-23,2018,surface,1,edna_ppo_00,repeat-surface,biological,NA,NA,NA,NA,NA,NA,5.1,725,0,51.65821943,-128.113325,mud,n,100,p,seagrass,zostera,seagrass_mud,zostera_mud,100,3.2351099999999996e-158,309,Metazoa,Mollusca,Mollusca,Mytilida,Mytilidae,Mytilus,0,0,TRUE,ASV226,18,NA
edna0124,ASV352,motu311,Synchaeta vorax,Rotifer,species,NA,NA,NA,1,NA,NA,NA,NA,4,NA,NA,Synchaeta vorax,Rotifer,2018_ppo_surface,ppo,beach_seine,2018-08-23,2018-08-23,2018,surface,1,edna_ppo_00,repeat-surface,biological,NA,NA,NA,NA,NA,NA,5.1,725,0,51.65821943,-128.113325,mud,n,100,p,seagrass,zostera,seagrass_mud,zostera_mud,98.08,7.129989999999999e-150,294,Metazoa,Rotifera,Eurotatoria,Ploima,Synchaetidae,Synchaeta,0,0,TRUE,ASV352,4,Synchaeta vorax
edna0124,ASV377,motu334,Synchaeta pectinata,Rotifer,species,NA,NA,NA,1,NA,NA,NA,NA,4,NA,NA,Synchaeta pectinata,Rotifer,2018_ppo_surface,ppo,beach_seine,2018-08-23,2018-08-23,2018,surface,1,edna_ppo_00,repeat-surface,biological,NA,NA,NA,NA,NA,NA,5.1,725,0,51.65821943,-128.113325,mud,n,100,p,seagrass,zostera,seagrass_mud,zostera_mud,90.48,1.6452299999999999e-111,225,Metazoa,Rotifera,Eurotatoria,Ploima,Synchaetidae,Synchaeta,0,0,TRUE,ASV377,5,Synchaeta pectinata
edna0124,ASV679,motu591,Phyllodocida,Polychaete,order,NA,NA,NA,1,NA,NA,NA,NA,10,NA,8,Phyllodocida,Polychaete,2018_ppo_surface,ppo,beach_seine,2018-08-23,2018-08-23,2018,surface,1,edna_ppo_00,repeat-surface,biological,NA,NA,NA,NA,NA,NA,5.1,725,0,51.65821943,-128.113325,mud,n,100,p,seagrass,zostera,seagrass_mud,zostera_mud,100,0.0603188,28,Metazoa,Annelida,Annelida,Phyllodocida,NA,NA,0,0,TRUE,ASV679,1,NA
edna0124,ASV733,motu637,Phyllodocida,Polychaete,order,NA,NA,NA,1,NA,NA,NA,NA,22,NA,NA,Phyllodocida,Polychaete,2018_ppo_surface,ppo,beach_seine,2018-08-23,2018-08-23,2018,surface,1,edna_ppo_00,repeat-surface,biological,NA,NA,NA,NA,NA,NA,5.1,725,0,51.65821943,-128.113325,mud,n,100,p,seagrass,zostera,seagrass_mud,zostera_mud,100,0.0603188,28,Metazoa,Annelida,Annelida,Phyllodocida,NA,NA,0,0,TRUE,ASV733,1,NA
edna0124,ASV1070,motu922,Pleurobrachia bachei,Pacific sea gooseberry,species,NA,NA,NA,1,NA,NA,NA,NA,6,NA,NA,Pleurobrachia bachei,Pacific sea gooseberry,2018_ppo_surface,ppo,beach_seine,2018-08-23,2018-08-23,2018,surface,1,edna_ppo_00,repeat-surface,biological,NA,NA,NA,NA,NA,NA,5.1,725,0,51.65821943,-128.113325,mud,n,100,p,seagrass,zostera,seagrass_mud,zostera_mud,100,1.96163e-160,313,Metazoa,Ctenophora,Tentaculata,Cydippida,Cydippidae,Pleurobrachia,0,0,TRUE,ASV1070,7,Pleurobrachia bachei
edna0124,ASV4020,motu3153,Synchaeta grimpei,Rotifer,species,NA,NA,NA,1,NA,NA,NA,NA,8,NA,NA,Synchaeta grimpei,Rotifer,2018_ppo_surface,ppo,beach_seine,2018-08-23,2018-08-23,2018,surface,1,edna_ppo_00,repeat-surface,biological,NA,NA,NA,NA,NA,NA,5.1,725,0,51.65821943,-128.113325,mud,n,100,p,seagrass,zostera,seagrass_mud,zostera_mud,90.46,4.491659999999999e-107,217,Metazoa,Rotifera,Eurotatoria,Ploima,Synchaetidae,Synchaeta,0,0,TRUE,ASV4020,1,Synchaeta grimpei
edna0125,ASV679,motu591,Phyllodocida,Polychaete,order,NA,NA,NA,1,NA,NA,NA,NA,10,NA,NA,Phyllodocida,Polychaete,2018_ppo_surface,ppo,beach_seine,2018-08-23,2018-08-23,2018,surface,2,edna_ppo_15,repeat-surface,biological,15.5,26.35,8.4,12.2,31.92,8,6.1,900,0,51.65810573,-128.1131937,mud,n,100,p,seagrass,zostera,seagrass_mud,zostera_mud,100,0.0603188,28,Metazoa,Annelida,Annelida,Phyllodocida,NA,NA,0,0,TRUE,ASV679,1,NA
edna0126,ASV1048,motu285,Paracalanus,Calanoid copepod,genus,NA,NA,NA,1,NA,NA,NA,NA,55,NA,NA,Paracalanus parvus parvus,Calanoid copepod,2018_ppo_surface,ppo,beach_seine,2018-08-23,2018-08-23,2018,surface,3,edna_ppo_30,repeat-surface,biological,NA,NA,NA,NA,NA,NA,5.8,1000,0,51.65799974,-128.113112,mud,n,100,p,seagrass,zostera,seagrass_mud,zostera_mud,99.67,1.14177e-152,299,Metazoa,Arthropoda,Arthropoda,Calanoida,Paracalanidae,Paracalanus,0,0,TRUE,ASV324,6,NA
edna0126,ASV1569,motu1322,Clinocardium nuttallii,Basket cockle,species,NA,NA,NA,1,NA,NA,NA,NA,7,NA,NA,Clinocardium nuttallii,Basket cockle,2018_ppo_surface,ppo,beach_seine,2018-08-23,2018-08-23,2018,surface,3,edna_ppo_30,repeat-surface,biological,NA,NA,NA,NA,NA,NA,5.8,1000,0,51.65799974,-128.113112,mud,n,100,p,seagrass,zostera,seagrass_mud,zostera_mud,100,2.4540699999999983e-154,302,Metazoa,Mollusca,Bivalvia,Cardiida,Cardiidae,Clinocardium,0,0,TRUE,ASV1569,2,Clinocardium nuttallii
edna0126,ASV2150,motu1772,Synchaeta grimpei,Rotifer,species,NA,NA,NA,1,NA,NA,NA,NA,4,NA,NA,Synchaeta grimpei,Rotifer,2018_ppo_surface,ppo,beach_seine,2018-08-23,2018-08-23,2018,surface,3,edna_ppo_30,repeat-surface,biological,NA,NA,NA,NA,NA,NA,5.8,1000,0,51.65799974,-128.113112,mud,n,100,p,seagrass,zostera,seagrass_mud,zostera_mud,91.45,4.459999999999999e-112,226,Metazoa,Rotifera,Eurotatoria,Ploima,Synchaetidae,Synchaeta,0,0,TRUE,ASV2150,2,Synchaeta grimpei
edna0126,ASV4294,motu3361,Saccocirrus,Polychaete,genus,NA,NA,NA,1,NA,NA,NA,NA,13,NA,NA,Saccocirrus,Polychaete,2018_ppo_surface,ppo,beach_seine,2018-08-23,2018-08-23,2018,surface,3,edna_ppo_30,repeat-surface,biological,NA,NA,NA,NA,NA,NA,5.8,1000,0,51.65799974,-128.113112,mud,n,100,p,seagrass,zostera,seagrass_mud,zostera_mud,100,1.96163e-160,313,Metazoa,Annelida,Polychaeta,NA,Saccocirridae,Saccocirrus,0,0,TRUE,ASV4294,1,NA
edna0127,ASV4904,motu1494,Saxidomus nuttalli,California butterclam,species,NA,NA,NA,1,NA,NA,NA,NA,17,NA,NA,Saxidomus nuttalli,California butterclam,2018_pba_surface,pba,beach_seine,2018-08-23,2018-08-25,2018,surface,1,edna_pba_00,repeat-surface,biological,NA,NA,NA,NA,NA,NA,4.3,675,0,51.64670412,-128.1188409,mud,y,180,p,seagrass,zostera,seagrass_mud,zostera_mud,99.35,1.97556e-155,304,Metazoa,Mollusca,Mollusca,Venerida,Veneridae,Saxidomus,0,0,TRUE,ASV1791,2,Saxidomus nuttalli
edna0128,ASV713,motu350,Synchaeta pectinata,Rotifer,species,NA,NA,NA,1,NA,NA,NA,NA,5,NA,2,Synchaeta pectinata,Rotifer,2018_pba_surface,pba,beach_seine,2018-08-23,2018-08-25,2018,surface,2,edna_pba_15,repeat-surface,biological,15.4,26.05,8.4,12.4,32.08,7.99,4.5,900,0,51.64655803,-128.1188964,mud,y,180,p,seagrass,zostera,seagrass_mud,zostera_mud,90.79,3.5361899999999996e-113,228,Metazoa,Rotifera,Eurotatoria,Ploima,Synchaetidae,Synchaeta,0,0,TRUE,ASV398,4,Synchaeta pectinata
edna0128,ASV1740,motu1396,Acartia (Acartiura) longiremis,Calanoid copepod,species,NA,NA,NA,1,NA,NA,NA,NA,9,NA,NA,Acartia (Acartiura) longiremis,Calanoid copepod,2018_pba_surface,pba,beach_seine,2018-08-23,2018-08-25,2018,surface,2,edna_pba_15,repeat-surface,biological,15.4,26.05,8.4,12.4,32.08,7.99,4.5,900,0,51.64655803,-128.1188964,mud,y,180,p,seagrass,zostera,seagrass_mud,zostera_mud,99.36,1.1805999999999995e-157,308,Metazoa,Arthropoda,Copepoda,Calanoida,Acartiidae,Acartia,0,0,TRUE,ASV1668,3,Acartia (Acartiura) longiremis
edna0128,ASV5653,motu4340,Lepidoptera,Hexapod,order,NA,NA,NA,1,NA,NA,NA,NA,6,NA,NA,Lepidoptera,Hexapod,2018_pba_surface,pba,beach_seine,2018-08-23,2018-08-25,2018,surface,2,edna_pba_15,repeat-surface,biological,15.4,26.05,8.4,12.4,32.08,7.99,4.5,900,0,51.64655803,-128.1188964,mud,y,180,p,seagrass,zostera,seagrass_mud,zostera_mud,94.29,0.0603188,28,Metazoa,Arthropoda,Arthropoda,Lepidoptera,NA,NA,NA,NA,TRUE,ASV5653,1,NA
edna0030,ASV5725,motu902,Arthropoda,Unknown arthropod,phylum,NA,NA,NA,1,NA,NA,NA,10,NA,NA,14,Arthropoda,Unknown arthropod,2018_hab4_surface,hab4,beach_seine,2018-07-12,2018-07-11,2018,surface,3,edna_hab4_30,surface,biological,15.9,26.09,8.45,NA,NA,NA,5.8,1000,0,51.66465401,-128.0797184,mud,y,200,sp,macroalgae,algae,macroalgae_mud,algae_mud,94.87,8.78538e-5,33,Metazoa,Arthropoda,NA,NA,NA,NA,NA,NA,TRUE,ASV1046,4,NA
edna0031,ASV1729,motu1443,Paracalanus,Calanoid copepod,genus,NA,NA,NA,1,NA,NA,NA,60,NA,NA,64,Paracalanus,Calanoid copepod,2018_pba_surface,pba,beach_seine,2018-07-12,2018-07-10,2018,surface,1,edna_pba_00,surface,biological,16.5,26.11,8.44,NA,NA,NA,5.8,1000,0,51.64670412,-128.1188409,mud,y,180,p,seagrass,zostera,seagrass_mud,zostera_mud,99.01,2.4714899999999987e-149,293,Metazoa,Arthropoda,Arthropoda,Calanoida,Paracalanidae,Paracalanus,0,0,TRUE,ASV1729,2,NA
edna0032,ASV623,motu543,Balanus,Barnacle species,genus,NA,NA,NA,1,NA,NA,NA,13,NA,NA,NA,Balanus,Barnacle species,2018_pba_depth,pba,beach_seine,2018-07-12,2018-07-10,2018,depth,1,edna_pba_15,depth,biological,12.9,26.46,8.3,NA,NA,NA,5.8,1000,0,51.64655803,-128.1188964,mud,y,180,p,seagrass,zostera,seagrass_mud,zostera_mud,100,1.4886099999999998e-156,306,Metazoa,Arthropoda,Arthropoda,Balanomorpha,Balanidae,Balanus,0,0,TRUE,ASV623,7,NA
edna0032,ASV2118,motu1747,Paracalanus,Calanoid copepod,genus,NA,NA,NA,1,NA,NA,NA,71,NA,NA,NA,Paracalanus,Calanoid copepod,2018_pba_depth,pba,beach_seine,2018-07-12,2018-07-10,2018,depth,1,edna_pba_15,depth,biological,12.9,26.46,8.3,NA,NA,NA,5.8,1000,0,51.64655803,-128.1188964,mud,y,180,p,seagrass,zostera,seagrass_mud,zostera_mud,99.68,1.172079999999999e-157,308,Metazoa,Arthropoda,Arthropoda,Calanoida,Paracalanidae,Paracalanus,0,0,TRUE,ASV2118,2,NA
edna0032,ASV4786,motu3701,Potential chimera,Potential chimera,species,NA,NA,NA,1,NA,NA,NA,5,NA,NA,12,Potential chimera,Potential chimera,2018_pba_depth,pba,beach_seine,2018-07-12,2018-07-10,2018,depth,1,edna_pba_15,depth,biological,12.9,26.46,8.3,NA,NA,NA,5.8,1000,0,51.64655803,-128.1188964,mud,y,180,p,seagrass,zostera,seagrass_mud,zostera_mud,94.44,0.00380707,30,Metazoa,Arthropoda,Arthropoda,Decapoda,NA,NA,0,0,TRUE,ASV4786,1,Potential chimera
edna0033,ASV233,motu74,Euchlanidae,Rotifer,family,NA,NA,NA,1,NA,NA,NA,62,NA,NA,60,No Results,No Results,2018_pba_surface,pba,beach_seine,2018-07-12,2018-07-10,2018,surface,2,edna_pba_30,surface,biological,16.5,26.06,8.43,NA,NA,NA,4,1000,0,51.64642312,-128.1189452,mud,y,180,p,seagrass,zostera,seagrass_mud,zostera_mud,91.35,3.005919999999998e-29,77,Metazoa,Rotifera,Rotifera,Ploima,Euchlanidae,NA,1,NA,TRUE,ASV84,2,NA
edna0033,ASV1599,motu1332,Mytilus californianus,California mussel,species,NA,NA,NA,1,NA,NA,NA,5,NA,NA,9,Mytilus californianus,California mussel,2018_pba_surface,pba,beach_seine,2018-07-12,2018-07-10,2018,surface,2,edna_pba_30,surface,biological,16.5,26.06,8.43,NA,NA,NA,4,1000,0,51.64642312,-128.1189452,mud,y,180,p,seagrass,zostera,seagrass_mud,zostera_mud,100,3.2351099999999996e-158,309,Metazoa,Mollusca,Bivalvia,Mytilida,Mytilidae,Mytilus,0,0,TRUE,ASV1582,5,Mytilus californianus
edna0033,ASV2968,motu2396,Mytilus,Mussel species,genus,NA,NA,NA,1,NA,NA,NA,31,NA,NA,40,Mytilus,Mussel species,2018_pba_surface,pba,beach_seine,2018-07-12,2018-07-10,2018,surface,2,edna_pba_30,surface,biological,16.5,26.06,8.43,NA,NA,NA,4,1000,0,51.64642312,-128.1189452,mud,y,180,p,seagrass,zostera,seagrass_mud,zostera_mud,100,3.2351099999999996e-158,309,Metazoa,Mollusca,Mollusca,Mytilida,Mytilidae,Mytilus,0,0,TRUE,ASV2968,3,NA
edna0034,ASV780,motu679,Aequorea,Crystal jelly species,genus,NA,NA,NA,1,NA,NA,NA,4,NA,NA,NA,Aequorea,Crystal jelly species,2018_pba_depth,pba,beach_seine,2018-07-12,2018-07-10,2018,depth,2,edna_pba_00,depth,biological,12.8,29.61,8.64,NA,NA,NA,4,1000,0,51.64670412,-128.1188409,mud,y,180,p,seagrass,zostera,seagrass_mud,zostera_mud,100,1.4886099999999998e-156,306,Metazoa,Cnidaria,Hydrozoa,Leptothecata,Aequoreidae,Aequorea,0,0,TRUE,ASV780,4,NA
edna0034,ASV1391,motu1175,Cistenides granulata,Trumpet worm,species,NA,NA,NA,1,NA,NA,NA,62,NA,NA,38,Cistenides granulata,Trumpet worm,2018_pba_depth,pba,beach_seine,2018-07-12,2018-07-10,2018,depth,2,edna_pba_00,depth,biological,12.8,29.61,8.64,NA,NA,NA,4,1000,0,51.64670412,-128.1188409,mud,y,180,p,seagrass,zostera,seagrass_mud,zostera_mud,100,2.51921e-159,311,Metazoa,Annelida,Polychaeta,Terebellida,Pectinariidae,Pectinaria,0,0,TRUE,ASV1391,1,Cistenides granulata
edna0034,ASV2326,motu1914,Membraniporidae,Bryozoan,family,NA,NA,NA,1,NA,NA,NA,3,NA,NA,NA,Membraniporidae,Bryozoan,2018_pba_depth,pba,beach_seine,2018-07-12,2018-07-10,2018,depth,2,edna_pba_00,depth,biological,12.8,29.61,8.64,NA,NA,NA,4,1000,0,51.64670412,-128.1188409,mud,y,180,p,seagrass,zostera,seagrass_mud,zostera_mud,90.95,6.1511e-76,161,Metazoa,Bryozoa,Bryozoa,Cheilostomatida,Membraniporidae,NA,0,0,TRUE,ASV2326,1,NA
edna0034,ASV3125,motu2512,Chaetognatha,Arrow worm,phylum,NA,NA,NA,1,NA,NA,NA,11,NA,NA,NA,Chaetognatha,Arrow worm,2018_pba_depth,pba,beach_seine,2018-07-12,2018-07-10,2018,depth,2,edna_pba_00,depth,biological,12.8,29.61,8.64,NA,NA,NA,4,1000,0,51.64670412,-128.1188409,mud,y,180,p,seagrass,zostera,seagrass_mud,zostera_mud,95.02,1.67366e-81,171,Metazoa,Chaetognatha,NA,NA,NA,NA,0,0,TRUE,ASV3125,1,NA
edna0034,ASV2941,motu2370,Axiothella rubrocincta,Bamboo worm,species,NA,NA,NA,1,NA,NA,NA,7,NA,NA,NA,Axiothella rubrocincta,Bamboo worm,2018_pba_depth,pba,beach_seine,2018-07-12,2018-07-10,2018,depth,2,edna_pba_00,depth,biological,12.8,29.61,8.64,NA,NA,NA,4,1000,0,51.64670412,-128.1188409,mud,y,180,p,seagrass,zostera,seagrass_mud,zostera_mud,100,1.4886099999999998e-156,306,Metazoa,Annelida,Polychaeta,NA,Maldanidae,Axiothella,0,0,TRUE,ASV2941,1,Axiothella rubrocincta
edna0034,ASV3017,motu2432,Euphausia pacifica,North Pacific krill,species,NA,NA,NA,1,NA,NA,NA,15,NA,NA,NA,Euphausia pacifica,North Pacific krill,2018_pba_depth,pba,beach_seine,2018-07-12,2018-07-10,2018,depth,2,edna_pba_00,depth,biological,12.8,29.61,8.64,NA,NA,NA,4,1000,0,51.64670412,-128.1188409,mud,y,180,p,seagrass,zostera,seagrass_mud,zostera_mud,100,3.2351099999999996e-158,309,Metazoa,Arthropoda,Malacostraca,Euphausiacea,Euphausiidae,Euphausia,0,0,TRUE,ASV3017,1,Euphausia pacifica
edna0035,ASV4967,motu3844,Mya arenaria,Softshell clam,species,NA,NA,NA,1,NA,NA,NA,3,NA,NA,NA,Mya arenaria,Softshell clam,2018_pba_surface,pba,beach_seine,2018-07-12,2018-07-10,2018,surface,3,edna_pba_15,surface,biological,16.6,26.08,8.4,NA,NA,NA,3.7,1000,0,51.64655803,-128.1188964,mud,y,180,p,seagrass,zostera,seagrass_mud,zostera_mud,100,4.2619199999999965e-162,316,Metazoa,Mollusca,Bivalvia,Myida,Myidae,Mya,0,0,TRUE,ASV4967,1,Mya arenaria
edna0036,ASV847,motu737,Haminoea vesicula,Blister glassy-bubble,species,NA,NA,NA,1,NA,NA,NA,3,NA,NA,NA,Haminoea vesicula,Blister glassy-bubble,2018_pba_depth,pba,beach_seine,2018-07-12,2018-07-10,2018,depth,3,edna_pba_30,depth,biological,12.7,29.67,8.28,NA,NA,NA,3.7,1000,0,51.64642312,-128.1189452,mud,y,180,p,seagrass,zostera,seagrass_mud,zostera_mud,100,1.96163e-160,313,Metazoa,Mollusca,Mollusca,Cephalaspidea,Haminoeidae,Haminoea,0,0,TRUE,ASV847,1,Haminoea vesicula
edna0036,ASV713,motu350,Synchaeta pectinata,Rotifer,species,NA,NA,NA,1,NA,NA,NA,22,NA,NA,NA,Synchaeta pectinata,Rotifer,2018_pba_depth,pba,beach_seine,2018-07-12,2018-07-10,2018,depth,3,edna_pba_30,depth,biological,12.7,29.67,8.28,NA,NA,NA,3.7,1000,0,51.64642312,-128.1189452,mud,y,180,p,seagrass,zostera,seagrass_mud,zostera_mud,90.79,3.5361899999999996e-113,228,Metazoa,Rotifera,Eurotatoria,Ploima,Synchaetidae,Synchaeta,0,0,TRUE,ASV398,4,Synchaeta pectinata
edna0036,ASV2422,motu796,Panopea generosa,Pacific geoduck,species,NA,NA,NA,1,NA,NA,NA,11,NA,NA,NA,Panopea generosa,Pacific geoduck,2018_pba_depth,pba,beach_seine,2018-07-12,2018-07-10,2018,depth,3,edna_pba_30,depth,biological,12.7,29.67,8.28,NA,NA,NA,3.7,1000,0,51.64642312,-128.1189452,mud,y,180,p,seagrass,zostera,seagrass_mud,zostera_mud,100,2.51921e-159,311,Metazoa,Mollusca,Bivalvia,Adapedonta,Hiatellidae,Panopea,0,0,TRUE,ASV916,4,Panopea generosa
edna0036,ASV1228,motu71,Acartia (Acartiura) longiremis,Calanoid copepod,species,NA,NA,NA,1,NA,NA,NA,18,NA,NA,NA,Acartia (Acartiura) longiremis,Calanoid copepod,2018_pba_depth,pba,beach_seine,2018-07-12,2018-07-10,2018,depth,3,edna_pba_30,depth,biological,12.7,29.67,8.28,NA,NA,NA,3.7,1000,0,51.64642312,-128.1189452,mud,y,180,p,seagrass,zostera,seagrass_mud,zostera_mud,99.68,9.126599999999999e-159,310,Metazoa,Arthropoda,Copepoda,Calanoida,Acartiidae,Acartia,0,0,TRUE,ASV81,23,Acartia (Acartiura) longiremis
edna0036,ASV6623,motu5134,Schistomeringos longicornis,Dorvilleid polychaete,species,NA,NA,NA,1,NA,NA,NA,7,NA,NA,NA,Schistomeringos longicornis,Dorvilleid polychaete,2018_pba_depth,pba,beach_seine,2018-07-12,2018-07-10,2018,depth,3,edna_pba_30,depth,biological,12.7,29.67,8.28,NA,NA,NA,3.7,1000,0,51.64642312,-128.1189452,mud,y,180,p,seagrass,zostera,seagrass_mud,zostera_mud,99.68,9.310369999999999e-159,310,Metazoa,Annelida,Polychaeta,Eunicida,Dorvilleidae,Schistomeringos,0,0,TRUE,ASV6623,1,Schistomeringos longicornis
edna0129,ASV308,motu270,Synchaeta baltica,Rotifer,species,NA,NA,NA,1,NA,NA,NA,NA,38,NA,32,Synchaeta baltica,Rotifer,2018_pba_surface,pba,beach_seine,2018-08-23,2018-08-25,2018,surface,3,edna_pba_30,repeat-surface,biological,NA,NA,NA,NA,NA,NA,4.6,820,0,51.64642312,-128.1189452,mud,y,180,p,seagrass,zostera,seagrass_mud,zostera_mud,90.79,3.5361899999999996e-113,228,Metazoa,Rotifera,Eurotatoria,Ploima,Synchaetidae,Synchaeta,0,0,TRUE,ASV308,3,Synchaeta baltica
edna0129,ASV328,motu288,Synchaeta baltica,Rotifer,species,NA,NA,NA,1,NA,NA,NA,NA,29,NA,20,Synchaeta baltica,Rotifer,2018_pba_surface,pba,beach_seine,2018-08-23,2018-08-25,2018,surface,3,edna_pba_30,repeat-surface,biological,NA,NA,NA,NA,NA,NA,4.6,820,0,51.64642312,-128.1189452,mud,y,180,p,seagrass,zostera,seagrass_mud,zostera_mud,90.79,3.5361899999999996e-113,228,Metazoa,Rotifera,Eurotatoria,Ploima,Synchaetidae,Synchaeta,0,0,TRUE,ASV328,3,Synchaeta baltica
edna0129,ASV1436,motu1213,Balanus glandula,Acorn barnacle,species,NA,NA,NA,1,NA,NA,NA,NA,212,NA,491,Balanus glandula,Acorn barnacle,2018_pba_surface,pba,beach_seine,2018-08-23,2018-08-25,2018,surface,3,edna_pba_30,repeat-surface,biological,NA,NA,NA,NA,NA,NA,4.6,820,0,51.64642312,-128.1189452,mud,y,180,p,seagrass,zostera,seagrass_mud,zostera_mud,99.35,7.002779999999996e-155,303,Metazoa,Arthropoda,Thecostraca,Balanomorpha,Balanidae,Balanus,0,0,TRUE,ASV1436,1,Balanus glandula
edna0129,ASV2081,motu1721,Clytia,Thecate Hydroid,genus,NA,NA,NA,1,NA,NA,NA,NA,11,NA,NA,Clytia,Thecate Hydroid,2018_pba_surface,pba,beach_seine,2018-08-23,2018-08-25,2018,surface,3,edna_pba_30,repeat-surface,biological,NA,NA,NA,NA,NA,NA,4.6,820,0,51.64642312,-128.1189452,mud,y,180,p,seagrass,zostera,seagrass_mud,zostera_mud,100,1.4886099999999998e-156,306,Metazoa,Cnidaria,Cnidaria,Leptothecata,Campanulariidae,Clytia,0,0,TRUE,ASV2081,1,NA
edna0129,ASV2465,motu1887,Synchaeta vorax,Rotifer,species,NA,NA,NA,1,NA,NA,NA,NA,4,NA,NA,Synchaeta vorax,Rotifer,2018_pba_surface,pba,beach_seine,2018-08-23,2018-08-25,2018,surface,3,edna_pba_30,repeat-surface,biological,NA,NA,NA,NA,NA,NA,4.6,820,0,51.64642312,-128.1189452,mud,y,180,p,seagrass,zostera,seagrass_mud,zostera_mud,95.13,1.20545e-132,263,Metazoa,Rotifera,Eurotatoria,Ploima,Synchaetidae,Synchaeta,0,0,TRUE,ASV2292,5,Synchaeta vorax
edna0129,ASV4705,motu922,Pleurobrachia bachei,Pacific sea gooseberry,species,NA,NA,NA,1,NA,NA,NA,NA,44,NA,NA,Pleurobrachia bachei,Pacific sea gooseberry,2018_pba_surface,pba,beach_seine,2018-08-23,2018-08-25,2018,surface,3,edna_pba_30,repeat-surface,biological,NA,NA,NA,NA,NA,NA,4.6,820,0,51.64642312,-128.1189452,mud,y,180,p,seagrass,zostera,seagrass_mud,zostera_mud,99.68,9.126599999999999e-159,310,Metazoa,Ctenophora,Tentaculata,Cydippida,Cydippidae,Pleurobrachia,0,0,TRUE,ASV1070,7,Pleurobrachia bachei
edna0130,ASV2237,motu270,Synchaeta baltica,Rotifer,species,NA,NA,NA,1,NA,NA,NA,NA,24,NA,NA,Synchaeta baltica,Rotifer,2018_pruth-grid_surface,pruth grid,seagrass_grid,2018-08-23,NA,2018,surface,1,pruth_grid_a1,grid,biological,NA,NA,NA,NA,NA,NA,4.6,675,0,51.64686071,-128.120174,sand,NA,NA,NA,seagrass,zostera,seagrass_sand,zostera_sand,91.11,7.600549999999996e-115,231,Metazoa,Rotifera,Eurotatoria,Ploima,Synchaetidae,Synchaeta,0,0,TRUE,ASV308,3,Synchaeta baltica
edna0130,ASV536,motu470,Paracalanus parvus parvus,Calanoid copepod,species,NA,NA,NA,1,NA,NA,NA,NA,13,NA,NA,Paracalanus parvus parvus,Calanoid copepod,2018_pruth-grid_surface,pruth grid,seagrass_grid,2018-08-23,NA,2018,surface,1,pruth_grid_a1,grid,biological,NA,NA,NA,NA,NA,NA,4.6,675,0,51.64686071,-128.120174,sand,NA,NA,NA,seagrass,zostera,seagrass_sand,zostera_sand,100,1.17454e-132,263,Metazoa,Arthropoda,Copepoda,Calanoida,Paracalanidae,Paracalanus,0,0,TRUE,ASV536,6,Paracalanus parvus parvus
edna0130,ASV2451,motu1746,Synchaeta vorax,Rotifer,species,NA,NA,NA,1,NA,NA,NA,NA,22,NA,NA,Synchaeta vorax,Rotifer,2018_pruth-grid_surface,pruth grid,seagrass_grid,2018-08-23,NA,2018,surface,1,pruth_grid_a1,grid,biological,NA,NA,NA,NA,NA,NA,4.6,675,0,51.64686071,-128.120174,sand,NA,NA,NA,seagrass,zostera,seagrass_sand,zostera_sand,95.13,1.20545e-132,263,Metazoa,Rotifera,Eurotatoria,Ploima,Synchaetidae,Synchaeta,0,0,TRUE,ASV2117,4,Synchaeta vorax
edna0130,ASV3033,motu2444,Staphylinidae,Hexapod,genus,NA,NA,NA,1,NA,NA,NA,NA,5,NA,NA,Staphylinidae,Hexapod,2018_pruth-grid_surface,pruth grid,seagrass_grid,2018-08-23,NA,2018,surface,1,pruth_grid_a1,grid,biological,NA,NA,NA,NA,NA,NA,4.6,675,0,51.64686071,-128.120174,sand,NA,NA,NA,seagrass,zostera,seagrass_sand,zostera_sand,90.14,3.11539e-14,50,Metazoa,Arthropoda,Arthropoda,Coleoptera,Staphylinidae,Staphylinidae,NA,NA,TRUE,ASV3033,1,NA
edna0132,ASV328,motu288,Synchaeta baltica,Rotifer,species,NA,NA,NA,1,NA,NA,NA,NA,22,NA,43,Synchaeta baltica,Rotifer,2018_pruth-grid_surface,pruth grid,seagrass_grid,2018-08-23,NA,2018,surface,3,pruth_grid_a3,grid,biological,NA,NA,NA,NA,NA,NA,5.5,840,0,51.64672589,-128.1193345,sand,NA,NA,NA,seagrass,zostera,seagrass_sand,zostera_sand,90.79,3.5361899999999996e-113,228,Metazoa,Rotifera,Eurotatoria,Ploima,Synchaetidae,Synchaeta,0,0,TRUE,ASV328,3,Synchaeta baltica
edna0132,ASV377,motu334,Synchaeta pectinata,Rotifer,species,NA,NA,NA,1,NA,NA,NA,NA,5,NA,4,Synchaeta pectinata,Rotifer,2018_pruth-grid_surface,pruth grid,seagrass_grid,2018-08-23,NA,2018,surface,3,pruth_grid_a3,grid,biological,NA,NA,NA,NA,NA,NA,5.5,840,0,51.64672589,-128.1193345,sand,NA,NA,NA,seagrass,zostera,seagrass_sand,zostera_sand,90.48,1.6452299999999999e-111,225,Metazoa,Rotifera,Eurotatoria,Ploima,Synchaetidae,Synchaeta,0,0,TRUE,ASV377,5,Synchaeta pectinata
edna0133,ASV670,motu583,Synchaeta triophthalma,Rotifer,species,NA,NA,NA,1,NA,NA,NA,NA,3,NA,NA,Synchaeta triophthalma,Rotifer,2018_pruth-grid_surface,pruth grid,seagrass_grid,2018-08-23,NA,2018,surface,4,pruth_grid_b1,grid,biological,NA,NA,NA,NA,NA,NA,3.2,1000,0,51.64660606,-128.120276,sand,NA,NA,NA,seagrass,zostera,seagrass_sand,zostera_sand,91.99,3.511259999999999e-118,237,Metazoa,Rotifera,Eurotatoria,Ploima,Synchaetidae,Synchaeta,0,0,TRUE,ASV670,4,Synchaeta triophthalma
edna0134,ASV4741,motu3674,Membranipora membranacea,Coffin box bryozoan,species,NA,NA,NA,1,NA,NA,NA,NA,6,NA,NA,Membranipora membranacea,Coffin box bryozoan,2018_pruth-grid_surface,pruth grid,seagrass_grid,2018-08-23,NA,2018,surface,5,pruth_grid_b2,grid,biological,15.4,25.96,8.44,13.5,31.65,8.06,3.2,775,0,51.64653616,-128.1198602,sand,NA,NA,NA,seagrass,zostera,seagrass_sand,zostera_sand,98.92,1.5710399999999999e-136,270,Metazoa,Bryozoa,Gymnolaemata,Cheilostomatida,Membraniporidae,Membranipora,0,0,TRUE,ASV4741,1,Membranipora membranacea
edna0134,ASV5807,motu285,Paracalanus,Calanoid copepod,genus,NA,NA,NA,1,NA,NA,NA,NA,14,NA,NA,Paracalanus parvus parvus,Calanoid copepod,2018_pruth-grid_surface,pruth grid,seagrass_grid,2018-08-23,NA,2018,surface,5,pruth_grid_b2,grid,biological,15.4,25.96,8.44,13.5,31.65,8.06,3.2,775,0,51.64653616,-128.1198602,sand,NA,NA,NA,seagrass,zostera,seagrass_sand,zostera_sand,99.34,5.31212e-151,296,Metazoa,Arthropoda,Arthropoda,Calanoida,Paracalanidae,Paracalanus,0,0,TRUE,ASV324,6,NA
edna0135,ASV5341,motu190,Mytilus trossulus,Bay mussel,species,NA,NA,NA,1,NA,NA,NA,NA,30,NA,NA,Mytilus trossulus,Bay mussel,2018_pruth-grid_surface,pruth grid,seagrass_grid,2018-08-23,NA,2018,surface,6,pruth_grid_b3,grid,biological,NA,NA,NA,NA,NA,NA,3.2,875,0,51.64647292,-128.1194311,sand,NA,NA,NA,seagrass,zostera,seagrass_sand,zostera_sand,99.68,1.5051499999999994e-156,306,Metazoa,Mollusca,Mollusca,Mytilida,Mytilidae,Mytilus,0,0,TRUE,ASV216,23,Mytilus trossulus
edna0136,ASV1729,motu1443,Paracalanus,Calanoid copepod,genus,NA,NA,NA,1,NA,NA,NA,NA,25,NA,NA,Paracalanus,Calanoid copepod,2018_pruth-grid_surface,pruth grid,seagrass_grid,2018-08-23,NA,2018,surface,7,pruth_grid_c1,grid,biological,NA,NA,NA,NA,NA,NA,2.6,600,0,51.64634177,-128.1203837,sand,NA,NA,NA,seagrass,zostera,seagrass_sand,zostera_sand,99.01,2.4714899999999987e-149,293,Metazoa,Arthropoda,Arthropoda,Calanoida,Paracalanidae,Paracalanus,0,0,TRUE,ASV1729,2,NA
edna0136,ASV2117,motu1746,Synchaeta vorax,Rotifer,species,NA,NA,NA,1,NA,NA,NA,NA,19,NA,NA,Synchaeta vorax,Rotifer,2018_pruth-grid_surface,pruth grid,seagrass_grid,2018-08-23,NA,2018,surface,7,pruth_grid_c1,grid,biological,NA,NA,NA,NA,NA,NA,2.6,600,0,51.64634177,-128.1203837,sand,NA,NA,NA,seagrass,zostera,seagrass_sand,zostera_sand,94.81,5.60839e-131,260,Metazoa,Rotifera,Eurotatoria,Ploima,Synchaetidae,Synchaeta,0,0,TRUE,ASV2117,4,Synchaeta vorax
edna0136,ASV5220,motu4012,Harpacticoida,Harpacticoid copepod,order,NA,NA,NA,1,NA,NA,NA,NA,15,NA,17,Harpacticoida,Harpacticoid copepod,2018_pruth-grid_surface,pruth grid,seagrass_grid,2018-08-23,NA,2018,surface,7,pruth_grid_c1,grid,biological,NA,NA,NA,NA,NA,NA,2.6,600,0,51.64634177,-128.1203837,sand,NA,NA,NA,seagrass,zostera,seagrass_sand,zostera_sand,97.44,4.3066999999999997e-147,289,Metazoa,Arthropoda,Copepoda,Harpacticoida,NA,NA,0,0,TRUE,ASV5220,1,NA
edna0137,ASV1445,motu1221,Cistenides granulata,Trumpet worm,species,NA,NA,NA,1,NA,NA,NA,NA,4,NA,NA,Cistenides granulata,Trumpet worm,2018_pruth-grid_surface,pruth grid,seagrass_grid,2018-08-23,NA,2018,surface,8,pruth_grid_c2,grid,biological,15.5,25.99,8.42,14.7,30.24,8.13,2.6,855,0,51.64626687,-128.1199599,sand,NA,NA,NA,seagrass,zostera,seagrass_sand,zostera_sand,100,1.4886099999999998e-156,306,Metazoa,Annelida,Polychaeta,Terebellida,Pectinariidae,Pectinaria,0,0,TRUE,ASV1445,1,Cistenides granulata
edna0138,ASV679,motu591,Phyllodocida,Polychaete,order,NA,NA,NA,1,NA,NA,NA,NA,11,NA,NA,Phyllodocida,Polychaete,2018_pruth-grid_surface,pruth grid,seagrass_grid,2018-08-23,NA,2018,surface,9,pruth_grid_c3,grid,biological,NA,NA,NA,NA,NA,NA,2.7,955,0,51.64619864,-128.1195361,sand,NA,NA,NA,seagrass,zostera,seagrass_sand,zostera_sand,100,0.0603188,28,Metazoa,Annelida,Annelida,Phyllodocida,NA,NA,0,0,TRUE,ASV679,1,NA
edna0139,ASV118,motu105,Mesocentrotus franciscanus,Red sea urchin,species,NA,NA,NA,1,NA,NA,NA,NA,162,NA,205,Mesocentrotus franciscanus,Red sea urchin,2018_wfb_surface,wfb,beach_seine,2018-08-24,2018-08-24,2018,surface,1,edna_wfb_00,repeat-surface,biological,NA,NA,NA,NA,NA,NA,5,1000,0,51.66858165,-128.1194495,sand,y,350,se,none,none,none_sand,none_sand,100,2.51921e-159,311,Metazoa,Echinodermata,Echinoidea,Camarodonta,Strongylocentrotidae,Mesocentrotus,0,0,TRUE,ASV118,8,Mesocentrotus franciscanus
edna0140,ASV7341,motu2821,Cardiida,Mussel species,order,NA,NA,NA,1,NA,NA,NA,NA,4,NA,NA,Cardiida,Mussel species,2018_wfb_surface,wfb,beach_seine,2018-08-24,2018-08-24,2018,surface,2,edna_wfb_15,repeat-surface,biological,11.8,32.57,7.97,10.7,32.76,7.85,5,1000,0,51.66850793,-128.1196609,sand,y,350,se,none,none,none_sand,none_sand,100,0.0381662,28,Metazoa,Mollusca,Mollusca,Cardiida,NA,NA,0,0,TRUE,ASV3551,2,NA
edna0141,ASV5779,motu4438,Pseudoscorpiones,Other arachnid,class,NA,NA,NA,1,NA,NA,NA,NA,2,NA,NA,Pseudoscorpiones,Other arachnid,2018_wfb_surface,wfb,beach_seine,2018-08-24,2018-08-24,2018,surface,3,edna_wfb_30,repeat-surface,biological,NA,NA,NA,NA,NA,NA,4.9,1000,0,51.66843974,-128.1199132,sand,y,350,se,none,none,none_sand,none_sand,91.89,1.43923e-17,56,Metazoa,Arthropoda,Arthropoda,NA,NA,NA,NA,NA,TRUE,ASV5779,2,NA
edna0143,ASV4554,motu412,Saxidomus,Washington clam species,genus,NA,NA,NA,1,NA,NA,NA,NA,48,NA,NA,Saxidomus,Washington clam species,2018_chp_surface,chp,beach_seine,2018-08-24,2018-08-25,2018,surface,2,edna_chp_15,repeat-surface,biological,11.5,31.82,7.97,10.8,32.41,7.97,3.5,1000,0,51.67628487,-128.1233672,sand,n,35,e,seagrass,zostera,seagrass_sand,zostera_sand,99.68,9.126599999999999e-159,310,Metazoa,Mollusca,Mollusca,Venerida,Veneridae,Saxidomus,0,0,TRUE,ASV467,12,NA
edna0144,ASV5592,motu4295,Synchaeta baltica,Rotifer,species,NA,NA,NA,1,NA,NA,NA,NA,26,NA,NA,Synchaeta baltica,Rotifer,2018_chp_surface,chp,beach_seine,2018-08-24,2018-08-25,2018,surface,3,edna_chp_30,repeat-surface,biological,NA,NA,NA,NA,NA,NA,3.5,1000,0,51.6763963,-128.123414,sand,n,35,e,seagrass,zostera,seagrass_sand,zostera_sand,91.08,2.73364e-114,230,Metazoa,Rotifera,Eurotatoria,Ploima,Synchaetidae,Synchaeta,0,0,TRUE,ASV5592,1,Synchaeta baltica
edna0144,ASV6122,motu4720,Cistenides granulata,Trumpet worm,species,NA,NA,NA,1,NA,NA,NA,NA,19,NA,NA,Cistenides granulata,Trumpet worm,2018_chp_surface,chp,beach_seine,2018-08-24,2018-08-25,2018,surface,3,edna_chp_30,repeat-surface,biological,NA,NA,NA,NA,NA,NA,3.5,1000,0,51.6763963,-128.123414,sand,n,35,e,seagrass,zostera,seagrass_sand,zostera_sand,99.02,1.49918e-151,297,Metazoa,Annelida,Polychaeta,Terebellida,Pectinariidae,Pectinaria,0,0,TRUE,ASV6122,1,Cistenides granulata
edna0145,ASV947,motu824,Synchaeta baltica,Rotifer,species,NA,NA,NA,1,NA,NA,NA,NA,11,NA,NA,Synchaeta baltica,Rotifer,2018_ssp_surface,ssp,beach_seine,2018-08-24,2018-08-24,2018,surface,1,edna_ssp_00,repeat-surface,biological,NA,NA,NA,NA,NA,NA,3.9,1000,0,51.67909247,-128.1153275,sand,y,455,se,seagrass,zostera,seagrass_sand,zostera_sand,91.08,2.73364e-114,230,Metazoa,Rotifera,Eurotatoria,Ploima,Synchaetidae,Synchaeta,0,0,TRUE,ASV947,1,Synchaeta baltica
edna0146,ASV733,motu637,Phyllodocida,Polychaete,order,NA,NA,NA,1,NA,NA,NA,NA,3,NA,NA,Phyllodocida,Polychaete,2018_ssp_surface,ssp,beach_seine,2018-08-24,2018-08-24,2018,surface,2,edna_ssp_15,repeat-surface,biological,10.9,32.09,7.93,10.5,32.7,7.92,3.8,1000,0,51.67894579,-128.115172,sand,y,455,se,seagrass,zostera,seagrass_sand,zostera_sand,100,0.0603188,28,Metazoa,Annelida,Annelida,Phyllodocida,NA,NA,0,0,TRUE,ASV733,1,NA
edna0146,ASV1091,motu939,Emplectonema viride,Green ribbon worm,species,NA,NA,NA,1,NA,NA,NA,NA,2,NA,NA,Emplectonema viride,Green ribbon worm,2018_ssp_surface,ssp,beach_seine,2018-08-24,2018-08-24,2018,surface,2,edna_ssp_15,repeat-surface,biological,10.9,32.09,7.93,10.5,32.7,7.92,3.8,1000,0,51.67894579,-128.115172,sand,y,455,se,seagrass,zostera,seagrass_sand,zostera_sand,100,1.96163e-160,313,Metazoa,Nemertea,Hoplonemertea,Monostilifera,Emplectonematidae,Emplectonema,0,0,TRUE,ASV1091,1,Emplectonema viride
edna0146,ASV6495,motu306,Synchaeta vorax,Rotifer,species,NA,NA,NA,1,NA,NA,NA,NA,5,NA,NA,Synchaeta vorax,Rotifer,2018_ssp_surface,ssp,beach_seine,2018-08-24,2018-08-24,2018,surface,2,edna_ssp_15,repeat-surface,biological,10.9,32.09,7.93,10.5,32.7,7.92,3.8,1000,0,51.67894579,-128.115172,sand,y,455,se,seagrass,zostera,seagrass_sand,zostera_sand,98.4,1.56335e-151,297,Metazoa,Rotifera,Eurotatoria,Ploima,Synchaetidae,Synchaeta,0,0,TRUE,ASV346,5,Synchaeta vorax
edna0146,ASV6496,motu311,Synchaeta vorax,Rotifer,species,NA,NA,NA,1,NA,NA,NA,NA,3,NA,NA,Synchaeta vorax,Rotifer,2018_ssp_surface,ssp,beach_seine,2018-08-24,2018-08-24,2018,surface,2,edna_ssp_15,repeat-surface,biological,10.9,32.09,7.93,10.5,32.7,7.92,3.8,1000,0,51.67894579,-128.115172,sand,y,455,se,seagrass,zostera,seagrass_sand,zostera_sand,98.4,1.56335e-151,297,Metazoa,Rotifera,Eurotatoria,Ploima,Synchaetidae,Synchaeta,0,0,TRUE,ASV352,4,Synchaeta vorax
edna0148,ASV4250,motu3233,Membranipora membranacea,Coffin box bryozoan,species,NA,NA,NA,1,NA,NA,NA,NA,16,NA,NA,Membranipora membranacea,Coffin box bryozoan,2018_choked-grid_surface,choked grid,seagrass_grid,2018-08-24,NA,2018,surface,1,choked_grid_a1,grid,biological,NA,NA,NA,NA,NA,NA,7,1000,0,51.6749926,-128.1202263,sand,NA,NA,NA,seagrass,zostera,seagrass_sand,zostera_sand,100,7.205389999999996e-140,276,Metazoa,Bryozoa,Gymnolaemata,Cheilostomatida,Membraniporidae,Membranipora,0,0,TRUE,ASV4121,4,Membranipora membranacea
edna0149,ASV5210,motu3165,Membranipora membranacea,Coffin box bryozoan,species,NA,NA,NA,1,NA,NA,NA,NA,3,NA,NA,Membranipora membranacea,Coffin box bryozoan,2018_choked-grid_surface,choked grid,seagrass_grid,2018-08-24,NA,2018,surface,2,choked_grid_a2,grid,biological,11.5,31.84,7.96,10.1,32.49,7.87,7,1000,0,51.6749926,-128.1197971,sand,NA,NA,NA,seagrass,zostera,seagrass_sand,zostera_sand,100,2.0106499999999996e-140,277,Metazoa,Bryozoa,Gymnolaemata,Cheilostomatida,Membraniporidae,Membranipora,0,0,TRUE,ASV4038,4,Membranipora membranacea
edna0150,ASV270,motu199,Mytilus,Mussel species,genus,NA,NA,NA,1,NA,NA,NA,NA,3,NA,NA,Mytilus trossulus,Bay mussel,2018_choked-grid_surface,choked grid,seagrass_grid,2018-08-24,NA,2018,surface,3,choked_grid_a3,grid,biological,NA,NA,NA,NA,NA,NA,6.8,1000,0,51.67499094,-128.1193519,sand,NA,NA,NA,seagrass,zostera,seagrass_sand,zostera_sand,100,3.2351099999999996e-158,309,Metazoa,Mollusca,Mollusca,Mytilida,Mytilidae,Mytilus,0,0,TRUE,ASV226,18,NA
edna0150,ASV679,motu591,Phyllodocida,Polychaete,order,NA,NA,NA,1,NA,NA,NA,NA,11,NA,NA,Phyllodocida,Polychaete,2018_choked-grid_surface,choked grid,seagrass_grid,2018-08-24,NA,2018,surface,3,choked_grid_a3,grid,biological,NA,NA,NA,NA,NA,NA,6.8,1000,0,51.67499094,-128.1193519,sand,NA,NA,NA,seagrass,zostera,seagrass_sand,zostera_sand,100,0.0603188,28,Metazoa,Annelida,Annelida,Phyllodocida,NA,NA,0,0,TRUE,ASV679,1,NA
edna0150,ASV1048,motu285,Paracalanus,Calanoid copepod,genus,NA,NA,NA,1,NA,NA,NA,NA,19,NA,NA,Paracalanus parvus parvus,Calanoid copepod,2018_choked-grid_surface,choked grid,seagrass_grid,2018-08-24,NA,2018,surface,3,choked_grid_a3,grid,biological,NA,NA,NA,NA,NA,NA,6.8,1000,0,51.67499094,-128.1193519,sand,NA,NA,NA,seagrass,zostera,seagrass_sand,zostera_sand,99.67,1.14177e-152,299,Metazoa,Arthropoda,Arthropoda,Calanoida,Paracalanidae,Paracalanus,0,0,TRUE,ASV324,6,NA
edna0150,ASV3252,motu2600,Manania handi,Stalked jellyfish,species,NA,NA,NA,1,NA,NA,NA,NA,6,NA,NA,Manania handi,Stalked jellyfish,2018_choked-grid_surface,choked grid,seagrass_grid,2018-08-24,NA,2018,surface,3,choked_grid_a3,grid,biological,NA,NA,NA,NA,NA,NA,6.8,1000,0,51.67499094,-128.1193519,sand,NA,NA,NA,seagrass,zostera,seagrass_sand,zostera_sand,100,3.2351099999999996e-158,309,Metazoa,Cnidaria,Cnidaria,Stauromedusae,Haliclystidae,Manania,0,0,TRUE,ASV3252,2,Manania handi
edna0151,ASV226,motu199,Mytilus trossulus,Bay mussel,species,NA,NA,NA,1,NA,NA,NA,NA,7,NA,NA,Mytilus trossulus,Bay mussel,2018_choked-grid_surface,choked grid,seagrass_grid,2018-08-24,NA,2018,surface,4,choked_grid_b1,grid,biological,NA,NA,NA,NA,NA,NA,6.9,1000,0,51.67473646,-128.1202236,sand,NA,NA,NA,seagrass,zostera,seagrass_sand,zostera_sand,100,3.2351099999999996e-158,309,Metazoa,Mollusca,Mollusca,Mytilida,Mytilidae,Mytilus,0,0,TRUE,ASV226,18,Mytilus trossulus
edna0151,ASV679,motu591,Phyllodocida,Polychaete,order,NA,NA,NA,1,NA,NA,NA,NA,6,NA,NA,Phyllodocida,Polychaete,2018_choked-grid_surface,choked grid,seagrass_grid,2018-08-24,NA,2018,surface,4,choked_grid_b1,grid,biological,NA,NA,NA,NA,NA,NA,6.9,1000,0,51.67473646,-128.1202236,sand,NA,NA,NA,seagrass,zostera,seagrass_sand,zostera_sand,100,0.0603188,28,Metazoa,Annelida,Annelida,Phyllodocida,NA,NA,0,0,TRUE,ASV679,1,NA
edna0151,ASV1582,motu1332,Mytilus californianus,California mussel,species,NA,NA,NA,1,NA,NA,NA,NA,8,NA,NA,Mytilus californianus,California mussel,2018_choked-grid_surface,choked grid,seagrass_grid,2018-08-24,NA,2018,surface,4,choked_grid_b1,grid,biological,NA,NA,NA,NA,NA,NA,6.9,1000,0,51.67473646,-128.1202236,sand,NA,NA,NA,seagrass,zostera,seagrass_sand,zostera_sand,100,3.2351099999999996e-158,309,Metazoa,Mollusca,Bivalvia,Mytilida,Mytilidae,Mytilus,0,0,TRUE,ASV1582,5,Mytilus californianus
edna0151,ASV5343,motu557,Macoma nasuta,Bent-nosed clam,species,NA,NA,NA,1,NA,NA,NA,NA,17,NA,13,Macoma nasuta,Bent-nosed clam,2018_choked-grid_surface,choked grid,seagrass_grid,2018-08-24,NA,2018,surface,4,choked_grid_b1,grid,biological,NA,NA,NA,NA,NA,NA,6.9,1000,0,51.67473646,-128.1202236,sand,NA,NA,NA,seagrass,zostera,seagrass_sand,zostera_sand,99.36,4.246189999999999e-157,307,Metazoa,Mollusca,Bivalvia,Cardiida,Tellinidae,Macoma,0,0,TRUE,ASV643,4,Macoma nasuta
edna0152,ASV416,motu366,Pseudocalanus mimus,Calanoid copepod,species,NA,NA,NA,1,NA,NA,NA,NA,7,NA,NA,Pseudocalanus mimus,Calanoid copepod,2018_choked-grid_surface,choked grid,seagrass_grid,2018-08-24,NA,2018,surface,5,choked_grid_b2,grid,biological,12.1,31.15,7.97,10.1,33,7.87,7.8,1000,0,51.67473313,-128.1197944,sand,NA,NA,NA,seagrass,zostera,seagrass_sand,zostera_sand,100,1.18898e-152,299,Metazoa,Arthropoda,Copepoda,Calanoida,Clausocalanidae,Pseudocalanus,0,0,TRUE,ASV416,7,Pseudocalanus mimus
edna0152,ASV3125,motu2512,Chaetognatha,Arrow worm,phylum,NA,NA,NA,1,NA,NA,NA,NA,14,NA,NA,Chaetognatha,Arrow worm,2018_choked-grid_surface,choked grid,seagrass_grid,2018-08-24,NA,2018,surface,5,choked_grid_b2,grid,biological,12.1,31.15,7.97,10.1,33,7.87,7.8,1000,0,51.67473313,-128.1197944,sand,NA,NA,NA,seagrass,zostera,seagrass_sand,zostera_sand,95.02,1.67366e-81,171,Metazoa,Chaetognatha,NA,NA,NA,NA,0,0,TRUE,ASV3125,1,NA
edna0152,ASV2731,motu2213,Pachylaelapidae,Mite,genus,NA,NA,NA,1,NA,NA,NA,NA,4,NA,NA,Pachylaelapidae,Mite,2018_choked-grid_surface,choked grid,seagrass_grid,2018-08-24,NA,2018,surface,5,choked_grid_b2,grid,biological,12.1,31.15,7.97,10.1,33,7.87,7.8,1000,0,51.67473313,-128.1197944,sand,NA,NA,NA,seagrass,zostera,seagrass_sand,zostera_sand,100,0.00408744,30,Metazoa,Arthropoda,Arthropoda,Mesostigmata,NA,Pachylaelapidae,NA,NA,TRUE,ASV2731,2,NA
edna0152,ASV4867,motu3765,Chaetognatha,Arrow worm,phylum,NA,NA,NA,1,NA,NA,NA,NA,14,NA,NA,Chaetognatha,Arrow worm,2018_choked-grid_surface,choked grid,seagrass_grid,2018-08-24,NA,2018,surface,5,choked_grid_b2,grid,biological,12.1,31.15,7.97,10.1,33,7.87,7.8,1000,0,51.67473313,-128.1197944,sand,NA,NA,NA,seagrass,zostera,seagrass_sand,zostera_sand,96.52,1.66186e-86,180,Metazoa,Chaetognatha,NA,NA,NA,NA,0,0,TRUE,ASV4867,1,NA
edna0153,ASV679,motu591,Phyllodocida,Polychaete,order,NA,NA,NA,1,NA,NA,NA,NA,6,NA,8,Phyllodocida,Polychaete,2018_choked-grid_surface,choked grid,seagrass_grid,2018-08-24,NA,2018,surface,6,choked_grid_b3,grid,biological,NA,NA,NA,NA,NA,NA,7.6,1000,0,51.67473646,-128.1193545,sand,NA,NA,NA,seagrass,zostera,seagrass_sand,zostera_sand,100,0.0603188,28,Metazoa,Annelida,Annelida,Phyllodocida,NA,NA,0,0,TRUE,ASV679,1,NA
edna0153,ASV1477,motu1247,Pollicipes polymerus,Gooseneck barnacle,species,NA,NA,NA,1,NA,NA,NA,NA,5,NA,NA,Pollicipes polymerus,Gooseneck barnacle,2018_choked-grid_surface,choked grid,seagrass_grid,2018-08-24,NA,2018,surface,6,choked_grid_b3,grid,biological,NA,NA,NA,NA,NA,NA,7.6,1000,0,51.67473646,-128.1193545,sand,NA,NA,NA,seagrass,zostera,seagrass_sand,zostera_sand,100,3.2351099999999996e-158,309,Metazoa,Arthropoda,Thecostraca,Pollicipedomorpha,Pollicipedidae,Pollicipes,0,0,TRUE,ASV1477,2,Pollicipes polymerus
edna0153,ASV2643,motu2145,Manania handi,Stalked jellyfish,species,NA,NA,NA,1,NA,NA,NA,NA,3,NA,NA,Manania handi,Stalked jellyfish,2018_choked-grid_surface,choked grid,seagrass_grid,2018-08-24,NA,2018,surface,6,choked_grid_b3,grid,biological,NA,NA,NA,NA,NA,NA,7.6,1000,0,51.67473646,-128.1193545,sand,NA,NA,NA,seagrass,zostera,seagrass_sand,zostera_sand,100,3.2351099999999996e-158,309,Metazoa,Cnidaria,Cnidaria,Stauromedusae,Haliclystidae,Manania,0,0,TRUE,ASV2643,1,Manania handi
edna0155,ASV640,motu105,Mesocentrotus franciscanus,Red sea urchin,species,NA,NA,NA,1,NA,NA,NA,NA,167,NA,NA,Mesocentrotus franciscanus,Red sea urchin,2018_choked-grid_surface,choked grid,seagrass_grid,2018-08-24,NA,2018,surface,8,choked_grid_c2,grid,biological,11.9,31.57,7.97,10.1,32.97,7.87,7.2,1000,0,51.67445536,-128.1197971,sand,NA,NA,NA,seagrass,zostera,seagrass_sand,zostera_sand,100,1.96163e-160,313,Metazoa,Echinodermata,Echinoidea,Camarodonta,Strongylocentrotidae,Mesocentrotus,0,0,TRUE,ASV118,8,Mesocentrotus franciscanus
edna0155,ASV2865,motu2317,Chaetognatha,Arrow worm,phylum,NA,NA,NA,1,NA,NA,NA,NA,15,NA,NA,Chaetognatha,Arrow worm,2018_choked-grid_surface,choked grid,seagrass_grid,2018-08-24,NA,2018,surface,8,choked_grid_c2,grid,biological,11.9,31.57,7.97,10.1,32.97,7.87,7.2,1000,0,51.67445536,-128.1197971,sand,NA,NA,NA,seagrass,zostera,seagrass_sand,zostera_sand,98.01,1.6501399999999998e-91,189,Metazoa,Chaetognatha,NA,NA,NA,NA,0,0,TRUE,ASV2865,1,NA
edna0156,ASV1654,motu1388,Paleanotus bellis,Golden petal worm,species,NA,NA,NA,1,NA,NA,NA,NA,5,NA,NA,Paleanotus bellis,Golden petal worm,2018_choked-grid_surface,choked grid,seagrass_grid,2018-08-24,NA,2018,surface,9,choked_grid_c3,grid,biological,NA,NA,NA,NA,NA,NA,7.4,1000,0,51.67445536,-128.1193599,sand,NA,NA,NA,seagrass,zostera,seagrass_sand,zostera_sand,100,3.2351099999999996e-158,309,Metazoa,Annelida,Polychaeta,Phyllodocida,Chrysopetalidae,Paleanotus,0,0,TRUE,ASV1654,4,Paleanotus bellis
edna0156,ASV2150,motu1772,Synchaeta grimpei,Rotifer,species,NA,NA,NA,1,NA,NA,NA,NA,3,NA,5,Synchaeta grimpei,Rotifer,2018_choked-grid_surface,choked grid,seagrass_grid,2018-08-24,NA,2018,surface,9,choked_grid_c3,grid,biological,NA,NA,NA,NA,NA,NA,7.4,1000,0,51.67445536,-128.1193599,sand,NA,NA,NA,seagrass,zostera,seagrass_sand,zostera_sand,91.45,4.459999999999999e-112,226,Metazoa,Rotifera,Eurotatoria,Ploima,Synchaetidae,Synchaeta,0,0,TRUE,ASV2150,2,Synchaeta grimpei
edna0156,ASV3532,motu2807,Pachylaelapidae,Mite,genus,NA,NA,NA,1,NA,NA,NA,NA,2,NA,NA,Pachylaelapidae,Mite,2018_choked-grid_surface,choked grid,seagrass_grid,2018-08-24,NA,2018,surface,9,choked_grid_c3,grid,biological,NA,NA,NA,NA,NA,NA,7.4,1000,0,51.67445536,-128.1193599,sand,NA,NA,NA,seagrass,zostera,seagrass_sand,zostera_sand,100,0.00408744,30,Metazoa,Arthropoda,Arthropoda,Mesostigmata,NA,Pachylaelapidae,NA,NA,TRUE,ASV3532,1,NA
edna0156,ASV5653,motu4340,Lepidoptera,Hexapod,order,NA,NA,NA,1,NA,NA,NA,NA,4,NA,NA,Lepidoptera,Hexapod,2018_choked-grid_surface,choked grid,seagrass_grid,2018-08-24,NA,2018,surface,9,choked_grid_c3,grid,biological,NA,NA,NA,NA,NA,NA,7.4,1000,0,51.67445536,-128.1193599,sand,NA,NA,NA,seagrass,zostera,seagrass_sand,zostera_sand,94.29,0.0603188,28,Metazoa,Arthropoda,Arthropoda,Lepidoptera,NA,NA,NA,NA,TRUE,ASV5653,1,NA
edna0156,ASV6244,motu4817,Blattidae,Hexapod,family,NA,NA,NA,1,NA,NA,NA,NA,3,NA,NA,Blattidae,Hexapod,2018_choked-grid_surface,choked grid,seagrass_grid,2018-08-24,NA,2018,surface,9,choked_grid_c3,grid,biological,NA,NA,NA,NA,NA,NA,7.4,1000,0,51.67445536,-128.1193599,sand,NA,NA,NA,seagrass,zostera,seagrass_sand,zostera_sand,93.06,4.08218e-18,57,Metazoa,Arthropoda,Arthropoda,Dictyoptera,Blattidae,NA,NA,NA,TRUE,ASV6244,1,NA
edna0001,ASV324,motu285,Paracalanus parvus parvus,Calanoid copepod,species,NA,NA,NA,1,NA,NA,NA,NA,NA,NA,20,Paracalanus parvus parvus,Calanoid copepod,2018_koeye-estuary_surface,koeye estuary,seagrass,2018-06-19,NA,2018,surface,1,edna_ko_e3_00,surface,biological,15.9,15.84,7.95,NA,NA,NA,2.2,980,0,51.77950168,-127.8716413,sand,NA,NA,NA,seagrass,zostera,seagrass_sand,zostera_sand,100,1.17454e-132,263,Metazoa,Arthropoda,Copepoda,Calanoida,Paracalanidae,Paracalanus,0,0,TRUE,ASV324,6,Paracalanus parvus parvus
edna0001,ASV775,motu675,Aequorea,Crystal jelly species,genus,NA,NA,NA,1,NA,NA,NA,NA,NA,NA,11,Aequorea,Crystal jelly species,2018_koeye-estuary_surface,koeye estuary,seagrass,2018-06-19,NA,2018,surface,1,edna_ko_e3_00,surface,biological,15.9,15.84,7.95,NA,NA,NA,2.2,980,0,51.77950168,-127.8716413,sand,NA,NA,NA,seagrass,zostera,seagrass_sand,zostera_sand,100,1.4886099999999998e-156,306,Metazoa,Cnidaria,Hydrozoa,Leptothecata,Aequoreidae,Aequorea,0,0,TRUE,ASV775,3,NA
edna0001,ASV2216,motu190,Mytilus trossulus,Bay mussel,species,NA,NA,NA,1,NA,NA,NA,NA,NA,NA,93,Mytilus trossulus,Bay mussel,2018_koeye-estuary_surface,koeye estuary,seagrass,2018-06-19,NA,2018,surface,1,edna_ko_e3_00,surface,biological,15.9,15.84,7.95,NA,NA,NA,2.2,980,0,51.77950168,-127.8716413,sand,NA,NA,NA,seagrass,zostera,seagrass_sand,zostera_sand,100,3.2351099999999996e-158,309,Metazoa,Mollusca,Mollusca,Mytilida,Mytilidae,Mytilus,0,0,TRUE,ASV216,23,Mytilus trossulus
edna0001,ASV2640,motu1014,Corophiidae,Amphipod,family,NA,NA,NA,1,NA,NA,NA,NA,NA,NA,35,Corophiidae,Amphipod,2018_koeye-estuary_surface,koeye estuary,seagrass,2018-06-19,NA,2018,surface,1,edna_ko_e3_00,surface,biological,15.9,15.84,7.95,NA,NA,NA,2.2,980,0,51.77950168,-127.8716413,sand,NA,NA,NA,seagrass,zostera,seagrass_sand,zostera_sand,98.72,3.29388e-153,300,Metazoa,Arthropoda,Malacostraca,Amphipoda,Corophiidae,NA,0,0,TRUE,ASV1186,2,NA
edna0001,ASV2881,motu2328,Coleoptera,Hexapod,order,NA,NA,NA,1,NA,NA,NA,NA,NA,NA,9,Coleoptera,Hexapod,2018_koeye-estuary_surface,koeye estuary,seagrass,2018-06-19,NA,2018,surface,1,edna_ko_e3_00,surface,biological,15.9,15.84,7.95,NA,NA,NA,2.2,980,0,51.77950168,-127.8716413,sand,NA,NA,NA,seagrass,zostera,seagrass_sand,zostera_sand,100,0.00110774,31,Metazoa,Arthropoda,Arthropoda,Coleoptera,NA,NA,NA,NA,TRUE,ASV2881,1,NA
edna0001,ASV5726,motu4395,Onchidella,Ochidella sea slug species,genus,NA,NA,NA,1,NA,NA,NA,NA,NA,NA,20,Onchidella,Ochidella sea slug species,2018_koeye-estuary_surface,koeye estuary,seagrass,2018-06-19,NA,2018,surface,1,edna_ko_e3_00,surface,biological,15.9,15.84,7.95,NA,NA,NA,2.2,980,0,51.77950168,-127.8716413,sand,NA,NA,NA,seagrass,zostera,seagrass_sand,zostera_sand,100,0.00404317,30,Metazoa,Mollusca,Mollusca,Systellommatophora,Onchidiidae,Onchidella,0,0,TRUE,ASV5726,1,NA
edna0001,ASV5947,motu2123,Braconidae,Hexapod,family,NA,NA,NA,1,NA,NA,NA,NA,NA,NA,4,Insecta,Hexapod,2018_koeye-estuary_surface,koeye estuary,seagrass,2018-06-19,NA,2018,surface,1,edna_ko_e3_00,surface,biological,15.9,15.84,7.95,NA,NA,NA,2.2,980,0,51.77950168,-127.8716413,sand,NA,NA,NA,seagrass,zostera,seagrass_sand,zostera_sand,90.2,6.41781e-46,107,Metazoa,Arthropoda,Arthropoda,Hymenoptera,Braconidae,NA,NA,NA,TRUE,ASV2618,2,NA
edna0005,ASV118,motu105,Mesocentrotus franciscanus,Red sea urchin,species,NA,NA,NA,1,NA,NA,NA,NA,NA,NA,73,Mesocentrotus franciscanus,Red sea urchin,2018_koeye-estuary_depth,koeye estuary,seagrass,2018-06-19,NA,2018,depth,2,edna_ko_e3_15,depth,biological,16,15.94,8.1,NA,NA,NA,2.2,975,0,51.77943387,-127.8717879,sand,NA,NA,NA,seagrass,zostera,seagrass_sand,zostera_sand,100,2.51921e-159,311,Metazoa,Echinodermata,Echinoidea,Camarodonta,Strongylocentrotidae,Mesocentrotus,0,0,TRUE,ASV118,8,Mesocentrotus franciscanus
edna0005,ASV275,motu244,Ophiopholis kennerlyi,Daisy brittle star,species,NA,NA,NA,1,NA,NA,NA,NA,NA,NA,12,Ophiopholis kennerlyi,Daisy brittle star,2018_koeye-estuary_depth,koeye estuary,seagrass,2018-06-19,NA,2018,depth,2,edna_ko_e3_15,depth,biological,16,15.94,8.1,NA,NA,NA,2.2,975,0,51.77943387,-127.8717879,sand,NA,NA,NA,seagrass,zostera,seagrass_sand,zostera_sand,100,1.96163e-160,313,Metazoa,Echinodermata,Echinodermata,Amphilepidida,Ophiopholidae,Ophiopholis,0,0,TRUE,ASV275,7,Ophiopholis kennerlyi
edna0005,ASV3542,motu2814,Aurelia labiata,Moon jelly species,species,NA,NA,NA,1,NA,NA,NA,NA,NA,NA,23,Aurelia labiata,Moon jelly species,2018_koeye-estuary_depth,koeye estuary,seagrass,2018-06-19,NA,2018,depth,2,edna_ko_e3_15,depth,biological,16,15.94,8.1,NA,NA,NA,2.2,975,0,51.77943387,-127.8717879,sand,NA,NA,NA,seagrass,zostera,seagrass_sand,zostera_sand,99.04,1.97556e-155,304,Metazoa,Cnidaria,Scyphozoa,Semaeostomeae,Ulmaridae,Aurelia,0,0,TRUE,ASV3542,1,Aurelia labiata
edna0005,ASV4473,motu3482,Harpacticoida,Harpacticoid copepod,order,NA,NA,NA,1,NA,NA,NA,NA,NA,NA,51,Harpacticoida,Harpacticoid copepod,2018_koeye-estuary_depth,koeye estuary,seagrass,2018-06-19,NA,2018,depth,2,edna_ko_e3_15,depth,biological,16,15.94,8.1,NA,NA,NA,2.2,975,0,51.77943387,-127.8717879,sand,NA,NA,NA,seagrass,zostera,seagrass_sand,zostera_sand,97.51,2.07503e-110,223,Metazoa,Arthropoda,Copepoda,Harpacticoida,NA,NA,0,0,TRUE,ASV4473,1,NA
edna0005,ASV4631,motu3595,Aurelia labiata,Moon jelly species,species,NA,NA,NA,1,NA,NA,NA,NA,NA,NA,12,Aurelia labiata,Moon jelly species,2018_koeye-estuary_depth,koeye estuary,seagrass,2018-06-19,NA,2018,depth,2,edna_ko_e3_15,depth,biological,16,15.94,8.1,NA,NA,NA,2.2,975,0,51.77943387,-127.8717879,sand,NA,NA,NA,seagrass,zostera,seagrass_sand,zostera_sand,99.04,1.97556e-155,304,Metazoa,Cnidaria,Scyphozoa,Semaeostomeae,Ulmaridae,Aurelia,0,0,TRUE,ASV4631,1,Aurelia labiata
edna0005,ASV5937,motu4565,Baetis,Hexapod,genus,NA,NA,NA,1,NA,NA,NA,NA,NA,NA,13,Baetis,Hexapod,2018_koeye-estuary_depth,koeye estuary,seagrass,2018-06-19,NA,2018,depth,2,edna_ko_e3_15,depth,biological,16,15.94,8.1,NA,NA,NA,2.2,975,0,51.77943387,-127.8717879,sand,NA,NA,NA,seagrass,zostera,seagrass_sand,zostera_sand,91.64,5.812629999999999e-116,233,Metazoa,Arthropoda,Arthropoda,Pisciforma,Pisciforma,Baetis,NA,NA,TRUE,ASV5937,1,NA
edna0005,ASV6952,motu5412,Hydra,Athecate hydroid,genus,NA,NA,NA,1,NA,NA,NA,NA,NA,NA,6,Hydra,Athecate hydroid,2018_koeye-estuary_depth,koeye estuary,seagrass,2018-06-19,NA,2018,depth,2,edna_ko_e3_15,depth,biological,16,15.94,8.1,NA,NA,NA,2.2,975,0,51.77943387,-127.8717879,sand,NA,NA,NA,seagrass,zostera,seagrass_sand,zostera_sand,97.73,1.55734e-146,288,Metazoa,Cnidaria,Cnidaria,Anthoathecata,Hydridae,Hydra,1,0,TRUE,ASV6952,1,NA
edna0005,ASV7528,motu5897,Rathkea octopunctata,Athecate hydroid,species,NA,NA,NA,1,NA,NA,NA,NA,NA,NA,5,Rathkea octopunctata,Athecate hydroid,2018_koeye-estuary_depth,koeye estuary,seagrass,2018-06-19,NA,2018,depth,2,edna_ko_e3_15,depth,biological,16,15.94,8.1,NA,NA,NA,2.2,975,0,51.77943387,-127.8717879,sand,NA,NA,NA,seagrass,zostera,seagrass_sand,zostera_sand,99.68,3.3485999999999982e-158,309,Metazoa,Cnidaria,Hydrozoa,Anthoathecata,Rathkeidae,Rathkea,0,0,TRUE,ASV7528,1,Rathkea octopunctata
edna0010,ASV307,motu118,Mesocentrotus franciscanus,Red sea urchin,species,NA,NA,NA,1,NA,NA,NA,NA,NA,NA,4,Mesocentrotus franciscanus,Red sea urchin,2018_choked-pass_depth,choked pass,seagrass,2018-06-19,NA,2018,depth,1,edna_ch_i3_00,depth,biological,12.1,30.74,8.08,NA,NA,NA,7,1000,0,51.67529798,-128.1193259,sand,NA,NA,NA,seagrass,zostera,seagrass_sand,zostera_sand,100,7.02982e-160,312,Metazoa,Echinodermata,Echinoidea,Camarodonta,Strongylocentrotidae,Mesocentrotus,0,0,TRUE,ASV132,8,Mesocentrotus franciscanus
edna0010,ASV3834,motu3013,Thecostraca,Thecostracan crustacean species,class,NA,NA,NA,1,NA,NA,NA,NA,NA,NA,5,Thecostraca,Thecostracan crustacean species,2018_choked-pass_depth,choked pass,seagrass,2018-06-19,NA,2018,depth,1,edna_ch_i3_00,depth,biological,12.1,30.74,8.08,NA,NA,NA,7,1000,0,51.67529798,-128.1193259,sand,NA,NA,NA,seagrass,zostera,seagrass_sand,zostera_sand,97.22,8.40478e-5,33,Metazoa,Arthropoda,Arthropoda,NA,NA,NA,0,0,TRUE,ASV3834,3,NA
edna0013,ASV467,motu412,Saxidomus,Washington clam species,genus,NA,NA,NA,1,NA,NA,NA,NA,NA,NA,3,Saxidomus,Washington clam species,2018_pruth-bay_surface,pruth bay,seagrass,2018-06-19,NA,2018,surface,1,edna_pr_i3_00,surface,biological,14.7,27.8,8.23,NA,NA,NA,2.9,1000,0,51.64585977,-128.1195476,sand,NA,NA,NA,seagrass,zostera,seagrass_sand,zostera_sand,100,1.96163e-160,313,Metazoa,Mollusca,Mollusca,Venerida,Veneridae,Saxidomus,0,0,TRUE,ASV467,12,NA
edna0008,ASV1462,motu1233,Clytia gregaria,Gregarious jellyfish,species,NA,NA,NA,1,NA,NA,NA,NA,NA,NA,45,Clytia gregaria,Gregarious jellyfish,2018_choked-pass_surface,choked pass,seagrass,2018-06-19,NA,2018,surface,2,edna_ch_i3_15,surface,biological,12.3,30.69,8.08,NA,NA,NA,7,1000,0,51.67531843,-128.1195572,sand,NA,NA,NA,seagrass,zostera,seagrass_sand,zostera_sand,99.67,6.925819999999995e-155,303,Metazoa,Cnidaria,Hydrozoa,Leptothecata,Campanulariidae,Clytia,0,0,TRUE,ASV1462,2,Clytia gregaria
edna0009,ASV354,motu313,Mitrocoma cellularia,Cross jelly,species,NA,NA,NA,1,NA,NA,NA,NA,NA,NA,4,Mitrocoma cellularia,Cross jelly,2018_choked-pass_surface,choked pass,seagrass,2018-06-19,NA,2018,surface,3,edna_ch_i3_30,surface,biological,12.3,30.72,8.07,NA,NA,NA,7.1,1000,0,51.67533222,-128.1197834,sand,NA,NA,NA,seagrass,zostera,seagrass_sand,zostera_sand,100,1.4886099999999998e-156,306,Metazoa,Cnidaria,Hydrozoa,Leptothecata,Mitrocomidae,Mitrocoma,0,0,TRUE,ASV354,2,Mitrocoma cellularia
edna0009,ASV2757,motu2230,Diplostomida,Flatworm,order,NA,NA,NA,1,NA,NA,NA,NA,NA,NA,2,Diplostomida,Flatworm,2018_choked-pass_surface,choked pass,seagrass,2018-06-19,NA,2018,surface,3,edna_ch_i3_30,surface,biological,12.3,30.72,8.07,NA,NA,NA,7.1,1000,0,51.67533222,-128.1197834,sand,NA,NA,NA,seagrass,zostera,seagrass_sand,zostera_sand,96.88,0.0144888,29,Metazoa,Platyhelminthes,Platyhelminthes,Diplostomida,NA,NA,0,0,TRUE,ASV2757,1,NA
edna0011,ASV386,motu316,Hiatella,Clam species,genus,NA,NA,NA,1,NA,NA,NA,NA,NA,NA,4,Hiatella,Clam species,2018_choked-pass_depth,choked pass,seagrass,2018-06-19,NA,2018,depth,2,edna_ch_i3_15,depth,biological,12.1,30.77,8.08,NA,NA,NA,7,1000,0,51.67531843,-128.1195572,sand,NA,NA,NA,seagrass,zostera,seagrass_sand,zostera_sand,100,9.027749999999999e-159,310,Metazoa,Mollusca,Bivalvia,Adapedonta,Hiatellidae,Hiatella,0,0,TRUE,ASV357,9,NA
edna0011,ASV3094,motu883,Balanus nubilus,Giant acorn barnacle,species,NA,NA,NA,1,NA,NA,NA,NA,NA,NA,68,Balanus nubilus,Giant acorn barnacle,2018_choked-pass_depth,choked pass,seagrass,2018-06-19,NA,2018,depth,2,edna_ch_i3_15,depth,biological,12.1,30.77,8.08,NA,NA,NA,7,1000,0,51.67531843,-128.1195572,sand,NA,NA,NA,seagrass,zostera,seagrass_sand,zostera_sand,100,3.2351099999999996e-158,309,Metazoa,Arthropoda,Thecostraca,Balanomorpha,Balanidae,Balanus,0,0,TRUE,ASV1021,4,Balanus nubilus
edna0012,ASV171,motu150,Pseudocalanus mimus,Calanoid copepod,species,NA,NA,NA,1,NA,NA,NA,NA,NA,NA,15,Pseudocalanus mimus,Calanoid copepod,2018_choked-pass_depth,choked pass,seagrass,2018-06-19,NA,2018,depth,3,edna_ch_i3_30,depth,biological,12.1,30.76,8.08,NA,NA,NA,7.1,1000,0,51.67533222,-128.1197834,sand,NA,NA,NA,seagrass,zostera,seagrass_sand,zostera_sand,99.67,9.19139e-154,301,Metazoa,Arthropoda,Copepoda,Calanoida,Clausocalanidae,Pseudocalanus,0,0,TRUE,ASV171,10,Pseudocalanus mimus
edna0012,ASV1451,motu796,Panopea generosa,Pacific geoduck,species,NA,NA,NA,1,NA,NA,NA,NA,NA,NA,87,Panopea generosa,Pacific geoduck,2018_choked-pass_depth,choked pass,seagrass,2018-06-19,NA,2018,depth,3,edna_ch_i3_30,depth,biological,12.1,30.76,8.08,NA,NA,NA,7.1,1000,0,51.67533222,-128.1197834,sand,NA,NA,NA,seagrass,zostera,seagrass_sand,zostera_sand,100,7.02982e-160,312,Metazoa,Mollusca,Bivalvia,Adapedonta,Hiatellidae,Panopea,0,0,TRUE,ASV916,4,Panopea generosa
edna0012,ASV1477,motu1247,Pollicipes polymerus,Gooseneck barnacle,species,NA,NA,NA,1,NA,NA,NA,NA,NA,NA,6,Pollicipes polymerus,Gooseneck barnacle,2018_choked-pass_depth,choked pass,seagrass,2018-06-19,NA,2018,depth,3,edna_ch_i3_30,depth,biological,12.1,30.76,8.08,NA,NA,NA,7.1,1000,0,51.67533222,-128.1197834,sand,NA,NA,NA,seagrass,zostera,seagrass_sand,zostera_sand,100,3.2351099999999996e-158,309,Metazoa,Arthropoda,Thecostraca,Pollicipedomorpha,Pollicipedidae,Pollicipes,0,0,TRUE,ASV1477,2,Pollicipes polymerus
edna0012,ASV2296,motu1890,Insecta,Hexapod,class,NA,NA,NA,1,NA,NA,NA,NA,NA,NA,4,Insecta,Hexapod,2018_choked-pass_depth,choked pass,seagrass,2018-06-19,NA,2018,depth,3,edna_ch_i3_30,depth,biological,12.1,30.76,8.08,NA,NA,NA,7.1,1000,0,51.67533222,-128.1197834,sand,NA,NA,NA,seagrass,zostera,seagrass_sand,zostera_sand,90.91,1.07393e-43,103,Metazoa,Arthropoda,Arthropoda,NA,NA,NA,NA,NA,TRUE,ASV2296,3,NA
edna0012,ASV4356,motu1012,Balanus nubilus,Giant acorn barnacle,species,NA,NA,NA,1,NA,NA,NA,NA,NA,NA,55,Balanus nubilus,Giant acorn barnacle,2018_choked-pass_depth,choked pass,seagrass,2018-06-19,NA,2018,depth,3,edna_ch_i3_30,depth,biological,12.1,30.76,8.08,NA,NA,NA,7.1,1000,0,51.67533222,-128.1197834,sand,NA,NA,NA,seagrass,zostera,seagrass_sand,zostera_sand,98.71,1.51583e-151,297,Metazoa,Arthropoda,Thecostraca,Balanomorpha,Balanidae,Balanus,0,0,TRUE,ASV1184,2,Balanus nubilus
edna0014,ASV791,motu688,Microstomum compositum,Flatworm,species,NA,NA,NA,1,NA,NA,NA,NA,NA,NA,2,Microstomum compositum,Flatworm,2018_pruth-bay_surface,pruth bay,seagrass,2018-06-19,NA,2018,surface,2,edna_pr_i3_15,surface,biological,14.7,27.76,8.23,NA,NA,NA,3,1000,0,51.64592951,-128.1198341,sand,NA,NA,NA,seagrass,zostera,seagrass_sand,zostera_sand,97.96,6.7599699999999975e-140,276,Metazoa,Platyhelminthes,NA,Dolichomicrostomida,Microstomidae,Microstomum,1,0,TRUE,ASV791,1,Microstomum compositum
edna0014,ASV1303,motu517,Balanus,Barnacle species,genus,NA,NA,NA,1,NA,NA,NA,NA,NA,NA,8,Balanus,Barnacle species,2018_pruth-bay_surface,pruth bay,seagrass,2018-06-19,NA,2018,surface,2,edna_pr_i3_15,surface,biological,14.7,27.76,8.23,NA,NA,NA,3,1000,0,51.64592951,-128.1198341,sand,NA,NA,NA,seagrass,zostera,seagrass_sand,zostera_sand,99.67,6.925819999999995e-155,303,Metazoa,Arthropoda,Arthropoda,Balanomorpha,Balanidae,Balanus,0,0,TRUE,ASV587,10,NA
edna0014,ASV1818,motu1514,Platynereis,Ragworm,genus,NA,NA,NA,1,NA,NA,NA,NA,NA,NA,81,Platynereis,Ragworm,2018_pruth-bay_surface,pruth bay,seagrass,2018-06-19,NA,2018,surface,2,edna_pr_i3_15,surface,biological,14.7,27.76,8.23,NA,NA,NA,3,1000,0,51.64592951,-128.1198341,sand,NA,NA,NA,seagrass,zostera,seagrass_sand,zostera_sand,100,1.96163e-160,313,Metazoa,Annelida,Polychaeta,Phyllodocida,Nereididae,Platynereis,0,0,TRUE,ASV1818,1,NA
edna0014,ASV3276,motu22,Acartia (Acartiura) longiremis,Calanoid copepod,species,NA,NA,NA,1,NA,NA,NA,NA,NA,NA,119,Acartia (Acartiura) longiremis,Calanoid copepod,2018_pruth-bay_surface,pruth bay,seagrass,2018-06-19,NA,2018,surface,2,edna_pr_i3_15,surface,biological,14.7,27.76,8.23,NA,NA,NA,3,1000,0,51.64592951,-128.1198341,sand,NA,NA,NA,seagrass,zostera,seagrass_sand,zostera_sand,99.68,9.126599999999999e-159,310,Metazoa,Arthropoda,Copepoda,Calanoida,Acartiidae,Acartia,0,0,TRUE,ASV25,27,Acartia (Acartiura) longiremis
edna0014,ASV2757,motu2230,Diplostomida,Flatworm,order,NA,NA,NA,1,NA,NA,NA,NA,NA,NA,7,Diplostomida,Flatworm,2018_pruth-bay_surface,pruth bay,seagrass,2018-06-19,NA,2018,surface,2,edna_pr_i3_15,surface,biological,14.7,27.76,8.23,NA,NA,NA,3,1000,0,51.64592951,-128.1198341,sand,NA,NA,NA,seagrass,zostera,seagrass_sand,zostera_sand,96.88,0.0144888,29,Metazoa,Platyhelminthes,Platyhelminthes,Diplostomida,NA,NA,0,0,TRUE,ASV2757,1,NA
edna0014,ASV5079,motu3909,Aglaja ocelligera,Spotted Aglaga,species,NA,NA,NA,1,NA,NA,NA,NA,NA,NA,35,Aglaja ocelligera,Spotted Aglaga,2018_pruth-bay_surface,pruth bay,seagrass,2018-06-19,NA,2018,surface,2,edna_pr_i3_15,surface,biological,14.7,27.76,8.23,NA,NA,NA,3,1000,0,51.64592951,-128.1198341,sand,NA,NA,NA,seagrass,zostera,seagrass_sand,zostera_sand,98.08,1.9895899999999988e-150,295,Metazoa,Mollusca,Gastropoda,Cephalaspidea,Aglajidae,Aglaja,0,0,TRUE,ASV5079,1,Aglaja ocelligera
edna0014,ASV3534,motu2809,Polypogon,Hexapod,genus,NA,NA,NA,1,NA,NA,NA,NA,NA,NA,2,Polypogon,Hexapod,2018_pruth-bay_surface,pruth bay,seagrass,2018-06-19,NA,2018,surface,2,edna_pr_i3_15,surface,biological,14.7,27.76,8.23,NA,NA,NA,3,1000,0,51.64592951,-128.1198341,sand,NA,NA,NA,seagrass,zostera,seagrass_sand,zostera_sand,95.12,6.79151e-6,35,Metazoa,Arthropoda,Arthropoda,Lepidoptera,Noctuoidea,Polypogon,NA,NA,TRUE,ASV3534,1,NA
edna0015,ASV365,motu31,Centropages abdominalis,Calanoid copepod,species,NA,NA,NA,1,NA,NA,NA,NA,NA,NA,90,Centropages abdominalis,Calanoid copepod,2018_pruth-bay_surface,pruth bay,seagrass,2018-06-19,NA,2018,surface,3,edna_pr_i3_30,surface,biological,14.6,27.85,8.24,NA,NA,NA,3,1000,plus or minus 50mL,51.64596882,-128.1200866,sand,NA,NA,NA,seagrass,zostera,seagrass_sand,zostera_sand,99.68,9.126599999999999e-159,310,Metazoa,Arthropoda,Copepoda,Calanoida,Centropagidae,Centropages,0,0,TRUE,ASV34,19,Centropages abdominalis
edna0015,ASV336,motu296,Pseudocalanus newmani,Calanoid copepod,species,NA,NA,NA,1,NA,NA,NA,NA,NA,NA,27,Pseudocalanus newmani,Calanoid copepod,2018_pruth-bay_surface,pruth bay,seagrass,2018-06-19,NA,2018,surface,3,edna_pr_i3_30,surface,biological,14.6,27.85,8.24,NA,NA,NA,3,1000,plus or minus 50mL,51.64596882,-128.1200866,sand,NA,NA,NA,seagrass,zostera,seagrass_sand,zostera_sand,100,1.96163e-160,313,Metazoa,Arthropoda,Copepoda,Calanoida,Clausocalanidae,Pseudocalanus,0,0,TRUE,ASV336,4,Pseudocalanus newmani
edna0015,ASV1515,motu31,Centropages abdominalis,Calanoid copepod,species,NA,NA,NA,1,NA,NA,NA,NA,NA,NA,48,Centropages abdominalis,Calanoid copepod,2018_pruth-bay_surface,pruth bay,seagrass,2018-06-19,NA,2018,surface,3,edna_pr_i3_30,surface,biological,14.6,27.85,8.24,NA,NA,NA,3,1000,plus or minus 50mL,51.64596882,-128.1200866,sand,NA,NA,NA,seagrass,zostera,seagrass_sand,zostera_sand,99.68,9.126599999999999e-159,310,Metazoa,Arthropoda,Copepoda,Calanoida,Centropagidae,Centropages,0,0,TRUE,ASV34,19,Centropages abdominalis
edna0015,ASV2953,motu2381,Ergasilida,Cyclopoid copepod,order,NA,NA,NA,1,NA,NA,NA,NA,NA,NA,8,Ergasilida,Cyclopoid copepod,2018_pruth-bay_surface,pruth bay,seagrass,2018-06-19,NA,2018,surface,3,edna_pr_i3_30,surface,biological,14.6,27.85,8.24,NA,NA,NA,3,1000,plus or minus 50mL,51.64596882,-128.1200866,sand,NA,NA,NA,seagrass,zostera,seagrass_sand,zostera_sand,100,3.2351099999999996e-158,309,Metazoa,Arthropoda,Copepoda,Cyclopoida,NA,NA,0,0,FALSE,ASV2953,1,NA
edna0015,ASV3964,motu190,Mytilus trossulus,Bay mussel,species,NA,NA,NA,1,NA,NA,NA,NA,NA,NA,74,Mytilus trossulus,Bay mussel,2018_pruth-bay_surface,pruth bay,seagrass,2018-06-19,NA,2018,surface,3,edna_pr_i3_30,surface,biological,14.6,27.85,8.24,NA,NA,NA,3,1000,plus or minus 50mL,51.64596882,-128.1200866,sand,NA,NA,NA,seagrass,zostera,seagrass_sand,zostera_sand,99.68,1.5051499999999994e-156,306,Metazoa,Mollusca,Mollusca,Mytilida,Mytilidae,Mytilus,0,0,TRUE,ASV216,23,Mytilus trossulus
edna0015,ASV834,motu128,Centropages abdominalis,Calanoid copepod,species,NA,NA,NA,1,NA,NA,NA,NA,NA,NA,4,Centropages abdominalis,Calanoid copepod,2018_pruth-bay_surface,pruth bay,seagrass,2018-06-19,NA,2018,surface,3,edna_pr_i3_30,surface,biological,14.6,27.85,8.24,NA,NA,NA,3,1000,plus or minus 50mL,51.64596882,-128.1200866,sand,NA,NA,NA,seagrass,zostera,seagrass_sand,zostera_sand,99.68,9.126599999999999e-159,310,Metazoa,Arthropoda,Copepoda,Calanoida,Centropagidae,Centropages,0,0,TRUE,ASV143,11,Centropages abdominalis
edna0015,ASV4133,motu3241,Aglaja ocelligera,Spotted Aglaga,species,NA,NA,NA,1,NA,NA,NA,NA,NA,NA,4,Aglaja ocelligera,Spotted Aglaga,2018_pruth-bay_surface,pruth bay,seagrass,2018-06-19,NA,2018,surface,3,edna_pr_i3_30,surface,biological,14.6,27.85,8.24,NA,NA,NA,3,1000,plus or minus 50mL,51.64596882,-128.1200866,sand,NA,NA,NA,seagrass,zostera,seagrass_sand,zostera_sand,99.36,4.246189999999999e-157,307,Metazoa,Mollusca,Gastropoda,Cephalaspidea,Aglajidae,Aglaja,0,0,TRUE,ASV4133,1,Aglaja ocelligera
edna0015,ASV4595,motu128,Centropages abdominalis,Calanoid copepod,species,NA,NA,NA,1,NA,NA,NA,NA,NA,NA,47,Centropages abdominalis,Calanoid copepod,2018_pruth-bay_surface,pruth bay,seagrass,2018-06-19,NA,2018,surface,3,edna_pr_i3_30,surface,biological,14.6,27.85,8.24,NA,NA,NA,3,1000,plus or minus 50mL,51.64596882,-128.1200866,sand,NA,NA,NA,seagrass,zostera,seagrass_sand,zostera_sand,99.68,9.126599999999999e-159,310,Metazoa,Arthropoda,Copepoda,Calanoida,Centropagidae,Centropages,0,0,TRUE,ASV143,11,Centropages abdominalis
edna0022,ASV435,motu383,Pseudocalanus mimus,Calanoid copepod,species,NA,NA,NA,1,NA,NA,NA,NA,NA,NA,41,Pseudocalanus mimus,Calanoid copepod,2018_chp_surface,chp,beach_seine,2018-07-12,2018-07-10,2018,surface,1,edna_chp_00,surface,biological,12,30.48,8.13,NA,NA,NA,3.5,1000,0,51.67615482,-128.1232837,sand,n,35,e,seagrass,zostera,seagrass_sand,zostera_sand,99.67,9.19139e-154,301,Metazoa,Arthropoda,Copepoda,Calanoida,Clausocalanidae,Pseudocalanus,0,0,TRUE,ASV435,4,Pseudocalanus mimus
edna0022,ASV1582,motu1332,Mytilus californianus,California mussel,species,NA,NA,NA,1,NA,NA,NA,NA,NA,NA,46,Mytilus californianus,California mussel,2018_chp_surface,chp,beach_seine,2018-07-12,2018-07-10,2018,surface,1,edna_chp_00,surface,biological,12,30.48,8.13,NA,NA,NA,3.5,1000,0,51.67615482,-128.1232837,sand,n,35,e,seagrass,zostera,seagrass_sand,zostera_sand,100,3.2351099999999996e-158,309,Metazoa,Mollusca,Bivalvia,Mytilida,Mytilidae,Mytilus,0,0,TRUE,ASV1582,5,Mytilus californianus
edna0022,ASV1470,motu1241,Cistenides granulata,Trumpet worm,species,NA,NA,NA,1,NA,NA,NA,NA,NA,NA,26,Cistenides granulata,Trumpet worm,2018_chp_surface,chp,beach_seine,2018-07-12,2018-07-10,2018,surface,1,edna_chp_00,surface,biological,12,30.48,8.13,NA,NA,NA,3.5,1000,0,51.67615482,-128.1232837,sand,n,35,e,seagrass,zostera,seagrass_sand,zostera_sand,100,1.96163e-160,313,Metazoa,Annelida,Polychaeta,Terebellida,Pectinariidae,Pectinaria,0,0,TRUE,ASV1470,1,Cistenides granulata
edna0022,ASV2326,motu1914,Membraniporidae,Bryozoan,family,NA,NA,NA,1,NA,NA,NA,NA,NA,NA,9,Membraniporidae,Bryozoan,2018_chp_surface,chp,beach_seine,2018-07-12,2018-07-10,2018,surface,1,edna_chp_00,surface,biological,12,30.48,8.13,NA,NA,NA,3.5,1000,0,51.67615482,-128.1232837,sand,n,35,e,seagrass,zostera,seagrass_sand,zostera_sand,90.95,6.1511e-76,161,Metazoa,Bryozoa,Bryozoa,Cheilostomatida,Membraniporidae,NA,0,0,TRUE,ASV2326,1,NA
edna0022,ASV3842,motu3021,Humilaria kennerleyi,Kennerleys venus,species,NA,NA,NA,1,NA,NA,NA,NA,NA,NA,8,Humilaria kennerleyi,Kennerleys venus,2018_chp_surface,chp,beach_seine,2018-07-12,2018-07-10,2018,surface,1,edna_chp_00,surface,biological,12,30.48,8.13,NA,NA,NA,3.5,1000,0,51.67615482,-128.1232837,sand,n,35,e,seagrass,zostera,seagrass_sand,zostera_sand,100,2.51921e-159,311,Metazoa,Mollusca,Bivalvia,Venerida,Veneridae,Humilaria,0,0,TRUE,ASV3842,2,Humilaria kennerleyi
edna0022,ASV3873,motu3042,Neosabellaria cementarium,Cemented sandmason tubeworm,species,NA,NA,NA,1,NA,NA,NA,NA,NA,NA,6,Neosabellaria cementarium,Cemented sandmason tubeworm,2018_chp_surface,chp,beach_seine,2018-07-12,2018-07-10,2018,surface,1,edna_chp_00,surface,biological,12,30.48,8.13,NA,NA,NA,3.5,1000,0,51.67615482,-128.1232837,sand,n,35,e,seagrass,zostera,seagrass_sand,zostera_sand,99.36,4.246189999999999e-157,307,Metazoa,Annelida,Polychaeta,NA,Sabellariidae,Neosabellaria,0,0,TRUE,ASV3873,3,Neosabellaria cementarium
edna0022,ASV4838,motu3744,Ameira,Harpacticoid copepod,genus,NA,NA,NA,1,NA,NA,NA,NA,NA,NA,4,Ameira,Harpacticoid copepod,2018_chp_surface,chp,beach_seine,2018-07-12,2018-07-10,2018,surface,1,edna_chp_00,surface,biological,12,30.48,8.13,NA,NA,NA,3.5,1000,0,51.67615482,-128.1232837,sand,n,35,e,seagrass,zostera,seagrass_sand,zostera_sand,100,3.2351099999999996e-158,309,Metazoa,Arthropoda,Copepoda,Harpacticoida,Ameiridae,Ameira,0,0,TRUE,ASV4838,1,NA
edna0022,ASV6269,motu4839,Humilaria kennerleyi,Kennerleys venus,species,NA,NA,NA,1,NA,NA,NA,NA,NA,NA,6,Humilaria kennerleyi,Kennerleys venus,2018_chp_surface,chp,beach_seine,2018-07-12,2018-07-10,2018,surface,1,edna_chp_00,surface,biological,12,30.48,8.13,NA,NA,NA,3.5,1000,0,51.67615482,-128.1232837,sand,n,35,e,seagrass,zostera,seagrass_sand,zostera_sand,100,2.569939999999999e-159,311,Metazoa,Mollusca,Bivalvia,Venerida,Veneridae,Humilaria,0,0,TRUE,ASV6269,2,Humilaria kennerleyi
edna0022,ASV6304,motu4870,Phacellophora camtschatica,Fried egg jellyfish,species,NA,NA,NA,1,NA,NA,NA,NA,NA,NA,10,Phacellophora camtschatica,Fried egg jellyfish,2018_chp_surface,chp,beach_seine,2018-07-12,2018-07-10,2018,surface,1,edna_chp_00,surface,biological,12,30.48,8.13,NA,NA,NA,3.5,1000,0,51.67615482,-128.1232837,sand,n,35,e,seagrass,zostera,seagrass_sand,zostera_sand,99.36,1.5523299999999996e-156,306,Metazoa,Cnidaria,Scyphozoa,Semaeostomeae,Phacellophoridae,Phacellophora,0,0,TRUE,ASV6304,1,Phacellophora camtschatica
edna0023,ASV1048,motu285,Paracalanus,Calanoid copepod,genus,NA,NA,NA,1,NA,NA,NA,NA,NA,NA,6,Paracalanus parvus parvus,Calanoid copepod,2018_chp_depth,chp,beach_seine,2018-07-12,2018-07-10,2018,depth,1,edna_chp_15,depth,biological,NA,NA,NA,NA,NA,NA,3.5,1000,0,51.67628487,-128.1233672,sand,n,35,e,seagrass,zostera,seagrass_sand,zostera_sand,99.67,1.14177e-152,299,Metazoa,Arthropoda,Arthropoda,Calanoida,Paracalanidae,Paracalanus,0,0,TRUE,ASV324,6,NA
edna0023,ASV3531,motu350,Synchaeta pectinata,Rotifer,species,NA,NA,NA,1,NA,NA,NA,NA,NA,NA,6,Synchaeta pectinata,Rotifer,2018_chp_depth,chp,beach_seine,2018-07-12,2018-07-10,2018,depth,1,edna_chp_15,depth,biological,NA,NA,NA,NA,NA,NA,3.5,1000,0,51.67628487,-128.1233672,sand,n,35,e,seagrass,zostera,seagrass_sand,zostera_sand,90.16,7.65451e-110,222,Metazoa,Rotifera,Eurotatoria,Ploima,Synchaetidae,Synchaeta,0,0,TRUE,ASV398,4,Synchaeta pectinata
edna0023,ASV6398,motu4950,Orthopyxis,Thecate Hydroid,genus,NA,NA,NA,1,NA,NA,NA,NA,NA,NA,3,Orthopyxis,Thecate Hydroid,2018_chp_depth,chp,beach_seine,2018-07-12,2018-07-10,2018,depth,1,edna_chp_15,depth,biological,NA,NA,NA,NA,NA,NA,3.5,1000,0,51.67628487,-128.1233672,sand,n,35,e,seagrass,zostera,seagrass_sand,zostera_sand,95.42,3.3815e-133,264,Metazoa,Cnidaria,Cnidaria,Leptothecata,Campanulariidae,Orthopyxis,0,0,TRUE,ASV6398,1,NA
edna0024,ASV233,motu74,Euchlanidae,Rotifer,family,NA,NA,NA,1,NA,NA,NA,NA,NA,NA,51,No Results,No Results,2018_chp_surface,chp,beach_seine,2018-07-12,2018-07-10,2018,surface,2,edna_chp_30,surface,biological,12.1,30.4,8.12,NA,NA,NA,3.5,1000,0,51.6763963,-128.123414,sand,n,35,e,seagrass,zostera,seagrass_sand,zostera_sand,91.35,3.005919999999998e-29,77,Metazoa,Rotifera,Rotifera,Ploima,Euchlanidae,NA,1,NA,TRUE,ASV84,2,NA
edna0024,ASV324,motu285,Paracalanus parvus parvus,Calanoid copepod,species,NA,NA,NA,1,NA,NA,NA,NA,NA,NA,8,Paracalanus parvus parvus,Calanoid copepod,2018_chp_surface,chp,beach_seine,2018-07-12,2018-07-10,2018,surface,2,edna_chp_30,surface,biological,12.1,30.4,8.12,NA,NA,NA,3.5,1000,0,51.6763963,-128.123414,sand,n,35,e,seagrass,zostera,seagrass_sand,zostera_sand,100,1.17454e-132,263,Metazoa,Arthropoda,Copepoda,Calanoida,Paracalanidae,Paracalanus,0,0,TRUE,ASV324,6,Paracalanus parvus parvus
edna0024,ASV1451,motu796,Panopea generosa,Pacific geoduck,species,NA,NA,NA,1,NA,NA,NA,NA,NA,NA,22,Panopea generosa,Pacific geoduck,2018_chp_surface,chp,beach_seine,2018-07-12,2018-07-10,2018,surface,2,edna_chp_30,surface,biological,12.1,30.4,8.12,NA,NA,NA,3.5,1000,0,51.6763963,-128.123414,sand,n,35,e,seagrass,zostera,seagrass_sand,zostera_sand,100,7.02982e-160,312,Metazoa,Mollusca,Bivalvia,Adapedonta,Hiatellidae,Panopea,0,0,TRUE,ASV916,4,Panopea generosa
edna0024,ASV2169,motu1787,Halosydna brevisetosa,Shortscaled worm,species,NA,NA,NA,1,NA,NA,NA,NA,NA,NA,100,Halosydna brevisetosa,Shortscaled worm,2018_chp_surface,chp,beach_seine,2018-07-12,2018-07-10,2018,surface,2,edna_chp_30,surface,biological,12.1,30.4,8.12,NA,NA,NA,3.5,1000,0,51.6763963,-128.123414,sand,n,35,e,seagrass,zostera,seagrass_sand,zostera_sand,100,2.51921e-159,311,Metazoa,Annelida,Polychaeta,Phyllodocida,Polynoidae,Halosydna,0,0,TRUE,ASV2169,1,Halosydna brevisetosa
edna0024,ASV2081,motu1721,Clytia,Thecate Hydroid,genus,NA,NA,NA,1,NA,NA,NA,NA,NA,NA,2,Clytia,Thecate Hydroid,2018_chp_surface,chp,beach_seine,2018-07-12,2018-07-10,2018,surface,2,edna_chp_30,surface,biological,12.1,30.4,8.12,NA,NA,NA,3.5,1000,0,51.6763963,-128.123414,sand,n,35,e,seagrass,zostera,seagrass_sand,zostera_sand,100,1.4886099999999998e-156,306,Metazoa,Cnidaria,Cnidaria,Leptothecata,Campanulariidae,Clytia,0,0,TRUE,ASV2081,1,NA
edna0024,ASV2745,motu1809,Myxicola aesthetica,Feather duster worm,species,NA,NA,NA,1,NA,NA,NA,NA,NA,NA,6,Myxicola aesthetica,Feather duster worm,2018_chp_surface,chp,beach_seine,2018-07-12,2018-07-10,2018,surface,2,edna_chp_30,surface,biological,12.1,30.4,8.12,NA,NA,NA,3.5,1000,0,51.6763963,-128.123414,sand,n,35,e,seagrass,zostera,seagrass_sand,zostera_sand,100,5.334159999999996e-156,305,Metazoa,Annelida,Polychaeta,Sabellida,Sabellidae,Myxicola,0,0,TRUE,ASV2192,2,Myxicola aesthetica
edna0024,ASV3036,motu2447,Saccocirrus,Polychaete,genus,NA,NA,NA,1,NA,NA,NA,NA,NA,NA,22,Saccocirrus,Polychaete,2018_chp_surface,chp,beach_seine,2018-07-12,2018-07-10,2018,surface,2,edna_chp_30,surface,biological,12.1,30.4,8.12,NA,NA,NA,3.5,1000,0,51.6763963,-128.123414,sand,n,35,e,seagrass,zostera,seagrass_sand,zostera_sand,100,2.4540699999999983e-154,302,Metazoa,Annelida,Polychaeta,NA,Saccocirridae,Saccocirrus,0,0,TRUE,ASV3036,1,NA
edna0024,ASV4112,motu3042,Neosabellaria cementarium,Cemented sandmason tubeworm,species,NA,NA,NA,1,NA,NA,NA,NA,NA,NA,25,Neosabellaria cementarium,Cemented sandmason tubeworm,2018_chp_surface,chp,beach_seine,2018-07-12,2018-07-10,2018,surface,2,edna_chp_30,surface,biological,12.1,30.4,8.12,NA,NA,NA,3.5,1000,0,51.6763963,-128.123414,sand,n,35,e,seagrass,zostera,seagrass_sand,zostera_sand,99.04,1.97556e-155,304,Metazoa,Annelida,Polychaeta,NA,Sabellariidae,Neosabellaria,0,0,TRUE,ASV3873,3,Neosabellaria cementarium
edna0025,ASV386,motu316,Hiatella,Clam species,genus,NA,NA,NA,1,NA,NA,NA,NA,NA,NA,15,Hiatella,Clam species,2018_chp_depth,chp,beach_seine,2018-07-12,2018-07-10,2018,depth,2,edna_chp_00,depth,biological,11.6,30.85,8.12,NA,NA,NA,3.5,1000,0,51.67615482,-128.1232837,sand,n,35,e,seagrass,zostera,seagrass_sand,zostera_sand,100,9.027749999999999e-159,310,Metazoa,Mollusca,Bivalvia,Adapedonta,Hiatellidae,Hiatella,0,0,TRUE,ASV357,9,NA
edna0025,ASV354,motu313,Mitrocoma cellularia,Cross jelly,species,NA,NA,NA,1,NA,NA,NA,NA,NA,NA,11,Mitrocoma cellularia,Cross jelly,2018_chp_depth,chp,beach_seine,2018-07-12,2018-07-10,2018,depth,2,edna_chp_00,depth,biological,11.6,30.85,8.12,NA,NA,NA,3.5,1000,0,51.67615482,-128.1232837,sand,n,35,e,seagrass,zostera,seagrass_sand,zostera_sand,100,1.4886099999999998e-156,306,Metazoa,Cnidaria,Hydrozoa,Leptothecata,Mitrocomidae,Mitrocoma,0,0,TRUE,ASV354,2,Mitrocoma cellularia
edna0025,ASV733,motu637,Phyllodocida,Polychaete,order,NA,NA,NA,1,NA,NA,NA,NA,NA,NA,2,Phyllodocida,Polychaete,2018_chp_depth,chp,beach_seine,2018-07-12,2018-07-10,2018,depth,2,edna_chp_00,depth,biological,11.6,30.85,8.12,NA,NA,NA,3.5,1000,0,51.67615482,-128.1232837,sand,n,35,e,seagrass,zostera,seagrass_sand,zostera_sand,100,0.0603188,28,Metazoa,Annelida,Annelida,Phyllodocida,NA,NA,0,0,TRUE,ASV733,1,NA
edna0025,ASV1462,motu1233,Clytia gregaria,Gregarious jellyfish,species,NA,NA,NA,1,NA,NA,NA,NA,NA,NA,5,Clytia gregaria,Gregarious jellyfish,2018_chp_depth,chp,beach_seine,2018-07-12,2018-07-10,2018,depth,2,edna_chp_00,depth,biological,11.6,30.85,8.12,NA,NA,NA,3.5,1000,0,51.67615482,-128.1232837,sand,n,35,e,seagrass,zostera,seagrass_sand,zostera_sand,99.67,6.925819999999995e-155,303,Metazoa,Cnidaria,Hydrozoa,Leptothecata,Campanulariidae,Clytia,0,0,TRUE,ASV1462,2,Clytia gregaria
edna0025,ASV2414,motu1743,Notomastus,Capitellid polychaete,genus,NA,NA,NA,1,NA,NA,NA,NA,NA,NA,6,Notomastus,Capitellid polychaete,2018_chp_depth,chp,beach_seine,2018-07-12,2018-07-10,2018,depth,2,edna_chp_00,depth,biological,11.6,30.85,8.12,NA,NA,NA,3.5,1000,0,51.67615482,-128.1232837,sand,n,35,e,seagrass,zostera,seagrass_sand,zostera_sand,100,1.96163e-160,313,Metazoa,Annelida,Polychaeta,NA,Capitellidae,Notomastus,0,0,TRUE,ASV2114,2,NA
edna0025,ASV5344,motu1826,Mytilus californianus,California mussel,species,NA,NA,NA,1,NA,NA,NA,NA,NA,NA,30,Mytilus californianus,California mussel,2018_chp_depth,chp,beach_seine,2018-07-12,2018-07-10,2018,depth,2,edna_chp_00,depth,biological,11.6,30.85,8.12,NA,NA,NA,3.5,1000,0,51.67615482,-128.1232837,sand,n,35,e,seagrass,zostera,seagrass_sand,zostera_sand,99.68,1.5051499999999994e-156,306,Metazoa,Mollusca,Bivalvia,Mytilida,Mytilidae,Mytilus,0,0,TRUE,ASV2213,3,Mytilus californianus
edna0026,ASV1152,motu987,Halosydna brevisetosa,Shortscaled worm,species,NA,NA,NA,1,NA,NA,NA,NA,NA,NA,19,Halosydna brevisetosa,Shortscaled worm,2018_chp_surface,chp,beach_seine,2018-07-12,2018-07-10,2018,surface,3,edna_chp_15,surface,biological,11.6,30.86,8.09,NA,NA,NA,3.5,1000,0,51.67628487,-128.1233672,sand,n,35,e,seagrass,zostera,seagrass_sand,zostera_sand,100,3.2351099999999996e-158,309,Metazoa,Annelida,Polychaeta,Phyllodocida,Polynoidae,Halosydna,0,0,TRUE,ASV1152,1,Halosydna brevisetosa
edna0026,ASV3808,motu2995,Lottia paradigitalis,Boreal limpet,species,NA,NA,NA,1,NA,NA,NA,NA,NA,NA,4,Lottia paradigitalis,Boreal limpet,2018_chp_surface,chp,beach_seine,2018-07-12,2018-07-10,2018,surface,3,edna_chp_15,surface,biological,11.6,30.86,8.09,NA,NA,NA,3.5,1000,0,51.67628487,-128.1233672,sand,n,35,e,seagrass,zostera,seagrass_sand,zostera_sand,100,1.96163e-160,313,Metazoa,Mollusca,Gastropoda,NA,Lottiidae,Lottia,0,0,TRUE,ASV3808,2,Lottia paradigitalis
edna0026,ASV6304,motu4870,Phacellophora camtschatica,Fried egg jellyfish,species,NA,NA,NA,1,NA,NA,NA,NA,NA,NA,7,Phacellophora camtschatica,Fried egg jellyfish,2018_chp_surface,chp,beach_seine,2018-07-12,2018-07-10,2018,surface,3,edna_chp_15,surface,biological,11.6,30.86,8.09,NA,NA,NA,3.5,1000,0,51.67628487,-128.1233672,sand,n,35,e,seagrass,zostera,seagrass_sand,zostera_sand,99.36,1.5523299999999996e-156,306,Metazoa,Cnidaria,Scyphozoa,Semaeostomeae,Phacellophoridae,Phacellophora,0,0,TRUE,ASV6304,1,Phacellophora camtschatica
edna0027,ASV131,motu117,Lensia,Siphonophore,genus,NA,NA,NA,1,NA,NA,NA,NA,NA,NA,23,Lensia,Siphonophore,2018_chp_depth,chp,beach_seine,2018-07-12,2018-07-10,2018,depth,3,edna_chp_30,depth,biological,NA,NA,NA,NA,NA,NA,3.5,1000,0,51.6763963,-128.123414,sand,n,35,e,seagrass,zostera,seagrass_sand,zostera_sand,100,0.00408744,30,Metazoa,Cnidaria,Cnidaria,Siphonophorae,Diphyidae,Lensia,0,0,TRUE,ASV131,2,NA
edna0027,ASV285,motu244,Ophiopholis,Brittle star species,genus,NA,NA,NA,1,NA,NA,NA,NA,NA,NA,16,Ophiopholis kennerlyi,Daisy brittle star,2018_chp_depth,chp,beach_seine,2018-07-12,2018-07-10,2018,depth,3,edna_chp_30,depth,biological,NA,NA,NA,NA,NA,NA,3.5,1000,0,51.6763963,-128.123414,sand,n,35,e,seagrass,zostera,seagrass_sand,zostera_sand,100,1.96163e-160,313,Metazoa,Echinodermata,Echinodermata,Amphilepidida,Ophiopholidae,Ophiopholis,0,0,TRUE,ASV275,7,NA
edna0027,ASV679,motu591,Phyllodocida,Polychaete,order,NA,NA,NA,1,NA,NA,NA,NA,NA,NA,3,Phyllodocida,Polychaete,2018_chp_depth,chp,beach_seine,2018-07-12,2018-07-10,2018,depth,3,edna_chp_30,depth,biological,NA,NA,NA,NA,NA,NA,3.5,1000,0,51.6763963,-128.123414,sand,n,35,e,seagrass,zostera,seagrass_sand,zostera_sand,100,0.0603188,28,Metazoa,Annelida,Annelida,Phyllodocida,NA,NA,0,0,TRUE,ASV679,1,NA
edna0027,ASV1070,motu922,Pleurobrachia bachei,Pacific sea gooseberry,species,NA,NA,NA,1,NA,NA,NA,NA,NA,NA,7,Pleurobrachia bachei,Pacific sea gooseberry,2018_chp_depth,chp,beach_seine,2018-07-12,2018-07-10,2018,depth,3,edna_chp_30,depth,biological,NA,NA,NA,NA,NA,NA,3.5,1000,0,51.6763963,-128.123414,sand,n,35,e,seagrass,zostera,seagrass_sand,zostera_sand,100,1.96163e-160,313,Metazoa,Ctenophora,Tentaculata,Cydippida,Cydippidae,Pleurobrachia,0,0,TRUE,ASV1070,7,Pleurobrachia bachei
edna0027,ASV2019,motu1116,Clytia gregaria,Gregarious jellyfish,species,NA,NA,NA,1,NA,NA,NA,NA,NA,NA,12,Clytia gregaria,Gregarious jellyfish,2018_chp_depth,chp,beach_seine,2018-07-12,2018-07-10,2018,depth,3,edna_chp_30,depth,biological,NA,NA,NA,NA,NA,NA,3.5,1000,0,51.6763963,-128.123414,sand,n,35,e,seagrass,zostera,seagrass_sand,zostera_sand,99.35,3.22227e-153,300,Metazoa,Cnidaria,Cnidaria,Leptothecata,Campanulariidae,Clytia,0,0,TRUE,ASV1319,3,Clytia gregaria
edna0027,ASV2148,motu1770,Scutellidium,Harpacticoid copepod,genus,NA,NA,NA,1,NA,NA,NA,NA,NA,NA,3,Scutellidium,Harpacticoid copepod,2018_chp_depth,chp,beach_seine,2018-07-12,2018-07-10,2018,depth,3,edna_chp_30,depth,biological,NA,NA,NA,NA,NA,NA,3.5,1000,0,51.6763963,-128.123414,sand,n,35,e,seagrass,zostera,seagrass_sand,zostera_sand,99.65,3.304499999999998e-143,282,Metazoa,Arthropoda,Copepoda,Harpacticoida,Tisbidae,Scutellidium,0,0,TRUE,ASV2148,1,NA
edna0027,ASV1470,motu1241,Cistenides granulata,Trumpet worm,species,NA,NA,NA,1,NA,NA,NA,NA,NA,NA,3,Cistenides granulata,Trumpet worm,2018_chp_depth,chp,beach_seine,2018-07-12,2018-07-10,2018,depth,3,edna_chp_30,depth,biological,NA,NA,NA,NA,NA,NA,3.5,1000,0,51.6763963,-128.123414,sand,n,35,e,seagrass,zostera,seagrass_sand,zostera_sand,100,1.96163e-160,313,Metazoa,Annelida,Polychaeta,Terebellida,Pectinariidae,Pectinaria,0,0,TRUE,ASV1470,1,Cistenides granulata
edna0027,ASV2414,motu1743,Notomastus,Capitellid polychaete,genus,NA,NA,NA,1,NA,NA,NA,NA,NA,NA,15,Notomastus,Capitellid polychaete,2018_chp_depth,chp,beach_seine,2018-07-12,2018-07-10,2018,depth,3,edna_chp_30,depth,biological,NA,NA,NA,NA,NA,NA,3.5,1000,0,51.6763963,-128.123414,sand,n,35,e,seagrass,zostera,seagrass_sand,zostera_sand,100,1.96163e-160,313,Metazoa,Annelida,Polychaeta,NA,Capitellidae,Notomastus,0,0,TRUE,ASV2114,2,NA
edna0027,ASV2881,motu2328,Coleoptera,Hexapod,order,NA,NA,NA,1,NA,NA,NA,NA,NA,NA,7,Coleoptera,Hexapod,2018_chp_depth,chp,beach_seine,2018-07-12,2018-07-10,2018,depth,3,edna_chp_30,depth,biological,NA,NA,NA,NA,NA,NA,3.5,1000,0,51.6763963,-128.123414,sand,n,35,e,seagrass,zostera,seagrass_sand,zostera_sand,100,0.00110774,31,Metazoa,Arthropoda,Arthropoda,Coleoptera,NA,NA,NA,NA,TRUE,ASV2881,1,NA
edna0027,ASV3834,motu3013,Thecostraca,Thecostracan crustacean species,class,NA,NA,NA,1,NA,NA,NA,NA,NA,NA,4,Thecostraca,Thecostracan crustacean species,2018_chp_depth,chp,beach_seine,2018-07-12,2018-07-10,2018,depth,3,edna_chp_30,depth,biological,NA,NA,NA,NA,NA,NA,3.5,1000,0,51.6763963,-128.123414,sand,n,35,e,seagrass,zostera,seagrass_sand,zostera_sand,97.22,8.40478e-5,33,Metazoa,Arthropoda,Arthropoda,NA,NA,NA,0,0,TRUE,ASV3834,3,NA
edna0027,ASV5122,motu3942,Alcyonidium,Bryozoan,genus,NA,NA,NA,1,NA,NA,NA,NA,NA,NA,7,Alcyonidium,Bryozoan,2018_chp_depth,chp,beach_seine,2018-07-12,2018-07-10,2018,depth,3,edna_chp_30,depth,biological,NA,NA,NA,NA,NA,NA,3.5,1000,0,51.6763963,-128.123414,sand,n,35,e,seagrass,zostera,seagrass_sand,zostera_sand,100,1.96163e-160,313,Metazoa,Bryozoa,Gymnolaemata,Ctenostomatida,Alcyonidiidae,Alcyonidium,0,0,TRUE,ASV5122,1,NA
edna0027,ASV6611,motu5125,Phacellophora camtschatica,Fried egg jellyfish,species,NA,NA,NA,1,NA,NA,NA,NA,NA,NA,3,Phacellophora camtschatica,Fried egg jellyfish,2018_chp_depth,chp,beach_seine,2018-07-12,2018-07-10,2018,depth,3,edna_chp_30,depth,biological,NA,NA,NA,NA,NA,NA,3.5,1000,0,51.6763963,-128.123414,sand,n,35,e,seagrass,zostera,seagrass_sand,zostera_sand,99.36,4.3316899999999973e-157,307,Metazoa,Cnidaria,Scyphozoa,Semaeostomeae,Phacellophoridae,Phacellophora,0,0,TRUE,ASV6611,1,Phacellophora camtschatica
edna0028,ASV377,motu334,Synchaeta pectinata,Rotifer,species,NA,NA,NA,1,NA,NA,NA,NA,NA,NA,11,Synchaeta pectinata,Rotifer,2018_hab4_surface,hab4,beach_seine,2018-07-12,2018-07-11,2018,surface,1,edna_hab4_00,surface,biological,16.5,26.08,8.43,NA,NA,NA,6.4,1000,0,51.664962,-128.0798158,mud,y,200,sp,macroalgae,algae,macroalgae_mud,algae_mud,90.48,1.6452299999999999e-111,225,Metazoa,Rotifera,Eurotatoria,Ploima,Synchaetidae,Synchaeta,0,0,TRUE,ASV377,5,Synchaeta pectinata
edna0028,ASV713,motu350,Synchaeta pectinata,Rotifer,species,NA,NA,NA,1,NA,NA,NA,NA,NA,NA,11,Synchaeta pectinata,Rotifer,2018_hab4_surface,hab4,beach_seine,2018-07-12,2018-07-11,2018,surface,1,edna_hab4_00,surface,biological,16.5,26.08,8.43,NA,NA,NA,6.4,1000,0,51.664962,-128.0798158,mud,y,200,sp,macroalgae,algae,macroalgae_mud,algae_mud,90.79,3.5361899999999996e-113,228,Metazoa,Rotifera,Eurotatoria,Ploima,Synchaetidae,Synchaeta,0,0,TRUE,ASV398,4,Synchaeta pectinata
edna0028,ASV2865,motu2317,Chaetognatha,Arrow worm,phylum,NA,NA,NA,1,NA,NA,NA,NA,NA,NA,6,Chaetognatha,Arrow worm,2018_hab4_surface,hab4,beach_seine,2018-07-12,2018-07-11,2018,surface,1,edna_hab4_00,surface,biological,16.5,26.08,8.43,NA,NA,NA,6.4,1000,0,51.664962,-128.0798158,mud,y,200,sp,macroalgae,algae,macroalgae_mud,algae_mud,98.01,1.6501399999999998e-91,189,Metazoa,Chaetognatha,NA,NA,NA,NA,0,0,TRUE,ASV2865,1,NA
edna0029,ASV2118,motu1747,Paracalanus,Calanoid copepod,genus,NA,NA,NA,1,NA,NA,NA,NA,NA,NA,98,Paracalanus,Calanoid copepod,2018_hab4_surface,hab4,beach_seine,2018-07-12,2018-07-11,2018,surface,2,edna_hab4_15,surface,biological,16.9,26.02,8.43,11.4,30.12,8.23,6.2,1000,0,51.66480057,-128.0797635,mud,y,200,sp,macroalgae,algae,macroalgae_mud,algae_mud,99.68,1.172079999999999e-157,308,Metazoa,Arthropoda,Arthropoda,Calanoida,Paracalanidae,Paracalanus,0,0,TRUE,ASV2118,2,NA
edna0029,ASV4633,motu2396,Mytilus,Mussel species,genus,NA,NA,NA,1,NA,NA,NA,NA,NA,NA,46,Mytilus,Mussel species,2018_hab4_surface,hab4,beach_seine,2018-07-12,2018-07-11,2018,surface,2,edna_hab4_15,surface,biological,16.9,26.02,8.43,11.4,30.12,8.23,6.2,1000,0,51.66480057,-128.0797635,mud,y,200,sp,macroalgae,algae,macroalgae_mud,algae_mud,99.68,1.5051499999999994e-156,306,Metazoa,Mollusca,Mollusca,Mytilida,Mytilidae,Mytilus,0,0,TRUE,ASV2968,3,NA
edna0029,ASV3808,motu2995,Lottia paradigitalis,Boreal limpet,species,NA,NA,NA,1,NA,NA,NA,NA,NA,NA,20,Lottia paradigitalis,Boreal limpet,2018_hab4_surface,hab4,beach_seine,2018-07-12,2018-07-11,2018,surface,2,edna_hab4_15,surface,biological,16.9,26.02,8.43,11.4,30.12,8.23,6.2,1000,0,51.66480057,-128.0797635,mud,y,200,sp,macroalgae,algae,macroalgae_mud,algae_mud,100,1.96163e-160,313,Metazoa,Mollusca,Gastropoda,NA,Lottiidae,Lottia,0,0,TRUE,ASV3808,2,Lottia paradigitalis
edna0029,ASV5023,motu486,Tephritoidea,Hexapod,family,NA,NA,NA,1,NA,NA,NA,NA,NA,NA,36,No Results,No Results,2018_hab4_surface,hab4,beach_seine,2018-07-12,2018-07-11,2018,surface,2,edna_hab4_15,surface,biological,16.9,26.02,8.43,11.4,30.12,8.23,6.2,1000,0,51.66480057,-128.0797635,mud,y,200,sp,macroalgae,algae,macroalgae_mud,algae_mud,94.44,0.00410219,30,Metazoa,Arthropoda,Arthropoda,Diptera,Tephritoidea,NA,NA,NA,TRUE,ASV552,3,NA
edna0029,ASV5542,motu4255,Alaskozetes,Mite,genus,NA,NA,NA,1,NA,NA,NA,NA,NA,NA,27,Alaskozetes,Mite,2018_hab4_surface,hab4,beach_seine,2018-07-12,2018-07-11,2018,surface,2,edna_hab4_15,surface,biological,16.9,26.02,8.43,11.4,30.12,8.23,6.2,1000,0,51.66480057,-128.0797635,mud,y,200,sp,macroalgae,algae,macroalgae_mud,algae_mud,97.73,3.13751e-9,41,Metazoa,Arthropoda,Arthropoda,Sarcoptiformes,NA,Alaskozetes,NA,NA,TRUE,ASV5542,1,NA
edna0030,ASV3017,motu2432,Euphausia pacifica,North Pacific krill,species,NA,NA,NA,1,NA,NA,NA,NA,NA,NA,5,Euphausia pacifica,North Pacific krill,2018_hab4_surface,hab4,beach_seine,2018-07-12,2018-07-11,2018,surface,3,edna_hab4_30,surface,biological,15.9,26.09,8.45,NA,NA,NA,5.8,1000,0,51.66465401,-128.0797184,mud,y,200,sp,macroalgae,algae,macroalgae_mud,algae_mud,100,3.2351099999999996e-158,309,Metazoa,Arthropoda,Malacostraca,Euphausiacea,Euphausiidae,Euphausia,0,0,TRUE,ASV3017,1,Euphausia pacifica
edna0031,ASV623,motu543,Balanus,Barnacle species,genus,NA,NA,NA,1,NA,NA,NA,NA,NA,NA,2,Balanus,Barnacle species,2018_pba_surface,pba,beach_seine,2018-07-12,2018-07-10,2018,surface,1,edna_pba_00,surface,biological,16.5,26.11,8.44,NA,NA,NA,5.8,1000,0,51.64670412,-128.1188409,mud,y,180,p,seagrass,zostera,seagrass_mud,zostera_mud,100,1.4886099999999998e-156,306,Metazoa,Arthropoda,Arthropoda,Balanomorpha,Balanidae,Balanus,0,0,TRUE,ASV623,7,NA
edna0031,ASV1470,motu1241,Cistenides granulata,Trumpet worm,species,NA,NA,NA,1,NA,NA,NA,NA,NA,NA,27,Cistenides granulata,Trumpet worm,2018_pba_surface,pba,beach_seine,2018-07-12,2018-07-10,2018,surface,1,edna_pba_00,surface,biological,16.5,26.11,8.44,NA,NA,NA,5.8,1000,0,51.64670412,-128.1188409,mud,y,180,p,seagrass,zostera,seagrass_mud,zostera_mud,100,1.96163e-160,313,Metazoa,Annelida,Polychaeta,Terebellida,Pectinariidae,Pectinaria,0,0,TRUE,ASV1470,1,Cistenides granulata
edna0032,ASV467,motu412,Saxidomus,Washington clam species,genus,NA,NA,NA,1,NA,NA,NA,NA,NA,NA,9,Saxidomus,Washington clam species,2018_pba_depth,pba,beach_seine,2018-07-12,2018-07-10,2018,depth,1,edna_pba_15,depth,biological,12.9,26.46,8.3,NA,NA,NA,5.8,1000,0,51.64655803,-128.1188964,mud,y,180,p,seagrass,zostera,seagrass_mud,zostera_mud,100,1.96163e-160,313,Metazoa,Mollusca,Mollusca,Venerida,Veneridae,Saxidomus,0,0,TRUE,ASV467,12,NA
edna0032,ASV709,motu492,Eupolymnia heterobranchia,Brown intertidal spaghetti worm,species,NA,NA,NA,1,NA,NA,NA,NA,NA,NA,3,Eupolymnia heterobranchia,Brown intertidal spaghetti worm,2018_pba_depth,pba,beach_seine,2018-07-12,2018-07-10,2018,depth,1,edna_pba_15,depth,biological,12.9,26.46,8.3,NA,NA,NA,5.8,1000,0,51.64655803,-128.1188964,mud,y,180,p,seagrass,zostera,seagrass_mud,zostera_mud,99.67,6.925819999999995e-155,303,Metazoa,Annelida,Polychaeta,Terebellida,Terebellidae,Eupolymnia,0,0,TRUE,ASV559,3,Eupolymnia heterobranchia
edna0032,ASV3460,motu2747,Neritidae,Nerite snail species,family,NA,NA,NA,1,NA,NA,NA,NA,NA,NA,5,Neritidae,Nerite snail species,2018_pba_depth,pba,beach_seine,2018-07-12,2018-07-10,2018,depth,1,edna_pba_15,depth,biological,12.9,26.46,8.3,NA,NA,NA,5.8,1000,0,51.64655803,-128.1188964,mud,y,180,p,seagrass,zostera,seagrass_mud,zostera_mud,90,6.69344e-6,35,Metazoa,Mollusca,Mollusca,Cycloneritida,Neritidae,NA,0,0,TRUE,ASV3460,1,NA
edna0032,ASV6833,motu5313,Apoidea,Hexapod,family,NA,NA,NA,1,NA,NA,NA,NA,NA,NA,3,Apoidea,Hexapod,2018_pba_depth,pba,beach_seine,2018-07-12,2018-07-10,2018,depth,1,edna_pba_15,depth,biological,12.9,26.46,8.3,NA,NA,NA,5.8,1000,0,51.64655803,-128.1188964,mud,y,180,p,seagrass,zostera,seagrass_mud,zostera_mud,100,0.0142932,29,Metazoa,Arthropoda,Arthropoda,Hymenoptera,Apoidea,NA,NA,NA,TRUE,ASV6833,1,NA
edna0032,ASV7361,motu5751,Haminoeidae,Headshield slug species,family,NA,NA,NA,1,NA,NA,NA,NA,NA,NA,6,Haminoeidae,Headshield slug species,2018_pba_depth,pba,beach_seine,2018-07-12,2018-07-10,2018,depth,1,edna_pba_15,depth,biological,12.9,26.46,8.3,NA,NA,NA,5.8,1000,0,51.64655803,-128.1188964,mud,y,180,p,seagrass,zostera,seagrass_mud,zostera_mud,90.77,5.37572e-12,46,Metazoa,Mollusca,Mollusca,Cephalaspidea,Haminoeidae,NA,0,0,TRUE,ASV7361,1,NA
edna0033,ASV679,motu591,Phyllodocida,Polychaete,order,NA,NA,NA,1,NA,NA,NA,NA,NA,NA,9,Phyllodocida,Polychaete,2018_pba_surface,pba,beach_seine,2018-07-12,2018-07-10,2018,surface,2,edna_pba_30,surface,biological,16.5,26.06,8.43,NA,NA,NA,4,1000,0,51.64642312,-128.1189452,mud,y,180,p,seagrass,zostera,seagrass_mud,zostera_mud,100,0.0603188,28,Metazoa,Annelida,Annelida,Phyllodocida,NA,NA,0,0,TRUE,ASV679,1,NA
edna0033,ASV801,motu697,Micropodarke dubia,Hesionid polychaete,species,NA,NA,NA,1,NA,NA,NA,NA,NA,NA,9,Micropodarke dubia,Hesionid polychaete,2018_pba_surface,pba,beach_seine,2018-07-12,2018-07-10,2018,surface,2,edna_pba_30,surface,biological,16.5,26.06,8.43,NA,NA,NA,4,1000,0,51.64642312,-128.1189452,mud,y,180,p,seagrass,zostera,seagrass_mud,zostera_mud,100,1.96163e-160,313,Metazoa,Annelida,Polychaeta,Phyllodocida,Hesionidae,Micropodarke,0,0,TRUE,ASV801,2,Micropodarke dubia
edna0033,ASV520,motu457,Evasterias troschelii,False ochre star,species,NA,NA,NA,1,NA,NA,NA,NA,NA,NA,9,Evasterias troschelii,False ochre star,2018_pba_surface,pba,beach_seine,2018-07-12,2018-07-10,2018,surface,2,edna_pba_30,surface,biological,16.5,26.06,8.43,NA,NA,NA,4,1000,0,51.64642312,-128.1189452,mud,y,180,p,seagrass,zostera,seagrass_mud,zostera_mud,100,1.96163e-160,313,Metazoa,Echinodermata,Asteroidea,Forcipulatida,Asteriidae,Evasterias,0,0,TRUE,ASV520,1,Evasterias troschelii
edna0033,ASV1145,motu557,Macoma nasuta,Bent-nosed clam,species,NA,NA,NA,1,NA,NA,NA,NA,NA,NA,57,Macoma nasuta,Bent-nosed clam,2018_pba_surface,pba,beach_seine,2018-07-12,2018-07-10,2018,surface,2,edna_pba_30,surface,biological,16.5,26.06,8.43,NA,NA,NA,4,1000,0,51.64642312,-128.1189452,mud,y,180,p,seagrass,zostera,seagrass_mud,zostera_mud,99.36,4.246189999999999e-157,307,Metazoa,Mollusca,Bivalvia,Cardiida,Tellinidae,Macoma,0,0,TRUE,ASV643,4,Macoma nasuta
edna0033,ASV1569,motu1322,Clinocardium nuttallii,Basket cockle,species,NA,NA,NA,1,NA,NA,NA,NA,NA,NA,11,Clinocardium nuttallii,Basket cockle,2018_pba_surface,pba,beach_seine,2018-07-12,2018-07-10,2018,surface,2,edna_pba_30,surface,biological,16.5,26.06,8.43,NA,NA,NA,4,1000,0,51.64642312,-128.1189452,mud,y,180,p,seagrass,zostera,seagrass_mud,zostera_mud,100,2.4540699999999983e-154,302,Metazoa,Mollusca,Bivalvia,Cardiida,Cardiidae,Clinocardium,0,0,TRUE,ASV1569,2,Clinocardium nuttallii
edna0033,ASV1470,motu1241,Cistenides granulata,Trumpet worm,species,NA,NA,NA,1,NA,NA,NA,NA,NA,NA,4,Cistenides granulata,Trumpet worm,2018_pba_surface,pba,beach_seine,2018-07-12,2018-07-10,2018,surface,2,edna_pba_30,surface,biological,16.5,26.06,8.43,NA,NA,NA,4,1000,0,51.64642312,-128.1189452,mud,y,180,p,seagrass,zostera,seagrass_mud,zostera_mud,100,1.96163e-160,313,Metazoa,Annelida,Polychaeta,Terebellida,Pectinariidae,Pectinaria,0,0,TRUE,ASV1470,1,Cistenides granulata
edna0034,ASV498,motu441,Clytia gregaria,Gregarious jellyfish,species,NA,NA,NA,1,NA,NA,NA,NA,NA,NA,5,Clytia gregaria,Gregarious jellyfish,2018_pba_depth,pba,beach_seine,2018-07-12,2018-07-10,2018,depth,2,edna_pba_00,depth,biological,12.8,29.61,8.64,NA,NA,NA,4,1000,0,51.64670412,-128.1188409,mud,y,180,p,seagrass,zostera,seagrass_mud,zostera_mud,99.68,9.126599999999999e-159,310,Metazoa,Cnidaria,Hydrozoa,Leptothecata,Campanulariidae,Clytia,0,0,TRUE,ASV498,2,Clytia gregaria
edna0034,ASV733,motu637,Phyllodocida,Polychaete,order,NA,NA,NA,1,NA,NA,NA,NA,NA,NA,8,Phyllodocida,Polychaete,2018_pba_depth,pba,beach_seine,2018-07-12,2018-07-10,2018,depth,2,edna_pba_00,depth,biological,12.8,29.61,8.64,NA,NA,NA,4,1000,0,51.64670412,-128.1188409,mud,y,180,p,seagrass,zostera,seagrass_mud,zostera_mud,100,0.0603188,28,Metazoa,Annelida,Annelida,Phyllodocida,NA,NA,0,0,TRUE,ASV733,1,NA
edna0034,ASV871,motu757,Haminoea vesicula,Blister glassy-bubble,species,NA,NA,NA,1,NA,NA,NA,NA,NA,NA,3,Haminoea vesicula,Blister glassy-bubble,2018_pba_depth,pba,beach_seine,2018-07-12,2018-07-10,2018,depth,2,edna_pba_00,depth,biological,12.8,29.61,8.64,NA,NA,NA,4,1000,0,51.64670412,-128.1188409,mud,y,180,p,seagrass,zostera,seagrass_mud,zostera_mud,100,1.96163e-160,313,Metazoa,Mollusca,Mollusca,Cephalaspidea,Haminoeidae,Haminoea,0,0,TRUE,ASV871,1,Haminoea vesicula
edna0034,ASV1603,motu1347,Armandia brevis,Opheliid polychaete,species,NA,NA,NA,1,NA,NA,NA,NA,NA,NA,8,Armandia brevis,Opheliid polychaete,2018_pba_depth,pba,beach_seine,2018-07-12,2018-07-10,2018,depth,2,edna_pba_00,depth,biological,12.8,29.61,8.64,NA,NA,NA,4,1000,0,51.64670412,-128.1188409,mud,y,180,p,seagrass,zostera,seagrass_mud,zostera_mud,100,3.4804099999999994e-173,336,Metazoa,Annelida,Polychaeta,NA,Opheliidae,Armandia,0,0,TRUE,ASV1603,1,Armandia brevis
edna0034,ASV2261,motu303,Pseudocalanus mimus,Calanoid copepod,species,NA,NA,NA,1,NA,NA,NA,NA,NA,NA,22,Pseudocalanus mimus,Calanoid copepod,2018_pba_depth,pba,beach_seine,2018-07-12,2018-07-10,2018,depth,2,edna_pba_00,depth,biological,12.8,29.61,8.64,NA,NA,NA,4,1000,0,51.64670412,-128.1188409,mud,y,180,p,seagrass,zostera,seagrass_mud,zostera_mud,99.67,9.19139e-154,301,Metazoa,Arthropoda,Copepoda,Calanoida,Clausocalanidae,Pseudocalanus,0,0,TRUE,ASV343,11,Pseudocalanus mimus
edna0034,ASV7361,motu5751,Haminoeidae,Headshield slug species,family,NA,NA,NA,1,NA,NA,NA,NA,NA,NA,2,Haminoeidae,Headshield slug species,2018_pba_depth,pba,beach_seine,2018-07-12,2018-07-10,2018,depth,2,edna_pba_00,depth,biological,12.8,29.61,8.64,NA,NA,NA,4,1000,0,51.64670412,-128.1188409,mud,y,180,p,seagrass,zostera,seagrass_mud,zostera_mud,90.77,5.37572e-12,46,Metazoa,Mollusca,Mollusca,Cephalaspidea,Haminoeidae,NA,0,0,TRUE,ASV7361,1,NA
edna0035,ASV467,motu412,Saxidomus,Washington clam species,genus,NA,NA,NA,1,NA,NA,NA,NA,NA,NA,8,Saxidomus,Washington clam species,2018_pba_surface,pba,beach_seine,2018-07-12,2018-07-10,2018,surface,3,edna_pba_15,surface,biological,16.6,26.08,8.4,NA,NA,NA,3.7,1000,0,51.64655803,-128.1188964,mud,y,180,p,seagrass,zostera,seagrass_mud,zostera_mud,100,1.96163e-160,313,Metazoa,Mollusca,Mollusca,Venerida,Veneridae,Saxidomus,0,0,TRUE,ASV467,12,NA
edna0035,ASV709,motu492,Eupolymnia heterobranchia,Brown intertidal spaghetti worm,species,NA,NA,NA,1,NA,NA,NA,NA,NA,NA,11,Eupolymnia heterobranchia,Brown intertidal spaghetti worm,2018_pba_surface,pba,beach_seine,2018-07-12,2018-07-10,2018,surface,3,edna_pba_15,surface,biological,16.6,26.08,8.4,NA,NA,NA,3.7,1000,0,51.64655803,-128.1188964,mud,y,180,p,seagrass,zostera,seagrass_mud,zostera_mud,99.67,6.925819999999995e-155,303,Metazoa,Annelida,Polychaeta,Terebellida,Terebellidae,Eupolymnia,0,0,TRUE,ASV559,3,Eupolymnia heterobranchia
edna0035,ASV1603,motu1347,Armandia brevis,Opheliid polychaete,species,NA,NA,NA,1,NA,NA,NA,NA,NA,NA,7,Armandia brevis,Opheliid polychaete,2018_pba_surface,pba,beach_seine,2018-07-12,2018-07-10,2018,surface,3,edna_pba_15,surface,biological,16.6,26.08,8.4,NA,NA,NA,3.7,1000,0,51.64655803,-128.1188964,mud,y,180,p,seagrass,zostera,seagrass_mud,zostera_mud,100,3.4804099999999994e-173,336,Metazoa,Annelida,Polychaeta,NA,Opheliidae,Armandia,0,0,TRUE,ASV1603,1,Armandia brevis
edna0035,ASV4245,motu3328,Armandia brevis,Opheliid polychaete,species,NA,NA,NA,1,NA,NA,NA,NA,NA,NA,8,Armandia brevis,Opheliid polychaete,2018_pba_surface,pba,beach_seine,2018-07-12,2018-07-10,2018,surface,3,edna_pba_15,surface,biological,16.6,26.08,8.4,NA,NA,NA,3.7,1000,0,51.64655803,-128.1188964,mud,y,180,p,seagrass,zostera,seagrass_mud,zostera_mud,100,2.708459999999999e-174,338,Metazoa,Annelida,Polychaeta,NA,Opheliidae,Armandia,0,0,TRUE,ASV4245,1,Armandia brevis
edna0035,ASV5657,motu4344,Synchaeta vorax,Rotifer,species,NA,NA,NA,1,NA,NA,NA,NA,NA,NA,5,Synchaeta vorax,Rotifer,2018_pba_surface,pba,beach_seine,2018-07-12,2018-07-10,2018,surface,3,edna_pba_15,surface,biological,16.6,26.08,8.4,NA,NA,NA,3.7,1000,0,51.64655803,-128.1188964,mud,y,180,p,seagrass,zostera,seagrass_mud,zostera_mud,95.13,1.20545e-132,263,Metazoa,Rotifera,Eurotatoria,Ploima,Synchaetidae,Synchaeta,0,0,TRUE,ASV5657,1,Synchaeta vorax
edna0036,ASV216,motu190,Mytilus trossulus,Bay mussel,species,NA,NA,NA,1,NA,NA,NA,NA,NA,NA,55,Mytilus trossulus,Bay mussel,2018_pba_depth,pba,beach_seine,2018-07-12,2018-07-10,2018,depth,3,edna_pba_30,depth,biological,12.7,29.67,8.28,NA,NA,NA,3.7,1000,0,51.64642312,-128.1189452,mud,y,180,p,seagrass,zostera,seagrass_mud,zostera_mud,100,3.2351099999999996e-158,309,Metazoa,Mollusca,Mollusca,Mytilida,Mytilidae,Mytilus,0,0,TRUE,ASV216,23,Mytilus trossulus
edna0036,ASV226,motu199,Mytilus trossulus,Bay mussel,species,NA,NA,NA,1,NA,NA,NA,NA,NA,NA,45,Mytilus trossulus,Bay mussel,2018_pba_depth,pba,beach_seine,2018-07-12,2018-07-10,2018,depth,3,edna_pba_30,depth,biological,12.7,29.67,8.28,NA,NA,NA,3.7,1000,0,51.64642312,-128.1189452,mud,y,180,p,seagrass,zostera,seagrass_mud,zostera_mud,100,3.2351099999999996e-158,309,Metazoa,Mollusca,Mollusca,Mytilida,Mytilidae,Mytilus,0,0,TRUE,ASV226,18,Mytilus trossulus
edna0036,ASV328,motu288,Synchaeta baltica,Rotifer,species,NA,NA,NA,1,NA,NA,NA,NA,NA,NA,36,Synchaeta baltica,Rotifer,2018_pba_depth,pba,beach_seine,2018-07-12,2018-07-10,2018,depth,3,edna_pba_30,depth,biological,12.7,29.67,8.28,NA,NA,NA,3.7,1000,0,51.64642312,-128.1189452,mud,y,180,p,seagrass,zostera,seagrass_mud,zostera_mud,90.79,3.5361899999999996e-113,228,Metazoa,Rotifera,Eurotatoria,Ploima,Synchaetidae,Synchaeta,0,0,TRUE,ASV328,3,Synchaeta baltica
edna0036,ASV356,motu315,Synchaeta baltica,Rotifer,species,NA,NA,NA,1,NA,NA,NA,NA,NA,NA,25,Synchaeta baltica,Rotifer,2018_pba_depth,pba,beach_seine,2018-07-12,2018-07-10,2018,depth,3,edna_pba_30,depth,biological,12.7,29.67,8.28,NA,NA,NA,3.7,1000,0,51.64642312,-128.1189452,mud,y,180,p,seagrass,zostera,seagrass_mud,zostera_mud,90.45,5.9173e-111,224,Metazoa,Rotifera,Eurotatoria,Ploima,Synchaetidae,Synchaeta,0,0,TRUE,ASV356,1,Synchaeta baltica
edna0036,ASV346,motu306,Synchaeta vorax,Rotifer,species,NA,NA,NA,1,NA,NA,NA,NA,NA,NA,16,Synchaeta vorax,Rotifer,2018_pba_depth,pba,beach_seine,2018-07-12,2018-07-10,2018,depth,3,edna_pba_30,depth,biological,12.7,29.67,8.28,NA,NA,NA,3.7,1000,0,51.64642312,-128.1189452,mud,y,180,p,seagrass,zostera,seagrass_mud,zostera_mud,98.08,7.129989999999999e-150,294,Metazoa,Rotifera,Eurotatoria,Ploima,Synchaetidae,Synchaeta,0,0,TRUE,ASV346,5,Synchaeta vorax
edna0036,ASV352,motu311,Synchaeta vorax,Rotifer,species,NA,NA,NA,1,NA,NA,NA,NA,NA,NA,9,Synchaeta vorax,Rotifer,2018_pba_depth,pba,beach_seine,2018-07-12,2018-07-10,2018,depth,3,edna_pba_30,depth,biological,12.7,29.67,8.28,NA,NA,NA,3.7,1000,0,51.64642312,-128.1189452,mud,y,180,p,seagrass,zostera,seagrass_mud,zostera_mud,98.08,7.129989999999999e-150,294,Metazoa,Rotifera,Eurotatoria,Ploima,Synchaetidae,Synchaeta,0,0,TRUE,ASV352,4,Synchaeta vorax
edna0036,ASV467,motu412,Saxidomus,Washington clam species,genus,NA,NA,NA,1,NA,NA,NA,NA,NA,NA,26,Saxidomus,Washington clam species,2018_pba_depth,pba,beach_seine,2018-07-12,2018-07-10,2018,depth,3,edna_pba_30,depth,biological,12.7,29.67,8.28,NA,NA,NA,3.7,1000,0,51.64642312,-128.1189452,mud,y,180,p,seagrass,zostera,seagrass_mud,zostera_mud,100,1.96163e-160,313,Metazoa,Mollusca,Mollusca,Venerida,Veneridae,Saxidomus,0,0,TRUE,ASV467,12,NA
edna0036,ASV689,motu600,Synchaeta baltica,Rotifer,species,NA,NA,NA,1,NA,NA,NA,NA,NA,NA,20,Synchaeta baltica,Rotifer,2018_pba_depth,pba,beach_seine,2018-07-12,2018-07-10,2018,depth,3,edna_pba_30,depth,biological,12.7,29.67,8.28,NA,NA,NA,3.7,1000,0,51.64642312,-128.1189452,mud,y,180,p,seagrass,zostera,seagrass_mud,zostera_mud,90.76,1.27184e-112,227,Metazoa,Rotifera,Eurotatoria,Ploima,Synchaetidae,Synchaeta,0,0,TRUE,ASV689,1,Synchaeta baltica
edna0036,ASV932,motu810,Synchaeta baltica,Rotifer,species,NA,NA,NA,1,NA,NA,NA,NA,NA,NA,43,Synchaeta baltica,Rotifer,2018_pba_depth,pba,beach_seine,2018-07-12,2018-07-10,2018,depth,3,edna_pba_30,depth,biological,12.7,29.67,8.28,NA,NA,NA,3.7,1000,0,51.64642312,-128.1189452,mud,y,180,p,seagrass,zostera,seagrass_mud,zostera_mud,91.08,2.73364e-114,230,Metazoa,Rotifera,Eurotatoria,Ploima,Synchaetidae,Synchaeta,0,0,TRUE,ASV932,1,Synchaeta baltica
edna0036,ASV947,motu824,Synchaeta baltica,Rotifer,species,NA,NA,NA,1,NA,NA,NA,NA,NA,NA,46,Synchaeta baltica,Rotifer,2018_pba_depth,pba,beach_seine,2018-07-12,2018-07-10,2018,depth,3,edna_pba_30,depth,biological,12.7,29.67,8.28,NA,NA,NA,3.7,1000,0,51.64642312,-128.1189452,mud,y,180,p,seagrass,zostera,seagrass_mud,zostera_mud,91.08,2.73364e-114,230,Metazoa,Rotifera,Eurotatoria,Ploima,Synchaetidae,Synchaeta,0,0,TRUE,ASV947,1,Synchaeta baltica
edna0036,ASV937,motu814,Synchaeta baltica,Rotifer,species,NA,NA,NA,1,NA,NA,NA,NA,NA,NA,18,Synchaeta baltica,Rotifer,2018_pba_depth,pba,beach_seine,2018-07-12,2018-07-10,2018,depth,3,edna_pba_30,depth,biological,12.7,29.67,8.28,NA,NA,NA,3.7,1000,0,51.64642312,-128.1189452,mud,y,180,p,seagrass,zostera,seagrass_mud,zostera_mud,90.76,1.27184e-112,227,Metazoa,Rotifera,Eurotatoria,Ploima,Synchaetidae,Synchaeta,0,0,TRUE,ASV937,1,Synchaeta baltica
edna0036,ASV1451,motu796,Panopea generosa,Pacific geoduck,species,NA,NA,NA,1,NA,NA,NA,NA,NA,NA,7,Panopea generosa,Pacific geoduck,2018_pba_depth,pba,beach_seine,2018-07-12,2018-07-10,2018,depth,3,edna_pba_30,depth,biological,12.7,29.67,8.28,NA,NA,NA,3.7,1000,0,51.64642312,-128.1189452,mud,y,180,p,seagrass,zostera,seagrass_mud,zostera_mud,100,7.02982e-160,312,Metazoa,Mollusca,Bivalvia,Adapedonta,Hiatellidae,Panopea,0,0,TRUE,ASV916,4,Panopea generosa
edna0036,ASV3033,motu2444,Staphylinidae,Hexapod,genus,NA,NA,NA,1,NA,NA,NA,NA,NA,NA,2,Staphylinidae,Hexapod,2018_pba_depth,pba,beach_seine,2018-07-12,2018-07-10,2018,depth,3,edna_pba_30,depth,biological,12.7,29.67,8.28,NA,NA,NA,3.7,1000,0,51.64642312,-128.1189452,mud,y,180,p,seagrass,zostera,seagrass_mud,zostera_mud,90.14,3.11539e-14,50,Metazoa,Arthropoda,Arthropoda,Coleoptera,Staphylinidae,Staphylinidae,NA,NA,TRUE,ASV3033,1,NA
edna0036,ASV4587,motu316,Hiatella,Clam species,genus,NA,NA,NA,1,NA,NA,NA,NA,NA,NA,6,Hiatella,Clam species,2018_pba_depth,pba,beach_seine,2018-07-12,2018-07-10,2018,depth,3,edna_pba_30,depth,biological,12.7,29.67,8.28,NA,NA,NA,3.7,1000,0,51.64642312,-128.1189452,mud,y,180,p,seagrass,zostera,seagrass_mud,zostera_mud,99.68,4.200199999999998e-157,307,Metazoa,Mollusca,Bivalvia,Adapedonta,Hiatellidae,Hiatella,0,0,TRUE,ASV357,9,NA
edna0036,ASV6103,motu4701,Paranais litoralis,Freshwater oligochaete,species,NA,NA,NA,1,NA,NA,NA,NA,NA,NA,2,Paranais litoralis,Freshwater oligochaete,2018_pba_depth,pba,beach_seine,2018-07-12,2018-07-10,2018,depth,3,edna_pba_30,depth,biological,12.7,29.67,8.28,NA,NA,NA,3.7,1000,0,51.64642312,-128.1189452,mud,y,180,p,seagrass,zostera,seagrass_mud,zostera_mud,99.68,1.5051499999999994e-156,306,Metazoa,Annelida,Clitellata,Tubificida,Naididae,Paranais,0,0,TRUE,ASV6103,1,Paranais litoralis
edna0037,ASV312,motu274,Synchaeta baltica,Rotifer,species,NA,NA,NA,1,NA,NA,NA,NA,NA,NA,67,Synchaeta baltica,Rotifer,2018_wfb_surface,wfb,beach_seine,2018-07-13,2018-07-12,2018,surface,1,edna_wfb_00,surface,biological,12.5,30.95,7.97,NA,NA,NA,5.3,1000,0,51.66858165,-128.1194495,sand,y,350,se,none,none,none_sand,none_sand,90.45,5.9173e-111,224,Metazoa,Rotifera,Eurotatoria,Ploima,Synchaetidae,Synchaeta,0,0,TRUE,ASV312,1,Synchaeta baltica
edna0037,ASV356,motu315,Synchaeta baltica,Rotifer,species,NA,NA,NA,1,NA,NA,NA,NA,NA,NA,78,Synchaeta baltica,Rotifer,2018_wfb_surface,wfb,beach_seine,2018-07-13,2018-07-12,2018,surface,1,edna_wfb_00,surface,biological,12.5,30.95,7.97,NA,NA,NA,5.3,1000,0,51.66858165,-128.1194495,sand,y,350,se,none,none,none_sand,none_sand,90.45,5.9173e-111,224,Metazoa,Rotifera,Eurotatoria,Ploima,Synchaetidae,Synchaeta,0,0,TRUE,ASV356,1,Synchaeta baltica
edna0037,ASV324,motu285,Paracalanus parvus parvus,Calanoid copepod,species,NA,NA,NA,1,NA,NA,NA,NA,NA,NA,2,Paracalanus parvus parvus,Calanoid copepod,2018_wfb_surface,wfb,beach_seine,2018-07-13,2018-07-12,2018,surface,1,edna_wfb_00,surface,biological,12.5,30.95,7.97,NA,NA,NA,5.3,1000,0,51.66858165,-128.1194495,sand,y,350,se,none,none,none_sand,none_sand,100,1.17454e-132,263,Metazoa,Arthropoda,Copepoda,Calanoida,Paracalanidae,Paracalanus,0,0,TRUE,ASV324,6,Paracalanus parvus parvus
edna0037,ASV937,motu814,Synchaeta baltica,Rotifer,species,NA,NA,NA,1,NA,NA,NA,NA,NA,NA,15,Synchaeta baltica,Rotifer,2018_wfb_surface,wfb,beach_seine,2018-07-13,2018-07-12,2018,surface,1,edna_wfb_00,surface,biological,12.5,30.95,7.97,NA,NA,NA,5.3,1000,0,51.66858165,-128.1194495,sand,y,350,se,none,none,none_sand,none_sand,90.76,1.27184e-112,227,Metazoa,Rotifera,Eurotatoria,Ploima,Synchaetidae,Synchaeta,0,0,TRUE,ASV937,1,Synchaeta baltica
edna0037,ASV1042,motu899,Synchaeta baltica,Rotifer,species,NA,NA,NA,1,NA,NA,NA,NA,NA,NA,12,Synchaeta baltica,Rotifer,2018_wfb_surface,wfb,beach_seine,2018-07-13,2018-07-12,2018,surface,1,edna_wfb_00,surface,biological,12.5,30.95,7.97,NA,NA,NA,5.3,1000,0,51.66858165,-128.1194495,sand,y,350,se,none,none,none_sand,none_sand,90.76,1.27184e-112,227,Metazoa,Rotifera,Eurotatoria,Ploima,Synchaetidae,Synchaeta,0,0,TRUE,ASV1042,1,Synchaeta baltica
edna0037,ASV1680,motu1405,Aurelia,Moon jelly species,genus,NA,NA,NA,1,NA,NA,NA,24,NA,NA,22,Aurelia,Moon jelly species,2018_wfb_surface,wfb,beach_seine,2018-07-13,2018-07-12,2018,surface,1,edna_wfb_00,surface,biological,12.5,30.95,7.97,NA,NA,NA,5.3,1000,0,51.66858165,-128.1194495,sand,y,350,se,none,none,none_sand,none_sand,100,1.96163e-160,313,Metazoa,Cnidaria,Cnidaria,Semaeostomeae,Ulmaridae,Aurelia,0,0,TRUE,ASV1680,1,NA
edna0037,ASV2696,motu283,Dodecaceria,Cirratulid polychaete,genus,NA,NA,NA,1,NA,NA,NA,32,NA,NA,25,Dodecaceria,Cirratulid polychaete,2018_wfb_surface,wfb,beach_seine,2018-07-13,2018-07-12,2018,surface,1,edna_wfb_00,surface,biological,12.5,30.95,7.97,NA,NA,NA,5.3,1000,0,51.66858165,-128.1194495,sand,y,350,se,none,none,none_sand,none_sand,100,7.02982e-160,312,Metazoa,Annelida,Polychaeta,Terebellida,Cirratulidae,Dodecaceria,0,0,TRUE,ASV322,5,NA
edna0037,ASV3344,motu675,Aequorea,Crystal jelly species,genus,NA,NA,NA,1,NA,NA,NA,NA,NA,NA,23,Aequorea,Crystal jelly species,2018_wfb_surface,wfb,beach_seine,2018-07-13,2018-07-12,2018,surface,1,edna_wfb_00,surface,biological,12.5,30.95,7.97,NA,NA,NA,5.3,1000,0,51.66858165,-128.1194495,sand,y,350,se,none,none,none_sand,none_sand,100,1.4886099999999998e-156,306,Metazoa,Cnidaria,Hydrozoa,Leptothecata,Aequoreidae,Aequorea,0,0,TRUE,ASV775,3,NA
edna0037,ASV5282,motu313,Mitrocoma cellularia,Cross jelly,species,NA,NA,NA,1,NA,NA,NA,NA,NA,NA,31,Mitrocoma cellularia,Cross jelly,2018_wfb_surface,wfb,beach_seine,2018-07-13,2018-07-12,2018,surface,1,edna_wfb_00,surface,biological,12.5,30.95,7.97,NA,NA,NA,5.3,1000,0,51.66858165,-128.1194495,sand,y,350,se,none,none,none_sand,none_sand,99.67,6.925819999999995e-155,303,Metazoa,Cnidaria,Hydrozoa,Leptothecata,Mitrocomidae,Mitrocoma,0,0,TRUE,ASV354,2,Mitrocoma cellularia
edna0037,ASV6200,motu922,Pleurobrachia bachei,Pacific sea gooseberry,species,NA,NA,NA,1,NA,NA,NA,NA,NA,NA,8,Pleurobrachia bachei,Pacific sea gooseberry,2018_wfb_surface,wfb,beach_seine,2018-07-13,2018-07-12,2018,surface,1,edna_wfb_00,surface,biological,12.5,30.95,7.97,NA,NA,NA,5.3,1000,0,51.66858165,-128.1194495,sand,y,350,se,none,none,none_sand,none_sand,99.68,9.310369999999999e-159,310,Metazoa,Ctenophora,Tentaculata,Cydippida,Cydippidae,Pleurobrachia,0,0,TRUE,ASV1070,7,Pleurobrachia bachei
edna0037,ASV6726,motu5223,Aurelia labiata,Moon jelly species,species,NA,NA,NA,1,NA,NA,NA,NA,NA,NA,6,Aurelia labiata,Moon jelly species,2018_wfb_surface,wfb,beach_seine,2018-07-13,2018-07-12,2018,surface,1,edna_wfb_00,surface,biological,12.5,30.95,7.97,NA,NA,NA,5.3,1000,0,51.66858165,-128.1194495,sand,y,350,se,none,none,none_sand,none_sand,100,2.0011299999999987e-160,313,Metazoa,Cnidaria,Scyphozoa,Semaeostomeae,Ulmaridae,Aurelia,0,0,TRUE,ASV6726,1,Aurelia labiata
edna0038,ASV226,motu199,Mytilus trossulus,Bay mussel,species,NA,NA,NA,1,NA,NA,NA,NA,NA,NA,15,Mytilus trossulus,Bay mussel,2018_wfb_depth,wfb,beach_seine,2018-07-13,2018-07-12,2018,depth,1,edna_wfb_15,depth,biological,10.6,31.55,7.94,NA,NA,NA,5.3,1000,0,51.66850793,-128.1196609,sand,y,350,se,none,none,none_sand,none_sand,100,3.2351099999999996e-158,309,Metazoa,Mollusca,Mollusca,Mytilida,Mytilidae,Mytilus,0,0,TRUE,ASV226,18,Mytilus trossulus
edna0038,ASV312,motu274,Synchaeta baltica,Rotifer,species,NA,NA,NA,1,NA,NA,NA,NA,NA,NA,34,Synchaeta baltica,Rotifer,2018_wfb_depth,wfb,beach_seine,2018-07-13,2018-07-12,2018,depth,1,edna_wfb_15,depth,biological,10.6,31.55,7.94,NA,NA,NA,5.3,1000,0,51.66850793,-128.1196609,sand,y,350,se,none,none,none_sand,none_sand,90.45,5.9173e-111,224,Metazoa,Rotifera,Eurotatoria,Ploima,Synchaetidae,Synchaeta,0,0,TRUE,ASV312,1,Synchaeta baltica
edna0038,ASV356,motu315,Synchaeta baltica,Rotifer,species,NA,NA,NA,1,NA,NA,NA,NA,NA,NA,27,Synchaeta baltica,Rotifer,2018_wfb_depth,wfb,beach_seine,2018-07-13,2018-07-12,2018,depth,1,edna_wfb_15,depth,biological,10.6,31.55,7.94,NA,NA,NA,5.3,1000,0,51.66850793,-128.1196609,sand,y,350,se,none,none,none_sand,none_sand,90.45,5.9173e-111,224,Metazoa,Rotifera,Eurotatoria,Ploima,Synchaetidae,Synchaeta,0,0,TRUE,ASV356,1,Synchaeta baltica
edna0038,ASV352,motu311,Synchaeta vorax,Rotifer,species,NA,NA,NA,1,NA,NA,NA,NA,NA,NA,11,Synchaeta vorax,Rotifer,2018_wfb_depth,wfb,beach_seine,2018-07-13,2018-07-12,2018,depth,1,edna_wfb_15,depth,biological,10.6,31.55,7.94,NA,NA,NA,5.3,1000,0,51.66850793,-128.1196609,sand,y,350,se,none,none,none_sand,none_sand,98.08,7.129989999999999e-150,294,Metazoa,Rotifera,Eurotatoria,Ploima,Synchaetidae,Synchaeta,0,0,TRUE,ASV352,4,Synchaeta vorax
edna0038,ASV81,motu71,Acartia (Acartiura) longiremis,Calanoid copepod,species,NA,NA,NA,1,NA,NA,NA,NA,NA,NA,5,Acartia (Acartiura) longiremis,Calanoid copepod,2018_wfb_depth,wfb,beach_seine,2018-07-13,2018-07-12,2018,depth,1,edna_wfb_15,depth,biological,10.6,31.55,7.94,NA,NA,NA,5.3,1000,0,51.66850793,-128.1196609,sand,y,350,se,none,none,none_sand,none_sand,100,1.96163e-160,313,Metazoa,Arthropoda,Copepoda,Calanoida,Acartiidae,Acartia,0,0,TRUE,ASV81,23,Acartia (Acartiura) longiremis
edna0038,ASV2117,motu1746,Synchaeta vorax,Rotifer,species,NA,NA,NA,1,NA,NA,NA,NA,NA,NA,7,Synchaeta vorax,Rotifer,2018_wfb_depth,wfb,beach_seine,2018-07-13,2018-07-12,2018,depth,1,edna_wfb_15,depth,biological,10.6,31.55,7.94,NA,NA,NA,5.3,1000,0,51.66850793,-128.1196609,sand,y,350,se,none,none,none_sand,none_sand,94.81,5.60839e-131,260,Metazoa,Rotifera,Eurotatoria,Ploima,Synchaetidae,Synchaeta,0,0,TRUE,ASV2117,4,Synchaeta vorax
edna0038,ASV2292,motu1887,Synchaeta vorax,Rotifer,species,NA,NA,NA,1,NA,NA,NA,NA,NA,NA,9,Synchaeta vorax,Rotifer,2018_wfb_depth,wfb,beach_seine,2018-07-13,2018-07-12,2018,depth,1,edna_wfb_15,depth,biological,10.6,31.55,7.94,NA,NA,NA,5.3,1000,0,51.66850793,-128.1196609,sand,y,350,se,none,none,none_sand,none_sand,94.81,5.60839e-131,260,Metazoa,Rotifera,Eurotatoria,Ploima,Synchaetidae,Synchaeta,0,0,TRUE,ASV2292,5,Synchaeta vorax
edna0038,ASV2586,motu2099,Balanus glandula,Acorn barnacle,species,NA,NA,NA,1,NA,NA,NA,NA,NA,NA,14,Balanus glandula,Acorn barnacle,2018_wfb_depth,wfb,beach_seine,2018-07-13,2018-07-12,2018,depth,1,edna_wfb_15,depth,biological,10.6,31.55,7.94,NA,NA,NA,5.3,1000,0,51.66850793,-128.1196609,sand,y,350,se,none,none,none_sand,none_sand,99.35,7.002779999999996e-155,303,Metazoa,Arthropoda,Thecostraca,Balanomorpha,Balanidae,Balanus,0,0,TRUE,ASV2586,1,Balanus glandula
edna0039,ASV944,motu821,Phascolosoma (Phascolosoma) agassizii,Agassiz peanut worm,species,NA,NA,NA,1,NA,NA,NA,NA,NA,NA,6,Phascolosoma (Phascolosoma) agassizii,Agassiz peanut worm,2018_wfb_surface,wfb,beach_seine,2018-07-13,2018-07-12,2018,surface,2,edna_wfb_30,surface,biological,12.4,31.02,7.95,NA,NA,NA,5.3,1000,0,51.66843974,-128.1199132,sand,y,350,se,none,none,none_sand,none_sand,100,1.96163e-160,313,Metazoa,Annelida,NA,Sipuncula,Phascolosomatidae,Phascolosoma,0,0,TRUE,ASV944,3,Phascolosoma (Phascolosoma) agassizii
edna0039,ASV1057,motu909,Orobdella,Freshwater leech,genus,NA,NA,NA,1,NA,NA,NA,NA,NA,NA,7,Orobdella,Freshwater leech,2018_wfb_surface,wfb,beach_seine,2018-07-13,2018-07-12,2018,surface,2,edna_wfb_30,surface,biological,12.4,31.02,7.95,NA,NA,NA,5.3,1000,0,51.66843974,-128.1199132,sand,y,350,se,none,none,none_sand,none_sand,97.06,0.0011939,31,Metazoa,Annelida,Annelida,Erpobdelliformes,Orobdellidae,Orobdella,NA,NA,TRUE,ASV1057,1,NA
edna0039,ASV1408,motu343,Dodecaceria,Cirratulid polychaete,genus,NA,NA,NA,1,NA,NA,NA,NA,NA,NA,45,Dodecaceria,Cirratulid polychaete,2018_wfb_surface,wfb,beach_seine,2018-07-13,2018-07-12,2018,surface,2,edna_wfb_30,surface,biological,12.4,31.02,7.95,NA,NA,NA,5.3,1000,0,51.66843974,-128.1199132,sand,y,350,se,none,none,none_sand,none_sand,100,7.02982e-160,312,Metazoa,Annelida,Polychaeta,Terebellida,Cirratulidae,Dodecaceria,0,0,TRUE,ASV390,6,NA
edna0039,ASV3125,motu2512,Chaetognatha,Arrow worm,phylum,NA,NA,NA,1,NA,NA,NA,NA,NA,NA,9,Chaetognatha,Arrow worm,2018_wfb_surface,wfb,beach_seine,2018-07-13,2018-07-12,2018,surface,2,edna_wfb_30,surface,biological,12.4,31.02,7.95,NA,NA,NA,5.3,1000,0,51.66843974,-128.1199132,sand,y,350,se,none,none,none_sand,none_sand,95.02,1.67366e-81,171,Metazoa,Chaetognatha,NA,NA,NA,NA,0,0,TRUE,ASV3125,1,NA
edna0039,ASV5460,motu4193,Aurelia labiata,Moon jelly species,species,NA,NA,NA,1,NA,NA,NA,NA,NA,NA,5,Aurelia labiata,Moon jelly species,2018_wfb_surface,wfb,beach_seine,2018-07-13,2018-07-12,2018,surface,2,edna_wfb_30,surface,biological,12.4,31.02,7.95,NA,NA,NA,5.3,1000,0,51.66843974,-128.1199132,sand,y,350,se,none,none,none_sand,none_sand,100,1.96163e-160,313,Metazoa,Cnidaria,Scyphozoa,Semaeostomeae,Ulmaridae,Aurelia,0,0,TRUE,ASV5460,1,Aurelia labiata
edna0040,ASV386,motu316,Hiatella,Clam species,genus,NA,NA,NA,1,NA,NA,NA,25,NA,NA,32,Hiatella,Clam species,2018_wfb_depth,wfb,beach_seine,2018-07-13,2018-07-12,2018,depth,2,edna_wfb_00,depth,biological,10.6,31.55,7.96,NA,NA,NA,5.3,1000,0,51.66858165,-128.1194495,sand,y,350,se,none,none,none_sand,none_sand,100,9.027749999999999e-159,310,Metazoa,Mollusca,Bivalvia,Adapedonta,Hiatellidae,Hiatella,0,0,TRUE,ASV357,9,NA
edna0040,ASV542,motu476,Phascolosoma (Phascolosoma) agassizii,Agassiz peanut worm,species,NA,NA,NA,1,NA,NA,NA,NA,NA,NA,12,Phascolosoma (Phascolosoma) agassizii,Agassiz peanut worm,2018_wfb_depth,wfb,beach_seine,2018-07-13,2018-07-12,2018,depth,2,edna_wfb_00,depth,biological,10.6,31.55,7.96,NA,NA,NA,5.3,1000,0,51.66858165,-128.1194495,sand,y,350,se,none,none,none_sand,none_sand,100,1.96163e-160,313,Metazoa,Annelida,NA,Sipuncula,Phascolosomatidae,Phascolosoma,0,0,TRUE,ASV542,4,Phascolosoma (Phascolosoma) agassizii
edna0040,ASV598,motu524,Strongylocentrotus droebachiensis,Green sea urcin,species,NA,NA,NA,1,NA,NA,NA,NA,NA,NA,3,Strongylocentrotus droebachiensis,Green sea urcin,2018_wfb_depth,wfb,beach_seine,2018-07-13,2018-07-12,2018,depth,2,edna_wfb_00,depth,biological,10.6,31.55,7.96,NA,NA,NA,5.3,1000,0,51.66858165,-128.1194495,sand,y,350,se,none,none,none_sand,none_sand,100,1.96163e-160,313,Metazoa,Echinodermata,Echinoidea,Camarodonta,Strongylocentrotidae,Strongylocentrotus,0,0,TRUE,ASV598,2,Strongylocentrotus droebachiensis
edna0040,ASV775,motu675,Aequorea,Crystal jelly species,genus,NA,NA,NA,1,NA,NA,NA,NA,NA,NA,3,Aequorea,Crystal jelly species,2018_wfb_depth,wfb,beach_seine,2018-07-13,2018-07-12,2018,depth,2,edna_wfb_00,depth,biological,10.6,31.55,7.96,NA,NA,NA,5.3,1000,0,51.66858165,-128.1194495,sand,y,350,se,none,none,none_sand,none_sand,100,1.4886099999999998e-156,306,Metazoa,Cnidaria,Hydrozoa,Leptothecata,Aequoreidae,Aequorea,0,0,TRUE,ASV775,3,NA
edna0040,ASV520,motu457,Evasterias troschelii,False ochre star,species,NA,NA,NA,1,NA,NA,NA,NA,NA,NA,2,Evasterias troschelii,False ochre star,2018_wfb_depth,wfb,beach_seine,2018-07-13,2018-07-12,2018,depth,2,edna_wfb_00,depth,biological,10.6,31.55,7.96,NA,NA,NA,5.3,1000,0,51.66858165,-128.1194495,sand,y,350,se,none,none,none_sand,none_sand,100,1.96163e-160,313,Metazoa,Echinodermata,Asteroidea,Forcipulatida,Asteriidae,Evasterias,0,0,TRUE,ASV520,1,Evasterias troschelii
edna0040,ASV772,motu672,Parastenocarididae,Harpacticoid copepod,family,NA,NA,NA,1,NA,NA,NA,NA,NA,NA,22,Parastenocarididae,Harpacticoid copepod,2018_wfb_depth,wfb,beach_seine,2018-07-13,2018-07-12,2018,depth,2,edna_wfb_00,depth,biological,10.6,31.55,7.96,NA,NA,NA,5.3,1000,0,51.66858165,-128.1194495,sand,y,350,se,none,none,none_sand,none_sand,94.59,0.00408744,30,Metazoa,Arthropoda,Arthropoda,Harpacticoida,Parastenocarididae,NA,1,0,TRUE,ASV772,1,NA
edna0040,ASV1070,motu922,Pleurobrachia bachei,Pacific sea gooseberry,species,NA,NA,NA,1,NA,NA,NA,NA,NA,NA,2,Pleurobrachia bachei,Pacific sea gooseberry,2018_wfb_depth,wfb,beach_seine,2018-07-13,2018-07-12,2018,depth,2,edna_wfb_00,depth,biological,10.6,31.55,7.96,NA,NA,NA,5.3,1000,0,51.66858165,-128.1194495,sand,y,350,se,none,none,none_sand,none_sand,100,1.96163e-160,313,Metazoa,Ctenophora,Tentaculata,Cydippida,Cydippidae,Pleurobrachia,0,0,TRUE,ASV1070,7,Pleurobrachia bachei
edna0040,ASV2459,motu2003,Aurelia labiata,Moon jelly species,species,NA,NA,NA,1,NA,NA,NA,NA,NA,NA,3,Aurelia labiata,Moon jelly species,2018_wfb_depth,wfb,beach_seine,2018-07-13,2018-07-12,2018,depth,2,edna_wfb_00,depth,biological,10.6,31.55,7.96,NA,NA,NA,5.3,1000,0,51.66858165,-128.1194495,sand,y,350,se,none,none,none_sand,none_sand,99.04,1.97556e-155,304,Metazoa,Cnidaria,Scyphozoa,Semaeostomeae,Ulmaridae,Aurelia,0,0,TRUE,ASV2459,1,Aurelia labiata
edna0040,ASV5222,motu4014,Syllis alternata,Necklace worm species,species,NA,NA,NA,1,NA,NA,NA,8,NA,NA,24,Syllis alternata,Necklace worm species,2018_wfb_depth,wfb,beach_seine,2018-07-13,2018-07-12,2018,depth,2,edna_wfb_00,depth,biological,10.6,31.55,7.96,NA,NA,NA,5.3,1000,0,51.66858165,-128.1194495,sand,y,350,se,none,none,none_sand,none_sand,99.68,3.2706599999999985e-158,309,Metazoa,Annelida,Polychaeta,Phyllodocida,Syllidae,Syllis,0,0,TRUE,ASV5222,2,Syllis alternata
edna0041,ASV216,motu190,Mytilus trossulus,Bay mussel,species,NA,NA,NA,1,NA,NA,NA,30,NA,NA,27,Mytilus trossulus,Bay mussel,2018_wfb_surface,wfb,beach_seine,2018-07-13,2018-07-12,2018,surface,3,edna_wfb_15,surface,biological,12.1,30.5,7.99,NA,NA,NA,5.3,1000,0,51.66850793,-128.1196609,sand,y,350,se,none,none,none_sand,none_sand,100,3.2351099999999996e-158,309,Metazoa,Mollusca,Mollusca,Mytilida,Mytilidae,Mytilus,0,0,TRUE,ASV216,23,Mytilus trossulus
edna0041,ASV226,motu199,Mytilus trossulus,Bay mussel,species,NA,NA,NA,1,NA,NA,NA,NA,NA,NA,15,Mytilus trossulus,Bay mussel,2018_wfb_surface,wfb,beach_seine,2018-07-13,2018-07-12,2018,surface,3,edna_wfb_15,surface,biological,12.1,30.5,7.99,NA,NA,NA,5.3,1000,0,51.66850793,-128.1196609,sand,y,350,se,none,none,none_sand,none_sand,100,3.2351099999999996e-158,309,Metazoa,Mollusca,Mollusca,Mytilida,Mytilidae,Mytilus,0,0,TRUE,ASV226,18,Mytilus trossulus
edna0041,ASV1698,motu1419,Aurelia labiata,Moon jelly species,species,NA,NA,NA,1,NA,NA,NA,33,NA,NA,31,Aurelia labiata,Moon jelly species,2018_wfb_surface,wfb,beach_seine,2018-07-13,2018-07-12,2018,surface,3,edna_wfb_15,surface,biological,12.1,30.5,7.99,NA,NA,NA,5.3,1000,0,51.66850793,-128.1196609,sand,y,350,se,none,none,none_sand,none_sand,99.36,4.246189999999999e-157,307,Metazoa,Cnidaria,Scyphozoa,Semaeostomeae,Ulmaridae,Aurelia,0,0,TRUE,ASV1698,4,Aurelia labiata
edna0041,ASV2459,motu2003,Aurelia labiata,Moon jelly species,species,NA,NA,NA,1,NA,NA,NA,NA,NA,NA,21,Aurelia labiata,Moon jelly species,2018_wfb_surface,wfb,beach_seine,2018-07-13,2018-07-12,2018,surface,3,edna_wfb_15,surface,biological,12.1,30.5,7.99,NA,NA,NA,5.3,1000,0,51.66850793,-128.1196609,sand,y,350,se,none,none,none_sand,none_sand,99.04,1.97556e-155,304,Metazoa,Cnidaria,Scyphozoa,Semaeostomeae,Ulmaridae,Aurelia,0,0,TRUE,ASV2459,1,Aurelia labiata
edna0041,ASV3570,motu944,Dodecaceria,Cirratulid polychaete,genus,NA,NA,NA,1,NA,NA,NA,NA,NA,NA,35,Dodecaceria,Cirratulid polychaete,2018_wfb_surface,wfb,beach_seine,2018-07-13,2018-07-12,2018,surface,3,edna_wfb_15,surface,biological,12.1,30.5,7.99,NA,NA,NA,5.3,1000,0,51.66850793,-128.1196609,sand,y,350,se,none,none,none_sand,none_sand,100,2.51921e-159,311,Metazoa,Annelida,Polychaeta,Terebellida,Cirratulidae,Dodecaceria,0,0,TRUE,ASV1097,6,NA
edna0042,ASV750,motu654,Orobdella,Freshwater leech,genus,NA,NA,NA,1,NA,NA,NA,8,NA,NA,6,Orobdella,Freshwater leech,2018_wfb_depth,wfb,beach_seine,2018-07-13,2018-07-12,2018,depth,3,edna_wfb_30,depth,biological,10.6,31.64,7.97,NA,NA,NA,5.3,1000,0,51.66843974,-128.1199132,sand,y,350,se,none,none,none_sand,none_sand,97.06,0.00121031,31,Metazoa,Annelida,Annelida,Erpobdelliformes,Orobdellidae,Orobdella,NA,NA,TRUE,ASV750,1,NA
edna0043,ASV640,motu105,Mesocentrotus franciscanus,Red sea urchin,species,NA,NA,NA,1,NA,NA,NA,NA,NA,NA,125,Mesocentrotus franciscanus,Red sea urchin,2018_ssp_surface,ssp,beach_seine,2018-07-13,2018-07-12,2018,surface,1,edna_ssp_00,surface,biological,11.3,30.51,8.01,NA,NA,NA,4.7,1000,0,51.67909247,-128.1153275,sand,y,455,se,seagrass,zostera,seagrass_sand,zostera_sand,100,1.96163e-160,313,Metazoa,Echinodermata,Echinoidea,Camarodonta,Strongylocentrotidae,Mesocentrotus,0,0,TRUE,ASV118,8,Mesocentrotus franciscanus
edna0043,ASV1893,motu1556,Dodecaceria,Cirratulid polychaete,genus,NA,NA,NA,1,NA,NA,NA,NA,NA,NA,17,Dodecaceria,Cirratulid polychaete,2018_ssp_surface,ssp,beach_seine,2018-07-13,2018-07-12,2018,surface,1,edna_ssp_00,surface,biological,11.3,30.51,8.01,NA,NA,NA,4.7,1000,0,51.67909247,-128.1153275,sand,y,455,se,seagrass,zostera,seagrass_sand,zostera_sand,100,7.02982e-160,312,Metazoa,Annelida,Polychaeta,Terebellida,Cirratulidae,Dodecaceria,0,0,TRUE,ASV1870,5,NA
edna0043,ASV5807,motu285,Paracalanus,Calanoid copepod,genus,NA,NA,NA,1,NA,NA,NA,NA,NA,NA,9,Paracalanus parvus parvus,Calanoid copepod,2018_ssp_surface,ssp,beach_seine,2018-07-13,2018-07-12,2018,surface,1,edna_ssp_00,surface,biological,11.3,30.51,8.01,NA,NA,NA,4.7,1000,0,51.67909247,-128.1153275,sand,y,455,se,seagrass,zostera,seagrass_sand,zostera_sand,99.34,5.31212e-151,296,Metazoa,Arthropoda,Arthropoda,Calanoida,Paracalanidae,Paracalanus,0,0,TRUE,ASV324,6,NA
edna0043,ASV7528,motu5897,Rathkea octopunctata,Athecate hydroid,species,NA,NA,NA,1,NA,NA,NA,NA,NA,NA,2,Rathkea octopunctata,Athecate hydroid,2018_ssp_surface,ssp,beach_seine,2018-07-13,2018-07-12,2018,surface,1,edna_ssp_00,surface,biological,11.3,30.51,8.01,NA,NA,NA,4.7,1000,0,51.67909247,-128.1153275,sand,y,455,se,seagrass,zostera,seagrass_sand,zostera_sand,99.68,3.3485999999999982e-158,309,Metazoa,Cnidaria,Hydrozoa,Anthoathecata,Rathkeidae,Rathkea,0,0,TRUE,ASV7528,1,Rathkea octopunctata
edna0037,ASV233,motu74,Euchlanidae,Rotifer,family,NA,NA,NA,1,NA,NA,NA,71,NA,NA,NA,No Results,No Results,2018_wfb_surface,wfb,beach_seine,2018-07-13,2018-07-12,2018,surface,1,edna_wfb_00,surface,biological,12.5,30.95,7.97,NA,NA,NA,5.3,1000,0,51.66858165,-128.1194495,sand,y,350,se,none,none,none_sand,none_sand,91.35,3.005919999999998e-29,77,Metazoa,Rotifera,Rotifera,Ploima,Euchlanidae,NA,1,NA,TRUE,ASV84,2,NA
edna0037,ASV2757,motu2230,Diplostomida,Flatworm,order,NA,NA,NA,1,NA,NA,NA,6,NA,NA,NA,Diplostomida,Flatworm,2018_wfb_surface,wfb,beach_seine,2018-07-13,2018-07-12,2018,surface,1,edna_wfb_00,surface,biological,12.5,30.95,7.97,NA,NA,NA,5.3,1000,0,51.66858165,-128.1194495,sand,y,350,se,none,none,none_sand,none_sand,96.88,0.0144888,29,Metazoa,Platyhelminthes,Platyhelminthes,Diplostomida,NA,NA,0,0,TRUE,ASV2757,1,NA
edna0037,ASV4867,motu3765,Chaetognatha,Arrow worm,phylum,NA,NA,NA,1,NA,NA,NA,12,NA,NA,NA,Chaetognatha,Arrow worm,2018_wfb_surface,wfb,beach_seine,2018-07-13,2018-07-12,2018,surface,1,edna_wfb_00,surface,biological,12.5,30.95,7.97,NA,NA,NA,5.3,1000,0,51.66858165,-128.1194495,sand,y,350,se,none,none,none_sand,none_sand,96.52,1.66186e-86,180,Metazoa,Chaetognatha,NA,NA,NA,NA,0,0,TRUE,ASV4867,1,NA
edna0037,ASV5577,motu536,Sabellariidae,Feather duster worm,family,NA,NA,NA,1,NA,NA,NA,13,NA,NA,NA,Sabellariidae,Feather duster worm,2018_wfb_surface,wfb,beach_seine,2018-07-13,2018-07-12,2018,surface,1,edna_wfb_00,surface,biological,12.5,30.95,7.97,NA,NA,NA,5.3,1000,0,51.66858165,-128.1194495,sand,y,350,se,none,none,none_sand,none_sand,99.35,7.002779999999996e-155,303,Metazoa,Annelida,Polychaeta,NA,Sabellariidae,NA,0,0,TRUE,ASV613,7,NA
edna0038,ASV118,motu105,Mesocentrotus franciscanus,Red sea urchin,species,NA,NA,NA,1,NA,NA,NA,7,NA,NA,NA,Mesocentrotus franciscanus,Red sea urchin,2018_wfb_depth,wfb,beach_seine,2018-07-13,2018-07-12,2018,depth,1,edna_wfb_15,depth,biological,10.6,31.55,7.94,NA,NA,NA,5.3,1000,0,51.66850793,-128.1196609,sand,y,350,se,none,none,none_sand,none_sand,100,2.51921e-159,311,Metazoa,Echinodermata,Echinoidea,Camarodonta,Strongylocentrotidae,Mesocentrotus,0,0,TRUE,ASV118,8,Mesocentrotus franciscanus
edna0038,ASV559,motu492,Eupolymnia heterobranchia,Brown intertidal spaghetti worm,species,NA,NA,NA,1,NA,NA,NA,7,NA,NA,NA,Eupolymnia heterobranchia,Brown intertidal spaghetti worm,2018_wfb_depth,wfb,beach_seine,2018-07-13,2018-07-12,2018,depth,1,edna_wfb_15,depth,biological,10.6,31.55,7.94,NA,NA,NA,5.3,1000,0,51.66850793,-128.1196609,sand,y,350,se,none,none,none_sand,none_sand,100,1.4886099999999998e-156,306,Metazoa,Annelida,Polychaeta,Terebellida,Terebellidae,Eupolymnia,0,0,TRUE,ASV559,3,Eupolymnia heterobranchia
edna0038,ASV795,motu692,Phascolosoma (Phascolosoma) agassizii,Agassiz peanut worm,species,NA,NA,NA,1,NA,NA,NA,12,NA,NA,NA,Phascolosoma (Phascolosoma) agassizii,Agassiz peanut worm,2018_wfb_depth,wfb,beach_seine,2018-07-13,2018-07-12,2018,depth,1,edna_wfb_15,depth,biological,10.6,31.55,7.94,NA,NA,NA,5.3,1000,0,51.66850793,-128.1196609,sand,y,350,se,none,none,none_sand,none_sand,100,1.96163e-160,313,Metazoa,Annelida,NA,Sipuncula,Phascolosomatidae,Phascolosoma,0,0,TRUE,ASV795,3,Phascolosoma (Phascolosoma) agassizii
edna0038,ASV2062,motu545,Phascolosoma (Phascolosoma) agassizii,Agassiz peanut worm,species,NA,NA,NA,1,NA,NA,NA,7,NA,NA,NA,Phascolosoma (Phascolosoma) agassizii,Agassiz peanut worm,2018_wfb_depth,wfb,beach_seine,2018-07-13,2018-07-12,2018,depth,1,edna_wfb_15,depth,biological,10.6,31.55,7.94,NA,NA,NA,5.3,1000,0,51.66850793,-128.1196609,sand,y,350,se,none,none,none_sand,none_sand,99.68,9.126599999999999e-159,310,Metazoa,Annelida,NA,Sipuncula,Phascolosomatidae,Phascolosoma,0,0,TRUE,ASV625,3,Phascolosoma (Phascolosoma) agassizii
edna0038,ASV2881,motu2328,Coleoptera,Hexapod,order,NA,NA,NA,1,NA,NA,NA,2,NA,NA,NA,Coleoptera,Hexapod,2018_wfb_depth,wfb,beach_seine,2018-07-13,2018-07-12,2018,depth,1,edna_wfb_15,depth,biological,10.6,31.55,7.94,NA,NA,NA,5.3,1000,0,51.66850793,-128.1196609,sand,y,350,se,none,none,none_sand,none_sand,100,0.00110774,31,Metazoa,Arthropoda,Arthropoda,Coleoptera,NA,NA,NA,NA,TRUE,ASV2881,1,NA
edna0039,ASV750,motu654,Orobdella,Freshwater leech,genus,NA,NA,NA,1,NA,NA,NA,6,NA,NA,NA,Orobdella,Freshwater leech,2018_wfb_surface,wfb,beach_seine,2018-07-13,2018-07-12,2018,surface,2,edna_wfb_30,surface,biological,12.4,31.02,7.95,NA,NA,NA,5.3,1000,0,51.66843974,-128.1199132,sand,y,350,se,none,none,none_sand,none_sand,97.06,0.00121031,31,Metazoa,Annelida,Annelida,Erpobdelliformes,Orobdellidae,Orobdella,NA,NA,TRUE,ASV750,1,NA
edna0040,ASV682,motu593,Strongylocentrotus droebachiensis,Green sea urcin,species,NA,NA,NA,1,NA,NA,NA,4,NA,NA,NA,Strongylocentrotus droebachiensis,Green sea urcin,2018_wfb_depth,wfb,beach_seine,2018-07-13,2018-07-12,2018,depth,2,edna_wfb_00,depth,biological,10.6,31.55,7.96,NA,NA,NA,5.3,1000,0,51.66858165,-128.1194495,sand,y,350,se,none,none,none_sand,none_sand,100,1.96163e-160,313,Metazoa,Echinodermata,Echinoidea,Camarodonta,Strongylocentrotidae,Strongylocentrotus,0,0,TRUE,ASV682,2,Strongylocentrotus droebachiensis
edna0041,ASV34,motu31,Centropages abdominalis,Calanoid copepod,species,NA,NA,NA,1,NA,NA,NA,3,NA,NA,NA,Centropages abdominalis,Calanoid copepod,2018_wfb_surface,wfb,beach_seine,2018-07-13,2018-07-12,2018,surface,3,edna_wfb_15,surface,biological,12.1,30.5,7.99,NA,NA,NA,5.3,1000,0,51.66850793,-128.1196609,sand,y,350,se,none,none,none_sand,none_sand,100,1.96163e-160,313,Metazoa,Arthropoda,Copepoda,Calanoida,Centropagidae,Centropages,0,0,TRUE,ASV34,19,Centropages abdominalis
edna0041,ASV131,motu117,Lensia,Siphonophore,genus,NA,NA,NA,1,NA,NA,NA,8,NA,NA,NA,Lensia,Siphonophore,2018_wfb_surface,wfb,beach_seine,2018-07-13,2018-07-12,2018,surface,3,edna_wfb_15,surface,biological,12.1,30.5,7.99,NA,NA,NA,5.3,1000,0,51.66850793,-128.1196609,sand,y,350,se,none,none,none_sand,none_sand,100,0.00408744,30,Metazoa,Cnidaria,Cnidaria,Siphonophorae,Diphyidae,Lensia,0,0,TRUE,ASV131,2,NA
edna0041,ASV880,motu441,Clytia gregaria,Gregarious jellyfish,species,NA,NA,NA,1,NA,NA,NA,8,NA,NA,NA,Clytia gregaria,Gregarious jellyfish,2018_wfb_surface,wfb,beach_seine,2018-07-13,2018-07-12,2018,surface,3,edna_wfb_15,surface,biological,12.1,30.5,7.99,NA,NA,NA,5.3,1000,0,51.66850793,-128.1196609,sand,y,350,se,none,none,none_sand,none_sand,99.36,4.246189999999999e-157,307,Metazoa,Cnidaria,Cnidaria,Leptothecata,Campanulariidae,Clytia,0,0,TRUE,ASV498,2,Clytia gregaria
edna0041,ASV1893,motu1556,Dodecaceria,Cirratulid polychaete,genus,NA,NA,NA,1,NA,NA,NA,48,NA,NA,NA,Dodecaceria,Cirratulid polychaete,2018_wfb_surface,wfb,beach_seine,2018-07-13,2018-07-12,2018,surface,3,edna_wfb_15,surface,biological,12.1,30.5,7.99,NA,NA,NA,5.3,1000,0,51.66850793,-128.1196609,sand,y,350,se,none,none,none_sand,none_sand,100,7.02982e-160,312,Metazoa,Annelida,Polychaeta,Terebellida,Cirratulidae,Dodecaceria,0,0,TRUE,ASV1870,5,NA
edna0041,ASV3630,motu2877,Pseudocnus lubricus,Fishers sea cucumber,species,NA,NA,NA,1,NA,NA,NA,5,NA,NA,NA,Pseudocnus lubricus,Fishers sea cucumber,2018_wfb_surface,wfb,beach_seine,2018-07-13,2018-07-12,2018,surface,3,edna_wfb_15,surface,biological,12.1,30.5,7.99,NA,NA,NA,5.3,1000,0,51.66850793,-128.1196609,sand,y,350,se,none,none,none_sand,none_sand,100,1.4886099999999998e-156,306,Metazoa,Echinodermata,Holothuroidea,Dendrochirotida,Cucumariidae,Cucumaria,0,0,TRUE,ASV3630,1,Pseudocnus lubricus
edna0042,ASV307,motu118,Mesocentrotus franciscanus,Red sea urchin,species,NA,NA,NA,1,NA,NA,NA,20,NA,NA,NA,Mesocentrotus franciscanus,Red sea urchin,2018_wfb_depth,wfb,beach_seine,2018-07-13,2018-07-12,2018,depth,3,edna_wfb_30,depth,biological,10.6,31.64,7.97,NA,NA,NA,5.3,1000,0,51.66843974,-128.1199132,sand,y,350,se,none,none,none_sand,none_sand,100,7.02982e-160,312,Metazoa,Echinodermata,Echinoidea,Camarodonta,Strongylocentrotidae,Mesocentrotus,0,0,TRUE,ASV132,8,Mesocentrotus franciscanus
edna0042,ASV640,motu105,Mesocentrotus franciscanus,Red sea urchin,species,NA,NA,NA,1,NA,NA,NA,18,NA,NA,NA,Mesocentrotus franciscanus,Red sea urchin,2018_wfb_depth,wfb,beach_seine,2018-07-13,2018-07-12,2018,depth,3,edna_wfb_30,depth,biological,10.6,31.64,7.97,NA,NA,NA,5.3,1000,0,51.66843974,-128.1199132,sand,y,350,se,none,none,none_sand,none_sand,100,1.96163e-160,313,Metazoa,Echinodermata,Echinoidea,Camarodonta,Strongylocentrotidae,Mesocentrotus,0,0,TRUE,ASV118,8,Mesocentrotus franciscanus
edna0042,ASV780,motu679,Aequorea,Crystal jelly species,genus,NA,NA,NA,1,NA,NA,NA,3,NA,NA,NA,Aequorea,Crystal jelly species,2018_wfb_depth,wfb,beach_seine,2018-07-13,2018-07-12,2018,depth,3,edna_wfb_30,depth,biological,10.6,31.64,7.97,NA,NA,NA,5.3,1000,0,51.66843974,-128.1199132,sand,y,350,se,none,none,none_sand,none_sand,100,1.4886099999999998e-156,306,Metazoa,Cnidaria,Hydrozoa,Leptothecata,Aequoreidae,Aequorea,0,0,TRUE,ASV780,4,NA
edna0042,ASV2169,motu1787,Halosydna brevisetosa,Shortscaled worm,species,NA,NA,NA,1,NA,NA,NA,39,NA,NA,NA,Halosydna brevisetosa,Shortscaled worm,2018_wfb_depth,wfb,beach_seine,2018-07-13,2018-07-12,2018,depth,3,edna_wfb_30,depth,biological,10.6,31.64,7.97,NA,NA,NA,5.3,1000,0,51.66843974,-128.1199132,sand,y,350,se,none,none,none_sand,none_sand,100,2.51921e-159,311,Metazoa,Annelida,Polychaeta,Phyllodocida,Polynoidae,Halosydna,0,0,TRUE,ASV2169,1,Halosydna brevisetosa
edna0042,ASV3691,motu536,Sabellariidae,Feather duster worm,family,NA,NA,NA,1,NA,NA,NA,40,NA,NA,NA,Sabellariidae,Feather duster worm,2018_wfb_depth,wfb,beach_seine,2018-07-13,2018-07-12,2018,depth,3,edna_wfb_30,depth,biological,10.6,31.64,7.97,NA,NA,NA,5.3,1000,0,51.66843974,-128.1199132,sand,y,350,se,none,none,none_sand,none_sand,99.35,7.002779999999996e-155,303,Metazoa,Annelida,Polychaeta,NA,Sabellariidae,NA,0,0,TRUE,ASV613,7,NA
edna0042,ASV5960,motu470,Paracalanus parvus parvus,Calanoid copepod,species,NA,NA,NA,1,NA,NA,NA,21,NA,NA,NA,Paracalanus parvus parvus,Calanoid copepod,2018_wfb_depth,wfb,beach_seine,2018-07-13,2018-07-12,2018,depth,3,edna_wfb_30,depth,biological,10.6,31.64,7.97,NA,NA,NA,5.3,1000,0,51.66843974,-128.1199132,sand,y,350,se,none,none,none_sand,none_sand,99.62,5.464589999999996e-131,260,Metazoa,Arthropoda,Arthropoda,Calanoida,Paracalanidae,Paracalanus,0,0,TRUE,ASV536,6,Paracalanus parvus parvus
edna0043,ASV251,motu105,Mesocentrotus franciscanus,Red sea urchin,species,NA,NA,NA,1,NA,NA,NA,147,NA,NA,NA,Mesocentrotus franciscanus,Red sea urchin,2018_ssp_surface,ssp,beach_seine,2018-07-13,2018-07-12,2018,surface,1,edna_ssp_00,surface,biological,11.3,30.51,8.01,NA,NA,NA,4.7,1000,0,51.67909247,-128.1153275,sand,y,455,se,seagrass,zostera,seagrass_sand,zostera_sand,100,7.02982e-160,312,Metazoa,Echinodermata,Echinoidea,Camarodonta,Strongylocentrotidae,Mesocentrotus,0,0,TRUE,ASV118,8,Mesocentrotus franciscanus
edna0043,ASV307,motu118,Mesocentrotus franciscanus,Red sea urchin,species,NA,NA,NA,1,NA,NA,NA,41,NA,NA,NA,Mesocentrotus franciscanus,Red sea urchin,2018_ssp_surface,ssp,beach_seine,2018-07-13,2018-07-12,2018,surface,1,edna_ssp_00,surface,biological,11.3,30.51,8.01,NA,NA,NA,4.7,1000,0,51.67909247,-128.1153275,sand,y,455,se,seagrass,zostera,seagrass_sand,zostera_sand,100,7.02982e-160,312,Metazoa,Echinodermata,Echinoidea,Camarodonta,Strongylocentrotidae,Mesocentrotus,0,0,TRUE,ASV132,8,Mesocentrotus franciscanus
edna0043,ASV795,motu692,Phascolosoma (Phascolosoma) agassizii,Agassiz peanut worm,species,NA,NA,NA,1,NA,NA,NA,13,NA,NA,NA,Phascolosoma (Phascolosoma) agassizii,Agassiz peanut worm,2018_ssp_surface,ssp,beach_seine,2018-07-13,2018-07-12,2018,surface,1,edna_ssp_00,surface,biological,11.3,30.51,8.01,NA,NA,NA,4.7,1000,0,51.67909247,-128.1153275,sand,y,455,se,seagrass,zostera,seagrass_sand,zostera_sand,100,1.96163e-160,313,Metazoa,Annelida,NA,Sipuncula,Phascolosomatidae,Phascolosoma,0,0,TRUE,ASV795,3,Phascolosoma (Phascolosoma) agassizii
edna0043,ASV2941,motu2370,Axiothella rubrocincta,Bamboo worm,species,NA,NA,NA,1,NA,NA,NA,2,NA,NA,NA,Axiothella rubrocincta,Bamboo worm,2018_ssp_surface,ssp,beach_seine,2018-07-13,2018-07-12,2018,surface,1,edna_ssp_00,surface,biological,11.3,30.51,8.01,NA,NA,NA,4.7,1000,0,51.67909247,-128.1153275,sand,y,455,se,seagrass,zostera,seagrass_sand,zostera_sand,100,1.4886099999999998e-156,306,Metazoa,Annelida,Polychaeta,NA,Maldanidae,Axiothella,0,0,TRUE,ASV2941,1,Axiothella rubrocincta
edna0043,ASV5779,motu4438,Pseudoscorpiones,Other arachnid,class,NA,NA,NA,1,NA,NA,NA,4,NA,NA,NA,Pseudoscorpiones,Other arachnid,2018_ssp_surface,ssp,beach_seine,2018-07-13,2018-07-12,2018,surface,1,edna_ssp_00,surface,biological,11.3,30.51,8.01,NA,NA,NA,4.7,1000,0,51.67909247,-128.1153275,sand,y,455,se,seagrass,zostera,seagrass_sand,zostera_sand,91.89,1.43923e-17,56,Metazoa,Arthropoda,Arthropoda,NA,NA,NA,NA,NA,TRUE,ASV5779,2,NA
edna0044,ASV1441,motu1218,Halosydna brevisetosa,Shortscaled worm,species,NA,NA,NA,1,NA,NA,NA,NA,NA,NA,79,Halosydna brevisetosa,Shortscaled worm,2018_ssp_depth,ssp,beach_seine,2018-07-13,2018-07-12,2018,depth,1,edna_ssp_15,depth,biological,10.8,31.46,8.02,NA,NA,NA,4.7,1000,0,51.67894579,-128.115172,sand,y,455,se,seagrass,zostera,seagrass_sand,zostera_sand,100,2.51921e-159,311,Metazoa,Annelida,Polychaeta,Phyllodocida,Polynoidae,Halosydna,0,0,TRUE,ASV1441,3,Halosydna brevisetosa
edna0044,ASV1408,motu343,Dodecaceria,Cirratulid polychaete,genus,NA,NA,NA,1,NA,NA,NA,68,NA,NA,83,Dodecaceria,Cirratulid polychaete,2018_ssp_depth,ssp,beach_seine,2018-07-13,2018-07-12,2018,depth,1,edna_ssp_15,depth,biological,10.8,31.46,8.02,NA,NA,NA,4.7,1000,0,51.67894579,-128.115172,sand,y,455,se,seagrass,zostera,seagrass_sand,zostera_sand,100,7.02982e-160,312,Metazoa,Annelida,Polychaeta,Terebellida,Cirratulidae,Dodecaceria,0,0,TRUE,ASV390,6,NA
edna0044,ASV6175,motu4759,Lepidoptera,Hexapod,order,NA,NA,NA,1,NA,NA,NA,NA,NA,NA,5,Lepidoptera,Hexapod,2018_ssp_depth,ssp,beach_seine,2018-07-13,2018-07-12,2018,depth,1,edna_ssp_15,depth,biological,10.8,31.46,8.02,NA,NA,NA,4.7,1000,0,51.67894579,-128.115172,sand,y,455,se,seagrass,zostera,seagrass_sand,zostera_sand,96.88,0.0603188,28,Metazoa,Arthropoda,Arthropoda,Lepidoptera,NA,NA,NA,NA,TRUE,ASV6175,1,NA
edna0045,ASV233,motu74,Euchlanidae,Rotifer,family,NA,NA,NA,1,NA,NA,NA,NA,NA,NA,42,No Results,No Results,2018_ssp_surface,ssp,beach_seine,2018-07-13,2018-07-12,2018,surface,2,edna_ssp_30,surface,biological,11.5,30.62,8.03,NA,NA,NA,4.5,1000,0,51.67882714,-128.114958,sand,y,455,se,seagrass,zostera,seagrass_sand,zostera_sand,91.35,3.005919999999998e-29,77,Metazoa,Rotifera,Rotifera,Ploima,Euchlanidae,NA,1,NA,TRUE,ASV84,2,NA
edna0045,ASV377,motu334,Synchaeta pectinata,Rotifer,species,NA,NA,NA,1,NA,NA,NA,NA,NA,NA,6,Synchaeta pectinata,Rotifer,2018_ssp_surface,ssp,beach_seine,2018-07-13,2018-07-12,2018,surface,2,edna_ssp_30,surface,biological,11.5,30.62,8.03,NA,NA,NA,4.5,1000,0,51.67882714,-128.114958,sand,y,455,se,seagrass,zostera,seagrass_sand,zostera_sand,90.48,1.6452299999999999e-111,225,Metazoa,Rotifera,Eurotatoria,Ploima,Synchaetidae,Synchaeta,0,0,TRUE,ASV377,5,Synchaeta pectinata
edna0045,ASV1168,motu1001,Anthopleura elegantissima,Aggregating anemone,species,NA,NA,NA,1,NA,NA,NA,NA,NA,NA,4,Anthopleura elegantissima,Aggregating anemone,2018_ssp_surface,ssp,beach_seine,2018-07-13,2018-07-12,2018,surface,2,edna_ssp_30,surface,biological,11.5,30.62,8.03,NA,NA,NA,4.5,1000,0,51.67882714,-128.114958,sand,y,455,se,seagrass,zostera,seagrass_sand,zostera_sand,100,1.96163e-160,313,Metazoa,Cnidaria,Cnidaria,Actiniaria,Actiniidae,Anthopleura,0,0,TRUE,ASV1168,1,Anthopleura elegantissima
edna0045,ASV1893,motu1556,Dodecaceria,Cirratulid polychaete,genus,NA,NA,NA,1,NA,NA,NA,30,NA,NA,27,Dodecaceria,Cirratulid polychaete,2018_ssp_surface,ssp,beach_seine,2018-07-13,2018-07-12,2018,surface,2,edna_ssp_30,surface,biological,11.5,30.62,8.03,NA,NA,NA,4.5,1000,0,51.67882714,-128.114958,sand,y,455,se,seagrass,zostera,seagrass_sand,zostera_sand,100,7.02982e-160,312,Metazoa,Annelida,Polychaeta,Terebellida,Cirratulidae,Dodecaceria,0,0,TRUE,ASV1870,5,NA
edna0045,ASV2696,motu283,Dodecaceria,Cirratulid polychaete,genus,NA,NA,NA,1,NA,NA,NA,NA,NA,NA,44,Dodecaceria,Cirratulid polychaete,2018_ssp_surface,ssp,beach_seine,2018-07-13,2018-07-12,2018,surface,2,edna_ssp_30,surface,biological,11.5,30.62,8.03,NA,NA,NA,4.5,1000,0,51.67882714,-128.114958,sand,y,455,se,seagrass,zostera,seagrass_sand,zostera_sand,100,7.02982e-160,312,Metazoa,Annelida,Polychaeta,Terebellida,Cirratulidae,Dodecaceria,0,0,TRUE,ASV322,5,NA
edna0045,ASV4292,motu1332,Mytilus californianus,California mussel,species,NA,NA,NA,1,NA,NA,NA,NA,NA,NA,26,Mytilus californianus,California mussel,2018_ssp_surface,ssp,beach_seine,2018-07-13,2018-07-12,2018,surface,2,edna_ssp_30,surface,biological,11.5,30.62,8.03,NA,NA,NA,4.5,1000,0,51.67882714,-128.114958,sand,y,455,se,seagrass,zostera,seagrass_sand,zostera_sand,99.68,1.5051499999999994e-156,306,Metazoa,Mollusca,Bivalvia,Mytilida,Mytilidae,Mytilus,0,0,TRUE,ASV1582,5,Mytilus californianus
edna0045,ASV4978,motu1466,Siphonenteron,Ribbon worm,genus,NA,NA,NA,1,NA,NA,NA,24,NA,NA,13,Siphonenteron,Ribbon worm,2018_ssp_surface,ssp,beach_seine,2018-07-13,2018-07-12,2018,surface,2,edna_ssp_30,surface,biological,11.5,30.62,8.03,NA,NA,NA,4.5,1000,0,51.67882714,-128.114958,sand,y,455,se,seagrass,zostera,seagrass_sand,zostera_sand,99.68,9.126599999999999e-159,310,Metazoa,Nemertea,Pilidiophora,Heteronemertea,Lineidae,Siphonenteron,0,0,TRUE,ASV1755,2,NA
edna0046,ASV132,motu118,Mesocentrotus franciscanus,Red sea urchin,species,NA,NA,NA,1,NA,NA,NA,NA,NA,NA,6,Mesocentrotus franciscanus,Red sea urchin,2018_ssp_depth,ssp,beach_seine,2018-07-13,2018-07-12,2018,depth,2,edna_ssp_00,depth,biological,10.8,31.21,8.01,NA,NA,NA,4.3,1000,0,51.67909247,-128.1153275,sand,y,455,se,seagrass,zostera,seagrass_sand,zostera_sand,100,2.51921e-159,311,Metazoa,Echinodermata,Echinoidea,Camarodonta,Strongylocentrotidae,Mesocentrotus,0,0,TRUE,ASV132,8,Mesocentrotus franciscanus
edna0046,ASV3482,motu1133,Spionidae,Spionid polychaete,family,NA,NA,NA,1,NA,NA,NA,NA,NA,NA,102,Spionidae,Spionid polychaete,2018_ssp_depth,ssp,beach_seine,2018-07-13,2018-07-12,2018,depth,2,edna_ssp_00,depth,biological,10.8,31.21,8.01,NA,NA,NA,4.3,1000,0,51.67909247,-128.1153275,sand,y,455,se,seagrass,zostera,seagrass_sand,zostera_sand,92.7,6.39464e-46,107,Metazoa,Annelida,Annelida,Spionida,Spionidae,NA,0,0,TRUE,ASV1340,4,NA
edna0046,ASV6400,motu1549,Aurelia,Moon jelly species,genus,NA,NA,NA,1,NA,NA,NA,8,NA,NA,8,Aurelia,Moon jelly species,2018_ssp_depth,ssp,beach_seine,2018-07-13,2018-07-12,2018,depth,2,edna_ssp_00,depth,biological,10.8,31.21,8.01,NA,NA,NA,4.3,1000,0,51.67909247,-128.1153275,sand,y,455,se,seagrass,zostera,seagrass_sand,zostera_sand,99.68,9.310369999999999e-159,310,Metazoa,Cnidaria,Cnidaria,Semaeostomeae,Ulmaridae,Aurelia,0,0,TRUE,ASV1859,2,NA
edna0047,ASV275,motu244,Ophiopholis kennerlyi,Daisy brittle star,species,NA,NA,NA,1,NA,NA,NA,13,NA,NA,8,Ophiopholis kennerlyi,Daisy brittle star,2018_ssp_surface,ssp,beach_seine,2018-07-13,2018-07-12,2018,surface,3,edna_ssp_15,surface,biological,11,31,8.01,NA,NA,NA,4.3,1000,0,51.67894579,-128.115172,sand,y,455,se,seagrass,zostera,seagrass_sand,zostera_sand,100,1.96163e-160,313,Metazoa,Echinodermata,Echinodermata,Amphilepidida,Ophiopholidae,Ophiopholis,0,0,TRUE,ASV275,7,Ophiopholis kennerlyi
edna0047,ASV6202,motu4782,Clausocalanidae,Calanoid copepod,family,NA,NA,NA,1,NA,NA,NA,NA,NA,NA,18,Clausocalanidae,Calanoid copepod,2018_ssp_surface,ssp,beach_seine,2018-07-13,2018-07-12,2018,surface,3,edna_ssp_15,surface,biological,11,31,8.01,NA,NA,NA,4.3,1000,0,51.67894579,-128.115172,sand,y,455,se,seagrass,zostera,seagrass_sand,zostera_sand,92.57,2.7588100000000003e-114,230,Metazoa,Arthropoda,Arthropoda,Calanoida,Clausocalanidae,NA,0,0,TRUE,ASV6202,1,NA
edna0048,ASV251,motu105,Mesocentrotus franciscanus,Red sea urchin,species,NA,NA,NA,1,NA,NA,NA,28,NA,NA,27,Mesocentrotus franciscanus,Red sea urchin,2018_ssp_depth,ssp,beach_seine,2018-07-13,2018-07-12,2018,depth,3,edna_ssp_30,depth,biological,10.8,31.42,8.01,NA,NA,NA,4.3,1000,0,51.67882714,-128.114958,sand,y,455,se,seagrass,zostera,seagrass_sand,zostera_sand,100,7.02982e-160,312,Metazoa,Echinodermata,Echinoidea,Camarodonta,Strongylocentrotidae,Mesocentrotus,0,0,TRUE,ASV118,8,Mesocentrotus franciscanus
edna0048,ASV587,motu517,Balanus,Barnacle species,genus,NA,NA,NA,1,NA,NA,NA,NA,NA,NA,11,Balanus,Barnacle species,2018_ssp_depth,ssp,beach_seine,2018-07-13,2018-07-12,2018,depth,3,edna_ssp_30,depth,biological,10.8,31.42,8.01,NA,NA,NA,4.3,1000,0,51.67882714,-128.114958,sand,y,455,se,seagrass,zostera,seagrass_sand,zostera_sand,99.67,6.925819999999995e-155,303,Metazoa,Arthropoda,Arthropoda,Balanomorpha,Balanidae,Balanus,0,0,TRUE,ASV587,10,NA
edna0048,ASV3985,motu944,Dodecaceria,Cirratulid polychaete,genus,NA,NA,NA,1,NA,NA,NA,NA,NA,NA,73,Dodecaceria,Cirratulid polychaete,2018_ssp_depth,ssp,beach_seine,2018-07-13,2018-07-12,2018,depth,3,edna_ssp_30,depth,biological,10.8,31.42,8.01,NA,NA,NA,4.3,1000,0,51.67882714,-128.114958,sand,y,455,se,seagrass,zostera,seagrass_sand,zostera_sand,100,7.02982e-160,312,Metazoa,Annelida,Polychaeta,Terebellida,Cirratulidae,Dodecaceria,0,0,TRUE,ASV1097,6,NA
edna0048,ASV2773,motu2242,Diplostomida,Flatworm,order,NA,NA,NA,1,NA,NA,NA,NA,NA,NA,13,Diplostomida,Flatworm,2018_ssp_depth,ssp,beach_seine,2018-07-13,2018-07-12,2018,depth,3,edna_ssp_30,depth,biological,10.8,31.42,8.01,NA,NA,NA,4.3,1000,0,51.67882714,-128.114958,sand,y,455,se,seagrass,zostera,seagrass_sand,zostera_sand,96.88,0.0144888,29,Metazoa,Platyhelminthes,Platyhelminthes,Diplostomida,NA,NA,0,0,TRUE,ASV2773,1,NA
edna0048,ASV5514,motu4230,Apostichopus californicus,California sea cucumber,species,NA,NA,NA,1,NA,NA,NA,NA,NA,NA,2,Apostichopus californicus,California sea cucumber,2018_ssp_depth,ssp,beach_seine,2018-07-13,2018-07-12,2018,depth,3,edna_ssp_30,depth,biological,10.8,31.42,8.01,NA,NA,NA,4.3,1000,0,51.67882714,-128.114958,sand,y,455,se,seagrass,zostera,seagrass_sand,zostera_sand,100,1.96163e-160,313,Metazoa,Echinodermata,Holothuroidea,Synallactida,Stichopodidae,Apostichopus,0,0,TRUE,ASV5514,1,Apostichopus californicus
edna0048,ASV6398,motu4950,Orthopyxis,Thecate Hydroid,genus,NA,NA,NA,1,NA,NA,NA,NA,NA,NA,8,Orthopyxis,Thecate Hydroid,2018_ssp_depth,ssp,beach_seine,2018-07-13,2018-07-12,2018,depth,3,edna_ssp_30,depth,biological,10.8,31.42,8.01,NA,NA,NA,4.3,1000,0,51.67882714,-128.114958,sand,y,455,se,seagrass,zostera,seagrass_sand,zostera_sand,95.42,3.3815e-133,264,Metazoa,Cnidaria,Cnidaria,Leptothecata,Campanulariidae,Orthopyxis,0,0,TRUE,ASV6398,1,NA
edna0049,ASV398,motu350,Synchaeta pectinata,Rotifer,species,NA,NA,NA,1,NA,NA,NA,3,NA,NA,13,Synchaeta pectinata,Rotifer,2018_ppo_surface,ppo,beach_seine,2018-07-13,2018-07-11,2018,surface,1,edna_ppo_00,surface,biological,14.4,28.28,8.31,NA,NA,NA,6.5,1000,0,51.65821943,-128.113325,mud,n,100,p,seagrass,zostera,seagrass_mud,zostera_mud,90.48,1.6452299999999999e-111,225,Metazoa,Rotifera,Eurotatoria,Ploima,Synchaetidae,Synchaeta,0,0,TRUE,ASV398,4,Synchaeta pectinata
edna0049,ASV598,motu524,Strongylocentrotus droebachiensis,Green sea urcin,species,NA,NA,NA,1,NA,NA,NA,NA,NA,NA,4,Strongylocentrotus droebachiensis,Green sea urcin,2018_ppo_surface,ppo,beach_seine,2018-07-13,2018-07-11,2018,surface,1,edna_ppo_00,surface,biological,14.4,28.28,8.31,NA,NA,NA,6.5,1000,0,51.65821943,-128.113325,mud,n,100,p,seagrass,zostera,seagrass_mud,zostera_mud,100,1.96163e-160,313,Metazoa,Echinodermata,Echinoidea,Camarodonta,Strongylocentrotidae,Strongylocentrotus,0,0,TRUE,ASV598,2,Strongylocentrotus droebachiensis
edna0049,ASV5460,motu4193,Aurelia labiata,Moon jelly species,species,NA,NA,NA,1,NA,NA,NA,NA,NA,NA,4,Aurelia labiata,Moon jelly species,2018_ppo_surface,ppo,beach_seine,2018-07-13,2018-07-11,2018,surface,1,edna_ppo_00,surface,biological,14.4,28.28,8.31,NA,NA,NA,6.5,1000,0,51.65821943,-128.113325,mud,n,100,p,seagrass,zostera,seagrass_mud,zostera_mud,100,1.96163e-160,313,Metazoa,Cnidaria,Scyphozoa,Semaeostomeae,Ulmaridae,Aurelia,0,0,TRUE,ASV5460,1,Aurelia labiata
edna0050,ASV623,motu543,Balanus,Barnacle species,genus,NA,NA,NA,1,NA,NA,NA,17,NA,NA,44,Balanus,Barnacle species,2018_ppo_depth,ppo,beach_seine,2018-07-13,2018-07-11,2018,depth,1,edna_ppo_15,depth,biological,10.8,30.81,8.03,NA,NA,NA,6.5,1000,0,51.65810573,-128.1131937,mud,n,100,p,seagrass,zostera,seagrass_mud,zostera_mud,100,1.4886099999999998e-156,306,Metazoa,Arthropoda,Arthropoda,Balanomorpha,Balanidae,Balanus,0,0,TRUE,ASV623,7,NA
edna0050,ASV1266,motu1074,Cistenides granulata,Trumpet worm,species,NA,NA,NA,1,NA,NA,NA,NA,NA,NA,10,Cistenides granulata,Trumpet worm,2018_ppo_depth,ppo,beach_seine,2018-07-13,2018-07-11,2018,depth,1,edna_ppo_15,depth,biological,10.8,30.81,8.03,NA,NA,NA,6.5,1000,0,51.65810573,-128.1131937,mud,n,100,p,seagrass,zostera,seagrass_mud,zostera_mud,100,2.51921e-159,311,Metazoa,Annelida,Polychaeta,Terebellida,Pectinariidae,Pectinaria,0,0,TRUE,ASV1266,1,Cistenides granulata
edna0050,ASV1603,motu1347,Armandia brevis,Opheliid polychaete,species,NA,NA,NA,1,NA,NA,NA,6,NA,NA,7,Armandia brevis,Opheliid polychaete,2018_ppo_depth,ppo,beach_seine,2018-07-13,2018-07-11,2018,depth,1,edna_ppo_15,depth,biological,10.8,30.81,8.03,NA,NA,NA,6.5,1000,0,51.65810573,-128.1131937,mud,n,100,p,seagrass,zostera,seagrass_mud,zostera_mud,100,3.4804099999999994e-173,336,Metazoa,Annelida,Polychaeta,NA,Opheliidae,Armandia,0,0,TRUE,ASV1603,1,Armandia brevis
edna0050,ASV1470,motu1241,Cistenides granulata,Trumpet worm,species,NA,NA,NA,1,NA,NA,NA,12,NA,NA,6,Cistenides granulata,Trumpet worm,2018_ppo_depth,ppo,beach_seine,2018-07-13,2018-07-11,2018,depth,1,edna_ppo_15,depth,biological,10.8,30.81,8.03,NA,NA,NA,6.5,1000,0,51.65810573,-128.1131937,mud,n,100,p,seagrass,zostera,seagrass_mud,zostera_mud,100,1.96163e-160,313,Metazoa,Annelida,Polychaeta,Terebellida,Pectinariidae,Pectinaria,0,0,TRUE,ASV1470,1,Cistenides granulata
edna0050,ASV3706,motu1310,Metridia pacifica,Calanoid copepod,species,NA,NA,NA,1,NA,NA,NA,NA,NA,NA,29,Metridia pacifica,Calanoid copepod,2018_ppo_depth,ppo,beach_seine,2018-07-13,2018-07-11,2018,depth,1,edna_ppo_15,depth,biological,10.8,30.81,8.03,NA,NA,NA,6.5,1000,0,51.65810573,-128.1131937,mud,n,100,p,seagrass,zostera,seagrass_mud,zostera_mud,100,2.51921e-159,311,Metazoa,Arthropoda,Copepoda,Calanoida,Metridinidae,Metridia,0,0,TRUE,ASV1555,6,Metridia pacifica
edna0051,ASV3415,motu2711,Balanus glandula,Acorn barnacle,species,NA,NA,NA,1,NA,NA,NA,NA,NA,NA,108,Balanus glandula,Acorn barnacle,2018_ppo_surface,ppo,beach_seine,2018-07-13,2018-07-11,2018,surface,2,edna_ppo_30,surface,biological,14.4,28.26,8.23,NA,NA,NA,6.5,1000,0,51.65799974,-128.113112,mud,n,100,p,seagrass,zostera,seagrass_mud,zostera_mud,99.68,1.5051499999999994e-156,306,Metazoa,Arthropoda,Thecostraca,Balanomorpha,Balanidae,Balanus,0,0,TRUE,ASV3415,1,Balanus glandula
edna0051,ASV3651,motu1310,Metridia pacifica,Calanoid copepod,species,NA,NA,NA,1,NA,NA,NA,NA,NA,NA,26,Metridia pacifica,Calanoid copepod,2018_ppo_surface,ppo,beach_seine,2018-07-13,2018-07-11,2018,surface,2,edna_ppo_30,surface,biological,14.4,28.26,8.23,NA,NA,NA,6.5,1000,0,51.65799974,-128.113112,mud,n,100,p,seagrass,zostera,seagrass_mud,zostera_mud,100,7.02982e-160,312,Metazoa,Arthropoda,Copepoda,Calanoida,Metridinidae,Metridia,0,0,TRUE,ASV1555,6,Metridia pacifica
edna0051,ASV7104,motu5535,Amphibalanus,Barnacle species,genus,NA,NA,NA,1,NA,NA,NA,6,NA,NA,4,Amphibalanus,Barnacle species,2018_ppo_surface,ppo,beach_seine,2018-07-13,2018-07-11,2018,surface,2,edna_ppo_30,surface,biological,14.4,28.26,8.23,NA,NA,NA,6.5,1000,0,51.65799974,-128.113112,mud,n,100,p,seagrass,zostera,seagrass_mud,zostera_mud,98.61,5.4883499999999996e-101,206,Metazoa,Arthropoda,Arthropoda,Balanomorpha,Balanidae,Amphibalanus,0,0,TRUE,ASV7104,1,NA
edna0052,ASV3903,motu3067,Potential chimera,Potential chimera,species,NA,NA,NA,1,NA,NA,NA,NA,NA,NA,3,Potential chimera,Potential chimera,2018_ppo_depth,ppo,beach_seine,2018-07-13,2018-07-11,2018,depth,2,edna_ppo_00,depth,biological,11.1,30.58,8.08,NA,NA,NA,6.5,1000,0,51.65821943,-128.113325,mud,n,100,p,seagrass,zostera,seagrass_mud,zostera_mud,94.44,0.00380707,30,Metazoa,Arthropoda,Arthropoda,Decapoda,NA,NA,0,0,TRUE,ASV3903,1,Potential chimera
edna0053,ASV713,motu350,Synchaeta pectinata,Rotifer,species,NA,NA,NA,1,NA,NA,NA,NA,NA,NA,9,Synchaeta pectinata,Rotifer,2018_ppo_surface,ppo,beach_seine,2018-07-13,2018-07-11,2018,surface,3,edna_ppo_15,surface,biological,14.3,28.32,8.32,NA,NA,NA,4.5,1000,0,51.65810573,-128.1131937,mud,n,100,p,seagrass,zostera,seagrass_mud,zostera_mud,90.79,3.5361899999999996e-113,228,Metazoa,Rotifera,Eurotatoria,Ploima,Synchaetidae,Synchaeta,0,0,TRUE,ASV398,4,Synchaeta pectinata
edna0053,ASV2108,motu199,Mytilus trossulus,Bay mussel,species,NA,NA,NA,1,NA,NA,NA,NA,NA,NA,24,Mytilus trossulus,Bay mussel,2018_ppo_surface,ppo,beach_seine,2018-07-13,2018-07-11,2018,surface,3,edna_ppo_15,surface,biological,14.3,28.32,8.32,NA,NA,NA,4.5,1000,0,51.65810573,-128.1131937,mud,n,100,p,seagrass,zostera,seagrass_mud,zostera_mud,100,3.2351099999999996e-158,309,Metazoa,Mollusca,Mollusca,Mytilida,Mytilidae,Mytilus,0,0,TRUE,ASV226,18,Mytilus trossulus
edna0053,ASV3947,motu3100,Cistenides granulata,Trumpet worm,species,NA,NA,NA,1,NA,NA,NA,NA,NA,NA,22,Cistenides granulata,Trumpet worm,2018_ppo_surface,ppo,beach_seine,2018-07-13,2018-07-11,2018,surface,3,edna_ppo_15,surface,biological,14.3,28.32,8.32,NA,NA,NA,4.5,1000,0,51.65810573,-128.1131937,mud,n,100,p,seagrass,zostera,seagrass_mud,zostera_mud,99.36,5.453139999999996e-156,305,Metazoa,Annelida,Polychaeta,Terebellida,Pectinariidae,Pectinaria,0,0,TRUE,ASV3947,1,Cistenides granulata
edna0053,ASV3808,motu2995,Lottia paradigitalis,Boreal limpet,species,NA,NA,NA,1,NA,NA,NA,NA,NA,NA,3,Lottia paradigitalis,Boreal limpet,2018_ppo_surface,ppo,beach_seine,2018-07-13,2018-07-11,2018,surface,3,edna_ppo_15,surface,biological,14.3,28.32,8.32,NA,NA,NA,4.5,1000,0,51.65810573,-128.1131937,mud,n,100,p,seagrass,zostera,seagrass_mud,zostera_mud,100,1.96163e-160,313,Metazoa,Mollusca,Gastropoda,NA,Lottiidae,Lottia,0,0,TRUE,ASV3808,2,Lottia paradigitalis
edna0053,ASV6726,motu5223,Aurelia labiata,Moon jelly species,species,NA,NA,NA,1,NA,NA,NA,NA,NA,NA,7,Aurelia labiata,Moon jelly species,2018_ppo_surface,ppo,beach_seine,2018-07-13,2018-07-11,2018,surface,3,edna_ppo_15,surface,biological,14.3,28.32,8.32,NA,NA,NA,4.5,1000,0,51.65810573,-128.1131937,mud,n,100,p,seagrass,zostera,seagrass_mud,zostera_mud,100,2.0011299999999987e-160,313,Metazoa,Cnidaria,Scyphozoa,Semaeostomeae,Ulmaridae,Aurelia,0,0,TRUE,ASV6726,1,Aurelia labiata
edna0054,ASV320,motu281,Pseudocalanus newmani,Calanoid copepod,species,NA,NA,NA,1,NA,NA,NA,NA,NA,NA,103,Pseudocalanus newmani,Calanoid copepod,2018_ppo_depth,ppo,beach_seine,2018-07-13,2018-07-11,2018,depth,3,edna_ppo_30,depth,biological,11.3,30.35,8.1,NA,NA,NA,4.5,1000,0,51.65799974,-128.113112,mud,n,100,p,seagrass,zostera,seagrass_mud,zostera_mud,100,1.96163e-160,313,Metazoa,Arthropoda,Copepoda,Calanoida,Clausocalanidae,Pseudocalanus,0,0,TRUE,ASV320,6,Pseudocalanus newmani
edna0054,ASV1391,motu1175,Cistenides granulata,Trumpet worm,species,NA,NA,NA,1,NA,NA,NA,NA,NA,NA,41,Cistenides granulata,Trumpet worm,2018_ppo_depth,ppo,beach_seine,2018-07-13,2018-07-11,2018,depth,3,edna_ppo_30,depth,biological,11.3,30.35,8.1,NA,NA,NA,4.5,1000,0,51.65799974,-128.113112,mud,n,100,p,seagrass,zostera,seagrass_mud,zostera_mud,100,2.51921e-159,311,Metazoa,Annelida,Polychaeta,Terebellida,Pectinariidae,Pectinaria,0,0,TRUE,ASV1391,1,Cistenides granulata
edna0054,ASV2908,motu316,Hiatella,Clam species,genus,NA,NA,NA,1,NA,NA,NA,9,NA,NA,9,Hiatella,Clam species,2018_ppo_depth,ppo,beach_seine,2018-07-13,2018-07-11,2018,depth,3,edna_ppo_30,depth,biological,11.3,30.35,8.1,NA,NA,NA,4.5,1000,0,51.65799974,-128.113112,mud,n,100,p,seagrass,zostera,seagrass_mud,zostera_mud,99.68,4.200199999999998e-157,307,Metazoa,Mollusca,Bivalvia,Adapedonta,Hiatellidae,Hiatella,0,0,TRUE,ASV357,9,NA
edna0054,ASV2797,motu2260,Armandia brevis,Opheliid polychaete,species,NA,NA,NA,1,NA,NA,NA,NA,NA,NA,8,Armandia brevis,Opheliid polychaete,2018_ppo_depth,ppo,beach_seine,2018-07-13,2018-07-11,2018,depth,3,edna_ppo_30,depth,biological,11.3,30.35,8.1,NA,NA,NA,4.5,1000,0,51.65799974,-128.113112,mud,n,100,p,seagrass,zostera,seagrass_mud,zostera_mud,100,2.708459999999999e-174,338,Metazoa,Annelida,Polychaeta,NA,Opheliidae,Armandia,0,0,TRUE,ASV2797,1,Armandia brevis
edna0054,ASV5417,motu4156,Calanus pacificus,Calanoid copepod,species,NA,NA,NA,1,NA,NA,NA,18,NA,NA,11,Calanus pacificus,Calanoid copepod,2018_ppo_depth,ppo,beach_seine,2018-07-13,2018-07-11,2018,depth,3,edna_ppo_30,depth,biological,11.3,30.35,8.1,NA,NA,NA,4.5,1000,0,51.65799974,-128.113112,mud,n,100,p,seagrass,zostera,seagrass_mud,zostera_mud,98.72,3.305809999999998e-153,300,Metazoa,Arthropoda,Copepoda,Calanoida,Calanidae,Calanus,0,0,TRUE,ASV5417,1,Calanus pacificus
edna0055,ASV2797,motu2260,Armandia brevis,Opheliid polychaete,species,NA,NA,NA,1,NA,NA,NA,NA,NA,NA,11,Armandia brevis,Opheliid polychaete,2018_hdo_surface,hdo,beach_seine,2018-07-13,2018-07-11,2018,surface,1,edna_hdo_00,surface,biological,15.1,27.77,8.23,NA,NA,NA,4.8,1000,0,51.65501227,-128.1295942,mud,n,320,p,seagrass,zostera,seagrass_mud,zostera_mud,100,2.708459999999999e-174,338,Metazoa,Annelida,Polychaeta,NA,Opheliidae,Armandia,0,0,TRUE,ASV2797,1,Armandia brevis
edna0056,ASV1391,motu1175,Cistenides granulata,Trumpet worm,species,NA,NA,NA,1,NA,NA,NA,NA,NA,NA,4,Cistenides granulata,Trumpet worm,2018_hdo_depth,hdo,beach_seine,2018-07-13,2018-07-11,2018,depth,1,edna_hdo_15,depth,biological,10.7,30.95,7.94,NA,NA,NA,4.8,1000,0,51.65508561,-128.1293971,mud,n,320,p,seagrass,zostera,seagrass_mud,zostera_mud,100,2.51921e-159,311,Metazoa,Annelida,Polychaeta,Terebellida,Pectinariidae,Pectinaria,0,0,TRUE,ASV1391,1,Cistenides granulata
edna0056,ASV1443,motu1220,Orobdella,Freshwater leech,genus,NA,NA,NA,1,NA,NA,NA,NA,NA,NA,9,Orobdella,Freshwater leech,2018_hdo_depth,hdo,beach_seine,2018-07-13,2018-07-11,2018,depth,1,edna_hdo_15,depth,biological,10.7,30.95,7.94,NA,NA,NA,4.8,1000,0,51.65508561,-128.1293971,mud,n,320,p,seagrass,zostera,seagrass_mud,zostera_mud,97.06,0.0011939,31,Metazoa,Annelida,Annelida,Erpobdelliformes,Orobdellidae,Orobdella,NA,NA,TRUE,ASV1443,1,NA
edna0056,ASV2472,motu2014,Ergasilida,Cyclopoid copepod,order,NA,NA,NA,1,NA,NA,NA,NA,NA,NA,34,Ergasilida,Cyclopoid copepod,2018_hdo_depth,hdo,beach_seine,2018-07-13,2018-07-11,2018,depth,1,edna_hdo_15,depth,biological,10.7,30.95,7.94,NA,NA,NA,4.8,1000,0,51.65508561,-128.1293971,mud,n,320,p,seagrass,zostera,seagrass_mud,zostera_mud,100,2.51921e-159,311,Metazoa,Arthropoda,Copepoda,Cyclopoida,NA,NA,0,0,FALSE,ASV2472,1,NA
edna0057,ASV1391,motu1175,Cistenides granulata,Trumpet worm,species,NA,NA,NA,1,NA,NA,NA,25,NA,NA,19,Cistenides granulata,Trumpet worm,2018_hdo_surface,hdo,beach_seine,2018-07-13,2018-07-11,2018,surface,2,edna_hdo_30,surface,biological,13.3,29.97,8.25,NA,NA,NA,6.8,1000,0,51.6551346,-128.1292625,mud,n,320,p,seagrass,zostera,seagrass_mud,zostera_mud,100,2.51921e-159,311,Metazoa,Annelida,Polychaeta,Terebellida,Pectinariidae,Pectinaria,0,0,TRUE,ASV1391,1,Cistenides granulata
edna0058,ASV1391,motu1175,Cistenides granulata,Trumpet worm,species,NA,NA,NA,1,NA,NA,NA,NA,NA,NA,37,Cistenides granulata,Trumpet worm,2018_hdo_depth,hdo,beach_seine,2018-07-13,2018-07-11,2018,depth,2,edna_hdo_00,depth,biological,10.3,31.22,7.88,NA,NA,NA,6.8,1000,0,51.65501227,-128.1295942,mud,n,320,p,seagrass,zostera,seagrass_mud,zostera_mud,100,2.51921e-159,311,Metazoa,Annelida,Polychaeta,Terebellida,Pectinariidae,Pectinaria,0,0,TRUE,ASV1391,1,Cistenides granulata
edna0058,ASV1604,motu1348,Halitholus,Athecate hydroid,genus,NA,NA,NA,1,NA,NA,NA,98,NA,NA,83,Halitholus,Athecate hydroid,2018_hdo_depth,hdo,beach_seine,2018-07-13,2018-07-11,2018,depth,2,edna_hdo_00,depth,biological,10.3,31.22,7.88,NA,NA,NA,6.8,1000,0,51.65501227,-128.1295942,mud,n,320,p,seagrass,zostera,seagrass_mud,zostera_mud,98.72,9.19139e-154,301,Metazoa,Cnidaria,Cnidaria,Anthoathecata,Pandeidae,Halitholus,0,0,TRUE,ASV1604,2,NA
edna0059,ASV4786,motu3701,Potential chimera,Potential chimera,species,NA,NA,NA,1,NA,NA,NA,NA,NA,NA,9,Potential chimera,Potential chimera,2018_hdo_surface,hdo,beach_seine,2018-07-13,2018-07-11,2018,surface,3,edna_hdo_15,surface,biological,14.2,28.64,8.26,NA,NA,NA,5.9,1000,0,51.65508561,-128.1293971,mud,n,320,p,seagrass,zostera,seagrass_mud,zostera_mud,94.44,0.00380707,30,Metazoa,Arthropoda,Arthropoda,Decapoda,NA,NA,0,0,TRUE,ASV4786,1,Potential chimera
edna0060,ASV1319,motu1116,Clytia gregaria,Gregarious jellyfish,species,NA,NA,NA,1,NA,NA,NA,NA,NA,NA,6,Clytia gregaria,Gregarious jellyfish,2018_hdo_depth,hdo,beach_seine,2018-07-13,2018-07-11,2018,depth,3,edna_hdo_30,depth,biological,10.6,31,7.95,NA,NA,NA,5.9,1000,0,51.6551346,-128.1292625,mud,n,320,p,seagrass,zostera,seagrass_mud,zostera_mud,99.67,6.925819999999995e-155,303,Metazoa,Cnidaria,Hydrozoa,Leptothecata,Campanulariidae,Clytia,0,0,TRUE,ASV1319,3,Clytia gregaria
edna0060,ASV1747,motu1458,Armandia brevis,Opheliid polychaete,species,NA,NA,NA,1,NA,NA,NA,NA,NA,NA,145,Armandia brevis,Opheliid polychaete,2018_hdo_depth,hdo,beach_seine,2018-07-13,2018-07-11,2018,depth,3,edna_hdo_30,depth,biological,10.6,31,7.95,NA,NA,NA,5.9,1000,0,51.6551346,-128.1292625,mud,n,320,p,seagrass,zostera,seagrass_mud,zostera_mud,100,3.4804099999999994e-173,336,Metazoa,Annelida,Polychaeta,NA,Opheliidae,Armandia,0,0,TRUE,ASV1747,1,Armandia brevis
edna0060,ASV2376,motu1949,Euphausia pacifica,North Pacific krill,species,NA,NA,NA,1,NA,NA,NA,NA,NA,NA,5,Euphausia pacifica,North Pacific krill,2018_hdo_depth,hdo,beach_seine,2018-07-13,2018-07-11,2018,depth,3,edna_hdo_30,depth,biological,10.6,31,7.95,NA,NA,NA,5.9,1000,0,51.6551346,-128.1292625,mud,n,320,p,seagrass,zostera,seagrass_mud,zostera_mud,100,3.2351099999999996e-158,309,Metazoa,Arthropoda,Malacostraca,Euphausiacea,Euphausiidae,Euphausia,0,0,TRUE,ASV2376,1,Euphausia pacifica
edna0060,ASV3531,motu350,Synchaeta pectinata,Rotifer,species,NA,NA,NA,1,NA,NA,NA,NA,NA,NA,29,Synchaeta pectinata,Rotifer,2018_hdo_depth,hdo,beach_seine,2018-07-13,2018-07-11,2018,depth,3,edna_hdo_30,depth,biological,10.6,31,7.95,NA,NA,NA,5.9,1000,0,51.6551346,-128.1292625,mud,n,320,p,seagrass,zostera,seagrass_mud,zostera_mud,90.16,7.65451e-110,222,Metazoa,Rotifera,Eurotatoria,Ploima,Synchaetidae,Synchaeta,0,0,TRUE,ASV398,4,Synchaeta pectinata
edna0061,ASV558,motu491,Pseudocalanus mimus,Calanoid copepod,species,NA,NA,NA,1,NA,NA,NA,NA,NA,NA,42,Pseudocalanus mimus,Calanoid copepod,2018_gog1_surface,gog1,beach_seine,2018-07-15,2018-07-14,2018,surface,1,edna_gog1_00,surface,biological,13.4,31.43,8.07,13.4,31.2,8.09,2,1000,0,51.92391076,-128.4691706,mud,n,200,se,seagrass,zostera,seagrass_mud,zostera_mud,100,7.1053799999999944e-155,303,Metazoa,Arthropoda,Copepoda,Calanoida,Clausocalanidae,Pseudocalanus,0,0,TRUE,ASV558,1,Pseudocalanus mimus
edna0061,ASV5934,motu4562,Xingyurella,Thecate Hydroid,genus,NA,NA,NA,1,NA,NA,NA,NA,NA,NA,2,Xingyurella,Thecate Hydroid,2018_gog1_surface,gog1,beach_seine,2018-07-15,2018-07-14,2018,surface,1,edna_gog1_00,surface,biological,13.4,31.43,8.07,13.4,31.2,8.09,2,1000,0,51.92391076,-128.4691706,mud,n,200,se,seagrass,zostera,seagrass_mud,zostera_mud,95.13,1.20545e-132,263,Metazoa,Cnidaria,Cnidaria,Leptothecata,Sertularellidae,Xingyurella,0,0,TRUE,ASV5934,1,NA
edna0062,ASV2951,motu2380,Ergasilida,Cyclopoid copepod,order,NA,NA,NA,1,NA,NA,NA,NA,NA,NA,23,Ergasilida,Cyclopoid copepod,2018_gog1_surface,gog1,beach_seine,2018-07-15,2018-07-14,2018,surface,2,edna_gog1_15,surface,biological,13.5,31.49,8.06,13.4,31.39,8.08,2,1000,0,51.92402533,-128.4691053,mud,n,200,se,seagrass,zostera,seagrass_mud,zostera_mud,100,2.51921e-159,311,Metazoa,Arthropoda,Copepoda,Cyclopoida,NA,NA,0,0,FALSE,ASV2951,1,NA
edna0062,ASV2335,motu1921,Ferkeria,Other arachnid,genus,NA,NA,NA,1,NA,NA,NA,NA,NA,NA,3,Ferkeria,Other arachnid,2018_gog1_surface,gog1,beach_seine,2018-07-15,2018-07-14,2018,surface,2,edna_gog1_15,surface,biological,13.5,31.49,8.06,13.4,31.39,8.08,2,1000,0,51.92402533,-128.4691053,mud,n,200,se,seagrass,zostera,seagrass_mud,zostera_mud,97.06,0.00112005,31,Metazoa,Arthropoda,Arthropoda,Grassatores,NA,Ferkeria,NA,NA,TRUE,ASV2335,1,NA
edna0063,ASV3953,motu3106,Ectopleura marina,Pink-mouth hydroid,species,NA,NA,NA,1,NA,NA,NA,6,NA,NA,3,Ectopleura marina,Pink-mouth hydroid,2018_gog1_surface,gog1,beach_seine,2018-07-15,2018-07-14,2018,surface,3,edna_gog1_30,surface,biological,13.4,31.41,8.06,13.3,31.39,8.07,2,1000,0,51.92409382,-128.4690359,mud,n,200,se,seagrass,zostera,seagrass_mud,zostera_mud,97.76,9.256649999999999e-149,292,Metazoa,Cnidaria,Hydrozoa,Anthoathecata,Tubulariidae,Ectopleura,0,0,TRUE,ASV3953,1,Ectopleura marina
edna0065,ASV343,motu303,Pseudocalanus mimus,Calanoid copepod,species,NA,NA,NA,1,NA,NA,NA,NA,NA,NA,17,Pseudocalanus mimus,Calanoid copepod,2018_gog4_surface,gog4,beach_seine,2018-07-15,2018-07-14,2018,surface,2,edna_gog4_15,surface,biological,13.6,31.39,8.17,12.3,31.39,8.05,3.5,1000,0,51.90318965,-128.4388692,mud,n,150,se,seagrass,zostera,seagrass_mud,zostera_mud,99.67,9.19139e-154,301,Metazoa,Arthropoda,Copepoda,Calanoida,Clausocalanidae,Pseudocalanus,0,0,TRUE,ASV343,11,Pseudocalanus mimus
edna0065,ASV3834,motu3013,Thecostraca,Thecostracan crustacean species,class,NA,NA,NA,1,NA,NA,NA,NA,NA,NA,15,Thecostraca,Thecostracan crustacean species,2018_gog4_surface,gog4,beach_seine,2018-07-15,2018-07-14,2018,surface,2,edna_gog4_15,surface,biological,13.6,31.39,8.17,12.3,31.39,8.05,3.5,1000,0,51.90318965,-128.4388692,mud,n,150,se,seagrass,zostera,seagrass_mud,zostera_mud,97.22,8.40478e-5,33,Metazoa,Arthropoda,Arthropoda,NA,NA,NA,0,0,TRUE,ASV3834,3,NA
edna0065,ASV6470,motu5010,Niphargidae,Amphipod,family,NA,NA,NA,1,NA,NA,NA,NA,NA,NA,2,Niphargidae,Amphipod,2018_gog4_surface,gog4,beach_seine,2018-07-15,2018-07-14,2018,surface,2,edna_gog4_15,surface,biological,13.6,31.39,8.17,12.3,31.39,8.05,3.5,1000,0,51.90318965,-128.4388692,mud,n,150,se,seagrass,zostera,seagrass_mud,zostera_mud,92.68,3.1885e-4,32,Metazoa,Arthropoda,Arthropoda,Amphipoda,Niphargidae,NA,1,0,TRUE,ASV6470,1,NA
edna0066,ASV232,motu204,Cecidomyiidae,Hexapod,genus,NA,NA,NA,1,NA,NA,NA,NA,NA,NA,3,Cecidomyiidae,Hexapod,2018_gog4_surface,gog4,beach_seine,2018-07-15,2018-07-14,2018,surface,3,edna_gog4_30,surface,biological,13.7,31.43,8.17,12.3,31.42,8.04,3.5,1000,0,51.90312079,-128.4386561,mud,n,150,se,seagrass,zostera,seagrass_mud,zostera_mud,100,0.00408744,30,Metazoa,Arthropoda,Arthropoda,Diptera,Cecidomyiidae,Cecidomyiidae,NA,NA,TRUE,ASV232,1,NA
edna0066,ASV2413,motu1971,Ferkeria,Other arachnid,genus,NA,NA,NA,1,NA,NA,NA,NA,NA,NA,7,Ferkeria,Other arachnid,2018_gog4_surface,gog4,beach_seine,2018-07-15,2018-07-14,2018,surface,3,edna_gog4_30,surface,biological,13.7,31.43,8.17,12.3,31.42,8.04,3.5,1000,0,51.90312079,-128.4386561,mud,n,150,se,seagrass,zostera,seagrass_mud,zostera_mud,97.06,0.00112005,31,Metazoa,Arthropoda,Arthropoda,Grassatores,NA,Ferkeria,NA,NA,TRUE,ASV2413,1,NA
edna0066,ASV3467,motu2753,Lepidoptera,Hexapod,order,NA,NA,NA,1,NA,NA,NA,7,NA,NA,12,Lepidoptera,Hexapod,2018_gog4_surface,gog4,beach_seine,2018-07-15,2018-07-14,2018,surface,3,edna_gog4_30,surface,biological,13.7,31.43,8.17,12.3,31.42,8.04,3.5,1000,0,51.90312079,-128.4386561,mud,n,150,se,seagrass,zostera,seagrass_mud,zostera_mud,96.97,0.00408744,30,Metazoa,Arthropoda,Arthropoda,Lepidoptera,NA,NA,NA,NA,TRUE,ASV3467,1,NA
edna0066,ASV5810,motu709,Chthamalus dalli,Little brown barnacle,species,NA,NA,NA,1,NA,NA,NA,NA,NA,NA,23,Chthamalus dalli,Little brown barnacle,2018_gog4_surface,gog4,beach_seine,2018-07-15,2018-07-14,2018,surface,3,edna_gog4_30,surface,biological,13.7,31.43,8.17,12.3,31.42,8.04,3.5,1000,0,51.90312079,-128.4386561,mud,n,150,se,seagrass,zostera,seagrass_mud,zostera_mud,98.68,1.14987e-147,290,Metazoa,Arthropoda,Thecostraca,Balanomorpha,Chthamalidae,Chthamalus,0,0,TRUE,ASV814,5,Chthamalus dalli
edna0066,ASV5053,motu3894,Cicadellidae,Hexapod,family,NA,NA,NA,1,NA,NA,NA,NA,NA,NA,3,Cicadellidae,Hexapod,2018_gog4_surface,gog4,beach_seine,2018-07-15,2018-07-14,2018,surface,3,edna_gog4_30,surface,biological,13.7,31.43,8.17,12.3,31.42,8.04,3.5,1000,0,51.90312079,-128.4386561,mud,n,150,se,seagrass,zostera,seagrass_mud,zostera_mud,91.67,1.83561e-26,72,Metazoa,Arthropoda,Arthropoda,Hemiptera,Cicadellidae,NA,NA,NA,TRUE,ASV5053,1,NA
edna0067,ASV118,motu105,Mesocentrotus franciscanus,Red sea urchin,species,NA,NA,NA,1,NA,NA,NA,97,NA,NA,75,Mesocentrotus franciscanus,Red sea urchin,2018_kis2_surface,kis2,beach_seine,2018-07-15,2018-07-13,2018,surface,1,edna_kis2_00,surface,biological,14,31.12,8.11,13.7,31.11,8.12,4,1000,0,51.83671973,-128.239737,cobble,n,50,sp,macroalgae,algae,macroalgae_cobble,algae_cobble,100,2.51921e-159,311,Metazoa,Echinodermata,Echinoidea,Camarodonta,Strongylocentrotidae,Mesocentrotus,0,0,TRUE,ASV118,8,Mesocentrotus franciscanus
edna0067,ASV352,motu311,Synchaeta vorax,Rotifer,species,NA,NA,NA,1,NA,NA,NA,9,NA,NA,6,Synchaeta vorax,Rotifer,2018_kis2_surface,kis2,beach_seine,2018-07-15,2018-07-13,2018,surface,1,edna_kis2_00,surface,biological,14,31.12,8.11,13.7,31.11,8.12,4,1000,0,51.83671973,-128.239737,cobble,n,50,sp,macroalgae,algae,macroalgae_cobble,algae_cobble,98.08,7.129989999999999e-150,294,Metazoa,Rotifera,Eurotatoria,Ploima,Synchaetidae,Synchaeta,0,0,TRUE,ASV352,4,Synchaeta vorax
edna0067,ASV670,motu583,Synchaeta triophthalma,Rotifer,species,NA,NA,NA,1,NA,NA,NA,6,NA,NA,10,Synchaeta triophthalma,Rotifer,2018_kis2_surface,kis2,beach_seine,2018-07-15,2018-07-13,2018,surface,1,edna_kis2_00,surface,biological,14,31.12,8.11,13.7,31.11,8.12,4,1000,0,51.83671973,-128.239737,cobble,n,50,sp,macroalgae,algae,macroalgae_cobble,algae_cobble,91.99,3.511259999999999e-118,237,Metazoa,Rotifera,Eurotatoria,Ploima,Synchaetidae,Synchaeta,0,0,TRUE,ASV670,4,Synchaeta triophthalma
edna0067,ASV1046,motu902,Arthropoda,Unknown arthropod,phylum,NA,NA,NA,1,NA,NA,NA,NA,NA,NA,3,Arthropoda,Unknown arthropod,2018_kis2_surface,kis2,beach_seine,2018-07-15,2018-07-13,2018,surface,1,edna_kis2_00,surface,biological,14,31.12,8.11,13.7,31.11,8.12,4,1000,0,51.83671973,-128.239737,cobble,n,50,sp,macroalgae,algae,macroalgae_cobble,algae_cobble,94.87,8.78538e-5,33,Metazoa,Arthropoda,NA,NA,NA,NA,NA,NA,TRUE,ASV1046,4,NA
edna0068,ASV4228,motu3314,Synchaeta triophthalma,Rotifer,species,NA,NA,NA,1,NA,NA,NA,NA,NA,NA,22,Synchaeta triophthalma,Rotifer,2018_kis2_surface,kis2,beach_seine,2018-07-15,2018-07-13,2018,surface,2,edna_kis2_15,surface,biological,13.9,31.13,8.12,13.7,31.09,8.14,4,1000,0,51.83670582,-128.2395558,cobble,n,50,sp,macroalgae,algae,macroalgae_cobble,algae_cobble,91.64,5.875589999999998e-116,233,Metazoa,Rotifera,Eurotatoria,Ploima,Synchaetidae,Synchaeta,0,0,TRUE,ASV4228,2,Synchaeta triophthalma
edna0069,ASV205,motu181,Pseudocalanus mimus,Calanoid copepod,species,NA,NA,NA,1,NA,NA,NA,NA,NA,NA,21,Pseudocalanus mimus,Calanoid copepod,2018_kis2_surface,kis2,beach_seine,2018-07-15,2018-07-13,2018,surface,3,edna_kis2_30,surface,biological,14.3,31.16,8.12,13.7,31.1,8.12,3.5,1000,0,51.83669165,-128.239389,cobble,n,50,sp,macroalgae,algae,macroalgae_cobble,algae_cobble,100,1.18898e-152,299,Metazoa,Arthropoda,Copepoda,Calanoida,Clausocalanidae,Pseudocalanus,0,0,TRUE,ASV205,8,Pseudocalanus mimus
edna0069,ASV939,motu816,Ergasilida,Cyclopoid copepod,order,NA,NA,NA,1,NA,NA,NA,15,NA,NA,13,Ergasilida,Cyclopoid copepod,2018_kis2_surface,kis2,beach_seine,2018-07-15,2018-07-13,2018,surface,3,edna_kis2_30,surface,biological,14.3,31.16,8.12,13.7,31.1,8.12,3.5,1000,0,51.83669165,-128.239389,cobble,n,50,sp,macroalgae,algae,macroalgae_cobble,algae_cobble,100,1.96163e-160,313,Metazoa,Arthropoda,Copepoda,Cyclopoida,NA,NA,0,0,FALSE,ASV939,1,NA
edna0069,ASV1728,motu1165,Pseudocalanus mimus,Calanoid copepod,species,NA,NA,NA,1,NA,NA,NA,NA,NA,NA,41,Pseudocalanus mimus,Calanoid copepod,2018_kis2_surface,kis2,beach_seine,2018-07-15,2018-07-13,2018,surface,3,edna_kis2_30,surface,biological,14.3,31.16,8.12,13.7,31.1,8.12,3.5,1000,0,51.83669165,-128.239389,cobble,n,50,sp,macroalgae,algae,macroalgae_cobble,algae_cobble,100,1.18898e-152,299,Metazoa,Arthropoda,Copepoda,Calanoida,Clausocalanidae,Pseudocalanus,0,0,TRUE,ASV1381,2,Pseudocalanus mimus
edna0069,ASV2422,motu796,Panopea generosa,Pacific geoduck,species,NA,NA,NA,1,NA,NA,NA,NA,NA,NA,39,Panopea generosa,Pacific geoduck,2018_kis2_surface,kis2,beach_seine,2018-07-15,2018-07-13,2018,surface,3,edna_kis2_30,surface,biological,14.3,31.16,8.12,13.7,31.1,8.12,3.5,1000,0,51.83669165,-128.239389,cobble,n,50,sp,macroalgae,algae,macroalgae_cobble,algae_cobble,100,2.51921e-159,311,Metazoa,Mollusca,Bivalvia,Adapedonta,Hiatellidae,Panopea,0,0,TRUE,ASV916,4,Panopea generosa
edna0069,ASV3540,motu2813,Spionidae,Spionid polychaete,family,NA,NA,NA,1,NA,NA,NA,NA,NA,NA,5,Spionidae,Spionid polychaete,2018_kis2_surface,kis2,beach_seine,2018-07-15,2018-07-13,2018,surface,3,edna_kis2_30,surface,biological,14.3,31.16,8.12,13.7,31.1,8.12,3.5,1000,0,51.83669165,-128.239389,cobble,n,50,sp,macroalgae,algae,macroalgae_cobble,algae_cobble,100,1.96163e-160,313,Metazoa,Annelida,Annelida,Spionida,Spionidae,NA,0,0,TRUE,ASV3540,1,NA
edna0069,ASV4164,motu3266,Halosydna brevisetosa,Shortscaled worm,species,NA,NA,NA,1,NA,NA,NA,NA,NA,NA,64,Halosydna brevisetosa,Shortscaled worm,2018_kis2_surface,kis2,beach_seine,2018-07-15,2018-07-13,2018,surface,3,edna_kis2_30,surface,biological,14.3,31.16,8.12,13.7,31.1,8.12,3.5,1000,0,51.83669165,-128.239389,cobble,n,50,sp,macroalgae,algae,macroalgae_cobble,algae_cobble,99.36,5.453139999999996e-156,305,Metazoa,Annelida,Polychaeta,Phyllodocida,Polynoidae,Halosydna,0,0,TRUE,ASV4164,1,Halosydna brevisetosa
edna0069,ASV5877,motu4518,Clytia gregaria,Gregarious jellyfish,species,NA,NA,NA,1,NA,NA,NA,9,NA,NA,13,Clytia gregaria,Gregarious jellyfish,2018_kis2_surface,kis2,beach_seine,2018-07-15,2018-07-13,2018,surface,3,edna_kis2_30,surface,biological,14.3,31.16,8.12,13.7,31.1,8.12,3.5,1000,0,51.83669165,-128.239389,cobble,n,50,sp,macroalgae,algae,macroalgae_cobble,algae_cobble,98.39,5.49185e-151,296,Metazoa,Cnidaria,Cnidaria,Leptothecata,Campanulariidae,Clytia,0,0,TRUE,ASV5877,1,Clytia gregaria
edna0070,ASV801,motu697,Micropodarke dubia,Hesionid polychaete,species,NA,NA,NA,1,NA,NA,NA,2,NA,NA,8,Micropodarke dubia,Hesionid polychaete,2018_kis1_surface,kis1,beach_seine,2018-07-15,2018-07-13,2018,surface,1,edna_kis1_00,surface,biological,13.8,30.95,8.14,13.4,31.07,8.11,4.5,1000,0,51.81104261,-128.2291784,sand,n,25,sp,seagrass,zostera,seagrass_sand,zostera_sand,100,1.96163e-160,313,Metazoa,Annelida,Polychaeta,Phyllodocida,Hesionidae,Micropodarke,0,0,TRUE,ASV801,2,Micropodarke dubia
edna0070,ASV775,motu675,Aequorea,Crystal jelly species,genus,NA,NA,NA,1,NA,NA,NA,NA,NA,NA,4,Aequorea,Crystal jelly species,2018_kis1_surface,kis1,beach_seine,2018-07-15,2018-07-13,2018,surface,1,edna_kis1_00,surface,biological,13.8,30.95,8.14,13.4,31.07,8.11,4.5,1000,0,51.81104261,-128.2291784,sand,n,25,sp,seagrass,zostera,seagrass_sand,zostera_sand,100,1.4886099999999998e-156,306,Metazoa,Cnidaria,Hydrozoa,Leptothecata,Aequoreidae,Aequorea,0,0,TRUE,ASV775,3,NA
edna0070,ASV1097,motu944,Dodecaceria,Cirratulid polychaete,genus,NA,NA,NA,1,NA,NA,NA,NA,NA,NA,3,Dodecaceria,Cirratulid polychaete,2018_kis1_surface,kis1,beach_seine,2018-07-15,2018-07-13,2018,surface,1,edna_kis1_00,surface,biological,13.8,30.95,8.14,13.4,31.07,8.11,4.5,1000,0,51.81104261,-128.2291784,sand,n,25,sp,seagrass,zostera,seagrass_sand,zostera_sand,100,1.96163e-160,313,Metazoa,Annelida,Polychaeta,Terebellida,Cirratulidae,Dodecaceria,0,0,TRUE,ASV1097,6,NA
edna0070,ASV2951,motu2380,Ergasilida,Cyclopoid copepod,order,NA,NA,NA,1,NA,NA,NA,NA,NA,NA,11,Ergasilida,Cyclopoid copepod,2018_kis1_surface,kis1,beach_seine,2018-07-15,2018-07-13,2018,surface,1,edna_kis1_00,surface,biological,13.8,30.95,8.14,13.4,31.07,8.11,4.5,1000,0,51.81104261,-128.2291784,sand,n,25,sp,seagrass,zostera,seagrass_sand,zostera_sand,100,2.51921e-159,311,Metazoa,Arthropoda,Copepoda,Cyclopoida,NA,NA,0,0,FALSE,ASV2951,1,NA
edna0070,ASV4786,motu3701,Potential chimera,Potential chimera,species,NA,NA,NA,1,NA,NA,NA,NA,NA,NA,6,Potential chimera,Potential chimera,2018_kis1_surface,kis1,beach_seine,2018-07-15,2018-07-13,2018,surface,1,edna_kis1_00,surface,biological,13.8,30.95,8.14,13.4,31.07,8.11,4.5,1000,0,51.81104261,-128.2291784,sand,n,25,sp,seagrass,zostera,seagrass_sand,zostera_sand,94.44,0.00380707,30,Metazoa,Arthropoda,Arthropoda,Decapoda,NA,NA,0,0,TRUE,ASV4786,1,Potential chimera
edna0070,ASV6138,motu4730,Pentatomomorpha,Hexapod,family,NA,NA,NA,1,NA,NA,NA,NA,NA,NA,4,Pentatomomorpha,Hexapod,2018_kis1_surface,kis1,beach_seine,2018-07-15,2018-07-13,2018,surface,1,edna_kis1_00,surface,biological,13.8,30.95,8.14,13.4,31.07,8.11,4.5,1000,0,51.81104261,-128.2291784,sand,n,25,sp,seagrass,zostera,seagrass_sand,zostera_sand,94.34,6.74363e-11,44,Metazoa,Arthropoda,Arthropoda,Hemiptera,Pentatomomorpha,NA,NA,NA,TRUE,ASV6138,1,NA
edna0071,ASV357,motu316,Hiatella,Clam species,genus,NA,NA,NA,1,NA,NA,NA,NA,NA,NA,47,Hiatella,Clam species,2018_kis1_surface,kis1,beach_seine,2018-07-15,2018-07-13,2018,surface,2,edna_kis1_15,surface,biological,13.8,30.95,8.15,13.5,30.97,8.13,4.5,1000,0,51.8111452,-128.2293129,sand,n,25,sp,seagrass,zostera,seagrass_sand,zostera_sand,100,9.027749999999999e-159,310,Metazoa,Mollusca,Bivalvia,Adapedonta,Hiatellidae,Hiatella,0,0,TRUE,ASV357,9,NA
edna0071,ASV670,motu583,Synchaeta triophthalma,Rotifer,species,NA,NA,NA,1,NA,NA,NA,NA,NA,NA,21,Synchaeta triophthalma,Rotifer,2018_kis1_surface,kis1,beach_seine,2018-07-15,2018-07-13,2018,surface,2,edna_kis1_15,surface,biological,13.8,30.95,8.15,13.5,30.97,8.13,4.5,1000,0,51.8111452,-128.2293129,sand,n,25,sp,seagrass,zostera,seagrass_sand,zostera_sand,91.99,3.511259999999999e-118,237,Metazoa,Rotifera,Eurotatoria,Ploima,Synchaetidae,Synchaeta,0,0,TRUE,ASV670,4,Synchaeta triophthalma
edna0071,ASV2472,motu2014,Ergasilida,Cyclopoid copepod,order,NA,NA,NA,1,NA,NA,NA,NA,NA,NA,44,Ergasilida,Cyclopoid copepod,2018_kis1_surface,kis1,beach_seine,2018-07-15,2018-07-13,2018,surface,2,edna_kis1_15,surface,biological,13.8,30.95,8.15,13.5,30.97,8.13,4.5,1000,0,51.8111452,-128.2293129,sand,n,25,sp,seagrass,zostera,seagrass_sand,zostera_sand,100,2.51921e-159,311,Metazoa,Arthropoda,Copepoda,Cyclopoida,NA,NA,0,0,FALSE,ASV2472,1,NA
edna0072,ASV750,motu654,Orobdella,Freshwater leech,genus,NA,NA,NA,1,NA,NA,NA,NA,NA,NA,15,Orobdella,Freshwater leech,2018_kis1_surface,kis1,beach_seine,2018-07-15,2018-07-13,2018,surface,3,edna_kis1_30,surface,biological,13.6,30.95,8.13,13.3,31.03,8.11,4.5,1000,0,51.81116654,-128.2295305,sand,n,25,sp,seagrass,zostera,seagrass_sand,zostera_sand,97.06,0.00121031,31,Metazoa,Annelida,Annelida,Erpobdelliformes,Orobdellidae,Orobdella,NA,NA,TRUE,ASV750,1,NA
edna0072,ASV2414,motu1743,Notomastus,Capitellid polychaete,genus,NA,NA,NA,1,NA,NA,NA,NA,NA,NA,6,Notomastus,Capitellid polychaete,2018_kis1_surface,kis1,beach_seine,2018-07-15,2018-07-13,2018,surface,3,edna_kis1_30,surface,biological,13.6,30.95,8.13,13.3,31.03,8.11,4.5,1000,0,51.81116654,-128.2295305,sand,n,25,sp,seagrass,zostera,seagrass_sand,zostera_sand,100,1.96163e-160,313,Metazoa,Annelida,Polychaeta,NA,Capitellidae,Notomastus,0,0,TRUE,ASV2114,2,NA
edna0072,ASV5024,motu316,Hiatella,Clam species,genus,NA,NA,NA,1,NA,NA,NA,NA,NA,NA,36,Hiatella,Clam species,2018_kis1_surface,kis1,beach_seine,2018-07-15,2018-07-13,2018,surface,3,edna_kis1_30,surface,biological,13.6,30.95,8.13,13.3,31.03,8.11,4.5,1000,0,51.81116654,-128.2295305,sand,n,25,sp,seagrass,zostera,seagrass_sand,zostera_sand,99.68,4.200199999999998e-157,307,Metazoa,Mollusca,Bivalvia,Adapedonta,Hiatellidae,Hiatella,0,0,TRUE,ASV357,9,NA
edna0072,ASV7068,motu2465,Synchaetidae,Rotifer,family,NA,NA,NA,1,NA,NA,NA,NA,NA,NA,2,Synchaeta cecilia,Rotifer,2018_kis1_surface,kis1,beach_seine,2018-07-15,2018-07-13,2018,surface,3,edna_kis1_30,surface,biological,13.6,30.95,8.13,13.3,31.03,8.11,4.5,1000,0,51.81116654,-128.2295305,sand,n,25,sp,seagrass,zostera,seagrass_sand,zostera_sand,91.06,2.7382799999999994e-109,221,Metazoa,Rotifera,Rotifera,Ploima,Synchaetidae,NA,0,0,TRUE,ASV3061,2,NA
edna0073,ASV1319,motu1116,Clytia gregaria,Gregarious jellyfish,species,NA,NA,NA,1,NA,NA,NA,NA,NA,NA,34,Clytia gregaria,Gregarious jellyfish,2018_hab2_surface,hab2,beach_seine,2018-07-15,2018-07-12,2018,surface,1,edna_hab2_00,surface,biological,12.8,31.38,8.02,11.1,31.68,7.99,4.5,1000,0,51.66375908,-128.1431094,sand,n,1000,se,none,none,none_sand,none_sand,99.67,6.925819999999995e-155,303,Metazoa,Cnidaria,Hydrozoa,Leptothecata,Campanulariidae,Clytia,0,0,TRUE,ASV1319,3,Clytia gregaria
edna0073,ASV5705,motu4378,Orthasterias koehleri,Rainbow star,species,NA,NA,NA,1,NA,NA,NA,NA,NA,NA,7,Orthasterias koehleri,Rainbow star,2018_hab2_surface,hab2,beach_seine,2018-07-15,2018-07-12,2018,surface,1,edna_hab2_00,surface,biological,12.8,31.38,8.02,11.1,31.68,7.99,4.5,1000,0,51.66375908,-128.1431094,sand,n,1000,se,none,none,none_sand,none_sand,100,2.51921e-159,311,Metazoa,Echinodermata,Asteroidea,Forcipulatida,Asteriidae,Orthasterias,0,0,TRUE,ASV5705,1,Orthasterias koehleri
edna0074,ASV354,motu313,Mitrocoma cellularia,Cross jelly,species,NA,NA,NA,1,NA,NA,NA,NA,NA,NA,10,Mitrocoma cellularia,Cross jelly,2018_hab2_surface,hab2,beach_seine,2018-07-15,2018-07-12,2018,surface,2,edna_hab2_15,surface,biological,12.3,31.38,8.02,11.2,31.69,7.98,5,1000,0,51.66377693,-128.1433209,sand,n,1000,se,none,none,none_sand,none_sand,100,1.4886099999999998e-156,306,Metazoa,Cnidaria,Hydrozoa,Leptothecata,Mitrocomidae,Mitrocoma,0,0,TRUE,ASV354,2,Mitrocoma cellularia
edna0074,ASV1917,motu1595,Arthropoda,Unknown arthropod,phylum,NA,NA,NA,1,NA,NA,NA,NA,NA,NA,2,Arthropoda,Unknown arthropod,2018_hab2_surface,hab2,beach_seine,2018-07-15,2018-07-12,2018,surface,2,edna_hab2_15,surface,biological,12.3,31.38,8.02,11.2,31.69,7.98,5,1000,0,51.66377693,-128.1433209,sand,n,1000,se,none,none,none_sand,none_sand,95,2.34566e-5,34,Metazoa,Arthropoda,NA,NA,NA,NA,NA,NA,TRUE,ASV1917,1,NA
edna0074,ASV2757,motu2230,Diplostomida,Flatworm,order,NA,NA,NA,1,NA,NA,NA,NA,NA,NA,2,Diplostomida,Flatworm,2018_hab2_surface,hab2,beach_seine,2018-07-15,2018-07-12,2018,surface,2,edna_hab2_15,surface,biological,12.3,31.38,8.02,11.2,31.69,7.98,5,1000,0,51.66377693,-128.1433209,sand,n,1000,se,none,none,none_sand,none_sand,96.88,0.0144888,29,Metazoa,Platyhelminthes,Platyhelminthes,Diplostomida,NA,NA,0,0,TRUE,ASV2757,1,NA
edna0074,ASV6125,motu4722,Sarsamphiascus undosus,Harpacticoid copepod,species,NA,NA,NA,1,NA,NA,NA,NA,NA,NA,19,Sarsamphiascus undosus,Harpacticoid copepod,2018_hab2_surface,hab2,beach_seine,2018-07-15,2018-07-12,2018,surface,2,edna_hab2_15,surface,biological,12.3,31.38,8.02,11.2,31.69,7.98,5,1000,0,51.66377693,-128.1433209,sand,n,1000,se,none,none,none_sand,none_sand,98.4,4.27634e-152,298,Metazoa,Arthropoda,Copepoda,Harpacticoida,Miraciidae,Sarsamphiascus,0,0,TRUE,ASV6125,1,Sarsamphiascus undosus
edna0076,ASV1057,motu909,Orobdella,Freshwater leech,genus,NA,NA,NA,1,NA,NA,NA,NA,NA,NA,5,Orobdella,Freshwater leech,2018_triquet_surface,triquet,kelp,2018-07-16,NA,2018,surface,1,edna_triquet_00,surface,biological,15,31.08,8.15,NA,NA,NA,5.7,1000,0,51.80359931,-128.2543249,rock,NA,NA,NA,macroalgae,macrocystis,macroalgae_rock,macrocystis_rock,97.06,0.0011939,31,Metazoa,Annelida,Annelida,Erpobdelliformes,Orobdellidae,Orobdella,NA,NA,TRUE,ASV1057,1,NA
edna0077,ASV2472,motu2014,Ergasilida,Cyclopoid copepod,order,NA,NA,NA,1,NA,NA,NA,NA,NA,NA,14,Ergasilida,Cyclopoid copepod,2018_triquet_depth,triquet,kelp,2018-07-16,NA,2018,depth,1,edna_triquet_15,depth,biological,13.3,31.1,8.15,NA,NA,NA,5.7,1000,0,51.80352819,-128.2545227,rock,NA,NA,NA,macroalgae,macrocystis,macroalgae_rock,macrocystis_rock,100,2.51921e-159,311,Metazoa,Arthropoda,Copepoda,Cyclopoida,NA,NA,0,0,FALSE,ASV2472,1,NA
edna0078,ASV733,motu637,Phyllodocida,Polychaete,order,NA,NA,NA,1,NA,NA,NA,NA,NA,NA,9,Phyllodocida,Polychaete,2018_triquet_surface,triquet,kelp,2018-07-16,NA,2018,surface,2,edna_triquet_30,surface,biological,14.6,30.7,8.15,NA,NA,NA,5,1000,0,51.80345632,-128.2547138,rock,NA,NA,NA,macroalgae,macrocystis,macroalgae_rock,macrocystis_rock,100,0.0603188,28,Metazoa,Annelida,Annelida,Phyllodocida,NA,NA,0,0,TRUE,ASV733,1,NA
edna0079,ASV118,motu105,Mesocentrotus franciscanus,Red sea urchin,species,NA,NA,NA,1,NA,NA,NA,NA,NA,NA,5,Mesocentrotus franciscanus,Red sea urchin,2018_triquet_depth,triquet,kelp,2018-07-16,NA,2018,depth,2,edna_triquet_00,depth,biological,13.4,31.1,8.14,NA,NA,NA,5,1000,0,51.80359931,-128.2543249,rock,NA,NA,NA,macroalgae,macrocystis,macroalgae_rock,macrocystis_rock,100,2.51921e-159,311,Metazoa,Echinodermata,Echinoidea,Camarodonta,Strongylocentrotidae,Mesocentrotus,0,0,TRUE,ASV118,8,Mesocentrotus franciscanus
edna0079,ASV1082,motu932,Obelia dichotoma,Sea thread hydroid,species,NA,NA,NA,1,NA,NA,NA,NA,NA,NA,2,Obelia dichotoma,Sea thread hydroid,2018_triquet_depth,triquet,kelp,2018-07-16,NA,2018,depth,2,edna_triquet_00,depth,biological,13.4,31.1,8.14,NA,NA,NA,5,1000,0,51.80359931,-128.2543249,rock,NA,NA,NA,macroalgae,macrocystis,macroalgae_rock,macrocystis_rock,100,5.353989999999996e-156,305,Metazoa,Cnidaria,Hydrozoa,Leptothecata,Campanulariidae,Obelia,0,0,TRUE,ASV1082,1,Obelia dichotoma
edna0079,ASV1013,motu876,Orobdella,Freshwater leech,genus,NA,NA,NA,1,NA,NA,NA,NA,NA,NA,15,Orobdella,Freshwater leech,2018_triquet_depth,triquet,kelp,2018-07-16,NA,2018,depth,2,edna_triquet_00,depth,biological,13.4,31.1,8.14,NA,NA,NA,5,1000,0,51.80359931,-128.2543249,rock,NA,NA,NA,macroalgae,macrocystis,macroalgae_rock,macrocystis_rock,97.06,0.00121031,31,Metazoa,Annelida,Annelida,Erpobdelliformes,Orobdellidae,Orobdella,NA,NA,TRUE,ASV1013,1,NA
edna0079,ASV2335,motu1921,Ferkeria,Other arachnid,genus,NA,NA,NA,1,NA,NA,NA,NA,NA,NA,10,Ferkeria,Other arachnid,2018_triquet_depth,triquet,kelp,2018-07-16,NA,2018,depth,2,edna_triquet_00,depth,biological,13.4,31.1,8.14,NA,NA,NA,5,1000,0,51.80359931,-128.2543249,rock,NA,NA,NA,macroalgae,macrocystis,macroalgae_rock,macrocystis_rock,97.06,0.00112005,31,Metazoa,Arthropoda,Arthropoda,Grassatores,NA,Ferkeria,NA,NA,TRUE,ASV2335,1,NA
edna0080,ASV637,motu554,Alia carinata,Carinate dove shell,species,NA,NA,NA,1,NA,NA,NA,NA,NA,NA,3,Alia carinata,Carinate dove shell,2018_triquet_surface,triquet,kelp,2018-07-16,NA,2018,surface,3,edna_triquet_15,surface,biological,14.9,30.94,8.15,NA,NA,NA,5.6,1000,0,51.80352819,-128.2545227,rock,NA,NA,NA,macroalgae,macrocystis,macroalgae_rock,macrocystis_rock,100,3.2351099999999996e-158,309,Metazoa,Mollusca,Gastropoda,Neogastropoda,Columbellidae,Alia,0,0,TRUE,ASV637,1,Alia carinata
edna0080,ASV2490,motu2027,Phacellophora camtschatica,Fried egg jellyfish,species,NA,NA,NA,1,NA,NA,NA,NA,NA,NA,5,Phacellophora camtschatica,Fried egg jellyfish,2018_triquet_surface,triquet,kelp,2018-07-16,NA,2018,surface,3,edna_triquet_15,surface,biological,14.9,30.94,8.15,NA,NA,NA,5.6,1000,0,51.80352819,-128.2545227,rock,NA,NA,NA,macroalgae,macrocystis,macroalgae_rock,macrocystis_rock,100,1.96163e-160,313,Metazoa,Cnidaria,Scyphozoa,Semaeostomeae,Phacellophoridae,Phacellophora,0,0,TRUE,ASV2490,1,Phacellophora camtschatica
edna0080,ASV3024,motu213,Balanus glandula,Acorn barnacle,species,NA,NA,NA,1,NA,NA,NA,NA,NA,NA,4,Balanus glandula,Acorn barnacle,2018_triquet_surface,triquet,kelp,2018-07-16,NA,2018,surface,3,edna_triquet_15,surface,biological,14.9,30.94,8.15,NA,NA,NA,5.6,1000,0,51.80352819,-128.2545227,rock,NA,NA,NA,macroalgae,macrocystis,macroalgae_rock,macrocystis_rock,99.35,7.002779999999996e-155,303,Metazoa,Arthropoda,Thecostraca,Balanomorpha,Balanidae,Balanus,0,0,TRUE,ASV242,15,Balanus glandula
edna0080,ASV7105,motu5536,Patiria miniata,Bat star,species,NA,NA,NA,1,NA,NA,NA,NA,NA,NA,6,Patiria miniata,Bat star,2018_triquet_surface,triquet,kelp,2018-07-16,NA,2018,surface,3,edna_triquet_15,surface,biological,14.9,30.94,8.15,NA,NA,NA,5.6,1000,0,51.80352819,-128.2545227,rock,NA,NA,NA,macroalgae,macrocystis,macroalgae_rock,macrocystis_rock,100,2.0011299999999987e-160,313,Metazoa,Echinodermata,Asteroidea,Valvatida,Asterinidae,Patiria,0,0,TRUE,ASV7105,1,Patiria miniata
edna0081,ASV814,motu709,Chthamalus dalli,Little brown barnacle,species,NA,NA,NA,1,NA,NA,NA,NA,NA,NA,4,Chthamalus dalli,Little brown barnacle,2018_triquet_depth,triquet,kelp,2018-07-16,NA,2018,depth,3,edna_triquet_30,depth,biological,13.3,31.07,8.14,NA,NA,NA,5.6,1000,0,51.80345632,-128.2547138,rock,NA,NA,NA,macroalgae,macrocystis,macroalgae_rock,macrocystis_rock,99.34,5.31212e-151,296,Metazoa,Arthropoda,Thecostraca,Balanomorpha,Chthamalidae,Chthamalus,0,0,TRUE,ASV814,5,Chthamalus dalli
edna0081,ASV2335,motu1921,Ferkeria,Other arachnid,genus,NA,NA,NA,1,NA,NA,NA,NA,NA,NA,6,Ferkeria,Other arachnid,2018_triquet_depth,triquet,kelp,2018-07-16,NA,2018,depth,3,edna_triquet_30,depth,biological,13.3,31.07,8.14,NA,NA,NA,5.6,1000,0,51.80345632,-128.2547138,rock,NA,NA,NA,macroalgae,macrocystis,macroalgae_rock,macrocystis_rock,97.06,0.00112005,31,Metazoa,Arthropoda,Arthropoda,Grassatores,NA,Ferkeria,NA,NA,TRUE,ASV2335,1,NA
edna0081,ASV3540,motu2813,Spionidae,Spionid polychaete,family,NA,NA,NA,1,NA,NA,NA,NA,NA,NA,19,Spionidae,Spionid polychaete,2018_triquet_depth,triquet,kelp,2018-07-16,NA,2018,depth,3,edna_triquet_30,depth,biological,13.3,31.07,8.14,NA,NA,NA,5.6,1000,0,51.80345632,-128.2547138,rock,NA,NA,NA,macroalgae,macrocystis,macroalgae_rock,macrocystis_rock,100,1.96163e-160,313,Metazoa,Annelida,Annelida,Spionida,Spionidae,NA,0,0,TRUE,ASV3540,1,NA
edna0082,ASV377,motu334,Synchaeta pectinata,Rotifer,species,NA,NA,NA,1,NA,NA,NA,NA,NA,NA,3,Synchaeta pectinata,Rotifer,2018_manley_surface,manley,kelp,2018-07-16,NA,2018,surface,1,edna_manley_00,surface,biological,13.8,30.69,8.22,11.6,31.19,8.07,7.5,1000,0,51.80108298,-128.1997573,rock,NA,NA,NA,macroalgae,macrocystis,macroalgae_rock,macrocystis_rock,90.48,1.6452299999999999e-111,225,Metazoa,Rotifera,Eurotatoria,Ploima,Synchaetidae,Synchaeta,0,0,TRUE,ASV377,5,Synchaeta pectinata
edna0082,ASV398,motu350,Synchaeta pectinata,Rotifer,species,NA,NA,NA,1,NA,NA,NA,NA,NA,NA,3,Synchaeta pectinata,Rotifer,2018_manley_surface,manley,kelp,2018-07-16,NA,2018,surface,1,edna_manley_00,surface,biological,13.8,30.69,8.22,11.6,31.19,8.07,7.5,1000,0,51.80108298,-128.1997573,rock,NA,NA,NA,macroalgae,macrocystis,macroalgae_rock,macrocystis_rock,90.48,1.6452299999999999e-111,225,Metazoa,Rotifera,Eurotatoria,Ploima,Synchaetidae,Synchaeta,0,0,TRUE,ASV398,4,Synchaeta pectinata
edna0082,ASV647,motu560,Synchaeta triophthalma,Rotifer,species,NA,NA,NA,1,NA,NA,NA,NA,NA,NA,7,Synchaeta triophthalma,Rotifer,2018_manley_surface,manley,kelp,2018-07-16,NA,2018,surface,1,edna_manley_00,surface,biological,13.8,30.69,8.22,11.6,31.19,8.07,7.5,1000,0,51.80108298,-128.1997573,rock,NA,NA,NA,macroalgae,macrocystis,macroalgae_rock,macrocystis_rock,91.99,3.511259999999999e-118,237,Metazoa,Rotifera,Eurotatoria,Ploima,Synchaetidae,Synchaeta,0,0,TRUE,ASV647,4,Synchaeta triophthalma
edna0082,ASV679,motu591,Phyllodocida,Polychaete,order,NA,NA,NA,1,NA,NA,NA,NA,NA,NA,6,Phyllodocida,Polychaete,2018_manley_surface,manley,kelp,2018-07-16,NA,2018,surface,1,edna_manley_00,surface,biological,13.8,30.69,8.22,11.6,31.19,8.07,7.5,1000,0,51.80108298,-128.1997573,rock,NA,NA,NA,macroalgae,macrocystis,macroalgae_rock,macrocystis_rock,100,0.0603188,28,Metazoa,Annelida,Annelida,Phyllodocida,NA,NA,0,0,TRUE,ASV679,1,NA
edna0082,ASV1175,motu1006,Dodecaceria,Cirratulid polychaete,genus,NA,NA,NA,1,NA,NA,NA,NA,NA,NA,92,Dodecaceria,Cirratulid polychaete,2018_manley_surface,manley,kelp,2018-07-16,NA,2018,surface,1,edna_manley_00,surface,biological,13.8,30.69,8.22,11.6,31.19,8.07,7.5,1000,0,51.80108298,-128.1997573,rock,NA,NA,NA,macroalgae,macrocystis,macroalgae_rock,macrocystis_rock,100,2.51921e-159,311,Metazoa,Annelida,Polychaeta,Terebellida,Cirratulidae,Dodecaceria,0,0,TRUE,ASV1175,1,NA
edna0082,ASV4094,motu3212,Humilaria kennerleyi,Kennerleys venus,species,NA,NA,NA,1,NA,NA,NA,NA,NA,NA,5,Humilaria kennerleyi,Kennerleys venus,2018_manley_surface,manley,kelp,2018-07-16,NA,2018,surface,1,edna_manley_00,surface,biological,13.8,30.69,8.22,11.6,31.19,8.07,7.5,1000,0,51.80108298,-128.1997573,rock,NA,NA,NA,macroalgae,macrocystis,macroalgae_rock,macrocystis_rock,100,5.334159999999996e-156,305,Metazoa,Mollusca,Bivalvia,Venerida,Veneridae,Humilaria,0,0,TRUE,ASV4094,1,Humilaria kennerleyi
edna0083,ASV1443,motu1220,Orobdella,Freshwater leech,genus,NA,NA,NA,1,NA,NA,NA,NA,NA,NA,14,Orobdella,Freshwater leech,2018_manley_surface,manley,kelp,2018-07-16,NA,2018,surface,2,edna_manley_15,surface,biological,14.4,30.5,8.25,11.5,31.15,8.06,5.7,1000,0,51.80121719,-128.199621,rock,NA,NA,NA,macroalgae,macrocystis,macroalgae_rock,macrocystis_rock,97.06,0.0011939,31,Metazoa,Annelida,Annelida,Erpobdelliformes,Orobdellidae,Orobdella,NA,NA,TRUE,ASV1443,1,NA
edna0083,ASV3310,motu105,Mesocentrotus franciscanus,Red sea urchin,species,NA,NA,NA,1,NA,NA,NA,NA,NA,NA,116,Mesocentrotus franciscanus,Red sea urchin,2018_manley_surface,manley,kelp,2018-07-16,NA,2018,surface,2,edna_manley_15,surface,biological,14.4,30.5,8.25,11.5,31.15,8.06,5.7,1000,0,51.80121719,-128.199621,rock,NA,NA,NA,macroalgae,macrocystis,macroalgae_rock,macrocystis_rock,100,2.51921e-159,311,Metazoa,Echinodermata,Echinoidea,Camarodonta,Strongylocentrotidae,Mesocentrotus,0,0,TRUE,ASV118,8,Mesocentrotus franciscanus
edna0083,ASV3345,motu1218,Halosydna brevisetosa,Shortscaled worm,species,NA,NA,NA,1,NA,NA,NA,NA,NA,NA,113,Halosydna brevisetosa,Shortscaled worm,2018_manley_surface,manley,kelp,2018-07-16,NA,2018,surface,2,edna_manley_15,surface,biological,14.4,30.5,8.25,11.5,31.15,8.06,5.7,1000,0,51.80121719,-128.199621,rock,NA,NA,NA,macroalgae,macrocystis,macroalgae_rock,macrocystis_rock,99.68,1.172079999999999e-157,308,Metazoa,Annelida,Polychaeta,Phyllodocida,Polynoidae,Halosydna,0,0,TRUE,ASV1441,3,Halosydna brevisetosa
edna0083,ASV3017,motu2432,Euphausia pacifica,North Pacific krill,species,NA,NA,NA,1,NA,NA,NA,NA,NA,NA,5,Euphausia pacifica,North Pacific krill,2018_manley_surface,manley,kelp,2018-07-16,NA,2018,surface,2,edna_manley_15,surface,biological,14.4,30.5,8.25,11.5,31.15,8.06,5.7,1000,0,51.80121719,-128.199621,rock,NA,NA,NA,macroalgae,macrocystis,macroalgae_rock,macrocystis_rock,100,3.2351099999999996e-158,309,Metazoa,Arthropoda,Malacostraca,Euphausiacea,Euphausiidae,Euphausia,0,0,TRUE,ASV3017,1,Euphausia pacifica
edna0083,ASV4634,motu1840,Pseudocalanus mimus,Calanoid copepod,species,NA,NA,NA,1,NA,NA,NA,NA,NA,NA,46,Pseudocalanus mimus,Calanoid copepod,2018_manley_surface,manley,kelp,2018-07-16,NA,2018,surface,2,edna_manley_15,surface,biological,14.4,30.5,8.25,11.5,31.15,8.06,5.7,1000,0,51.80121719,-128.199621,rock,NA,NA,NA,macroalgae,macrocystis,macroalgae_rock,macrocystis_rock,99.67,5.531789999999998e-151,296,Metazoa,Arthropoda,Copepoda,Calanoida,Clausocalanidae,Pseudocalanus,0,0,TRUE,ASV2232,3,Pseudocalanus mimus
edna0083,ASV5515,motu4231,Dermasterias imbricata,Leather star,species,NA,NA,NA,1,NA,NA,NA,NA,NA,NA,6,Dermasterias imbricata,Leather star,2018_manley_surface,manley,kelp,2018-07-16,NA,2018,surface,2,edna_manley_15,surface,biological,14.4,30.5,8.25,11.5,31.15,8.06,5.7,1000,0,51.80121719,-128.199621,rock,NA,NA,NA,macroalgae,macrocystis,macroalgae_rock,macrocystis_rock,100,1.96163e-160,313,Metazoa,Echinodermata,Asteroidea,Valvatida,Asteropseidae,Dermasterias,0,0,TRUE,ASV5515,1,Dermasterias imbricata
edna0083,ASV7105,motu5536,Patiria miniata,Bat star,species,NA,NA,NA,1,NA,NA,NA,NA,NA,NA,4,Patiria miniata,Bat star,2018_manley_surface,manley,kelp,2018-07-16,NA,2018,surface,2,edna_manley_15,surface,biological,14.4,30.5,8.25,11.5,31.15,8.06,5.7,1000,0,51.80121719,-128.199621,rock,NA,NA,NA,macroalgae,macrocystis,macroalgae_rock,macrocystis_rock,100,2.0011299999999987e-160,313,Metazoa,Echinodermata,Asteroidea,Valvatida,Asterinidae,Patiria,0,0,TRUE,ASV7105,1,Patiria miniata
edna0084,ASV1107,motu343,Dodecaceria,Cirratulid polychaete,genus,NA,NA,NA,1,NA,NA,NA,NA,NA,NA,677,Dodecaceria,Cirratulid polychaete,2018_manley_surface,manley,kelp,2018-07-16,NA,2018,surface,3,edna_manley_30,surface,biological,14.2,30.63,8.22,12.7,30.95,8.16,5.7,1000,0,51.80136642,-128.199517,rock,NA,NA,NA,macroalgae,macrocystis,macroalgae_rock,macrocystis_rock,99.68,3.2706599999999985e-158,309,Metazoa,Annelida,Polychaeta,Terebellida,Cirratulidae,Dodecaceria,0,0,TRUE,ASV390,6,NA
edna0084,ASV944,motu821,Phascolosoma (Phascolosoma) agassizii,Agassiz peanut worm,species,NA,NA,NA,1,NA,NA,NA,NA,NA,NA,25,Phascolosoma (Phascolosoma) agassizii,Agassiz peanut worm,2018_manley_surface,manley,kelp,2018-07-16,NA,2018,surface,3,edna_manley_30,surface,biological,14.2,30.63,8.22,12.7,30.95,8.16,5.7,1000,0,51.80136642,-128.199517,rock,NA,NA,NA,macroalgae,macrocystis,macroalgae_rock,macrocystis_rock,100,1.96163e-160,313,Metazoa,Annelida,NA,Sipuncula,Phascolosomatidae,Phascolosoma,0,0,TRUE,ASV944,3,Phascolosoma (Phascolosoma) agassizii
edna0084,ASV1659,motu1390,Decapoda,Decapod crustacean species,order,NA,NA,NA,1,NA,NA,NA,NA,NA,NA,48,Decapoda,Decapod crustacean species,2018_manley_surface,manley,kelp,2018-07-16,NA,2018,surface,3,edna_manley_30,surface,biological,14.2,30.63,8.22,12.7,30.95,8.16,5.7,1000,0,51.80136642,-128.199517,rock,NA,NA,NA,macroalgae,macrocystis,macroalgae_rock,macrocystis_rock,91.67,1.88829e-6,36,Metazoa,Arthropoda,Arthropoda,Decapoda,NA,NA,0,0,TRUE,ASV1659,1,NA
edna0084,ASV2766,motu2236,Halosydna brevisetosa,Shortscaled worm,species,NA,NA,NA,1,NA,NA,NA,NA,NA,NA,99,Halosydna brevisetosa,Shortscaled worm,2018_manley_surface,manley,kelp,2018-07-16,NA,2018,surface,3,edna_manley_30,surface,biological,14.2,30.63,8.22,12.7,30.95,8.16,5.7,1000,0,51.80136642,-128.199517,rock,NA,NA,NA,macroalgae,macrocystis,macroalgae_rock,macrocystis_rock,100,2.51921e-159,311,Metazoa,Annelida,Polychaeta,Phyllodocida,Polynoidae,Halosydna,0,0,TRUE,ASV2766,1,Halosydna brevisetosa
edna0084,ASV2865,motu2317,Chaetognatha,Arrow worm,phylum,NA,NA,NA,1,NA,NA,NA,NA,NA,NA,14,Chaetognatha,Arrow worm,2018_manley_surface,manley,kelp,2018-07-16,NA,2018,surface,3,edna_manley_30,surface,biological,14.2,30.63,8.22,12.7,30.95,8.16,5.7,1000,0,51.80136642,-128.199517,rock,NA,NA,NA,macroalgae,macrocystis,macroalgae_rock,macrocystis_rock,98.01,1.6501399999999998e-91,189,Metazoa,Chaetognatha,NA,NA,NA,NA,0,0,TRUE,ASV2865,1,NA
edna0084,ASV3842,motu3021,Humilaria kennerleyi,Kennerleys venus,species,NA,NA,NA,1,NA,NA,NA,NA,NA,NA,8,Humilaria kennerleyi,Kennerleys venus,2018_manley_surface,manley,kelp,2018-07-16,NA,2018,surface,3,edna_manley_30,surface,biological,14.2,30.63,8.22,12.7,30.95,8.16,5.7,1000,0,51.80136642,-128.199517,rock,NA,NA,NA,macroalgae,macrocystis,macroalgae_rock,macrocystis_rock,100,2.51921e-159,311,Metazoa,Mollusca,Bivalvia,Venerida,Veneridae,Humilaria,0,0,TRUE,ASV3842,2,Humilaria kennerleyi
edna0084,ASV5410,motu4153,Aglaophenia,Thecate Hydroid,genus,NA,NA,NA,1,NA,NA,NA,NA,NA,NA,4,Aglaophenia,Thecate Hydroid,2018_manley_surface,manley,kelp,2018-07-16,NA,2018,surface,3,edna_manley_30,surface,biological,14.2,30.63,8.22,12.7,30.95,8.16,5.7,1000,0,51.80136642,-128.199517,rock,NA,NA,NA,macroalgae,macrocystis,macroalgae_rock,macrocystis_rock,99.67,1.97556e-155,304,Metazoa,Cnidaria,Cnidaria,Leptothecata,Aglaopheniidae,Aglaophenia,0,0,TRUE,ASV5410,1,NA
edna0085,ASV205,motu181,Pseudocalanus mimus,Calanoid copepod,species,NA,NA,NA,1,NA,NA,NA,NA,NA,NA,114,Pseudocalanus mimus,Calanoid copepod,2018_womanley_surface,womanley,kelp,2018-07-16,NA,2018,surface,1,edna_womanley_00,surface,biological,14.3,29.8,8.23,12.7,30.84,8.17,7.5,1000,0,51.80250464,-128.2000768,rock,NA,NA,NA,macroalgae,macrocystis,macroalgae_rock,macrocystis_rock,100,1.18898e-152,299,Metazoa,Arthropoda,Copepoda,Calanoida,Clausocalanidae,Pseudocalanus,0,0,TRUE,ASV205,8,Pseudocalanus mimus
edna0085,ASV398,motu350,Synchaeta pectinata,Rotifer,species,NA,NA,NA,1,NA,NA,NA,NA,NA,NA,4,Synchaeta pectinata,Rotifer,2018_womanley_surface,womanley,kelp,2018-07-16,NA,2018,surface,1,edna_womanley_00,surface,biological,14.3,29.8,8.23,12.7,30.84,8.17,7.5,1000,0,51.80250464,-128.2000768,rock,NA,NA,NA,macroalgae,macrocystis,macroalgae_rock,macrocystis_rock,90.48,1.6452299999999999e-111,225,Metazoa,Rotifera,Eurotatoria,Ploima,Synchaetidae,Synchaeta,0,0,TRUE,ASV398,4,Synchaeta pectinata
edna0085,ASV583,motu283,Dodecaceria,Cirratulid polychaete,genus,NA,NA,NA,1,NA,NA,NA,NA,NA,NA,34,Dodecaceria,Cirratulid polychaete,2018_womanley_surface,womanley,kelp,2018-07-16,NA,2018,surface,1,edna_womanley_00,surface,biological,14.3,29.8,8.23,12.7,30.84,8.17,7.5,1000,0,51.80250464,-128.2000768,rock,NA,NA,NA,macroalgae,macrocystis,macroalgae_rock,macrocystis_rock,100,1.96163e-160,313,Metazoa,Annelida,Polychaeta,Terebellida,Cirratulidae,Dodecaceria,0,0,TRUE,ASV322,5,NA
edna0085,ASV695,motu605,Dodecaceria,Cirratulid polychaete,genus,NA,NA,NA,1,NA,NA,NA,NA,NA,NA,38,Dodecaceria,Cirratulid polychaete,2018_womanley_surface,womanley,kelp,2018-07-16,NA,2018,surface,1,edna_womanley_00,surface,biological,14.3,29.8,8.23,12.7,30.84,8.17,7.5,1000,0,51.80250464,-128.2000768,rock,NA,NA,NA,macroalgae,macrocystis,macroalgae_rock,macrocystis_rock,100,1.96163e-160,313,Metazoa,Annelida,Polychaeta,Terebellida,Cirratulidae,Dodecaceria,0,0,TRUE,ASV695,1,NA
edna0085,ASV1097,motu944,Dodecaceria,Cirratulid polychaete,genus,NA,NA,NA,1,NA,NA,NA,NA,NA,NA,31,Dodecaceria,Cirratulid polychaete,2018_womanley_surface,womanley,kelp,2018-07-16,NA,2018,surface,1,edna_womanley_00,surface,biological,14.3,29.8,8.23,12.7,30.84,8.17,7.5,1000,0,51.80250464,-128.2000768,rock,NA,NA,NA,macroalgae,macrocystis,macroalgae_rock,macrocystis_rock,100,1.96163e-160,313,Metazoa,Annelida,Polychaeta,Terebellida,Cirratulidae,Dodecaceria,0,0,TRUE,ASV1097,6,NA
edna0085,ASV1467,motu1238,Tubulanus sexlineatus,Six lined ribbon worm,species,NA,NA,NA,1,NA,NA,NA,NA,NA,NA,5,Tubulanus sexlineatus,Six lined ribbon worm,2018_womanley_surface,womanley,kelp,2018-07-16,NA,2018,surface,1,edna_womanley_00,surface,biological,14.3,29.8,8.23,12.7,30.84,8.17,7.5,1000,0,51.80250464,-128.2000768,rock,NA,NA,NA,macroalgae,macrocystis,macroalgae_rock,macrocystis_rock,100,1.96163e-160,313,Metazoa,Nemertea,Palaeonemertea,Tubulaniformes,Tubulanidae,Tubulanus,0,0,TRUE,ASV1467,1,Tubulanus sexlineatus
edna0085,ASV2326,motu1914,Membraniporidae,Bryozoan,family,NA,NA,NA,1,NA,NA,NA,NA,NA,NA,5,Membraniporidae,Bryozoan,2018_womanley_surface,womanley,kelp,2018-07-16,NA,2018,surface,1,edna_womanley_00,surface,biological,14.3,29.8,8.23,12.7,30.84,8.17,7.5,1000,0,51.80250464,-128.2000768,rock,NA,NA,NA,macroalgae,macrocystis,macroalgae_rock,macrocystis_rock,90.95,6.1511e-76,161,Metazoa,Bryozoa,Bryozoa,Cheilostomatida,Membraniporidae,NA,0,0,TRUE,ASV2326,1,NA
edna0085,ASV2472,motu2014,Ergasilida,Cyclopoid copepod,order,NA,NA,NA,1,NA,NA,NA,NA,NA,NA,26,Ergasilida,Cyclopoid copepod,2018_womanley_surface,womanley,kelp,2018-07-16,NA,2018,surface,1,edna_womanley_00,surface,biological,14.3,29.8,8.23,12.7,30.84,8.17,7.5,1000,0,51.80250464,-128.2000768,rock,NA,NA,NA,macroalgae,macrocystis,macroalgae_rock,macrocystis_rock,100,2.51921e-159,311,Metazoa,Arthropoda,Copepoda,Cyclopoida,NA,NA,0,0,FALSE,ASV2472,1,NA
edna0085,ASV2951,motu2380,Ergasilida,Cyclopoid copepod,order,NA,NA,NA,1,NA,NA,NA,NA,NA,NA,15,Ergasilida,Cyclopoid copepod,2018_womanley_surface,womanley,kelp,2018-07-16,NA,2018,surface,1,edna_womanley_00,surface,biological,14.3,29.8,8.23,12.7,30.84,8.17,7.5,1000,0,51.80250464,-128.2000768,rock,NA,NA,NA,macroalgae,macrocystis,macroalgae_rock,macrocystis_rock,100,2.51921e-159,311,Metazoa,Arthropoda,Copepoda,Cyclopoida,NA,NA,0,0,FALSE,ASV2951,1,NA
edna0085,ASV3017,motu2432,Euphausia pacifica,North Pacific krill,species,NA,NA,NA,1,NA,NA,NA,NA,NA,NA,3,Euphausia pacifica,North Pacific krill,2018_womanley_surface,womanley,kelp,2018-07-16,NA,2018,surface,1,edna_womanley_00,surface,biological,14.3,29.8,8.23,12.7,30.84,8.17,7.5,1000,0,51.80250464,-128.2000768,rock,NA,NA,NA,macroalgae,macrocystis,macroalgae_rock,macrocystis_rock,100,3.2351099999999996e-158,309,Metazoa,Arthropoda,Malacostraca,Euphausiacea,Euphausiidae,Euphausia,0,0,TRUE,ASV3017,1,Euphausia pacifica
edna0085,ASV2031,motu1681,Membranipora membranacea,Coffin box bryozoan,species,NA,NA,NA,1,NA,NA,NA,NA,NA,NA,9,Membranipora membranacea,Coffin box bryozoan,2018_womanley_surface,womanley,kelp,2018-07-16,NA,2018,surface,1,edna_womanley_00,surface,biological,14.3,29.8,8.23,12.7,30.84,8.17,7.5,1000,0,51.80250464,-128.2000768,rock,NA,NA,NA,macroalgae,macrocystis,macroalgae_rock,macrocystis_rock,100,9.252979999999995e-139,274,Metazoa,Bryozoa,Gymnolaemata,Cheilostomatida,Membraniporidae,Membranipora,0,0,TRUE,ASV2031,1,Membranipora membranacea
edna0085,ASV6200,motu922,Pleurobrachia bachei,Pacific sea gooseberry,species,NA,NA,NA,1,NA,NA,NA,NA,NA,NA,10,Pleurobrachia bachei,Pacific sea gooseberry,2018_womanley_surface,womanley,kelp,2018-07-16,NA,2018,surface,1,edna_womanley_00,surface,biological,14.3,29.8,8.23,12.7,30.84,8.17,7.5,1000,0,51.80250464,-128.2000768,rock,NA,NA,NA,macroalgae,macrocystis,macroalgae_rock,macrocystis_rock,99.68,9.310369999999999e-159,310,Metazoa,Ctenophora,Tentaculata,Cydippida,Cydippidae,Pleurobrachia,0,0,TRUE,ASV1070,7,Pleurobrachia bachei
edna0086,ASV1655,motu1104,Haliotis kamtschatkana,Northern abalone,species,NA,NA,NA,1,NA,NA,NA,NA,NA,NA,16,Haliotis kamtschatkana,Northern abalone,2018_womanley_surface,womanley,kelp,2018-07-16,NA,2018,surface,2,edna_womanley_15,surface,biological,14.4,30.54,8.23,12.5,31.11,8.1,7.5,1000,0,51.80239228,-128.2001006,rock,NA,NA,NA,macroalgae,macrocystis,macroalgae_rock,macrocystis_rock,100,7.02982e-160,312,Metazoa,Mollusca,Mollusca,Lepetellida,Haliotidae,Haliotis,0,0,TRUE,ASV1304,9,Haliotis kamtschatkana
edna0086,ASV1555,motu1310,Metridia pacifica,Calanoid copepod,species,NA,NA,NA,1,NA,NA,NA,NA,NA,NA,3,Metridia pacifica,Calanoid copepod,2018_womanley_surface,womanley,kelp,2018-07-16,NA,2018,surface,2,edna_womanley_15,surface,biological,14.4,30.54,8.23,12.5,31.11,8.1,7.5,1000,0,51.80239228,-128.2001006,rock,NA,NA,NA,macroalgae,macrocystis,macroalgae_rock,macrocystis_rock,100,1.96163e-160,313,Metazoa,Arthropoda,Copepoda,Calanoida,Metridinidae,Metridia,0,0,TRUE,ASV1555,6,Metridia pacifica
edna0086,ASV3180,motu2546,Myxicola aesthetica,Feather duster worm,species,NA,NA,NA,1,NA,NA,NA,NA,NA,NA,115,Myxicola aesthetica,Feather duster worm,2018_womanley_surface,womanley,kelp,2018-07-16,NA,2018,surface,2,edna_womanley_15,surface,biological,14.4,30.54,8.23,12.5,31.11,8.1,7.5,1000,0,51.80239228,-128.2001006,rock,NA,NA,NA,macroalgae,macrocystis,macroalgae_rock,macrocystis_rock,100,5.334159999999996e-156,305,Metazoa,Annelida,Polychaeta,Sabellida,Sabellidae,Myxicola,0,0,TRUE,ASV3180,2,Myxicola aesthetica
edna0086,ASV3757,motu118,Mesocentrotus franciscanus,Red sea urchin,species,NA,NA,NA,1,NA,NA,NA,NA,NA,NA,85,Mesocentrotus franciscanus,Red sea urchin,2018_womanley_surface,womanley,kelp,2018-07-16,NA,2018,surface,2,edna_womanley_15,surface,biological,14.4,30.54,8.23,12.5,31.11,8.1,7.5,1000,0,51.80239228,-128.2001006,rock,NA,NA,NA,macroalgae,macrocystis,macroalgae_rock,macrocystis_rock,99.68,1.172079999999999e-157,308,Metazoa,Echinodermata,Echinoidea,Camarodonta,Strongylocentrotidae,Mesocentrotus,0,0,TRUE,ASV132,8,Mesocentrotus franciscanus
edna0086,ASV3844,motu692,Phascolosoma (Phascolosoma) agassizii,Agassiz peanut worm,species,NA,NA,NA,1,NA,NA,NA,NA,NA,NA,80,Phascolosoma (Phascolosoma) agassizii,Agassiz peanut worm,2018_womanley_surface,womanley,kelp,2018-07-16,NA,2018,surface,2,edna_womanley_15,surface,biological,14.4,30.54,8.23,12.5,31.11,8.1,7.5,1000,0,51.80239228,-128.2001006,rock,NA,NA,NA,macroalgae,macrocystis,macroalgae_rock,macrocystis_rock,99.68,9.126599999999999e-159,310,Metazoa,Annelida,NA,Sipuncula,Phascolosomatidae,Phascolosoma,0,0,TRUE,ASV795,3,Phascolosoma (Phascolosoma) agassizii
edna0086,ASV4496,motu3498,Ophiopholis kennerlyi,Daisy brittle star,species,NA,NA,NA,1,NA,NA,NA,NA,NA,NA,50,Ophiopholis kennerlyi,Daisy brittle star,2018_womanley_surface,womanley,kelp,2018-07-16,NA,2018,surface,2,edna_womanley_15,surface,biological,14.4,30.54,8.23,12.5,31.11,8.1,7.5,1000,0,51.80239228,-128.2001006,rock,NA,NA,NA,macroalgae,macrocystis,macroalgae_rock,macrocystis_rock,99.36,4.246189999999999e-157,307,Metazoa,Echinodermata,Echinodermata,Amphilepidida,Ophiopholidae,Ophiopholis,0,0,TRUE,ASV4496,2,Ophiopholis kennerlyi
edna0087,ASV1068,motu920,Arthropoda,Unknown arthropod,phylum,NA,NA,NA,1,NA,NA,NA,NA,NA,NA,9,Arthropoda,Unknown arthropod,2018_womanley_surface,womanley,kelp,2018-07-16,NA,2018,surface,3,edna_womanley_30,surface,biological,14.4,30.55,8.24,12.1,31.7,8.1,6.5,1000,0,51.80230682,-128.2002313,rock,NA,NA,NA,macroalgae,macrocystis,macroalgae_rock,macrocystis_rock,94.87,8.78538e-5,33,Metazoa,Arthropoda,NA,NA,NA,NA,NA,NA,TRUE,ASV1068,4,NA
edna0087,ASV1046,motu902,Arthropoda,Unknown arthropod,phylum,NA,NA,NA,1,NA,NA,NA,NA,NA,NA,11,Arthropoda,Unknown arthropod,2018_womanley_surface,womanley,kelp,2018-07-16,NA,2018,surface,3,edna_womanley_30,surface,biological,14.4,30.55,8.24,12.1,31.7,8.1,6.5,1000,0,51.80230682,-128.2002313,rock,NA,NA,NA,macroalgae,macrocystis,macroalgae_rock,macrocystis_rock,94.87,8.78538e-5,33,Metazoa,Arthropoda,NA,NA,NA,NA,NA,NA,TRUE,ASV1046,4,NA
edna0087,ASV1758,motu1469,Halosydna brevisetosa,Shortscaled worm,species,NA,NA,NA,1,NA,NA,NA,NA,NA,NA,7,Halosydna brevisetosa,Shortscaled worm,2018_womanley_surface,womanley,kelp,2018-07-16,NA,2018,surface,3,edna_womanley_30,surface,biological,14.4,30.55,8.24,12.1,31.7,8.1,6.5,1000,0,51.80230682,-128.2002313,rock,NA,NA,NA,macroalgae,macrocystis,macroalgae_rock,macrocystis_rock,99.31,7.206629999999995e-145,285,Metazoa,Annelida,Polychaeta,Phyllodocida,Polynoidae,Halosydna,0,0,TRUE,ASV1758,2,Halosydna brevisetosa
edna0087,ASV2951,motu2380,Ergasilida,Cyclopoid copepod,order,NA,NA,NA,1,NA,NA,NA,NA,NA,NA,21,Ergasilida,Cyclopoid copepod,2018_womanley_surface,womanley,kelp,2018-07-16,NA,2018,surface,3,edna_womanley_30,surface,biological,14.4,30.55,8.24,12.1,31.7,8.1,6.5,1000,0,51.80230682,-128.2002313,rock,NA,NA,NA,macroalgae,macrocystis,macroalgae_rock,macrocystis_rock,100,2.51921e-159,311,Metazoa,Arthropoda,Copepoda,Cyclopoida,NA,NA,0,0,FALSE,ASV2951,1,NA
edna0087,ASV2414,motu1743,Notomastus,Capitellid polychaete,genus,NA,NA,NA,1,NA,NA,NA,NA,NA,NA,8,Notomastus,Capitellid polychaete,2018_womanley_surface,womanley,kelp,2018-07-16,NA,2018,surface,3,edna_womanley_30,surface,biological,14.4,30.55,8.24,12.1,31.7,8.1,6.5,1000,0,51.80230682,-128.2002313,rock,NA,NA,NA,macroalgae,macrocystis,macroalgae_rock,macrocystis_rock,100,1.96163e-160,313,Metazoa,Annelida,Polychaeta,NA,Capitellidae,Notomastus,0,0,TRUE,ASV2114,2,NA
edna0087,ASV2629,motu2134,Ergasilida,Cyclopoid copepod,order,NA,NA,NA,1,NA,NA,NA,NA,NA,NA,22,Ergasilida,Cyclopoid copepod,2018_womanley_surface,womanley,kelp,2018-07-16,NA,2018,surface,3,edna_womanley_30,surface,biological,14.4,30.55,8.24,12.1,31.7,8.1,6.5,1000,0,51.80230682,-128.2002313,rock,NA,NA,NA,macroalgae,macrocystis,macroalgae_rock,macrocystis_rock,100,3.2351099999999996e-158,309,Metazoa,Arthropoda,Copepoda,Cyclopoida,NA,NA,0,0,FALSE,ASV2629,1,NA
edna0087,ASV4385,motu3420,Strongylocentrotus purpuratus,Purple sea urchin,species,NA,NA,NA,1,NA,NA,NA,NA,NA,NA,54,Strongylocentrotus purpuratus,Purple sea urchin,2018_womanley_surface,womanley,kelp,2018-07-16,NA,2018,surface,3,edna_womanley_30,surface,biological,14.4,30.55,8.24,12.1,31.7,8.1,6.5,1000,0,51.80230682,-128.2002313,rock,NA,NA,NA,macroalgae,macrocystis,macroalgae_rock,macrocystis_rock,99.36,4.246189999999999e-157,307,Metazoa,Echinodermata,Echinoidea,Camarodonta,Strongylocentrotidae,Strongylocentrotus,0,0,TRUE,ASV4385,1,Strongylocentrotus purpuratus
edna0087,ASV1870,motu1556,Dodecaceria,Cirratulid polychaete,genus,NA,NA,NA,1,NA,NA,NA,NA,NA,NA,41,Dodecaceria,Cirratulid polychaete,2018_womanley_surface,womanley,kelp,2018-07-16,NA,2018,surface,3,edna_womanley_30,surface,biological,14.4,30.55,8.24,12.1,31.7,8.1,6.5,1000,0,51.80230682,-128.2002313,rock,NA,NA,NA,macroalgae,macrocystis,macroalgae_rock,macrocystis_rock,100,1.96163e-160,313,Metazoa,Annelida,Polychaeta,Terebellida,Cirratulidae,Dodecaceria,0,0,TRUE,ASV1870,5,NA
edna0087,ASV5410,motu4153,Aglaophenia,Thecate Hydroid,genus,NA,NA,NA,1,NA,NA,NA,NA,NA,NA,3,Aglaophenia,Thecate Hydroid,2018_womanley_surface,womanley,kelp,2018-07-16,NA,2018,surface,3,edna_womanley_30,surface,biological,14.4,30.55,8.24,12.1,31.7,8.1,6.5,1000,0,51.80230682,-128.2002313,rock,NA,NA,NA,macroalgae,macrocystis,macroalgae_rock,macrocystis_rock,99.67,1.97556e-155,304,Metazoa,Cnidaria,Cnidaria,Leptothecata,Aglaopheniidae,Aglaophenia,0,0,TRUE,ASV5410,1,NA
edna0087,ASV6402,motu4953,Cucumaria miniata,Red sea cucumber,species,NA,NA,NA,1,NA,NA,NA,NA,NA,NA,6,Cucumaria miniata,Red sea cucumber,2018_womanley_surface,womanley,kelp,2018-07-16,NA,2018,surface,3,edna_womanley_30,surface,biological,14.4,30.55,8.24,12.1,31.7,8.1,6.5,1000,0,51.80230682,-128.2002313,rock,NA,NA,NA,macroalgae,macrocystis,macroalgae_rock,macrocystis_rock,100,1.5185799999999992e-156,306,Metazoa,Echinodermata,Holothuroidea,Dendrochirotida,Cucumariidae,Cucumaria,0,0,TRUE,ASV6402,1,Cucumaria miniata
edna0087,ASV7665,motu6020,Dermasterias imbricata,Leather star,species,NA,NA,NA,1,NA,NA,NA,NA,NA,NA,4,Dermasterias imbricata,Leather star,2018_womanley_surface,womanley,kelp,2018-07-16,NA,2018,surface,3,edna_womanley_30,surface,biological,14.4,30.55,8.24,12.1,31.7,8.1,6.5,1000,0,51.80230682,-128.2002313,rock,NA,NA,NA,macroalgae,macrocystis,macroalgae_rock,macrocystis_rock,100,2.569939999999999e-159,311,Metazoa,Echinodermata,Asteroidea,Valvatida,Asteropseidae,Dermasterias,0,0,TRUE,ASV7665,1,Dermasterias imbricata
edna0088,ASV34,motu31,Centropages abdominalis,Calanoid copepod,species,NA,NA,NA,1,NA,NA,NA,NA,NA,NA,5,Centropages abdominalis,Calanoid copepod,2018_west_surface,west,kelp,2018-07-17,NA,2018,surface,1,edna_west_00,surface,biological,12.5,31.77,8.07,NA,NA,NA,4.8,1000,0,NA,NA,NA,NA,NA,NA,NA,NA,NA_NA,NA_NA,100,1.96163e-160,313,Metazoa,Arthropoda,Copepoda,Calanoida,Centropagidae,Centropages,0,0,TRUE,ASV34,19,Centropages abdominalis
edna0088,ASV750,motu654,Orobdella,Freshwater leech,genus,NA,NA,NA,1,NA,NA,NA,NA,NA,NA,11,Orobdella,Freshwater leech,2018_west_surface,west,kelp,2018-07-17,NA,2018,surface,1,edna_west_00,surface,biological,12.5,31.77,8.07,NA,NA,NA,4.8,1000,0,NA,NA,NA,NA,NA,NA,NA,NA,NA_NA,NA_NA,97.06,0.00121031,31,Metazoa,Annelida,Annelida,Erpobdelliformes,Orobdellidae,Orobdella,NA,NA,TRUE,ASV750,1,NA
edna0088,ASV5143,motu3958,Chaetognatha,Arrow worm,phylum,NA,NA,NA,1,NA,NA,NA,NA,NA,NA,11,Chaetognatha,Arrow worm,2018_west_surface,west,kelp,2018-07-17,NA,2018,surface,1,edna_west_00,surface,biological,12.5,31.77,8.07,NA,NA,NA,4.8,1000,0,NA,NA,NA,NA,NA,NA,NA,NA,NA_NA,NA_NA,96.02,7.533609999999999e-85,177,Metazoa,Chaetognatha,NA,NA,NA,NA,0,0,TRUE,ASV5143,1,NA
edna0089,ASV634,motu517,Balanus,Barnacle species,genus,NA,NA,NA,1,NA,NA,NA,NA,NA,NA,5,Balanus,Barnacle species,2018_west_depth,west,kelp,2018-07-17,NA,2018,depth,1,edna_west_15,depth,biological,11.2,31.88,8.07,NA,NA,NA,4.8,1000,0,51.64898316,-128.1517294,NA,NA,NA,NA,macroalgae,macrocystis,macroalgae_NA,macrocystis_NA,100,1.4886099999999998e-156,306,Metazoa,Arthropoda,Arthropoda,Balanomorpha,Balanidae,Balanus,0,0,TRUE,ASV587,10,NA
edna0089,ASV795,motu692,Phascolosoma (Phascolosoma) agassizii,Agassiz peanut worm,species,NA,NA,NA,1,NA,NA,NA,NA,NA,NA,4,Phascolosoma (Phascolosoma) agassizii,Agassiz peanut worm,2018_west_depth,west,kelp,2018-07-17,NA,2018,depth,1,edna_west_15,depth,biological,11.2,31.88,8.07,NA,NA,NA,4.8,1000,0,51.64898316,-128.1517294,NA,NA,NA,NA,macroalgae,macrocystis,macroalgae_NA,macrocystis_NA,100,1.96163e-160,313,Metazoa,Annelida,NA,Sipuncula,Phascolosomatidae,Phascolosoma,0,0,TRUE,ASV795,3,Phascolosoma (Phascolosoma) agassizii
edna0090,ASV354,motu313,Mitrocoma cellularia,Cross jelly,species,NA,NA,NA,1,NA,NA,NA,NA,NA,NA,12,Mitrocoma cellularia,Cross jelly,2018_west_surface,west,kelp,2018-07-17,NA,2018,surface,2,edna_west_30,surface,biological,13,31.75,8.06,NA,NA,NA,5.4,1000,0,51.64898937,-128.1515178,NA,NA,NA,NA,macroalgae,macrocystis,macroalgae_NA,macrocystis_NA,100,1.4886099999999998e-156,306,Metazoa,Cnidaria,Hydrozoa,Leptothecata,Mitrocomidae,Mitrocoma,0,0,TRUE,ASV354,2,Mitrocoma cellularia
edna0090,ASV390,motu343,Dodecaceria,Cirratulid polychaete,genus,NA,NA,NA,1,NA,NA,NA,NA,NA,NA,7,Dodecaceria,Cirratulid polychaete,2018_west_surface,west,kelp,2018-07-17,NA,2018,surface,2,edna_west_30,surface,biological,13,31.75,8.06,NA,NA,NA,5.4,1000,0,51.64898937,-128.1515178,NA,NA,NA,NA,macroalgae,macrocystis,macroalgae_NA,macrocystis_NA,100,1.96163e-160,313,Metazoa,Annelida,Polychaeta,Terebellida,Cirratulidae,Dodecaceria,0,0,TRUE,ASV390,6,NA
edna0090,ASV1097,motu944,Dodecaceria,Cirratulid polychaete,genus,NA,NA,NA,1,NA,NA,NA,NA,NA,NA,18,Dodecaceria,Cirratulid polychaete,2018_west_surface,west,kelp,2018-07-17,NA,2018,surface,2,edna_west_30,surface,biological,13,31.75,8.06,NA,NA,NA,5.4,1000,0,51.64898937,-128.1515178,NA,NA,NA,NA,macroalgae,macrocystis,macroalgae_NA,macrocystis_NA,100,1.96163e-160,313,Metazoa,Annelida,Polychaeta,Terebellida,Cirratulidae,Dodecaceria,0,0,TRUE,ASV1097,6,NA
edna0090,ASV1921,motu1598,Humilaria kennerleyi,Kennerleys venus,species,NA,NA,NA,1,NA,NA,NA,NA,NA,NA,9,Humilaria kennerleyi,Kennerleys venus,2018_west_surface,west,kelp,2018-07-17,NA,2018,surface,2,edna_west_30,surface,biological,13,31.75,8.06,NA,NA,NA,5.4,1000,0,51.64898937,-128.1515178,NA,NA,NA,NA,macroalgae,macrocystis,macroalgae_NA,macrocystis_NA,100,1.96163e-160,313,Metazoa,Mollusca,Bivalvia,Venerida,Veneridae,Humilaria,0,0,TRUE,ASV1921,2,Humilaria kennerleyi
edna0090,ASV7106,motu5537,Cucumaria pseudocurata,Tar spot sea cucumber,species,NA,NA,NA,1,NA,NA,NA,NA,NA,NA,4,Cucumaria pseudocurata,Tar spot sea cucumber,2018_west_surface,west,kelp,2018-07-17,NA,2018,surface,2,edna_west_30,surface,biological,13,31.75,8.06,NA,NA,NA,5.4,1000,0,51.64898937,-128.1515178,NA,NA,NA,NA,macroalgae,macrocystis,macroalgae_NA,macrocystis_NA,98.69,2.559169999999998e-149,293,Metazoa,Echinodermata,Holothuroidea,Dendrochirotida,Cucumariidae,Cucumaria,0,0,TRUE,ASV7106,1,Cucumaria pseudocurata
edna0090,ASV7771,motu6117,Timea,Sponge,genus,NA,NA,NA,1,NA,NA,NA,NA,NA,NA,2,Timea,Sponge,2018_west_surface,west,kelp,2018-07-17,NA,2018,surface,2,edna_west_30,surface,biological,13,31.75,8.06,NA,NA,NA,5.4,1000,0,51.64898937,-128.1515178,NA,NA,NA,NA,macroalgae,macrocystis,macroalgae_NA,macrocystis_NA,99.68,9.310369999999999e-159,310,Metazoa,Porifera,Demospongiae,Tethyida,Timeidae,Timea,0,0,TRUE,ASV7771,1,NA
edna0091,ASV775,motu675,Aequorea,Crystal jelly species,genus,NA,NA,NA,1,NA,NA,NA,NA,NA,NA,4,Aequorea,Crystal jelly species,2018_west_depth,west,kelp,2018-07-17,NA,2018,depth,2,edna_west_00,depth,biological,11,31.87,8.02,NA,NA,NA,5.4,1000,0,NA,NA,NA,NA,NA,NA,NA,NA,NA_NA,NA_NA,100,1.4886099999999998e-156,306,Metazoa,Cnidaria,Hydrozoa,Leptothecata,Aequoreidae,Aequorea,0,0,TRUE,ASV775,3,NA
edna0091,ASV6839,motu5318,Phyllodocidae,Paddle worm,family,NA,NA,NA,1,NA,NA,NA,NA,NA,NA,4,Phyllodocidae,Paddle worm,2018_west_depth,west,kelp,2018-07-17,NA,2018,depth,2,edna_west_00,depth,biological,11,31.87,8.02,NA,NA,NA,5.4,1000,0,NA,NA,NA,NA,NA,NA,NA,NA,NA_NA,NA_NA,100,2.0011299999999987e-160,313,Metazoa,Annelida,Annelida,Phyllodocida,Phyllodocidae,NA,0,0,TRUE,ASV6839,1,NA
edna0092,ASV354,motu313,Mitrocoma cellularia,Cross jelly,species,NA,NA,NA,1,NA,NA,NA,NA,NA,NA,7,Mitrocoma cellularia,Cross jelly,2018_west_surface,west,kelp,2018-07-17,NA,2018,surface,3,edna_west_15,surface,biological,12.5,31.58,8.07,NA,NA,NA,5.8,1000,0,51.64898316,-128.1517294,NA,NA,NA,NA,macroalgae,macrocystis,macroalgae_NA,macrocystis_NA,100,1.4886099999999998e-156,306,Metazoa,Cnidaria,Hydrozoa,Leptothecata,Mitrocomidae,Mitrocoma,0,0,TRUE,ASV354,2,Mitrocoma cellularia
edna0093,ASV132,motu118,Mesocentrotus franciscanus,Red sea urchin,species,NA,NA,NA,1,NA,NA,NA,NA,NA,NA,7,Mesocentrotus franciscanus,Red sea urchin,2018_west_depth,west,kelp,2018-07-17,NA,2018,depth,3,edna_west_30,depth,biological,10.8,31.92,8.01,NA,NA,NA,5.8,1000,0,51.64898937,-128.1515178,NA,NA,NA,NA,macroalgae,macrocystis,macroalgae_NA,macrocystis_NA,100,2.51921e-159,311,Metazoa,Echinodermata,Echinoidea,Camarodonta,Strongylocentrotidae,Mesocentrotus,0,0,TRUE,ASV132,8,Mesocentrotus franciscanus
edna0093,ASV587,motu517,Balanus,Barnacle species,genus,NA,NA,NA,1,NA,NA,NA,NA,NA,NA,29,Balanus,Barnacle species,2018_west_depth,west,kelp,2018-07-17,NA,2018,depth,3,edna_west_30,depth,biological,10.8,31.92,8.01,NA,NA,NA,5.8,1000,0,51.64898937,-128.1515178,NA,NA,NA,NA,macroalgae,macrocystis,macroalgae_NA,macrocystis_NA,99.67,6.925819999999995e-155,303,Metazoa,Arthropoda,Arthropoda,Balanomorpha,Balanidae,Balanus,0,0,TRUE,ASV587,10,NA
edna0093,ASV1057,motu909,Orobdella,Freshwater leech,genus,NA,NA,NA,1,NA,NA,NA,NA,NA,NA,6,Orobdella,Freshwater leech,2018_west_depth,west,kelp,2018-07-17,NA,2018,depth,3,edna_west_30,depth,biological,10.8,31.92,8.01,NA,NA,NA,5.8,1000,0,51.64898937,-128.1515178,NA,NA,NA,NA,macroalgae,macrocystis,macroalgae_NA,macrocystis_NA,97.06,0.0011939,31,Metazoa,Annelida,Annelida,Erpobdelliformes,Orobdellidae,Orobdella,NA,NA,TRUE,ASV1057,1,NA
edna0093,ASV1319,motu1116,Clytia gregaria,Gregarious jellyfish,species,NA,NA,NA,1,NA,NA,NA,NA,NA,NA,489,Clytia gregaria,Gregarious jellyfish,2018_west_depth,west,kelp,2018-07-17,NA,2018,depth,3,edna_west_30,depth,biological,10.8,31.92,8.01,NA,NA,NA,5.8,1000,0,51.64898937,-128.1515178,NA,NA,NA,NA,macroalgae,macrocystis,macroalgae_NA,macrocystis_NA,99.67,6.925819999999995e-155,303,Metazoa,Cnidaria,Hydrozoa,Leptothecata,Campanulariidae,Clytia,0,0,TRUE,ASV1319,3,Clytia gregaria
edna0093,ASV2837,motu458,Sabellariidae,Feather duster worm,family,NA,NA,NA,1,NA,NA,NA,NA,NA,NA,40,Sabellariidae,Feather duster worm,2018_west_depth,west,kelp,2018-07-17,NA,2018,depth,3,edna_west_30,depth,biological,10.8,31.92,8.01,NA,NA,NA,5.8,1000,0,51.64898937,-128.1515178,NA,NA,NA,NA,macroalgae,macrocystis,macroalgae_NA,macrocystis_NA,99.35,7.002779999999996e-155,303,Metazoa,Annelida,Polychaeta,NA,Sabellariidae,NA,0,0,TRUE,ASV521,12,NA
edna0093,ASV6398,motu4950,Orthopyxis,Thecate Hydroid,genus,NA,NA,NA,1,NA,NA,NA,NA,NA,NA,5,Orthopyxis,Thecate Hydroid,2018_west_depth,west,kelp,2018-07-17,NA,2018,depth,3,edna_west_30,depth,biological,10.8,31.92,8.01,NA,NA,NA,5.8,1000,0,51.64898937,-128.1515178,NA,NA,NA,NA,macroalgae,macrocystis,macroalgae_NA,macrocystis_NA,95.42,3.3815e-133,264,Metazoa,Cnidaria,Cnidaria,Leptothecata,Campanulariidae,Orthopyxis,0,0,TRUE,ASV6398,1,NA
edna0093,ASV5779,motu4438,Pseudoscorpiones,Other arachnid,class,NA,NA,NA,1,NA,NA,NA,NA,NA,NA,3,Pseudoscorpiones,Other arachnid,2018_west_depth,west,kelp,2018-07-17,NA,2018,depth,3,edna_west_30,depth,biological,10.8,31.92,8.01,NA,NA,NA,5.8,1000,0,51.64898937,-128.1515178,NA,NA,NA,NA,macroalgae,macrocystis,macroalgae_NA,macrocystis_NA,91.89,1.43923e-17,56,Metazoa,Arthropoda,Arthropoda,NA,NA,NA,NA,NA,TRUE,ASV5779,2,NA
edna0094,ASV775,motu675,Aequorea,Crystal jelly species,genus,NA,NA,NA,1,NA,NA,NA,NA,NA,NA,5,Aequorea,Crystal jelly species,2018_second_surface,second,kelp,2018-07-17,NA,2018,surface,1,edna_second_00,surface,biological,12.5,31.8,8.1,10.7,31.96,8,6.8,1000,0,51.64920671,-128.155498,rock,NA,NA,NA,macroalgae,nereocystis,macroalgae_rock,nereocystis_rock,100,1.4886099999999998e-156,306,Metazoa,Cnidaria,Hydrozoa,Leptothecata,Aequoreidae,Aequorea,0,0,TRUE,ASV775,3,NA
edna0094,ASV5279,motu4055,Campanulariidae,Thecate Hydroid,family,NA,NA,NA,1,NA,NA,NA,NA,NA,NA,3,Campanulariidae,Thecate Hydroid,2018_second_surface,second,kelp,2018-07-17,NA,2018,surface,1,edna_second_00,surface,biological,12.5,31.8,8.1,10.7,31.96,8,6.8,1000,0,51.64920671,-128.155498,rock,NA,NA,NA,macroalgae,nereocystis,macroalgae_rock,nereocystis_rock,90.82,2.6547299999999994e-109,221,Metazoa,Cnidaria,Cnidaria,Leptothecata,Campanulariidae,NA,0,0,TRUE,ASV5279,1,NA
edna0094,ASV5326,motu4093,Cucumaria pseudocurata,Tar spot sea cucumber,species,NA,NA,NA,1,NA,NA,NA,NA,NA,NA,12,Cucumaria pseudocurata,Tar spot sea cucumber,2018_second_surface,second,kelp,2018-07-17,NA,2018,surface,1,edna_second_00,surface,biological,12.5,31.8,8.1,10.7,31.96,8,6.8,1000,0,51.64920671,-128.155498,rock,NA,NA,NA,macroalgae,nereocystis,macroalgae_rock,nereocystis_rock,97.71,7.024509999999995e-145,285,Metazoa,Echinodermata,Holothuroidea,Dendrochirotida,Cucumariidae,Cucumaria,0,0,TRUE,ASV5326,1,Cucumaria pseudocurata
edna0094,ASV5600,motu199,Mytilus trossulus,Bay mussel,species,NA,NA,NA,1,NA,NA,NA,NA,NA,NA,26,Mytilus trossulus,Bay mussel,2018_second_surface,second,kelp,2018-07-17,NA,2018,surface,1,edna_second_00,surface,biological,12.5,31.8,8.1,10.7,31.96,8,6.8,1000,0,51.64920671,-128.155498,rock,NA,NA,NA,macroalgae,nereocystis,macroalgae_rock,nereocystis_rock,100,3.2351099999999996e-158,309,Metazoa,Mollusca,Mollusca,Mytilida,Mytilidae,Mytilus,0,0,TRUE,ASV226,18,Mytilus trossulus
edna0094,ASV5729,motu4397,Mytilus trossulus,Bay mussel,species,NA,NA,NA,1,NA,NA,NA,NA,NA,NA,24,Mytilus trossulus,Bay mussel,2018_second_surface,second,kelp,2018-07-17,NA,2018,surface,1,edna_second_00,surface,biological,12.5,31.8,8.1,10.7,31.96,8,6.8,1000,0,51.64920671,-128.155498,rock,NA,NA,NA,macroalgae,nereocystis,macroalgae_rock,nereocystis_rock,99.68,1.5051499999999994e-156,306,Metazoa,Mollusca,Mollusca,Mytilida,Mytilidae,Mytilus,0,0,TRUE,ASV5729,1,Mytilus trossulus
edna0094,ASV6474,motu4438,Pseudoscorpiones,Other arachnid,class,NA,NA,NA,1,NA,NA,NA,NA,NA,NA,3,Pseudoscorpiones,Other arachnid,2018_second_surface,second,kelp,2018-07-17,NA,2018,surface,1,edna_second_00,surface,biological,12.5,31.8,8.1,10.7,31.96,8,6.8,1000,0,51.64920671,-128.155498,rock,NA,NA,NA,macroalgae,nereocystis,macroalgae_rock,nereocystis_rock,91.89,1.46291e-17,56,Metazoa,Arthropoda,Arthropoda,NA,NA,NA,NA,NA,TRUE,ASV5779,2,NA
edna0094,ASV7106,motu5537,Cucumaria pseudocurata,Tar spot sea cucumber,species,NA,NA,NA,1,NA,NA,NA,NA,NA,NA,6,Cucumaria pseudocurata,Tar spot sea cucumber,2018_second_surface,second,kelp,2018-07-17,NA,2018,surface,1,edna_second_00,surface,biological,12.5,31.8,8.1,10.7,31.96,8,6.8,1000,0,51.64920671,-128.155498,rock,NA,NA,NA,macroalgae,nereocystis,macroalgae_rock,nereocystis_rock,98.69,2.559169999999998e-149,293,Metazoa,Echinodermata,Holothuroidea,Dendrochirotida,Cucumariidae,Cucumaria,0,0,TRUE,ASV7106,1,Cucumaria pseudocurata
edna0095,ASV1270,motu622,Chone magna,Feather duster worm,species,NA,NA,NA,1,NA,NA,NA,NA,NA,NA,5,Chone magna,Feather duster worm,2018_second_surface,second,kelp,2018-07-17,NA,2018,surface,2,edna_second_15,surface,biological,13,30.8,8.1,10.6,32,8.97,7.1,1000,0,51.64922548,-128.1552836,rock,NA,NA,NA,macroalgae,nereocystis,macroalgae_rock,nereocystis_rock,100,1.96163e-160,313,Metazoa,Annelida,Polychaeta,Sabellida,Sabellidae,Chone,0,0,TRUE,ASV716,2,Chone magna
edna0095,ASV5279,motu4055,Campanulariidae,Thecate Hydroid,family,NA,NA,NA,1,NA,NA,NA,NA,NA,NA,12,Campanulariidae,Thecate Hydroid,2018_second_surface,second,kelp,2018-07-17,NA,2018,surface,2,edna_second_15,surface,biological,13,30.8,8.1,10.6,32,8.97,7.1,1000,0,51.64922548,-128.1552836,rock,NA,NA,NA,macroalgae,nereocystis,macroalgae_rock,nereocystis_rock,90.82,2.6547299999999994e-109,221,Metazoa,Cnidaria,Cnidaria,Leptothecata,Campanulariidae,NA,0,0,TRUE,ASV5279,1,NA
edna0096,ASV132,motu118,Mesocentrotus franciscanus,Red sea urchin,species,NA,NA,NA,1,NA,NA,NA,NA,NA,NA,8,Mesocentrotus franciscanus,Red sea urchin,2018_second_surface,second,kelp,2018-07-17,NA,2018,surface,3,edna_second_30,surface,biological,12.9,31.73,8.08,11.4,31.86,8.07,5.2,1000,0,51.64923127,-128.1550769,rock,NA,NA,NA,macroalgae,nereocystis,macroalgae_rock,nereocystis_rock,100,2.51921e-159,311,Metazoa,Echinodermata,Echinoidea,Camarodonta,Strongylocentrotidae,Mesocentrotus,0,0,TRUE,ASV132,8,Mesocentrotus franciscanus
edna0096,ASV354,motu313,Mitrocoma cellularia,Cross jelly,species,NA,NA,NA,1,NA,NA,NA,NA,NA,NA,3,Mitrocoma cellularia,Cross jelly,2018_second_surface,second,kelp,2018-07-17,NA,2018,surface,3,edna_second_30,surface,biological,12.9,31.73,8.08,11.4,31.86,8.07,5.2,1000,0,51.64923127,-128.1550769,rock,NA,NA,NA,macroalgae,nereocystis,macroalgae_rock,nereocystis_rock,100,1.4886099999999998e-156,306,Metazoa,Cnidaria,Hydrozoa,Leptothecata,Mitrocomidae,Mitrocoma,0,0,TRUE,ASV354,2,Mitrocoma cellularia
edna0096,ASV251,motu105,Mesocentrotus franciscanus,Red sea urchin,species,NA,NA,NA,1,NA,NA,NA,NA,NA,NA,8,Mesocentrotus franciscanus,Red sea urchin,2018_second_surface,second,kelp,2018-07-17,NA,2018,surface,3,edna_second_30,surface,biological,12.9,31.73,8.08,11.4,31.86,8.07,5.2,1000,0,51.64923127,-128.1550769,rock,NA,NA,NA,macroalgae,nereocystis,macroalgae_rock,nereocystis_rock,100,7.02982e-160,312,Metazoa,Echinodermata,Echinoidea,Camarodonta,Strongylocentrotidae,Mesocentrotus,0,0,TRUE,ASV118,8,Mesocentrotus franciscanus
edna0096,ASV1462,motu1233,Clytia gregaria,Gregarious jellyfish,species,NA,NA,NA,1,NA,NA,NA,NA,NA,NA,10,Clytia gregaria,Gregarious jellyfish,2018_second_surface,second,kelp,2018-07-17,NA,2018,surface,3,edna_second_30,surface,biological,12.9,31.73,8.08,11.4,31.86,8.07,5.2,1000,0,51.64923127,-128.1550769,rock,NA,NA,NA,macroalgae,nereocystis,macroalgae_rock,nereocystis_rock,99.67,6.925819999999995e-155,303,Metazoa,Cnidaria,Hydrozoa,Leptothecata,Campanulariidae,Clytia,0,0,TRUE,ASV1462,2,Clytia gregaria
edna0096,ASV5936,motu4564,Thysanoessa spinifera,Krill,species,NA,NA,NA,1,NA,NA,NA,NA,NA,NA,2,Thysanoessa spinifera,Krill,2018_second_surface,second,kelp,2018-07-17,NA,2018,surface,3,edna_second_30,surface,biological,12.9,31.73,8.08,11.4,31.86,8.07,5.2,1000,0,51.64923127,-128.1550769,rock,NA,NA,NA,macroalgae,nereocystis,macroalgae_rock,nereocystis_rock,100,2.4909699999999984e-154,302,Metazoa,Arthropoda,Malacostraca,Euphausiacea,Euphausiidae,Thysanoessa,0,0,TRUE,ASV5936,1,Thysanoessa spinifera
edna0099,ASV132,motu118,Mesocentrotus franciscanus,Red sea urchin,species,NA,NA,NA,1,NA,NA,NA,NA,NA,NA,6,Mesocentrotus franciscanus,Red sea urchin,2018_north_surface,north,kelp,2018-07-17,NA,2018,surface,3,edna_north_30,surface,biological,11,31.8,7.98,10.5,31.89,7.97,4.8,1000,0,51.66736753,-128.1400531,rock,NA,NA,NA,macroalgae,nereocystis,macroalgae_rock,nereocystis_rock,100,2.51921e-159,311,Metazoa,Echinodermata,Echinoidea,Camarodonta,Strongylocentrotidae,Mesocentrotus,0,0,TRUE,ASV132,8,Mesocentrotus franciscanus
edna0099,ASV679,motu591,Phyllodocida,Polychaete,order,NA,NA,NA,1,NA,NA,NA,NA,NA,NA,7,Phyllodocida,Polychaete,2018_north_surface,north,kelp,2018-07-17,NA,2018,surface,3,edna_north_30,surface,biological,11,31.8,7.98,10.5,31.89,7.97,4.8,1000,0,51.66736753,-128.1400531,rock,NA,NA,NA,macroalgae,nereocystis,macroalgae_rock,nereocystis_rock,100,0.0603188,28,Metazoa,Annelida,Annelida,Phyllodocida,NA,NA,0,0,TRUE,ASV679,1,NA
edna0099,ASV4295,motu458,Sabellariidae,Feather duster worm,family,NA,NA,NA,1,NA,NA,NA,NA,NA,NA,58,Sabellariidae,Feather duster worm,2018_north_surface,north,kelp,2018-07-17,NA,2018,surface,3,edna_north_30,surface,biological,11,31.8,7.98,10.5,31.89,7.97,4.8,1000,0,51.66736753,-128.1400531,rock,NA,NA,NA,macroalgae,nereocystis,macroalgae_rock,nereocystis_rock,99.35,7.002779999999996e-155,303,Metazoa,Annelida,Polychaeta,NA,Sabellariidae,NA,0,0,TRUE,ASV521,12,NA
edna0099,ASV3531,motu350,Synchaeta pectinata,Rotifer,species,NA,NA,NA,1,NA,NA,NA,NA,NA,NA,9,Synchaeta pectinata,Rotifer,2018_north_surface,north,kelp,2018-07-17,NA,2018,surface,3,edna_north_30,surface,biological,11,31.8,7.98,10.5,31.89,7.97,4.8,1000,0,51.66736753,-128.1400531,rock,NA,NA,NA,macroalgae,nereocystis,macroalgae_rock,nereocystis_rock,90.16,7.65451e-110,222,Metazoa,Rotifera,Eurotatoria,Ploima,Synchaetidae,Synchaeta,0,0,TRUE,ASV398,4,Synchaeta pectinata
edna0100,ASV1431,motu1208,Paracalanus,Calanoid copepod,genus,NA,NA,NA,1,NA,NA,NA,NA,NA,NA,31,Paracalanus,Calanoid copepod,2018_koe3_surface,koe3,beach_seine,2018-07-20,2018-07-18,2018,surface,1,edna_koe3_00,surface,biological,13.6,25.71,7.96,11.2,30.41,7.98,2.2,1000,0,51.77589222,-127.8794255,sand,n,90,p,macroalgae,nereocystis,macroalgae_sand,nereocystis_sand,99.01,2.4714899999999987e-149,293,Metazoa,Arthropoda,Arthropoda,Calanoida,Paracalanidae,Paracalanus,0,0,TRUE,ASV1431,2,NA
edna0100,ASV3017,motu2432,Euphausia pacifica,North Pacific krill,species,NA,NA,NA,1,NA,NA,NA,NA,NA,NA,7,Euphausia pacifica,North Pacific krill,2018_koe3_surface,koe3,beach_seine,2018-07-20,2018-07-18,2018,surface,1,edna_koe3_00,surface,biological,13.6,25.71,7.96,11.2,30.41,7.98,2.2,1000,0,51.77589222,-127.8794255,sand,n,90,p,macroalgae,nereocystis,macroalgae_sand,nereocystis_sand,100,3.2351099999999996e-158,309,Metazoa,Arthropoda,Malacostraca,Euphausiacea,Euphausiidae,Euphausia,0,0,TRUE,ASV3017,1,Euphausia pacifica
edna0100,ASV4227,motu2222,Corophiidae,Amphipod,family,NA,NA,NA,1,NA,NA,NA,NA,NA,NA,24,Corophiidae,Amphipod,2018_koe3_surface,koe3,beach_seine,2018-07-20,2018-07-18,2018,surface,1,edna_koe3_00,surface,biological,13.6,25.71,7.96,11.2,30.41,7.98,2.2,1000,0,51.77589222,-127.8794255,sand,n,90,p,macroalgae,nereocystis,macroalgae_sand,nereocystis_sand,99.36,5.453139999999996e-156,305,Metazoa,Arthropoda,Malacostraca,Amphipoda,Corophiidae,NA,0,0,TRUE,ASV2743,3,NA
edna0100,ASV5122,motu3942,Alcyonidium,Bryozoan,genus,NA,NA,NA,1,NA,NA,NA,NA,NA,NA,14,Alcyonidium,Bryozoan,2018_koe3_surface,koe3,beach_seine,2018-07-20,2018-07-18,2018,surface,1,edna_koe3_00,surface,biological,13.6,25.71,7.96,11.2,30.41,7.98,2.2,1000,0,51.77589222,-127.8794255,sand,n,90,p,macroalgae,nereocystis,macroalgae_sand,nereocystis_sand,100,1.96163e-160,313,Metazoa,Bryozoa,Gymnolaemata,Ctenostomatida,Alcyonidiidae,Alcyonidium,0,0,TRUE,ASV5122,1,NA
edna0100,ASV7098,motu5530,Ophiotrichidae,Brittle star species,family,NA,NA,NA,1,NA,NA,NA,NA,NA,NA,6,Ophiotrichidae,Brittle star species,2018_koe3_surface,koe3,beach_seine,2018-07-20,2018-07-18,2018,surface,1,edna_koe3_00,surface,biological,13.6,25.71,7.96,11.2,30.41,7.98,2.2,1000,0,51.77589222,-127.8794255,sand,n,90,p,macroalgae,nereocystis,macroalgae_sand,nereocystis_sand,91.11,8.67108e-5,33,Metazoa,Echinodermata,Echinodermata,Amphilepidida,Ophiotrichidae,NA,0,0,TRUE,ASV7098,1,NA
edna0102,ASV354,motu313,Mitrocoma cellularia,Cross jelly,species,NA,NA,NA,1,NA,NA,NA,NA,NA,NA,13,Mitrocoma cellularia,Cross jelly,2018_koe3_surface,koe3,beach_seine,2018-07-20,2018-07-18,2018,surface,3,edna_koe3_30,surface,biological,14.3,34.4,8.08,12.9,28.38,8.15,2,1000,0,51.77580035,-127.8788341,sand,n,90,p,macroalgae,nereocystis,macroalgae_sand,nereocystis_sand,100,1.4886099999999998e-156,306,Metazoa,Cnidaria,Hydrozoa,Leptothecata,Mitrocomidae,Mitrocoma,0,0,TRUE,ASV354,2,Mitrocoma cellularia
edna0102,ASV775,motu675,Aequorea,Crystal jelly species,genus,NA,NA,NA,1,NA,NA,NA,NA,NA,NA,7,Aequorea,Crystal jelly species,2018_koe3_surface,koe3,beach_seine,2018-07-20,2018-07-18,2018,surface,3,edna_koe3_30,surface,biological,14.3,34.4,8.08,12.9,28.38,8.15,2,1000,0,51.77580035,-127.8788341,sand,n,90,p,macroalgae,nereocystis,macroalgae_sand,nereocystis_sand,100,1.4886099999999998e-156,306,Metazoa,Cnidaria,Hydrozoa,Leptothecata,Aequoreidae,Aequorea,0,0,TRUE,ASV775,3,NA
edna0102,ASV780,motu679,Aequorea,Crystal jelly species,genus,NA,NA,NA,1,NA,NA,NA,NA,NA,NA,8,Aequorea,Crystal jelly species,2018_koe3_surface,koe3,beach_seine,2018-07-20,2018-07-18,2018,surface,3,edna_koe3_30,surface,biological,14.3,34.4,8.08,12.9,28.38,8.15,2,1000,0,51.77580035,-127.8788341,sand,n,90,p,macroalgae,nereocystis,macroalgae_sand,nereocystis_sand,100,1.4886099999999998e-156,306,Metazoa,Cnidaria,Hydrozoa,Leptothecata,Aequoreidae,Aequorea,0,0,TRUE,ASV780,4,NA
edna0102,ASV2865,motu2317,Chaetognatha,Arrow worm,phylum,NA,NA,NA,1,NA,NA,NA,NA,NA,NA,8,Chaetognatha,Arrow worm,2018_koe3_surface,koe3,beach_seine,2018-07-20,2018-07-18,2018,surface,3,edna_koe3_30,surface,biological,14.3,34.4,8.08,12.9,28.38,8.15,2,1000,0,51.77580035,-127.8788341,sand,n,90,p,macroalgae,nereocystis,macroalgae_sand,nereocystis_sand,98.01,1.6501399999999998e-91,189,Metazoa,Chaetognatha,NA,NA,NA,NA,0,0,TRUE,ASV2865,1,NA
edna0102,ASV1917,motu1595,Arthropoda,Unknown arthropod,phylum,NA,NA,NA,1,NA,NA,NA,NA,NA,NA,5,Arthropoda,Unknown arthropod,2018_koe3_surface,koe3,beach_seine,2018-07-20,2018-07-18,2018,surface,3,edna_koe3_30,surface,biological,14.3,34.4,8.08,12.9,28.38,8.15,2,1000,0,51.77580035,-127.8788341,sand,n,90,p,macroalgae,nereocystis,macroalgae_sand,nereocystis_sand,95,2.34566e-5,34,Metazoa,Arthropoda,NA,NA,NA,NA,NA,NA,TRUE,ASV1917,1,NA
edna0102,ASV2056,motu1702,Corophiidae,Amphipod,family,NA,NA,NA,1,NA,NA,NA,NA,NA,NA,35,Corophiidae,Amphipod,2018_koe3_surface,koe3,beach_seine,2018-07-20,2018-07-18,2018,surface,3,edna_koe3_30,surface,biological,14.3,34.4,8.08,12.9,28.38,8.15,2,1000,0,51.77580035,-127.8788341,sand,n,90,p,macroalgae,nereocystis,macroalgae_sand,nereocystis_sand,98.71,1.1804e-152,299,Metazoa,Arthropoda,Malacostraca,Amphipoda,Corophiidae,NA,0,0,TRUE,ASV2056,1,NA
edna0102,ASV2941,motu2370,Axiothella rubrocincta,Bamboo worm,species,NA,NA,NA,1,NA,NA,NA,NA,NA,NA,5,Axiothella rubrocincta,Bamboo worm,2018_koe3_surface,koe3,beach_seine,2018-07-20,2018-07-18,2018,surface,3,edna_koe3_30,surface,biological,14.3,34.4,8.08,12.9,28.38,8.15,2,1000,0,51.77580035,-127.8788341,sand,n,90,p,macroalgae,nereocystis,macroalgae_sand,nereocystis_sand,100,1.4886099999999998e-156,306,Metazoa,Annelida,Polychaeta,NA,Maldanidae,Axiothella,0,0,TRUE,ASV2941,1,Axiothella rubrocincta
edna0102,ASV3033,motu2444,Staphylinidae,Hexapod,genus,NA,NA,NA,1,NA,NA,NA,NA,NA,NA,10,Staphylinidae,Hexapod,2018_koe3_surface,koe3,beach_seine,2018-07-20,2018-07-18,2018,surface,3,edna_koe3_30,surface,biological,14.3,34.4,8.08,12.9,28.38,8.15,2,1000,0,51.77580035,-127.8788341,sand,n,90,p,macroalgae,nereocystis,macroalgae_sand,nereocystis_sand,90.14,3.11539e-14,50,Metazoa,Arthropoda,Arthropoda,Coleoptera,Staphylinidae,Staphylinidae,NA,NA,TRUE,ASV3033,1,NA
edna0102,ASV4294,motu3361,Saccocirrus,Polychaete,genus,NA,NA,NA,1,NA,NA,NA,NA,NA,NA,30,Saccocirrus,Polychaete,2018_koe3_surface,koe3,beach_seine,2018-07-20,2018-07-18,2018,surface,3,edna_koe3_30,surface,biological,14.3,34.4,8.08,12.9,28.38,8.15,2,1000,0,51.77580035,-127.8788341,sand,n,90,p,macroalgae,nereocystis,macroalgae_sand,nereocystis_sand,100,1.96163e-160,313,Metazoa,Annelida,Polychaeta,NA,Saccocirridae,Saccocirrus,0,0,TRUE,ASV4294,1,NA
edna0102,ASV4382,motu3418,Thysanoessa spinifera,Krill,species,NA,NA,NA,1,NA,NA,NA,NA,NA,NA,23,Thysanoessa spinifera,Krill,2018_koe3_surface,koe3,beach_seine,2018-07-20,2018-07-18,2018,surface,3,edna_koe3_30,surface,biological,14.3,34.4,8.08,12.9,28.38,8.15,2,1000,0,51.77580035,-127.8788341,sand,n,90,p,macroalgae,nereocystis,macroalgae_sand,nereocystis_sand,100,2.4909699999999984e-154,302,Metazoa,Arthropoda,Malacostraca,Euphausiacea,Euphausiidae,Thysanoessa,0,0,TRUE,ASV4382,1,Thysanoessa spinifera
edna0102,ASV5579,motu4284,Ophelia limacina,Opheliid polychaete,species,NA,NA,NA,1,NA,NA,NA,NA,NA,NA,21,Ophelia limacina,Opheliid polychaete,2018_koe3_surface,koe3,beach_seine,2018-07-20,2018-07-18,2018,surface,3,edna_koe3_30,surface,biological,14.3,34.4,8.08,12.9,28.38,8.15,2,1000,0,51.77580035,-127.8788341,sand,n,90,p,macroalgae,nereocystis,macroalgae_sand,nereocystis_sand,90.06,3.52314e-108,219,Metazoa,Annelida,Polychaeta,NA,Opheliidae,Ophelia,0,0,TRUE,ASV5579,1,Ophelia limacina
edna0102,ASV5726,motu4395,Onchidella,Ochidella sea slug species,genus,NA,NA,NA,1,NA,NA,NA,NA,NA,NA,4,Onchidella,Ochidella sea slug species,2018_koe3_surface,koe3,beach_seine,2018-07-20,2018-07-18,2018,surface,3,edna_koe3_30,surface,biological,14.3,34.4,8.08,12.9,28.38,8.15,2,1000,0,51.77580035,-127.8788341,sand,n,90,p,macroalgae,nereocystis,macroalgae_sand,nereocystis_sand,100,0.00404317,30,Metazoa,Mollusca,Mollusca,Systellommatophora,Onchidiidae,Onchidella,0,0,TRUE,ASV5726,1,NA
edna0102,ASV2618,motu2123,Insecta,Hexapod,class,NA,NA,NA,1,NA,NA,NA,NA,NA,NA,16,Insecta,Hexapod,2018_koe3_surface,koe3,beach_seine,2018-07-20,2018-07-18,2018,surface,3,edna_koe3_30,surface,biological,14.3,34.4,8.08,12.9,28.38,8.15,2,1000,0,51.77580035,-127.8788341,sand,n,90,p,macroalgae,nereocystis,macroalgae_sand,nereocystis_sand,90.91,1.07393e-43,103,Metazoa,Arthropoda,Arthropoda,NA,NA,NA,NA,NA,TRUE,ASV2618,2,NA
edna0102,ASV6248,motu4821,Proctotrupidae,Hexapod,genus,NA,NA,NA,1,NA,NA,NA,NA,NA,NA,5,Proctotrupidae,Hexapod,2018_koe3_surface,koe3,beach_seine,2018-07-20,2018-07-18,2018,surface,3,edna_koe3_30,surface,biological,14.3,34.4,8.08,12.9,28.38,8.15,2,1000,0,51.77580035,-127.8788341,sand,n,90,p,macroalgae,nereocystis,macroalgae_sand,nereocystis_sand,100,6.92826e-6,35,Metazoa,Arthropoda,Arthropoda,Hymenoptera,Proctotrupoidea,Proctotrupidae,NA,NA,TRUE,ASV6248,1,NA
edna0103,ASV354,motu313,Mitrocoma cellularia,Cross jelly,species,NA,NA,NA,1,NA,NA,NA,NA,NA,NA,7,Mitrocoma cellularia,Cross jelly,2018_koe1_surface,koe1,beach_seine,2018-07-20,2018-07-18,2018,surface,1,edna_koe1_00,surface,biological,14.6,22.86,8.4,11.1,30.49,8.07,2.9,1000,0,51.77287511,-127.8757811,sand,y,500,p,none,none,none_sand,none_sand,100,1.4886099999999998e-156,306,Metazoa,Cnidaria,Hydrozoa,Leptothecata,Mitrocomidae,Mitrocoma,0,0,TRUE,ASV354,2,Mitrocoma cellularia
edna0103,ASV679,motu591,Phyllodocida,Polychaete,order,NA,NA,NA,1,NA,NA,NA,NA,NA,NA,12,Phyllodocida,Polychaete,2018_koe1_surface,koe1,beach_seine,2018-07-20,2018-07-18,2018,surface,1,edna_koe1_00,surface,biological,14.6,22.86,8.4,11.1,30.49,8.07,2.9,1000,0,51.77287511,-127.8757811,sand,y,500,p,none,none,none_sand,none_sand,100,0.0603188,28,Metazoa,Annelida,Annelida,Phyllodocida,NA,NA,0,0,TRUE,ASV679,1,NA
edna0103,ASV733,motu637,Phyllodocida,Polychaete,order,NA,NA,NA,1,NA,NA,NA,NA,NA,NA,11,Phyllodocida,Polychaete,2018_koe1_surface,koe1,beach_seine,2018-07-20,2018-07-18,2018,surface,1,edna_koe1_00,surface,biological,14.6,22.86,8.4,11.1,30.49,8.07,2.9,1000,0,51.77287511,-127.8757811,sand,y,500,p,none,none,none_sand,none_sand,100,0.0603188,28,Metazoa,Annelida,Annelida,Phyllodocida,NA,NA,0,0,TRUE,ASV733,1,NA
edna0103,ASV3033,motu2444,Staphylinidae,Hexapod,genus,NA,NA,NA,1,NA,NA,NA,NA,NA,NA,2,Staphylinidae,Hexapod,2018_koe1_surface,koe1,beach_seine,2018-07-20,2018-07-18,2018,surface,1,edna_koe1_00,surface,biological,14.6,22.86,8.4,11.1,30.49,8.07,2.9,1000,0,51.77287511,-127.8757811,sand,y,500,p,none,none,none_sand,none_sand,90.14,3.11539e-14,50,Metazoa,Arthropoda,Arthropoda,Coleoptera,Staphylinidae,Staphylinidae,NA,NA,TRUE,ASV3033,1,NA
edna0104,ASV132,motu118,Mesocentrotus franciscanus,Red sea urchin,species,NA,NA,NA,1,NA,NA,NA,NA,NA,NA,11,Mesocentrotus franciscanus,Red sea urchin,2018_koe1_surface,koe1,beach_seine,2018-07-20,2018-07-18,2018,surface,2,edna_koe1_15,surface,biological,14.6,22.81,8.03,11.3,30.52,8.08,2.3,1000,0,51.77258216,-127.8758992,sand,y,500,p,none,none,none_sand,none_sand,100,2.51921e-159,311,Metazoa,Echinodermata,Echinoidea,Camarodonta,Strongylocentrotidae,Mesocentrotus,0,0,TRUE,ASV132,8,Mesocentrotus franciscanus
edna0104,ASV251,motu105,Mesocentrotus franciscanus,Red sea urchin,species,NA,NA,NA,1,NA,NA,NA,NA,NA,NA,12,Mesocentrotus franciscanus,Red sea urchin,2018_koe1_surface,koe1,beach_seine,2018-07-20,2018-07-18,2018,surface,2,edna_koe1_15,surface,biological,14.6,22.81,8.03,11.3,30.52,8.08,2.3,1000,0,51.77258216,-127.8758992,sand,y,500,p,none,none,none_sand,none_sand,100,7.02982e-160,312,Metazoa,Echinodermata,Echinoidea,Camarodonta,Strongylocentrotidae,Mesocentrotus,0,0,TRUE,ASV118,8,Mesocentrotus franciscanus
edna0104,ASV679,motu591,Phyllodocida,Polychaete,order,NA,NA,NA,1,NA,NA,NA,NA,NA,NA,3,Phyllodocida,Polychaete,2018_koe1_surface,koe1,beach_seine,2018-07-20,2018-07-18,2018,surface,2,edna_koe1_15,surface,biological,14.6,22.81,8.03,11.3,30.52,8.08,2.3,1000,0,51.77258216,-127.8758992,sand,y,500,p,none,none,none_sand,none_sand,100,0.0603188,28,Metazoa,Annelida,Annelida,Phyllodocida,NA,NA,0,0,TRUE,ASV679,1,NA
edna0104,ASV1698,motu1419,Aurelia labiata,Moon jelly species,species,NA,NA,NA,1,NA,NA,NA,NA,NA,NA,39,Aurelia labiata,Moon jelly species,2018_koe1_surface,koe1,beach_seine,2018-07-20,2018-07-18,2018,surface,2,edna_koe1_15,surface,biological,14.6,22.81,8.03,11.3,30.52,8.08,2.3,1000,0,51.77258216,-127.8758992,sand,y,500,p,none,none,none_sand,none_sand,99.36,4.246189999999999e-157,307,Metazoa,Cnidaria,Scyphozoa,Semaeostomeae,Ulmaridae,Aurelia,0,0,TRUE,ASV1698,4,Aurelia labiata
edna0104,ASV1722,motu1438,Aurelia labiata,Moon jelly species,species,NA,NA,NA,1,NA,NA,NA,NA,NA,NA,33,Aurelia labiata,Moon jelly species,2018_koe1_surface,koe1,beach_seine,2018-07-20,2018-07-18,2018,surface,2,edna_koe1_15,surface,biological,14.6,22.81,8.03,11.3,30.52,8.08,2.3,1000,0,51.77258216,-127.8758992,sand,y,500,p,none,none,none_sand,none_sand,99.36,4.246189999999999e-157,307,Metazoa,Cnidaria,Scyphozoa,Semaeostomeae,Ulmaridae,Aurelia,0,0,TRUE,ASV1722,4,Aurelia labiata
edna0104,ASV2790,motu2222,Corophiidae,Amphipod,family,NA,NA,NA,1,NA,NA,NA,NA,NA,NA,13,Corophiidae,Amphipod,2018_koe1_surface,koe1,beach_seine,2018-07-20,2018-07-18,2018,surface,2,edna_koe1_15,surface,biological,14.6,22.81,8.03,11.3,30.52,8.08,2.3,1000,0,51.77258216,-127.8758992,sand,y,500,p,none,none,none_sand,none_sand,99.36,1.5216899999999998e-156,306,Metazoa,Arthropoda,Malacostraca,Amphipoda,Corophiidae,NA,0,0,TRUE,ASV2743,3,NA
edna0104,ASV2757,motu2230,Diplostomida,Flatworm,order,NA,NA,NA,1,NA,NA,NA,NA,NA,NA,11,Diplostomida,Flatworm,2018_koe1_surface,koe1,beach_seine,2018-07-20,2018-07-18,2018,surface,2,edna_koe1_15,surface,biological,14.6,22.81,8.03,11.3,30.52,8.08,2.3,1000,0,51.77258216,-127.8758992,sand,y,500,p,none,none,none_sand,none_sand,96.88,0.0144888,29,Metazoa,Platyhelminthes,Platyhelminthes,Diplostomida,NA,NA,0,0,TRUE,ASV2757,1,NA
edna0104,ASV5947,motu2123,Braconidae,Hexapod,family,NA,NA,NA,1,NA,NA,NA,NA,NA,NA,11,Insecta,Hexapod,2018_koe1_surface,koe1,beach_seine,2018-07-20,2018-07-18,2018,surface,2,edna_koe1_15,surface,biological,14.6,22.81,8.03,11.3,30.52,8.08,2.3,1000,0,51.77258216,-127.8758992,sand,y,500,p,none,none,none_sand,none_sand,90.2,6.41781e-46,107,Metazoa,Arthropoda,Arthropoda,Hymenoptera,Braconidae,NA,NA,NA,TRUE,ASV2618,2,NA
edna0105,ASV1057,motu909,Orobdella,Freshwater leech,genus,NA,NA,NA,1,NA,NA,NA,NA,NA,NA,10,Orobdella,Freshwater leech,2018_koe1_surface,koe1,beach_seine,2018-07-20,2018-07-18,2018,surface,3,edna_koe1_30,surface,biological,14.6,22.64,8.02,12.2,29.48,8.02,2.5,1000,0,51.77230921,-127.87611,sand,y,500,p,none,none,none_sand,none_sand,97.06,0.0011939,31,Metazoa,Annelida,Annelida,Erpobdelliformes,Orobdellidae,Orobdella,NA,NA,TRUE,ASV1057,1,NA
edna0105,ASV3033,motu2444,Staphylinidae,Hexapod,genus,NA,NA,NA,1,NA,NA,NA,NA,NA,NA,4,Staphylinidae,Hexapod,2018_koe1_surface,koe1,beach_seine,2018-07-20,2018-07-18,2018,surface,3,edna_koe1_30,surface,biological,14.6,22.64,8.02,12.2,29.48,8.02,2.5,1000,0,51.77230921,-127.87611,sand,y,500,p,none,none,none_sand,none_sand,90.14,3.11539e-14,50,Metazoa,Arthropoda,Arthropoda,Coleoptera,Staphylinidae,Staphylinidae,NA,NA,TRUE,ASV3033,1,NA
edna0105,ASV4177,motu3275,Balclutha,Hexapod,genus,NA,NA,NA,1,NA,NA,NA,NA,NA,NA,10,Balclutha,Hexapod,2018_koe1_surface,koe1,beach_seine,2018-07-20,2018-07-18,2018,surface,3,edna_koe1_30,surface,biological,14.6,22.64,8.02,12.2,29.48,8.02,2.5,1000,0,51.77230921,-127.87611,sand,y,500,p,none,none,none_sand,none_sand,94.44,0.00408744,30,Metazoa,Arthropoda,Arthropoda,Hemiptera,Cicadellidae,Balclutha,NA,NA,TRUE,ASV4177,1,NA
edna0106,ASV34,motu31,Centropages abdominalis,Calanoid copepod,species,NA,NA,NA,1,NA,NA,NA,NA,NA,NA,3,Centropages abdominalis,Calanoid copepod,2018_sni1_surface,sni1,beach_seine,2018-07-18,2018-07-16,2018,surface,1,edna_sni1_00,surface,biological,10.7,30.65,8.08,9,31.4,7.76,6.8,1000,0,51.83867929,-128.0592127,mud,n,80,p,seagrass,zostera,seagrass_mud,zostera_mud,100,1.96163e-160,313,Metazoa,Arthropoda,Copepoda,Calanoida,Centropagidae,Centropages,0,0,TRUE,ASV34,19,Centropages abdominalis
edna0106,ASV233,motu74,Euchlanidae,Rotifer,family,NA,NA,NA,1,NA,NA,NA,NA,NA,NA,104,No Results,No Results,2018_sni1_surface,sni1,beach_seine,2018-07-18,2018-07-16,2018,surface,1,edna_sni1_00,surface,biological,10.7,30.65,8.08,9,31.4,7.76,6.8,1000,0,51.83867929,-128.0592127,mud,n,80,p,seagrass,zostera,seagrass_mud,zostera_mud,91.35,3.005919999999998e-29,77,Metazoa,Rotifera,Rotifera,Ploima,Euchlanidae,NA,1,NA,TRUE,ASV84,2,NA
edna0106,ASV520,motu457,Evasterias troschelii,False ochre star,species,NA,NA,NA,1,NA,NA,NA,NA,NA,NA,3,Evasterias troschelii,False ochre star,2018_sni1_surface,sni1,beach_seine,2018-07-18,2018-07-16,2018,surface,1,edna_sni1_00,surface,biological,10.7,30.65,8.08,9,31.4,7.76,6.8,1000,0,51.83867929,-128.0592127,mud,n,80,p,seagrass,zostera,seagrass_mud,zostera_mud,100,1.96163e-160,313,Metazoa,Echinodermata,Asteroidea,Forcipulatida,Asteriidae,Evasterias,0,0,TRUE,ASV520,1,Evasterias troschelii
edna0106,ASV3551,motu2821,Cardiida,Mussel species,order,NA,NA,NA,1,NA,NA,NA,NA,NA,NA,5,Cardiida,Mussel species,2018_sni1_surface,sni1,beach_seine,2018-07-18,2018-07-16,2018,surface,1,edna_sni1_00,surface,biological,10.7,30.65,8.08,9,31.4,7.76,6.8,1000,0,51.83867929,-128.0592127,mud,n,80,p,seagrass,zostera,seagrass_mud,zostera_mud,100,0.0374129,28,Metazoa,Mollusca,Mollusca,Cardiida,NA,NA,0,0,TRUE,ASV3551,2,NA
edna0106,ASV6623,motu5134,Schistomeringos longicornis,Dorvilleid polychaete,species,NA,NA,NA,1,NA,NA,NA,NA,NA,NA,7,Schistomeringos longicornis,Dorvilleid polychaete,2018_sni1_surface,sni1,beach_seine,2018-07-18,2018-07-16,2018,surface,1,edna_sni1_00,surface,biological,10.7,30.65,8.08,9,31.4,7.76,6.8,1000,0,51.83867929,-128.0592127,mud,n,80,p,seagrass,zostera,seagrass_mud,zostera_mud,99.68,9.310369999999999e-159,310,Metazoa,Annelida,Polychaeta,Eunicida,Dorvilleidae,Schistomeringos,0,0,TRUE,ASV6623,1,Schistomeringos longicornis
edna0108,ASV2773,motu2242,Diplostomida,Flatworm,order,NA,NA,NA,1,NA,NA,NA,NA,NA,NA,9,Diplostomida,Flatworm,2018_sni1_surface,sni1,beach_seine,2018-07-18,2018-07-16,2018,surface,3,edna_sni1_30,surface,biological,11.2,29.61,8.1,9.1,3126,7.79,3.6,1000,0,51.83867217,-128.0597179,mud,n,80,p,seagrass,zostera,seagrass_mud,zostera_mud,96.88,0.0144888,29,Metazoa,Platyhelminthes,Platyhelminthes,Diplostomida,NA,NA,0,0,TRUE,ASV2773,1,NA
edna0109,ASV4294,motu3361,Saccocirrus,Polychaete,genus,NA,NA,NA,1,NA,NA,NA,NA,NA,NA,15,Saccocirrus,Polychaete,2018_sni2_surface,sni2,beach_seine,2018-07-18,2018-07-16,2018,surface,1,edna_sni2_00,surface,biological,15.1,26.73,8.39,10.6,30.27,8.23,5.8,1000,0,51.817402800000004,-128.0302233,cobble,n,70,p,macroalgae,algae,macroalgae_cobble,algae_cobble,100,1.96163e-160,313,Metazoa,Annelida,Polychaeta,NA,Saccocirridae,Saccocirrus,0,0,TRUE,ASV4294,1,NA
edna0110,ASV3386,motu2696,Syllidae,Necklace worm species,family,NA,NA,NA,1,NA,NA,NA,NA,NA,NA,52,Syllidae,Necklace worm species,2018_sni2_surface,sni2,beach_seine,2018-07-18,2018-07-16,2018,surface,2,edna_sni2_15,surface,biological,15.3,26.75,8.39,10.5,30.33,8.21,6,1000,0,51.81736319,-128.0299728,cobble,n,70,p,macroalgae,algae,macroalgae_cobble,algae_cobble,99.68,9.126599999999999e-159,310,Metazoa,Annelida,Polychaeta,Phyllodocida,Syllidae,NA,0,0,TRUE,ASV3386,1,NA
edna0111,ASV1070,motu922,Pleurobrachia bachei,Pacific sea gooseberry,species,NA,NA,NA,1,NA,NA,NA,NA,NA,NA,3,Pleurobrachia bachei,Pacific sea gooseberry,2018_sni2_surface,sni2,beach_seine,2018-07-18,2018-07-16,2018,surface,3,edna_sni2_30,surface,biological,15.1,26.67,8.38,10.5,30.29,8.19,6.5,1000,0,51.81732535,-128.0297301,cobble,n,70,p,macroalgae,algae,macroalgae_cobble,algae_cobble,100,1.96163e-160,313,Metazoa,Ctenophora,Tentaculata,Cydippida,Cydippidae,Pleurobrachia,0,0,TRUE,ASV1070,7,Pleurobrachia bachei
edna0114,ASV1492,motu1259,Membranipora membranacea,Coffin box bryozoan,species,NA,NA,NA,1,NA,NA,NA,NA,NA,NA,3,Membranipora membranacea,Coffin box bryozoan,2018_koeye-estuary_surface,koeye estuary,seagrass,2018-08-14,NA,2018,surface,3,edna_ko_e3_30,repeat-surface,biological,NA,NA,NA,NA,NA,NA,3.5,1000,0,51.77929649,-127.871914,sand,NA,NA,NA,seagrass,zostera,seagrass_sand,zostera_sand,100,9.252979999999995e-139,274,Metazoa,Bryozoa,Gymnolaemata,Cheilostomatida,Membraniporidae,Membranipora,0,0,TRUE,ASV1492,2,Membranipora membranacea
edna0044,ASV1057,motu909,Orobdella,Freshwater leech,genus,NA,NA,NA,1,NA,NA,NA,13,NA,NA,NA,Orobdella,Freshwater leech,2018_ssp_depth,ssp,beach_seine,2018-07-13,2018-07-12,2018,depth,1,edna_ssp_15,depth,biological,10.8,31.46,8.02,NA,NA,NA,4.7,1000,0,51.67894579,-128.115172,sand,y,455,se,seagrass,zostera,seagrass_sand,zostera_sand,97.06,0.0011939,31,Metazoa,Annelida,Annelida,Erpobdelliformes,Orobdellidae,Orobdella,NA,NA,TRUE,ASV1057,1,NA
edna0044,ASV3219,motu2576,Halosydna brevisetosa,Shortscaled worm,species,NA,NA,NA,1,NA,NA,NA,124,NA,NA,NA,Halosydna brevisetosa,Shortscaled worm,2018_ssp_depth,ssp,beach_seine,2018-07-13,2018-07-12,2018,depth,1,edna_ssp_15,depth,biological,10.8,31.46,8.02,NA,NA,NA,4.7,1000,0,51.67894579,-128.115172,sand,y,455,se,seagrass,zostera,seagrass_sand,zostera_sand,99.68,1.5051499999999994e-156,306,Metazoa,Annelida,Polychaeta,Phyllodocida,Polynoidae,Halosydna,0,0,TRUE,ASV3219,1,Halosydna brevisetosa
edna0044,ASV5349,motu944,Dodecaceria,Cirratulid polychaete,genus,NA,NA,NA,1,NA,NA,NA,30,NA,NA,NA,Dodecaceria,Cirratulid polychaete,2018_ssp_depth,ssp,beach_seine,2018-07-13,2018-07-12,2018,depth,1,edna_ssp_15,depth,biological,10.8,31.46,8.02,NA,NA,NA,4.7,1000,0,51.67894579,-128.115172,sand,y,455,se,seagrass,zostera,seagrass_sand,zostera_sand,100,2.51921e-159,311,Metazoa,Annelida,Polychaeta,Terebellida,Cirratulidae,Dodecaceria,0,0,TRUE,ASV1097,6,NA
edna0044,ASV5934,motu4562,Xingyurella,Thecate Hydroid,genus,NA,NA,NA,1,NA,NA,NA,3,NA,NA,NA,Xingyurella,Thecate Hydroid,2018_ssp_depth,ssp,beach_seine,2018-07-13,2018-07-12,2018,depth,1,edna_ssp_15,depth,biological,10.8,31.46,8.02,NA,NA,NA,4.7,1000,0,51.67894579,-128.115172,sand,y,455,se,seagrass,zostera,seagrass_sand,zostera_sand,95.13,1.20545e-132,263,Metazoa,Cnidaria,Cnidaria,Leptothecata,Sertularellidae,Xingyurella,0,0,TRUE,ASV5934,1,NA
edna0045,ASV640,motu105,Mesocentrotus franciscanus,Red sea urchin,species,NA,NA,NA,1,NA,NA,NA,15,NA,NA,NA,Mesocentrotus franciscanus,Red sea urchin,2018_ssp_surface,ssp,beach_seine,2018-07-13,2018-07-12,2018,surface,2,edna_ssp_30,surface,biological,11.5,30.62,8.03,NA,NA,NA,4.5,1000,0,51.67882714,-128.114958,sand,y,455,se,seagrass,zostera,seagrass_sand,zostera_sand,100,1.96163e-160,313,Metazoa,Echinodermata,Echinoidea,Camarodonta,Strongylocentrotidae,Mesocentrotus,0,0,TRUE,ASV118,8,Mesocentrotus franciscanus
edna0045,ASV1462,motu1233,Clytia gregaria,Gregarious jellyfish,species,NA,NA,NA,1,NA,NA,NA,9,NA,NA,NA,Clytia gregaria,Gregarious jellyfish,2018_ssp_surface,ssp,beach_seine,2018-07-13,2018-07-12,2018,surface,2,edna_ssp_30,surface,biological,11.5,30.62,8.03,NA,NA,NA,4.5,1000,0,51.67882714,-128.114958,sand,y,455,se,seagrass,zostera,seagrass_sand,zostera_sand,99.67,6.925819999999995e-155,303,Metazoa,Cnidaria,Hydrozoa,Leptothecata,Campanulariidae,Clytia,0,0,TRUE,ASV1462,2,Clytia gregaria
edna0045,ASV1337,motu1130,Dodecaceria,Cirratulid polychaete,genus,NA,NA,NA,1,NA,NA,NA,52,NA,NA,NA,Dodecaceria,Cirratulid polychaete,2018_ssp_surface,ssp,beach_seine,2018-07-13,2018-07-12,2018,surface,2,edna_ssp_30,surface,biological,11.5,30.62,8.03,NA,NA,NA,4.5,1000,0,51.67882714,-128.114958,sand,y,455,se,seagrass,zostera,seagrass_sand,zostera_sand,100,2.51921e-159,311,Metazoa,Annelida,Polychaeta,Terebellida,Cirratulidae,Dodecaceria,0,0,TRUE,ASV1337,1,NA
edna0045,ASV1921,motu1598,Humilaria kennerleyi,Kennerleys venus,species,NA,NA,NA,1,NA,NA,NA,13,NA,NA,NA,Humilaria kennerleyi,Kennerleys venus,2018_ssp_surface,ssp,beach_seine,2018-07-13,2018-07-12,2018,surface,2,edna_ssp_30,surface,biological,11.5,30.62,8.03,NA,NA,NA,4.5,1000,0,51.67882714,-128.114958,sand,y,455,se,seagrass,zostera,seagrass_sand,zostera_sand,100,1.96163e-160,313,Metazoa,Mollusca,Bivalvia,Venerida,Veneridae,Humilaria,0,0,TRUE,ASV1921,2,Humilaria kennerleyi
edna0045,ASV2865,motu2317,Chaetognatha,Arrow worm,phylum,NA,NA,NA,1,NA,NA,NA,16,NA,NA,NA,Chaetognatha,Arrow worm,2018_ssp_surface,ssp,beach_seine,2018-07-13,2018-07-12,2018,surface,2,edna_ssp_30,surface,biological,11.5,30.62,8.03,NA,NA,NA,4.5,1000,0,51.67882714,-128.114958,sand,y,455,se,seagrass,zostera,seagrass_sand,zostera_sand,98.01,1.6501399999999998e-91,189,Metazoa,Chaetognatha,NA,NA,NA,NA,0,0,TRUE,ASV2865,1,NA
edna0045,ASV2556,motu2078,Synchaeta triophthalma,Rotifer,species,NA,NA,NA,1,NA,NA,NA,10,NA,NA,NA,Synchaeta triophthalma,Rotifer,2018_ssp_surface,ssp,beach_seine,2018-07-13,2018-07-12,2018,surface,2,edna_ssp_30,surface,biological,11.5,30.62,8.03,NA,NA,NA,4.5,1000,0,51.67882714,-128.114958,sand,y,455,se,seagrass,zostera,seagrass_sand,zostera_sand,91.35,7.600549999999996e-115,231,Metazoa,Rotifera,Eurotatoria,Ploima,Synchaetidae,Synchaeta,0,0,TRUE,ASV2556,1,Synchaeta triophthalma
edna0045,ASV2907,motu944,Dodecaceria,Cirratulid polychaete,genus,NA,NA,NA,1,NA,NA,NA,29,NA,NA,NA,Dodecaceria,Cirratulid polychaete,2018_ssp_surface,ssp,beach_seine,2018-07-13,2018-07-12,2018,surface,2,edna_ssp_30,surface,biological,11.5,30.62,8.03,NA,NA,NA,4.5,1000,0,51.67882714,-128.114958,sand,y,455,se,seagrass,zostera,seagrass_sand,zostera_sand,100,7.02982e-160,312,Metazoa,Annelida,Polychaeta,Terebellida,Cirratulidae,Dodecaceria,0,0,TRUE,ASV1097,6,NA
edna0045,ASV3691,motu536,Sabellariidae,Feather duster worm,family,NA,NA,NA,1,NA,NA,NA,49,NA,NA,NA,Sabellariidae,Feather duster worm,2018_ssp_surface,ssp,beach_seine,2018-07-13,2018-07-12,2018,surface,2,edna_ssp_30,surface,biological,11.5,30.62,8.03,NA,NA,NA,4.5,1000,0,51.67882714,-128.114958,sand,y,455,se,seagrass,zostera,seagrass_sand,zostera_sand,99.35,7.002779999999996e-155,303,Metazoa,Annelida,Polychaeta,NA,Sabellariidae,NA,0,0,TRUE,ASV613,7,NA
edna0045,ASV4972,motu1332,Mytilus californianus,California mussel,species,NA,NA,NA,1,NA,NA,NA,21,NA,NA,NA,Mytilus californianus,California mussel,2018_ssp_surface,ssp,beach_seine,2018-07-13,2018-07-12,2018,surface,2,edna_ssp_30,surface,biological,11.5,30.62,8.03,NA,NA,NA,4.5,1000,0,51.67882714,-128.114958,sand,y,455,se,seagrass,zostera,seagrass_sand,zostera_sand,99.68,1.5051499999999994e-156,306,Metazoa,Mollusca,Bivalvia,Mytilida,Mytilidae,Mytilus,0,0,TRUE,ASV1582,5,Mytilus californianus
edna0045,ASV5223,motu3165,Membranipora membranacea,Coffin box bryozoan,species,NA,NA,NA,1,NA,NA,NA,19,NA,NA,NA,Membranipora membranacea,Coffin box bryozoan,2018_ssp_surface,ssp,beach_seine,2018-07-13,2018-07-12,2018,surface,2,edna_ssp_30,surface,biological,11.5,30.62,8.03,NA,NA,NA,4.5,1000,0,51.67882714,-128.114958,sand,y,455,se,seagrass,zostera,seagrass_sand,zostera_sand,100,5.610619999999999e-141,278,Metazoa,Bryozoa,Gymnolaemata,Cheilostomatida,Membraniporidae,Membranipora,0,0,TRUE,ASV4038,4,Membranipora membranacea
edna0045,ASV6196,motu4777,Armandia brevis,Opheliid polychaete,species,NA,NA,NA,1,NA,NA,NA,9,NA,NA,NA,Armandia brevis,Opheliid polychaete,2018_ssp_surface,ssp,beach_seine,2018-07-13,2018-07-12,2018,surface,2,edna_ssp_30,surface,biological,11.5,30.62,8.03,NA,NA,NA,4.5,1000,0,51.67882714,-128.114958,sand,y,455,se,seagrass,zostera,seagrass_sand,zostera_sand,99.71,1.0003299999999998e-173,337,Metazoa,Annelida,Polychaeta,NA,Opheliidae,Armandia,0,0,TRUE,ASV6196,1,Armandia brevis
edna0045,ASV6833,motu5313,Apoidea,Hexapod,family,NA,NA,NA,1,NA,NA,NA,2,NA,NA,NA,Apoidea,Hexapod,2018_ssp_surface,ssp,beach_seine,2018-07-13,2018-07-12,2018,surface,2,edna_ssp_30,surface,biological,11.5,30.62,8.03,NA,NA,NA,4.5,1000,0,51.67882714,-128.114958,sand,y,455,se,seagrass,zostera,seagrass_sand,zostera_sand,100,0.0142932,29,Metazoa,Arthropoda,Arthropoda,Hymenoptera,Apoidea,NA,NA,NA,TRUE,ASV6833,1,NA
edna0046,ASV118,motu105,Mesocentrotus franciscanus,Red sea urchin,species,NA,NA,NA,1,NA,NA,NA,8,NA,NA,NA,Mesocentrotus franciscanus,Red sea urchin,2018_ssp_depth,ssp,beach_seine,2018-07-13,2018-07-12,2018,depth,2,edna_ssp_00,depth,biological,10.8,31.21,8.01,NA,NA,NA,4.3,1000,0,51.67909247,-128.1153275,sand,y,455,se,seagrass,zostera,seagrass_sand,zostera_sand,100,2.51921e-159,311,Metazoa,Echinodermata,Echinoidea,Camarodonta,Strongylocentrotidae,Mesocentrotus,0,0,TRUE,ASV118,8,Mesocentrotus franciscanus
edna0046,ASV1097,motu944,Dodecaceria,Cirratulid polychaete,genus,NA,NA,NA,1,NA,NA,NA,19,NA,NA,NA,Dodecaceria,Cirratulid polychaete,2018_ssp_depth,ssp,beach_seine,2018-07-13,2018-07-12,2018,depth,2,edna_ssp_00,depth,biological,10.8,31.21,8.01,NA,NA,NA,4.3,1000,0,51.67909247,-128.1153275,sand,y,455,se,seagrass,zostera,seagrass_sand,zostera_sand,100,1.96163e-160,313,Metazoa,Annelida,Polychaeta,Terebellida,Cirratulidae,Dodecaceria,0,0,TRUE,ASV1097,6,NA
edna0047,ASV1698,motu1419,Aurelia labiata,Moon jelly species,species,NA,NA,NA,1,NA,NA,NA,2,NA,NA,NA,Aurelia labiata,Moon jelly species,2018_ssp_surface,ssp,beach_seine,2018-07-13,2018-07-12,2018,surface,3,edna_ssp_15,surface,biological,11,31,8.01,NA,NA,NA,4.3,1000,0,51.67894579,-128.115172,sand,y,455,se,seagrass,zostera,seagrass_sand,zostera_sand,99.36,4.246189999999999e-157,307,Metazoa,Cnidaria,Scyphozoa,Semaeostomeae,Ulmaridae,Aurelia,0,0,TRUE,ASV1698,4,Aurelia labiata
edna0047,ASV2719,motu343,Dodecaceria,Cirratulid polychaete,genus,NA,NA,NA,1,NA,NA,NA,119,NA,NA,NA,Dodecaceria,Cirratulid polychaete,2018_ssp_surface,ssp,beach_seine,2018-07-13,2018-07-12,2018,surface,3,edna_ssp_15,surface,biological,11,31,8.01,NA,NA,NA,4.3,1000,0,51.67894579,-128.115172,sand,y,455,se,seagrass,zostera,seagrass_sand,zostera_sand,100,7.02982e-160,312,Metazoa,Annelida,Polychaeta,Terebellida,Cirratulidae,Dodecaceria,0,0,TRUE,ASV390,6,NA
edna0047,ASV2941,motu2370,Axiothella rubrocincta,Bamboo worm,species,NA,NA,NA,1,NA,NA,NA,4,NA,NA,NA,Axiothella rubrocincta,Bamboo worm,2018_ssp_surface,ssp,beach_seine,2018-07-13,2018-07-12,2018,surface,3,edna_ssp_15,surface,biological,11,31,8.01,NA,NA,NA,4.3,1000,0,51.67894579,-128.115172,sand,y,455,se,seagrass,zostera,seagrass_sand,zostera_sand,100,1.4886099999999998e-156,306,Metazoa,Annelida,Polychaeta,NA,Maldanidae,Axiothella,0,0,TRUE,ASV2941,1,Axiothella rubrocincta
edna0047,ASV6207,motu476,Phascolosoma (Phascolosoma) agassizii,Agassiz peanut worm,species,NA,NA,NA,1,NA,NA,NA,18,NA,NA,NA,Phascolosoma (Phascolosoma) agassizii,Agassiz peanut worm,2018_ssp_surface,ssp,beach_seine,2018-07-13,2018-07-12,2018,surface,3,edna_ssp_15,surface,biological,11,31,8.01,NA,NA,NA,4.3,1000,0,51.67894579,-128.115172,sand,y,455,se,seagrass,zostera,seagrass_sand,zostera_sand,99.68,9.310369999999999e-159,310,Metazoa,Annelida,NA,Sipuncula,Phascolosomatidae,Phascolosoma,0,0,TRUE,ASV542,4,Phascolosoma (Phascolosoma) agassizii
edna0047,ASV6269,motu4839,Humilaria kennerleyi,Kennerleys venus,species,NA,NA,NA,1,NA,NA,NA,6,NA,NA,NA,Humilaria kennerleyi,Kennerleys venus,2018_ssp_surface,ssp,beach_seine,2018-07-13,2018-07-12,2018,surface,3,edna_ssp_15,surface,biological,11,31,8.01,NA,NA,NA,4.3,1000,0,51.67894579,-128.115172,sand,y,455,se,seagrass,zostera,seagrass_sand,zostera_sand,100,2.569939999999999e-159,311,Metazoa,Mollusca,Bivalvia,Venerida,Veneridae,Humilaria,0,0,TRUE,ASV6269,2,Humilaria kennerleyi
edna0048,ASV336,motu296,Pseudocalanus newmani,Calanoid copepod,species,NA,NA,NA,1,NA,NA,NA,35,NA,NA,NA,Pseudocalanus newmani,Calanoid copepod,2018_ssp_depth,ssp,beach_seine,2018-07-13,2018-07-12,2018,depth,3,edna_ssp_30,depth,biological,10.8,31.42,8.01,NA,NA,NA,4.3,1000,0,51.67882714,-128.114958,sand,y,455,se,seagrass,zostera,seagrass_sand,zostera_sand,100,1.96163e-160,313,Metazoa,Arthropoda,Copepoda,Calanoida,Clausocalanidae,Pseudocalanus,0,0,TRUE,ASV336,4,Pseudocalanus newmani
edna0048,ASV498,motu441,Clytia gregaria,Gregarious jellyfish,species,NA,NA,NA,1,NA,NA,NA,5,NA,NA,NA,Clytia gregaria,Gregarious jellyfish,2018_ssp_depth,ssp,beach_seine,2018-07-13,2018-07-12,2018,depth,3,edna_ssp_30,depth,biological,10.8,31.42,8.01,NA,NA,NA,4.3,1000,0,51.67882714,-128.114958,sand,y,455,se,seagrass,zostera,seagrass_sand,zostera_sand,99.68,9.126599999999999e-159,310,Metazoa,Cnidaria,Hydrozoa,Leptothecata,Campanulariidae,Clytia,0,0,TRUE,ASV498,2,Clytia gregaria
edna0048,ASV1029,motu891,Lottia scutum,Plate limpet,species,NA,NA,NA,1,NA,NA,NA,4,NA,NA,NA,Lottia scutum,Plate limpet,2018_ssp_depth,ssp,beach_seine,2018-07-13,2018-07-12,2018,depth,3,edna_ssp_30,depth,biological,10.8,31.42,8.01,NA,NA,NA,4.3,1000,0,51.67882714,-128.114958,sand,y,455,se,seagrass,zostera,seagrass_sand,zostera_sand,100,3.150669999999998e-153,300,Metazoa,Mollusca,Mollusca,NA,Lottiidae,Lottia,0,0,TRUE,ASV1029,1,Lottia scutum
edna0048,ASV1304,motu1104,Haliotis kamtschatkana,Northern abalone,species,NA,NA,NA,1,NA,NA,NA,4,NA,NA,NA,Haliotis kamtschatkana,Northern abalone,2018_ssp_depth,ssp,beach_seine,2018-07-13,2018-07-12,2018,depth,3,edna_ssp_30,depth,biological,10.8,31.42,8.01,NA,NA,NA,4.3,1000,0,51.67882714,-128.114958,sand,y,455,se,seagrass,zostera,seagrass_sand,zostera_sand,100,1.96163e-160,313,Metazoa,Mollusca,Mollusca,Lepetellida,Haliotidae,Haliotis,0,0,TRUE,ASV1304,9,Haliotis kamtschatkana
edna0048,ASV1451,motu796,Panopea generosa,Pacific geoduck,species,NA,NA,NA,1,NA,NA,NA,19,NA,NA,NA,Panopea generosa,Pacific geoduck,2018_ssp_depth,ssp,beach_seine,2018-07-13,2018-07-12,2018,depth,3,edna_ssp_30,depth,biological,10.8,31.42,8.01,NA,NA,NA,4.3,1000,0,51.67882714,-128.114958,sand,y,455,se,seagrass,zostera,seagrass_sand,zostera_sand,100,7.02982e-160,312,Metazoa,Mollusca,Bivalvia,Adapedonta,Hiatellidae,Panopea,0,0,TRUE,ASV916,4,Panopea generosa
edna0048,ASV1923,motu1600,Nudibranchia,Nudibranch species,order,NA,NA,NA,1,NA,NA,NA,5,NA,NA,NA,Nudibranchia,Nudibranch species,2018_ssp_depth,ssp,beach_seine,2018-07-13,2018-07-12,2018,depth,3,edna_ssp_30,depth,biological,10.8,31.42,8.01,NA,NA,NA,4.3,1000,0,51.67882714,-128.114958,sand,y,455,se,seagrass,zostera,seagrass_sand,zostera_sand,100,1.96163e-160,313,Metazoa,Mollusca,Mollusca,Nudibranchia,NA,NA,0,0,TRUE,ASV1923,1,NA
edna0048,ASV2719,motu343,Dodecaceria,Cirratulid polychaete,genus,NA,NA,NA,1,NA,NA,NA,26,NA,NA,NA,Dodecaceria,Cirratulid polychaete,2018_ssp_depth,ssp,beach_seine,2018-07-13,2018-07-12,2018,depth,3,edna_ssp_30,depth,biological,10.8,31.42,8.01,NA,NA,NA,4.3,1000,0,51.67882714,-128.114958,sand,y,455,se,seagrass,zostera,seagrass_sand,zostera_sand,100,7.02982e-160,312,Metazoa,Annelida,Polychaeta,Terebellida,Cirratulidae,Dodecaceria,0,0,TRUE,ASV390,6,NA
edna0048,ASV2907,motu944,Dodecaceria,Cirratulid polychaete,genus,NA,NA,NA,1,NA,NA,NA,41,NA,NA,NA,Dodecaceria,Cirratulid polychaete,2018_ssp_depth,ssp,beach_seine,2018-07-13,2018-07-12,2018,depth,3,edna_ssp_30,depth,biological,10.8,31.42,8.01,NA,NA,NA,4.3,1000,0,51.67882714,-128.114958,sand,y,455,se,seagrass,zostera,seagrass_sand,zostera_sand,100,7.02982e-160,312,Metazoa,Annelida,Polychaeta,Terebellida,Cirratulidae,Dodecaceria,0,0,TRUE,ASV1097,6,NA
edna0048,ASV6290,motu4857,Photidae,Amphipod,family,NA,NA,NA,1,NA,NA,NA,12,NA,NA,NA,Photidae,Amphipod,2018_ssp_depth,ssp,beach_seine,2018-07-13,2018-07-12,2018,depth,3,edna_ssp_30,depth,biological,10.8,31.42,8.01,NA,NA,NA,4.3,1000,0,51.67882714,-128.114958,sand,y,455,se,seagrass,zostera,seagrass_sand,zostera_sand,98.4,4.36245e-152,298,Metazoa,Arthropoda,Arthropoda,Amphipoda,Photidae,NA,0,0,TRUE,ASV6290,1,NA
edna0048,ASV7762,motu6108,Apoidea,Hexapod,family,NA,NA,NA,1,NA,NA,NA,3,NA,NA,NA,Apoidea,Hexapod,2018_ssp_depth,ssp,beach_seine,2018-07-13,2018-07-12,2018,depth,3,edna_ssp_30,depth,biological,10.8,31.42,8.01,NA,NA,NA,4.3,1000,0,51.67882714,-128.114958,sand,y,455,se,seagrass,zostera,seagrass_sand,zostera_sand,100,0.0142932,29,Metazoa,Arthropoda,Arthropoda,Hymenoptera,Apoidea,NA,NA,NA,TRUE,ASV7762,1,NA
edna0049,ASV242,motu213,Balanus glandula,Acorn barnacle,species,NA,NA,NA,1,NA,NA,NA,14,NA,NA,NA,Balanus glandula,Acorn barnacle,2018_ppo_surface,ppo,beach_seine,2018-07-13,2018-07-11,2018,surface,1,edna_ppo_00,surface,biological,14.4,28.28,8.31,NA,NA,NA,6.5,1000,0,51.65821943,-128.113325,mud,n,100,p,seagrass,zostera,seagrass_mud,zostera_mud,100,3.2351099999999996e-158,309,Metazoa,Arthropoda,Thecostraca,Balanomorpha,Balanidae,Balanus,0,0,TRUE,ASV242,15,Balanus glandula
edna0049,ASV354,motu313,Mitrocoma cellularia,Cross jelly,species,NA,NA,NA,1,NA,NA,NA,4,NA,NA,NA,Mitrocoma cellularia,Cross jelly,2018_ppo_surface,ppo,beach_seine,2018-07-13,2018-07-11,2018,surface,1,edna_ppo_00,surface,biological,14.4,28.28,8.31,NA,NA,NA,6.5,1000,0,51.65821943,-128.113325,mud,n,100,p,seagrass,zostera,seagrass_mud,zostera_mud,100,1.4886099999999998e-156,306,Metazoa,Cnidaria,Hydrozoa,Leptothecata,Mitrocomidae,Mitrocoma,0,0,TRUE,ASV354,2,Mitrocoma cellularia
edna0049,ASV1254,motu1064,Mya arenaria,Softshell clam,species,NA,NA,NA,1,NA,NA,NA,5,NA,NA,NA,Mya arenaria,Softshell clam,2018_ppo_surface,ppo,beach_seine,2018-07-13,2018-07-11,2018,surface,1,edna_ppo_00,surface,biological,14.4,28.28,8.31,NA,NA,NA,6.5,1000,0,51.65821943,-128.113325,mud,n,100,p,seagrass,zostera,seagrass_mud,zostera_mud,100,4.2619199999999965e-162,316,Metazoa,Mollusca,Bivalvia,Myida,Myidae,Mya,0,0,TRUE,ASV1254,1,Mya arenaria
edna0049,ASV2797,motu2260,Armandia brevis,Opheliid polychaete,species,NA,NA,NA,1,NA,NA,NA,9,NA,NA,NA,Armandia brevis,Opheliid polychaete,2018_ppo_surface,ppo,beach_seine,2018-07-13,2018-07-11,2018,surface,1,edna_ppo_00,surface,biological,14.4,28.28,8.31,NA,NA,NA,6.5,1000,0,51.65821943,-128.113325,mud,n,100,p,seagrass,zostera,seagrass_mud,zostera_mud,100,2.708459999999999e-174,338,Metazoa,Annelida,Polychaeta,NA,Opheliidae,Armandia,0,0,TRUE,ASV2797,1,Armandia brevis
edna0049,ASV3072,motu920,Arthropoda,Unknown arthropod,phylum,NA,NA,NA,1,NA,NA,NA,16,NA,NA,NA,Arthropoda,Unknown arthropod,2018_ppo_surface,ppo,beach_seine,2018-07-13,2018-07-11,2018,surface,1,edna_ppo_00,surface,biological,14.4,28.28,8.31,NA,NA,NA,6.5,1000,0,51.65821943,-128.113325,mud,n,100,p,seagrass,zostera,seagrass_mud,zostera_mud,94.87,8.78538e-5,33,Metazoa,Arthropoda,NA,NA,NA,NA,NA,NA,TRUE,ASV1068,4,NA
edna0049,ASV3801,motu2991,Synchaeta triophthalma,Rotifer,species,NA,NA,NA,1,NA,NA,NA,20,NA,NA,NA,Synchaeta triophthalma,Rotifer,2018_ppo_surface,ppo,beach_seine,2018-07-13,2018-07-11,2018,surface,1,edna_ppo_00,surface,biological,14.4,28.28,8.31,NA,NA,NA,6.5,1000,0,51.65821943,-128.113325,mud,n,100,p,seagrass,zostera,seagrass_mud,zostera_mud,91.83,7.600549999999996e-115,231,Metazoa,Rotifera,Eurotatoria,Ploima,Synchaetidae,Synchaeta,0,0,TRUE,ASV3801,1,Synchaeta triophthalma
edna0049,ASV3175,motu2541,Arthropoda,Unknown arthropod,phylum,NA,NA,NA,1,NA,NA,NA,11,NA,NA,NA,Arthropoda,Unknown arthropod,2018_ppo_surface,ppo,beach_seine,2018-07-13,2018-07-11,2018,surface,1,edna_ppo_00,surface,biological,14.4,28.28,8.31,NA,NA,NA,6.5,1000,0,51.65821943,-128.113325,mud,n,100,p,seagrass,zostera,seagrass_mud,zostera_mud,100,0.014701,29,Metazoa,Arthropoda,NA,NA,NA,NA,NA,NA,TRUE,ASV3175,1,NA
edna0049,ASV6402,motu4953,Cucumaria miniata,Red sea cucumber,species,NA,NA,NA,1,NA,NA,NA,5,NA,NA,NA,Cucumaria miniata,Red sea cucumber,2018_ppo_surface,ppo,beach_seine,2018-07-13,2018-07-11,2018,surface,1,edna_ppo_00,surface,biological,14.4,28.28,8.31,NA,NA,NA,6.5,1000,0,51.65821943,-128.113325,mud,n,100,p,seagrass,zostera,seagrass_mud,zostera_mud,100,1.5185799999999992e-156,306,Metazoa,Echinodermata,Holothuroidea,Dendrochirotida,Cucumariidae,Cucumaria,0,0,TRUE,ASV6402,1,Cucumaria miniata
edna0049,ASV7100,motu5532,Paracalanus,Calanoid copepod,genus,NA,NA,NA,1,NA,NA,NA,5,NA,NA,NA,Paracalanus,Calanoid copepod,2018_ppo_surface,ppo,beach_seine,2018-07-13,2018-07-11,2018,surface,1,edna_ppo_00,surface,biological,14.4,28.28,8.31,NA,NA,NA,6.5,1000,0,51.65821943,-128.113325,mud,n,100,p,seagrass,zostera,seagrass_mud,zostera_mud,100,9.00412e-154,301,Metazoa,Arthropoda,Copepoda,Calanoida,Paracalanidae,Paracalanus,0,0,TRUE,ASV7100,1,NA
edna0050,ASV320,motu281,Pseudocalanus newmani,Calanoid copepod,species,NA,NA,NA,1,NA,NA,NA,77,NA,NA,NA,Pseudocalanus newmani,Calanoid copepod,2018_ppo_depth,ppo,beach_seine,2018-07-13,2018-07-11,2018,depth,1,edna_ppo_15,depth,biological,10.8,30.81,8.03,NA,NA,NA,6.5,1000,0,51.65810573,-128.1131937,mud,n,100,p,seagrass,zostera,seagrass_mud,zostera_mud,100,1.96163e-160,313,Metazoa,Arthropoda,Copepoda,Calanoida,Clausocalanidae,Pseudocalanus,0,0,TRUE,ASV320,6,Pseudocalanus newmani
edna0050,ASV336,motu296,Pseudocalanus newmani,Calanoid copepod,species,NA,NA,NA,1,NA,NA,NA,78,NA,NA,NA,Pseudocalanus newmani,Calanoid copepod,2018_ppo_depth,ppo,beach_seine,2018-07-13,2018-07-11,2018,depth,1,edna_ppo_15,depth,biological,10.8,30.81,8.03,NA,NA,NA,6.5,1000,0,51.65810573,-128.1131937,mud,n,100,p,seagrass,zostera,seagrass_mud,zostera_mud,100,1.96163e-160,313,Metazoa,Arthropoda,Copepoda,Calanoida,Clausocalanidae,Pseudocalanus,0,0,TRUE,ASV336,4,Pseudocalanus newmani
edna0050,ASV920,motu800,Polymorphidae,Thorny headed worm,family,NA,NA,NA,1,NA,NA,NA,5,NA,NA,NA,Polymorphidae,Thorny headed worm,2018_ppo_depth,ppo,beach_seine,2018-07-13,2018-07-11,2018,depth,1,edna_ppo_15,depth,biological,10.8,30.81,8.03,NA,NA,NA,6.5,1000,0,51.65810573,-128.1131937,mud,n,100,p,seagrass,zostera,seagrass_mud,zostera_mud,94.87,8.37307e-5,33,Metazoa,Acanthocephala,Acanthocephala,Polymorphida,Polymorphidae,NA,0,0,TRUE,ASV920,3,NA
edna0050,ASV2261,motu303,Pseudocalanus mimus,Calanoid copepod,species,NA,NA,NA,1,NA,NA,NA,30,NA,NA,NA,Pseudocalanus mimus,Calanoid copepod,2018_ppo_depth,ppo,beach_seine,2018-07-13,2018-07-11,2018,depth,1,edna_ppo_15,depth,biological,10.8,30.81,8.03,NA,NA,NA,6.5,1000,0,51.65810573,-128.1131937,mud,n,100,p,seagrass,zostera,seagrass_mud,zostera_mud,99.67,9.19139e-154,301,Metazoa,Arthropoda,Copepoda,Calanoida,Clausocalanidae,Pseudocalanus,0,0,TRUE,ASV343,11,Pseudocalanus mimus
edna0115,ASV1319,motu1116,Clytia gregaria,Gregarious jellyfish,species,NA,NA,NA,1,NA,NA,NA,NA,NA,NA,5,Clytia gregaria,Gregarious jellyfish,2018_choked-pass_surface,choked pass,seagrass,2018-08-16,NA,2018,surface,1,edna_ch_i3_00,repeat-surface,biological,NA,NA,NA,NA,NA,NA,7.3,1000,0,51.67529798,-128.1193259,sand,NA,NA,NA,seagrass,zostera,seagrass_sand,zostera_sand,99.67,6.925819999999995e-155,303,Metazoa,Cnidaria,Hydrozoa,Leptothecata,Campanulariidae,Clytia,0,0,TRUE,ASV1319,3,Clytia gregaria
edna0115,ASV3460,motu2747,Neritidae,Nerite snail species,family,NA,NA,NA,1,NA,NA,NA,NA,NA,NA,3,Neritidae,Nerite snail species,2018_choked-pass_surface,choked pass,seagrass,2018-08-16,NA,2018,surface,1,edna_ch_i3_00,repeat-surface,biological,NA,NA,NA,NA,NA,NA,7.3,1000,0,51.67529798,-128.1193259,sand,NA,NA,NA,seagrass,zostera,seagrass_sand,zostera_sand,90,6.69344e-6,35,Metazoa,Mollusca,Mollusca,Cycloneritida,Neritidae,NA,0,0,TRUE,ASV3460,1,NA
edna0116,ASV587,motu517,Balanus,Barnacle species,genus,NA,NA,NA,1,NA,NA,NA,NA,NA,NA,3,Balanus,Barnacle species,2018_choked-pass_surface,choked pass,seagrass,2018-08-16,NA,2018,surface,2,edna_ch_i3_15,repeat-surface,biological,11.1,31.85,7.9,10.4,31.98,7.9,7.3,1000,0,51.67531843,-128.1195572,sand,NA,NA,NA,seagrass,zostera,seagrass_sand,zostera_sand,99.67,6.925819999999995e-155,303,Metazoa,Arthropoda,Arthropoda,Balanomorpha,Balanidae,Balanus,0,0,TRUE,ASV587,10,NA
edna0116,ASV624,motu544,Halosydna brevisetosa,Shortscaled worm,species,NA,NA,NA,1,NA,NA,NA,NA,NA,NA,4,Halosydna brevisetosa,Shortscaled worm,2018_choked-pass_surface,choked pass,seagrass,2018-08-16,NA,2018,surface,2,edna_ch_i3_15,repeat-surface,biological,11.1,31.85,7.9,10.4,31.98,7.9,7.3,1000,0,51.67531843,-128.1195572,sand,NA,NA,NA,seagrass,zostera,seagrass_sand,zostera_sand,100,1.96163e-160,313,Metazoa,Annelida,Polychaeta,Phyllodocida,Polynoidae,Halosydna,0,0,TRUE,ASV624,4,Halosydna brevisetosa
edna0116,ASV2261,motu303,Pseudocalanus mimus,Calanoid copepod,species,NA,NA,NA,1,NA,NA,NA,NA,NA,NA,70,Pseudocalanus mimus,Calanoid copepod,2018_choked-pass_surface,choked pass,seagrass,2018-08-16,NA,2018,surface,2,edna_ch_i3_15,repeat-surface,biological,11.1,31.85,7.9,10.4,31.98,7.9,7.3,1000,0,51.67531843,-128.1195572,sand,NA,NA,NA,seagrass,zostera,seagrass_sand,zostera_sand,99.67,9.19139e-154,301,Metazoa,Arthropoda,Copepoda,Calanoida,Clausocalanidae,Pseudocalanus,0,0,TRUE,ASV343,11,Pseudocalanus mimus
edna0116,ASV2618,motu2123,Insecta,Hexapod,class,NA,NA,NA,1,NA,NA,NA,NA,NA,NA,4,Insecta,Hexapod,2018_choked-pass_surface,choked pass,seagrass,2018-08-16,NA,2018,surface,2,edna_ch_i3_15,repeat-surface,biological,11.1,31.85,7.9,10.4,31.98,7.9,7.3,1000,0,51.67531843,-128.1195572,sand,NA,NA,NA,seagrass,zostera,seagrass_sand,zostera_sand,90.91,1.07393e-43,103,Metazoa,Arthropoda,Arthropoda,NA,NA,NA,NA,NA,TRUE,ASV2618,2,NA
edna0116,ASV7632,motu5990,Coryne eximia,Athecate hydroid,species,NA,NA,NA,1,NA,NA,NA,NA,NA,NA,2,Coryne eximia,Athecate hydroid,2018_choked-pass_surface,choked pass,seagrass,2018-08-16,NA,2018,surface,2,edna_ch_i3_15,repeat-surface,biological,11.1,31.85,7.9,10.4,31.98,7.9,7.3,1000,0,51.67531843,-128.1195572,sand,NA,NA,NA,seagrass,zostera,seagrass_sand,zostera_sand,99.67,7.065279999999996e-155,303,Metazoa,Cnidaria,Hydrozoa,Anthoathecata,Corynidae,Coryne,0,0,TRUE,ASV7632,1,Coryne eximia
edna0117,ASV2490,motu2027,Phacellophora camtschatica,Fried egg jellyfish,species,NA,NA,NA,1,NA,NA,NA,NA,NA,NA,2,Phacellophora camtschatica,Fried egg jellyfish,2018_choked-pass_surface,choked pass,seagrass,2018-08-16,NA,2018,surface,3,edna_ch_i3_30,repeat-surface,biological,NA,NA,NA,NA,NA,NA,7.3,1000,0,51.67533222,-128.1197834,sand,NA,NA,NA,seagrass,zostera,seagrass_sand,zostera_sand,100,1.96163e-160,313,Metazoa,Cnidaria,Scyphozoa,Semaeostomeae,Phacellophoridae,Phacellophora,0,0,TRUE,ASV2490,1,Phacellophora camtschatica
edna0117,ASV6379,motu4934,Pontella,Calanoid copepod,genus,NA,NA,NA,1,NA,NA,NA,NA,NA,NA,3,Pontella,Calanoid copepod,2018_choked-pass_surface,choked pass,seagrass,2018-08-16,NA,2018,surface,3,edna_ch_i3_30,repeat-surface,biological,NA,NA,NA,NA,NA,NA,7.3,1000,0,51.67533222,-128.1197834,sand,NA,NA,NA,seagrass,zostera,seagrass_sand,zostera_sand,95,8.96228e-5,33,Metazoa,Arthropoda,Arthropoda,Calanoida,Pontellidae,Pontella,0,0,TRUE,ASV6379,1,NA
edna0118,ASV2172,motu1790,Paracalanus,Calanoid copepod,genus,NA,NA,NA,1,NA,NA,NA,NA,NA,NA,3,Paracalanus,Calanoid copepod,2018_pruth-bay_surface,pruth bay,seagrass,2018-08-16,NA,2018,surface,1,edna_pr_i3_00,repeat-surface,biological,NA,NA,NA,NA,NA,NA,3,1000,0,51.64585977,-128.1195476,sand,NA,NA,NA,seagrass,zostera,seagrass_sand,zostera_sand,99.34,1.9105799999999988e-150,295,Metazoa,Arthropoda,Copepoda,Calanoida,Paracalanidae,Paracalanus,0,0,TRUE,ASV2172,1,NA
edna0118,ASV2757,motu2230,Diplostomida,Flatworm,order,NA,NA,NA,1,NA,NA,NA,NA,NA,NA,4,Diplostomida,Flatworm,2018_pruth-bay_surface,pruth bay,seagrass,2018-08-16,NA,2018,surface,1,edna_pr_i3_00,repeat-surface,biological,NA,NA,NA,NA,NA,NA,3,1000,0,51.64585977,-128.1195476,sand,NA,NA,NA,seagrass,zostera,seagrass_sand,zostera_sand,96.88,0.0144888,29,Metazoa,Platyhelminthes,Platyhelminthes,Diplostomida,NA,NA,0,0,TRUE,ASV2757,1,NA
edna0119,ASV2292,motu1887,Synchaeta vorax,Rotifer,species,NA,NA,NA,1,NA,NA,NA,NA,NA,NA,4,Synchaeta vorax,Rotifer,2018_pruth-bay_surface,pruth bay,seagrass,2018-08-16,NA,2018,surface,2,edna_pr_i3_15,repeat-surface,biological,15,30.05,8.19,14.3,30.45,8.24,3,1000,0,51.64592951,-128.1198341,sand,NA,NA,NA,seagrass,zostera,seagrass_sand,zostera_sand,94.81,5.60839e-131,260,Metazoa,Rotifera,Eurotatoria,Ploima,Synchaetidae,Synchaeta,0,0,TRUE,ASV2292,5,Synchaeta vorax
edna0120,ASV3390,motu470,Paracalanus,Calanoid copepod,genus,NA,NA,NA,1,NA,NA,NA,NA,NA,NA,43,Paracalanus parvus parvus,Calanoid copepod,2018_pruth-bay_surface,pruth bay,seagrass,2018-08-16,NA,2018,surface,3,edna_pr_i3_30,repeat-surface,biological,NA,NA,NA,NA,NA,NA,3,1000,0,51.64596882,-128.1200866,sand,NA,NA,NA,seagrass,zostera,seagrass_sand,zostera_sand,99.34,5.31212e-151,296,Metazoa,Arthropoda,Arthropoda,Calanoida,Paracalanidae,Paracalanus,0,0,TRUE,ASV536,6,NA
edna0121,ASV2797,motu2260,Armandia brevis,Opheliid polychaete,species,NA,NA,NA,1,NA,NA,NA,NA,NA,NA,4,Armandia brevis,Opheliid polychaete,2018_hdo_surface,hdo,beach_seine,2018-08-23,2018-08-23,2018,surface,1,edna_hdo_00,repeat-surface,biological,NA,NA,NA,NA,NA,NA,4.2,950,0,51.65501227,-128.1295942,mud,n,320,p,seagrass,zostera,seagrass_mud,zostera_mud,100,2.708459999999999e-174,338,Metazoa,Annelida,Polychaeta,NA,Opheliidae,Armandia,0,0,TRUE,ASV2797,1,Armandia brevis
edna0122,ASV3551,motu2821,Cardiida,Mussel species,order,NA,NA,NA,1,NA,NA,NA,NA,NA,NA,2,Cardiida,Mussel species,2018_hdo_surface,hdo,beach_seine,2018-08-23,2018-08-23,2018,surface,2,edna_hdo_15,repeat-surface,biological,15.3,27.04,8.32,12.9,31.68,8.05,4.4,775,0,51.65508561,-128.1293971,mud,n,320,p,seagrass,zostera,seagrass_mud,zostera_mud,100,0.0374129,28,Metazoa,Mollusca,Mollusca,Cardiida,NA,NA,0,0,TRUE,ASV3551,2,NA
edna0124,ASV3148,motu2526,Cardiida,Mussel species,order,NA,NA,NA,1,NA,NA,NA,NA,NA,NA,7,Cardiida,Mussel species,2018_ppo_surface,ppo,beach_seine,2018-08-23,2018-08-23,2018,surface,1,edna_ppo_00,repeat-surface,biological,NA,NA,NA,NA,NA,NA,5.1,725,0,51.65821943,-128.113325,mud,n,100,p,seagrass,zostera,seagrass_mud,zostera_mud,100,0.0374129,28,Metazoa,Mollusca,Mollusca,Cardiida,NA,NA,0,0,TRUE,ASV3148,1,NA
edna0124,ASV5454,motu4188,Solenopsis,Hexapod,genus,NA,NA,NA,1,NA,NA,NA,NA,NA,NA,3,Solenopsis,Hexapod,2018_ppo_surface,ppo,beach_seine,2018-08-23,2018-08-23,2018,surface,1,edna_ppo_00,repeat-surface,biological,NA,NA,NA,NA,NA,NA,5.1,725,0,51.65821943,-128.113325,mud,n,100,p,seagrass,zostera,seagrass_mud,zostera_mud,100,0.00113646,31,Metazoa,Arthropoda,Arthropoda,Hymenoptera,Formicoidea,Solenopsis,NA,NA,TRUE,ASV5454,1,NA
edna0125,ASV356,motu315,Synchaeta baltica,Rotifer,species,NA,NA,NA,1,NA,NA,NA,NA,NA,NA,21,Synchaeta baltica,Rotifer,2018_ppo_surface,ppo,beach_seine,2018-08-23,2018-08-23,2018,surface,2,edna_ppo_15,repeat-surface,biological,15.5,26.35,8.4,12.2,31.92,8,6.1,900,0,51.65810573,-128.1131937,mud,n,100,p,seagrass,zostera,seagrass_mud,zostera_mud,90.45,5.9173e-111,224,Metazoa,Rotifera,Eurotatoria,Ploima,Synchaetidae,Synchaeta,0,0,TRUE,ASV356,1,Synchaeta baltica
edna0125,ASV2292,motu1887,Synchaeta vorax,Rotifer,species,NA,NA,NA,1,NA,NA,NA,NA,NA,NA,4,Synchaeta vorax,Rotifer,2018_ppo_surface,ppo,beach_seine,2018-08-23,2018-08-23,2018,surface,2,edna_ppo_15,repeat-surface,biological,15.5,26.35,8.4,12.2,31.92,8,6.1,900,0,51.65810573,-128.1131937,mud,n,100,p,seagrass,zostera,seagrass_mud,zostera_mud,94.81,5.60839e-131,260,Metazoa,Rotifera,Eurotatoria,Ploima,Synchaetidae,Synchaeta,0,0,TRUE,ASV2292,5,Synchaeta vorax
edna0126,ASV377,motu334,Synchaeta pectinata,Rotifer,species,NA,NA,NA,1,NA,NA,NA,NA,NA,NA,4,Synchaeta pectinata,Rotifer,2018_ppo_surface,ppo,beach_seine,2018-08-23,2018-08-23,2018,surface,3,edna_ppo_30,repeat-surface,biological,NA,NA,NA,NA,NA,NA,5.8,1000,0,51.65799974,-128.113112,mud,n,100,p,seagrass,zostera,seagrass_mud,zostera_mud,90.48,1.6452299999999999e-111,225,Metazoa,Rotifera,Eurotatoria,Ploima,Synchaetidae,Synchaeta,0,0,TRUE,ASV377,5,Synchaeta pectinata
edna0126,ASV4297,motu543,Balanus crenatus,Wrinkled barnacle,species,NA,NA,NA,1,NA,NA,NA,NA,NA,NA,58,Balanus,Barnacle species,2018_ppo_surface,ppo,beach_seine,2018-08-23,2018-08-23,2018,surface,3,edna_ppo_30,repeat-surface,biological,NA,NA,NA,NA,NA,NA,5.8,1000,0,51.65799974,-128.113112,mud,n,100,p,seagrass,zostera,seagrass_mud,zostera_mud,100,1.4886099999999998e-156,306,Metazoa,Arthropoda,Arthropoda,Balanomorpha,Balanidae,Balanus,0,0,TRUE,ASV623,7,Balanus crenatus
edna0126,ASV4750,motu3679,Balanus glandula,Acorn barnacle,species,NA,NA,NA,1,NA,NA,NA,NA,NA,NA,43,Balanus glandula,Acorn barnacle,2018_ppo_surface,ppo,beach_seine,2018-08-23,2018-08-23,2018,surface,3,edna_ppo_30,repeat-surface,biological,NA,NA,NA,NA,NA,NA,5.8,1000,0,51.65799974,-128.113112,mud,n,100,p,seagrass,zostera,seagrass_mud,zostera_mud,99.68,1.5051499999999994e-156,306,Metazoa,Arthropoda,Thecostraca,Balanomorpha,Balanidae,Balanus,0,0,TRUE,ASV4750,1,Balanus glandula
edna0127,ASV2773,motu2242,Diplostomida,Flatworm,order,NA,NA,NA,1,NA,NA,NA,NA,NA,NA,2,Diplostomida,Flatworm,2018_pba_surface,pba,beach_seine,2018-08-23,2018-08-25,2018,surface,1,edna_pba_00,repeat-surface,biological,NA,NA,NA,NA,NA,NA,4.3,675,0,51.64670412,-128.1188409,mud,y,180,p,seagrass,zostera,seagrass_mud,zostera_mud,96.88,0.0144888,29,Metazoa,Platyhelminthes,Platyhelminthes,Diplostomida,NA,NA,0,0,TRUE,ASV2773,1,NA
edna0128,ASV3148,motu2526,Cardiida,Mussel species,order,NA,NA,NA,1,NA,NA,NA,NA,NA,NA,6,Cardiida,Mussel species,2018_pba_surface,pba,beach_seine,2018-08-23,2018-08-25,2018,surface,2,edna_pba_15,repeat-surface,biological,15.4,26.05,8.4,12.4,32.08,7.99,4.5,900,0,51.64655803,-128.1188964,mud,y,180,p,seagrass,zostera,seagrass_mud,zostera_mud,100,0.0374129,28,Metazoa,Mollusca,Mollusca,Cardiida,NA,NA,0,0,TRUE,ASV3148,1,NA
edna0128,ASV3551,motu2821,Cardiida,Mussel species,order,NA,NA,NA,1,NA,NA,NA,NA,NA,NA,2,Cardiida,Mussel species,2018_pba_surface,pba,beach_seine,2018-08-23,2018-08-25,2018,surface,2,edna_pba_15,repeat-surface,biological,15.4,26.05,8.4,12.4,32.08,7.99,4.5,900,0,51.64655803,-128.1188964,mud,y,180,p,seagrass,zostera,seagrass_mud,zostera_mud,100,0.0374129,28,Metazoa,Mollusca,Mollusca,Cardiida,NA,NA,0,0,TRUE,ASV3551,2,NA
edna0129,ASV1747,motu1458,Armandia brevis,Opheliid polychaete,species,NA,NA,NA,1,NA,NA,NA,NA,NA,NA,19,Armandia brevis,Opheliid polychaete,2018_pba_surface,pba,beach_seine,2018-08-23,2018-08-25,2018,surface,3,edna_pba_30,repeat-surface,biological,NA,NA,NA,NA,NA,NA,4.6,820,0,51.64642312,-128.1189452,mud,y,180,p,seagrass,zostera,seagrass_mud,zostera_mud,100,3.4804099999999994e-173,336,Metazoa,Annelida,Polychaeta,NA,Opheliidae,Armandia,0,0,TRUE,ASV1747,1,Armandia brevis
edna0129,ASV2042,motu1692,Synchaeta grimpei,Rotifer,species,NA,NA,NA,1,NA,NA,NA,NA,NA,NA,2,Synchaeta grimpei,Rotifer,2018_pba_surface,pba,beach_seine,2018-08-23,2018-08-25,2018,surface,3,edna_pba_30,repeat-surface,biological,NA,NA,NA,NA,NA,NA,4.6,820,0,51.64642312,-128.1189452,mud,y,180,p,seagrass,zostera,seagrass_mud,zostera_mud,91.45,4.459999999999999e-112,226,Metazoa,Rotifera,Eurotatoria,Ploima,Synchaetidae,Synchaeta,0,0,TRUE,ASV2042,2,Synchaeta grimpei
edna0129,ASV2150,motu1772,Synchaeta grimpei,Rotifer,species,NA,NA,NA,1,NA,NA,NA,NA,NA,NA,3,Synchaeta grimpei,Rotifer,2018_pba_surface,pba,beach_seine,2018-08-23,2018-08-25,2018,surface,3,edna_pba_30,repeat-surface,biological,NA,NA,NA,NA,NA,NA,4.6,820,0,51.64642312,-128.1189452,mud,y,180,p,seagrass,zostera,seagrass_mud,zostera_mud,91.45,4.459999999999999e-112,226,Metazoa,Rotifera,Eurotatoria,Ploima,Synchaetidae,Synchaeta,0,0,TRUE,ASV2150,2,Synchaeta grimpei
edna0129,ASV7369,motu5759,Clionaopsis platei,False pumpkin sponge,species,NA,NA,NA,1,NA,NA,NA,NA,NA,NA,4,Clionaopsis platei,False pumpkin sponge,2018_pba_surface,pba,beach_seine,2018-08-23,2018-08-25,2018,surface,3,edna_pba_30,repeat-surface,biological,NA,NA,NA,NA,NA,NA,4.6,820,0,51.64642312,-128.1189452,mud,y,180,p,seagrass,zostera,seagrass_mud,zostera_mud,90.42,2.14783e-110,223,Metazoa,Porifera,Demospongiae,Clionaida,Clionaidae,Clionaopsis,0,0,TRUE,ASV7369,1,Clionaopsis platei
edna0130,ASV733,motu637,Phyllodocida,Polychaete,order,NA,NA,NA,1,NA,NA,NA,NA,NA,NA,5,Phyllodocida,Polychaete,2018_pruth-grid_surface,pruth grid,seagrass_grid,2018-08-23,NA,2018,surface,1,pruth_grid_a1,grid,biological,NA,NA,NA,NA,NA,NA,4.6,675,0,51.64686071,-128.120174,sand,NA,NA,NA,seagrass,zostera,seagrass_sand,zostera_sand,100,0.0603188,28,Metazoa,Annelida,Annelida,Phyllodocida,NA,NA,0,0,TRUE,ASV733,1,NA
edna0130,ASV2117,motu1746,Synchaeta vorax,Rotifer,species,NA,NA,NA,1,NA,NA,NA,NA,NA,NA,43,Synchaeta vorax,Rotifer,2018_pruth-grid_surface,pruth grid,seagrass_grid,2018-08-23,NA,2018,surface,1,pruth_grid_a1,grid,biological,NA,NA,NA,NA,NA,NA,4.6,675,0,51.64686071,-128.120174,sand,NA,NA,NA,seagrass,zostera,seagrass_sand,zostera_sand,94.81,5.60839e-131,260,Metazoa,Rotifera,Eurotatoria,Ploima,Synchaetidae,Synchaeta,0,0,TRUE,ASV2117,4,Synchaeta vorax
edna0130,ASV5657,motu4344,Synchaeta vorax,Rotifer,species,NA,NA,NA,1,NA,NA,NA,NA,NA,NA,20,Synchaeta vorax,Rotifer,2018_pruth-grid_surface,pruth grid,seagrass_grid,2018-08-23,NA,2018,surface,1,pruth_grid_a1,grid,biological,NA,NA,NA,NA,NA,NA,4.6,675,0,51.64686071,-128.120174,sand,NA,NA,NA,seagrass,zostera,seagrass_sand,zostera_sand,95.13,1.20545e-132,263,Metazoa,Rotifera,Eurotatoria,Ploima,Synchaetidae,Synchaeta,0,0,TRUE,ASV5657,1,Synchaeta vorax
edna0132,ASV242,motu213,Balanus glandula,Acorn barnacle,species,NA,NA,NA,1,NA,NA,NA,NA,NA,NA,5,Balanus glandula,Acorn barnacle,2018_pruth-grid_surface,pruth grid,seagrass_grid,2018-08-23,NA,2018,surface,3,pruth_grid_a3,grid,biological,NA,NA,NA,NA,NA,NA,5.5,840,0,51.64672589,-128.1193345,sand,NA,NA,NA,seagrass,zostera,seagrass_sand,zostera_sand,100,3.2351099999999996e-158,309,Metazoa,Arthropoda,Thecostraca,Balanomorpha,Balanidae,Balanus,0,0,TRUE,ASV242,15,Balanus glandula
edna0132,ASV3551,motu2821,Cardiida,Mussel species,order,NA,NA,NA,1,NA,NA,NA,NA,NA,NA,3,Cardiida,Mussel species,2018_pruth-grid_surface,pruth grid,seagrass_grid,2018-08-23,NA,2018,surface,3,pruth_grid_a3,grid,biological,NA,NA,NA,NA,NA,NA,5.5,840,0,51.64672589,-128.1193345,sand,NA,NA,NA,seagrass,zostera,seagrass_sand,zostera_sand,100,0.0374129,28,Metazoa,Mollusca,Mollusca,Cardiida,NA,NA,0,0,TRUE,ASV3551,2,NA
edna0133,ASV3151,motu412,Saxidomus gigantea,Butter clam,species,NA,NA,NA,1,NA,NA,NA,NA,NA,NA,25,Saxidomus,Washington clam species,2018_pruth-grid_surface,pruth grid,seagrass_grid,2018-08-23,NA,2018,surface,4,pruth_grid_b1,grid,biological,NA,NA,NA,NA,NA,NA,3.2,1000,0,51.64660606,-128.120276,sand,NA,NA,NA,seagrass,zostera,seagrass_sand,zostera_sand,99.68,9.126599999999999e-159,310,Metazoa,Mollusca,Mollusca,Venerida,Veneridae,Saxidomus,0,0,TRUE,ASV467,12,Saxidomus gigantea
edna0133,ASV3551,motu2821,Cardiida,Mussel species,order,NA,NA,NA,1,NA,NA,NA,NA,NA,NA,3,Cardiida,Mussel species,2018_pruth-grid_surface,pruth grid,seagrass_grid,2018-08-23,NA,2018,surface,4,pruth_grid_b1,grid,biological,NA,NA,NA,NA,NA,NA,3.2,1000,0,51.64660606,-128.120276,sand,NA,NA,NA,seagrass,zostera,seagrass_sand,zostera_sand,100,0.0374129,28,Metazoa,Mollusca,Mollusca,Cardiida,NA,NA,0,0,TRUE,ASV3551,2,NA
edna0133,ASV7369,motu5759,Clionaopsis platei,False pumpkin sponge,species,NA,NA,NA,1,NA,NA,NA,NA,NA,NA,4,Clionaopsis platei,False pumpkin sponge,2018_pruth-grid_surface,pruth grid,seagrass_grid,2018-08-23,NA,2018,surface,4,pruth_grid_b1,grid,biological,NA,NA,NA,NA,NA,NA,3.2,1000,0,51.64660606,-128.120276,sand,NA,NA,NA,seagrass,zostera,seagrass_sand,zostera_sand,90.42,2.14783e-110,223,Metazoa,Porifera,Demospongiae,Clionaida,Clionaidae,Clionaopsis,0,0,TRUE,ASV7369,1,Clionaopsis platei
edna0135,ASV4967,motu3844,Mya arenaria,Softshell clam,species,NA,NA,NA,1,NA,NA,NA,NA,NA,NA,2,Mya arenaria,Softshell clam,2018_pruth-grid_surface,pruth grid,seagrass_grid,2018-08-23,NA,2018,surface,6,pruth_grid_b3,grid,biological,NA,NA,NA,NA,NA,NA,3.2,875,0,51.64647292,-128.1194311,sand,NA,NA,NA,seagrass,zostera,seagrass_sand,zostera_sand,100,4.2619199999999965e-162,316,Metazoa,Mollusca,Bivalvia,Myida,Myidae,Mya,0,0,TRUE,ASV4967,1,Mya arenaria
edna0136,ASV674,motu334,Synchaeta pectinata,Rotifer,species,NA,NA,NA,1,NA,NA,NA,NA,NA,NA,9,Synchaeta pectinata,Rotifer,2018_pruth-grid_surface,pruth grid,seagrass_grid,2018-08-23,NA,2018,surface,7,pruth_grid_c1,grid,biological,NA,NA,NA,NA,NA,NA,2.6,600,0,51.64634177,-128.1203837,sand,NA,NA,NA,seagrass,zostera,seagrass_sand,zostera_sand,90.79,3.5361899999999996e-113,228,Metazoa,Rotifera,Eurotatoria,Ploima,Synchaetidae,Synchaeta,0,0,TRUE,ASV377,5,Synchaeta pectinata
edna0136,ASV713,motu350,Synchaeta pectinata,Rotifer,species,NA,NA,NA,1,NA,NA,NA,NA,NA,NA,12,Synchaeta pectinata,Rotifer,2018_pruth-grid_surface,pruth grid,seagrass_grid,2018-08-23,NA,2018,surface,7,pruth_grid_c1,grid,biological,NA,NA,NA,NA,NA,NA,2.6,600,0,51.64634177,-128.1203837,sand,NA,NA,NA,seagrass,zostera,seagrass_sand,zostera_sand,90.79,3.5361899999999996e-113,228,Metazoa,Rotifera,Eurotatoria,Ploima,Synchaetidae,Synchaeta,0,0,TRUE,ASV398,4,Synchaeta pectinata
edna0136,ASV932,motu810,Synchaeta baltica,Rotifer,species,NA,NA,NA,1,NA,NA,NA,NA,NA,NA,36,Synchaeta baltica,Rotifer,2018_pruth-grid_surface,pruth grid,seagrass_grid,2018-08-23,NA,2018,surface,7,pruth_grid_c1,grid,biological,NA,NA,NA,NA,NA,NA,2.6,600,0,51.64634177,-128.1203837,sand,NA,NA,NA,seagrass,zostera,seagrass_sand,zostera_sand,91.08,2.73364e-114,230,Metazoa,Rotifera,Eurotatoria,Ploima,Synchaetidae,Synchaeta,0,0,TRUE,ASV932,1,Synchaeta baltica
edna0136,ASV1431,motu1208,Paracalanus,Calanoid copepod,genus,NA,NA,NA,1,NA,NA,NA,NA,NA,NA,60,Paracalanus,Calanoid copepod,2018_pruth-grid_surface,pruth grid,seagrass_grid,2018-08-23,NA,2018,surface,7,pruth_grid_c1,grid,biological,NA,NA,NA,NA,NA,NA,2.6,600,0,51.64634177,-128.1203837,sand,NA,NA,NA,seagrass,zostera,seagrass_sand,zostera_sand,99.01,2.4714899999999987e-149,293,Metazoa,Arthropoda,Arthropoda,Calanoida,Paracalanidae,Paracalanus,0,0,TRUE,ASV1431,2,NA
edna0136,ASV4904,motu1494,Saxidomus nuttalli,California butterclam,species,NA,NA,NA,1,NA,NA,NA,NA,NA,NA,22,Saxidomus nuttalli,California butterclam,2018_pruth-grid_surface,pruth grid,seagrass_grid,2018-08-23,NA,2018,surface,7,pruth_grid_c1,grid,biological,NA,NA,NA,NA,NA,NA,2.6,600,0,51.64634177,-128.1203837,sand,NA,NA,NA,seagrass,zostera,seagrass_sand,zostera_sand,99.35,1.97556e-155,304,Metazoa,Mollusca,Mollusca,Venerida,Veneridae,Saxidomus,0,0,TRUE,ASV1791,2,Saxidomus nuttalli
edna0136,ASV5653,motu4340,Lepidoptera,Hexapod,order,NA,NA,NA,1,NA,NA,NA,NA,NA,NA,5,Lepidoptera,Hexapod,2018_pruth-grid_surface,pruth grid,seagrass_grid,2018-08-23,NA,2018,surface,7,pruth_grid_c1,grid,biological,NA,NA,NA,NA,NA,NA,2.6,600,0,51.64634177,-128.1203837,sand,NA,NA,NA,seagrass,zostera,seagrass_sand,zostera_sand,94.29,0.0603188,28,Metazoa,Arthropoda,Arthropoda,Lepidoptera,NA,NA,NA,NA,TRUE,ASV5653,1,NA
edna0137,ASV733,motu637,Phyllodocida,Polychaete,order,NA,NA,NA,1,NA,NA,NA,NA,NA,NA,6,Phyllodocida,Polychaete,2018_pruth-grid_surface,pruth grid,seagrass_grid,2018-08-23,NA,2018,surface,8,pruth_grid_c2,grid,biological,15.5,25.99,8.42,14.7,30.24,8.13,2.6,855,0,51.64626687,-128.1199599,sand,NA,NA,NA,seagrass,zostera,seagrass_sand,zostera_sand,100,0.0603188,28,Metazoa,Annelida,Annelida,Phyllodocida,NA,NA,0,0,TRUE,ASV733,1,NA
edna0137,ASV1042,motu899,Synchaeta baltica,Rotifer,species,NA,NA,NA,1,NA,NA,NA,NA,NA,NA,13,Synchaeta baltica,Rotifer,2018_pruth-grid_surface,pruth grid,seagrass_grid,2018-08-23,NA,2018,surface,8,pruth_grid_c2,grid,biological,15.5,25.99,8.42,14.7,30.24,8.13,2.6,855,0,51.64626687,-128.1199599,sand,NA,NA,NA,seagrass,zostera,seagrass_sand,zostera_sand,90.76,1.27184e-112,227,Metazoa,Rotifera,Eurotatoria,Ploima,Synchaetidae,Synchaeta,0,0,TRUE,ASV1042,1,Synchaeta baltica
edna0137,ASV3061,motu2465,Synchaeta cecilia,Rotifer,species,NA,NA,NA,1,NA,NA,NA,NA,NA,NA,5,Synchaeta cecilia,Rotifer,2018_pruth-grid_surface,pruth grid,seagrass_grid,2018-08-23,NA,2018,surface,8,pruth_grid_c2,grid,biological,15.5,25.99,8.42,14.7,30.24,8.13,2.6,855,0,51.64626687,-128.1199599,sand,NA,NA,NA,seagrass,zostera,seagrass_sand,zostera_sand,90.73,1.2488499999999995e-107,218,Metazoa,Rotifera,Eurotatoria,Ploima,Synchaetidae,Synchaeta,0,0,TRUE,ASV3061,2,Synchaeta cecilia
edna0139,ASV307,motu118,Mesocentrotus franciscanus,Red sea urchin,species,NA,NA,NA,1,NA,NA,NA,NA,NA,NA,44,Mesocentrotus franciscanus,Red sea urchin,2018_wfb_surface,wfb,beach_seine,2018-08-24,2018-08-24,2018,surface,1,edna_wfb_00,repeat-surface,biological,NA,NA,NA,NA,NA,NA,5,1000,0,51.66858165,-128.1194495,sand,y,350,se,none,none,none_sand,none_sand,100,7.02982e-160,312,Metazoa,Echinodermata,Echinoidea,Camarodonta,Strongylocentrotidae,Mesocentrotus,0,0,TRUE,ASV132,8,Mesocentrotus franciscanus
edna0142,ASV733,motu637,Phyllodocida,Polychaete,order,NA,NA,NA,1,NA,NA,NA,NA,NA,NA,27,Phyllodocida,Polychaete,2018_chp_surface,chp,beach_seine,2018-08-24,2018-08-25,2018,surface,1,edna_chp_00,repeat-surface,biological,NA,NA,NA,NA,NA,NA,4.2,1000,0,51.67615482,-128.1232837,sand,n,35,e,seagrass,zostera,seagrass_sand,zostera_sand,100,0.0603188,28,Metazoa,Annelida,Annelida,Phyllodocida,NA,NA,0,0,TRUE,ASV733,1,NA
edna0142,ASV3232,motu334,Synchaeta pectinata,Rotifer,species,NA,NA,NA,1,NA,NA,NA,NA,NA,NA,7,Synchaeta pectinata,Rotifer,2018_chp_surface,chp,beach_seine,2018-08-24,2018-08-25,2018,surface,1,edna_chp_00,repeat-surface,biological,NA,NA,NA,NA,NA,NA,4.2,1000,0,51.67615482,-128.1232837,sand,n,35,e,seagrass,zostera,seagrass_sand,zostera_sand,90.16,7.65451e-110,222,Metazoa,Rotifera,Eurotatoria,Ploima,Synchaetidae,Synchaeta,0,0,TRUE,ASV377,5,Synchaeta pectinata
edna0143,ASV308,motu270,Synchaeta baltica,Rotifer,species,NA,NA,NA,1,NA,NA,NA,NA,NA,NA,49,Synchaeta baltica,Rotifer,2018_chp_surface,chp,beach_seine,2018-08-24,2018-08-25,2018,surface,2,edna_chp_15,repeat-surface,biological,11.5,31.82,7.97,10.8,32.41,7.97,3.5,1000,0,51.67628487,-128.1233672,sand,n,35,e,seagrass,zostera,seagrass_sand,zostera_sand,90.79,3.5361899999999996e-113,228,Metazoa,Rotifera,Eurotatoria,Ploima,Synchaetidae,Synchaeta,0,0,TRUE,ASV308,3,Synchaeta baltica
edna0143,ASV280,motu190,Mytilus,Mussel species,genus,NA,NA,NA,1,NA,NA,NA,NA,NA,NA,37,Mytilus trossulus,Bay mussel,2018_chp_surface,chp,beach_seine,2018-08-24,2018-08-25,2018,surface,2,edna_chp_15,repeat-surface,biological,11.5,31.82,7.97,10.8,32.41,7.97,3.5,1000,0,51.67628487,-128.1233672,sand,n,35,e,seagrass,zostera,seagrass_sand,zostera_sand,100,3.2351099999999996e-158,309,Metazoa,Mollusca,Mollusca,Mytilida,Mytilidae,Mytilus,0,0,TRUE,ASV216,23,NA
edna0145,ASV233,motu74,Euchlanidae,Rotifer,family,NA,NA,NA,1,NA,NA,NA,NA,NA,NA,20,No Results,No Results,2018_ssp_surface,ssp,beach_seine,2018-08-24,2018-08-24,2018,surface,1,edna_ssp_00,repeat-surface,biological,NA,NA,NA,NA,NA,NA,3.9,1000,0,51.67909247,-128.1153275,sand,y,455,se,seagrass,zostera,seagrass_sand,zostera_sand,91.35,3.005919999999998e-29,77,Metazoa,Rotifera,Rotifera,Ploima,Euchlanidae,NA,1,NA,TRUE,ASV84,2,NA
edna0145,ASV2643,motu2145,Manania handi,Stalked jellyfish,species,NA,NA,NA,1,NA,NA,NA,NA,NA,NA,2,Manania handi,Stalked jellyfish,2018_ssp_surface,ssp,beach_seine,2018-08-24,2018-08-24,2018,surface,1,edna_ssp_00,repeat-surface,biological,NA,NA,NA,NA,NA,NA,3.9,1000,0,51.67909247,-128.1153275,sand,y,455,se,seagrass,zostera,seagrass_sand,zostera_sand,100,3.2351099999999996e-158,309,Metazoa,Cnidaria,Cnidaria,Stauromedusae,Haliclystidae,Manania,0,0,TRUE,ASV2643,1,Manania handi
edna0145,ASV5223,motu3165,Membranipora membranacea,Coffin box bryozoan,species,NA,NA,NA,1,NA,NA,NA,NA,NA,NA,13,Membranipora membranacea,Coffin box bryozoan,2018_ssp_surface,ssp,beach_seine,2018-08-24,2018-08-24,2018,surface,1,edna_ssp_00,repeat-surface,biological,NA,NA,NA,NA,NA,NA,3.9,1000,0,51.67909247,-128.1153275,sand,y,455,se,seagrass,zostera,seagrass_sand,zostera_sand,100,5.610619999999999e-141,278,Metazoa,Bryozoa,Gymnolaemata,Cheilostomatida,Membraniporidae,Membranipora,0,0,TRUE,ASV4038,4,Membranipora membranacea
edna0147,ASV2968,motu2396,Mytilus,Mussel species,genus,NA,NA,NA,1,NA,NA,NA,NA,NA,NA,16,Mytilus,Mussel species,2018_ssp_surface,ssp,beach_seine,2018-08-24,2018-08-24,2018,surface,3,edna_ssp_30,repeat-surface,biological,NA,NA,NA,NA,NA,NA,3.9,1000,0,51.67882714,-128.114958,sand,y,455,se,seagrass,zostera,seagrass_sand,zostera_sand,100,3.2351099999999996e-158,309,Metazoa,Mollusca,Mollusca,Mytilida,Mytilidae,Mytilus,0,0,TRUE,ASV2968,3,NA
edna0147,ASV7519,motu5889,Obelia,Sea thread hydroid species,genus,NA,NA,NA,1,NA,NA,NA,NA,NA,NA,2,Obelia,Sea thread hydroid species,2018_ssp_surface,ssp,beach_seine,2018-08-24,2018-08-24,2018,surface,3,edna_ssp_30,repeat-surface,biological,NA,NA,NA,NA,NA,NA,3.9,1000,0,51.67882714,-128.114958,sand,y,455,se,seagrass,zostera,seagrass_sand,zostera_sand,92,3.4785599999999997e-113,228,Metazoa,Cnidaria,Cnidaria,Leptothecata,Campanulariidae,Obelia,0,0,TRUE,ASV7519,1,NA
edna0148,ASV233,motu74,Euchlanidae,Rotifer,family,NA,NA,NA,1,NA,NA,NA,NA,NA,NA,28,No Results,No Results,2018_choked-grid_surface,choked grid,seagrass_grid,2018-08-24,NA,2018,surface,1,choked_grid_a1,grid,biological,NA,NA,NA,NA,NA,NA,7,1000,0,51.6749926,-128.1202263,sand,NA,NA,NA,seagrass,zostera,seagrass_sand,zostera_sand,91.35,3.005919999999998e-29,77,Metazoa,Rotifera,Rotifera,Ploima,Euchlanidae,NA,1,NA,TRUE,ASV84,2,NA
edna0148,ASV4038,motu3165,Membranipora membranacea,Coffin box bryozoan,species,NA,NA,NA,1,NA,NA,NA,NA,NA,NA,21,Membranipora membranacea,Coffin box bryozoan,2018_choked-grid_surface,choked grid,seagrass_grid,2018-08-24,NA,2018,surface,1,choked_grid_a1,grid,biological,NA,NA,NA,NA,NA,NA,7,1000,0,51.6749926,-128.1202263,sand,NA,NA,NA,seagrass,zostera,seagrass_sand,zostera_sand,100,7.205389999999996e-140,276,Metazoa,Bryozoa,Gymnolaemata,Cheilostomatida,Membraniporidae,Membranipora,0,0,TRUE,ASV4038,4,Membranipora membranacea
edna0149,ASV4038,motu3165,Membranipora membranacea,Coffin box bryozoan,species,NA,NA,NA,1,NA,NA,NA,NA,NA,NA,5,Membranipora membranacea,Coffin box bryozoan,2018_choked-grid_surface,choked grid,seagrass_grid,2018-08-24,NA,2018,surface,2,choked_grid_a2,grid,biological,11.5,31.84,7.96,10.1,32.49,7.87,7,1000,0,51.6749926,-128.1197971,sand,NA,NA,NA,seagrass,zostera,seagrass_sand,zostera_sand,100,7.205389999999996e-140,276,Metazoa,Bryozoa,Gymnolaemata,Cheilostomatida,Membraniporidae,Membranipora,0,0,TRUE,ASV4038,4,Membranipora membranacea
edna0149,ASV3467,motu2753,Lepidoptera,Hexapod,order,NA,NA,NA,1,NA,NA,NA,NA,NA,NA,5,Lepidoptera,Hexapod,2018_choked-grid_surface,choked grid,seagrass_grid,2018-08-24,NA,2018,surface,2,choked_grid_a2,grid,biological,11.5,31.84,7.96,10.1,32.49,7.87,7,1000,0,51.6749926,-128.1197971,sand,NA,NA,NA,seagrass,zostera,seagrass_sand,zostera_sand,96.97,0.00408744,30,Metazoa,Arthropoda,Arthropoda,Lepidoptera,NA,NA,NA,NA,TRUE,ASV3467,1,NA
edna0149,ASV4250,motu3233,Membranipora membranacea,Coffin box bryozoan,species,NA,NA,NA,1,NA,NA,NA,NA,NA,NA,10,Membranipora membranacea,Coffin box bryozoan,2018_choked-grid_surface,choked grid,seagrass_grid,2018-08-24,NA,2018,surface,2,choked_grid_a2,grid,biological,11.5,31.84,7.96,10.1,32.49,7.87,7,1000,0,51.6749926,-128.1197971,sand,NA,NA,NA,seagrass,zostera,seagrass_sand,zostera_sand,100,7.205389999999996e-140,276,Metazoa,Bryozoa,Gymnolaemata,Cheilostomatida,Membraniporidae,Membranipora,0,0,TRUE,ASV4121,4,Membranipora membranacea
edna0150,ASV2326,motu1914,Membraniporidae,Bryozoan,family,NA,NA,NA,1,NA,NA,NA,NA,NA,NA,2,Membraniporidae,Bryozoan,2018_choked-grid_surface,choked grid,seagrass_grid,2018-08-24,NA,2018,surface,3,choked_grid_a3,grid,biological,NA,NA,NA,NA,NA,NA,6.8,1000,0,51.67499094,-128.1193519,sand,NA,NA,NA,seagrass,zostera,seagrass_sand,zostera_sand,90.95,6.1511e-76,161,Metazoa,Bryozoa,Bryozoa,Cheilostomatida,Membraniporidae,NA,0,0,TRUE,ASV2326,1,NA
edna0150,ASV2643,motu2145,Manania handi,Stalked jellyfish,species,NA,NA,NA,1,NA,NA,NA,NA,NA,NA,4,Manania handi,Stalked jellyfish,2018_choked-grid_surface,choked grid,seagrass_grid,2018-08-24,NA,2018,surface,3,choked_grid_a3,grid,biological,NA,NA,NA,NA,NA,NA,6.8,1000,0,51.67499094,-128.1193519,sand,NA,NA,NA,seagrass,zostera,seagrass_sand,zostera_sand,100,3.2351099999999996e-158,309,Metazoa,Cnidaria,Cnidaria,Stauromedusae,Haliclystidae,Manania,0,0,TRUE,ASV2643,1,Manania handi
edna0151,ASV2731,motu2213,Pachylaelapidae,Mite,genus,NA,NA,NA,1,NA,NA,NA,NA,NA,NA,6,Pachylaelapidae,Mite,2018_choked-grid_surface,choked grid,seagrass_grid,2018-08-24,NA,2018,surface,4,choked_grid_b1,grid,biological,NA,NA,NA,NA,NA,NA,6.9,1000,0,51.67473646,-128.1202236,sand,NA,NA,NA,seagrass,zostera,seagrass_sand,zostera_sand,100,0.00408744,30,Metazoa,Arthropoda,Arthropoda,Mesostigmata,NA,Pachylaelapidae,NA,NA,TRUE,ASV2731,2,NA
edna0151,ASV1492,motu1259,Membranipora membranacea,Coffin box bryozoan,species,NA,NA,NA,1,NA,NA,NA,NA,NA,NA,22,Membranipora membranacea,Coffin box bryozoan,2018_choked-grid_surface,choked grid,seagrass_grid,2018-08-24,NA,2018,surface,4,choked_grid_b1,grid,biological,NA,NA,NA,NA,NA,NA,6.9,1000,0,51.67473646,-128.1202236,sand,NA,NA,NA,seagrass,zostera,seagrass_sand,zostera_sand,100,9.252979999999995e-139,274,Metazoa,Bryozoa,Gymnolaemata,Cheilostomatida,Membraniporidae,Membranipora,0,0,TRUE,ASV1492,2,Membranipora membranacea
edna0152,ASV679,motu591,Phyllodocida,Polychaete,order,NA,NA,NA,1,NA,NA,NA,NA,NA,NA,19,Phyllodocida,Polychaete,2018_choked-grid_surface,choked grid,seagrass_grid,2018-08-24,NA,2018,surface,5,choked_grid_b2,grid,biological,12.1,31.15,7.97,10.1,33,7.87,7.8,1000,0,51.67473313,-128.1197944,sand,NA,NA,NA,seagrass,zostera,seagrass_sand,zostera_sand,100,0.0603188,28,Metazoa,Annelida,Annelida,Phyllodocida,NA,NA,0,0,TRUE,ASV679,1,NA
edna0152,ASV5293,motu4064,Membranipora membranacea,Coffin box bryozoan,species,NA,NA,NA,1,NA,NA,NA,NA,NA,NA,20,Membranipora membranacea,Coffin box bryozoan,2018_choked-grid_surface,choked grid,seagrass_grid,2018-08-24,NA,2018,surface,5,choked_grid_b2,grid,biological,12.1,31.15,7.97,10.1,33,7.87,7.8,1000,0,51.67473313,-128.1197944,sand,NA,NA,NA,seagrass,zostera,seagrass_sand,zostera_sand,99.64,4.30499e-137,271,Metazoa,Bryozoa,Bryozoa,Cheilostomatida,Membraniporidae,Membranipora,0,0,TRUE,ASV5293,1,Membranipora membranacea
edna0153,ASV1293,motu1094,Asteriidae,Sea star,family,NA,NA,NA,1,NA,NA,NA,NA,NA,NA,2,Asteriidae,Sea star,2018_choked-grid_surface,choked grid,seagrass_grid,2018-08-24,NA,2018,surface,6,choked_grid_b3,grid,biological,NA,NA,NA,NA,NA,NA,7.6,1000,0,51.67473646,-128.1193545,sand,NA,NA,NA,seagrass,zostera,seagrass_sand,zostera_sand,100,1.96163e-160,313,Metazoa,Echinodermata,Echinodermata,Forcipulatida,Asteriidae,NA,0,0,TRUE,ASV1293,1,NA
edna0153,ASV2731,motu2213,Pachylaelapidae,Mite,genus,NA,NA,NA,1,NA,NA,NA,NA,NA,NA,11,Pachylaelapidae,Mite,2018_choked-grid_surface,choked grid,seagrass_grid,2018-08-24,NA,2018,surface,6,choked_grid_b3,grid,biological,NA,NA,NA,NA,NA,NA,7.6,1000,0,51.67473646,-128.1193545,sand,NA,NA,NA,seagrass,zostera,seagrass_sand,zostera_sand,100,0.00408744,30,Metazoa,Arthropoda,Arthropoda,Mesostigmata,NA,Pachylaelapidae,NA,NA,TRUE,ASV2731,2,NA
edna0153,ASV2467,motu944,Dodecaceria,Cirratulid polychaete,genus,NA,NA,NA,1,NA,NA,NA,NA,NA,NA,9,Dodecaceria,Cirratulid polychaete,2018_choked-grid_surface,choked grid,seagrass_grid,2018-08-24,NA,2018,surface,6,choked_grid_b3,grid,biological,NA,NA,NA,NA,NA,NA,7.6,1000,0,51.67473646,-128.1193545,sand,NA,NA,NA,seagrass,zostera,seagrass_sand,zostera_sand,100,1.96163e-160,313,Metazoa,Annelida,Polychaeta,Terebellida,Cirratulidae,Dodecaceria,0,0,TRUE,ASV1097,6,NA
edna0154,ASV131,motu117,Lensia,Siphonophore,genus,NA,NA,NA,1,NA,NA,NA,NA,NA,NA,13,Lensia,Siphonophore,2018_choked-grid_surface,choked grid,seagrass_grid,2018-08-24,NA,2018,surface,7,choked_grid_c1,grid,biological,NA,NA,NA,NA,NA,NA,7.3,1000,0,51.67445702,-128.1202209,sand,NA,NA,NA,seagrass,zostera,seagrass_sand,zostera_sand,100,0.00408744,30,Metazoa,Cnidaria,Cnidaria,Siphonophorae,Diphyidae,Lensia,0,0,TRUE,ASV131,2,NA
edna0154,ASV4741,motu3674,Membranipora membranacea,Coffin box bryozoan,species,NA,NA,NA,1,NA,NA,NA,NA,NA,NA,10,Membranipora membranacea,Coffin box bryozoan,2018_choked-grid_surface,choked grid,seagrass_grid,2018-08-24,NA,2018,surface,7,choked_grid_c1,grid,biological,NA,NA,NA,NA,NA,NA,7.3,1000,0,51.67445702,-128.1202209,sand,NA,NA,NA,seagrass,zostera,seagrass_sand,zostera_sand,98.92,1.5710399999999999e-136,270,Metazoa,Bryozoa,Gymnolaemata,Cheilostomatida,Membraniporidae,Membranipora,0,0,TRUE,ASV4741,1,Membranipora membranacea
edna0155,ASV682,motu593,Strongylocentrotus droebachiensis,Green sea urcin,species,NA,NA,NA,1,NA,NA,NA,NA,NA,NA,3,Strongylocentrotus droebachiensis,Green sea urcin,2018_choked-grid_surface,choked grid,seagrass_grid,2018-08-24,NA,2018,surface,8,choked_grid_c2,grid,biological,11.9,31.57,7.97,10.1,32.97,7.87,7.2,1000,0,51.67445536,-128.1197971,sand,NA,NA,NA,seagrass,zostera,seagrass_sand,zostera_sand,100,1.96163e-160,313,Metazoa,Echinodermata,Echinoidea,Camarodonta,Strongylocentrotidae,Strongylocentrotus,0,0,TRUE,ASV682,2,Strongylocentrotus droebachiensis
edna0155,ASV6402,motu4953,Cucumaria miniata,Red sea cucumber,species,NA,NA,NA,1,NA,NA,NA,NA,NA,NA,5,Cucumaria miniata,Red sea cucumber,2018_choked-grid_surface,choked grid,seagrass_grid,2018-08-24,NA,2018,surface,8,choked_grid_c2,grid,biological,11.9,31.57,7.97,10.1,32.97,7.87,7.2,1000,0,51.67445536,-128.1197971,sand,NA,NA,NA,seagrass,zostera,seagrass_sand,zostera_sand,100,1.5185799999999992e-156,306,Metazoa,Echinodermata,Holothuroidea,Dendrochirotida,Cucumariidae,Cucumaria,0,0,TRUE,ASV6402,1,Cucumaria miniata
edna0156,ASV4741,motu3674,Membranipora membranacea,Coffin box bryozoan,species,NA,NA,NA,1,NA,NA,NA,NA,NA,NA,7,Membranipora membranacea,Coffin box bryozoan,2018_choked-grid_surface,choked grid,seagrass_grid,2018-08-24,NA,2018,surface,9,choked_grid_c3,grid,biological,NA,NA,NA,NA,NA,NA,7.4,1000,0,51.67445536,-128.1193599,sand,NA,NA,NA,seagrass,zostera,seagrass_sand,zostera_sand,98.92,1.5710399999999999e-136,270,Metazoa,Bryozoa,Gymnolaemata,Cheilostomatida,Membraniporidae,Membranipora,0,0,TRUE,ASV4741,1,Membranipora membranacea
edna0157,ASV216,motu190,Mytilus trossulus,Bay mussel,species,NA,NA,NA,1,NA,NA,NA,NA,NA,NA,15,Mytilus trossulus,Bay mussel,2018_choked-grid_surface,choked grid,seagrass_grid,2018-08-24,NA,2018,surface,10,choked_grid_d1,grid,biological,NA,NA,NA,NA,NA,NA,7.8,1000,0,51.67418423,-128.1202236,sand,NA,NA,NA,seagrass,zostera,seagrass_sand,zostera_sand,100,3.2351099999999996e-158,309,Metazoa,Mollusca,Mollusca,Mytilida,Mytilidae,Mytilus,0,0,TRUE,ASV216,23,Mytilus trossulus
edna0157,ASV398,motu350,Synchaeta pectinata,Rotifer,species,NA,NA,NA,1,NA,NA,NA,NA,NA,NA,3,Synchaeta pectinata,Rotifer,2018_choked-grid_surface,choked grid,seagrass_grid,2018-08-24,NA,2018,surface,10,choked_grid_d1,grid,biological,NA,NA,NA,NA,NA,NA,7.8,1000,0,51.67418423,-128.1202236,sand,NA,NA,NA,seagrass,zostera,seagrass_sand,zostera_sand,90.48,1.6452299999999999e-111,225,Metazoa,Rotifera,Eurotatoria,Ploima,Synchaetidae,Synchaeta,0,0,TRUE,ASV398,4,Synchaeta pectinata
edna0157,ASV1097,motu944,Dodecaceria,Cirratulid polychaete,genus,NA,NA,NA,1,NA,NA,NA,NA,NA,NA,21,Dodecaceria,Cirratulid polychaete,2018_choked-grid_surface,choked grid,seagrass_grid,2018-08-24,NA,2018,surface,10,choked_grid_d1,grid,biological,NA,NA,NA,NA,NA,NA,7.8,1000,0,51.67418423,-128.1202236,sand,NA,NA,NA,seagrass,zostera,seagrass_sand,zostera_sand,100,1.96163e-160,313,Metazoa,Annelida,Polychaeta,Terebellida,Cirratulidae,Dodecaceria,0,0,TRUE,ASV1097,6,NA
edna0157,ASV2326,motu1914,Membraniporidae,Bryozoan,family,NA,NA,NA,1,NA,NA,NA,NA,NA,NA,38,Membraniporidae,Bryozoan,2018_choked-grid_surface,choked grid,seagrass_grid,2018-08-24,NA,2018,surface,10,choked_grid_d1,grid,biological,NA,NA,NA,NA,NA,NA,7.8,1000,0,51.67418423,-128.1202236,sand,NA,NA,NA,seagrass,zostera,seagrass_sand,zostera_sand,90.95,6.1511e-76,161,Metazoa,Bryozoa,Bryozoa,Cheilostomatida,Membraniporidae,NA,0,0,TRUE,ASV2326,1,NA
edna0157,ASV3125,motu2512,Chaetognatha,Arrow worm,phylum,NA,NA,NA,1,NA,NA,NA,NA,NA,NA,13,Chaetognatha,Arrow worm,2018_choked-grid_surface,choked grid,seagrass_grid,2018-08-24,NA,2018,surface,10,choked_grid_d1,grid,biological,NA,NA,NA,NA,NA,NA,7.8,1000,0,51.67418423,-128.1202236,sand,NA,NA,NA,seagrass,zostera,seagrass_sand,zostera_sand,95.02,1.67366e-81,171,Metazoa,Chaetognatha,NA,NA,NA,NA,0,0,TRUE,ASV3125,1,NA
edna0157,ASV3981,motu3127,Potential chimera,Potential chimera,species,NA,NA,NA,1,NA,NA,NA,NA,NA,NA,4,Potential chimera,Potential chimera,2018_choked-grid_surface,choked grid,seagrass_grid,2018-08-24,NA,2018,surface,10,choked_grid_d1,grid,biological,NA,NA,NA,NA,NA,NA,7.8,1000,0,51.67418423,-128.1202236,sand,NA,NA,NA,seagrass,zostera,seagrass_sand,zostera_sand,97.3,2.33684e-5,34,Metazoa,Arthropoda,Arthropoda,Hymenoptera,Apoidea,Tachysphex,NA,NA,TRUE,ASV3981,1,Potential chimera
edna0157,ASV5653,motu4340,Lepidoptera,Hexapod,order,NA,NA,NA,1,NA,NA,NA,NA,NA,NA,7,Lepidoptera,Hexapod,2018_choked-grid_surface,choked grid,seagrass_grid,2018-08-24,NA,2018,surface,10,choked_grid_d1,grid,biological,NA,NA,NA,NA,NA,NA,7.8,1000,0,51.67418423,-128.1202236,sand,NA,NA,NA,seagrass,zostera,seagrass_sand,zostera_sand,94.29,0.0603188,28,Metazoa,Arthropoda,Arthropoda,Lepidoptera,NA,NA,NA,NA,TRUE,ASV5653,1,NA
edna0157,ASV5779,motu4438,Pseudoscorpiones,Other arachnid,class,NA,NA,NA,1,NA,NA,NA,NA,NA,NA,6,Pseudoscorpiones,Other arachnid,2018_choked-grid_surface,choked grid,seagrass_grid,2018-08-24,NA,2018,surface,10,choked_grid_d1,grid,biological,NA,NA,NA,NA,NA,NA,7.8,1000,0,51.67418423,-128.1202236,sand,NA,NA,NA,seagrass,zostera,seagrass_sand,zostera_sand,91.89,1.43923e-17,56,Metazoa,Arthropoda,Arthropoda,NA,NA,NA,NA,NA,TRUE,ASV5779,2,NA
edna0158,ASV275,motu244,Ophiopholis kennerlyi,Daisy brittle star,species,NA,NA,NA,1,NA,NA,NA,NA,NA,NA,6,Ophiopholis kennerlyi,Daisy brittle star,2018_choked-grid_surface,choked grid,seagrass_grid,2018-08-24,NA,2018,surface,11,choked_grid_d2,grid,biological,11.2,32.02,7.93,10.1,32.95,7.87,7.7,1000,0,51.67418091,-128.1197998,sand,NA,NA,NA,seagrass,zostera,seagrass_sand,zostera_sand,100,1.96163e-160,313,Metazoa,Echinodermata,Echinodermata,Amphilepidida,Ophiopholidae,Ophiopholis,0,0,TRUE,ASV275,7,Ophiopholis kennerlyi
edna0158,ASV386,motu316,Hiatella,Clam species,genus,NA,NA,NA,1,NA,NA,NA,NA,NA,NA,16,Hiatella,Clam species,2018_choked-grid_surface,choked grid,seagrass_grid,2018-08-24,NA,2018,surface,11,choked_grid_d2,grid,biological,11.2,32.02,7.93,10.1,32.95,7.87,7.7,1000,0,51.67418091,-128.1197998,sand,NA,NA,NA,seagrass,zostera,seagrass_sand,zostera_sand,100,9.027749999999999e-159,310,Metazoa,Mollusca,Bivalvia,Adapedonta,Hiatellidae,Hiatella,0,0,TRUE,ASV357,9,NA
edna0158,ASV398,motu350,Synchaeta pectinata,Rotifer,species,NA,NA,NA,1,NA,NA,NA,NA,NA,NA,3,Synchaeta pectinata,Rotifer,2018_choked-grid_surface,choked grid,seagrass_grid,2018-08-24,NA,2018,surface,11,choked_grid_d2,grid,biological,11.2,32.02,7.93,10.1,32.95,7.87,7.7,1000,0,51.67418091,-128.1197998,sand,NA,NA,NA,seagrass,zostera,seagrass_sand,zostera_sand,90.48,1.6452299999999999e-111,225,Metazoa,Rotifera,Eurotatoria,Ploima,Synchaetidae,Synchaeta,0,0,TRUE,ASV398,4,Synchaeta pectinata
edna0158,ASV2968,motu2396,Mytilus,Mussel species,genus,NA,NA,NA,1,NA,NA,NA,NA,NA,NA,23,Mytilus,Mussel species,2018_choked-grid_surface,choked grid,seagrass_grid,2018-08-24,NA,2018,surface,11,choked_grid_d2,grid,biological,11.2,32.02,7.93,10.1,32.95,7.87,7.7,1000,0,51.67418091,-128.1197998,sand,NA,NA,NA,seagrass,zostera,seagrass_sand,zostera_sand,100,3.2351099999999996e-158,309,Metazoa,Mollusca,Mollusca,Mytilida,Mytilidae,Mytilus,0,0,TRUE,ASV2968,3,NA
edna0158,ASV3981,motu3127,Potential chimera,Potential chimera,species,NA,NA,NA,1,NA,NA,NA,NA,NA,NA,6,Potential chimera,Potential chimera,2018_choked-grid_surface,choked grid,seagrass_grid,2018-08-24,NA,2018,surface,11,choked_grid_d2,grid,biological,11.2,32.02,7.93,10.1,32.95,7.87,7.7,1000,0,51.67418091,-128.1197998,sand,NA,NA,NA,seagrass,zostera,seagrass_sand,zostera_sand,97.3,2.33684e-5,34,Metazoa,Arthropoda,Arthropoda,Hymenoptera,Apoidea,Tachysphex,NA,NA,TRUE,ASV3981,1,Potential chimera
edna0158,ASV4690,motu3640,Potential chimera,Potential chimera,species,NA,NA,NA,1,NA,NA,NA,NA,NA,NA,3,Potential chimera,Potential chimera,2018_choked-grid_surface,choked grid,seagrass_grid,2018-08-24,NA,2018,surface,11,choked_grid_d2,grid,biological,11.2,32.02,7.93,10.1,32.95,7.87,7.7,1000,0,51.67418091,-128.1197998,sand,NA,NA,NA,seagrass,zostera,seagrass_sand,zostera_sand,97.3,2.33684e-5,34,Metazoa,Arthropoda,Arthropoda,Hymenoptera,Apoidea,Tachysphex,NA,NA,TRUE,ASV4690,1,Potential chimera
edna0158,ASV6244,motu4817,Blattidae,Hexapod,family,NA,NA,NA,1,NA,NA,NA,NA,NA,NA,2,Blattidae,Hexapod,2018_choked-grid_surface,choked grid,seagrass_grid,2018-08-24,NA,2018,surface,11,choked_grid_d2,grid,biological,11.2,32.02,7.93,10.1,32.95,7.87,7.7,1000,0,51.67418091,-128.1197998,sand,NA,NA,NA,seagrass,zostera,seagrass_sand,zostera_sand,93.06,4.08218e-18,57,Metazoa,Arthropoda,Arthropoda,Dictyoptera,Blattidae,NA,NA,NA,TRUE,ASV6244,1,NA
edna0159,ASV398,motu350,Synchaeta pectinata,Rotifer,species,NA,NA,NA,1,NA,NA,NA,NA,NA,NA,7,Synchaeta pectinata,Rotifer,2018_choked-grid_surface,choked grid,seagrass_grid,2018-08-24,NA,2018,surface,12,choked_grid_d3,grid,biological,NA,NA,NA,NA,NA,NA,7.6,1000,0,51.67418091,-128.1193492,sand,NA,NA,NA,seagrass,zostera,seagrass_sand,zostera_sand,90.48,1.6452299999999999e-111,225,Metazoa,Rotifera,Eurotatoria,Ploima,Synchaetidae,Synchaeta,0,0,TRUE,ASV398,4,Synchaeta pectinata
edna0159,ASV733,motu637,Phyllodocida,Polychaete,order,NA,NA,NA,1,NA,NA,NA,NA,NA,NA,27,Phyllodocida,Polychaete,2018_choked-grid_surface,choked grid,seagrass_grid,2018-08-24,NA,2018,surface,12,choked_grid_d3,grid,biological,NA,NA,NA,NA,NA,NA,7.6,1000,0,51.67418091,-128.1193492,sand,NA,NA,NA,seagrass,zostera,seagrass_sand,zostera_sand,100,0.0603188,28,Metazoa,Annelida,Annelida,Phyllodocida,NA,NA,0,0,TRUE,ASV733,1,NA
edna0159,ASV750,motu654,Orobdella,Freshwater leech,genus,NA,NA,NA,1,NA,NA,NA,NA,NA,NA,6,Orobdella,Freshwater leech,2018_choked-grid_surface,choked grid,seagrass_grid,2018-08-24,NA,2018,surface,12,choked_grid_d3,grid,biological,NA,NA,NA,NA,NA,NA,7.6,1000,0,51.67418091,-128.1193492,sand,NA,NA,NA,seagrass,zostera,seagrass_sand,zostera_sand,97.06,0.00121031,31,Metazoa,Annelida,Annelida,Erpobdelliformes,Orobdellidae,Orobdella,NA,NA,TRUE,ASV750,1,NA
edna0159,ASV2643,motu2145,Manania handi,Stalked jellyfish,species,NA,NA,NA,1,NA,NA,NA,NA,NA,NA,6,Manania handi,Stalked jellyfish,2018_choked-grid_surface,choked grid,seagrass_grid,2018-08-24,NA,2018,surface,12,choked_grid_d3,grid,biological,NA,NA,NA,NA,NA,NA,7.6,1000,0,51.67418091,-128.1193492,sand,NA,NA,NA,seagrass,zostera,seagrass_sand,zostera_sand,100,3.2351099999999996e-158,309,Metazoa,Cnidaria,Cnidaria,Stauromedusae,Haliclystidae,Manania,0,0,TRUE,ASV2643,1,Manania handi
edna0159,ASV3330,motu2655,Membraniporidae,Bryozoan,family,NA,NA,NA,1,NA,NA,NA,NA,NA,NA,31,Membraniporidae,Bryozoan,2018_choked-grid_surface,choked grid,seagrass_grid,2018-08-24,NA,2018,surface,12,choked_grid_d3,grid,biological,NA,NA,NA,NA,NA,NA,7.6,1000,0,51.67418091,-128.1193492,sand,NA,NA,NA,seagrass,zostera,seagrass_sand,zostera_sand,90.87,7.84204e-75,159,Metazoa,Bryozoa,Bryozoa,Cheilostomatida,Membraniporidae,NA,0,0,TRUE,ASV3330,1,NA
edna0159,ASV3586,motu2841,Membranipora membranacea,Coffin box bryozoan,species,NA,NA,NA,1,NA,NA,NA,NA,NA,NA,26,Membranipora membranacea,Coffin box bryozoan,2018_choked-grid_surface,choked grid,seagrass_grid,2018-08-24,NA,2018,surface,12,choked_grid_d3,grid,biological,NA,NA,NA,NA,NA,NA,7.6,1000,0,51.67418091,-128.1193492,sand,NA,NA,NA,seagrass,zostera,seagrass_sand,zostera_sand,99.64,7.2578e-140,276,Metazoa,Bryozoa,Gymnolaemata,Cheilostomatida,Membraniporidae,Membranipora,0,0,TRUE,ASV3586,2,Membranipora membranacea
edna0159,ASV6495,motu306,Synchaeta vorax,Rotifer,species,NA,NA,NA,1,NA,NA,NA,NA,NA,NA,10,Synchaeta vorax,Rotifer,2018_choked-grid_surface,choked grid,seagrass_grid,2018-08-24,NA,2018,surface,12,choked_grid_d3,grid,biological,NA,NA,NA,NA,NA,NA,7.6,1000,0,51.67418091,-128.1193492,sand,NA,NA,NA,seagrass,zostera,seagrass_sand,zostera_sand,98.4,1.56335e-151,297,Metazoa,Rotifera,Eurotatoria,Ploima,Synchaetidae,Synchaeta,0,0,TRUE,ASV346,5,Synchaeta vorax
edna0159,ASV6496,motu311,Synchaeta vorax,Rotifer,species,NA,NA,NA,1,NA,NA,NA,NA,NA,NA,12,Synchaeta vorax,Rotifer,2018_choked-grid_surface,choked grid,seagrass_grid,2018-08-24,NA,2018,surface,12,choked_grid_d3,grid,biological,NA,NA,NA,NA,NA,NA,7.6,1000,0,51.67418091,-128.1193492,sand,NA,NA,NA,seagrass,zostera,seagrass_sand,zostera_sand,98.4,1.56335e-151,297,Metazoa,Rotifera,Eurotatoria,Ploima,Synchaetidae,Synchaeta,0,0,TRUE,ASV352,4,Synchaeta vorax
edna0051,ASV1356,motu1143,Pisaster brevispinus,Pink sea star,species,NA,NA,NA,1,NA,NA,NA,4,NA,NA,NA,Pisaster brevispinus,Pink sea star,2018_ppo_surface,ppo,beach_seine,2018-07-13,2018-07-11,2018,surface,2,edna_ppo_30,surface,biological,14.4,28.26,8.23,NA,NA,NA,6.5,1000,0,51.65799974,-128.113112,mud,n,100,p,seagrass,zostera,seagrass_mud,zostera_mud,100,1.96163e-160,313,Metazoa,Echinodermata,Asteroidea,Forcipulatida,Asteriidae,Pisaster,0,0,TRUE,ASV1356,1,Pisaster brevispinus
edna0051,ASV1907,motu1586,Platynereis,Ragworm,genus,NA,NA,NA,1,NA,NA,NA,81,NA,NA,NA,Platynereis,Ragworm,2018_ppo_surface,ppo,beach_seine,2018-07-13,2018-07-11,2018,surface,2,edna_ppo_30,surface,biological,14.4,28.26,8.23,NA,NA,NA,6.5,1000,0,51.65799974,-128.113112,mud,n,100,p,seagrass,zostera,seagrass_mud,zostera_mud,100,3.2351099999999996e-158,309,Metazoa,Annelida,Polychaeta,Phyllodocida,Nereididae,Platynereis,0,0,TRUE,ASV1907,1,NA
edna0051,ASV5602,motu920,Arthropoda,Unknown arthropod,phylum,NA,NA,NA,1,NA,NA,NA,26,NA,NA,NA,Arthropoda,Unknown arthropod,2018_ppo_surface,ppo,beach_seine,2018-07-13,2018-07-11,2018,surface,2,edna_ppo_30,surface,biological,14.4,28.26,8.23,NA,NA,NA,6.5,1000,0,51.65799974,-128.113112,mud,n,100,p,seagrass,zostera,seagrass_mud,zostera_mud,94.87,8.78538e-5,33,Metazoa,Arthropoda,NA,NA,NA,NA,NA,NA,TRUE,ASV1068,4,NA
edna0052,ASV770,motu609,Hiatella,Clam species,genus,NA,NA,NA,1,NA,NA,NA,26,NA,NA,NA,Hiatella,Clam species,2018_ppo_depth,ppo,beach_seine,2018-07-13,2018-07-11,2018,depth,2,edna_ppo_00,depth,biological,11.1,30.58,8.08,NA,NA,NA,6.5,1000,0,51.65821943,-128.113325,mud,n,100,p,seagrass,zostera,seagrass_mud,zostera_mud,100,9.027749999999999e-159,310,Metazoa,Mollusca,Bivalvia,Adapedonta,Hiatellidae,Hiatella,0,0,TRUE,ASV699,4,NA
edna0052,ASV2261,motu303,Pseudocalanus mimus,Calanoid copepod,species,NA,NA,NA,1,NA,NA,NA,22,NA,NA,NA,Pseudocalanus mimus,Calanoid copepod,2018_ppo_depth,ppo,beach_seine,2018-07-13,2018-07-11,2018,depth,2,edna_ppo_00,depth,biological,11.1,30.58,8.08,NA,NA,NA,6.5,1000,0,51.65821943,-128.113325,mud,n,100,p,seagrass,zostera,seagrass_mud,zostera_mud,99.67,9.19139e-154,301,Metazoa,Arthropoda,Copepoda,Calanoida,Clausocalanidae,Pseudocalanus,0,0,TRUE,ASV343,11,Pseudocalanus mimus
edna0052,ASV916,motu796,Panopea generosa,Pacific geoduck,species,NA,NA,NA,1,NA,NA,NA,3,NA,NA,NA,Panopea generosa,Pacific geoduck,2018_ppo_depth,ppo,beach_seine,2018-07-13,2018-07-11,2018,depth,2,edna_ppo_00,depth,biological,11.1,30.58,8.08,NA,NA,NA,6.5,1000,0,51.65821943,-128.113325,mud,n,100,p,seagrass,zostera,seagrass_mud,zostera_mud,100,1.96163e-160,313,Metazoa,Mollusca,Bivalvia,Adapedonta,Hiatellidae,Panopea,0,0,TRUE,ASV916,4,Panopea generosa
edna0052,ASV3330,motu2655,Membraniporidae,Bryozoan,family,NA,NA,NA,1,NA,NA,NA,7,NA,NA,NA,Membraniporidae,Bryozoan,2018_ppo_depth,ppo,beach_seine,2018-07-13,2018-07-11,2018,depth,2,edna_ppo_00,depth,biological,11.1,30.58,8.08,NA,NA,NA,6.5,1000,0,51.65821943,-128.113325,mud,n,100,p,seagrass,zostera,seagrass_mud,zostera_mud,90.87,7.84204e-75,159,Metazoa,Bryozoa,Bryozoa,Cheilostomatida,Membraniporidae,NA,0,0,TRUE,ASV3330,1,NA
edna0053,ASV1356,motu1143,Pisaster brevispinus,Pink sea star,species,NA,NA,NA,1,NA,NA,NA,4,NA,NA,NA,Pisaster brevispinus,Pink sea star,2018_ppo_surface,ppo,beach_seine,2018-07-13,2018-07-11,2018,surface,3,edna_ppo_15,surface,biological,14.3,28.32,8.32,NA,NA,NA,4.5,1000,0,51.65810573,-128.1131937,mud,n,100,p,seagrass,zostera,seagrass_mud,zostera_mud,100,1.96163e-160,313,Metazoa,Echinodermata,Asteroidea,Forcipulatida,Asteriidae,Pisaster,0,0,TRUE,ASV1356,1,Pisaster brevispinus
edna0054,ASV1569,motu1322,Clinocardium nuttallii,Basket cockle,species,NA,NA,NA,1,NA,NA,NA,5,NA,NA,NA,Clinocardium nuttallii,Basket cockle,2018_ppo_depth,ppo,beach_seine,2018-07-13,2018-07-11,2018,depth,3,edna_ppo_30,depth,biological,11.3,30.35,8.1,NA,NA,NA,4.5,1000,0,51.65799974,-128.113112,mud,n,100,p,seagrass,zostera,seagrass_mud,zostera_mud,100,2.4540699999999983e-154,302,Metazoa,Mollusca,Bivalvia,Cardiida,Cardiidae,Clinocardium,0,0,TRUE,ASV1569,2,Clinocardium nuttallii
edna0054,ASV1492,motu1259,Membranipora membranacea,Coffin box bryozoan,species,NA,NA,NA,1,NA,NA,NA,6,NA,NA,NA,Membranipora membranacea,Coffin box bryozoan,2018_ppo_depth,ppo,beach_seine,2018-07-13,2018-07-11,2018,depth,3,edna_ppo_30,depth,biological,11.3,30.35,8.1,NA,NA,NA,4.5,1000,0,51.65799974,-128.113112,mud,n,100,p,seagrass,zostera,seagrass_mud,zostera_mud,100,9.252979999999995e-139,274,Metazoa,Bryozoa,Gymnolaemata,Cheilostomatida,Membraniporidae,Membranipora,0,0,TRUE,ASV1492,2,Membranipora membranacea
edna0054,ASV4751,motu296,Pseudocalanus newmani,Calanoid copepod,species,NA,NA,NA,1,NA,NA,NA,43,NA,NA,NA,Pseudocalanus newmani,Calanoid copepod,2018_ppo_depth,ppo,beach_seine,2018-07-13,2018-07-11,2018,depth,3,edna_ppo_30,depth,biological,11.3,30.35,8.1,NA,NA,NA,4.5,1000,0,51.65799974,-128.113112,mud,n,100,p,seagrass,zostera,seagrass_mud,zostera_mud,99.68,9.126599999999999e-159,310,Metazoa,Arthropoda,Copepoda,Calanoida,Clausocalanidae,Pseudocalanus,0,0,TRUE,ASV336,4,Pseudocalanus newmani
edna0054,ASV5965,motu4586,Calanus pacificus,Calanoid copepod,species,NA,NA,NA,1,NA,NA,NA,21,NA,NA,NA,Calanus pacificus,Calanoid copepod,2018_ppo_depth,ppo,beach_seine,2018-07-13,2018-07-11,2018,depth,3,edna_ppo_30,depth,biological,11.3,30.35,8.1,NA,NA,NA,4.5,1000,0,51.65799974,-128.113112,mud,n,100,p,seagrass,zostera,seagrass_mud,zostera_mud,98.72,3.305809999999998e-153,300,Metazoa,Arthropoda,Copepoda,Calanoida,Calanidae,Calanus,0,0,TRUE,ASV5965,1,Calanus pacificus
edna0055,ASV226,motu199,Mytilus trossulus,Bay mussel,species,NA,NA,NA,1,NA,NA,NA,14,NA,NA,NA,Mytilus trossulus,Bay mussel,2018_hdo_surface,hdo,beach_seine,2018-07-13,2018-07-11,2018,surface,1,edna_hdo_00,surface,biological,15.1,27.77,8.23,NA,NA,NA,4.8,1000,0,51.65501227,-128.1295942,mud,n,320,p,seagrass,zostera,seagrass_mud,zostera_mud,100,3.2351099999999996e-158,309,Metazoa,Mollusca,Mollusca,Mytilida,Mytilidae,Mytilus,0,0,TRUE,ASV226,18,Mytilus trossulus
edna0055,ASV679,motu591,Phyllodocida,Polychaete,order,NA,NA,NA,1,NA,NA,NA,3,NA,NA,NA,Phyllodocida,Polychaete,2018_hdo_surface,hdo,beach_seine,2018-07-13,2018-07-11,2018,surface,1,edna_hdo_00,surface,biological,15.1,27.77,8.23,NA,NA,NA,4.8,1000,0,51.65501227,-128.1295942,mud,n,320,p,seagrass,zostera,seagrass_mud,zostera_mud,100,0.0603188,28,Metazoa,Annelida,Annelida,Phyllodocida,NA,NA,0,0,TRUE,ASV679,1,NA
edna0055,ASV1603,motu1347,Armandia brevis,Opheliid polychaete,species,NA,NA,NA,1,NA,NA,NA,10,NA,NA,NA,Armandia brevis,Opheliid polychaete,2018_hdo_surface,hdo,beach_seine,2018-07-13,2018-07-11,2018,surface,1,edna_hdo_00,surface,biological,15.1,27.77,8.23,NA,NA,NA,4.8,1000,0,51.65501227,-128.1295942,mud,n,320,p,seagrass,zostera,seagrass_mud,zostera_mud,100,3.4804099999999994e-173,336,Metazoa,Annelida,Polychaeta,NA,Opheliidae,Armandia,0,0,TRUE,ASV1603,1,Armandia brevis
edna0055,ASV2968,motu2396,Mytilus,Mussel species,genus,NA,NA,NA,1,NA,NA,NA,25,NA,NA,NA,Mytilus,Mussel species,2018_hdo_surface,hdo,beach_seine,2018-07-13,2018-07-11,2018,surface,1,edna_hdo_00,surface,biological,15.1,27.77,8.23,NA,NA,NA,4.8,1000,0,51.65501227,-128.1295942,mud,n,320,p,seagrass,zostera,seagrass_mud,zostera_mud,100,3.2351099999999996e-158,309,Metazoa,Mollusca,Mollusca,Mytilida,Mytilidae,Mytilus,0,0,TRUE,ASV2968,3,NA
edna0055,ASV3048,motu2456,Semibalanus balanoides,Common rock barnacle,species,NA,NA,NA,1,NA,NA,NA,5,NA,NA,NA,Semibalanus balanoides,Common rock barnacle,2018_hdo_surface,hdo,beach_seine,2018-07-13,2018-07-11,2018,surface,1,edna_hdo_00,surface,biological,15.1,27.77,8.23,NA,NA,NA,4.8,1000,0,51.65501227,-128.1295942,mud,n,320,p,seagrass,zostera,seagrass_mud,zostera_mud,100,1.96163e-160,313,Metazoa,Arthropoda,Thecostraca,Balanomorpha,Balanidae,Semibalanus,0,0,TRUE,ASV3048,1,Semibalanus balanoides
edna0056,ASV1293,motu1094,Asteriidae,Sea star,family,NA,NA,NA,1,NA,NA,NA,4,NA,NA,NA,Asteriidae,Sea star,2018_hdo_depth,hdo,beach_seine,2018-07-13,2018-07-11,2018,depth,1,edna_hdo_15,depth,biological,10.7,30.95,7.94,NA,NA,NA,4.8,1000,0,51.65508561,-128.1293971,mud,n,320,p,seagrass,zostera,seagrass_mud,zostera_mud,100,1.96163e-160,313,Metazoa,Echinodermata,Echinodermata,Forcipulatida,Asteriidae,NA,0,0,TRUE,ASV1293,1,NA
edna0056,ASV2951,motu2380,Ergasilida,Cyclopoid copepod,order,NA,NA,NA,1,NA,NA,NA,37,NA,NA,NA,Ergasilida,Cyclopoid copepod,2018_hdo_depth,hdo,beach_seine,2018-07-13,2018-07-11,2018,depth,1,edna_hdo_15,depth,biological,10.7,30.95,7.94,NA,NA,NA,4.8,1000,0,51.65508561,-128.1293971,mud,n,320,p,seagrass,zostera,seagrass_mud,zostera_mud,100,2.51921e-159,311,Metazoa,Arthropoda,Copepoda,Cyclopoida,NA,NA,0,0,FALSE,ASV2951,1,NA
edna0056,ASV3148,motu2526,Cardiida,Mussel species,order,NA,NA,NA,1,NA,NA,NA,3,NA,NA,NA,Cardiida,Mussel species,2018_hdo_depth,hdo,beach_seine,2018-07-13,2018-07-11,2018,depth,1,edna_hdo_15,depth,biological,10.7,30.95,7.94,NA,NA,NA,4.8,1000,0,51.65508561,-128.1293971,mud,n,320,p,seagrass,zostera,seagrass_mud,zostera_mud,100,0.0374129,28,Metazoa,Mollusca,Mollusca,Cardiida,NA,NA,0,0,TRUE,ASV3148,1,NA
edna0057,ASV1603,motu1347,Armandia brevis,Opheliid polychaete,species,NA,NA,NA,1,NA,NA,NA,21,NA,NA,NA,Armandia brevis,Opheliid polychaete,2018_hdo_surface,hdo,beach_seine,2018-07-13,2018-07-11,2018,surface,2,edna_hdo_30,surface,biological,13.3,29.97,8.25,NA,NA,NA,6.8,1000,0,51.6551346,-128.1292625,mud,n,320,p,seagrass,zostera,seagrass_mud,zostera_mud,100,3.4804099999999994e-173,336,Metazoa,Annelida,Polychaeta,NA,Opheliidae,Armandia,0,0,TRUE,ASV1603,1,Armandia brevis
edna0057,ASV4556,motu543,Balanus,Barnacle species,genus,NA,NA,NA,1,NA,NA,NA,48,NA,NA,NA,Balanus,Barnacle species,2018_hdo_surface,hdo,beach_seine,2018-07-13,2018-07-11,2018,surface,2,edna_hdo_30,surface,biological,13.3,29.97,8.25,NA,NA,NA,6.8,1000,0,51.6551346,-128.1292625,mud,n,320,p,seagrass,zostera,seagrass_mud,zostera_mud,99.67,6.925819999999995e-155,303,Metazoa,Arthropoda,Arthropoda,Balanomorpha,Balanidae,Balanus,0,0,TRUE,ASV623,7,NA
edna0058,ASV1805,motu1504,Cistenides granulata,Trumpet worm,species,NA,NA,NA,1,NA,NA,NA,41,NA,NA,NA,Cistenides granulata,Trumpet worm,2018_hdo_depth,hdo,beach_seine,2018-07-13,2018-07-11,2018,depth,2,edna_hdo_00,depth,biological,10.3,31.22,7.88,NA,NA,NA,6.8,1000,0,51.65501227,-128.1295942,mud,n,320,p,seagrass,zostera,seagrass_mud,zostera_mud,100,1.4886099999999998e-156,306,Metazoa,Annelida,Polychaeta,Terebellida,Pectinariidae,Pectinaria,0,0,TRUE,ASV1805,1,Cistenides granulata
edna0058,ASV4358,motu150,Pseudocalanus mimus,Calanoid copepod,species,NA,NA,NA,1,NA,NA,NA,55,NA,NA,NA,Pseudocalanus mimus,Calanoid copepod,2018_hdo_depth,hdo,beach_seine,2018-07-13,2018-07-11,2018,depth,2,edna_hdo_00,depth,biological,10.3,31.22,7.88,NA,NA,NA,6.8,1000,0,51.65501227,-128.1295942,mud,n,320,p,seagrass,zostera,seagrass_mud,zostera_mud,99.34,4.27634e-152,298,Metazoa,Arthropoda,Copepoda,Calanoida,Clausocalanidae,Pseudocalanus,0,0,TRUE,ASV171,10,Pseudocalanus mimus
edna0059,ASV2865,motu2317,Chaetognatha,Arrow worm,phylum,NA,NA,NA,1,NA,NA,NA,14,NA,NA,NA,Chaetognatha,Arrow worm,2018_hdo_surface,hdo,beach_seine,2018-07-13,2018-07-11,2018,surface,3,edna_hdo_15,surface,biological,14.2,28.64,8.26,NA,NA,NA,5.9,1000,0,51.65508561,-128.1293971,mud,n,320,p,seagrass,zostera,seagrass_mud,zostera_mud,98.01,1.6501399999999998e-91,189,Metazoa,Chaetognatha,NA,NA,NA,NA,0,0,TRUE,ASV2865,1,NA
edna0059,ASV1917,motu1595,Arthropoda,Unknown arthropod,phylum,NA,NA,NA,1,NA,NA,NA,4,NA,NA,NA,Arthropoda,Unknown arthropod,2018_hdo_surface,hdo,beach_seine,2018-07-13,2018-07-11,2018,surface,3,edna_hdo_15,surface,biological,14.2,28.64,8.26,NA,NA,NA,5.9,1000,0,51.65508561,-128.1293971,mud,n,320,p,seagrass,zostera,seagrass_mud,zostera_mud,95,2.34566e-5,34,Metazoa,Arthropoda,NA,NA,NA,NA,NA,NA,TRUE,ASV1917,1,NA
edna0060,ASV34,motu31,Centropages abdominalis,Calanoid copepod,species,NA,NA,NA,1,NA,NA,NA,6,NA,NA,NA,Centropages abdominalis,Calanoid copepod,2018_hdo_depth,hdo,beach_seine,2018-07-13,2018-07-11,2018,depth,3,edna_hdo_30,depth,biological,10.6,31,7.95,NA,NA,NA,5.9,1000,0,51.6551346,-128.1292625,mud,n,320,p,seagrass,zostera,seagrass_mud,zostera_mud,100,1.96163e-160,313,Metazoa,Arthropoda,Copepoda,Calanoida,Centropagidae,Centropages,0,0,TRUE,ASV34,19,Centropages abdominalis
edna0060,ASV1917,motu1595,Arthropoda,Unknown arthropod,phylum,NA,NA,NA,1,NA,NA,NA,3,NA,NA,NA,Arthropoda,Unknown arthropod,2018_hdo_depth,hdo,beach_seine,2018-07-13,2018-07-11,2018,depth,3,edna_hdo_30,depth,biological,10.6,31,7.95,NA,NA,NA,5.9,1000,0,51.6551346,-128.1292625,mud,n,320,p,seagrass,zostera,seagrass_mud,zostera_mud,95,2.34566e-5,34,Metazoa,Arthropoda,NA,NA,NA,NA,NA,NA,TRUE,ASV1917,1,NA
edna0060,ASV3436,motu1310,Metridia pacifica,Calanoid copepod,species,NA,NA,NA,1,NA,NA,NA,106,NA,NA,NA,Metridia pacifica,Calanoid copepod,2018_hdo_depth,hdo,beach_seine,2018-07-13,2018-07-11,2018,depth,3,edna_hdo_30,depth,biological,10.6,31,7.95,NA,NA,NA,5.9,1000,0,51.6551346,-128.1292625,mud,n,320,p,seagrass,zostera,seagrass_mud,zostera_mud,100,2.51921e-159,311,Metazoa,Arthropoda,Copepoda,Calanoida,Metridinidae,Metridia,0,0,TRUE,ASV1555,6,Metridia pacifica
edna0060,ASV2881,motu2328,Coleoptera,Hexapod,order,NA,NA,NA,1,NA,NA,NA,4,NA,NA,NA,Coleoptera,Hexapod,2018_hdo_depth,hdo,beach_seine,2018-07-13,2018-07-11,2018,depth,3,edna_hdo_30,depth,biological,10.6,31,7.95,NA,NA,NA,5.9,1000,0,51.6551346,-128.1292625,mud,n,320,p,seagrass,zostera,seagrass_mud,zostera_mud,100,0.00110774,31,Metazoa,Arthropoda,Arthropoda,Coleoptera,NA,NA,NA,NA,TRUE,ASV2881,1,NA
edna0061,ASV939,motu816,Ergasilida,Cyclopoid copepod,order,NA,NA,NA,1,NA,NA,NA,14,NA,NA,NA,Ergasilida,Cyclopoid copepod,2018_gog1_surface,gog1,beach_seine,2018-07-15,2018-07-14,2018,surface,1,edna_gog1_00,surface,biological,13.4,31.43,8.07,13.4,31.2,8.09,2,1000,0,51.92391076,-128.4691706,mud,n,200,se,seagrass,zostera,seagrass_mud,zostera_mud,100,1.96163e-160,313,Metazoa,Arthropoda,Copepoda,Cyclopoida,NA,NA,0,0,FALSE,ASV939,1,NA
edna0061,ASV2490,motu2027,Phacellophora camtschatica,Fried egg jellyfish,species,NA,NA,NA,1,NA,NA,NA,3,NA,NA,NA,Phacellophora camtschatica,Fried egg jellyfish,2018_gog1_surface,gog1,beach_seine,2018-07-15,2018-07-14,2018,surface,1,edna_gog1_00,surface,biological,13.4,31.43,8.07,13.4,31.2,8.09,2,1000,0,51.92391076,-128.4691706,mud,n,200,se,seagrass,zostera,seagrass_mud,zostera_mud,100,1.96163e-160,313,Metazoa,Cnidaria,Scyphozoa,Semaeostomeae,Phacellophoridae,Phacellophora,0,0,TRUE,ASV2490,1,Phacellophora camtschatica
edna0063,ASV4894,motu3787,Olividae,Sea snail species,family,NA,NA,NA,1,NA,NA,NA,3,NA,NA,NA,Olividae,Sea snail species,2018_gog1_surface,gog1,beach_seine,2018-07-15,2018-07-14,2018,surface,3,edna_gog1_30,surface,biological,13.4,31.41,8.06,13.3,31.39,8.07,2,1000,0,51.92409382,-128.4690359,mud,n,200,se,seagrass,zostera,seagrass_mud,zostera_mud,90.16,8.59747e-10,42,Metazoa,Mollusca,Mollusca,Neogastropoda,Olividae,NA,0,0,TRUE,ASV4894,1,NA
edna0066,ASV1570,motu1323,Pleurobrachia bachei,Pacific sea gooseberry,species,NA,NA,NA,1,NA,NA,NA,6,NA,NA,NA,Pleurobrachia bachei,Pacific sea gooseberry,2018_gog4_surface,gog4,beach_seine,2018-07-15,2018-07-14,2018,surface,3,edna_gog4_30,surface,biological,13.7,31.43,8.17,12.3,31.42,8.04,3.5,1000,0,51.90312079,-128.4386561,mud,n,150,se,seagrass,zostera,seagrass_mud,zostera_mud,99.68,9.126599999999999e-159,310,Metazoa,Ctenophora,Tentaculata,Cydippida,Cydippidae,Pleurobrachia,0,0,TRUE,ASV1570,1,Pleurobrachia bachei
edna0066,ASV4671,motu461,Chthamalus dalli,Little brown barnacle,species,NA,NA,NA,1,NA,NA,NA,45,NA,NA,NA,Chthamalus dalli,Little brown barnacle,2018_gog4_surface,gog4,beach_seine,2018-07-15,2018-07-14,2018,surface,3,edna_gog4_30,surface,biological,13.7,31.43,8.17,12.3,31.42,8.04,3.5,1000,0,51.90312079,-128.4386561,mud,n,150,se,seagrass,zostera,seagrass_mud,zostera_mud,98.72,3.305809999999998e-153,300,Metazoa,Arthropoda,Thecostraca,Balanomorpha,Chthamalidae,Chthamalus,0,0,TRUE,ASV525,2,Chthamalus dalli
edna0067,ASV1374,motu1160,Ergasilida,Cyclopoid copepod,order,NA,NA,NA,1,NA,NA,NA,9,NA,NA,NA,Ergasilida,Cyclopoid copepod,2018_kis2_surface,kis2,beach_seine,2018-07-15,2018-07-13,2018,surface,1,edna_kis2_00,surface,biological,14,31.12,8.11,13.7,31.11,8.12,4,1000,0,51.83671973,-128.239737,cobble,n,50,sp,macroalgae,algae,macroalgae_cobble,algae_cobble,100,1.96163e-160,313,Metazoa,Arthropoda,Copepoda,Cyclopoida,NA,NA,0,0,FALSE,ASV1374,1,NA
edna0067,ASV2953,motu2381,Ergasilida,Cyclopoid copepod,order,NA,NA,NA,1,NA,NA,NA,15,NA,NA,NA,Ergasilida,Cyclopoid copepod,2018_kis2_surface,kis2,beach_seine,2018-07-15,2018-07-13,2018,surface,1,edna_kis2_00,surface,biological,14,31.12,8.11,13.7,31.11,8.12,4,1000,0,51.83671973,-128.239737,cobble,n,50,sp,macroalgae,algae,macroalgae_cobble,algae_cobble,100,3.2351099999999996e-158,309,Metazoa,Arthropoda,Copepoda,Cyclopoida,NA,NA,0,0,FALSE,ASV2953,1,NA
edna0068,ASV498,motu441,Clytia gregaria,Gregarious jellyfish,species,NA,NA,NA,1,NA,NA,NA,5,NA,NA,NA,Clytia gregaria,Gregarious jellyfish,2018_kis2_surface,kis2,beach_seine,2018-07-15,2018-07-13,2018,surface,2,edna_kis2_15,surface,biological,13.9,31.13,8.12,13.7,31.09,8.14,4,1000,0,51.83670582,-128.2395558,cobble,n,50,sp,macroalgae,algae,macroalgae_cobble,algae_cobble,99.68,9.126599999999999e-159,310,Metazoa,Cnidaria,Hydrozoa,Leptothecata,Campanulariidae,Clytia,0,0,TRUE,ASV498,2,Clytia gregaria
edna0068,ASV699,motu609,Hiatella,Clam species,genus,NA,NA,NA,1,NA,NA,NA,7,NA,NA,NA,Hiatella,Clam species,2018_kis2_surface,kis2,beach_seine,2018-07-15,2018-07-13,2018,surface,2,edna_kis2_15,surface,biological,13.9,31.13,8.12,13.7,31.09,8.14,4,1000,0,51.83670582,-128.2395558,cobble,n,50,sp,macroalgae,algae,macroalgae_cobble,algae_cobble,100,9.027749999999999e-159,310,Metazoa,Mollusca,Bivalvia,Adapedonta,Hiatellidae,Hiatella,0,0,TRUE,ASV699,4,NA
edna0068,ASV775,motu675,Aequorea,Crystal jelly species,genus,NA,NA,NA,1,NA,NA,NA,4,NA,NA,NA,Aequorea,Crystal jelly species,2018_kis2_surface,kis2,beach_seine,2018-07-15,2018-07-13,2018,surface,2,edna_kis2_15,surface,biological,13.9,31.13,8.12,13.7,31.09,8.14,4,1000,0,51.83670582,-128.2395558,cobble,n,50,sp,macroalgae,algae,macroalgae_cobble,algae_cobble,100,1.4886099999999998e-156,306,Metazoa,Cnidaria,Hydrozoa,Leptothecata,Aequoreidae,Aequorea,0,0,TRUE,ASV775,3,NA
edna0069,ASV242,motu213,Balanus glandula,Acorn barnacle,species,NA,NA,NA,1,NA,NA,NA,2,NA,NA,NA,Balanus glandula,Acorn barnacle,2018_kis2_surface,kis2,beach_seine,2018-07-15,2018-07-13,2018,surface,3,edna_kis2_30,surface,biological,14.3,31.16,8.12,13.7,31.1,8.12,3.5,1000,0,51.83669165,-128.239389,cobble,n,50,sp,macroalgae,algae,macroalgae_cobble,algae_cobble,100,3.2351099999999996e-158,309,Metazoa,Arthropoda,Thecostraca,Balanomorpha,Balanidae,Balanus,0,0,TRUE,ASV242,15,Balanus glandula
edna0069,ASV775,motu675,Aequorea,Crystal jelly species,genus,NA,NA,NA,1,NA,NA,NA,4,NA,NA,NA,Aequorea,Crystal jelly species,2018_kis2_surface,kis2,beach_seine,2018-07-15,2018-07-13,2018,surface,3,edna_kis2_30,surface,biological,14.3,31.16,8.12,13.7,31.1,8.12,3.5,1000,0,51.83669165,-128.239389,cobble,n,50,sp,macroalgae,algae,macroalgae_cobble,algae_cobble,100,1.4886099999999998e-156,306,Metazoa,Cnidaria,Hydrozoa,Leptothecata,Aequoreidae,Aequorea,0,0,TRUE,ASV775,3,NA
edna0069,ASV2629,motu2134,Ergasilida,Cyclopoid copepod,order,NA,NA,NA,1,NA,NA,NA,20,NA,NA,NA,Ergasilida,Cyclopoid copepod,2018_kis2_surface,kis2,beach_seine,2018-07-15,2018-07-13,2018,surface,3,edna_kis2_30,surface,biological,14.3,31.16,8.12,13.7,31.1,8.12,3.5,1000,0,51.83669165,-128.239389,cobble,n,50,sp,macroalgae,algae,macroalgae_cobble,algae_cobble,100,3.2351099999999996e-158,309,Metazoa,Arthropoda,Copepoda,Cyclopoida,NA,NA,0,0,FALSE,ASV2629,1,NA
edna0069,ASV4052,motu3175,Spionidae,Spionid polychaete,family,NA,NA,NA,1,NA,NA,NA,4,NA,NA,NA,Spionidae,Spionid polychaete,2018_kis2_surface,kis2,beach_seine,2018-07-15,2018-07-13,2018,surface,3,edna_kis2_30,surface,biological,14.3,31.16,8.12,13.7,31.1,8.12,3.5,1000,0,51.83669165,-128.239389,cobble,n,50,sp,macroalgae,algae,macroalgae_cobble,algae_cobble,100,1.96163e-160,313,Metazoa,Annelida,Annelida,Spionida,Spionidae,NA,0,0,TRUE,ASV4052,1,NA
edna0070,ASV6832,motu5312,Architaenioglossa,Terrestrial snail,order,NA,NA,NA,1,NA,NA,NA,4,NA,NA,NA,Architaenioglossa,Terrestrial snail,2018_kis1_surface,kis1,beach_seine,2018-07-15,2018-07-13,2018,surface,1,edna_kis1_00,surface,biological,13.8,30.95,8.14,13.4,31.07,8.11,4.5,1000,0,51.81104261,-128.2291784,sand,n,25,sp,seagrass,zostera,seagrass_sand,zostera_sand,100,0.0148346,29,Metazoa,Mollusca,Mollusca,Architaenioglossa,NA,NA,0,1,TRUE,ASV6832,1,NA
edna0071,ASV354,motu313,Mitrocoma cellularia,Cross jelly,species,NA,NA,NA,1,NA,NA,NA,18,NA,NA,NA,Mitrocoma cellularia,Cross jelly,2018_kis1_surface,kis1,beach_seine,2018-07-15,2018-07-13,2018,surface,2,edna_kis1_15,surface,biological,13.8,30.95,8.15,13.5,30.97,8.13,4.5,1000,0,51.8111452,-128.2293129,sand,n,25,sp,seagrass,zostera,seagrass_sand,zostera_sand,100,1.4886099999999998e-156,306,Metazoa,Cnidaria,Hydrozoa,Leptothecata,Mitrocomidae,Mitrocoma,0,0,TRUE,ASV354,2,Mitrocoma cellularia
edna0071,ASV624,motu544,Halosydna brevisetosa,Shortscaled worm,species,NA,NA,NA,1,NA,NA,NA,7,NA,NA,NA,Halosydna brevisetosa,Shortscaled worm,2018_kis1_surface,kis1,beach_seine,2018-07-15,2018-07-13,2018,surface,2,edna_kis1_15,surface,biological,13.8,30.95,8.15,13.5,30.97,8.13,4.5,1000,0,51.8111452,-128.2293129,sand,n,25,sp,seagrass,zostera,seagrass_sand,zostera_sand,100,1.96163e-160,313,Metazoa,Annelida,Polychaeta,Phyllodocida,Polynoidae,Halosydna,0,0,TRUE,ASV624,4,Halosydna brevisetosa
edna0071,ASV1367,motu1153,Cyanea,Lions mane jellyfish species,genus,NA,NA,NA,1,NA,NA,NA,3,NA,NA,NA,Cyanea,Lions mane jellyfish species,2018_kis1_surface,kis1,beach_seine,2018-07-15,2018-07-13,2018,surface,2,edna_kis1_15,surface,biological,13.8,30.95,8.15,13.5,30.97,8.13,4.5,1000,0,51.8111452,-128.2293129,sand,n,25,sp,seagrass,zostera,seagrass_sand,zostera_sand,100,3.2351099999999996e-158,309,Metazoa,Cnidaria,Scyphozoa,Semaeostomeae,Cyaneidae,Cyanea,0,0,TRUE,ASV1367,2,NA
edna0071,ASV2852,motu2305,Coleoptera,Hexapod,order,NA,NA,NA,1,NA,NA,NA,4,NA,NA,NA,Coleoptera,Hexapod,2018_kis1_surface,kis1,beach_seine,2018-07-15,2018-07-13,2018,surface,2,edna_kis1_15,surface,biological,13.8,30.95,8.15,13.5,30.97,8.13,4.5,1000,0,51.8111452,-128.2293129,sand,n,25,sp,seagrass,zostera,seagrass_sand,zostera_sand,100,0.00110774,31,Metazoa,Arthropoda,Arthropoda,Coleoptera,NA,NA,NA,NA,TRUE,ASV2852,1,NA
edna0071,ASV7665,motu6020,Dermasterias imbricata,Leather star,species,NA,NA,NA,1,NA,NA,NA,2,NA,NA,NA,Dermasterias imbricata,Leather star,2018_kis1_surface,kis1,beach_seine,2018-07-15,2018-07-13,2018,surface,2,edna_kis1_15,surface,biological,13.8,30.95,8.15,13.5,30.97,8.13,4.5,1000,0,51.8111452,-128.2293129,sand,n,25,sp,seagrass,zostera,seagrass_sand,zostera_sand,100,2.569939999999999e-159,311,Metazoa,Echinodermata,Asteroidea,Valvatida,Asteropseidae,Dermasterias,0,0,TRUE,ASV7665,1,Dermasterias imbricata
